1.44555322242743E+03

0.00325
0.00326
0.00329
0.0033
0.00333
0.00335
0.00337
0.0034
0.00342
0.00346
0.00349
0.00352
0.00355
0.00357
0.00361
0.00364
0.00367
0.00369
0.00373
0.00374
0.00378
0.0038
0.00382
0.00383
0.00385
0.00386
0.00388
0.00389
0.0039
0.0039
0.00391
0.00391
0.00392
0.00391
0.00391
0.00391
0.00391
0.0039
0.0039
0.00389
0.00388
0.00388
0.00388
0.00387
0.00386
0.00385
0.00385
0.00384
0.00384
0.00382
0.00382
0.0038
0.00381
0.00379
0.00378
0.00377
0.00375
0.00374
0.00373
0.00371
0.0037
0.00367
0.00365
0.00362
0.00361
0.00357
0.00355
0.00351
0.00349
0.00345
0.00342
0.00338
0.00334
0.00331
0.00327
0.00323
0.0032
0.00315
0.00313
0.00308
0.00306
0.00302
0.003
0.00296
0.00295
0.00292
0.0029
0.00288
0.00286
0.00285
0.00285
0.00284
0.00284
0.00284
0.00285
0.00285
0.00287
0.00288
0.0029
0.00291
0.00295
0.00297
0.003
0.00302
0.00305
0.00309
0.00313
0.00316
0.00321
0.00324
0.00328
0.00332
0.00337
0.0034
0.00345
0.00348
0.00353
0.00356
0.0036
0.00364
0.00367
0.00371
0.00375
0.00378
0.00382
0.00384
0.00388
0.0039
0.00394
0.00396
0.00399
0.004
0.00404
0.00405
0.00408
0.00409
0.00411
0.00413
0.00415
0.00417
0.00419
0.0042
0.00422
0.00423
0.00426
0.00426
0.00428
0.00429
0.00432
0.00433
0.00434
0.00435
0.00437
0.00438
0.0044
0.00441
0.00443
0.00443
0.00445
0.00446
0.00447
0.00447
0.00449
0.00448
0.0045
0.0045
0.0045
0.0045
0.00449
0.00449
0.00448
0.00448
0.00448
0.00445
0.00445
0.00443
0.00443
0.00441
0.0044
0.00437
0.00437
0.00435
0.00434
0.00432
0.0043
0.00429
0.00427
0.00426
0.00426
0.00424
0.00424
0.00422
0.00422
0.00421
0.00421
0.0042
0.00421
0.00421
0.00421
0.00421
0.00421
0.00421
0.00422
0.00422
0.00423
0.00423
0.00424
0.00424
0.00425
0.00425
0.00426
0.00425
0.00426
0.00425
0.00425
0.00424
0.00424
0.00423
0.00422
0.00422
0.00421
0.00419
0.00418
0.00416
0.00415
0.00413
0.00411
0.00408
0.00407
0.00404
0.00402
0.00399
0.00396
0.00394
0.00392
0.00389
0.00387
0.00383
0.00382
0.00378
0.00377
0.00373
0.00372
0.00368
0.00367
0.00364
0.00362
0.0036
0.00358
0.00357
0.00355
0.00354
0.00354
0.00351
0.00351
0.0035
0.0035
0.00349
0.00349
0.00348
0.00349
0.00348
0.00348
0.00348
0.00348
0.00348
0.00349
0.00349
0.00349
0.00348
0.00349
0.00348
0.00349
0.00348
0.00348
0.00346
0.00347
0.00345
0.00344
0.00342
0.00341
0.00339
0.00337
0.00336
0.00334
0.00331
0.0033
0.00327
0.00326
0.00323
0.00321
0.00318
0.00317
0.00315
0.00313
0.00311
0.00309
0.00308
0.00308
0.00308
0.00308
0.00307
0.00308
0.00309
0.00311
0.00311
0.00314
0.00315
0.00319
0.00321
0.00324
0.00328
0.00331
0.00336
0.0034
0.00344
0.0035
0.00353
0.00359
0.00363
0.00369
0.00373
0.00378
0.00383
0.00389
0.00393
0.00398
0.00402
0.00407
0.00411
0.00416
0.00421
0.00426
0.00429
0.00434
0.00437
0.00442
0.00445
0.00449
0.00452
0.00457
0.0046
0.00464
0.00467
0.00471
0.00474
0.00478
0.00482
0.00486
0.00489
0.00494
0.00497
0.00501
0.00504
0.00508
0.00511
0.00516
0.00519
0.00522
0.00526
0.00529
0.00532
0.00536
0.00539
0.00542
0.00544
0.00547
0.00549
0.00552
0.00553
0.00555
0.00556
0.00558
0.00559
0.00559
0.00559
0.00559
0.00559
0.00559
0.00558
0.00557
0.00554
0.00553
0.0055
0.00548
0.00544
0.00541
0.00537
0.00534
0.00529
0.00525
0.0052
0.00514
0.00509
0.00504
0.00499
0.00494
0.00487
0.00481
0.00475
0.0047
0.00463
0.00457
0.00451
0.00446
0.00439
0.00433
0.00427
0.00421
0.00416
0.00411
0.00406
0.00401
0.00395
0.00391
0.00385
0.00382
0.00376
0.00372
0.00367
0.00364
0.0036
0.00356
0.00352
0.00348
0.00345
0.00342
0.00339
0.00336
0.00332
0.0033
0.00326
0.00325
0.00321
0.0032
0.00316
0.00316
0.00313
0.00311
0.0031
0.00308
0.00307
0.00306
0.00305
0.00305
0.00303
0.00303
0.00302
0.00302
0.00301
0.00302
0.00301
0.00302
0.00302
0.00302
0.00302
0.00302
0.00302
0.00302
0.00303
0.00303
0.00303
0.00304
0.00303
0.00304
0.00304
0.00305
0.00304
0.00305
0.00305
0.00305
0.00305
0.00306
0.00307
0.00307
0.00308
0.0031
0.0031
0.00311
0.00312
0.00315
0.00315
0.00318
0.00319
0.00322
0.00324
0.00326
0.00328
0.00331
0.00334
0.00337
0.0034
0.00344
0.00346
0.0035
0.00352
0.00356
0.00359
0.00363
0.00365
0.0037
0.00373
0.00376
0.00379
0.00382
0.00385
0.00389
0.00392
0.00396
0.00398
0.00402
0.00405
0.00409
0.00411
0.00415
0.00417
0.00421
0.00424
0.00427
0.0043
0.00433
0.00436
0.0044
0.00443
0.00446
0.00448
0.00452
0.00454
0.00457
0.00459
0.00462
0.00463
0.00467
0.00468
0.0047
0.00472
0.00473
0.00475
0.00476
0.00478
0.00479
0.00479
0.0048
0.0048
0.00481
0.00481
0.00481
0.00481
0.00481
0.00481
0.0048
0.00479
0.00478
0.00477
0.00476
0.00475
0.00474
0.00472
0.00471
0.00469
0.00468
0.00465
0.00463
0.0046
0.00458
0.00455
0.00453
0.0045
0.00446
0.00443
0.0044
0.00437
0.00435
0.0043
0.00428
0.00424
0.00422
0.00418
0.00415
0.00411
0.0041
0.00406
0.00404
0.00402
0.00399
0.00398
0.00397
0.00396
0.00395
0.00393
0.00394
0.00394
0.00395
0.00395
0.00396
0.00397
0.004
0.00401
0.00403
0.00406
0.00408
0.00411
0.00414
0.00417
0.00421
0.00423
0.00427
0.0043
0.00434
0.00435
0.00439
0.00441
0.00444
0.00446
0.00448
0.00449
0.0045
0.00451
0.00452
0.00452
0.00453
0.00451
0.00451
0.0045
0.00449
0.00447
0.00445
0.00442
0.0044
0.00437
0.00435
0.00431
0.00428
0.00426
0.00423
0.0042
0.00417
0.00414
0.00412
0.00409
0.00408
0.00406
0.00404
0.00403
0.00403
0.00402
0.00401
0.00401
0.00401
0.00402
0.00403
0.00404
0.00406
0.00406
0.00408
0.00409
0.00412
0.00412
0.00414
0.00415
0.00417
0.00417
0.00418
0.00418
0.00418
0.00418
0.00418
0.00417
0.00416
0.00414
0.00413
0.0041
0.00408
0.00404
0.00402
0.00398
0.00395
0.00391
0.00388
0.00384
0.0038
0.00377
0.00373
0.0037
0.00368
0.00364
0.00363
0.0036
0.00359
0.00357
0.00357
0.00356
0.00357
0.00357
0.00357
0.00358
0.00359
0.00362
0.00364
0.00366
0.00369
0.00371
0.00375
0.00377
0.00381
0.00383
0.00386
0.00389
0.00393
0.00395
0.00397
0.00399
0.00401
0.00404
0.00406
0.00408
0.0041
0.00411
0.00413
0.00414
0.00416
0.00417
0.00418
0.00419
0.00421
0.00422
0.00424
0.00426
0.00427
0.00429
0.00432
0.00434
0.00437
0.00439
0.00443
0.00446
0.0045
0.00453
0.00457
0.0046
0.00464
0.00468
0.00471
0.00474
0.00478
0.00481
0.00485
0.00488
0.00491
0.00492
0.00496
0.00497
0.00499
0.00499
0.005
0.00499
0.005
0.00499
0.00497
0.00496
0.00493
0.00491
0.00489
0.00486
0.00483
0.00478
0.00475
0.0047
0.00467
0.00462
0.00458
0.00453
0.0045
0.00445
0.0044
0.00436
0.00432
0.00428
0.00425
0.00421
0.00419
0.00414
0.00413
0.00409
0.00408
0.00405
0.00403
0.00401
0.00401
0.00399
0.00398
0.00396
0.00396
0.00396
0.00396
0.00395
0.00396
0.00395
0.00396
0.00397
0.00398
0.00399
0.004
0.00401
0.00404
0.00406
0.00408
0.0041
0.00413
0.00416
0.0042
0.00424
0.00429
0.00433
0.00439
0.00443
0.0045
0.00456
0.00463
0.00469
0.00478
0.00485
0.00493
0.00501
0.0051
0.00519
0.00529
0.00539
0.00549
0.00559
0.0057
0.0058
0.00591
0.00602
0.00613
0.00624
0.00637
0.00648
0.0066
0.00672
0.00684
0.00697
0.0071
0.00723
0.00737
0.0075
0.00765
0.00779
0.00795
0.0081
0.00826
0.00841
0.00859
0.00876
0.00894
0.00912
0.00931
0.00951
0.00971
0.00991
0.01013
0.01034
0.01056
0.01078
0.01102
0.01124
0.01148
0.01171
0.01196
0.0122
0.01244
0.01268
0.01293
0.01317
0.01343
0.01368
0.01393
0.01417
0.01443
0.01467
0.01493
0.01517
0.01542
0.01567
0.01593
0.01618
0.01643
0.01668
0.01693
0.01718
0.01745
0.0177
0.01796
0.01821
0.01847
0.01873
0.01899
0.01925
0.01951
0.01976
0.02004
0.02029
0.02055
0.02081
0.02107
0.02132
0.02158
0.02183
0.02208
0.02232
0.02257
0.02281
0.02305
0.02327
0.02351
0.02372
0.02395
0.02416
0.02437
0.02457
0.02477
0.02497
0.02516
0.02535
0.02553
0.02571
0.02589
0.02605
0.02623
0.02638
0.02655
0.0267
0.02687
0.02702
0.02717
0.02731
0.02746
0.02761
0.02776
0.0279
0.02804
0.02817
0.02832
0.02845
0.0286
0.02872
0.02886
0.02899
0.02912
0.02925
0.02937
0.02949
0.02961
0.02973
0.02985
0.02995
0.03007
0.03016
0.03027
0.03036
0.03046
0.03054
0.03063
0.0307
0.03079
0.03085
0.03092
0.03098
0.03103
0.03108
0.03113
0.03117
0.03121
0.03124
0.03127
0.03129
0.03132
0.03133
0.03135
0.03135
0.03137
0.03138
0.03139
0.03139
0.03139
0.0314
0.0314
0.03141
0.03142
0.03142
0.03143
0.03143
0.03145
0.03146
0.03148
0.03148
0.03151
0.03152
0.03154
0.03155
0.03157
0.03159
0.03161
0.03163
0.03165
0.03165
0.03167
0.03168
0.03169
0.03169
0.03169
0.03168
0.03168
0.03167
0.03165
0.03163
0.0316
0.03157
0.03153
0.03149
0.03145
0.03139
0.03134
0.03128
0.03123
0.03116
0.03109
0.03102
0.03096
0.03088
0.03081
0.03073
0.03066
0.03059
0.03052
0.03045
0.03038
0.03031
0.03024
0.03018
0.03011
0.03005
0.02999
0.02993
0.02988
0.02982
0.02977
0.02971
0.02966
0.02961
0.02956
0.02951
0.02946
0.0294
0.02935
0.0293
0.02924
0.02918
0.02912
0.02905
0.02899
0.02892
0.02885
0.02877
0.02869
0.02861
0.02853
0.02843
0.02835
0.02824
0.02815
0.02804
0.02794
0.02783
0.02772
0.0276
0.02749
0.02736
0.02724
0.02711
0.02698
0.02686
0.02673
0.0266
0.02648
0.02633
0.02621
0.02607
0.02595
0.02581
0.02568
0.02555
0.02542
0.02529
0.02516
0.02503
0.02491
0.02478
0.02467
0.02454
0.02443
0.0243
0.02419
0.02407
0.02396
0.02384
0.02373
0.02361
0.02351
0.02339
0.02328
0.02316
0.02305
0.02293
0.02282
0.0227
0.02259
0.02246
0.02235
0.02222
0.0221
0.02197
0.02184
0.02171
0.02158
0.02144
0.02131
0.02117
0.02103
0.0209
0.02076
0.02063
0.02049
0.02035
0.02022
0.02007
0.01995
0.01981
0.01968
0.01954
0.01942
0.01929
0.01916
0.01904
0.01891
0.0188
0.01868
0.01856
0.01845
0.01833
0.01822
0.0181
0.018
0.01788
0.01777
0.01765
0.01755
0.01743
0.01732
0.0172
0.01708
0.01697
0.01685
0.01674
0.01662
0.0165
0.01639
0.01626
0.01615
0.01603
0.01592
0.0158
0.01569
0.01558
0.01547
0.01536
0.01526
0.01516
0.01507
0.01498
0.01489
0.0148
0.01472
0.01464
0.01458
0.0145
0.01444
0.01437
0.01432
0.01425
0.0142
0.01414
0.01409
0.01404
0.01399
0.01394
0.01389
0.01383
0.01379
0.01373
0.01368
0.01362
0.01357
0.0135
0.01345
0.01339
0.01332
0.01326
0.01319
0.01312
0.01305
0.01299
0.01292
0.01284
0.01278
0.0127
0.01264
0.01257
0.0125
0.01243
0.01237
0.0123
0.01224
0.01217
0.01211
0.01205
0.01199
0.01193
0.01188
0.01181
0.01176
0.0117
0.01165
0.01158
0.01153
0.01146
0.01141
0.01135
0.01128
0.01122
0.01115
0.01109
0.01103
0.01096
0.0109
0.01082
0.01076
0.01068
0.01062
0.01055
0.01048
0.0104
0.01035
0.01028
0.01021
0.01015
0.01009
0.01003
0.00998
0.00992
0.00987
0.00982
0.00977
0.00972
0.00969
0.00964
0.00961
0.00956
0.00954
0.0095
0.00947
0.00943
0.0094
0.00937
0.00935
0.00932
0.00929
0.00926
0.00923
0.0092
0.00918
0.00914
0.00911
0.00907
0.00905
0.00901
0.00897
0.00893
0.00889
0.00886
0.00882
0.00878
0.00875
0.0087
0.00866
0.00862
0.00859
0.00854
0.0085
0.00845
0.00842
0.00838
0.00834
0.0083
0.00825
0.00822
0.00818
0.00815
0.00812
0.00807
0.00804
0.00801
0.00798
0.00794
0.00791
0.00788
0.00786
0.00783
0.0078
0.00778
0.00775
0.00773
0.00772
0.0077
0.00769
0.00767
0.00766
0.00765
0.00765
0.00764
0.00764
0.00763
0.00765
0.00765
0.00765
0.00766
0.00766
0.00768
0.0077
0.00771
0.00773
0.00774
0.00777
0.00778
0.00781
0.00783
0.00786
0.00787
0.00791
0.00792
0.00795
0.00797
0.00799
0.00801
0.00803
0.00805
0.00807
0.00807
0.00809
0.00809
0.00811
0.0081
0.0081
0.00809
0.0081
0.00808
0.00807
0.00804
0.00802
0.00799
0.00797
0.00793
0.0079
0.00784
0.00781
0.00775
0.0077
0.00764
0.00758
0.00752
0.00746
0.00739
0.00732
0.00725
0.00717
0.00711
0.00704
0.00696
0.0069
0.00682
0.00675
0.00668
0.00662
0.00655
0.00649
0.00642
0.00637
0.00631
0.00626
0.00621
0.00616
0.00611
0.00607
0.00603
0.006
0.00595
0.00593
0.00589
0.00587
0.00584
0.00581
0.00578
0.00576
0.00573
0.00571
0.00568
0.00566
0.00563
0.00561
0.00558
0.00556
0.00552
0.0055
0.00546
0.00544
0.0054
0.00536
0.00532
0.0053
0.00525
0.00521
0.00517
0.00512
0.00509
0.00505
0.00501
0.00497
0.00492
0.00489
0.00485
0.00483
0.00478
0.00476
0.00472
0.00471
0.00468
0.00466
0.00464
0.00463
0.00462
0.00462
0.00462
0.00463
0.00462
0.00464
0.00465
0.00467
0.00468
0.00471
0.00473
0.00476
0.00479
0.00481
0.00484
0.00487
0.00491
0.00494
0.00497
0.00501
0.00503
0.00507
0.00509
0.00513
0.00514
0.00517
0.00519
0.00522
0.00523
0.00525
0.00526
0.00527
0.00529
0.0053
0.00531
0.00532
0.00532
0.00533
0.00533
0.00535
0.00535
0.00536
0.00535
0.00537
0.00537
0.00538
0.00538
0.00538
0.00539
0.0054
0.0054
0.00541
0.00541
0.00542
0.00542
0.00543
0.00543
0.00543
0.00542
0.00543
0.00543
0.00542
0.00541
0.00541
0.0054
0.0054
0.00538
0.00538
0.00536
0.00535
0.00533
0.00533
0.0053
0.0053
0.00527
0.00527
0.00525
0.00523
0.00522
0.0052
0.00519
0.00518
0.00517
0.00517
0.00515
0.00514
0.00513
0.00512
0.0051
0.0051
0.00508
0.00507
0.00505
0.00504
0.00502
0.00499
0.00497
0.00495
0.00492
0.0049
0.00486
0.00484
0.0048
0.00477
0.00473
0.0047
0.00465
0.00463
0.00458
0.00455
0.00451
0.00447
0.00444
0.00441
0.00438
0.00436
0.00433
0.00432
0.0043
0.00429
0.00428
0.00428
0.00427
0.00429
0.00429
0.0043
0.00431
0.00432
0.00434
0.00437
0.00439
0.00442
0.00443
0.00447
0.00449
0.00452
0.00454
0.00457
0.00458
0.00461
0.00463
0.00465
0.00466
0.00466
0.00468
0.00468
0.00469
0.00469
0.00468
0.00468
0.00466
0.00466
0.00463
0.00462
0.0046
0.00458
0.00455
0.00453
0.0045
0.00447
0.00444
0.00442
0.00439
0.00436
0.00432
0.0043
0.00426
0.00424
0.0042
0.00418
0.00415
0.00413
0.00411
0.00409
0.00406
0.00404
0.00403
0.00403
0.00402
0.00401
0.004
0.004
0.004
0.00401
0.00401
0.00402
0.00402
0.00404
0.00404
0.00406
0.00406
0.00408
0.00409
0.00411
0.00413
0.00415
0.00415
0.00417
0.00418
0.0042
0.0042
0.00422
0.00422
0.00424
0.00424
0.00425
0.00425
0.00426
0.00426
0.00427
0.00427
0.00429
0.00428
0.0043
0.0043
0.00432
0.00433
0.00435
0.00436
0.00439
0.0044
0.00443
0.00446
0.00448
0.00452
0.00456
0.0046
0.00465
0.00468
0.00474
0.00478
0.00484
0.00488
0.00494
0.00498
0.00504
0.00509
0.00514
0.00518
0.00523
0.00528
0.00532
0.00536
0.00541
0.00543
0.00547
0.00549
0.00553
0.00554
0.00557
0.00558
0.0056
0.0056
0.00561
0.00561
0.00561
0.00562
0.00562
0.00562
0.00562
0.0056
0.0056
0.00559
0.00559
0.00557
0.00557
0.00555
0.00555
0.00553
0.00552
0.0055
0.00549
0.00548
0.00546
0.00545
0.00544
0.00541
0.0054
0.00538
0.00536
0.00533
0.00532
0.00529
0.00528
0.00525
0.00522
0.0052
0.00517
0.00514
0.00512
0.00509
0.00506
0.00502
0.005
0.00497
0.00494
0.0049
0.00487
0.00484
0.00481
0.00478
0.00474
0.00471
0.00468
0.00465
0.00461
0.00458
0.00455
0.00451
0.00448
0.00445
0.00442
0.00438
0.00435
0.00431
0.00429
0.00425
0.00422
0.00418
0.00414
0.00411
0.00409
0.00405
0.00403
0.00398
0.00396
0.00392
0.0039
0.00386
0.00383
0.00379
0.00377
0.00373
0.0037
0.00366
0.00363
0.00359
0.00356
0.00352
0.00349
0.00344
0.00341
0.00337
0.00333
0.00328
0.00324
0.00319
0.00316
0.00311
0.00306
0.00302
0.00297
0.00293
0.00289
0.00284
0.0028
0.00276
0.00272
0.00268
0.00266
0.00262
0.00259
0.00256
0.00255
0.00253
0.00251
0.00249
0.00248
0.00248
0.00248
0.00248
0.00248
0.00248
0.0025
0.0025
0.00253
0.00253
0.00256
0.00256
0.00259
0.00261
0.00263
0.00265
0.00267
0.0027
0.00272
0.00274
0.00277
0.00278
0.00281
0.00283
0.00285
0.00287
0.00289
0.0029
0.00293
0.00295
0.00297
0.00299
0.00301
0.00303
0.00306
0.00308
0.00311
0.00313
0.00316
0.00318
0.00322
0.00324
0.00328
0.00331
0.00335
0.00338
0.00342
0.00345
0.00349
0.00353
0.00357
0.00361
0.00366
0.00369
0.00373
0.00377
0.00382
0.00385
0.0039
0.00393
0.00398
0.00401
0.00405
0.00408
0.00411
0.00415
0.00418
0.00422
0.00425
0.00427
0.0043
0.00432
0.00436
0.00437
0.0044
0.00442
0.00445
0.00446
0.00448
0.00449
0.0045
0.00452
0.00454
0.00455
0.00457
0.00457
0.00459
0.0046
0.00461
0.00461
0.00463
0.00463
0.00466
0.00466
0.00467
0.00468
0.0047
0.00471
0.00473
0.00475
0.00478
0.00479
0.00481
0.00483
0.00487
0.00489
0.00492
0.00494
0.00498
0.00501
0.00504
0.00507
0.0051
0.00514
0.00517
0.0052
0.00524
0.00527
0.0053
0.00533
0.00536
0.00538
0.00541
0.00543
0.00546
0.00548
0.00549
0.00551
0.00551
0.00553
0.00554
0.00554
0.00555
0.00554
0.00555
0.00554
0.00554
0.00553
0.00553
0.00551
0.00551
0.0055
0.00549
0.00548
0.00546
0.00545
0.00545
0.00543
0.00543
0.00541
0.00541
0.0054
0.0054
0.00538
0.00538
0.00536
0.00537
0.00536
0.00535
0.00534
0.00533
0.00533
0.00532
0.00531
0.00531
0.00529
0.00528
0.00527
0.00526
0.00523
0.00522
0.00519
0.00518
0.00515
0.00513
0.0051
0.00507
0.00504
0.00501
0.00498
0.00496
0.00491
0.00488
0.00484
0.00481
0.00476
0.00473
0.00469
0.00466
0.00461
0.00458
0.00453
0.00449
0.00446
0.00442
0.00439
0.00435
0.0043
0.00428
0.00424
0.00421
0.00416
0.00413
0.00409
0.00406
0.00403
0.00399
0.00395
0.00391
0.00388
0.00384
0.0038
0.00377
0.00372
0.00368
0.00364
0.0036
0.00355
0.00351
0.00346
0.00342
0.00337
0.00332
0.00327
0.00322
0.00317
0.00312
0.00307
0.00303
0.00297
0.00293
0.00288
0.00284
0.00279
0.00276
0.00271
0.00268
0.00265
0.00262
0.00259
0.00257
0.00255
0.00254
0.00253
0.00254
0.00253
0.00254
0.00254
0.00257
0.00258
0.00261
0.00263
0.00267
0.0027
0.00274
0.00277
0.00282
0.00286
0.00291
0.00296
0.00302
0.00305
0.00311
0.00315
0.00321
0.00325
0.0033
0.00334
0.00339
0.00342
0.00346
0.0035
0.00353
0.00357
0.0036
0.00363
0.00366
0.00368
0.00371
0.00373
0.00377
0.00378
0.00381
0.00383
0.00386
0.00388
0.0039
0.00393
0.00395
0.00398
0.00401
0.00404
0.00408
0.0041
0.00414
0.00417
0.00422
0.00425
0.00429
0.00432
0.00437
0.0044
0.00444
0.00447
0.0045
0.00454
0.00458
0.00461
0.00465
0.00467
0.00471
0.00473
0.00476
0.00478
0.0048
0.00481
0.00484
0.00486
0.00487
0.00488
0.00489
0.00491
0.00492
0.00493
0.00495
0.00495
0.00496
0.00497
0.00498
0.00498
0.00499
0.00499
0.00501
0.00501
0.00501
0.00501
0.00501
0.00502
0.00502
0.00502
0.00503
0.00502
0.00502
0.00502
0.00502
0.00501
0.00501
0.005
0.005
0.00499
0.00498
0.00497
0.00496
0.00495
0.00494
0.00494
0.00493
0.00491
0.00491
0.00489
0.00489
0.00487
0.00487
0.00485
0.00485
0.00484
0.00482
0.00481
0.00479
0.00478
0.00476
0.00475
0.00473
0.0047
0.00468
0.00465
0.00463
0.00459
0.00456
0.00451
0.00448
0.00443
0.00438
0.00433
0.00427
0.00422
0.00417
0.00411
0.00405
0.00398
0.00393
0.00386
0.0038
0.00373
0.00368
0.00361
0.00357
0.00351
0.00346
0.0034
0.00335
0.00331
0.00328
0.00324
0.00321
0.00317
0.00315
0.00312
0.00311
0.00309
0.00308
0.00306
0.00306
0.00305
0.00305
0.00304
0.00303
0.00303
0.00303
0.00303
0.00303
0.00302
0.00302
0.003
0.003
0.00298
0.00298
0.00296
0.00295
0.00293
0.00291
0.00288
0.00285
0.00283
0.0028
0.00277
0.00274
0.0027
0.00267
0.00263
0.00259
0.00255
0.00251
0.00246
0.00243
0.00239
0.00235
0.0023
0.00226
0.00222
0.00218
0.00215
0.00211
0.00207
0.00204
0.00201
0.00198
0.00194
0.00192
0.00189
0.00189
0.00186
0.00185
0.00184
0.00183
0.00184
0.00184
0.00185
0.00187
0.00188
0.00191
0.00193
0.00197
0.00201
0.00205
0.00209
0.00215
0.00221
0.00227
0.00233
0.0024
0.00247
0.00254
0.00262
0.00271
0.00277
0.00287
0.00294
0.00303
0.00311
0.0032
0.00327
0.00336
0.00344
0.00352
0.00359
0.00367
0.00374
0.00382
0.00388
0.00396
0.00401
0.00409
0.00415
0.00422
0.00427
0.00434
0.00439
0.00445
0.00451
0.00457
0.00462
0.00467
0.00473
0.00479
0.00485
0.00491
0.00496
0.00502
0.00507
0.00514
0.00518
0.00524
0.00529
0.00535
0.00539
0.00544
0.00548
0.00552
0.00556
0.0056
0.00563
0.00567
0.00568
0.00571
0.00572
0.00574
0.00574
0.00575
0.00574
0.00574
0.00573
0.00572
0.0057
0.00567
0.00566
0.00564
0.00561
0.00558
0.00554
0.00552
0.00548
0.00545
0.00541
0.00538
0.00533
0.00531
0.00527
0.00523
0.00518
0.00515
0.00511
0.00508
0.00504
0.00501
0.00496
0.00492
0.00487
0.00484
0.00479
0.00475
0.0047
0.00466
0.00461
0.00456
0.00451
0.00445
0.0044
0.00435
0.0043
0.00424
0.00417
0.00413
0.00406
0.00401
0.00395
0.0039
0.00383
0.00379
0.00373
0.00368
0.00362
0.00357
0.00353
0.00349
0.00345
0.00342
0.00337
0.00335
0.00332
0.00331
0.00328
0.00326
0.00324
0.00324
0.00323
0.00323
0.00322
0.00322
0.00323
0.00323
0.00324
0.00326
0.00326
0.00329
0.0033
0.00333
0.00334
0.00337
0.00339
0.00342
0.00345
0.00347
0.0035
0.00353
0.00357
0.0036
0.00363
0.00367
0.00369
0.00373
0.00377
0.0038
0.00383
0.00387
0.00389
0.00393
0.00396
0.00399
0.00401
0.00404
0.00406
0.00409
0.00411
0.00414
0.00414
0.00417
0.00418
0.0042
0.0042
0.00422
0.00422
0.00424
0.00424
0.00424
0.00424
0.00424
0.00424
0.00425
0.00425
0.00426
0.00424
0.00425
0.00425
0.00426
0.00426
0.00426
0.00426
0.00428
0.00428
0.00429
0.0043
0.00431
0.00433
0.00435
0.00437
0.00439
0.0044
0.00444
0.00446
0.0045
0.00452
0.00455
0.00458
0.00463
0.00466
0.0047
0.00473
0.00477
0.00481
0.00486
0.0049
0.00495
0.00499
0.00504
0.00507
0.00512
0.00516
0.00521
0.00524
0.00529
0.00533
0.00536
0.0054
0.00543
0.00546
0.00549
0.00552
0.00555
0.00556
0.00559
0.00561
0.00563
0.00563
0.00565
0.00565
0.00566
0.00566
0.00566
0.00565
0.00564
0.00564
0.00563
0.00561
0.00561
0.00558
0.00556
0.00554
0.00552
0.00549
0.00547
0.00543
0.00541
0.00537
0.00534
0.0053
0.00527
0.00523
0.00519
0.00515
0.00512
0.00507
0.00503
0.00499
0.00495
0.0049
0.00486
0.00481
0.00477
0.00472
0.00468
0.00463
0.00458
0.00454
0.0045
0.00446
0.00443
0.00438
0.00435
0.00431
0.00428
0.00424
0.00422
0.00418
0.00416
0.00413
0.00411
0.00408
0.00406
0.00404
0.00402
0.004
0.00399
0.00396
0.00395
0.00393
0.00391
0.00389
0.00387
0.00385
0.00383
0.0038
0.00378
0.00375
0.00372
0.00369
0.00366
0.00363
0.0036
0.00355
0.00352
0.00347
0.00344
0.00339
0.00335
0.00329
0.00326
0.00321
0.00316
0.00312
0.00307
0.00303
0.003
0.00296
0.00293
0.00289
0.00286
0.00283
0.00281
0.00278
0.00277
0.00274
0.00274
0.00273
0.00272
0.00271
0.00271
0.00271
0.00272
0.00272
0.00274
0.00274
0.00275
0.00276
0.00277
0.00277
0.00279
0.00279
0.0028
0.0028
0.0028
0.0028
0.0028
0.0028
0.0028
0.00279
0.00279
0.00277
0.00277
0.00275
0.00274
0.00271
0.0027
0.00267
0.00267
0.00264
0.00263
0.0026
0.00258
0.00257
0.00256
0.00254
0.00254
0.00252
0.00252
0.00251
0.00251
0.0025
0.00251
0.00251
0.00253
0.00253
0.00254
0.00255
0.00256
0.00258
0.00259
0.00261
0.00263
0.00263
0.00266
0.00267
0.00269
0.00269
0.00271
0.00271
0.00273
0.00273
0.00274
0.00274
0.00274
0.00275
0.00275
0.00275
0.00276
0.00275
0.00276
0.00275
0.00276
0.00276
0.00277
0.00277
0.00279
0.00279
0.00281
0.00282
0.00284
0.00287
0.0029
0.00293
0.00297
0.00299
0.00304
0.00307
0.00313
0.00316
0.00321
0.00326
0.00331
0.00336
0.00341
0.00346
0.00351
0.00355
0.0036
0.00365
0.0037
0.00373
0.00378
0.00381
0.00385
0.00388
0.00392
0.00394
0.00398
0.00399
0.00402
0.00404
0.00406
0.00408
0.00411
0.00413
0.00415
0.00416
0.00419
0.0042
0.00423
0.00424
0.00427
0.00428
0.00431
0.00433
0.00435
0.00437
0.00439
0.00442
0.00444
0.00446
0.00449
0.0045
0.00452
0.00453
0.00455
0.00455
0.00457
0.00457
0.00458
0.00457
0.00457
0.00456
0.00455
0.00454
0.00453
0.00452
0.00451
0.00448
0.00447
0.00444
0.00442
0.00439
0.00437
0.00434
0.00433
0.0043
0.00427
0.00425
0.00423
0.00421
0.00419
0.00418
0.00417
0.00414
0.00414
0.00412
0.00412
0.00411
0.0041
0.00409
0.00409
0.00409
0.00409
0.00408
0.00408
0.00408
0.00408
0.00408
0.00409
0.00408
0.00408
0.00408
0.00408
0.00407
0.00408
0.00406
0.00407
0.00406
0.00406
0.00404
0.00404
0.00403
0.00403
0.00401
0.00401
0.00399
0.00398
0.00396
0.00396
0.00393
0.00392
0.0039
0.00389
0.00387
0.00385
0.00383
0.00381
0.00379
0.00377
0.00375
0.00373
0.0037
0.00368
0.00366
0.00364
0.00361
0.00359
0.00356
0.00355
0.00352
0.0035
0.00347
0.00344
0.00342
0.0034
0.00338
0.00336
0.00333
0.00331
0.00328
0.00326
0.00323
0.00321
0.00318
0.00316
0.00313
0.00311
0.00308
0.00306
0.00303
0.00302
0.00299
0.00298
0.00295
0.00294
0.00292
0.00292
0.0029
0.00289
0.00288
0.00289
0.00289
0.00289
0.0029
0.00291
0.00293
0.00295
0.00298
0.00302
0.00304
0.00308
0.00312
0.00317
0.00321
0.00327
0.00331
0.00338
0.00343
0.00349
0.00354
0.0036
0.00366
0.00372
0.00378
0.00384
0.00388
0.00394
0.00398
0.00403
0.00407
0.00411
0.00414
0.00419
0.00421
0.00423
0.00425
0.00427
0.00429
0.0043
0.00431
0.00432
0.00432
0.00433
0.00433
0.00434
0.00433
0.00434
0.00433
0.00434
0.00434
0.00434
0.00434
0.00434
0.00434
0.00435
0.00435
0.00437
0.00436
0.00438
0.00439
0.0044
0.00441
0.00443
0.00444
0.00447
0.00448
0.00449
0.00451
0.00453
0.00455
0.00457
0.00459
0.00461
0.00463
0.00466
0.00467
0.0047
0.00471
0.00474
0.00475
0.00478
0.00479
0.00482
0.00483
0.00485
0.00487
0.00489
0.00491
0.00493
0.00494
0.00497
0.00497
0.005
0.00501
0.00502
0.00502
0.00505
0.00505
0.00506
0.00506
0.00506
0.00507
0.00507
0.00507
0.00507
0.00506
0.00506
0.00505
0.00504
0.00502
0.00502
0.00499
0.00498
0.00496
0.00494
0.00491
0.00488
0.00486
0.00483
0.0048
0.00478
0.00473
0.00471
0.00467
0.00464
0.0046
0.00456
0.00452
0.00448
0.00444
0.0044
0.00435
0.00431
0.00427
0.00422
0.00418
0.00414
0.00408
0.00404
0.00399
0.00395
0.0039
0.00385
0.0038
0.00376
0.0037
0.00366
0.0036
0.00355
0.00351
0.00346
0.00342
0.00337
0.00332
0.00328
0.00323
0.00319
0.00313
0.0031
0.00304
0.00301
0.00296
0.00291
0.00287
0.00282
0.00278
0.00274
0.00269
0.00266
0.0026
0.00257
0.00252
0.00248
0.00243
0.00238
0.00233
0.0023
0.00224
0.0022
0.00215
0.0021
0.00205
0.00201
0.00196
0.00192
0.00187
0.00183
0.00178
0.00175
0.0017
0.00167
0.00163
0.00161
0.00157
0.00155
0.00152
0.0015
0.00149
0.00148
0.00147
0.00148
0.00147
0.00148
0.00149
0.00151
0.00152
0.00155
0.00158
0.00162
0.00165
0.0017
0.00174
0.00178
0.00184
0.0019
0.00196
0.00202
0.00207
0.00215
0.00221
0.00228
0.00235
0.00242
0.00248
0.00256
0.00263
0.0027
0.00277
0.00283
0.0029
0.00298
0.00305
0.00312
0.00317
0.00324
0.0033
0.00337
0.00343
0.00349
0.00354
0.00361
0.00367
0.00372
0.00377
0.00382
0.00388
0.00393
0.00398
0.00404
0.00408
0.00413
0.00417
0.00422
0.00426
0.0043
0.00434
0.00439
0.00442
0.00446
0.00449
0.00452
0.00456
0.0046
0.00463
0.00466
0.00468
0.00471
0.00473
0.00477
0.00478
0.00481
0.00483
0.00486
0.00487
0.00489
0.00491
0.00492
0.00494
0.00496
0.00498
0.005
0.005
0.00502
0.00503
0.00505
0.00505
0.00507
0.00507
0.00508
0.00509
0.00509
0.00509
0.00509
0.0051
0.0051
0.0051
0.0051
0.00508
0.00509
0.00507
0.00507
0.00505
0.00504
0.00502
0.00501
0.00499
0.00497
0.00494
0.00492
0.0049
0.00487
0.00485
0.00483
0.00479
0.00477
0.00474
0.00472
0.00468
0.00466
0.00462
0.00461
0.00457
0.00455
0.00452
0.00449
0.00447
0.00445
0.00443
0.00442
0.00439
0.00439
0.00436
0.00436
0.00434
0.00433
0.00431
0.00432
0.0043
0.0043
0.00429
0.00428
0.00428
0.00428
0.00427
0.00428
0.00427
0.00427
0.00427
0.00427
0.00426
0.00427
0.00426
0.00427
0.00426
0.00426
0.00426
0.00426
0.00426
0.00426
0.00426
0.00427
0.00426
0.00427
0.00426
0.00427
0.00427
0.00427
0.00427
0.00429
0.00428
0.00429
0.00429
0.00429
0.0043
0.00431
0.00432
0.00433
0.00433
0.00435
0.00435
0.00437
0.00437
0.00439
0.00439
0.00441
0.00442
0.00443
0.00443
0.00444
0.00445
0.00447
0.00448
0.00449
0.00448
0.0045
0.0045
0.00451
0.00451
0.00451
0.0045
0.00452
0.0045
0.0045
0.00449
0.00448
0.00447
0.00446
0.00444
0.00443
0.0044
0.00439
0.00436
0.00435
0.00432
0.0043
0.00427
0.00425
0.00422
0.00419
0.00416
0.00414
0.00411
0.00409
0.00407
0.00405
0.00402
0.00401
0.00398
0.00398
0.00395
0.00394
0.00392
0.00392
0.0039
0.00389
0.00388
0.00386
0.00385
0.00385
0.00383
0.00383
0.0038
0.00379
0.00377
0.00375
0.00372
0.0037
0.00367
0.00365
0.00361
0.00357
0.00353
0.00349
0.00345
0.0034
0.00336
0.00331
0.00325
0.00321
0.00315
0.00311
0.00305
0.00301
0.00295
0.00292
0.00287
0.00283
0.00279
0.00274
0.00271
0.00269
0.00266
0.00264
0.00261
0.00259
0.00257
0.00256
0.00254
0.00254
0.00252
0.00252
0.00251
0.0025
0.00249
0.00248
0.00248
0.00248
0.00247
0.00246
0.00244
0.00244
0.00242
0.00241
0.00239
0.00238
0.00236
0.00235
0.00232
0.00231
0.00228
0.00227
0.00225
0.00223
0.00222
0.00221
0.00219
0.00219
0.00218
0.00218
0.00217
0.00218
0.00218
0.0022
0.00221
0.00222
0.00224
0.00226
0.00229
0.00232
0.00236
0.0024
0.00243
0.00248
0.00252
0.00257
0.00261
0.00267
0.00271
0.00278
0.00283
0.00289
0.00294
0.003
0.00307
0.00313
0.00319
0.00326
0.00331
0.00339
0.00345
0.00352
0.00358
0.00365
0.00371
0.00378
0.00385
0.00391
0.00398
0.00404
0.0041
0.00417
0.00423
0.00429
0.00434
0.00441
0.00446
0.00452
0.00456
0.00461
0.00466
0.00471
0.00475
0.00479
0.00483
0.00487
0.00491
0.00494
0.00498
0.00502
0.00504
0.00509
0.00511
0.00515
0.00518
0.00521
0.00524
0.00528
0.00531
0.00535
0.00538
0.00541
0.00545
0.00548
0.00552
0.00556
0.00559
0.00563
0.00566
0.0057
0.00572
0.00576
0.00579
0.00582
0.00584
0.00587
0.00589
0.0059
0.00592
0.00593
0.00594
0.00595
0.00595
0.00596
0.00595
0.00596
0.00594
0.00594
0.00592
0.00592
0.0059
0.00589
0.00587
0.00585
0.00584
0.00582
0.00581
0.0058
0.00577
0.00576
0.00574
0.00573
0.00571
0.00569
0.00567
0.00566
0.00564
0.00562
0.0056
0.00558
0.00556
0.00554
0.00551
0.00549
0.00545
0.00543
0.00539
0.00536
0.00532
0.00528
0.00523
0.00519
0.00514
0.00509
0.00503
0.00497
0.00492
0.00487
0.00481
0.00475
0.00468
0.00463
0.00457
0.00452
0.00445
0.00439
0.00433
0.00429
0.00422
0.00417
0.00412
0.00407
0.00403
0.00398
0.00394
0.00391
0.00386
0.00383
0.00379
0.00377
0.00373
0.00371
0.00367
0.00366
0.00363
0.00361
0.00359
0.00356
0.00355
0.00353
0.00352
0.00351
0.00348
0.00348
0.00346
0.00346
0.00345
0.00345
0.00344
0.00344
0.00344
0.00344
0.00344
0.00345
0.00346
0.00347
0.00349
0.00351
0.00352
0.00355
0.00357
0.0036
0.00362
0.00365
0.00368
0.00372
0.00375
0.00378
0.00382
0.00385
0.00389
0.00393
0.00396
0.00401
0.00403
0.00407
0.0041
0.00414
0.00416
0.00419
0.00421
0.00425
0.00427
0.00429
0.0043
0.00432
0.00434
0.00435
0.00437
0.00439
0.00439
0.0044
0.0044
0.00442
0.00441
0.00442
0.00442
0.00443
0.00442
0.00442
0.00442
0.00442
0.00442
0.00442
0.00442
0.00442
0.0044
0.0044
0.00439
0.00439
0.00437
0.00437
0.00434
0.00434
0.00432
0.0043
0.00428
0.00425
0.00423
0.00421
0.00418
0.00416
0.00411
0.00409
0.00404
0.00402
0.00397
0.00394
0.0039
0.00387
0.00383
0.00379
0.00375
0.00371
0.00368
0.00365
0.00362
0.0036
0.00357
0.00355
0.00353
0.00352
0.0035
0.0035
0.00349
0.00349
0.00349
0.00349
0.0035
0.00351
0.00352
0.00354
0.00355
0.00357
0.00358
0.0036
0.00362
0.00364
0.00365
0.00367
0.00367
0.0037
0.0037
0.00371
0.00372
0.00372
0.00372
0.00372
0.00372
0.00372
0.0037
0.0037
0.00368
0.00368
0.00367
0.00366
0.00364
0.00364
0.00363
0.00362
0.00361
0.0036
0.00361
0.00361
0.00362
0.00364
0.00364
0.00366
0.00368
0.00371
0.00373
0.00377
0.0038
0.00386
0.0039
0.00394
0.00399
0.00404
0.0041
0.00416
0.00421
0.00427
0.00432
0.00439
0.00444
0.0045
0.00455
0.00461
0.00465
0.00471
0.00474
0.00479
0.00483
0.00486
0.00489
0.00493
0.00496
0.00499
0.00501
0.00503
0.00505
0.00507
0.00508
0.0051
0.00511
0.00514
0.00515
0.00516
0.00518
0.00519
0.00521
0.00523
0.00525
0.00527
0.00528
0.00532
0.00533
0.00536
0.00538
0.00541
0.00543
0.00547
0.0055
0.00553
0.00555
0.00558
0.00561
0.00564
0.00566
0.00569
0.00571
0.00574
0.00576
0.00578
0.00579
0.00582
0.00582
0.00584
0.00585
0.00586
0.00586
0.00587
0.00587
0.00588
0.00588
0.00588
0.00587
0.00587
0.00585
0.00585
0.00584
0.00583
0.0058
0.0058
0.00577
0.00576
0.00573
0.0057
0.00567
0.00564
0.00561
0.00558
0.00553
0.00549
0.00544
0.0054
0.00534
0.00529
0.00522
0.00517
0.0051
0.00503
0.00496
0.00488
0.00481
0.00473
0.00465
0.00457
0.00447
0.0044
0.0043
0.00422
0.00413
0.00404
0.00395
0.00386
0.00377
0.00368
0.00359
0.0035
0.00342
0.00334
0.00325
0.00318
0.00309
0.00302
0.00293
0.00287
0.00278
0.00272
0.00264
0.00258
0.00251
0.00245
0.00238
0.00232
0.00226
0.00221
0.00215
0.00211
0.00205
0.00201
0.00196
0.00193
0.00189
0.00186
0.00182
0.00181
0.00178
0.00176
0.00174
0.00173
0.00172
0.00172
0.00172
0.00173
0.00173
0.00175
0.00176
0.00178
0.0018
0.00183
0.00185
0.00189
0.00191
0.00195
0.00199
0.00202
0.00206
0.00211
0.00215
0.0022
0.00223
0.00229
0.00233
0.00239
0.00243
0.00248
0.00252
0.00258
0.00263
0.00268
0.00272
0.00277
0.00283
0.00288
0.00293
0.00299
0.00303
0.0031
0.00314
0.0032
0.00325
0.00331
0.00336
0.00342
0.00347
0.00352
0.00357
0.00362
0.00367
0.00373
0.00378
0.00383
0.00387
0.00393
0.00397
0.00403
0.00406
0.00411
0.00415
0.0042
0.00424
0.00428
0.00432
0.00435
0.00439
0.00443
0.00447
0.00452
0.00454
0.00459
0.00462
0.00466
0.00469
0.00473
0.00476
0.0048
0.00483
0.00486
0.00489
0.00492
0.00496
0.00499
0.00502
0.00505
0.00507
0.0051
0.00512
0.00514
0.00515
0.00518
0.00518
0.0052
0.00521
0.00522
0.00522
0.00522
0.00523
0.00523
0.00523
0.00523
0.00521
0.00521
0.0052
0.0052
0.00518
0.00517
0.00515
0.00515
0.00514
0.00512
0.00511
0.00509
0.00508
0.00507
0.00506
0.00505
0.00503
0.00502
0.00501
0.005
0.00498
0.00497
0.00495
0.00495
0.00493
0.00491
0.00489
0.00488
0.00486
0.00485
0.00483
0.00482
0.00479
0.00478
0.00476
0.00474
0.00471
0.0047
0.00467
0.00465
0.00463
0.0046
0.00457
0.00455
0.00452
0.0045
0.00447
0.00445
0.00442
0.0044
0.00436
0.00434
0.00431
0.00429
0.00425
0.00423
0.0042
0.00417
0.00414
0.00411
0.00409
0.00407
0.00404
0.00402
0.00399
0.00398
0.00395
0.00393
0.00391
0.0039
0.00387
0.00386
0.00385
0.00383
0.00382
0.00381
0.0038
0.0038
0.00379
0.0038
0.00378
0.00379
0.00378
0.00379
0.00378
0.0038
0.00379
0.0038
0.0038
0.00381
0.00382
0.00382
0.00383
0.00384
0.00385
0.00386
0.00386
0.00388
0.00389
0.00391
0.00391
0.00393
0.00393
0.00395
0.00396
0.00397
0.00398
0.00399
0.00401
0.00403
0.00404
0.00406
0.00406
0.00408
0.00408
0.00411
