6.99795841168258E+02

0.00423
0.00422
0.00423
0.00422
0.00424
0.00424
0.00425
0.00425
0.00426
0.00427
0.00427
0.00428
0.00429
0.00427
0.00428
0.00427
0.00427
0.00426
0.00425
0.00423
0.00422
0.0042
0.00417
0.00415
0.00412
0.00409
0.00406
0.00403
0.00399
0.00395
0.00391
0.00387
0.00384
0.0038
0.00377
0.00372
0.0037
0.00365
0.00362
0.00359
0.00357
0.00355
0.00353
0.00351
0.00351
0.00349
0.00349
0.00349
0.0035
0.0035
0.00352
0.00352
0.00355
0.00357
0.00359
0.00362
0.00364
0.00367
0.0037
0.00374
0.00377
0.0038
0.00383
0.00386
0.0039
0.00391
0.00395
0.00396
0.00399
0.00401
0.00403
0.00404
0.00404
0.00406
0.00407
0.00408
0.00409
0.00408
0.00409
0.00409
0.00409
0.00409
0.0041
0.00409
0.00411
0.00411
0.00412
0.00412
0.00413
0.00415
0.00417
0.00418
0.00421
0.00422
0.00425
0.00427
0.00431
0.00433
0.00436
0.00439
0.00442
0.00445
0.00447
0.0045
0.00452
0.00455
0.00457
0.00459
0.00461
0.00461
0.00463
0.00463
0.00463
0.00463
0.00463
0.00461
0.00461
0.0046
0.00458
0.00457
0.00455
0.00453
0.00452
0.0045
0.00449
0.00446
0.00445
0.00443
0.00443
0.00441
0.00441
0.0044
0.0044
0.0044
0.0044
0.0044
0.00441
0.00442
0.00443
0.00445
0.00447
0.00447
0.00449
0.0045
0.00453
0.00453
0.00455
0.00456
0.00458
0.00459
0.0046
0.0046
0.00461
0.00461
0.00461
0.00461
0.00461
0.0046
0.00459
0.00457
0.00457
0.00454
0.00453
0.0045
0.00448
0.00445
0.00443
0.00439
0.00436
0.00433
0.00429
0.00426
0.00422
0.00417
0.00414
0.00409
0.00405
0.00399
0.00395
0.00389
0.00385
0.00379
0.00374
0.00368
0.00363
0.00357
0.00352
0.00347
0.00342
0.00336
0.00331
0.00326
0.00322
0.00317
0.00314
0.00309
0.00307
0.00304
0.00302
0.00299
0.00298
0.00297
0.00297
0.00297
0.00298
0.00298
0.003
0.00302
0.00305
0.00307
0.0031
0.00312
0.00316
0.00319
0.00322
0.00326
0.00329
0.00332
0.00336
0.00338
0.00342
0.00343
0.00346
0.00347
0.0035
0.00351
0.00352
0.00352
0.00354
0.00353
0.00353
0.00353
0.00352
0.00352
0.00352
0.00351
0.00351
0.0035
0.0035
0.00349
0.0035
0.00349
0.00349
0.00349
0.0035
0.0035
0.00351
0.00352
0.00352
0.00354
0.00355
0.00357
0.00358
0.00359
0.0036
0.00361
0.00363
0.00364
0.00365
0.00365
0.00366
0.00366
0.00366
0.00365
0.00364
0.00364
0.00363
0.00362
0.00361
0.00359
0.00357
0.00355
0.00354
0.00351
0.00349
0.00346
0.00345
0.00342
0.0034
0.00337
0.00335
0.00333
0.00332
0.0033
0.00329
0.00326
0.00326
0.00325
0.00325
0.00324
0.00324
0.00323
0.00324
0.00324
0.00324
0.00324
0.00325
0.00326
0.00328
0.00329
0.00331
0.00331
0.00333
0.00334
0.00336
0.00337
0.00339
0.0034
0.00342
0.00344
0.00345
0.00346
0.00347
0.00349
0.00351
0.00352
0.00353
0.00353
0.00354
0.00355
0.00356
0.00356
0.00357
0.00356
0.00357
0.00357
0.00357
0.00356
0.00356
0.00355
0.00355
0.00355
0.00355
0.00354
0.00354
0.00353
0.00353
0.00352
0.00352
0.00351
0.00351
0.00351
0.0035
0.0035
0.00349
0.00349
0.0035
0.0035
0.00351
0.00349
0.00351
0.0035
0.00351
0.00351
0.00352
0.00351
0.00353
0.00353
0.00353
0.00353
0.00353
0.00354
0.00355
0.00355
0.00356
0.00355
0.00357
0.00357
0.00358
0.00358
0.00359
0.00359
0.00361
0.00362
0.00363
0.00364
0.00365
0.00367
0.00368
0.0037
0.00373
0.00374
0.00377
0.00378
0.00382
0.00384
0.00387
0.00389
0.00393
0.00395
0.00398
0.00401
0.00404
0.00407
0.0041
0.00413
0.00416
0.00418
0.00421
0.00423
0.00426
0.00427
0.00429
0.00429
0.00432
0.00432
0.00432
0.00433
0.00432
0.00432
0.00432
0.00432
0.00431
0.00429
0.00428
0.00426
0.00425
0.00422
0.00421
0.00417
0.00416
0.00413
0.00411
0.00408
0.00405
0.00403
0.00401
0.00398
0.00397
0.00394
0.00393
0.0039
0.0039
0.00387
0.00386
0.00385
0.00385
0.00384
0.00383
0.00383
0.00382
0.00382
0.00382
0.00382
0.00383
0.00382
0.00382
0.00382
0.00382
0.00381
0.00382
0.0038
0.0038
0.00379
0.00378
0.00377
0.00375
0.00374
0.00373
0.00371
0.00369
0.00366
0.00365
0.00362
0.0036
0.00357
0.00355
0.00351
0.0035
0.00347
0.00344
0.00342
0.00339
0.00337
0.00336
0.00334
0.00333
0.0033
0.00329
0.00328
0.00327
0.00325
0.00325
0.00323
0.00323
0.00322
0.00321
0.0032
0.00319
0.00318
0.00318
0.00316
0.00316
0.00314
0.00313
0.00311
0.0031
0.00308
0.00307
0.00304
0.00303
0.003
0.00298
0.00296
0.00294
0.00292
0.0029
0.00289
0.00287
0.00284
0.00284
0.00282
0.00282
0.0028
0.0028
0.0028
0.00281
0.00281
0.00282
0.00283
0.00284
0.00287
0.00289
0.00292
0.00296
0.00298
0.00303
0.00307
0.00312
0.00316
0.00322
0.00327
0.00334
0.0034
0.00347
0.00353
0.0036
0.00367
0.00375
0.00383
0.00391
0.00398
0.00407
0.00414
0.00423
0.0043
0.00439
0.00446
0.00455
0.00463
0.0047
0.00477
0.00484
0.00491
0.00498
0.00504
0.00511
0.00515
0.00521
0.00526
0.00531
0.00534
0.00538
0.0054
0.00544
0.00546
0.00548
0.00549
0.0055
0.00551
0.00552
0.00552
0.00553
0.00551
0.00551
0.0055
0.0055
0.00548
0.00547
0.00545
0.00545
0.00543
0.00541
0.00539
0.00536
0.00535
0.00533
0.00531
0.0053
0.00526
0.00525
0.00522
0.0052
0.00517
0.00515
0.00512
0.0051
0.00506
0.00503
0.005
0.00496
0.00493
0.0049
0.00486
0.00483
0.00478
0.00475
0.00471
0.00468
0.00463
0.0046
0.00455
0.00452
0.00448
0.00443
0.0044
0.00435
0.00432
0.00429
0.00425
0.00422
0.00417
0.00415
0.00411
0.00408
0.00404
0.00402
0.00398
0.00396
0.00393
0.0039
0.00387
0.00384
0.00382
0.0038
0.00377
0.00375
0.00372
0.00371
0.00368
0.00367
0.00365
0.00364
0.00362
0.00362
0.0036
0.00359
0.00358
0.00357
0.00357
0.00357
0.00358
0.00359
0.00358
0.00359
0.00359
0.00361
0.00361
0.00363
0.00364
0.00366
0.00367
0.00368
0.00369
0.0037
0.00371
0.00372
0.00373
0.00375
0.00375
0.00376
0.00376
0.00377
0.00376
0.00377
0.00376
0.00377
0.00376
0.00375
0.00375
0.00374
0.00373
0.00373
0.00373
0.00373
0.00371
0.00372
0.00371
0.00372
0.00371
0.00372
0.00372
0.00373
0.00374
0.00375
0.00376
0.00377
0.00379
0.00382
0.00383
0.00386
0.00388
0.00391
0.00393
0.00396
0.00398
0.00401
0.00403
0.00406
0.00408
0.00411
0.00413
0.00415
0.00417
0.00419
0.00421
0.00423
0.00423
0.00425
0.00426
0.00427
0.00427
0.00429
0.00428
0.00429
0.00429
0.00429
0.00429
0.00428
0.00428
0.00428
0.00428
0.00428
0.00427
0.00427
0.00426
0.00427
0.00426
0.00426
0.00425
0.00426
0.00425
0.00425
0.00424
0.00424
0.00424
0.00425
0.00425
0.00426
0.00425
0.00426
0.00426
0.00427
0.00427
0.00428
0.00428
0.0043
0.0043
0.00431
0.00431
0.00432
0.00433
0.00434
0.00435
0.00437
0.00437
0.00439
0.00439
0.00441
0.00441
0.00443
0.00443
0.00445
0.00446
0.00447
0.00448
0.0045
0.00452
0.00453
0.00455
0.00457
0.00458
0.00461
0.00462
0.00465
0.00467
0.0047
0.00471
0.00475
0.00477
0.0048
0.00483
0.00485
0.00489
0.00492
0.00496
0.005
0.00502
0.00507
0.0051
0.00515
0.00518
0.00523
0.00526
0.00531
0.00535
0.00539
0.00543
0.00548
0.00552
0.00557
0.00561
0.00567
0.00571
0.00576
0.0058
0.00586
0.0059
0.00596
0.006
0.00607
0.00612
0.00618
0.00624
0.0063
0.00637
0.00644
0.00651
0.00659
0.00665
0.00674
0.00681
0.0069
0.00698
0.00708
0.00716
0.00726
0.00735
0.00745
0.00755
0.00765
0.00776
0.00787
0.00797
0.00809
0.00819
0.00831
0.00842
0.00854
0.00865
0.00877
0.00888
0.00901
0.00913
0.00924
0.00937
0.00949
0.00962
0.00975
0.00988
0.01001
0.01014
0.01029
0.01042
0.01057
0.01071
0.01087
0.01102
0.01119
0.01135
0.01152
0.01169
0.01187
0.01205
0.01224
0.01244
0.01265
0.01285
0.01307
0.01328
0.01352
0.01374
0.01398
0.01422
0.01448
0.01473
0.01499
0.01525
0.01552
0.0158
0.01608
0.01637
0.01666
0.01694
0.01725
0.01754
0.01785
0.01815
0.01846
0.01876
0.01908
0.01938
0.01969
0.02
0.0203
0.02062
0.02093
0.02123
0.02154
0.02184
0.02215
0.02245
0.02275
0.02304
0.02334
0.02363
0.02393
0.02421
0.0245
0.02478
0.02506
0.02535
0.02563
0.0259
0.02618
0.02645
0.02672
0.02698
0.02726
0.02752
0.02778
0.02804
0.0283
0.02856
0.02881
0.02906
0.02931
0.02956
0.0298
0.03005
0.03029
0.03052
0.03075
0.03098
0.03121
0.03142
0.03165
0.03185
0.03207
0.03227
0.03247
0.03266
0.03285
0.03304
0.03322
0.03339
0.03357
0.03373
0.0339
0.03405
0.03421
0.03435
0.0345
0.03463
0.03478
0.03491
0.03504
0.03515
0.03527
0.03539
0.0355
0.03561
0.03571
0.0358
0.0359
0.03599
0.03608
0.03616
0.03625
0.03632
0.0364
0.03647
0.03653
0.0366
0.03665
0.03672
0.03677
0.03683
0.03688
0.03692
0.03697
0.03701
0.03706
0.0371
0.03714
0.03718
0.03722
0.03726
0.03729
0.03732
0.03736
0.03739
0.03743
0.03745
0.03749
0.03751
0.03754
0.03756
0.03759
0.03761
0.03763
0.03764
0.03766
0.03767
0.03768
0.03768
0.03768
0.03768
0.03768
0.03766
0.03766
0.03763
0.03761
0.03759
0.03757
0.03753
0.0375
0.03745
0.03741
0.03736
0.03731
0.03726
0.03719
0.03714
0.03708
0.03701
0.03694
0.03686
0.03679
0.0367
0.03663
0.03654
0.03646
0.03636
0.03628
0.03618
0.03609
0.03599
0.03589
0.03579
0.03569
0.03558
0.03548
0.03536
0.03525
0.03514
0.03502
0.0349
0.03479
0.03467
0.03456
0.03443
0.03432
0.03419
0.03408
0.03396
0.03384
0.03372
0.0336
0.03348
0.03337
0.03325
0.03314
0.03302
0.03292
0.0328
0.03269
0.03258
0.03247
0.03236
0.03225
0.03215
0.03204
0.03193
0.03183
0.03171
0.03161
0.03149
0.03139
0.03127
0.03116
0.03104
0.03093
0.0308
0.03068
0.03056
0.03043
0.03031
0.03018
0.03005
0.02992
0.02978
0.02965
0.02951
0.02938
0.02923
0.02909
0.02894
0.02881
0.02866
0.02852
0.02837
0.02823
0.02809
0.02795
0.0278
0.02767
0.02752
0.02738
0.02724
0.0271
0.02696
0.02683
0.02669
0.02656
0.02643
0.0263
0.02617
0.02604
0.02592
0.0258
0.02568
0.02557
0.02545
0.02534
0.02522
0.02513
0.02501
0.02491
0.0248
0.02471
0.02461
0.02451
0.02441
0.02431
0.02422
0.02413
0.02404
0.02395
0.02384
0.02376
0.02366
0.02356
0.02346
0.02336
0.02326
0.02316
0.02305
0.02295
0.02284
0.02273
0.02262
0.02251
0.02239
0.02228
0.02216
0.02205
0.02193
0.02182
0.0217
0.02159
0.02147
0.02136
0.02125
0.02115
0.02104
0.02093
0.02084
0.02074
0.02065
0.02056
0.02046
0.02038
0.0203
0.02022
0.02014
0.02006
0.01998
0.01991
0.01983
0.01976
0.01968
0.0196
0.01952
0.01944
0.01936
0.01928
0.01919
0.0191
0.019
0.01891
0.01881
0.01871
0.0186
0.01849
0.01838
0.01826
0.01815
0.01803
0.01791
0.01779
0.01767
0.01756
0.01743
0.01732
0.01719
0.01708
0.01696
0.01685
0.01673
0.01663
0.01652
0.01642
0.01631
0.01621
0.01611
0.01601
0.01592
0.01583
0.01573
0.01564
0.01554
0.01546
0.01535
0.01526
0.01516
0.01507
0.01497
0.01487
0.01476
0.01465
0.01455
0.01444
0.01433
0.01423
0.0141
0.014
0.01388
0.01377
0.01365
0.01354
0.01342
0.01332
0.0132
0.01309
0.01299
0.01288
0.01278
0.01268
0.01259
0.01251
0.01241
0.01234
0.01225
0.01218
0.0121
0.01203
0.01196
0.0119
0.01184
0.01178
0.01172
0.01166
0.01161
0.01155
0.0115
0.01145
0.01139
0.01134
0.01128
0.01123
0.01117
0.01112
0.01105
0.01101
0.01094
0.01088
0.01082
0.01075
0.01069
0.01063
0.01057
0.01051
0.01044
0.01038
0.01031
0.01026
0.01019
0.01013
0.01007
0.01001
0.00995
0.0099
0.00983
0.00977
0.00972
0.00967
0.00961
0.00956
0.0095
0.00945
0.00939
0.00934
0.00927
0.00922
0.00915
0.0091
0.00904
0.00898
0.00891
0.00885
0.00879
0.00872
0.00866
0.00859
0.00851
0.00846
0.00838
0.00832
0.00825
0.00818
0.00811
0.00805
0.00799
0.00792
0.00786
0.0078
0.00774
0.00769
0.00764
0.0076
0.00754
0.0075
0.00745
0.00742
0.00738
0.00735
0.00731
0.00729
0.00726
0.00724
0.00721
0.00718
0.00716
0.00714
0.00713
0.00711
0.00708
0.00707
0.00704
0.00703
0.00701
0.00699
0.00696
0.00695
0.00693
0.00691
0.00688
0.00686
0.00685
0.00683
0.00682
0.0068
0.00678
0.00677
0.00676
0.00676
0.00675
0.00675
0.00674
0.00675
0.00675
0.00675
0.00676
0.00677
0.00679
0.00681
0.00682
0.00685
0.00686
0.00689
0.00691
0.00694
0.00695
0.00698
0.00699
0.00702
0.00703
0.00704
0.00705
0.00706
0.00707
0.00707
0.00707
0.00708
0.00706
0.00706
0.00704
0.00703
0.00701
0.00699
0.00697
0.00696
0.00693
0.0069
0.00688
0.00685
0.00683
0.00682
0.0068
0.00679
0.00676
0.00676
0.00674
0.00674
0.00673
0.00674
0.00673
0.00675
0.00675
0.00676
0.00677
0.00678
0.0068
0.00681
0.00683
0.00685
0.00686
0.00688
0.00689
0.00691
0.00692
0.00693
0.00694
0.00695
0.00695
0.00696
0.00695
0.00695
0.00695
0.00694
0.00693
0.00693
0.0069
0.00689
0.00687
0.00686
0.00683
0.00682
0.00678
0.00677
0.00674
0.00672
0.00669
0.00666
0.00664
0.00661
0.00659
0.00657
0.00653
0.00651
0.00648
0.00646
0.00642
0.0064
0.00636
0.00634
0.00631
0.00628
0.00624
0.00621
0.00618
0.00615
0.00611
0.00608
0.00604
0.00601
0.00597
0.00595
0.0059
0.00588
0.00584
0.00582
0.00578
0.00576
0.00572
0.0057
0.00568
0.00566
0.00564
0.00563
0.00561
0.0056
0.00559
0.00558
0.00557
0.00557
0.00556
0.00556
0.00555
0.00555
0.00554
0.00554
0.00554
0.00554
0.00553
0.00553
0.00552
0.00552
0.00551
0.00551
0.00549
0.00549
0.00547
0.00547
0.00545
0.00545
0.00543
0.00542
0.00541
0.00541
0.0054
0.0054
0.00539
0.00539
0.00539
0.0054
0.0054
0.00541
0.00542
0.00545
0.00546
0.00549
0.00551
0.00554
0.00557
0.00561
0.00564
0.00569
0.00572
0.00577
0.00581
0.00586
0.0059
0.00595
0.00598
0.00604
0.00608
0.00611
0.00615
0.00619
0.00622
0.00626
0.00629
0.00632
0.00633
0.00636
0.00636
0.00638
0.00638
0.00639
0.00639
0.0064
0.00639
0.00638
0.00636
0.00635
0.00634
0.00632
0.00631
0.00629
0.00626
0.00624
0.00621
0.0062
0.00616
0.00615
0.00611
0.0061
0.00607
0.00604
0.00602
0.00599
0.00597
0.00594
0.00592
0.0059
0.00587
0.00585
0.00582
0.0058
0.00577
0.00575
0.00571
0.00569
0.00566
0.00563
0.0056
0.00557
0.00554
0.00551
0.00548
0.00546
0.00542
0.0054
0.00536
0.00534
0.0053
0.00528
0.00524
0.00522
0.00519
0.00517
0.00514
0.00512
0.0051
0.00508
0.00506
0.00505
0.00503
0.00502
0.00501
0.005
0.00499
0.00498
0.00497
0.00497
0.00496
0.00495
0.00494
0.00494
0.00494
0.00493
0.00493
0.00493
0.00491
0.00491
0.0049
0.00491
0.00489
0.00489
0.00488
0.00488
0.00487
0.00487
0.00487
0.00486
0.00486
0.00487
0.00487
0.00488
0.00487
0.00489
0.00489
0.00491
0.00491
0.00493
0.00494
0.00497
0.00498
0.005
0.00502
0.00504
0.00506
0.00509
0.00511
0.00514
0.00515
0.00518
0.0052
0.00523
0.00524
0.00527
0.00528
0.00531
0.00532
0.00534
0.00535
0.00536
0.00538
0.0054
0.00542
0.00544
0.00545
0.00547
0.00548
0.00551
0.00553
0.00556
0.00558
0.00562
0.00564
0.00568
0.00571
0.00575
0.0058
0.00585
0.00589
0.00595
0.00599
0.00605
0.0061
0.00616
0.00621
0.00627
0.00632
0.00639
0.00643
0.00649
0.00653
0.00658
0.00662
0.00667
0.0067
0.00675
0.00677
0.0068
0.00682
0.00685
0.00685
0.00687
0.00687
0.00689
0.00688
0.00688
0.00688
0.00687
0.00687
0.00686
0.00686
0.00685
0.00683
0.00683
0.00682
0.00682
0.0068
0.0068
0.00678
0.00679
0.00678
0.00678
0.00677
0.00677
0.00677
0.00677
0.00676
0.00676
0.00675
0.00675
0.00673
0.00673
0.00671
0.0067
0.00667
0.00666
0.00663
0.0066
0.00657
0.00653
0.00649
0.00644
0.00639
0.00634
0.00628
0.00622
0.00615
0.00609
0.00601
0.00594
0.00585
0.00579
0.0057
0.00562
0.00553
0.00545
0.00537
0.00528
0.0052
0.00512
0.00503
0.00496
0.00487
0.0048
0.00472
0.00465
0.00457
0.0045
0.00442
0.00435
0.00428
0.00421
0.00415
0.00409
0.00403
0.00398
0.00391
0.00386
0.0038
0.00376
0.0037
0.00366
0.00361
0.00358
0.00354
0.00351
0.00348
0.00345
0.00343
0.00342
0.0034
0.0034
0.00339
0.00339
0.00339
0.00341
0.00342
0.00344
0.00346
0.00349
0.00352
0.00355
0.00358
0.00361
0.00365
0.00369
0.00373
0.00378
0.00381
0.00385
0.00388
0.00393
0.00395
0.00398
0.004
0.00404
0.00406
0.00407
0.00408
0.00409
0.0041
0.00411
0.00411
0.00412
0.00411
0.00411
0.0041
0.0041
0.00408
0.00408
0.00407
0.00408
0.00406
0.00406
0.00406
0.00406
0.00407
0.00408
0.00409
0.00411
0.00411
0.00414
0.00416
0.00419
0.00421
0.00425
0.00427
0.00432
0.00435
0.00438
0.00442
0.00445
0.00449
0.00452
0.00456
0.0046
0.00461
0.00465
0.00467
0.0047
0.00471
0.00473
0.00474
0.00476
0.00476
0.00476
0.00476
0.00475
0.00475
0.00474
0.00473
0.00472
0.00469
0.00468
0.00465
0.00464
0.0046
0.00458
0.00454
0.00452
0.00448
0.00445
0.00442
0.00438
0.00435
0.00432
0.00428
0.00425
0.00421
0.00417
0.00414
0.00411
0.00407
0.00404
0.004
0.00398
0.00395
0.00392
0.0039
0.00387
0.00385
0.00383
0.00382
0.00381
0.00379
0.00379
0.00378
0.00378
0.00377
0.00378
0.00378
0.00379
0.0038
0.00381
0.00382
0.00383
0.00385
0.00386
0.00388
0.0039
0.00391
0.00393
0.00394
0.00396
0.00397
0.00399
0.00399
0.00401
0.00401
0.00402
0.00402
0.00402
0.00403
0.00403
0.00403
0.00403
0.00402
0.00403
0.00402
0.00402
0.00401
0.00401
0.004
0.00401
0.00401
0.00401
0.00401
0.00401
0.00403
0.00404
0.00405
0.00407
0.00408
0.00411
0.00412
0.00415
0.00417
0.0042
0.00422
0.00426
0.00428
0.00431
0.00434
0.00437
0.0044
0.00444
0.00447
0.0045
0.00452
0.00456
0.00458
0.00462
0.00464
0.00467
0.00468
0.00472
0.00474
0.00476
0.00478
0.00479
0.00481
0.00484
0.00485
0.00487
0.00488
0.0049
0.00491
0.00493
0.00494
0.00495
0.00496
0.00497
0.00498
0.00498
0.00499
0.00499
0.00499
0.00499
0.00499
0.00499
0.00497
0.00496
0.00495
0.00494
0.00491
0.0049
0.00487
0.00486
0.00483
0.0048
0.00477
0.00474
0.00471
0.00469
0.00466
0.00463
0.0046
0.00458
0.00455
0.00453
0.0045
0.00449
0.00447
0.00446
0.00445
0.00444
0.00443
0.00443
0.00443
0.00445
0.00445
0.00447
0.00448
0.00451
0.00453
0.00456
0.00458
0.00461
0.00464
0.00468
0.00471
0.00475
0.00479
0.00483
0.00487
0.00491
0.00495
0.00499
0.00502
0.00507
0.0051
0.00514
0.00517
0.0052
0.00523
0.00527
0.00529
0.00532
0.00534
0.00536
0.00538
0.0054
0.00541
0.00543
0.00543
0.00545
0.00545
0.00546
0.00545
0.00545
0.00544
0.00545
0.00543
0.00542
0.00541
0.00539
0.00538
0.00536
0.00535
0.00533
0.0053
0.00529
0.00527
0.00526
0.00523
0.00522
0.0052
0.00519
0.00517
0.00516
0.00514
0.00513
0.00512
0.00512
0.00511
0.00511
0.0051
0.0051
0.0051
0.0051
0.0051
0.0051
0.0051
0.00511
0.0051
0.0051
0.0051
0.0051
0.0051
0.0051
0.0051
0.0051
0.00508
0.00508
0.00507
0.00506
0.00504
0.00504
0.00502
0.00501
0.00499
0.00498
0.00497
0.00495
0.00494
0.00493
0.00492
0.00492
0.00491
0.00491
0.00491
0.00492
0.00491
0.00493
0.00493
0.00495
0.00496
0.00498
0.005
0.00502
0.00505
0.00507
0.0051
0.00514
0.00515
0.00519
0.00521
0.00525
0.00527
0.0053
0.00532
0.00535
0.00537
0.00539
0.00541
0.00542
0.00544
0.00545
0.00546
0.00548
0.00548
0.00549
0.00549
0.0055
0.00549
0.0055
0.0055
0.00551
0.00551
0.00551
0.00552
0.00552
0.00553
0.00555
0.00556
0.00558
0.00559
0.00562
0.00564
0.00567
0.00569
0.00573
0.00576
0.0058
0.00583
0.00587
0.00591
0.00595
0.00599
0.00604
0.00608
0.00613
0.00616
0.00621
0.00624
0.00629
0.00632
0.00636
0.00638
0.00642
0.00643
0.00646
0.00647
0.00648
0.00649
0.00651
0.00651
0.00651
0.0065
0.0065
0.00648
0.00647
0.00645
0.00644
0.00641
0.00639
0.00636
0.00633
0.0063
0.00627
0.00624
0.00621
0.00618
0.00616
0.00612
0.0061
0.00607
0.00605
0.00601
0.00599
0.00596
0.00595
0.00593
0.00591
0.0059
0.00588
0.00588
0.00587
0.00587
0.00587
0.00586
0.00587
0.00587
0.00588
0.00588
0.00589
0.00589
0.00591
0.00592
0.00593
0.00594
0.00595
0.00597
0.00598
0.006
0.00601
0.00601
0.00603
0.00603
0.00605
0.00604
0.00605
0.00605
0.00605
0.00605
0.00604
0.00603
0.00602
0.006
0.00599
0.00597
0.00596
0.00592
0.00591
0.00587
0.00585
0.00582
0.00579
0.00575
0.00573
0.00569
0.00566
0.00562
0.00558
0.00555
0.00552
0.00549
0.00547
0.00543
0.00541
0.00538
0.00536
0.00533
0.00532
0.0053
0.00529
0.00527
0.00526
0.00525
0.00523
0.00523
0.00523
0.00522
0.00522
0.00521
0.00522
0.00521
0.00522
0.0052
0.00521
0.0052
0.00521
0.0052
0.0052
0.00519
0.00518
0.00518
0.00518
0.00518
0.00518
0.00516
0.00517
0.00516
0.00516
0.00515
0.00515
0.00514
0.00515
0.00514
0.00514
0.00514
0.00513
0.00513
0.00514
0.00514
0.00514
0.00513
0.00514
0.00513
0.00514
0.00513
0.00513
0.00512
0.00512
0.00511
0.0051
0.00509
0.00507
0.00505
0.00504
0.00502
0.005
0.00497
0.00495
0.00491
0.00489
0.00485
0.00482
0.00477
0.00474
0.0047
0.00466
0.00461
0.00456
0.00452
0.00447
0.00443
0.00439
0.00432
0.00429
0.00423
0.00419
0.00413
0.00409
0.00403
0.00399
0.00393
0.00388
0.00383
0.00378
0.00373
0.00368
0.00364
0.00359
0.00354
0.0035
0.00345
0.00341
0.00336
0.00333
0.00329
0.00326
0.00323
0.0032
0.00318
0.00315
0.00314
0.00313
0.00313
0.00313
0.00312
0.00313
0.00314
0.00316
0.00317
0.0032
0.00321
0.00325
0.00328
0.00331
0.00334
0.00337
0.00341
0.00345
0.00349
0.00353
0.00355
0.0036
0.00362
0.00366
0.00368
0.00372
0.00373
0.00376
0.00377
0.00379
0.0038
0.0038
0.00382
0.00383
0.00383
0.00384
0.00383
0.00385
0.00384
0.00386
0.00385
0.00386
0.00386
0.00389
0.0039
0.00391
0.00393
0.00395
0.00398
0.00401
0.00404
0.00408
0.0041
0.00415
0.00419
0.00424
0.00427
0.00432
0.00435
0.00441
0.00445
0.00449
0.00453
0.00457
0.0046
0.00464
0.00467
0.0047
0.00472
0.00474
0.00475
0.00477
0.00477
0.00478
0.00477
0.00478
0.00476
0.00475
0.00473
0.00471
0.00469
0.00467
0.00465
0.00462
0.00458
0.00456
0.00452
0.0045
0.00445
0.00443
0.00439
0.00436
0.00432
0.00429
0.00426
0.00423
0.0042
0.00417
0.00415
0.00413
0.00409
0.00407
0.00404
0.00403
0.00399
0.00398
0.00395
0.00393
0.0039
0.00388
0.00385
0.00383
0.0038
0.00378
0.00375
0.00373
0.00369
0.00367
0.00364
0.00361
0.00357
0.00354
0.00351
0.00348
0.00344
0.00341
0.00337
0.00334
0.00331
0.00328
0.00325
0.00323
0.00319
0.00318
0.00315
0.00313
0.00311
0.0031
0.00308
0.00308
0.00307
0.00307
0.00307
0.00307
0.00308
0.00309
0.00311
0.00313
0.00314
0.00317
0.0032
0.00323
0.00326
0.00329
0.00332
0.00337
0.00341
0.00344
0.00349
0.00352
0.00357
0.00362
0.00366
0.00371
0.00375
0.0038
0.00384
0.00389
0.00393
0.00398
0.00401
0.00406
0.0041
0.00414
0.00418
0.00422
0.00427
0.0043
0.00434
0.00439
0.00441
0.00445
0.00448
0.00452
0.00453
0.00457
0.00458
0.00461
0.00462
0.00463
0.00464
0.00465
0.00465
0.00465
0.00465
0.00465
0.00462
0.00461
0.00458
0.00457
0.00453
0.00451
0.00447
0.00444
0.0044
0.00436
0.00431
0.00427
0.00423
0.00419
0.00414
0.00411
0.00405
0.00402
0.00398
0.00395
0.0039
0.00387
0.00383
0.00382
0.00378
0.00376
0.00374
0.00372
0.0037
0.00369
0.00367
0.00367
0.00365
0.00364
0.00363
0.00363
0.00362
0.00361
0.0036
0.0036
0.00359
0.00358
0.00357
0.00356
0.00356
0.00355
0.00355
0.00355
0.00353
0.00354
0.00353
0.00353
0.00352
0.00353
0.00353
0.00355
0.00355
0.00356
0.00357
0.00359
0.00361
0.00364
0.00367
0.0037
0.00372
0.00377
0.0038
0.00384
0.00388
0.00392
0.00396
0.00401
0.00405
0.00409
0.00413
0.00417
0.00422
0.00426
0.0043
0.00434
0.00436
0.0044
0.00442
0.00446
0.00448
0.0045
0.00452
0.00454
0.00455
0.00457
0.00458
0.00458
0.0046
0.00461
0.00461
0.00463
0.00463
0.00464
0.00465
0.00466
0.00466
0.00468
0.00468
0.0047
0.0047
0.00471
0.00473
0.00474
0.00475
0.00477
0.00478
0.0048
0.0048
0.00483
0.00483
0.00485
0.00486
0.00487
0.00487
0.00489
0.0049
0.0049
0.00491
0.00491
0.00492
0.00492
0.00492
0.00493
0.00492
0.00494
0.00493
0.00494
0.00494
0.00495
0.00495
0.00496
0.00497
0.00497
0.00499
0.00499
0.00501
0.00503
0.00505
0.00507
0.00508
0.00511
0.00513
0.00516
0.00517
0.0052
0.00522
0.00526
0.00528
0.0053
0.00532
0.00534
0.00536
0.00539
0.00541
0.00543
0.00544
0.00546
0.00546
0.00548
0.00548
0.00549
0.00549
0.0055
0.0055
0.0055
0.00549
0.00549
0.00549
0.00549
0.00548
0.00548
0.00546
0.00546
0.00545
0.00545
0.00544
0.00543
0.00541
0.00541
0.0054
0.00539
0.00537
0.00535
0.00534
0.00532
0.0053
0.00528
0.00525
0.00523
0.0052
0.00517
0.00513
0.00509
0.00504
0.00501
0.00496
0.00491
0.00485
0.00479
0.00474
0.00468
0.00462
0.00457
0.0045
0.00444
0.00438
0.00432
0.00426
0.00421
0.00414
0.0041
0.00405
0.004
0.00396
0.00391
0.00388
0.00385
0.00383
0.00381
0.00378
0.00377
0.00375
0.00375
0.00374
0.00374
0.00373
0.00374
0.00374
0.00374
0.00374
0.00374
0.00374
0.00375
0.00375
0.00375
0.00373
0.00373
0.00372
0.00371
0.00369
0.00368
0.00365
0.00364
0.0036
0.00358
0.00354
0.00351
0.00348
0.00345
0.00342
0.00339
0.00335
0.00333
0.00329
0.00327
0.00323
0.00321
0.00318
0.00318
0.00315
0.00314
0.00313
0.00312
0.00311
0.00311
0.00311
0.00313
0.00312
0.00313
0.00314
0.00315
0.00316
0.00317
0.00318
0.0032
0.0032
0.00321
0.00322
0.00322
0.00323
0.00324
0.00324
0.00326
0.00324
0.00326
0.00325
0.00326
0.00326
0.00326
0.00326
0.00327
0.00327
0.00328
0.00329
0.00329
0.00331
0.00333
0.00336
0.00339
0.00341
0.00345
0.00349
0.00354
0.00358
0.00364
0.00368
0.00375
0.00381
0.00388
0.00395
0.00401
0.00409
0.00416
0.00424
0.00432
0.00438
0.00446
0.00452
0.0046
0.00466
0.00473
0.00478
0.00484
0.00489
0.00494
0.00498
0.00502
0.00505
0.00509
0.00512
0.00515
0.00516
0.00518
0.0052
0.00522
0.00522
0.00523
0.00522
0.00524
0.00523
0.00523
0.00523
0.00523
0.00523
0.00523
0.00522
0.00523
0.00521
0.00522
0.0052
0.00521
0.00519
0.00519
0.00518
0.00518
0.00516
0.00515
0.00514
0.00512
0.0051
0.00509
0.00507
0.00505
0.00502
0.00501
0.00497
0.00496
0.00492
0.00489
0.00486
0.00483
0.00479
0.00476
0.00472
0.00468
0.00465
0.00461
0.00457
0.00454
0.00449
0.00446
0.00442
0.00439
0.00434
0.0043
0.00426
0.00423
0.00418
0.00414
0.00409
0.00405
0.00401
0.00396
0.00392
0.00388
0.00382
0.00378
0.00372
0.00368
0.00362
0.00357
0.00352
0.00347
0.00342
0.00336
0.00331
0.00325
0.00321
0.00316
0.00311
0.00307
0.00301
0.00297
0.00292
0.00289
0.00284
0.0028
0.00276
0.00273
0.00269
0.00266
0.00262
0.00258
0.00255
0.00252
0.00249
0.00247
0.00243
0.0024
0.00237
0.00235
0.00231
0.00228
0.00225
0.00223
0.00219
0.00217
0.00214
0.00211
0.00209
0.00207
0.00204
0.00203
0.00201
0.002
0.00198
0.00198
0.00197
0.00197
0.00197
0.00199
0.00199
0.002
0.00202
0.00203
0.00205
0.00208
0.00211
0.00214
0.00216
0.0022
0.00223
0.00227
0.0023
0.00233
0.00236
0.0024
0.00243
0.00246
0.00249
0.00251
0.00254
0.00257
0.0026
0.00263
0.00264
0.00267
0.00268
0.00271
0.00272
0.00275
0.00277
0.0028
0.00282
0.00284
0.00287
0.0029
0.00293
0.00297
0.003
0.00305
0.00308
0.00313
0.00317
0.00322
0.00326
0.00332
0.00336
0.00343
0.00348
0.00353
0.00358
0.00364
0.00369
0.00375
0.0038
0.00385
0.00389
0.00395
0.00399
0.00404
0.00408
0.00412
0.00415
0.0042
0.00423
0.00426
0.00429
0.00432
0.00435
0.00439
0.00442
0.00445
0.00448
0.00452
0.00454
0.00458
0.0046
0.00465
0.00467
0.00471
0.00474
0.00478
0.00482
0.00485
0.00489
0.00494
0.00497
0.00502
0.00505
0.0051
0.00513
0.00517
0.0052
0.00525
0.00527
0.00532
0.00534
0.00537
0.0054
0.00543
0.00546
0.00548
0.00551
0.00554
0.00555
0.00558
0.00559
0.00562
0.00563
0.00565
0.00566
0.00569
0.0057
0.00572
0.00573
0.00574
0.00576
0.00577
0.00579
0.0058
0.0058
0.00582
0.00582
0.00584
0.00584
0.00584
0.00584
0.00585
0.00584
0.00583
0.00582
0.00581
0.0058
0.00578
0.00576
0.00574
0.00571
0.00569
0.00565
0.00562
0.00558
0.00555
0.0055
0.00547
0.00542
0.00538
0.00533
0.00528
0.00523
0.00518
0.00514
0.00509
0.00503
0.00499
0.00494
0.0049
0.00484
0.0048
0.00474
0.00471
0.00465
0.00461
0.00456
0.00451
0.00447
0.00443
0.00438
0.00434
0.00429
0.00425
0.0042
0.00417
0.00412
0.00408
0.00403
0.004
0.00395
0.00391
0.00387
0.00383
0.0038
0.00377
0.00373
0.00371
0.00367
0.00365
0.00362
0.0036
0.00357
0.00356
0.00354
0.00354
0.00352
0.00351
0.0035
0.00349
0.00349
0.00349
0.00349
0.00349
0.00349
0.00349
0.00349
0.0035
0.00349
0.0035
0.00349
0.0035
0.00349
0.00349
0.00347
0.00347
0.00346
0.00345
0.00344
0.00343
0.00341
0.0034
0.00337
0.00336
0.00334
0.00333
0.0033
0.00329
0.00326
0.00325
0.00323
0.00321
0.0032
0.0032
0.00318
0.00318
0.00317
0.00318
0.00317
0.00318
0.00318
0.00319
0.0032
0.00322
0.00323
0.00324
0.00326
0.00328
0.0033
0.00332
0.00334
0.00337
0.00338
0.00341
0.00342
0.00345
0.00346
0.00348
0.00349
0.00351
0.00352
0.00353
0.00354
0.00354
0.00355
0.00355
0.00355
0.00356
0.00355
0.00356
0.00355
0.00356
0.00355
0.00356
0.00355
0.00356
0.00355
0.00355
0.00356
0.00356
0.00357
0.00358
0.00359
0.0036
0.0036
0.00363
0.00364
0.00367
0.00368
0.0037
0.00372
0.00376
0.00378
0.0038
0.00383
0.00386
0.00389
0.00392
0.00395
0.00399
0.00401
0.00405
0.00408
0.00411
0.00414
0.00417
0.0042
0.00424
0.00427
0.0043
0.00432
0.00435
0.00439
0.00442
0.00445
0.00449
0.00451
0.00455
0.00458
0.00463
0.00466
0.0047
0.00474
0.00479
0.00483
0.00487
0.00492
0.00496
0.00502
0.00507
0.00512
0.00518
0.00522
0.00528
0.00533
0.0054
0.00544
0.0055
0.00554
0.0056
0.00564
0.00569
0.00573
0.00577
0.00581
0.00585
0.00588
0.00591
0.00592
0.00595
0.00596
0.00598
0.00598
0.00598
0.00598
0.00599
0.00598
0.00597
0.00595
0.00594
0.00593
0.00591
0.00589
0.00588
0.00585
0.00584
0.00582
0.00581
0.00579
0.00578
0.00576
0.00576
0.00575
0.00574
0.00573
0.00573
0.00573
0.00574
0.00574
0.00575
0.00574
0.00576
0.00576
0.00577
0.00578
0.00579
0.00579
0.00581
0.00582
0.00582
0.00583
0.00584
0.00584
0.00585
0.00586
0.00587
0.00586
0.00587
0.00587
0.00588
0.00587
0.00588
0.00587
0.00589
0.00589
0.00589
0.0059
0.0059
0.00592
0.00593
0.00594
0.00596
0.00597
0.006
0.00601
0.00604
0.00606
0.00609
0.00611
0.00615
0.00618
0.00621
0.00624
0.00627
0.00631
0.00634
0.00638
0.00642
0.00644
0.00648
0.00651
0.00655
0.00657
0.0066
0.00662
0.00666
0.00668
0.0067
0.00672
0.00674
0.00676
0.00678
0.0068
0.00682
0.00682
0.00684
0.00685
0.00686
0.00686
0.00688
0.00688
0.0069
0.0069
0.0069
0.0069
0.0069
0.0069
0.00691
0.00691
0.00691
0.0069
0.00691
0.0069
0.0069
0.00689
0.00689
0.00688
0.00688
0.00687
0.00686
0.00685
0.00684
0.00684
0.00683
0.00682
0.00682
0.0068
0.0068
0.00678
0.00677
0.00675
0.00675
0.00673
0.00672
0.0067
0.00668
0.00667
0.00664
0.00663
0.00661
0.00659
0.00657
0.00654
0.00652
0.00648
0.00646
0.00642
0.0064
0.00636
0.00634
0.00629
0.00626
0.00622
0.00618
0.00615
0.00611
0.00608
0.00605
0.006
0.00597
0.00593
0.00591
0.00587
0.00585
0.00582
0.0058
0.00577
0.00576
0.00573
0.00572
0.00571
0.0057
0.00569
0.00569
0.00568
0.00568
0.00568
0.00569
0.00568
0.00569
0.00569
0.00571
0.00571
0.00571
0.00571
0.00572
0.00572
0.00572
0.00573
0.00573
0.00572
0.00572
0.00571
0.00571
0.00569
0.00568
0.00566
0.00565
0.00562
0.0056
0.00558
0.00555
0.00553
0.0055
0.00547
0.00544
0.0054
0.00537
0.00533
0.00531
0.00527
0.00524
0.0052
0.00518
0.00514
0.00511
0.00508
0.00505
0.00503
0.00501
0.00499
0.00497
0.00494
0.00493
0.00491
0.00491
0.00489
0.00489
0.00487
0.00487
0.00486
0.00486
0.00485
0.00484
0.00484
0.00484
0.00484
0.00484
0.00482
0.00482
0.00481
0.00481
0.00479
0.00478
0.00475
0.00474
0.00472
0.00469
0.00466
0.00463
0.0046
0.00457
0.00452
0.00449
0.00443
0.00439
0.00434
0.00429
0.00423
0.00418
0.00412
0.00407
0.00401
0.00395
0.00389
0.00383
0.00377
0.00372
0.00366
0.00361
0.00355
0.00351
0.00346
0.00342
0.00337
0.00333
0.00329
0.00326
0.00323
0.0032
0.00317
0.00314
0.00313
0.00311
0.0031
0.0031
0.00308
0.00308
0.00307
0.00308
0.00307
0.00308
0.00308
0.0031
0.00311
0.00312
0.00313
0.00314
0.00316
0.00318
0.0032
0.00323
0.00324
0.00327
0.00328
0.00332
0.00333
0.00336
0.00338
0.00342
0.00344
0.00346
0.00349
0.00352
0.00355
0.00358
0.0036
0.00364
0.00366
0.0037
0.00373
0.00377
0.0038
0.00383
0.00386
0.00391
0.00395
0.00399
0.00403
0.00407
0.00412
0.00417
0.00421
0.00427
0.00431
0.00437
0.00442
0.00449
0.00454
0.00461
0.00466
0.00473
0.00479
0.00485
0.00491
0.00498
0.00504
0.00511
0.00517
0.00524
0.0053
0.00536
0.00542
0.00548
0.00553
0.00559
0.00564
0.00571
0.00575
0.0058
0.00584
0.00589
0.00593
0.00597
0.00601
0.00606
0.00608
0.00612
0.00615
0.00619
0.00621
0.00624
0.00626
0.00629
0.00631
0.00633
0.00634
0.00636
0.00638
0.00639
0.00641
0.00642
0.00642
0.00643
0.00642
0.00644
0.00642
0.00643
0.00641
0.00642
0.0064
0.00639
0.00637
0.00636
0.00634
0.00632
0.0063
0.00628
0.00625
0.00623
0.0062
0.00619
0.00615
0.00613
0.0061
0.00608
0.00605
0.00602
0.00599
0.00597
0.00594
0.00592
0.0059
0.00589
0.00585
0.00584
0.00582
0.00581
0.00578
0.00577
0.00575
0.00575
0.00573
0.00572
0.00571
0.00569
0.00569
0.00568
0.00567
0.00567
0.00566
0.00566
0.00566
0.00566
0.00565
0.00566
0.00565
0.00566
0.00566
0.00566
0.00566
0.00567
0.00567
0.00568
0.00569
0.0057
0.0057
0.00571
0.00571
0.00572
0.00572
0.00573
0.00572
0.00574
0.00573
0.00573
0.00572
0.00572
0.00571
0.00571
0.0057
0.00569
0.00567
0.00566
0.00564
0.00563
0.00561
0.00559
0.00556
0.00555
0.00553
0.00551
0.00548
0.00546
0.00545
0.00543
0.00541
0.0054
0.00537
0.00537
0.00535
0.00535
0.00533
0.00532
0.00531
0.00531
0.0053
0.00529
0.00528
0.00527
0.00527
0.00526
0.00525
0.00525
0.00522
0.00522
0.0052
0.00519
0.00516
0.00515
0.00512
0.0051
0.00507
0.00505
0.00502
0.00498
0.00496
0.00492
0.00489
0.00486
0.00482
0.0048
0.00476
0.00474
0.0047
0.00468
0.00464
0.00463
0.0046
0.00457
0.00455
0.00453
0.00452
0.0045
0.00449
0.00448
0.00446
0.00446
0.00445
0.00445
0.00443
0.00443
0.00442
0.00442
0.0044
0.0044
0.00439
0.00437
0.00437
0.00436
0.00435
0.00434
0.00432
0.00431
0.00429
0.00429
0.00426
0.00426
0.00424
0.00423
0.00421
0.00421
0.00419
0.00418
0.00417
0.00417
0.00416
0.00416
0.00415
0.00416
0.00415
0.00416
0.00415
0.00416
0.00415
0.00416
0.00415
0.00415
0.00414
0.00414
0.00414
0.00413
0.00412
0.00411
0.00409
0.00408
0.00405
0.00403
0.004
0.00398
0.00394
0.00391
0.00387
0.00383
0.00379
0.00375
0.00371
0.00367
0.00363
0.00359
0.00354
0.00351
0.00347
0.00344
0.00341
0.00339
0.00335
0.00334
0.00332
0.00331
0.0033
0.00329
0.0033
0.00331
0.00332
0.00334
0.00335
0.00338
0.00341
0.00345
0.00347
0.00352
0.00355
0.0036
0.00364
0.00368
0.00373
0.00377
0.00383
0.00388
0.00392
0.00397
0.00401
0.00406
0.00409
0.00414
0.00417
0.00422
0.00424
0.00429
0.00431
0.00434
0.00436
0.00438
0.0044
0.00442
0.00443
0.00445
0.00446
0.00447
0.00448
0.00449
0.00449
0.0045
0.0045
0.00451
0.00451
0.00451
0.00451
0.00451
0.00452
0.00452
0.00452
0.00453
0.00452
0.00453
0.00453
0.00455
