1.48331755031224E+03

0.0054
0.00542
0.00546
0.00549
0.00554
0.00557
0.00561
0.00564
0.00567
0.00571
0.00574
0.00577
0.0058
0.00582
0.00585
0.00587
0.0059
0.00591
0.00593
0.00593
0.00596
0.00597
0.00598
0.00598
0.00598
0.00599
0.006
0.006
0.00601
0.006
0.006
0.006
0.006
0.00599
0.00598
0.00597
0.00597
0.00596
0.00595
0.00593
0.00591
0.0059
0.00589
0.00586
0.00585
0.00581
0.0058
0.00576
0.00574
0.0057
0.00567
0.00563
0.0056
0.00556
0.00551
0.00547
0.00542
0.00538
0.00533
0.00528
0.00524
0.00518
0.00513
0.00507
0.00503
0.00497
0.00492
0.00486
0.00481
0.00475
0.0047
0.00464
0.00458
0.00453
0.00447
0.00442
0.00437
0.0043
0.00426
0.0042
0.00415
0.00409
0.00404
0.00398
0.00394
0.00388
0.00383
0.00377
0.00372
0.00367
0.00362
0.00357
0.00353
0.00347
0.00343
0.00338
0.00335
0.0033
0.00326
0.00322
0.0032
0.00315
0.00312
0.00309
0.00306
0.00303
0.00302
0.00299
0.00298
0.00295
0.00294
0.00292
0.00291
0.00289
0.00289
0.00287
0.00287
0.00285
0.00284
0.00283
0.00282
0.00282
0.00281
0.0028
0.0028
0.00278
0.00278
0.00276
0.00276
0.00275
0.00274
0.00273
0.00273
0.00272
0.00271
0.0027
0.0027
0.00269
0.0027
0.0027
0.0027
0.00269
0.00271
0.00271
0.00272
0.00273
0.00274
0.00275
0.00278
0.00279
0.00281
0.00282
0.00284
0.00287
0.0029
0.00292
0.00295
0.00297
0.00301
0.00303
0.00307
0.00309
0.00312
0.00314
0.00318
0.0032
0.00323
0.00326
0.00328
0.00331
0.00334
0.00337
0.0034
0.00341
0.00344
0.00346
0.00349
0.00351
0.00354
0.00356
0.00359
0.00361
0.00364
0.00365
0.00368
0.0037
0.00373
0.00376
0.00379
0.00381
0.00384
0.00386
0.0039
0.00392
0.00396
0.00398
0.00402
0.00404
0.00408
0.00411
0.00414
0.00417
0.00421
0.00424
0.00428
0.0043
0.00434
0.00437
0.00441
0.00444
0.00448
0.0045
0.00455
0.00457
0.0046
0.00463
0.00466
0.00469
0.00472
0.00474
0.00477
0.00478
0.00481
0.00483
0.00485
0.00486
0.00487
0.00487
0.00489
0.00489
0.00489
0.00489
0.00489
0.00489
0.00488
0.00487
0.00487
0.00484
0.00484
0.00481
0.00481
0.00478
0.00476
0.00474
0.00473
0.0047
0.00468
0.00465
0.00463
0.00461
0.00459
0.00457
0.00456
0.00453
0.00452
0.0045
0.0045
0.00447
0.00447
0.00445
0.00445
0.00444
0.00443
0.00443
0.00443
0.00443
0.00443
0.00443
0.00444
0.00443
0.00445
0.00445
0.00446
0.00446
0.00447
0.00447
0.00449
0.00449
0.0045
0.00451
0.00452
0.00453
0.00454
0.00455
0.00457
0.00457
0.00459
0.0046
0.00462
0.00463
0.00465
0.00466
0.00468
0.0047
0.00471
0.00473
0.00475
0.00477
0.00479
0.00482
0.00484
0.00486
0.00489
0.00491
0.00494
0.00496
0.00499
0.00501
0.00505
0.00507
0.0051
0.00512
0.00515
0.00518
0.00522
0.00524
0.00528
0.0053
0.00533
0.00536
0.0054
0.00541
0.00545
0.00547
0.00551
0.00553
0.00556
0.00559
0.00561
0.00564
0.00567
0.0057
0.00573
0.00574
0.00577
0.00579
0.00582
0.00583
0.00586
0.00587
0.0059
0.00591
0.00592
0.00593
0.00594
0.00596
0.00597
0.00598
0.006
0.00599
0.00601
0.00601
0.00602
0.00602
0.00602
0.00602
0.00603
0.00603
0.00603
0.00602
0.00602
0.00602
0.00602
0.00601
0.00601
0.00598
0.00598
0.00597
0.00596
0.00593
0.00592
0.00589
0.00587
0.00583
0.0058
0.00576
0.00572
0.00568
0.00564
0.00559
0.00554
0.00548
0.00543
0.00537
0.00532
0.00525
0.0052
0.00513
0.00508
0.00502
0.00496
0.0049
0.00484
0.00479
0.00474
0.0047
0.00466
0.00461
0.00458
0.00454
0.00452
0.00449
0.00448
0.00445
0.00445
0.00444
0.00443
0.00443
0.00442
0.00443
0.00443
0.00444
0.00445
0.00444
0.00445
0.00445
0.00446
0.00445
0.00445
0.00444
0.00445
0.00443
0.00442
0.0044
0.00438
0.00436
0.00434
0.00432
0.00429
0.00425
0.00422
0.00419
0.00416
0.00411
0.00408
0.00404
0.00401
0.00397
0.00393
0.00389
0.00386
0.00383
0.0038
0.00377
0.00375
0.00371
0.0037
0.00367
0.00366
0.00364
0.00363
0.00362
0.00362
0.00361
0.0036
0.0036
0.0036
0.0036
0.00361
0.00361
0.00362
0.00362
0.00364
0.00364
0.00366
0.00367
0.00368
0.00369
0.00372
0.00373
0.00374
0.00375
0.00377
0.00378
0.0038
0.00382
0.00384
0.00385
0.00387
0.00388
0.00391
0.00391
0.00394
0.00395
0.00397
0.00398
0.00399
0.00401
0.00402
0.00404
0.00405
0.00407
0.00409
0.00409
0.00411
0.00413
0.00415
0.00416
0.00418
0.00419
0.00422
0.00424
0.00426
0.00428
0.0043
0.00433
0.00435
0.00438
0.00441
0.00443
0.00446
0.00448
0.00452
0.00454
0.00458
0.0046
0.00464
0.00466
0.00469
0.00471
0.00473
0.00476
0.00479
0.00481
0.00484
0.00484
0.00487
0.00488
0.00491
0.00491
0.00492
0.00493
0.00495
0.00495
0.00496
0.00496
0.00496
0.00497
0.00497
0.00497
0.00497
0.00497
0.00497
0.00496
0.00497
0.00496
0.00496
0.00495
0.00496
0.00495
0.00494
0.00494
0.00493
0.00492
0.00492
0.00492
0.00492
0.0049
0.0049
0.00489
0.00489
0.00487
0.00487
0.00485
0.00485
0.00483
0.00482
0.0048
0.00478
0.00477
0.00476
0.00474
0.00473
0.0047
0.00468
0.00465
0.00464
0.00461
0.00459
0.00455
0.00454
0.00451
0.00448
0.00445
0.00443
0.0044
0.00439
0.00436
0.00435
0.00432
0.0043
0.00429
0.00428
0.00426
0.00426
0.00425
0.00426
0.00426
0.00426
0.00427
0.00428
0.00429
0.00432
0.00434
0.00437
0.00439
0.00443
0.00445
0.0045
0.00452
0.00457
0.0046
0.00465
0.00468
0.00472
0.00476
0.00479
0.00483
0.00487
0.00491
0.00494
0.00496
0.005
0.00502
0.00505
0.00506
0.00508
0.00509
0.00511
0.00511
0.00512
0.00512
0.00513
0.00513
0.00514
0.00514
0.00514
0.00513
0.00514
0.00513
0.00514
0.00512
0.00513
0.00512
0.00513
0.00512
0.00512
0.00512
0.00512
0.00512
0.00513
0.00513
0.00513
0.00512
0.00513
0.00512
0.00513
0.00512
0.00512
0.0051
0.0051
0.00509
0.00508
0.00507
0.00505
0.00504
0.00502
0.005
0.00498
0.00495
0.00493
0.0049
0.00488
0.00484
0.00482
0.00478
0.00476
0.00473
0.0047
0.00466
0.00463
0.0046
0.00457
0.00453
0.00451
0.00447
0.00444
0.0044
0.00438
0.00434
0.00432
0.00427
0.00426
0.00422
0.00418
0.00415
0.00411
0.00408
0.00405
0.00401
0.00399
0.00394
0.00391
0.00386
0.00383
0.00379
0.00375
0.0037
0.00367
0.00362
0.00357
0.00353
0.00348
0.00344
0.00339
0.00334
0.0033
0.00324
0.0032
0.00315
0.00311
0.00305
0.00301
0.00295
0.00292
0.00287
0.00283
0.00279
0.00274
0.00271
0.00268
0.00265
0.00263
0.00259
0.00258
0.00255
0.00254
0.00253
0.00252
0.00251
0.00252
0.00251
0.00252
0.00252
0.00253
0.00254
0.00256
0.00258
0.00261
0.00262
0.00265
0.00266
0.0027
0.00271
0.00274
0.00276
0.00279
0.00281
0.00283
0.00285
0.00286
0.00288
0.0029
0.00292
0.00293
0.00293
0.00295
0.00295
0.00297
0.00297
0.00298
0.00297
0.00299
0.00298
0.00299
0.00299
0.00299
0.003
0.003
0.00301
0.00302
0.00301
0.00303
0.00303
0.00305
0.00305
0.00306
0.00307
0.00309
0.0031
0.00311
0.00312
0.00313
0.00315
0.00316
0.00318
0.00319
0.0032
0.00322
0.00323
0.00325
0.00326
0.00328
0.00329
0.00332
0.00334
0.00336
0.00338
0.00341
0.00344
0.00347
0.00351
0.00355
0.00358
0.00363
0.00367
0.00373
0.00378
0.00385
0.00391
0.00398
0.00406
0.00413
0.00421
0.0043
0.00439
0.00448
0.00458
0.00469
0.00479
0.0049
0.00501
0.00512
0.00523
0.00536
0.00547
0.0056
0.00572
0.00585
0.00597
0.0061
0.00624
0.00637
0.00651
0.00666
0.00679
0.00695
0.00709
0.00725
0.0074
0.00757
0.00772
0.0079
0.00807
0.00825
0.00844
0.00863
0.00882
0.00903
0.00924
0.00946
0.00967
0.0099
0.01013
0.01038
0.01062
0.01087
0.01112
0.0114
0.01166
0.01193
0.0122
0.01248
0.01277
0.01307
0.01336
0.01366
0.01396
0.01427
0.01457
0.01489
0.0152
0.01552
0.01583
0.01616
0.01648
0.01681
0.01714
0.01747
0.0178
0.01815
0.01848
0.01883
0.01916
0.01952
0.01986
0.02022
0.02056
0.02092
0.02128
0.02164
0.022
0.02237
0.02273
0.02309
0.02346
0.02384
0.02421
0.02459
0.02495
0.02533
0.0257
0.02607
0.02644
0.02681
0.02718
0.02755
0.02792
0.02828
0.02864
0.029
0.02936
0.02972
0.03007
0.03043
0.03077
0.03112
0.03146
0.0318
0.03214
0.03247
0.0328
0.03314
0.03347
0.03379
0.03411
0.03444
0.03476
0.03509
0.0354
0.03572
0.03603
0.03636
0.03667
0.03699
0.03729
0.03761
0.03791
0.03823
0.03853
0.03883
0.03913
0.03943
0.03973
0.04002
0.04031
0.0406
0.04088
0.04116
0.04143
0.0417
0.04196
0.04222
0.04247
0.04272
0.04296
0.04321
0.04343
0.04366
0.04389
0.04411
0.04432
0.04453
0.04473
0.04494
0.04513
0.04533
0.04552
0.0457
0.04588
0.04607
0.04624
0.04641
0.04657
0.04674
0.0469
0.04706
0.04721
0.04736
0.0475
0.04764
0.04777
0.04791
0.04803
0.04815
0.04826
0.04837
0.04847
0.04856
0.04865
0.04873
0.0488
0.04887
0.04893
0.04899
0.04903
0.04907
0.0491
0.04913
0.04915
0.04916
0.04917
0.04918
0.04917
0.04916
0.04915
0.04913
0.04911
0.04909
0.04905
0.04902
0.04898
0.04894
0.04889
0.04884
0.04878
0.04873
0.04866
0.0486
0.04853
0.04846
0.04837
0.04829
0.0482
0.04811
0.04802
0.04792
0.04781
0.04771
0.04759
0.04748
0.04736
0.04724
0.04711
0.04699
0.04685
0.04672
0.04658
0.04644
0.0463
0.04616
0.04602
0.04588
0.04573
0.04559
0.04544
0.0453
0.04515
0.04502
0.04487
0.04474
0.04459
0.04445
0.04431
0.04417
0.04403
0.0439
0.04376
0.04363
0.04348
0.04334
0.0432
0.04307
0.04292
0.04278
0.04263
0.04249
0.04234
0.04219
0.04204
0.04188
0.04173
0.04157
0.04141
0.04125
0.04108
0.04092
0.04075
0.04058
0.04041
0.04024
0.04007
0.0399
0.03972
0.03955
0.03937
0.0392
0.03902
0.03885
0.03867
0.0385
0.03832
0.03815
0.03797
0.0378
0.03763
0.03745
0.03728
0.03711
0.03693
0.03676
0.03658
0.0364
0.03623
0.03605
0.03587
0.0357
0.03551
0.03533
0.03515
0.03497
0.03478
0.03459
0.0344
0.03422
0.03402
0.03383
0.03363
0.03344
0.03324
0.03304
0.03285
0.03265
0.03244
0.03225
0.03204
0.03184
0.03164
0.03144
0.03123
0.03104
0.03083
0.03064
0.03044
0.03024
0.03004
0.02985
0.02965
0.02946
0.02926
0.02908
0.02888
0.0287
0.02851
0.02833
0.02814
0.02796
0.02777
0.02759
0.02741
0.02723
0.02706
0.02688
0.02671
0.02653
0.02635
0.02618
0.02601
0.02584
0.02566
0.0255
0.02533
0.02517
0.02499
0.02483
0.02467
0.02451
0.02435
0.02419
0.02404
0.02389
0.02373
0.02359
0.02344
0.0233
0.02315
0.02302
0.02288
0.02276
0.02263
0.0225
0.02238
0.02226
0.02214
0.02203
0.02192
0.02182
0.0217
0.02161
0.02151
0.02141
0.02131
0.02122
0.02112
0.02103
0.02094
0.02085
0.02076
0.02067
0.02058
0.02049
0.02041
0.02032
0.02023
0.02014
0.02005
0.01997
0.01988
0.01979
0.0197
0.01961
0.01952
0.01943
0.01934
0.01926
0.01917
0.01908
0.01899
0.01891
0.01881
0.01873
0.01864
0.01855
0.01846
0.01838
0.01828
0.01821
0.01811
0.01803
0.01794
0.01785
0.01777
0.01769
0.01761
0.01753
0.01743
0.01735
0.01727
0.01719
0.0171
0.01703
0.01694
0.01687
0.01679
0.01671
0.01663
0.01655
0.01647
0.0164
0.01632
0.01626
0.01617
0.01611
0.01603
0.01596
0.01588
0.01582
0.01574
0.01568
0.0156
0.01554
0.01547
0.01539
0.01533
0.01526
0.0152
0.01513
0.01506
0.015
0.01493
0.01487
0.0148
0.01475
0.01468
0.01463
0.01456
0.01451
0.01445
0.01439
0.01435
0.0143
0.01425
0.01421
0.01415
0.01412
0.01408
0.01405
0.01401
0.01398
0.01394
0.01392
0.01389
0.01387
0.01385
0.01383
0.01381
0.01379
0.01378
0.01376
0.01374
0.01373
0.01371
0.01371
0.01368
0.01368
0.01365
0.01365
0.01362
0.0136
0.01358
0.01356
0.01354
0.01352
0.01349
0.01347
0.01343
0.01341
0.01338
0.01335
0.01331
0.01328
0.01324
0.01321
0.01317
0.01312
0.01308
0.01304
0.01299
0.01295
0.0129
0.01285
0.0128
0.01275
0.01269
0.01264
0.01257
0.01252
0.01245
0.01239
0.01233
0.01226
0.01219
0.01212
0.01205
0.01198
0.01191
0.01184
0.01176
0.01169
0.01161
0.01154
0.01146
0.0114
0.01132
0.01125
0.01118
0.01111
0.01104
0.01097
0.0109
0.01084
0.01078
0.01072
0.01065
0.0106
0.01053
0.01048
0.01042
0.01037
0.01031
0.01027
0.01021
0.01016
0.0101
0.01004
0.00999
0.00994
0.00988
0.00983
0.00977
0.00972
0.00966
0.0096
0.00954
0.00948
0.00942
0.00936
0.0093
0.00924
0.00917
0.00911
0.00905
0.00899
0.00893
0.00888
0.00881
0.00876
0.0087
0.00865
0.00859
0.00854
0.00849
0.00845
0.0084
0.00835
0.00831
0.00827
0.00823
0.00819
0.00815
0.00812
0.00808
0.00805
0.00801
0.00799
0.00795
0.00792
0.00788
0.00786
0.00782
0.00779
0.00776
0.00772
0.00769
0.00766
0.00763
0.0076
0.00757
0.00754
0.0075
0.00748
0.00745
0.00743
0.00739
0.00738
0.00735
0.00733
0.0073
0.00729
0.00727
0.00726
0.00725
0.00724
0.00723
0.00723
0.00722
0.00723
0.00722
0.00723
0.00722
0.00724
0.00724
0.00725
0.00725
0.00726
0.00727
0.00728
0.00729
0.0073
0.0073
0.00732
0.00732
0.00733
0.00732
0.00733
0.00733
0.00734
0.00733
0.00733
0.00732
0.00731
0.0073
0.0073
0.00729
0.00728
0.00726
0.00726
0.00724
0.00723
0.00721
0.0072
0.00718
0.00718
0.00716
0.00715
0.00714
0.00713
0.00712
0.00712
0.00711
0.00711
0.0071
0.00711
0.00711
0.00711
0.00711
0.00712
0.00712
0.00714
0.00714
0.00715
0.00715
0.00716
0.00717
0.00718
0.00719
0.0072
0.00719
0.0072
0.0072
0.0072
0.00719
0.00719
0.00717
0.00717
0.00716
0.00714
0.00712
0.0071
0.00708
0.00706
0.00703
0.00701
0.00697
0.00695
0.00691
0.00689
0.00685
0.00682
0.00678
0.00675
0.00672
0.00668
0.00665
0.00661
0.00659
0.00656
0.00653
0.00651
0.00647
0.00646
0.00642
0.00641
0.00638
0.00636
0.00634
0.00633
0.0063
0.00628
0.00626
0.00624
0.00622
0.0062
0.00618
0.00616
0.00613
0.00611
0.00609
0.00607
0.00603
0.00602
0.00598
0.00596
0.00593
0.0059
0.00587
0.00584
0.00581
0.00579
0.00576
0.00574
0.0057
0.00568
0.00565
0.00563
0.0056
0.00558
0.00555
0.00554
0.00552
0.0055
0.00548
0.00546
0.00545
0.00544
0.00543
0.00542
0.0054
0.0054
0.00538
0.00538
0.00536
0.00536
0.00534
0.00534
0.00533
0.00532
0.0053
0.00528
0.00527
0.00525
0.00523
0.00522
0.00518
0.00516
0.00513
0.00511
0.00507
0.00504
0.00499
0.00496
0.00492
0.00487
0.00483
0.00478
0.00473
0.00468
0.00463
0.00458
0.00451
0.00446
0.0044
0.00435
0.00429
0.00424
0.00417
0.00412
0.00406
0.00401
0.00395
0.0039
0.00385
0.0038
0.00376
0.00372
0.00367
0.00364
0.0036
0.00358
0.00354
0.00352
0.00349
0.00348
0.00346
0.00344
0.00343
0.00342
0.00342
0.00342
0.00342
0.00342
0.00342
0.00343
0.00343
0.00345
0.00345
0.00347
0.00347
0.00349
0.0035
0.00352
0.00353
0.00354
0.00355
0.00357
0.00359
0.00361
0.00361
0.00364
0.00364
0.00367
0.00367
0.00369
0.0037
0.00372
0.00373
0.00375
0.00377
0.00378
0.0038
0.00382
0.00384
0.00387
0.00388
0.00391
0.00394
0.00397
0.00399
0.00403
0.00405
0.0041
0.00413
0.00417
0.0042
0.00424
0.00429
0.00433
0.00437
0.00442
0.00445
0.00451
0.00455
0.0046
0.00463
0.00468
0.00471
0.00476
0.00479
0.00483
0.00486
0.00489
0.00492
0.00495
0.00497
0.00499
0.00499
0.00501
0.00502
0.00503
0.00502
0.00502
0.00501
0.00501
0.00499
0.00498
0.00496
0.00493
0.00491
0.00489
0.00486
0.00484
0.0048
0.00478
0.00474
0.00471
0.00468
0.00465
0.00461
0.00458
0.00455
0.00451
0.00448
0.00444
0.00441
0.00439
0.00435
0.00433
0.00429
0.00427
0.00423
0.00421
0.00417
0.00415
0.00412
0.0041
0.00407
0.00404
0.00401
0.00399
0.00397
0.00395
0.00393
0.00391
0.00388
0.00387
0.00385
0.00385
0.00383
0.00383
0.00381
0.00382
0.00382
0.00382
0.00382
0.00383
0.00384
0.00386
0.00388
0.00391
0.00392
0.00396
0.00398
0.00402
0.00405
0.00409
0.00412
0.00417
0.00421
0.00425
0.00429
0.00434
0.00439
0.00443
0.00448
0.00453
0.00457
0.00463
0.00467
0.00473
0.00477
0.00483
0.00487
0.00493
0.00497
0.00502
0.00507
0.00512
0.00517
0.00523
0.00528
0.00534
0.00538
0.00545
0.0055
0.00556
0.00561
0.00568
0.00573
0.0058
0.00586
0.00593
0.00599
0.00605
0.00612
0.00619
0.00626
0.00633
0.00638
0.00646
0.00652
0.00659
0.00665
0.00672
0.00678
0.00685
0.00691
0.00697
0.00703
0.00708
0.00714
0.0072
0.00725
0.00731
0.00735
0.0074
0.00744
0.00749
0.00752
0.00756
0.00759
0.00763
0.00765
0.00768
0.0077
0.00771
0.00773
0.00774
0.00775
0.00776
0.00775
0.00775
0.00774
0.00774
0.00771
0.0077
0.00767
0.00766
0.00762
0.00759
0.00755
0.00751
0.00747
0.00743
0.00738
0.00733
0.00727
0.00722
0.00716
0.00711
0.00704
0.00698
0.00691
0.00686
0.00679
0.00672
0.00665
0.00659
0.00652
0.00646
0.0064
0.00634
0.00627
0.00622
0.00615
0.0061
0.00604
0.00599
0.00593
0.0059
0.00584
0.0058
0.00576
0.00572
0.00568
0.00565
0.00562
0.0056
0.00556
0.00554
0.00552
0.00551
0.00548
0.00547
0.00545
0.00545
0.00543
0.00541
0.0054
0.00539
0.00538
0.00537
0.00536
0.00536
0.00534
0.00533
0.00532
0.00531
0.00529
0.00528
0.00526
0.00526
0.00524
0.00523
0.00521
0.00519
0.00518
0.00517
0.00515
0.00515
0.00513
0.00512
0.00511
0.00511
0.0051
0.0051
0.00509
0.0051
0.0051
0.0051
0.00511
0.00511
0.00512
0.00514
0.00515
0.00517
0.00517
0.0052
0.00521
0.00523
0.00524
0.00526
0.00527
0.00529
0.0053
0.00531
0.00532
0.00532
0.00533
0.00534
0.00534
0.00534
0.00533
0.00533
0.00532
0.00532
0.00529
0.00528
0.00526
0.00525
0.00522
0.0052
0.00517
0.00514
0.00512
0.00509
0.00506
0.00504
0.005
0.00498
0.00494
0.00492
0.00489
0.00486
0.00483
0.00481
0.00478
0.00475
0.00472
0.0047
0.00467
0.00465
0.00462
0.0046
0.00457
0.00455
0.00453
0.00451
0.00448
0.00447
0.00443
0.00442
0.0044
0.00437
0.00435
0.00433
0.00431
0.0043
0.00428
0.00427
0.00424
0.00424
0.00422
0.00421
0.00419
0.00419
0.00418
0.00418
0.00417
0.00417
0.00417
0.00417
0.00417
0.00418
0.00418
0.00419
0.00419
0.00421
0.00421
0.00422
0.00422
0.00424
0.00424
0.00425
0.00426
0.00426
0.00426
0.00426
0.00426
0.00426
0.00426
0.00426
0.00424
0.00424
0.00422
0.00421
0.00419
0.00417
0.00414
0.00413
0.00411
0.00408
0.00406
0.00403
0.00401
0.00398
0.00396
0.00394
0.00391
0.0039
0.00387
0.00386
0.00384
0.00383
0.00382
0.00382
0.00381
0.0038
0.0038
0.0038
0.00382
0.00383
0.00384
0.00386
0.00387
0.0039
0.00391
0.00395
0.00396
0.004
0.00402
0.00406
0.00409
0.00412
0.00415
0.00418
0.00421
0.00425
0.00428
0.00432
0.00434
0.00437
0.00439
0.00442
0.00444
0.00447
0.00448
0.00451
0.00452
0.00454
0.00455
0.00456
0.00457
0.00458
0.0046
0.00461
0.00461
0.00462
0.00462
0.00464
0.00464
0.00465
0.00465
0.00467
0.00468
0.00469
0.0047
0.00471
0.00473
0.00475
0.00477
0.0048
0.00481
0.00485
0.00487
0.00491
0.00494
0.00498
0.00501
0.00507
0.0051
0.00515
0.0052
0.00524
0.0053
0.00535
0.00541
0.00547
0.00551
0.00558
0.00563
0.00569
0.00574
0.0058
0.00585
0.00591
0.00596
0.00601
0.00605
0.0061
0.00615
0.0062
0.00623
0.00628
0.00631
0.00635
0.00638
0.00642
0.00645
0.00648
0.0065
0.00654
0.00656
0.00659
0.00661
0.00663
0.00665
0.00668
0.0067
0.00673
0.00674
0.00677
0.00678
0.00681
0.00682
0.00684
0.00685
0.00688
0.00688
0.0069
0.0069
0.00691
0.00692
0.00693
0.00693
0.00693
0.00691
0.00691
0.00689
0.00688
0.00686
0.00684
0.00681
0.00679
0.00675
0.00672
0.00668
0.00664
0.0066
0.00657
0.00653
0.00649
0.00644
0.00641
0.00636
0.00633
0.00628
0.00625
0.0062
0.00618
0.00615
0.00612
0.00609
0.00607
0.00605
0.00603
0.00602
0.00601
0.00598
0.00598
0.00597
0.00596
0.00595
0.00594
0.00593
0.00593
0.00591
0.0059
0.00589
0.00587
0.00585
0.00584
0.00582
0.0058
0.00577
0.00575
0.00572
0.00569
0.00566
0.00563
0.00559
0.00556
0.00552
0.00549
0.00545
0.00541
0.00538
0.00534
0.00531
0.00528
0.00523
0.00521
0.00517
0.00515
0.00511
0.00509
0.00505
0.00503
0.005
0.00497
0.00494
0.00492
0.00489
0.00487
0.00485
0.00483
0.00479
0.00478
0.00475
0.00473
0.0047
0.00469
0.00466
0.00465
0.00463
0.00461
0.00459
0.00457
0.00456
0.00455
0.00455
0.00454
0.00453
0.00453
0.00453
0.00453
0.00453
0.00454
0.00453
0.00455
0.00455
0.00456
0.00457
0.00457
0.00458
0.00459
0.0046
0.0046
0.00459
0.0046
0.00459
0.00459
0.00457
0.00457
0.00454
0.00453
0.0045
0.00447
0.00444
0.0044
0.00437
0.00433
0.00428
0.00424
0.00418
0.00414
0.00408
0.00403
0.00396
0.00391
0.00384
0.00379
0.00372
0.00366
0.0036
0.00354
0.00348
0.00342
0.00336
0.00331
0.00324
0.0032
0.00314
0.0031
0.00304
0.003
0.00294
0.00291
0.00286
0.00282
0.00278
0.00275
0.00272
0.00269
0.00266
0.00264
0.00261
0.0026
0.00258
0.00257
0.00254
0.00254
0.00252
0.00252
0.00251
0.00251
0.0025
0.00249
0.00249
0.00249
0.00249
0.00249
0.00247
0.00248
0.00246
0.00247
0.00245
0.00245
0.00243
0.00243
0.00241
0.0024
0.00238
0.00236
0.00235
0.00235
0.00233
0.00233
0.0023
0.0023
0.0023
0.0023
0.00229
0.0023
0.0023
0.00233
0.00234
0.00236
0.00239
0.00242
0.00246
0.0025
0.00255
0.00261
0.00266
0.00272
0.00278
0.00286
0.00292
0.003
0.00306
0.00315
0.00322
0.00329
0.00337
0.00344
0.00351
0.00359
0.00365
0.00373
0.00378
0.00385
0.0039
0.00396
0.004
0.00406
0.00409
0.00414
0.00418
0.00422
0.00425
0.00428
0.00432
0.00435
0.00438
0.00442
0.00443
0.00447
0.0045
0.00453
0.00456
0.0046
0.00462
0.00466
0.0047
0.00473
0.00476
0.00479
0.00483
0.00486
0.0049
0.00493
0.00495
0.00499
0.00501
0.00504
0.00505
0.00508
0.00508
0.0051
0.0051
0.00511
0.00511
0.0051
0.0051
0.00509
0.00507
0.00506
0.00503
0.00502
0.00499
0.00497
0.00493
0.00491
0.00487
0.00484
0.00481
0.00478
0.00474
0.00471
0.00468
0.00466
0.00463
0.00461
0.00458
0.00457
0.00454
0.00453
0.0045
0.00449
0.00447
0.00447
0.00445
0.00444
0.00442
0.00441
0.0044
0.00439
0.00438
0.00437
0.00435
0.00434
0.00432
0.0043
0.00428
0.00426
0.00423
0.00421
0.00418
0.00415
0.00412
0.00408
0.00405
0.00401
0.00398
0.00394
0.00389
0.00386
0.00382
0.00378
0.00373
0.0037
0.00365
0.00362
0.00357
0.00354
0.0035
0.00346
0.00343
0.00341
0.00338
0.00336
0.00333
0.00331
0.00329
0.00328
0.00326
0.00325
0.00323
0.00323
0.00323
0.00322
0.00322
0.00322
0.00323
0.00323
0.00324
0.00325
0.00325
0.00327
0.00328
0.0033
0.00331
0.00333
0.00334
0.00337
0.00339
0.00341
0.00342
0.00344
0.00347
0.00349
0.00351
0.00354
0.00355
0.00359
0.0036
0.00364
0.00365
0.00368
0.00369
0.00373
0.00374
0.00377
0.00378
0.00381
0.00383
0.00386
0.00388
0.00391
0.00392
0.00395
0.00396
0.00399
0.00401
0.00404
0.00405
0.00409
0.0041
0.00413
0.00414
0.00416
0.00419
0.00421
0.00422
0.00425
0.00425
0.00427
0.00428
0.0043
0.0043
0.00431
0.0043
0.00431
0.0043
0.0043
0.00429
0.00427
0.00426
0.00424
0.00422
0.0042
0.00416
0.00414
0.0041
0.00408
0.00403
0.004
0.00396
0.00393
0.00389
0.00386
0.00382
0.00379
0.00377
0.00374
0.00372
0.00371
0.00368
0.00368
0.00367
0.00368
0.00367
0.00368
0.00369
0.00372
0.00373
0.00376
0.00378
0.00381
0.00385
0.00388
0.00392
0.00396
0.00399
0.00404
0.00407
0.00412
0.00414
0.00419
0.00421
0.00425
0.00427
0.0043
0.00432
0.00434
0.00437
0.00439
0.0044
0.00443
0.00443
0.00445
0.00446
0.00448
0.00449
0.00451
0.00452
0.00454
0.00456
0.00458
0.0046
0.00462
0.00465
0.00469
0.00472
0.00476
0.00479
0.00484
0.00488
0.00493
0.00497
0.00502
0.00506
0.00512
0.00516
0.0052
0.00525
0.00528
0.00532
0.00536
0.00539
0.00543
0.00544
0.00547
0.00548
0.00549
0.00549
0.0055
0.00549
0.0055
0.00548
0.00547
0.00545
0.00543
0.00541
0.00539
0.00536
0.00534
0.0053
0.00528
0.00525
0.00522
0.00519
0.00517
0.00513
0.00511
0.00508
0.00505
0.00503
0.005
0.00498
0.00496
0.00494
0.00492
0.00489
0.00488
0.00486
0.00484
0.00481
0.00479
0.00476
0.00475
0.00472
0.0047
0.00467
0.00464
0.00461
0.00458
0.00456
0.00453
0.00449
0.00447
0.00443
0.00441
0.00437
0.00435
0.00432
0.0043
0.00427
0.00425
0.00423
0.00421
0.0042
0.00419
0.00419
0.00419
0.00417
0.00419
0.00419
0.0042
0.0042
0.00422
0.00423
0.00426
0.00427
0.00429
0.00431
0.00433
0.00436
0.00439
0.00441
0.00444
0.00445
0.00448
0.0045
0.00453
0.00454
0.00457
0.00458
0.0046
0.00461
0.00462
0.00463
0.00464
0.00465
0.00466
0.00466
0.00467
0.00466
0.00467
0.00467
0.00468
0.00467
0.00468
0.00467
0.00468
0.00467
0.00467
0.00467
0.00467
0.00467
0.00468
0.00468
0.00468
0.00467
0.00468
0.00468
0.00468
0.00467
0.00468
0.00466
0.00466
0.00465
0.00464
0.00462
0.0046
0.00459
0.00457
0.00454
0.00452
0.00448
0.00445
0.00441
0.00438
0.00432
0.00429
0.00423
0.00419
0.00413
0.00408
0.00402
0.00396
0.00391
0.00386
0.00381
0.00376
0.00369
0.00365
0.0036
0.00355
0.00351
0.00347
0.00342
0.00339
0.00335
0.00332
0.00329
0.00326
0.00324
0.00323
0.00321
0.0032
0.00317
0.00317
0.00315
0.00315
0.00313
0.00313
0.00311
0.00311
0.00309
0.00308
0.00306
0.00304
0.00303
0.00301
0.00299
0.00297
0.00294
0.00292
0.00289
0.00286
0.00282
0.00279
0.00275
0.00272
0.00268
0.00264
0.00261
0.00257
0.00253
0.0025
0.00247
0.00245
0.00241
0.00239
0.00236
0.00235
0.00232
0.00231
0.00229
0.0023
0.00229
0.00229
0.00229
0.0023
0.00231
0.00233
0.00235
0.00237
0.00238
0.00242
0.00244
0.00248
0.00251
0.00254
0.00257
0.00262
0.00264
0.00268
0.00271
0.00274
0.00278
0.00282
0.00285
0.00288
0.0029
0.00293
0.00295
0.00298
0.00299
0.00302
0.00303
0.00305
0.00306
0.00308
0.00308
0.0031
0.00311
0.00312
0.00313
0.00315
0.00315
0.00318
0.00319
0.00321
0.00323
0.00326
0.00327
0.00331
0.00334
0.00337
0.00341
0.00345
0.00349
0.00354
0.0036
0.00365
0.0037
0.00377
0.00383
0.0039
0.00396
0.00403
0.00409
0.00417
0.00424
0.00431
0.00438
0.00444
0.00452
0.00458
0.00465
0.00471
0.00476
0.00483
0.00488
0.00494
0.00498
0.00503
0.00506
0.00511
0.00514
0.00517
0.0052
0.00522
0.00525
0.00527
0.00528
0.0053
0.0053
0.00532
0.00532
0.00534
0.00534
0.00535
0.00535
0.00536
0.00536
0.00536
0.00537
0.00537
0.00538
0.00539
0.0054
0.00542
0.00542
0.00544
0.00545
0.00548
0.00549
0.00551
0.00553
0.00556
0.00558
0.00561
0.00563
0.00565
0.00568
0.00571
0.00574
0.00577
0.00579
0.00582
0.00584
0.00587
0.00589
0.00592
0.00592
0.00595
0.00596
0.00597
0.00598
0.00598
0.00599
0.00599
0.00599
0.00599
0.00597
0.00596
0.00594
0.00593
0.0059
0.00588
0.00585
0.00583
0.00579
0.00576
0.00571
0.00567
0.00564
0.0056
0.00556
0.00551
0.00546
0.00542
0.00537
0.00533
0.00528
0.00523
0.00518
0.00514
0.00509
0.00504
0.00499
0.00494
0.00489
0.00484
0.00479
0.00474
0.00468
0.00464
0.00458
0.00453
0.00446
0.00441
0.00434
0.00429
0.00422
0.00416
0.00409
0.00402
0.00396
0.00389
0.00382
0.00376
0.00368
0.00362
0.00355
0.00349
0.00342
0.00337
0.0033
0.00326
0.0032
0.00315
0.0031
0.00306
0.00303
0.003
0.00297
0.00295
0.00293
0.00292
0.00292
0.00292
0.00292
0.00293
0.00293
0.00296
0.00297
0.00299
0.00301
0.00303
0.00306
0.00309
0.00311
0.00315
0.00316
0.00319
0.00321
0.00324
0.00324
0.00327
0.00327
0.00329
0.00329
0.0033
0.0033
0.0033
0.0033
0.0033
0.00329
0.00329
0.00328
0.00328
0.00326
0.00327
0.00325
0.00326
0.00324
0.00326
0.00325
0.00326
0.00326
0.00327
0.00329
0.0033
0.00332
0.00335
0.00336
0.0034
0.00342
0.00346
0.00348
0.00352
0.00354
0.00358
0.0036
0.00363
0.00365
0.00367
0.0037
0.00372
0.00373
0.00374
0.00373
0.00375
0.00373
0.00374
0.00372
0.00371
0.00368
0.00367
0.00364
0.00362
0.00359
0.00356
0.00353
0.00351
0.00348
0.00346
0.00342
0.00341
0.00339
0.00338
0.00336
0.00336
0.00335
0.00337
0.00337
0.00338
0.00339
0.00341
0.00344
0.00347
0.0035
0.00354
0.00357
0.00362
0.00365
0.0037
0.00373
0.00377
0.0038
0.00385
0.00388
0.00391
0.00393
0.00395
0.00398
0.00399
0.004
0.00402
0.00401
0.00401
0.00401
0.00401
0.00398
0.00398
0.00395
0.00394
0.00391
0.00389
0.00386
0.00384
0.00382
0.0038
0.00377
0.00376
0.00373
0.00372
0.00369
0.00368
0.00367
0.00366
0.00364
0.00365
0.00364
0.00364
0.00363
0.00363
0.00364
0.00364
0.00365
0.00366
0.00365
0.00367
0.00367
0.00368
0.00368
0.00369
0.00369
0.00371
0.00371
0.00372
0.00372
0.00372
0.00373
0.00374
0.00375
0.00376
0.00376
0.00378
0.00378
0.0038
0.0038
0.00382
0.00383
0.00386
0.00387
0.00389
0.00391
0.00393
0.00395
0.00398
0.004
0.00403
0.00404
0.00407
0.00408
0.00411
0.00412
0.00414
0.00416
0.00418
0.00419
0.0042
0.0042
0.00421
0.00421
0.00422
0.00422
0.00422
0.0042
0.00421
0.00419
0.00419
0.00417
0.00417
0.00415
0.00415
0.00414
0.00413
0.00412
0.00411
0.00411
0.00411
0.00411
0.00411
0.00411
0.00412
0.00412
0.00414
0.00414
0.00416
0.00417
0.0042
0.00422
0.00424
0.00426
0.00428
0.0043
0.00433
0.00435
0.00439
0.0044
0.00443
0.00444
0.00447
0.00448
0.0045
0.00451
0.00453
0.00453
0.00454
0.00455
0.00455
0.00455
0.00455
0.00455
0.00456
0.00454
0.00455
0.00453
0.00454
0.00452
0.00452
0.00451
0.00452
0.00451
0.00451
0.0045
0.0045
0.00451
0.00452
0.00452
0.00453
0.00453
0.00455
0.00456
0.00458
0.00458
0.00461
0.00461
0.00464
0.00465
0.00467
0.00469
0.0047
0.00472
0.00474
0.00476
0.00478
0.00478
0.0048
0.0048
0.00482
0.00482
0.00483
0.00483
0.00484
0.00484
0.00484
0.00484
0.00484
0.00485
0.00485
0.00485
0.00486
0.00486
0.00487
0.00487
0.00488
0.00488
0.0049
0.0049
0.00493
0.00494
0.00496
0.00497
0.00499
0.00502
0.00505
0.00507
0.00511
0.00512
0.00516
0.00518
0.00522
0.00524
0.00528
0.0053
0.00533
0.00535
0.00537
0.0054
0.00541
0.00543
0.00545
0.00546
0.00548
0.00548
0.0055
0.0055
0.00552
0.00551
0.00553
0.00552
0.00553
0.00553
0.00553
0.00553
0.00553
0.00554
0.00554
0.00555
0.00556
0.00555
0.00557
0.00557
0.00559
0.00559
0.0056
0.00561
0.00562
0.00563
0.00564
0.00565
0.00566
0.00567
0.00567
0.00568
0.00569
0.00568
0.00569
0.00568
0.00569
0.00567
0.00567
0.00565
0.00565
0.00562
0.00561
0.00558
0.00556
0.00554
0.00551
0.00549
0.00546
0.00542
0.0054
0.00536
0.00534
0.0053
0.00528
0.00523
0.00522
0.00518
0.00515
0.00512
0.00509
0.00506
0.00504
0.00501
0.00499
0.00495
0.00493
0.00491
0.00489
0.00485
0.00483
0.0048
0.00479
0.00476
0.00473
0.0047
0.00467
0.00465
0.00462
0.00459
0.00457
0.00453
0.0045
0.00447
0.00445
0.00441
0.00439
0.00435
0.00433
0.0043
0.00427
0.00424
0.00421
0.00419
0.00416
0.00414
0.00413
0.00409
0.00408
0.00406
0.00404
0.00402
0.00401
0.00399
0.00399
0.00397
0.00396
0.00395
0.00394
0.00393
0.00393
0.00392
0.00392
0.00391
0.00391
0.00391
0.00391
0.00391
0.00391
0.00391
0.00393
0.00393
0.00394
0.00395
0.00395
0.00397
0.00399
0.004
0.00403
0.00404
0.00406
0.00408
0.00411
0.00413
0.00416
0.00418
0.00422
0.00424
0.00427
0.00429
0.00432
0.00435
0.00437
0.0044
0.00443
0.00444
0.00447
0.00449
0.00452
0.00453
0.00455
0.00456
0.00458
0.0046
0.00461
0.00462
0.00463
0.00465
0.00466
0.00468
0.0047
0.00471
0.00473
0.00475
0.00478
0.00479
0.00482
0.00483
0.00487
0.00489
0.00492
0.00494
0.00497
0.005
0.00503
0.00506
0.00509
0.0051
0.00514
0.00515
0.00518
0.00519
0.00521
0.00522
0.00523
0.00523
0.00523
0.00523
0.00522
0.00522
0.0052
0.00519
0.00517
0.00514
0.00513
0.00509
0.00507
0.00504
0.00501
0.00497
0.00496
0.00492
0.00489
0.00486
0.00483
0.00481
0.00479
0.00476
0.00475
0.00473
0.00472
0.0047
0.0047
0.00468
0.00468
0.00467
0.00467
0.00466
0.00466
0.00465
0.00465
0.00465
0.00464
0.00463
0.00463
0.00461
0.0046
0.00458
0.00457
0.00454
0.00452
0.00448
0.00446
0.00442
0.00439
0.00434
0.0043
0.00426
0.00421
0.00417
0.00412
0.00406
0.00402
0.00396
0.00392
0.00386
0.00381
0.00375
0.00371
0.00366
0.00361
0.00356
0.00351
0.00347
0.00342
0.00338
0.00334
0.00329
0.00326
0.00322
0.00319
0.00315
0.00311
0.00307
0.00305
0.00301
0.00298
0.00295
0.00292
0.00289
0.00286
0.00284
0.00281
0.00278
0.00276
0.00273
0.00272
0.00269
0.00267
0.00265
0.00264
0.00262
0.00261
0.00259
0.00258
0.00258
0.00257
0.00256
0.00256
0.00255
0.00256
0.00255
0.00256
0.00255
0.00256
0.00256
0.00258
0.00258
0.00258
0.00259
0.00259
0.00261
0.00262
0.00263
0.00265
0.00265
0.00267
0.00268
0.0027
0.00271
0.00273
0.00274
0.00277
0.00279
0.00281
0.00283
0.00285
0.00288
0.0029
0.00293
0.00297
0.00299
0.00303
0.00305
0.00309
0.00312
0.00316
0.00319
0.00324
0.00327
0.00331
0.00334
0.00338
0.00342
0.00346
0.00351
0.00355
0.00358
0.00363
0.00366
0.00371
0.00375
0.00379
0.00383
0.00388
0.00391
0.00396
0.004
0.00404
0.00409
0.00413
0.00418
0.00423
0.00427
0.00432
0.00437
0.00442
0.00447
0.00452
0.00457
0.00463
0.00467
0.00472
0.00477
0.00482
0.00487
0.00492
0.00497
0.00503
0.00506
0.00512
0.00515
0.0052
0.00524
0.00528
0.00531
0.00536
0.00538
0.00541
0.00544
0.00546
0.00549
0.00552
0.00554
0.00556
0.00557
0.00559
0.00561
0.00563
0.00563
0.00565
0.00566
0.00567
0.00568
0.00569
0.0057
0.0057
0.00571
0.00572
0.00573
0.00574
0.00573
0.00574
0.00574
0.00574
0.00573
0.00573
0.00571
0.00571
0.0057
0.00568
0.00566
0.00563
0.00561
0.00559
0.00555
0.00553
0.00548
0.00544
0.00539
0.00535
0.0053
0.00525
0.00519
0.00515
0.00509
0.00503
0.00497
0.00491
0.00485
0.00479
0.00474
0.00469
0.00462
0.00458
0.00452
0.00448
0.00442
0.00438
0.00433
0.0043
0.00425
0.00421
0.00417
0.00414
0.00411
0.00408
0.00405
0.00402
0.00398
0.00396
0.00393
0.00391
0.00388
0.00386
0.00383
0.00382
0.00378
0.00376
0.00373
0.00371
0.00369
0.00367
0.00365
0.00364
0.0036
0.00359
0.00357
0.00356
0.00354
0.00353
0.00351
0.00351
0.0035
0.00349
0.00349
0.00348
0.00348
0.00349
0.00349
0.0035
0.00349
0.00351
0.00351
0.00352
0.00353
0.00354
0.00355
0.00357
0.00357
0.00359
0.0036
0.00361
0.00363
0.00365
0.00367
0.00369
0.0037
0.00372
0.00374
0.00377
0.00378
0.00381
0.00382
0.00386
0.00388
0.0039
0.00393
0.00395
0.00398
0.00401
0.00404
0.00407
0.00408
0.00412
0.00414
0.00417
0.00418
0.00421
0.00422
0.00425
0.00426
0.00427
0.00427
0.00427
0.00427
0.00427
0.00427
0.00427
0.00424
0.00424
0.00421
0.0042
0.00417
0.00415
0.00411
0.00409
0.00406
0.00403
0.00399
0.00396
0.00393
0.0039
0.00388
0.00385
0.00382
0.0038
0.00378
0.00377
0.00375
0.00374
0.00372
0.00372
0.00371
0.00371
0.0037
0.0037
0.00371
0.00371
0.00372
0.00373
0.00372
0.00374
0.00374
0.00375
0.00375
0.00376
0.00375
0.00377
0.00376
0.00376
0.00375
0.00375
0.00375
0.00374
0.00373
0.00373
0.00371
0.0037
0.00369
0.00368
0.00367
0.00366
0.00364
0.00364
0.00362
0.00361
0.0036
0.00359
0.00359
0.00358
0.00357
0.00357
0.00355
0.00356
0.00355
0.00355
0.00354
0.00354
0.00352
0.00352
0.00351
0.0035
0.00349
0.00347
0.00346
0.00344
0.00342
0.00341
0.00337
0.00336
0.00333
0.00331
0.00327
0.00324
0.00321
0.00318
0.00315
0.00311
0.00308
0.00305
0.00302
0.00299
0.00296
0.00294
0.0029
0.00289
0.00286
0.00285
0.00283
0.00282
0.0028
0.0028
0.00279
0.00278
0.00277
0.00277
0.00277
0.00278
0.00278
0.00279
0.00279
0.0028
0.0028
0.00281
0.00281
0.00282
0.00282
0.00284
0.00284
0.00284
0.00284
0.00285
0.00285
0.00286
0.00287
0.00288
0.00287
0.00289
0.00289
0.00291
