1.10069192597348E+03

0.00281
0.00279
0.00279
0.00278
0.00278
0.00277
0.00277
0.00277
0.00277
0.00278
0.00279
0.0028
0.00282
0.00282
0.00284
0.00284
0.00286
0.00287
0.00289
0.00289
0.00292
0.00292
0.00293
0.00295
0.00295
0.00297
0.00298
0.003
0.00302
0.00302
0.00304
0.00305
0.00308
0.00309
0.00311
0.00313
0.00316
0.00318
0.00321
0.00323
0.00326
0.0033
0.00334
0.00338
0.00343
0.00347
0.00352
0.00357
0.00362
0.00367
0.00373
0.00377
0.00384
0.00389
0.00395
0.004
0.00405
0.00411
0.00416
0.00422
0.00427
0.00431
0.00436
0.0044
0.00445
0.00448
0.00452
0.00455
0.00459
0.00461
0.00464
0.00466
0.00468
0.00471
0.00473
0.00474
0.00477
0.00477
0.00479
0.0048
0.00482
0.00483
0.00484
0.00484
0.00486
0.00487
0.00488
0.00488
0.00489
0.0049
0.00491
0.00492
0.00493
0.00492
0.00493
0.00493
0.00494
0.00494
0.00494
0.00494
0.00494
0.00494
0.00494
0.00493
0.00492
0.00492
0.00492
0.00492
0.00492
0.00491
0.00491
0.0049
0.00491
0.0049
0.00491
0.0049
0.00491
0.00491
0.00492
0.00492
0.00492
0.00494
0.00496
0.00497
0.00499
0.00499
0.00502
0.00503
0.00506
0.00507
0.0051
0.00512
0.00515
0.00517
0.00518
0.0052
0.00522
0.00525
0.00527
0.00529
0.00531
0.00532
0.00534
0.00535
0.00536
0.00537
0.00538
0.00538
0.0054
0.0054
0.0054
0.0054
0.0054
0.00541
0.00541
0.00541
0.00541
0.0054
0.0054
0.00539
0.00539
0.00538
0.00537
0.00536
0.00536
0.00535
0.00533
0.00532
0.0053
0.00529
0.00528
0.00527
0.00525
0.00522
0.00521
0.00519
0.00517
0.00514
0.00512
0.00509
0.00507
0.00504
0.00501
0.00497
0.00494
0.00491
0.00488
0.00484
0.00481
0.00476
0.00474
0.0047
0.00466
0.00462
0.00458
0.00454
0.00451
0.00446
0.00442
0.00438
0.00434
0.0043
0.00426
0.00422
0.00419
0.00414
0.00411
0.00406
0.00403
0.00398
0.00394
0.0039
0.00386
0.00382
0.00377
0.00373
0.00368
0.00365
0.00361
0.00357
0.00353
0.00348
0.00345
0.0034
0.00337
0.00333
0.00329
0.00325
0.00323
0.00319
0.00316
0.00312
0.00309
0.00307
0.00305
0.00302
0.00301
0.00298
0.00297
0.00295
0.00294
0.00292
0.00291
0.00289
0.0029
0.00288
0.00287
0.00287
0.00286
0.00285
0.00285
0.00285
0.00285
0.00284
0.00284
0.00284
0.00284
0.00283
0.00284
0.00283
0.00284
0.00283
0.00284
0.00284
0.00284
0.00284
0.00285
0.00286
0.00288
0.00288
0.00291
0.00292
0.00295
0.00297
0.003
0.00302
0.00307
0.0031
0.00314
0.00318
0.00322
0.00327
0.00332
0.00337
0.00343
0.00347
0.00354
0.00359
0.00365
0.0037
0.00376
0.00381
0.00387
0.00392
0.00397
0.00401
0.00406
0.0041
0.00414
0.00418
0.00422
0.00424
0.00427
0.00429
0.00432
0.00432
0.00434
0.00435
0.00437
0.00437
0.00437
0.00437
0.00437
0.00437
0.00438
0.00437
0.00438
0.00437
0.00438
0.00437
0.00438
0.00437
0.00438
0.00438
0.00439
0.00439
0.0044
0.00441
0.00441
0.00442
0.00444
0.00445
0.00447
0.00447
0.00448
0.00449
0.00451
0.00451
0.00452
0.00452
0.00453
0.00453
0.00453
0.00453
0.00453
0.00452
0.00452
0.00451
0.00451
0.00448
0.00448
0.00445
0.00444
0.00441
0.0044
0.00436
0.00435
0.00432
0.00429
0.00426
0.00422
0.00419
0.00416
0.00413
0.0041
0.00406
0.00403
0.00399
0.00397
0.00393
0.00391
0.00387
0.00385
0.00382
0.0038
0.00377
0.00375
0.00373
0.00371
0.0037
0.00369
0.00367
0.00367
0.00366
0.00366
0.00365
0.00366
0.00366
0.00368
0.00368
0.00369
0.0037
0.00372
0.00374
0.00377
0.00379
0.00382
0.00384
0.00387
0.0039
0.00393
0.00396
0.00399
0.00402
0.00406
0.00409
0.00413
0.00416
0.00418
0.00422
0.00425
0.00428
0.00432
0.00434
0.00437
0.00439
0.00442
0.00444
0.00447
0.00448
0.00451
0.00453
0.00455
0.00456
0.00457
0.00459
0.0046
0.00461
0.00463
0.00463
0.00464
0.00464
0.00465
0.00465
0.00466
0.00465
0.00466
0.00465
0.00465
0.00463
0.00463
0.00462
0.00461
0.0046
0.00459
0.00456
0.00455
0.00453
0.00452
0.00449
0.00447
0.00444
0.00442
0.00439
0.00436
0.00433
0.0043
0.00427
0.00424
0.00421
0.00419
0.00414
0.00412
0.00408
0.00405
0.00401
0.00398
0.00395
0.00392
0.00388
0.00385
0.00382
0.00379
0.00376
0.00373
0.00371
0.00369
0.00365
0.00364
0.00361
0.0036
0.00357
0.00357
0.00354
0.00354
0.00353
0.00352
0.00352
0.00352
0.00352
0.00353
0.00354
0.00355
0.00355
0.00357
0.00359
0.00361
0.00363
0.00366
0.00368
0.00372
0.00374
0.00377
0.0038
0.00383
0.00387
0.00391
0.00395
0.00399
0.00402
0.00407
0.0041
0.00415
0.00418
0.00422
0.00425
0.0043
0.00433
0.00437
0.0044
0.00443
0.00447
0.0045
0.00453
0.00457
0.00459
0.00463
0.00465
0.00469
0.00471
0.00474
0.00476
0.00479
0.00481
0.00483
0.00485
0.00487
0.00489
0.00491
0.00492
0.00495
0.00495
0.00497
0.00498
0.00499
0.00499
0.00501
0.005
0.00502
0.00501
0.00501
0.00501
0.005
0.005
0.005
0.00499
0.00499
0.00497
0.00497
0.00495
0.00495
0.00493
0.00492
0.0049
0.0049
0.00488
0.00487
0.00486
0.00485
0.00484
0.00484
0.00483
0.00483
0.00481
0.00481
0.0048
0.00481
0.00479
0.00479
0.00478
0.00479
0.00478
0.00478
0.00477
0.00476
0.00476
0.00476
0.00475
0.00474
0.00472
0.00472
0.0047
0.0047
0.00468
0.00466
0.00464
0.00463
0.00461
0.00459
0.00457
0.00455
0.00453
0.00452
0.0045
0.00449
0.00446
0.00446
0.00444
0.00443
0.00442
0.00442
0.0044
0.00441
0.0044
0.0044
0.0044
0.0044
0.00441
0.00442
0.00443
0.00444
0.00444
0.00446
0.00447
0.00448
0.00448
0.0045
0.0045
0.00452
0.00452
0.00452
0.00453
0.00453
0.00453
0.00454
0.00454
0.00454
0.00453
0.00454
0.00453
0.00454
0.00453
0.00454
0.00454
0.00455
0.00455
0.00456
0.00456
0.00457
0.00458
0.0046
0.00461
0.00464
0.00465
0.00468
0.00469
0.00472
0.00473
0.00476
0.00477
0.0048
0.00482
0.00483
0.00484
0.00485
0.00486
0.00487
0.00487
0.00488
0.00486
0.00486
0.00484
0.00483
0.0048
0.00478
0.00474
0.00473
0.00469
0.00465
0.00461
0.00457
0.00453
0.0045
0.00446
0.00443
0.00438
0.00435
0.00432
0.0043
0.00426
0.00424
0.00421
0.00421
0.00419
0.00417
0.00416
0.00415
0.00415
0.00414
0.00414
0.00414
0.00413
0.00414
0.00413
0.00413
0.00412
0.00411
0.00409
0.00409
0.00407
0.00405
0.00403
0.004
0.00397
0.00395
0.00391
0.00388
0.00384
0.00381
0.00377
0.00374
0.00369
0.00366
0.00362
0.0036
0.00356
0.00353
0.00351
0.00348
0.00346
0.00345
0.00344
0.00343
0.00342
0.00342
0.00342
0.00343
0.00343
0.00344
0.00344
0.00346
0.00346
0.00347
0.00348
0.00349
0.00349
0.0035
0.00351
0.00351
0.0035
0.00351
0.00349
0.00349
0.00347
0.00346
0.00344
0.00342
0.0034
0.00338
0.00336
0.00333
0.00332
0.0033
0.00328
0.00327
0.00325
0.00325
0.00324
0.00325
0.00324
0.00326
0.00326
0.00329
0.00331
0.00333
0.00336
0.00339
0.00344
0.00349
0.00354
0.00359
0.00364
0.0037
0.00376
0.00383
0.00388
0.00395
0.004
0.00407
0.00413
0.00418
0.00424
0.00429
0.00435
0.0044
0.00444
0.00449
0.00452
0.00457
0.0046
0.00463
0.00466
0.00468
0.0047
0.00473
0.00474
0.00476
0.00477
0.00478
0.0048
0.00481
0.00483
0.00484
0.00485
0.00487
0.00488
0.0049
0.00491
0.00494
0.00495
0.00497
0.005
0.00502
0.00505
0.00507
0.0051
0.00514
0.00517
0.00521
0.00525
0.00529
0.00533
0.00538
0.00542
0.00547
0.00551
0.00557
0.00562
0.00568
0.00574
0.0058
0.00588
0.00595
0.00603
0.00612
0.00621
0.00631
0.00641
0.00654
0.00666
0.0068
0.00694
0.00711
0.00728
0.00746
0.00766
0.00787
0.0081
0.00835
0.00862
0.0089
0.0092
0.00952
0.00985
0.01022
0.01059
0.01098
0.01139
0.01183
0.01228
0.01274
0.01323
0.01373
0.01426
0.0148
0.01536
0.01594
0.01653
0.01714
0.01775
0.01839
0.01905
0.01971
0.02039
0.0211
0.02181
0.02253
0.02327
0.02402
0.02479
0.02558
0.02637
0.02719
0.02801
0.02886
0.02972
0.0306
0.03149
0.0324
0.03332
0.03427
0.03523
0.0362
0.0372
0.03821
0.03924
0.04028
0.04134
0.04242
0.04351
0.04462
0.04574
0.04688
0.04803
0.04918
0.05035
0.05154
0.05273
0.05393
0.05514
0.05635
0.05757
0.05879
0.06002
0.06126
0.06249
0.06372
0.06495
0.06619
0.06743
0.06866
0.06989
0.07112
0.07235
0.07357
0.07479
0.07601
0.07722
0.07844
0.07964
0.08084
0.08204
0.08323
0.08441
0.0856
0.08677
0.08794
0.0891
0.09027
0.09142
0.09257
0.09371
0.09484
0.09597
0.09708
0.09819
0.09929
0.10039
0.10147
0.10253
0.1036
0.10465
0.10569
0.10671
0.10773
0.10873
0.10973
0.1107
0.11167
0.11261
0.11355
0.11447
0.11537
0.11627
0.11714
0.118
0.11884
0.11968
0.12049
0.12129
0.12207
0.12284
0.12359
0.12433
0.12505
0.12575
0.12644
0.1271
0.12776
0.12839
0.12901
0.12961
0.13019
0.13076
0.13131
0.13184
0.13236
0.13285
0.13333
0.13379
0.13423
0.13465
0.13506
0.13544
0.13581
0.13616
0.13649
0.1368
0.1371
0.13738
0.13764
0.13789
0.13812
0.13834
0.13854
0.13872
0.1389
0.13905
0.13919
0.13932
0.13944
0.13954
0.13963
0.13971
0.13978
0.13984
0.13989
0.13993
0.13996
0.13997
0.13998
0.13998
0.13997
0.13994
0.13991
0.13986
0.13981
0.13974
0.13966
0.13958
0.13948
0.13937
0.13924
0.13911
0.13897
0.13881
0.13864
0.13846
0.13827
0.13806
0.13785
0.13761
0.13737
0.13712
0.13685
0.13658
0.13629
0.13599
0.13568
0.13536
0.13503
0.13469
0.13435
0.13399
0.13362
0.13324
0.13286
0.13247
0.13207
0.13166
0.13125
0.13083
0.1304
0.12997
0.12954
0.1291
0.12865
0.1282
0.12774
0.12729
0.12683
0.12636
0.12589
0.12541
0.12494
0.12446
0.12398
0.1235
0.12301
0.12253
0.12204
0.12156
0.12107
0.12058
0.12009
0.1196
0.11911
0.11861
0.11812
0.11764
0.11714
0.11665
0.11615
0.11566
0.11516
0.11467
0.11417
0.11367
0.11317
0.11267
0.11217
0.11166
0.11115
0.11063
0.11012
0.1096
0.10908
0.10854
0.10802
0.10748
0.10694
0.1064
0.10586
0.10533
0.10478
0.10423
0.10368
0.10313
0.10258
0.10203
0.10148
0.10093
0.10038
0.09983
0.09929
0.09875
0.09821
0.09767
0.09714
0.09661
0.09608
0.09556
0.09504
0.09452
0.094
0.09349
0.09297
0.09246
0.09195
0.09143
0.09092
0.09041
0.08989
0.08938
0.08886
0.08834
0.08781
0.08727
0.08674
0.0862
0.08565
0.08511
0.08455
0.084
0.08344
0.08288
0.08231
0.08175
0.08118
0.08062
0.08005
0.0795
0.07894
0.07838
0.07784
0.0773
0.07676
0.07624
0.07572
0.07521
0.07471
0.07422
0.07374
0.07327
0.07281
0.07236
0.07192
0.07149
0.07107
0.07065
0.07024
0.06984
0.06944
0.06905
0.06866
0.06827
0.06788
0.06749
0.0671
0.06671
0.06632
0.06592
0.06553
0.06512
0.06471
0.0643
0.06389
0.06347
0.06305
0.06262
0.06219
0.06176
0.06133
0.0609
0.06046
0.06003
0.0596
0.05917
0.05874
0.05832
0.05791
0.05749
0.05709
0.05669
0.05629
0.05591
0.05552
0.05515
0.05478
0.05442
0.05407
0.05372
0.05338
0.05304
0.05271
0.05237
0.05205
0.05172
0.0514
0.05108
0.05076
0.05044
0.05012
0.0498
0.04948
0.04915
0.04883
0.0485
0.04817
0.04784
0.04751
0.04717
0.04684
0.0465
0.04617
0.04583
0.0455
0.04516
0.04484
0.04451
0.04418
0.04386
0.04355
0.04323
0.04293
0.04262
0.04232
0.04203
0.04174
0.04146
0.04119
0.04092
0.04066
0.04041
0.04017
0.03993
0.0397
0.03947
0.03925
0.03903
0.03883
0.03862
0.03842
0.03822
0.03804
0.03784
0.03766
0.03748
0.03729
0.03712
0.03694
0.03677
0.0366
0.03642
0.03625
0.03607
0.0359
0.03572
0.03554
0.03536
0.03518
0.035
0.03481
0.03462
0.03442
0.03423
0.03403
0.03383
0.03363
0.03341
0.03321
0.03299
0.03277
0.03255
0.03233
0.0321
0.03188
0.03165
0.03143
0.0312
0.03097
0.03075
0.03052
0.03031
0.03009
0.02987
0.02966
0.02945
0.02925
0.02904
0.02885
0.02865
0.02847
0.02828
0.02811
0.02793
0.02776
0.0276
0.02744
0.02728
0.02713
0.02697
0.02682
0.02667
0.02652
0.02636
0.02622
0.02607
0.02592
0.02576
0.02561
0.02545
0.02528
0.02512
0.02495
0.02478
0.02461
0.02443
0.02426
0.02407
0.02389
0.0237
0.02351
0.02332
0.02314
0.02295
0.02276
0.02257
0.02239
0.02221
0.02203
0.02186
0.02169
0.02152
0.02137
0.02121
0.02107
0.02092
0.02078
0.02064
0.02052
0.0204
0.02028
0.02016
0.02005
0.01994
0.01984
0.01974
0.01965
0.01953
0.01944
0.01934
0.01924
0.01913
0.01904
0.01892
0.01882
0.0187
0.01859
0.01847
0.01834
0.01822
0.01809
0.01796
0.01783
0.01769
0.01755
0.01741
0.01727
0.01712
0.01699
0.01683
0.0167
0.01656
0.01642
0.01628
0.01615
0.01602
0.0159
0.01578
0.01567
0.01555
0.01545
0.01534
0.01525
0.01515
0.01508
0.01499
0.01492
0.01484
0.01478
0.01471
0.01465
0.01459
0.01454
0.01449
0.01445
0.01439
0.01435
0.0143
0.01425
0.0142
0.01415
0.0141
0.01405
0.01399
0.01394
0.01387
0.01381
0.01374
0.01368
0.01361
0.01353
0.01345
0.01337
0.01328
0.0132
0.0131
0.01301
0.0129
0.01281
0.0127
0.0126
0.01249
0.01238
0.01227
0.01216
0.01205
0.01194
0.01182
0.01171
0.0116
0.01149
0.01138
0.01127
0.01116
0.01107
0.01096
0.01086
0.01076
0.01067
0.01058
0.0105
0.01042
0.01034
0.01026
0.01019
0.01011
0.01006
0.00998
0.00993
0.00986
0.00982
0.00976
0.0097
0.00965
0.0096
0.00955
0.00951
0.00946
0.00941
0.00935
0.00931
0.00926
0.00921
0.00915
0.0091
0.00904
0.00899
0.00893
0.00887
0.0088
0.00874
0.00868
0.00862
0.00856
0.00849
0.00842
0.00836
0.0083
0.00824
0.00817
0.00811
0.00805
0.008
0.00794
0.00789
0.00783
0.00778
0.00774
0.0077
0.00766
0.00762
0.00758
0.00755
0.00752
0.0075
0.00747
0.00745
0.00742
0.00741
0.00739
0.00737
0.00735
0.00733
0.00732
0.0073
0.00729
0.00728
0.00726
0.00725
0.00723
0.00722
0.00719
0.00718
0.00716
0.00715
0.00713
0.00711
0.00708
0.00706
0.00704
0.00703
0.00701
0.00699
0.00696
0.00695
0.00692
0.00691
0.00689
0.00687
0.00685
0.00685
0.00683
0.00681
0.0068
0.00678
0.00677
0.00677
0.00676
0.00675
0.00674
0.00674
0.00672
0.00673
0.00671
0.00671
0.00669
0.0067
0.00668
0.00667
0.00666
0.00665
0.00664
0.00663
0.00662
0.00661
0.00659
0.00658
0.00655
0.00654
0.00652
0.0065
0.00647
0.00646
0.00643
0.00641
0.00638
0.00636
0.00634
0.00631
0.00629
0.00627
0.00623
0.00621
0.00618
0.00617
0.00614
0.00612
0.00609
0.00607
0.00605
0.00602
0.006
0.00598
0.00596
0.00594
0.00592
0.00591
0.00589
0.00588
0.00585
0.00585
0.00583
0.00582
0.0058
0.0058
0.00579
0.00579
0.00578
0.00577
0.00577
0.00578
0.00578
0.00579
0.00579
0.0058
0.0058
0.00582
0.00583
0.00585
0.00586
0.00589
0.00591
0.00593
0.00596
0.00598
0.00602
0.00605
0.00608
0.00612
0.00615
0.00619
0.00622
0.00626
0.00629
0.00634
0.00637
0.00642
0.00646
0.00649
0.00653
0.00657
0.00661
0.00665
0.00668
0.00673
0.00675
0.00679
0.00682
0.00686
0.00688
0.00691
0.00693
0.00697
0.00698
0.007
0.00702
0.00703
0.00705
0.00706
0.00708
0.00709
0.00708
0.00709
0.00709
0.0071
0.00709
0.00709
0.00707
0.00707
0.00705
0.00704
0.00703
0.00701
0.00699
0.00698
0.00695
0.00694
0.00691
0.00689
0.00686
0.00685
0.00682
0.0068
0.00677
0.00675
0.00672
0.0067
0.00667
0.00664
0.00662
0.00659
0.00657
0.00654
0.00651
0.00648
0.00645
0.00642
0.00638
0.00636
0.00631
0.00629
0.00624
0.0062
0.00616
0.00611
0.00607
0.00603
0.00598
0.00593
0.00587
0.00582
0.00576
0.00571
0.00564
0.00559
0.00552
0.00547
0.00541
0.00535
0.00528
0.00522
0.00516
0.00511
0.00505
0.005
0.00494
0.00489
0.00483
0.00479
0.00474
0.0047
0.00465
0.00463
0.00458
0.00455
0.00452
0.00448
0.00446
0.00444
0.00442
0.0044
0.00437
0.00436
0.00434
0.00433
0.00431
0.0043
0.00428
0.00428
0.00426
0.00425
0.00424
0.00423
0.00422
0.00421
0.00421
0.00421
0.00419
0.00419
0.00418
0.00419
0.00417
0.00418
0.00417
0.00419
0.00419
0.0042
0.00421
0.00422
0.00424
0.00426
0.00428
0.00431
0.00432
0.00436
0.00439
0.00443
0.00446
0.00451
0.00454
0.0046
0.00464
0.00468
0.00473
0.00477
0.00483
0.00487
0.00492
0.00497
0.00501
0.00506
0.0051
0.00515
0.00518
0.00523
0.00525
0.0053
0.00532
0.00535
0.00537
0.00539
0.00541
0.00543
0.00545
0.00546
0.00546
0.00548
0.00548
0.00549
0.00549
0.00549
0.00549
0.00549
0.00549
0.00548
0.00548
0.00547
0.00546
0.00546
0.00545
0.00544
0.00542
0.00541
0.00539
0.00538
0.00536
0.00534
0.00532
0.0053
0.00527
0.00524
0.00521
0.00518
0.00515
0.00512
0.00508
0.00505
0.00501
0.00497
0.00493
0.0049
0.00485
0.00482
0.00477
0.00474
0.0047
0.00467
0.00463
0.0046
0.00457
0.00454
0.00452
0.0045
0.00447
0.00446
0.00444
0.00443
0.00441
0.00441
0.00439
0.0044
0.00439
0.00439
0.00438
0.00438
0.00438
0.00438
0.00438
0.00438
0.00437
0.00437
0.00435
0.00435
0.00434
0.00433
0.0043
0.0043
0.00427
0.00426
0.00423
0.0042
0.00417
0.00415
0.00412
0.00409
0.00404
0.00402
0.00398
0.00395
0.00391
0.00388
0.00385
0.00383
0.00379
0.00377
0.00374
0.00372
0.0037
0.00369
0.00368
0.00368
0.00367
0.00368
0.00368
0.0037
0.0037
0.00372
0.00373
0.00377
0.0038
0.00383
0.00386
0.00389
0.00393
0.00398
0.00402
0.00407
0.0041
0.00416
0.00419
0.00424
0.00428
0.00433
0.00436
0.00441
0.00444
0.00447
0.0045
0.00452
0.00455
0.00457
0.00458
0.0046
0.0046
0.00461
0.0046
0.00461
0.00459
0.00458
0.00456
0.00455
0.00453
0.00451
0.00448
0.00445
0.00442
0.0044
0.00437
0.00434
0.0043
0.00427
0.00424
0.00422
0.00419
0.00416
0.00413
0.00412
0.0041
0.00408
0.00406
0.00405
0.00404
0.00404
0.00404
0.00404
0.00403
0.00404
0.00404
0.00406
0.00406
0.00408
0.00408
0.0041
0.00411
0.00412
0.00413
0.00414
0.00416
0.00417
0.00419
0.00421
0.00421
0.00422
0.00422
0.00424
0.00424
0.00425
0.00424
0.00426
0.00425
0.00425
0.00425
0.00425
0.00425
0.00425
0.00425
0.00426
0.00425
0.00426
0.00426
0.00428
0.00428
0.0043
0.0043
0.00433
0.00435
0.00437
0.00439
0.00442
0.00445
0.00448
0.00452
0.00457
0.0046
0.00465
0.00468
0.00474
0.00477
0.00482
0.00486
0.00491
0.00495
0.00499
0.00502
0.00505
0.00509
0.00512
0.00514
0.00517
0.00517
0.00518
0.00518
0.00519
0.00518
0.00517
0.00515
0.00514
0.00511
0.00509
0.00505
0.00502
0.00498
0.00495
0.00491
0.00487
0.00483
0.00479
0.00475
0.00472
0.00468
0.00465
0.00461
0.0046
0.00457
0.00455
0.00453
0.00452
0.00452
0.00452
0.00451
0.00452
0.00451
0.00453
0.00453
0.00455
0.00455
0.00456
0.00456
0.00458
0.00458
0.00459
0.00459
0.00458
0.00458
0.00458
0.00457
0.00456
0.00453
0.00452
0.00449
0.00447
0.00443
0.0044
0.00437
0.00434
0.0043
0.00426
0.00423
0.00419
0.00416
0.00413
0.00411
0.00409
0.00406
0.00405
0.00404
0.00404
0.00404
0.00405
0.00405
0.00408
0.0041
0.00413
0.00416
0.0042
0.00424
0.00429
0.00435
0.0044
0.00445
0.00452
0.00457
0.00464
0.0047
0.00476
0.00481
0.00488
0.00494
0.00499
0.00504
0.00509
0.00514
0.00518
0.00522
0.00526
0.00528
0.00532
0.00534
0.00537
0.00538
0.00541
0.00542
0.00544
0.00545
0.00546
0.00546
0.00547
0.00548
0.00549
0.0055
0.00551
0.00551
0.00553
0.00554
0.00555
0.00556
0.00558
0.00558
0.00561
0.00562
0.00563
0.00565
0.00566
0.00568
0.0057
0.00572
0.00574
0.00575
0.00577
0.00578
0.0058
0.00581
0.00583
0.00584
0.00586
0.00586
0.00587
0.00588
0.00588
0.00589
0.0059
0.0059
0.00591
0.0059
0.00591
0.0059
0.00591
0.0059
0.0059
0.0059
0.0059
0.0059
0.0059
0.00589
0.00589
0.00589
0.0059
0.0059
0.0059
0.00589
0.0059
0.0059
0.00591
0.00591
0.00592
0.00592
0.00593
0.00593
0.00594
0.00594
0.00595
0.00596
0.00597
0.00597
0.00598
0.00598
0.006
0.006
0.00601
0.006
0.00602
0.00601
0.00602
0.00602
0.00602
0.00601
0.006
0.006
0.00599
0.00598
0.00597
0.00594
0.00592
0.0059
0.00588
0.00584
0.00581
0.00576
0.00573
0.00568
0.00563
0.00558
0.00551
0.00546
0.0054
0.00533
0.00526
0.00517
0.0051
0.00502
0.00495
0.00486
0.00478
0.00468
0.00461
0.00452
0.00443
0.00435
0.00426
0.00418
0.00411
0.00403
0.00396
0.00388
0.00383
0.00376
0.00371
0.00364
0.0036
0.00354
0.00351
0.00347
0.00344
0.0034
0.00337
0.00335
0.00334
0.00332
0.00331
0.00329
0.00329
0.00328
0.00329
0.00328
0.00328
0.00328
0.00329
0.00329
0.0033
0.00331
0.00331
0.00333
0.00334
0.00336
0.00339
0.00339
0.00342
0.00345
0.00348
0.00351
0.00355
0.00358
0.00364
0.00367
0.00373
0.00378
0.00383
0.0039
0.00396
0.00403
0.00411
0.00417
0.00425
0.00432
0.00441
0.00448
0.00457
0.00464
0.00473
0.00481
0.00488
0.00496
0.00503
0.0051
0.00517
0.00523
0.0053
0.00535
0.00541
0.00545
0.00551
0.00554
0.00558
0.00561
0.00565
0.00567
0.00569
0.00571
0.00572
0.00573
0.00574
0.00576
0.00576
0.00576
0.00577
0.00577
0.00577
0.00577
0.00577
0.00576
0.00577
0.00576
0.00576
0.00575
0.00574
0.00574
0.00573
0.00572
0.00572
0.0057
0.0057
0.00568
0.00567
0.00565
0.00563
0.00561
0.00559
0.00556
0.00554
0.00551
0.00548
0.00545
0.00542
0.00538
0.00535
0.00531
0.00528
0.00524
0.00522
0.00518
0.00515
0.00511
0.00509
0.00506
0.00504
0.00501
0.00499
0.00498
0.00497
0.00497
0.00497
0.00496
0.00497
0.00497
0.00499
0.005
0.00503
0.00504
0.00508
0.0051
0.00514
0.00517
0.0052
0.00524
0.00528
0.00533
0.00537
0.00541
0.00546
0.00549
0.00554
0.00558
0.00562
0.00565
0.00569
0.00572
0.00575
0.00578
0.0058
0.00583
0.00585
0.00587
0.0059
0.0059
0.00592
0.00592
0.00594
0.00593
0.00594
0.00594
0.00595
0.00594
0.00594
0.00593
0.00593
0.00593
0.00593
0.00592
0.00592
0.00591
0.00592
0.00591
0.00592
0.00591
0.00592
0.00591
0.00592
0.00592
0.00593
0.00593
0.00593
0.00595
0.00595
0.00597
0.00598
0.00598
0.00599
0.006
0.00601
0.00601
0.00602
0.00602
0.00603
0.00603
0.00603
0.00603
0.00602
0.00602
0.00602
0.006
0.006
0.00597
0.00596
0.00593
0.00592
0.00588
0.00585
0.00581
0.00579
0.00574
0.0057
0.00565
0.0056
0.00556
0.00551
0.00545
0.00541
0.00534
0.00529
0.00523
0.00518
0.00512
0.00507
0.00501
0.00496
0.00491
0.00486
0.0048
0.00475
0.00471
0.00467
0.00463
0.0046
0.00456
0.00454
0.0045
0.00449
0.00446
0.00445
0.00442
0.00442
0.0044
0.00439
0.00439
0.00438
0.00437
0.00437
0.00437
0.00438
0.00436
0.00437
0.00436
0.00437
0.00436
0.00436
0.00435
0.00435
0.00434
0.00433
0.00432
0.0043
0.00429
0.00429
0.00427
0.00426
0.00424
0.00424
0.00422
0.00421
0.00419
0.00418
0.00417
0.00417
0.00416
0.00415
0.00414
0.00414
0.00414
0.00415
0.00416
0.00417
0.00417
0.00419
0.0042
0.00422
0.00424
0.00426
0.00428
0.00431
0.00433
0.00435
0.00438
0.0044
0.00443
0.00446
0.00448
0.00451
0.00452
0.00455
0.00457
0.0046
0.00461
0.00463
0.00464
0.00466
0.00467
0.00468
0.00469
0.00469
0.0047
0.00471
0.00471
0.00471
0.0047
0.00471
0.0047
0.0047
0.00469
0.00468
0.00466
0.00466
0.00465
0.00463
0.00461
0.00459
0.00458
0.00456
0.00454
0.00452
0.00448
0.00447
0.00443
0.00442
0.00438
0.00436
0.00432
0.0043
0.00427
0.00424
0.00421
0.00417
0.00415
0.00413
0.0041
0.00409
0.00405
0.00404
0.00402
0.00401
0.00399
0.00399
0.00397
0.00398
0.00397
0.00397
0.00397
0.00397
0.00398
0.00399
0.004
0.00402
0.00402
0.00404
0.00405
0.00408
0.00408
0.0041
0.00411
0.00413
0.00414
0.00415
0.00416
0.00417
0.00418
0.00419
0.00419
0.0042
0.00419
0.0042
0.00419
0.0042
0.00419
0.00419
0.00417
0.00418
0.00416
0.00416
0.00415
0.00414
0.00413
0.00413
0.00413
0.00413
0.00411
0.00412
0.00411
0.00412
0.00411
0.00413
0.00412
0.00414
0.00414
0.00415
0.00416
0.00417
0.00418
0.0042
0.00421
0.00423
0.00424
0.00426
0.00427
0.00429
0.0043
0.00432
0.00432
0.00434
0.00434
0.00435
0.00436
0.00436
0.00437
0.00437
0.00437
0.00437
0.00436
0.00437
0.00436
0.00436
0.00434
0.00434
0.00433
0.00433
0.00432
0.00431
0.0043
0.00429
0.00429
0.00428
0.00428
0.00429
0.00427
0.00428
0.00428
0.0043
0.0043
0.00431
0.00432
0.00434
0.00435
0.00437
0.00439
0.00441
0.00443
0.00446
0.00448
0.00452
0.00453
0.00457
0.00458
0.00462
0.00463
0.00466
0.00468
0.00471
0.00472
0.00474
0.00475
0.00476
0.00477
0.00478
0.00479
0.0048
0.00479
0.0048
0.00479
0.0048
0.00479
0.00479
0.00478
0.00478
0.00477
0.00476
0.00476
0.00474
0.00474
0.00474
0.00473
0.00473
0.00472
0.00473
0.00472
0.00472
0.00471
0.00471
0.0047
0.00471
0.0047
0.0047
0.00469
0.00468
0.00468
0.00467
0.00466
0.00465
0.00462
0.00461
0.00459
0.00457
0.00454
0.00452
0.00447
0.00445
0.00441
0.00437
0.00433
0.00429
0.00425
0.00421
0.00416
0.00413
0.00407
0.00404
0.00399
0.00396
0.00391
0.00388
0.00383
0.00381
0.00377
0.00375
0.00372
0.00369
0.00367
0.00366
0.00364
0.00364
0.00361
0.00361
0.0036
0.0036
0.00359
0.00359
0.00357
0.00358
0.00357
0.00357
0.00356
0.00355
0.00354
0.00354
0.00353
0.00352
0.0035
0.0035
0.00347
0.00347
0.00344
0.00343
0.00341
0.0034
0.00337
0.00336
0.00333
0.00331
0.0033
0.00329
0.00327
0.00326
0.00324
0.00324
0.00323
0.00324
0.00323
0.00323
0.00323
0.00325
0.00325
0.00326
0.00328
0.00329
0.00331
0.00333
0.00335
0.00338
0.00339
0.00343
0.00345
0.00349
0.00351
0.00354
0.00356
0.0036
0.00362
0.00365
0.00368
0.0037
0.00373
0.00377
0.00379
0.00383
0.00384
0.00388
0.0039
0.00393
0.00396
0.00399
0.00401
0.00405
0.00407
0.0041
0.00413
0.00416
0.00419
0.00422
0.00426
0.00429
0.00432
0.00435
0.00438
0.00442
0.00444
0.00448
0.0045
0.00453
0.00455
0.00458
0.0046
0.00461
0.00463
0.00464
0.00465
0.00465
0.00464
0.00465
0.00463
0.00463
0.0046
0.00458
0.00455
0.00453
0.00449
0.00446
0.00442
0.00437
0.00433
0.00429
0.00424
0.0042
0.00414
0.0041
0.00404
0.004
0.00395
0.00391
0.00385
0.00382
0.00378
0.00374
0.0037
0.00366
0.00363
0.00361
0.00358
0.00356
0.00353
0.00352
0.0035
0.0035
0.00348
0.00347
0.00346
0.00346
0.00345
0.00345
0.00344
0.00344
0.00344
0.00345
0.00345
0.00346
0.00345
0.00347
0.00347
0.00348
0.00348
0.0035
0.00351
0.00353
0.00354
0.00355
0.00357
0.00359
0.00362
0.00364
0.00367
0.00371
0.00373
0.00377
0.0038
0.00385
0.00388
0.00393
0.00396
0.00402
0.00406
0.0041
0.00415
0.00419
0.00424
0.00429
0.00433
0.00438
0.00442
0.00447
0.0045
0.00455
0.00458
0.00462
0.00465
0.00469
0.00472
0.00475
0.00478
0.0048
0.00483
0.00485
0.00487
0.0049
0.00491
0.00493
0.00494
0.00497
0.00497
0.00499
0.00499
0.00501
0.00502
0.00502
0.00503
0.00503
0.00504
0.00504
0.00504
0.00504
0.00502
0.00502
0.00501
0.00501
0.00498
0.00497
0.00494
0.00493
0.0049
0.00487
0.00484
0.00481
0.00478
0.00475
0.00472
0.00469
0.00465
0.00462
0.00458
0.00455
0.00451
0.00448
0.00444
0.00442
0.00439
0.00436
0.00433
0.00431
0.00429
0.00427
0.00426
0.00425
0.00422
0.00422
0.00421
0.00421
0.0042
0.0042
0.00419
0.00419
0.00419
0.00418
0.00418
0.00417
0.00417
0.00417
0.00416
0.00416
0.00415
0.00415
0.00413
0.00413
0.00411
0.00411
0.00409
0.00408
0.00406
0.00405
0.00403
0.00401
0.004
0.00399
0.00398
0.00397
0.00394
0.00394
0.00392
0.00391
0.0039
0.00389
0.00387
0.00388
0.00386
0.00385
0.00385
0.00383
0.00383
0.00383
0.00382
0.00382
0.00381
0.00381
0.0038
0.0038
0.00378
0.00378
0.00377
0.00377
0.00375
0.00375
0.00373
0.00372
0.00371
0.0037
0.00369
0.00368
0.00366
0.00365
0.00363
0.00362
0.0036
0.00359
0.00357
0.00356
0.00354
0.00352
0.00351
0.00348
0.00347
0.00345
0.00343
0.00342
0.00339
0.00338
0.00335
0.00334
0.00331
0.0033
0.00327
0.00326
0.00323
0.00321
0.00318
0.00316
0.00314
0.00312
0.0031
0.00309
0.00306
0.00304
0.00302
0.003
0.00298
0.00296
0.00293
0.00292
0.0029
0.00287
0.00285
0.00283
0.00281
0.00279
0.00276
0.00274
0.00271
0.00269
0.00266
0.00264
0.00261
0.00259
0.00256
0.00254
0.00251
0.00249
0.00246
0.00244
0.00242
0.0024
0.00239
0.00238
0.00236
0.00236
0.00236
0.00236
0.00236
0.00238
0.00238
0.00241
0.00243
0.00246
0.00248
0.00251
0.00255
0.00259
0.00264
0.00269
0.00272
0.00277
0.00282
0.00287
0.00291
0.00296
0.003
0.00305
0.00309
0.00313
0.00316
0.00319
0.00322
0.00325
0.00328
0.0033
0.00331
0.00333
0.00334
0.00336
0.00336
0.00337
0.00337
0.00338
0.00338
0.00338
0.00338
0.00339
0.00339
0.0034
0.00341
0.00342
0.00342
0.00344
0.00344
0.00346
0.00347
0.00349
0.00349
0.00352
0.00352
0.00354
0.00355
0.00356
0.00358
0.00359
0.0036
0.00361
0.00361
0.00362
0.00362
0.00362
0.00361
0.00361
0.0036
0.0036
0.00359
0.00358
0.00357
0.00355
0.00354
0.00354
0.00352
0.00352
0.0035
0.00351
0.00349
0.0035
0.00349
0.0035
0.00349
0.00351
0.00351
0.00352
0.00354
0.00355
0.00357
0.00359
0.0036
0.00363
0.00364
0.00367
0.00368
0.00372
0.00373
0.00375
0.00377
0.0038
0.00381
0.00383
0.00384
0.00385
0.00387
0.00389
0.0039
0.00393
0.00393
0.00395
0.00396
0.00399
0.00399
0.00402
0.00403
0.00406
0.00408
0.00411
0.00413
0.00416
0.00419
0.00422
0.00426
0.00429
0.00432
0.00437
0.0044
0.00445
0.00448
0.00452
0.00455
0.0046
0.00464
0.00468
0.00471
0.00475
0.00479
0.00482
0.00486
0.00489
0.00491
0.00495
0.00497
0.00501
0.00502
0.00505
0.00507
0.0051
0.00512
0.00514
0.00516
0.00518
0.0052
0.00522
0.00524
0.00527
0.00528
0.0053
0.00532
0.00534
0.00535
0.00538
0.00539
0.00542
0.00543
0.00545
0.00546
0.00548
0.0055
0.00552
0.00553
0.00556
0.00556
0.00558
0.00559
0.00561
0.00562
0.00564
0.00564
0.00567
0.00567
0.00569
0.00569
0.00571
0.00572
0.00573
0.00574
0.00576
0.00576
0.00577
0.00577
0.00579
0.00579
0.00579
0.00579
0.0058
0.00579
0.00578
0.00577
0.00576
0.00574
0.00572
0.0057
0.00568
0.00564
0.00562
0.00558
0.00555
0.0055
0.00546
0.00541
0.00538
0.00533
0.00528
0.00523
0.00518
0.00514
0.0051
0.00506
0.00503
0.00499
0.00496
0.00493
0.00491
0.00489
0.00487
0.00486
0.00486
0.00485
0.00485
0.00485
0.00485
0.00486
0.00487
0.00488
0.00489
0.00489
0.00491
0.00491
0.00492
0.00492
0.00492
0.00491
0.0049
0.00488
0.00486
0.00483
0.00479
0.00475
0.00471
0.00466
0.00461
0.00453
0.00447
0.0044
0.00433
0.00425
0.00417
0.00409
0.00402
0.00393
0.00386
0.00378
0.0037
0.00364
0.00358
0.00352
0.00347
0.00341
0.00338
0.00334
0.00331
0.00328
0.00327
0.00326
0.00326
0.00326
0.00326
0.00327
0.00328
0.00329
0.00332
0.00334
0.00336
0.00337
0.0034
0.00341
0.00344
0.00344
0.00346
0.00347
0.00349
0.00348
0.00349
0.00348
0.00347
0.00347
0.00346
0.00345
0.00344
0.00342
0.00341
0.0034
0.00339
0.00337
0.00337
0.00335
0.00336
0.00335
0.00335
0.00336
0.00336
0.00338
0.0034
0.00342
0.00346
0.00347
0.00352
0.00355
0.0036
0.00363
0.00368
0.00372
0.00377
0.00382
0.00386
0.0039
0.00394
0.00398
0.00403
0.00406
0.00409
0.00411
0.00414
0.00414
0.00416
0.00416
0.00417
0.00415
0.00415
0.00413
0.00411
0.00408
0.00405
0.00402
0.00399
0.00395
0.00391
0.00385
0.00382
0.00376
0.00372
0.00366
0.00362
0.00356
0.00352
0.00347
0.00342
0.00337
0.00333
0.00329
0.00325
0.00321
0.00319
0.00315
0.00313
0.0031
0.00308
0.00306
0.00305
0.00303
0.00303
0.00301
0.00301
0.003
0.003
0.003
0.00301
0.00302
0.00303
0.00303
0.00305
0.00305
0.00307
0.00307
0.00308
0.00308
0.0031
0.00311
0.00311
0.00311
0.00311
0.00312
0.00312
0.00312
0.00312
0.00311
0.00311
0.0031
0.0031
0.00308
0.00308
0.00306
0.00307
0.00305
0.00305
0.00304
0.00303
0.00303
0.00304
0.00305
0.00306
0.00307
0.00309
0.00311
0.00315
0.00317
0.00321
0.00325
0.00331
0.00335
0.00341
0.00347
0.00353
0.0036
0.00367
0.00374
0.00382
0.00388
0.00396
0.00403
0.0041
0.00416
0.00423
0.00428
0.00435
0.0044
0.00445
0.00448
0.00452
0.00455
0.00458
0.0046
0.00463
0.00463
0.00464
0.00464
0.00464
0.00463
0.00463
0.00461
0.00461
0.00459
0.00458
0.00457
0.00455
0.00455
0.00455
0.00454
0.00455
0.00453
0.00455
0.00455
0.00457
0.00458
0.0046
0.00461
0.00465
0.00467
0.0047
0.00473
0.00475
0.00479
0.00482
0.00485
0.00489
0.00491
0.00494
0.00496
0.00499
0.00501
0.00503
0.00504
0.00506
0.00506
0.00507
0.00507
0.00507
0.00507
0.00507
0.00506
0.00506
0.00504
0.00504
0.00503
0.00503
0.00501
0.00501
0.00499
0.00499
0.00498
0.00498
0.00497
0.00497
0.00498
0.00498
0.00499
0.005
0.005
0.00502
0.00503
0.00505
0.00506
0.00508
0.00509
0.00512
0.00514
0.00516
0.00517
0.00519
0.00521
0.00523
0.00525
0.00528
0.00528
0.00531
0.00532
0.00534
0.00534
0.00536
0.00536
0.00538
0.00539
0.0054
0.0054
0.0054
0.0054
0.00541
0.00541
0.00541
0.0054
0.0054
0.00539
0.0054
0.00538
0.00537
0.00535
0.00535
0.00533
0.00531
0.00529
0.00527
0.00524
0.00522
0.0052
0.00517
0.00514
0.00512
0.00508
0.00505
0.00502
0.00499
0.00495
0.00492
0.00489
0.00486
0.00482
0.00478
0.00476
0.00473
0.0047
0.00467
0.00463
0.00461
0.00458
0.00456
0.00453
0.0045
0.00447
0.00445
0.00442
0.00439
0.00436
0.00433
0.0043
0.00427
0.00424
0.00421
0.00417
0.00414
0.00409
0.00406
0.00401
0.00397
0.00391
0.00388
0.00382
0.00377
0.00372
0.00367
0.00362
0.00357
0.00352
0.00348
0.00342
0.00339
0.00335
0.00332
0.00328
0.00325
0.00322
0.00321
0.00319
0.00318
0.00317
0.00317
0.00318
0.0032
0.00321
0.00324
0.00325
0.00329
0.00332
0.00336
0.00339
0.00344
0.00348
0.00354
0.00358
0.00363
0.00367
0.00372
0.00377
0.00382
0.00386
0.0039
0.00393
0.00397
0.00399
0.00403
0.00404
0.00407
0.00408
0.0041
0.0041
0.00411
0.00411
0.00411
0.00411
0.0041
0.0041
0.00409
0.00408
0.00408
0.00406
0.00406
0.00405
0.00405
0.00404
0.00405
0.00404
0.00405
0.00405
0.00406
0.00408
0.0041
0.00412
0.00415
0.00417
0.00421
0.00424
0.00428
0.00431
0.00436
0.00439
0.00445
0.00449
0.00454
0.00458
0.00463
0.00467
0.00472
0.00476
0.00481
0.00484
0.00489
0.00491
0.00495
0.00497
0.005
0.00502
0.00504
0.00505
0.00506
0.00506
0.00506
0.00506
0.00506
0.00505
0.00505
0.00502
0.00501
0.00499
0.00497
0.00494
0.00492
0.00489
0.00488
0.00485
0.00482
0.00479
0.00477
0.00474
0.00473
0.0047
0.00469
0.00466
0.00465
0.00463
0.00463
0.00461
0.00461
0.00459
0.0046
0.00459
0.00459
0.00458
0.00458
0.00458
0.00459
0.00459
0.00459
0.00458
0.00459
0.00458
0.00459
0.00458
0.00458
0.00457
0.00457
0.00455
0.00454
0.00453
0.00451
0.0045
0.00448
0.00447
0.00446
0.00443
0.00442
0.00439
0.00439
0.00436
0.00435
0.00432
0.00432
0.0043
0.00429
0.00427
0.00426
0.00426
0.00426
0.00426
0.00426
0.00425
0.00426
0.00427
0.00428
0.00428
0.0043
0.0043
0.00432
0.00433
0.00435
0.00436
0.00437
0.00439
0.0044
0.00441
0.00443
0.00443
0.00445
0.00445
0.00447
0.00447
0.00448
0.00447
0.00448
0.00448
0.00448
0.00448
0.00447
0.00447
0.00447
0.00447
0.00447
0.00445
0.00446
0.00445
0.00445
0.00444
0.00444
0.00443
0.00443
0.00443
0.00442
0.00442
0.00441
0.00441
0.00441
0.00441
0.00442
0.0044
0.00441
0.0044
0.00441
0.0044
0.00441
0.0044
0.00441
0.00441
0.00441
0.00441
0.00441
0.00442
0.00442
0.00443
0.00443
0.00443
0.00445
0.00445
0.00447
0.00447
0.00448
0.00449
0.00451
0.00452
0.00453
0.00453
0.00455
0.00456
0.00457
0.00458
0.00459
0.00458
0.0046
0.00459
0.0046
0.00459
0.00459
0.00457
0.00457
0.00456
0.00454
0.00452
0.0045
0.00448
0.00446
0.00443
0.00441
0.00438
0.00435
0.00432
0.0043
0.00427
0.00425
0.00421
0.0042
0.00417
0.00416
0.00413
0.00412
0.00411
0.0041
0.00409
0.0041
0.00409
0.0041
0.00409
0.00411
