5.60010881655158E+02

0.00449
0.0045
0.00452
0.00453
0.00455
0.00455
0.00455
0.00454
0.00453
0.00453
0.00452
0.0045
0.00448
0.00445
0.00443
0.0044
0.00437
0.00433
0.0043
0.00425
0.00422
0.00417
0.00413
0.00409
0.00404
0.00401
0.00397
0.00393
0.0039
0.00386
0.00383
0.0038
0.00378
0.00374
0.00372
0.00369
0.00368
0.00366
0.00364
0.00362
0.00361
0.0036
0.00359
0.00358
0.00357
0.00355
0.00355
0.00353
0.00353
0.00351
0.00351
0.00349
0.00348
0.00346
0.00345
0.00343
0.00341
0.0034
0.00339
0.00337
0.00336
0.00333
0.00333
0.0033
0.00329
0.00327
0.00326
0.00324
0.00324
0.00322
0.00321
0.00319
0.00318
0.00317
0.00317
0.00316
0.00316
0.00314
0.00314
0.00313
0.00313
0.00311
0.00311
0.0031
0.0031
0.00309
0.00308
0.00307
0.00307
0.00306
0.00305
0.00304
0.00304
0.00302
0.00302
0.00301
0.00301
0.003
0.00299
0.00298
0.00299
0.00298
0.00298
0.00298
0.00298
0.00299
0.003
0.00302
0.00303
0.00304
0.00307
0.00308
0.00311
0.00313
0.00316
0.00318
0.00322
0.00324
0.00328
0.00331
0.00334
0.00338
0.00342
0.00345
0.00349
0.00352
0.00356
0.00359
0.00364
0.00367
0.0037
0.00373
0.00378
0.00381
0.00384
0.00387
0.00391
0.00395
0.00399
0.00403
0.00407
0.0041
0.00415
0.00419
0.00424
0.00428
0.00434
0.00438
0.00445
0.0045
0.00455
0.00461
0.00467
0.00473
0.0048
0.00486
0.00494
0.00499
0.00506
0.00512
0.00519
0.00525
0.00532
0.00536
0.00543
0.00548
0.00553
0.00558
0.00562
0.00567
0.00571
0.00574
0.00578
0.00579
0.00582
0.00584
0.00586
0.00587
0.00588
0.00588
0.0059
0.00589
0.00589
0.00589
0.00588
0.00588
0.00587
0.00586
0.00586
0.00584
0.00584
0.00582
0.00581
0.00579
0.00578
0.00576
0.00576
0.00574
0.00572
0.0057
0.00568
0.00567
0.00565
0.00563
0.00561
0.00558
0.00556
0.00553
0.00551
0.00548
0.00546
0.00542
0.0054
0.00536
0.00533
0.00529
0.00525
0.00522
0.00518
0.00515
0.00512
0.00507
0.00504
0.005
0.00497
0.00493
0.0049
0.00485
0.00483
0.00479
0.00475
0.00471
0.00468
0.00465
0.00461
0.00458
0.00455
0.0045
0.00448
0.00443
0.0044
0.00436
0.00433
0.00428
0.00425
0.00421
0.00416
0.00412
0.00408
0.00404
0.004
0.00396
0.00392
0.00387
0.00384
0.0038
0.00377
0.00373
0.0037
0.00367
0.00365
0.00362
0.0036
0.00359
0.00357
0.00356
0.00356
0.00355
0.00356
0.00355
0.00357
0.00358
0.0036
0.00361
0.00363
0.00365
0.00368
0.0037
0.00373
0.00375
0.00378
0.00381
0.00384
0.00387
0.00391
0.00393
0.00396
0.00398
0.00402
0.00404
0.00408
0.00409
0.00413
0.00415
0.00417
0.0042
0.00422
0.00425
0.00428
0.0043
0.00434
0.00435
0.00438
0.0044
0.00444
0.00446
0.00449
0.00451
0.00454
0.00457
0.00459
0.00461
0.00463
0.00466
0.00468
0.00471
0.00473
0.00474
0.00476
0.00477
0.00479
0.00479
0.00481
0.00481
0.00482
0.00482
0.00482
0.00482
0.00482
0.00482
0.00482
0.00482
0.00483
0.00482
0.00483
0.00482
0.00484
0.00483
0.00484
0.00485
0.00487
0.00488
0.0049
0.00492
0.00494
0.00496
0.00499
0.00502
0.00505
0.00507
0.00511
0.00513
0.00517
0.00519
0.00522
0.00524
0.00527
0.00528
0.0053
0.00531
0.00532
0.00532
0.00533
0.00532
0.00532
0.00529
0.00528
0.00525
0.00523
0.00519
0.00516
0.00512
0.00509
0.00504
0.00499
0.00495
0.0049
0.00486
0.00481
0.00477
0.00473
0.00468
0.00465
0.00461
0.00459
0.00455
0.00453
0.0045
0.0045
0.00448
0.00447
0.00445
0.00445
0.00445
0.00445
0.00445
0.00447
0.00446
0.00448
0.00448
0.00449
0.00449
0.0045
0.0045
0.00452
0.00451
0.00452
0.00451
0.00451
0.0045
0.0045
0.00449
0.00449
0.00447
0.00447
0.00445
0.00445
0.00443
0.00442
0.0044
0.0044
0.00439
0.00439
0.00438
0.00438
0.00438
0.00439
0.0044
0.00442
0.00442
0.00445
0.00447
0.0045
0.00452
0.00456
0.00459
0.00464
0.00468
0.00472
0.00476
0.00481
0.00486
0.00492
0.00497
0.00503
0.00507
0.00513
0.00517
0.00523
0.00528
0.00533
0.00537
0.00542
0.00546
0.0055
0.00554
0.00557
0.00561
0.00564
0.00567
0.0057
0.00571
0.00574
0.00576
0.00578
0.00579
0.0058
0.0058
0.00582
0.00582
0.00582
0.00582
0.00581
0.00581
0.0058
0.00579
0.00579
0.00576
0.00576
0.00573
0.00572
0.00569
0.00567
0.00564
0.00562
0.00559
0.00557
0.00554
0.00551
0.00548
0.00545
0.00543
0.0054
0.00536
0.00534
0.00531
0.00529
0.00525
0.00523
0.0052
0.00518
0.00515
0.00513
0.0051
0.00507
0.00505
0.00502
0.005
0.00498
0.00494
0.00492
0.00488
0.00486
0.00481
0.00478
0.00474
0.00471
0.00466
0.00461
0.00457
0.00451
0.00447
0.00441
0.00436
0.00431
0.00424
0.00419
0.00413
0.00408
0.00401
0.00395
0.00389
0.00384
0.00378
0.00372
0.00367
0.00362
0.00357
0.00353
0.00349
0.00346
0.00341
0.00338
0.00335
0.00333
0.0033
0.00328
0.00326
0.00325
0.00323
0.00322
0.00321
0.0032
0.0032
0.0032
0.0032
0.0032
0.00319
0.0032
0.0032
0.00321
0.00321
0.00321
0.00321
0.00323
0.00323
0.00324
0.00324
0.00325
0.00326
0.00327
0.00328
0.0033
0.0033
0.00333
0.00333
0.00336
0.00336
0.00339
0.00339
0.00342
0.00344
0.00346
0.00347
0.00349
0.00351
0.00353
0.00355
0.00357
0.00358
0.0036
0.00361
0.00364
0.00364
0.00366
0.00366
0.00368
0.00369
0.0037
0.0037
0.00371
0.00372
0.00373
0.00373
0.00374
0.00374
0.00375
0.00375
0.00377
0.00376
0.00377
0.00377
0.00379
0.00379
0.0038
0.00381
0.00382
0.00383
0.00384
0.00385
0.00386
0.00386
0.00388
0.00389
0.0039
0.0039
0.00392
0.00392
0.00393
0.00393
0.00394
0.00394
0.00394
0.00394
0.00395
0.00394
0.00395
0.00393
0.00394
0.00393
0.00394
0.00393
0.00393
0.00392
0.00393
0.00393
0.00393
0.00393
0.00392
0.00393
0.00393
0.00394
0.00395
0.00395
0.00396
0.00396
0.00398
0.00398
0.00399
0.00399
0.004
0.004
0.00401
0.004
0.004
0.004
0.004
0.004
0.00399
0.00398
0.00397
0.00395
0.00395
0.00392
0.00391
0.00388
0.00387
0.00385
0.00382
0.0038
0.00377
0.00375
0.00373
0.00371
0.00369
0.00366
0.00365
0.00363
0.00362
0.0036
0.0036
0.00358
0.00358
0.00357
0.00357
0.00356
0.00356
0.00356
0.00357
0.00357
0.00358
0.00358
0.00359
0.00359
0.00361
0.00361
0.00362
0.00362
0.00365
0.00365
0.00367
0.00367
0.00368
0.0037
0.00372
0.00374
0.00377
0.00378
0.00382
0.00383
0.00387
0.0039
0.00394
0.00397
0.00403
0.00407
0.00412
0.00417
0.00422
0.00429
0.00435
0.00442
0.00449
0.00455
0.00463
0.00469
0.00478
0.00484
0.00492
0.00499
0.00507
0.00514
0.00521
0.00527
0.00534
0.0054
0.00547
0.00553
0.00559
0.00563
0.00569
0.00572
0.00577
0.0058
0.00585
0.00587
0.00591
0.00593
0.00595
0.00597
0.00598
0.00599
0.00601
0.00602
0.00603
0.00602
0.00603
0.00603
0.00603
0.00602
0.00602
0.006
0.006
0.00598
0.00597
0.00595
0.00593
0.00591
0.00589
0.00587
0.00584
0.0058
0.00578
0.00574
0.00571
0.00567
0.00563
0.00558
0.00555
0.0055
0.00546
0.00541
0.00537
0.00533
0.00529
0.00525
0.00521
0.00517
0.00514
0.0051
0.00508
0.00504
0.00503
0.005
0.005
0.00498
0.00497
0.00497
0.00497
0.00498
0.00499
0.00501
0.00503
0.00504
0.00508
0.0051
0.00514
0.00517
0.00522
0.00526
0.00532
0.00536
0.00541
0.00546
0.00552
0.00558
0.00564
0.00571
0.00577
0.00583
0.0059
0.00597
0.00605
0.00611
0.00619
0.00626
0.00635
0.00642
0.0065
0.00658
0.00667
0.00676
0.00685
0.00694
0.00704
0.00713
0.00723
0.00733
0.00744
0.00755
0.00766
0.00777
0.0079
0.00802
0.00814
0.00827
0.00841
0.00855
0.00869
0.00884
0.009
0.00915
0.00932
0.00948
0.00966
0.00983
0.01002
0.01019
0.0104
0.01058
0.01078
0.01098
0.01118
0.0114
0.01161
0.01182
0.01203
0.01224
0.01246
0.01267
0.01289
0.01309
0.0133
0.0135
0.01372
0.01391
0.0141
0.01429
0.01448
0.01466
0.01483
0.015
0.01516
0.01531
0.01546
0.0156
0.01574
0.01586
0.01599
0.01611
0.01623
0.01634
0.01645
0.01655
0.01665
0.01675
0.01686
0.01696
0.01706
0.01715
0.01726
0.01736
0.01748
0.01758
0.0177
0.01782
0.01795
0.01807
0.0182
0.01833
0.01847
0.01861
0.01876
0.01891
0.01906
0.01921
0.01937
0.01952
0.01968
0.01982
0.01997
0.02012
0.02027
0.02041
0.02054
0.02067
0.0208
0.02092
0.02104
0.02115
0.02125
0.02134
0.02143
0.0215
0.02158
0.02164
0.0217
0.02175
0.0218
0.02184
0.02187
0.0219
0.02193
0.02195
0.02198
0.02199
0.02201
0.02202
0.02204
0.02205
0.02207
0.02208
0.0221
0.02211
0.02214
0.02215
0.02217
0.02219
0.02221
0.02224
0.02227
0.02229
0.02232
0.02234
0.02237
0.02239
0.02242
0.02243
0.02246
0.02247
0.0225
0.0225
0.02252
0.02252
0.02252
0.02252
0.02251
0.0225
0.02249
0.02246
0.02244
0.02241
0.02239
0.02234
0.0223
0.02226
0.02222
0.02216
0.02211
0.02205
0.02199
0.02193
0.02187
0.0218
0.02174
0.02167
0.0216
0.02153
0.02147
0.0214
0.02134
0.02126
0.02121
0.02113
0.02107
0.02101
0.02094
0.02089
0.02083
0.02077
0.02072
0.02066
0.02061
0.02055
0.02051
0.02045
0.02041
0.02036
0.02032
0.02027
0.02023
0.02018
0.02014
0.0201
0.02007
0.02003
0.01999
0.01994
0.01991
0.01987
0.01984
0.01979
0.01976
0.01971
0.01968
0.01963
0.0196
0.01955
0.0195
0.01947
0.01942
0.01938
0.01934
0.01928
0.01924
0.01919
0.01915
0.01909
0.01904
0.01899
0.01895
0.01889
0.01883
0.01877
0.01872
0.01866
0.0186
0.01854
0.01848
0.01841
0.01835
0.01828
0.01822
0.01814
0.01807
0.01798
0.01792
0.01783
0.01774
0.01766
0.01756
0.01748
0.01738
0.01728
0.01719
0.01708
0.01698
0.01687
0.01677
0.01666
0.01655
0.01644
0.01634
0.01622
0.01611
0.01601
0.0159
0.0158
0.0157
0.0156
0.01551
0.0154
0.01532
0.01523
0.01515
0.01507
0.015
0.01492
0.01487
0.0148
0.01474
0.01468
0.01463
0.01458
0.01454
0.01449
0.01446
0.01441
0.01438
0.01434
0.01431
0.01426
0.01423
0.01419
0.01416
0.01412
0.01408
0.01403
0.01399
0.01395
0.01391
0.01386
0.01382
0.01376
0.01372
0.01366
0.01362
0.01356
0.01352
0.01346
0.01341
0.01335
0.0133
0.01325
0.01319
0.01314
0.01309
0.01304
0.01299
0.01293
0.01289
0.01283
0.01279
0.01273
0.01268
0.01263
0.01258
0.01252
0.01247
0.01241
0.01236
0.0123
0.01225
0.01219
0.01213
0.01206
0.012
0.01193
0.01188
0.0118
0.01174
0.01166
0.0116
0.01152
0.01145
0.01137
0.01129
0.01121
0.01113
0.01105
0.01097
0.01088
0.0108
0.01071
0.01063
0.01053
0.01044
0.01034
0.01025
0.01015
0.01005
0.00995
0.00984
0.00974
0.00964
0.00954
0.00943
0.00932
0.00922
0.00911
0.00901
0.00889
0.00879
0.00868
0.00859
0.00849
0.00839
0.0083
0.0082
0.00812
0.00804
0.00796
0.00789
0.0078
0.00774
0.00767
0.00762
0.00756
0.00751
0.00745
0.00742
0.00737
0.00732
0.00728
0.00724
0.00721
0.00717
0.00714
0.00711
0.00706
0.00704
0.007
0.00697
0.00693
0.00689
0.00685
0.00682
0.00677
0.00673
0.00668
0.00664
0.0066
0.00655
0.00651
0.00647
0.00642
0.00639
0.00634
0.00631
0.00626
0.00623
0.00619
0.00617
0.00613
0.00611
0.00608
0.00605
0.00603
0.00601
0.00599
0.00598
0.00595
0.00595
0.00593
0.00593
0.00591
0.0059
0.00589
0.00589
0.00589
0.00588
0.00588
0.00587
0.00588
0.00589
0.00589
0.0059
0.0059
0.00593
0.00594
0.00597
0.00598
0.00601
0.00603
0.00607
0.0061
0.00614
0.00618
0.00622
0.00627
0.00632
0.00637
0.00643
0.00647
0.00653
0.00658
0.00664
0.00668
0.00674
0.00678
0.00684
0.00687
0.00691
0.00695
0.00698
0.007
0.00703
0.00704
0.00706
0.00706
0.00707
0.00706
0.00707
0.00705
0.00704
0.00702
0.00701
0.00698
0.00696
0.00693
0.0069
0.00688
0.00686
0.00683
0.00681
0.00678
0.00677
0.00674
0.00673
0.0067
0.0067
0.00668
0.00668
0.00667
0.00666
0.00666
0.00665
0.00666
0.00666
0.00667
0.00668
0.00667
0.00669
0.00669
0.00671
0.00671
0.00672
0.00673
0.00675
0.00675
0.00676
0.00677
0.00678
0.00679
0.0068
0.00682
0.00683
0.00683
0.00685
0.00686
0.00688
0.00688
0.0069
0.0069
0.00692
0.00693
0.00693
0.00694
0.00695
0.00696
0.00696
0.00696
0.00697
0.00696
0.00696
0.00695
0.00694
0.00692
0.00691
0.00688
0.00686
0.00683
0.0068
0.00676
0.00672
0.00668
0.00664
0.00659
0.00655
0.00648
0.00644
0.00637
0.00633
0.00626
0.00621
0.00614
0.00609
0.00602
0.00596
0.0059
0.00584
0.00578
0.00573
0.00567
0.00562
0.00555
0.00551
0.00545
0.0054
0.00534
0.00529
0.00523
0.00518
0.00512
0.00506
0.00501
0.00494
0.00489
0.00483
0.00477
0.00471
0.00464
0.00458
0.00451
0.00445
0.00438
0.00432
0.00424
0.00419
0.00411
0.00404
0.00398
0.00391
0.00385
0.00378
0.00372
0.00367
0.0036
0.00355
0.00349
0.00344
0.00339
0.00334
0.00329
0.00326
0.00321
0.00317
0.00313
0.0031
0.00307
0.00304
0.00301
0.00299
0.00295
0.00294
0.00291
0.0029
0.00288
0.00287
0.00284
0.00284
0.00283
0.00282
0.00281
0.0028
0.0028
0.00281
0.00281
0.00282
0.00282
0.00284
0.00285
0.00287
0.00288
0.00291
0.00292
0.00296
0.00298
0.00302
0.00304
0.00308
0.00311
0.00316
0.0032
0.00324
0.00327
0.00333
0.00336
0.00342
0.00346
0.00351
0.00355
0.00361
0.00365
0.0037
0.00375
0.0038
0.00385
0.00391
0.00396
0.00402
0.00407
0.00413
0.00419
0.00426
0.0043
0.00437
0.00443
0.0045
0.00457
0.00463
0.0047
0.00476
0.00484
0.00491
0.00498
0.00505
0.00511
0.00518
0.00525
0.00532
0.00538
0.00544
0.00549
0.00556
0.00561
0.00565
0.00569
0.00573
0.00577
0.0058
0.00584
0.00586
0.00587
0.0059
0.0059
0.00592
0.00592
0.00592
0.00592
0.00592
0.00591
0.0059
0.0059
0.00589
0.00588
0.00587
0.00586
0.00586
0.00584
0.00584
0.00583
0.00584
0.00583
0.00583
0.00582
0.00584
0.00583
0.00584
0.00584
0.00584
0.00585
0.00586
0.00586
0.00587
0.00587
0.00588
0.00587
0.00588
0.00587
0.00587
0.00586
0.00586
0.00584
0.00583
0.00581
0.00579
0.00577
0.00576
0.00573
0.00571
0.00568
0.00566
0.00563
0.00561
0.00557
0.00555
0.00552
0.0055
0.00547
0.00545
0.00543
0.0054
0.00539
0.00538
0.00536
0.00535
0.00533
0.00533
0.00532
0.00532
0.00531
0.00531
0.0053
0.0053
0.0053
0.0053
0.00529
0.00528
0.00528
0.00528
0.00528
0.00528
0.00527
0.00527
0.00526
0.00526
0.00525
0.00525
0.00523
0.00523
0.00522
0.00522
0.00521
0.0052
0.0052
0.0052
0.0052
0.00521
0.0052
0.0052
0.0052
0.00522
0.00521
0.00522
0.00522
0.00524
0.00524
0.00525
0.00525
0.00526
0.00527
0.00527
0.00528
0.00529
0.00528
0.00528
0.00528
0.00528
0.00527
0.00527
0.00525
0.00525
0.00522
0.00521
0.00519
0.00517
0.00515
0.00513
0.0051
0.00509
0.00505
0.00504
0.00501
0.00499
0.00496
0.00494
0.00491
0.0049
0.00488
0.00486
0.00484
0.00482
0.00481
0.0048
0.00479
0.00478
0.00476
0.00475
0.00474
0.00474
0.00472
0.00471
0.00469
0.00469
0.00467
0.00465
0.00463
0.00461
0.0046
0.00458
0.00455
0.00453
0.0045
0.00447
0.00444
0.00442
0.00438
0.00435
0.00431
0.00429
0.00425
0.00422
0.00418
0.00415
0.00412
0.00409
0.00406
0.00404
0.00401
0.00399
0.00397
0.00396
0.00393
0.00393
0.00391
0.00391
0.0039
0.00389
0.00388
0.00387
0.00388
0.00388
0.00388
0.00388
0.00388
0.00388
0.00388
0.0039
0.00389
0.0039
0.0039
0.00391
0.00391
0.00391
0.00392
0.00392
0.00393
0.00394
0.00395
0.00396
0.00396
0.00399
0.00399
0.00402
0.00403
0.00406
0.00407
0.00411
0.00413
0.00416
0.00419
0.00422
0.00426
0.00429
0.00433
0.00438
0.00441
0.00446
0.00449
0.00454
0.00458
0.00463
0.00466
0.00471
0.00474
0.00478
0.00481
0.00484
0.00488
0.00491
0.00494
0.00497
0.00498
0.00501
0.00502
0.00505
0.00505
0.00507
0.00508
0.0051
0.0051
0.00511
0.00512
0.00512
0.00514
0.00515
0.00515
0.00517
0.00517
0.00519
0.0052
0.00523
0.00523
0.00526
0.00527
0.00531
0.00533
0.00535
0.00538
0.0054
0.00543
0.00546
0.00549
0.00553
0.00555
0.00559
0.00562
0.00566
0.00568
0.00571
0.00573
0.00577
0.00579
0.00581
0.00583
0.00585
0.00587
0.00589
0.00591
0.00593
0.00593
0.00595
0.00596
0.00598
0.00598
0.006
0.006
0.00603
0.00603
0.00605
0.00606
0.00607
0.00608
0.00611
0.00613
0.00615
0.00616
0.0062
0.00622
0.00625
0.00628
0.00631
0.00634
0.00639
0.00642
0.00646
0.00649
0.00653
0.00657
0.00661
0.00665
0.0067
0.00672
0.00677
0.0068
0.00684
0.00686
0.00689
0.00691
0.00694
0.00695
0.00696
0.00697
0.00698
0.00698
0.00698
0.00698
0.00697
0.00695
0.00694
0.00691
0.0069
0.00686
0.00684
0.0068
0.00678
0.00674
0.00671
0.00667
0.00663
0.0066
0.00656
0.00653
0.0065
0.00645
0.00642
0.00638
0.00635
0.00631
0.00628
0.00623
0.00621
0.00616
0.00613
0.00608
0.00604
0.006
0.00596
0.00591
0.00587
0.0058
0.00576
0.00569
0.00564
0.00557
0.00551
0.00543
0.00538
0.0053
0.00523
0.00515
0.00508
0.00501
0.00494
0.00487
0.00481
0.00474
0.00469
0.00463
0.00458
0.00453
0.0045
0.00445
0.00444
0.00441
0.00439
0.00438
0.00438
0.00438
0.00439
0.0044
0.00443
0.00444
0.00447
0.0045
0.00453
0.00455
0.00459
0.00461
0.00466
0.00468
0.00471
0.00473
0.00475
0.00478
0.00479
0.00481
0.00482
0.00482
0.00483
0.00482
0.00482
0.00481
0.0048
0.00478
0.00478
0.00476
0.00475
0.00473
0.00471
0.0047
0.0047
0.00468
0.00468
0.00466
0.00467
0.00466
0.00468
0.00467
0.00469
0.00469
0.00471
0.00472
0.00474
0.00475
0.00477
0.00479
0.00481
0.00483
0.00486
0.00486
0.00489
0.0049
0.00492
0.00492
0.00494
0.00494
0.00495
0.00495
0.00494
0.00494
0.00493
0.00493
0.00492
0.00492
0.00491
0.00489
0.00489
0.00488
0.00488
0.00486
0.00486
0.00485
0.00485
0.00484
0.00484
0.00484
0.00484
0.00485
0.00486
0.00486
0.00487
0.00487
0.00489
0.00489
0.00491
0.00491
0.00492
0.00491
0.00493
0.00492
0.00493
0.00492
0.00492
0.00492
0.00492
0.00491
0.0049
0.00488
0.00487
0.00486
0.00485
0.00483
0.00481
0.00479
0.00478
0.00476
0.00474
0.00472
0.0047
0.00469
0.00468
0.00467
0.00466
0.00465
0.00465
0.00464
0.00464
0.00463
0.00464
0.00463
0.00464
0.00464
0.00464
0.00464
0.00464
0.00465
0.00465
0.00465
0.00466
0.00465
0.00465
0.00464
0.00464
0.00462
0.00461
0.00459
0.00458
0.00456
0.00454
0.00452
0.00449
0.00447
0.00444
0.00442
0.00439
0.00435
0.00433
0.0043
0.00428
0.00424
0.00422
0.00419
0.00418
0.00416
0.00414
0.00412
0.0041
0.00409
0.00409
0.00409
0.00409
0.00408
0.00409
0.0041
0.00411
0.00412
0.00414
0.00415
0.00418
0.00419
0.00421
0.00423
0.00426
0.00428
0.0043
0.00433
0.00436
0.00437
0.0044
0.00442
0.00445
0.00446
0.00448
0.00449
0.00452
0.00453
0.00454
0.00455
0.00456
0.00457
0.00458
0.00458
0.00459
0.00459
0.0046
0.00459
0.0046
0.0046
0.0046
0.00459
0.0046
0.00459
0.00459
0.00458
0.00458
0.00458
0.00458
0.00457
0.00457
0.00456
0.00456
0.00455
0.00456
0.00455
0.00455
0.00454
0.00455
0.00454
0.00453
0.00453
0.00453
0.00453
0.00453
0.00454
0.00455
0.00454
0.00456
0.00456
0.00458
0.00458
0.0046
0.0046
0.00462
0.00463
0.00465
0.00466
0.00468
0.0047
0.00472
0.00474
0.00476
0.00477
0.00479
0.00481
0.00483
0.00483
0.00484
0.00484
0.00486
0.00485
0.00484
0.00484
0.00482
0.00481
0.00479
0.00477
0.00475
0.00471
0.00468
0.00465
0.00461
0.00456
0.00452
0.00447
0.00443
0.00438
0.00433
0.00428
0.00422
0.00418
0.00414
0.00409
0.00405
0.004
0.00397
0.00393
0.00391
0.00387
0.00385
0.00382
0.00382
0.00379
0.00378
0.00377
0.00377
0.00377
0.00377
0.00378
0.00379
0.00379
0.00381
0.00382
0.00384
0.00385
0.00386
0.00387
0.0039
0.00391
0.00392
0.00393
0.00395
0.00396
0.00397
0.00398
0.00399
0.00399
0.00401
0.00401
0.00402
0.00401
0.00402
0.00401
0.00402
0.00401
0.00401
0.00401
0.004
0.004
0.00399
0.00399
0.00399
0.00397
0.00398
0.00396
0.00397
0.00396
0.00396
0.00395
0.00395
0.00394
0.00394
0.00394
0.00393
0.00394
0.00395
0.00395
0.00396
0.00395
0.00397
0.00397
0.00399
0.00399
0.00401
0.00401
0.00404
0.00405
0.00407
0.00409
0.0041
0.00413
0.00415
0.00417
0.00421
0.00422
0.00425
0.00427
0.0043
0.00432
0.00435
0.00438
0.00441
0.00443
0.00446
0.00449
0.00451
0.00454
0.00457
0.0046
0.00463
0.00465
0.00468
0.0047
0.00473
0.00475
0.00478
0.00479
0.00483
0.00484
0.00486
0.00488
0.00489
0.00491
0.00493
0.00494
0.00496
0.00496
0.00498
0.00498
0.00499
0.00498
0.00499
0.00497
0.00498
0.00497
0.00496
0.00494
0.00492
0.00491
0.00489
0.00487
0.00486
0.00483
0.00481
0.00478
0.00476
0.00473
0.00472
0.00469
0.00468
0.00465
0.00464
0.00462
0.0046
0.0046
0.00459
0.00459
0.00459
0.00458
0.00459
0.00459
0.0046
0.00461
0.00462
0.00463
0.00465
0.00466
0.00468
0.0047
0.00471
0.00473
0.00475
0.00476
0.00479
0.00479
0.00481
0.00482
0.00484
0.00484
0.00486
0.00486
0.00487
0.00487
0.00488
0.00488
0.00488
0.00489
0.0049
0.0049
0.00491
0.00491
0.00492
0.00492
0.00494
0.00494
0.00496
0.00496
0.00498
0.00499
0.00501
0.00502
0.00503
0.00505
0.00507
0.00509
0.00511
0.00511
0.00514
0.00514
0.00517
0.00517
0.00518
0.00518
0.00519
0.00519
0.00519
0.00519
0.00518
0.00518
0.00517
0.00517
0.00516
0.00514
0.00513
0.00512
0.00511
0.00509
0.00508
0.00506
0.00506
0.00505
0.00504
0.00503
0.00502
0.00502
0.00502
0.00502
0.00502
0.00502
0.00502
0.00502
0.00504
0.00503
0.00504
0.00504
0.00505
0.00505
0.00504
0.00504
0.00503
0.00503
0.00502
0.00501
0.005
0.00497
0.00496
0.00492
0.00491
0.00487
0.00484
0.00479
0.00477
0.00472
0.00468
0.00463
0.00459
0.00455
0.0045
0.00446
0.00442
0.00437
0.00433
0.00429
0.00426
0.00421
0.00418
0.00414
0.00413
0.00409
0.00407
0.00404
0.00403
0.00401
0.004
0.00398
0.00398
0.00396
0.00396
0.00395
0.00395
0.00394
0.00394
0.00393
0.00394
0.00393
0.00393
0.00392
0.00391
0.00391
0.00391
0.0039
0.0039
0.00388
0.00388
0.00387
0.00387
0.00385
0.00385
0.00383
0.00383
0.00381
0.0038
0.00378
0.00377
0.00375
0.00375
0.00373
0.00373
0.0037
0.0037
0.00368
0.00368
0.00367
0.00367
0.00365
0.00365
0.00365
0.00364
0.00364
0.00364
0.00364
0.00364
0.00364
0.00365
0.00364
0.00366
0.00366
0.00367
0.00367
0.00368
0.00368
0.0037
0.0037
0.00371
0.00371
0.00371
0.00372
0.00372
0.00372
0.00373
0.00372
0.00372
0.00371
0.00371
0.00369
0.00369
0.00367
0.00367
0.00364
0.00363
0.00361
0.00359
0.00357
0.00356
0.00354
0.00352
0.0035
0.00349
0.00347
0.00346
0.00344
0.00343
0.00341
0.00342
0.00341
0.0034
0.00339
0.00339
0.00339
0.0034
0.0034
0.00341
0.00341
0.00342
0.00342
0.00344
0.00344
0.00345
0.00345
0.00346
0.00346
0.00346
0.00346
0.00346
0.00346
0.00346
0.00346
0.00346
0.00344
0.00344
0.00343
0.00343
0.00341
0.00341
0.00339
0.00339
0.00338
0.00337
0.00336
0.00336
0.00336
0.00336
0.00336
0.00337
0.00337
0.00339
0.00339
0.00342
0.00342
0.00345
0.00346
0.0035
0.00352
0.00355
0.00357
0.0036
0.00363
0.00366
0.00369
0.00372
0.00374
0.00377
0.00379
0.00383
0.00384
0.00387
0.00388
0.00391
0.00392
0.00394
0.00395
0.00396
0.00398
0.00399
0.00401
0.00402
0.00403
0.00404
0.00406
0.00408
0.00409
0.00411
0.00412
0.00415
0.00417
0.00419
0.00421
0.00423
0.00426
0.00429
0.00431
0.00434
0.00436
0.00439
0.00441
0.00444
0.00445
0.00447
0.00448
0.0045
0.0045
0.00451
0.00451
0.0045
0.0045
0.00449
0.00448
0.00447
0.00444
0.00443
0.0044
0.00438
0.00435
0.00432
0.00429
0.00427
0.00424
0.00421
0.00419
0.00416
0.00414
0.00413
0.00411
0.00411
0.00409
0.00409
0.00409
0.00409
0.00409
0.00411
0.00411
0.00413
0.00414
0.00416
0.00417
0.00419
0.00421
0.00422
0.00424
0.00426
0.00427
0.00429
0.00429
0.00431
0.00431
0.00432
0.00431
0.00432
0.00431
0.00431
0.0043
0.00429
0.00429
0.00428
0.00427
0.00427
0.00426
0.00426
0.00425
0.00425
0.00424
0.00425
0.00425
0.00426
0.00427
0.00428
0.00429
0.0043
0.00432
0.00435
0.00437
0.0044
0.00441
0.00444
0.00446
0.00449
0.0045
0.00453
0.00454
0.00457
0.00457
0.00458
0.00458
0.00458
0.00459
0.00458
0.00458
0.00457
0.00455
0.00454
0.00452
0.00451
0.00448
0.00446
0.00443
0.00441
0.00439
0.00436
0.00434
0.00431
0.00429
0.00428
0.00426
0.00425
0.00423
0.00423
0.00422
0.00422
0.00421
0.00421
0.00421
0.00422
0.00422
0.00423
0.00423
0.00424
0.00424
0.00425
0.00426
0.00427
0.00426
0.00427
0.00426
0.00427
0.00426
0.00426
0.00424
0.00424
0.00422
0.00421
0.00419
0.00417
0.00415
0.00413
0.00411
0.00409
0.00405
0.00404
0.00401
0.00399
0.00395
0.00393
0.0039
0.00389
0.00386
0.00383
0.00381
0.00378
0.00376
0.00374
0.00372
0.0037
0.00367
0.00366
0.00363
0.00362
0.00358
0.00356
0.00353
0.00352
0.00348
0.00346
0.00342
0.00339
0.00336
0.00333
0.0033
0.00328
0.00323
0.00321
0.00317
0.00315
0.00311
0.00308
0.00305
0.00303
0.003
0.00298
0.00296
0.00294
0.00293
0.00292
0.00291
0.00291
0.0029
0.00291
0.00291
0.00292
0.00292
0.00294
0.00295
0.00298
0.00299
0.00301
0.00303
0.00305
0.00308
0.0031
0.00313
0.00315
0.00316
0.0032
0.00321
0.00324
0.00324
0.00327
0.00327
0.00329
0.0033
0.00331
0.00331
0.00332
0.00333
0.00333
0.00334
0.00334
0.00333
0.00334
0.00334
0.00334
0.00334
0.00335
0.00334
0.00336
0.00336
0.00336
0.00337
0.00338
0.00339
0.00341
0.00342
0.00345
0.00346
0.00349
0.00351
0.00354
0.00355
0.00359
0.0036
0.00364
0.00367
0.0037
0.00372
0.00375
0.00378
0.00382
0.00385
0.00388
0.0039
0.00393
0.00395
0.00398
0.004
0.00403
0.00404
0.00407
0.00408
0.0041
0.00411
0.00412
0.00414
0.00415
0.00416
0.00417
0.00416
0.00417
0.00417
0.00417
0.00416
0.00416
0.00414
0.00415
0.00413
0.00412
0.0041
0.00408
0.00407
0.00405
0.00403
0.00402
0.00398
0.00397
0.00394
0.00393
0.00389
0.00387
0.00384
0.00383
0.0038
0.00378
0.00376
0.00374
0.00373
0.00372
0.0037
0.0037
0.00368
0.00368
0.00367
0.00368
0.00367
0.00368
0.00368
0.0037
0.00371
0.00372
0.00373
0.00375
0.00377
0.00379
0.00381
0.00384
0.00385
0.00388
0.0039
0.00393
0.00394
0.00397
0.00398
0.00401
0.00403
0.00405
0.00407
0.00409
0.00411
0.00414
0.00416
0.00419
0.0042
0.00423
0.00424
0.00427
0.00429
0.00432
0.00434
0.00437
0.0044
0.00442
0.00445
0.00448
0.00451
0.00454
0.00457
0.0046
0.00462
0.00466
0.00468
0.00472
0.00474
0.00476
0.00478
0.00481
0.00483
0.00484
0.00485
0.00486
0.00487
0.00487
0.00488
0.00488
0.00487
0.00487
0.00485
0.00485
0.00483
0.00481
0.00479
0.00478
0.00474
0.00472
0.00469
0.00466
0.00463
0.0046
0.00457
0.00455
0.0045
0.00448
0.00444
0.00442
0.00438
0.00435
0.00431
0.00429
0.00426
0.00422
0.00419
0.00416
0.00413
0.00409
0.00406
0.00404
0.00399
0.00397
0.00393
0.0039
0.00386
0.00383
0.00379
0.00377
0.00373
0.0037
0.00366
0.00363
0.0036
0.00357
0.00355
0.00353
0.00349
0.00348
0.00346
0.00345
0.00343
0.00342
0.00341
0.00342
0.00341
0.00341
0.00342
0.00342
0.00344
0.00345
0.00347
0.00349
0.0035
0.00352
0.00354
0.00357
0.00359
0.00362
0.00363
0.00367
0.00368
0.00371
0.00373
0.00375
0.00377
0.00379
0.00381
0.00383
0.00384
0.00386
0.00388
0.0039
0.00391
0.00393
0.00394
0.00396
0.00398
0.004
0.00402
0.00404
0.00406
0.00409
0.00413
0.00416
0.00419
0.00423
0.00427
0.00432
0.00436
0.00441
0.00445
0.00452
0.00457
0.00462
0.00467
0.00472
0.00478
0.00484
0.00489
0.00495
0.00499
0.00505
0.00509
0.00514
0.00517
0.00522
0.00524
0.00528
0.0053
0.00532
0.00534
0.00535
0.00537
0.00538
0.00538
0.00539
0.00538
0.00539
0.00538
0.00538
0.00537
0.00536
0.00535
0.00535
0.00534
0.00533
0.00532
0.00532
0.00531
0.00531
0.00531
0.00531
0.0053
0.0053
0.0053
0.0053
0.0053
0.0053
0.0053
0.00531
0.0053
0.0053
0.0053
0.00529
0.00529
0.00529
0.00528
0.00528
0.00525
0.00525
0.00523
0.00522
0.00519
0.00517
0.00514
0.00513
0.0051
0.00507
0.00504
0.005
0.00497
0.00494
0.00491
0.00487
0.00483
0.0048
0.00476
0.00473
0.00468
0.00465
0.0046
0.00458
0.00453
0.00449
0.00445
0.00441
0.00437
0.00433
0.00429
0.00426
0.0042
0.00417
0.00412
0.00409
0.00403
0.00399
0.00395
0.00391
0.00386
0.00382
0.00377
0.00373
0.00368
0.00365
0.0036
0.00357
0.00352
0.00349
0.00344
0.00341
0.00337
0.00334
0.0033
0.00328
0.00325
0.00323
0.0032
0.00317
0.00315
0.00313
0.00312
0.00311
0.00308
0.00308
0.00306
0.00306
0.00304
0.00304
0.00302
0.00303
0.00302
0.00302
0.00301
0.00301
0.00301
0.00301
0.00302
0.00302
0.00302
0.00303
0.00303
0.00304
0.00304
0.00305
0.00305
0.00308
0.00308
0.00309
0.0031
0.00311
0.00312
0.00314
0.00315
0.00317
0.00317
0.00319
0.0032
0.00321
0.00322
0.00323
0.00323
0.00325
0.00325
0.00326
0.00326
0.00326
0.00327
0.00328
0.00328
0.00328
0.00328
0.00328
0.00328
0.00329
0.00329
0.00329
0.00329
0.00331
0.00331
0.00332
0.00333
0.00334
0.00335
0.00337
0.00339
0.00342
0.00343
0.00347
0.00349
0.00353
0.00355
0.00359
0.00362
0.00367
0.0037
0.00374
0.00378
0.00381
0.00385
0.00389
0.00393
0.00397
0.00399
0.00404
0.00406
0.0041
0.00413
0.00416
0.00417
0.00421
0.00422
0.00424
0.00426
0.00427
0.00429
0.0043
0.00432
0.00433
0.00433
0.00435
0.00435
0.00437
0.00437
0.00439
0.00439
0.00441
0.00442
0.00442
0.00443
0.00444
0.00445
0.00447
0.00448
0.00449
0.00449
0.00451
0.00451
0.00453
0.00453
0.00454
0.00454
0.00455
0.00455
0.00455
0.00455
0.00455
0.00456
0.00456
0.00456
0.00457
0.00455
0.00456
0.00456
0.00457
0.00457
0.00457
0.00457
0.00459
0.0046
0.00461
0.00462
0.00463
0.00465
0.00468
0.0047
0.00473
0.00474
0.00478
0.0048
0.00484
0.00486
0.0049
0.00492
0.00497
0.00499
0.00502
0.00505
0.00507
0.0051
0.00513
0.00515
0.00517
0.00518
0.0052
0.00521
0.00523
0.00523
0.00524
0.00523
0.00525
0.00524
0.00524
0.00524
0.00523
0.00523
0.00523
0.00523
0.00523
0.00522
0.00523
0.00523
0.00524
0.00523
0.00525
0.00525
0.00527
0.00527
0.00528
0.0053
0.00531
0.00533
0.00535
0.00537
0.00539
0.0054
0.00543
0.00544
0.00546
0.00547
0.00549
0.00549
0.00552
0.00552
0.00553
0.00553
0.00553
0.00554
0.00554
0.00554
0.00554
0.00552
0.00552
0.00551
0.00551
0.00549
0.00548
0.00546
0.00546
0.00545
0.00543
0.00542
0.00541
0.0054
0.0054
0.00539
0.00539
0.00537
0.00538
0.00537
0.00538
0.00538
0.00539
0.00538
0.0054
0.0054
0.00541
0.00542
0.00543
0.00544
0.00545
0.00546
0.00548
0.00548
0.00549
0.00549
0.00551
0.00551
0.00551
0.00551
0.00552
0.00551
0.00551
0.0055
0.00549
0.00548
0.00547
0.00545
0.00544
0.00541
0.00539
0.00536
0.00533
0.0053
0.00527
0.00522
0.00519
0.00514
0.00509
0.00504
0.00499
0.00494
0.00489
0.00483
0.00478
0.0047
0.00465
0.00458
0.00453
0.00445
0.0044
0.00432
0.00427
0.0042
0.00414
0.00407
0.00401
0.00395
0.0039
0.00384
0.00379
0.00373
0.00368
0.00363
0.00359
0.00354
0.00351
0.00347
0.00344
0.00341
0.00338
0.00335
0.00333
0.00331
0.00329
0.00328
0.00327
0.00324
0.00324
0.00323
0.00323
0.00322
0.00322
0.00321
0.00322
0.00321
0.00321
0.00321
0.0032
0.00321
0.00321
0.00321
0.00322
0.00321
0.00322
0.00322
0.00323
0.00323
0.00324
0.00324
0.00326
0.00327
0.00328
0.00329
0.00331
0.00333
0.00335
0.00337
0.00341
0.00343
0.00347
0.0035
0.00354
0.00357
0.00362
0.00365
0.00371
0.00375
0.0038
0.00385
0.0039
0.00395
0.00401
0.00406
0.00411
0.00416
0.00421
0.00426
0.00431
0.00434
0.00439
0.00442
0.00447
0.0045
0.00453
0.00457
0.00459
0.00462
0.00465
0.00467
0.0047
0.0047
0.00473
0.00474
0.00476
0.00477
0.00479
0.0048
0.00482
0.00483
0.00485
0.00486
0.00488
0.0049
0.00492
0.00494
0.00497
0.00498
0.00501
0.00503
0.00506
0.00507
0.0051
0.00512
0.00515
0.00517
0.00519
0.00521
0.00522
0.00524
0.00526
0.00527
0.00529
0.00528
0.0053
0.00529
0.0053
0.00528
0.00528
0.00527
0.00527
0.00525
0.00523
0.00521
0.00519
0.00517
0.00515
0.00514
0.00512
0.00509
0.00507
0.00505
0.00504
0.00501
0.005
0.00498
0.00497
0.00496
0.00494
0.00493
0.00492
0.00492
0.00491
0.00491
0.00491
0.00489
0.00489
0.00489
0.00489
0.00487
0.00487
0.00485
0.00485
0.00484
0.00482
0.0048
0.00478
0.00476
0.00474
0.00472
0.0047
0.00466
0.00463
0.0046
0.00457
0.00452
0.00449
0.00445
0.00442
0.00437
0.00434
0.00429
0.00426
0.00422
0.00419
0.00415
0.00413
0.00408
0.00406
0.00403
0.00401
0.00398
0.00397
0.00395
0.00394
0.00392
0.00391
0.0039
0.00389
0.00389
0.00389
0.00388
0.00389
0.00388
0.00389
0.00389
0.0039
0.00389
0.0039
0.0039
0.00391
0.00391
0.00392
0.00392
0.00393
0.00393
0.00394
0.00395
0.00396
0.00395
0.00397
0.00397
0.00398
0.00398
0.00399
0.004
0.00402
0.00403
0.00404
0.00404
0.00406
0.00408
0.00409
0.00411
0.00414
0.00415
0.00418
0.00419
0.00422
0.00424
0.00427
0.00429
0.00433
0.00435
0.00438
0.0044
0.00442
0.00445
0.00448
0.0045
0.00453
0.00454
0.00457
0.00458
0.0046
0.00461
0.00463
0.00463
0.00465
0.00465
0.00465
0.00465
0.00465
0.00465
0.00464
0.00464
0.00463
0.00462
0.00461
0.0046
0.0046
0.00458
0.00458
0.00457
0.00457
0.00456
0.00456
0.00455
0.00455
0.00455
0.00456
0.00457
0.00458
0.00458
0.00459
0.0046
0.00462
0.00463
0.00465
0.00465
0.00468
0.00469
0.00471
0.00472
0.00473
0.00474
0.00476
0.00476
0.00478
0.00478
0.00479
0.00478
0.00479
0.00478
0.00479
0.00478
0.00478
0.00477
0.00477
0.00476
0.00475
0.00475
0.00475
0.00475
0.00475
0.00474
0.00476
0.00476
0.00477
0.00478
0.00479
0.0048
0.00483
0.00484
0.00486
0.00489
0.00491
0.00494
0.00496
0.00499
0.00502
0.00503
0.00506
0.00508
0.0051
0.00511
0.00513
0.00513
0.00514
0.00513
0.00513
0.00512
0.0051
0.00508
0.00506
0.00503
0.00501
0.00496
0.00493
0.00489
0.00485
0.0048
0.00476
0.00471
0.00467
0.00463
0.00458
0.00454
0.0045
0.00446
0.00443
0.0044
0.00438
0.00434
0.00433
0.0043
0.0043
0.00428
0.00427
0.00426
0.00426
0.00426
0.00426
0.00425
0.00425
0.00425
0.00426
0.00426
0.00426
0.00424
0.00425
0.00424
0.00423
0.00421
0.00421
0.00418
0.00417
0.00415
0.00412
0.00409
0.00406
0.00403
0.00401
0.00397
0.00394
0.0039
0.00386
0.00382
0.0038
0.00375
0.00372
0.00367
0.00365
0.0036
0.00357
0.00353
0.0035
0.00347
0.00344
0.00341
0.00339
0.00335
0.00333
0.0033
0.00329
0.00326
0.00324
0.00321
0.00321
0.00318
0.00317
0.00315
0.00314
0.00313
0.00313
0.00312
0.00312
0.00311
0.00312
0.00311
0.00313
0.00313
0.00315
0.00316
0.00318
0.0032
0.00322
0.00324
0.00327
0.00331
0.00334
0.00338
0.00342
0.00346
0.00351
0.00354
0.00359
0.00363
0.00368
0.00372
0.00378
0.00382
0.00386
0.0039
0.00395
0.00399
0.00403
0.00407
0.00411
0.00414
0.00418
0.00421
0.00424
0.00426
0.00429
0.00431
0.00434
0.00436
0.00438
0.00439
0.00441
0.00443
0.00445
0.00447
0.00448
0.00449
0.00452
0.00452
0.00455
0.00455
0.00458
0.00458
0.00461
0.00462
0.00464
0.00466
0.00467
0.0047
0.00471
0.00473
0.00476
0.00477
0.00479
0.00481
0.00483
0.00484
0.00487
0.00488
0.00491
0.00492
0.00493
0.00495
0.00496
0.00498
0.00499
0.00501
0.00503
0.00503
0.00505
0.00506
0.00508
0.00508
0.0051
0.0051
0.00512
0.00513
0.00514
0.00514
0.00515
0.00516
0.00517
0.00518
0.00519
0.00518
0.0052
0.0052
0.00521
0.0052
0.00521
0.0052
0.00521
0.0052
0.0052
0.00519
0.00518
0.00517
0.00517
0.00515
0.00515
0.00512
0.00511
0.00508
0.00507
0.00504
0.00501
0.00498
0.00496
0.00492
0.00488
0.00484
0.0048
0.00476
0.00473
0.00468
0.00464
0.00458
0.00455
0.00449
0.00446
