1.05029509720766E+03

0.00447
0.00447
0.00447
0.00447
0.00449
0.00449
0.00449
0.0045
0.0045
0.00451
0.00452
0.00452
0.00453
0.00452
0.00454
0.00453
0.00455
0.00454
0.00455
0.00455
0.00457
0.00456
0.00457
0.00457
0.00457
0.00458
0.00459
0.0046
0.00461
0.00461
0.00462
0.00463
0.00464
0.00464
0.00465
0.00465
0.00467
0.00467
0.00467
0.00467
0.00467
0.00467
0.00467
0.00467
0.00466
0.00465
0.00464
0.00462
0.00461
0.00458
0.00457
0.00454
0.00453
0.0045
0.00447
0.00444
0.00441
0.00438
0.00436
0.00433
0.00431
0.00427
0.00426
0.00423
0.00422
0.00419
0.00417
0.00415
0.00415
0.00413
0.00412
0.00411
0.0041
0.00409
0.00409
0.00408
0.00408
0.00406
0.00407
0.00405
0.00405
0.00403
0.00403
0.004
0.00399
0.00397
0.00395
0.00392
0.00389
0.00386
0.00383
0.00379
0.00376
0.00371
0.00368
0.00364
0.0036
0.00355
0.00351
0.00346
0.00343
0.00339
0.00335
0.00331
0.00328
0.00325
0.00323
0.0032
0.00319
0.00316
0.00315
0.00313
0.00313
0.00311
0.00311
0.0031
0.00311
0.0031
0.0031
0.0031
0.0031
0.0031
0.0031
0.0031
0.0031
0.00309
0.00309
0.00308
0.00308
0.00306
0.00305
0.00303
0.00303
0.003
0.00299
0.00297
0.00295
0.00293
0.00292
0.0029
0.0029
0.00288
0.00288
0.00287
0.00288
0.00288
0.0029
0.0029
0.00294
0.00296
0.003
0.00303
0.00308
0.00313
0.0032
0.00326
0.00334
0.00341
0.00349
0.00357
0.00367
0.00375
0.00385
0.00395
0.00405
0.00414
0.00424
0.00434
0.00443
0.00453
0.00462
0.00471
0.0048
0.00487
0.00496
0.00502
0.00509
0.00515
0.00521
0.00525
0.00531
0.00534
0.00538
0.0054
0.00543
0.00545
0.00547
0.00548
0.0055
0.0055
0.00551
0.00551
0.00553
0.00553
0.00553
0.00553
0.00554
0.00554
0.00554
0.00555
0.00555
0.00556
0.00558
0.00558
0.0056
0.0056
0.00562
0.00563
0.00565
0.00566
0.00567
0.00568
0.0057
0.00571
0.00572
0.00572
0.00572
0.00573
0.00574
0.00573
0.00573
0.00572
0.00571
0.00569
0.00569
0.00566
0.00564
0.00561
0.00559
0.00556
0.00553
0.00549
0.00546
0.00542
0.00539
0.00535
0.00532
0.00527
0.00524
0.00519
0.00517
0.00512
0.00509
0.00505
0.00503
0.00499
0.00496
0.00493
0.0049
0.00488
0.00486
0.00484
0.00483
0.0048
0.00479
0.00477
0.00476
0.00474
0.00474
0.00472
0.00472
0.0047
0.0047
0.00468
0.00467
0.00466
0.00466
0.00465
0.00465
0.00463
0.00463
0.00461
0.00461
0.00459
0.00459
0.00457
0.00457
0.00455
0.00454
0.00452
0.00451
0.0045
0.00448
0.00447
0.00446
0.00443
0.00443
0.00441
0.0044
0.00438
0.00437
0.00434
0.00434
0.00432
0.0043
0.00428
0.00426
0.00425
0.00424
0.00422
0.00422
0.00419
0.00419
0.00417
0.00416
0.00414
0.00414
0.00412
0.00412
0.0041
0.00409
0.00408
0.00408
0.00407
0.00406
0.00406
0.00406
0.00404
0.00404
0.00403
0.00403
0.00402
0.00401
0.004
0.004
0.00398
0.00397
0.00396
0.00394
0.00393
0.00391
0.0039
0.00388
0.00385
0.00383
0.00381
0.00379
0.00375
0.00373
0.00369
0.00367
0.00363
0.0036
0.00357
0.00353
0.0035
0.00347
0.00343
0.00341
0.00336
0.00334
0.00331
0.00329
0.00325
0.00323
0.0032
0.00319
0.00317
0.00315
0.00314
0.00312
0.00312
0.00311
0.00311
0.00311
0.00311
0.00312
0.00312
0.00314
0.00314
0.00316
0.00317
0.0032
0.00321
0.00323
0.00325
0.00328
0.0033
0.00333
0.00336
0.00339
0.00341
0.00345
0.00348
0.00352
0.00354
0.00358
0.0036
0.00365
0.00367
0.00371
0.00374
0.00377
0.0038
0.00384
0.00388
0.00391
0.00394
0.00398
0.00401
0.00405
0.00408
0.00412
0.00414
0.00419
0.00422
0.00425
0.00428
0.00431
0.00435
0.00439
0.00442
0.00446
0.00449
0.00453
0.00456
0.0046
0.00463
0.00466
0.00469
0.00473
0.00476
0.00479
0.00482
0.00484
0.00487
0.0049
0.00493
0.00496
0.00497
0.00499
0.00501
0.00503
0.00504
0.00505
0.00505
0.00507
0.00507
0.00507
0.00507
0.00506
0.00506
0.00505
0.00505
0.00504
0.00501
0.00501
0.00498
0.00497
0.00494
0.00492
0.00489
0.00488
0.00485
0.00482
0.00479
0.00476
0.00474
0.00472
0.00469
0.00467
0.00464
0.00462
0.00459
0.00458
0.00455
0.00453
0.0045
0.0045
0.00448
0.00446
0.00444
0.00442
0.00441
0.0044
0.00439
0.00439
0.00437
0.00437
0.00435
0.00435
0.00434
0.00434
0.00432
0.00432
0.00431
0.00431
0.0043
0.00429
0.00429
0.00429
0.00429
0.00429
0.00428
0.00429
0.00428
0.00429
0.00428
0.00429
0.00428
0.00429
0.00429
0.00429
0.00429
0.00429
0.0043
0.0043
0.0043
0.00431
0.0043
0.00431
0.00431
0.00432
0.0043
0.00431
0.0043
0.0043
0.00429
0.00429
0.00427
0.00426
0.00425
0.00424
0.00423
0.00422
0.00419
0.00419
0.00416
0.00416
0.00413
0.00412
0.00409
0.00408
0.00406
0.00404
0.00403
0.00401
0.004
0.00399
0.00398
0.00398
0.00396
0.00396
0.00395
0.00396
0.00395
0.00395
0.00395
0.00396
0.00396
0.00396
0.00396
0.00397
0.00398
0.00398
0.00399
0.004
0.00399
0.00401
0.00401
0.00402
0.00401
0.00402
0.00402
0.00403
0.00403
0.00403
0.00402
0.00402
0.00402
0.00402
0.00402
0.00402
0.00401
0.00402
0.00401
0.00402
0.00402
0.00403
0.00402
0.00404
0.00404
0.00405
0.00406
0.00407
0.00408
0.0041
0.00411
0.00413
0.00414
0.00416
0.00417
0.0042
0.00421
0.00423
0.00424
0.00427
0.00428
0.00429
0.0043
0.00431
0.00432
0.00434
0.00434
0.00435
0.00435
0.00436
0.00435
0.00437
0.00435
0.00436
0.00435
0.00436
0.00435
0.00434
0.00434
0.00433
0.00433
0.00433
0.00432
0.00432
0.00431
0.00432
0.00431
0.00431
0.0043
0.0043
0.00429
0.0043
0.00429
0.00429
0.00428
0.00427
0.00426
0.00426
0.00425
0.00424
0.00422
0.00421
0.00419
0.00418
0.00416
0.00414
0.00411
0.00411
0.00408
0.00406
0.00403
0.00401
0.00399
0.00398
0.00396
0.00395
0.00393
0.00392
0.00391
0.00391
0.0039
0.00391
0.00391
0.00393
0.00394
0.00395
0.00397
0.00399
0.00401
0.00404
0.00408
0.00411
0.00413
0.00417
0.0042
0.00424
0.00427
0.0043
0.00433
0.00437
0.00439
0.00441
0.00442
0.00443
0.00445
0.00446
0.00446
0.00447
0.00445
0.00445
0.00443
0.00442
0.00439
0.00437
0.00433
0.00431
0.00428
0.00424
0.00421
0.00417
0.00414
0.0041
0.00407
0.00404
0.004
0.00398
0.00394
0.00393
0.00389
0.00388
0.00385
0.00385
0.00383
0.00382
0.00381
0.0038
0.0038
0.0038
0.0038
0.0038
0.0038
0.00381
0.00381
0.00382
0.00382
0.00382
0.00382
0.00383
0.00383
0.00383
0.00382
0.00382
0.00382
0.00382
0.00381
0.00381
0.00379
0.00379
0.00378
0.00378
0.00376
0.00375
0.00373
0.00373
0.00372
0.0037
0.00369
0.00367
0.00367
0.00366
0.00365
0.00364
0.00362
0.00362
0.00361
0.00361
0.0036
0.00359
0.00358
0.00359
0.00357
0.00357
0.00356
0.00355
0.00355
0.00355
0.00354
0.00354
0.00352
0.00353
0.00352
0.00352
0.00351
0.00351
0.00349
0.0035
0.00349
0.00349
0.00348
0.00347
0.00347
0.00347
0.00347
0.00347
0.00346
0.00347
0.00347
0.00347
0.00347
0.00347
0.00347
0.00348
0.00348
0.00348
0.00349
0.00349
0.0035
0.00351
0.00352
0.00354
0.00354
0.00357
0.00358
0.00361
0.00362
0.00365
0.00368
0.00372
0.00375
0.00378
0.00383
0.00387
0.00392
0.00398
0.00403
0.0041
0.00416
0.00423
0.0043
0.00439
0.00446
0.00455
0.00463
0.00473
0.00482
0.00491
0.00501
0.00511
0.00522
0.00533
0.00543
0.00554
0.00564
0.00576
0.00587
0.00599
0.00609
0.00621
0.00632
0.00644
0.00655
0.00667
0.00678
0.0069
0.00702
0.00715
0.00727
0.0074
0.00752
0.00766
0.00779
0.00793
0.00807
0.00822
0.00836
0.00853
0.00868
0.00884
0.00901
0.00918
0.00936
0.00954
0.00973
0.00993
0.01011
0.01032
0.01052
0.01074
0.01094
0.01116
0.01137
0.01161
0.01183
0.01205
0.01228
0.01251
0.01274
0.01298
0.01321
0.01345
0.01368
0.01392
0.01415
0.01439
0.01462
0.01485
0.01508
0.01533
0.01555
0.01579
0.01602
0.01625
0.01648
0.01671
0.01694
0.01718
0.0174
0.01763
0.01785
0.01809
0.01831
0.01854
0.01875
0.01898
0.0192
0.01942
0.01963
0.01984
0.02005
0.02027
0.02047
0.02068
0.02087
0.02108
0.02126
0.02146
0.02164
0.02182
0.02199
0.02217
0.02234
0.0225
0.02265
0.02281
0.02296
0.0231
0.02324
0.02338
0.0235
0.02363
0.02375
0.02387
0.02398
0.02409
0.02418
0.02429
0.02439
0.02448
0.02456
0.02464
0.02473
0.02481
0.02488
0.02496
0.02502
0.02509
0.02515
0.02521
0.02526
0.02532
0.02537
0.02543
0.02547
0.02552
0.02556
0.0256
0.02565
0.02569
0.02572
0.02576
0.02579
0.02583
0.02585
0.02589
0.02591
0.02594
0.02595
0.02599
0.026
0.02602
0.02603
0.02605
0.02606
0.02607
0.02609
0.0261
0.02609
0.0261
0.0261
0.0261
0.02609
0.02609
0.02607
0.02607
0.02605
0.02604
0.02601
0.02599
0.02596
0.02594
0.02591
0.02588
0.02584
0.02581
0.02576
0.02573
0.02568
0.02563
0.02558
0.02554
0.02549
0.02544
0.02538
0.02533
0.02527
0.02522
0.02517
0.02512
0.02505
0.025
0.02495
0.02489
0.02483
0.02478
0.02471
0.02467
0.0246
0.02454
0.02448
0.02442
0.02436
0.0243
0.02424
0.02418
0.0241
0.02404
0.02397
0.02391
0.02383
0.02376
0.02368
0.02361
0.02353
0.02345
0.02337
0.02328
0.0232
0.02312
0.02303
0.02295
0.02285
0.02276
0.02267
0.02258
0.02249
0.0224
0.0223
0.02222
0.02212
0.02203
0.02194
0.02184
0.02175
0.02167
0.02158
0.02149
0.0214
0.02132
0.02123
0.02115
0.02106
0.02098
0.02089
0.02082
0.02074
0.02066
0.02058
0.0205
0.02043
0.02036
0.02028
0.02022
0.02014
0.02007
0.02
0.01994
0.01986
0.0198
0.01973
0.01967
0.0196
0.01954
0.01947
0.0194
0.01934
0.01928
0.01922
0.01916
0.01909
0.01904
0.01897
0.01891
0.01885
0.01879
0.01872
0.01867
0.0186
0.01853
0.01847
0.0184
0.01833
0.01827
0.0182
0.01813
0.01805
0.01798
0.0179
0.01784
0.01775
0.01767
0.01759
0.01751
0.01742
0.01733
0.01724
0.01715
0.01706
0.01696
0.01686
0.01677
0.01666
0.01656
0.01645
0.01635
0.01623
0.01612
0.016
0.01589
0.01577
0.01565
0.01553
0.01541
0.01529
0.01517
0.01505
0.01493
0.0148
0.01469
0.01457
0.01446
0.01434
0.01423
0.01411
0.01401
0.0139
0.01379
0.01369
0.01359
0.0135
0.01341
0.01332
0.01324
0.01315
0.01308
0.01301
0.01295
0.01287
0.01282
0.01275
0.0127
0.01264
0.01259
0.01254
0.0125
0.01246
0.01241
0.01238
0.01234
0.01229
0.01226
0.01222
0.01219
0.01215
0.01211
0.01207
0.01204
0.012
0.01195
0.01191
0.01187
0.01182
0.01178
0.01174
0.01169
0.01164
0.01159
0.01154
0.01149
0.01143
0.01139
0.01133
0.01128
0.01122
0.01117
0.01111
0.01105
0.011
0.01095
0.01089
0.01084
0.01078
0.01074
0.01069
0.01065
0.01059
0.01055
0.0105
0.01047
0.01042
0.01039
0.01035
0.01031
0.01029
0.01026
0.01023
0.01021
0.01018
0.01017
0.01015
0.01014
0.01012
0.01011
0.01009
0.01009
0.01008
0.01007
0.01006
0.01005
0.01005
0.01004
0.01004
0.01003
0.01001
0.01001
0.00999
0.00999
0.00997
0.00996
0.00993
0.00992
0.0099
0.00988
0.00985
0.00982
0.0098
0.00977
0.00975
0.00972
0.00968
0.00967
0.00964
0.00962
0.00958
0.00956
0.00953
0.00952
0.0095
0.00948
0.00947
0.00945
0.00944
0.00944
0.00944
0.00944
0.00944
0.00944
0.00945
0.00946
0.00947
0.00948
0.00949
0.00951
0.00952
0.00954
0.00955
0.00956
0.00957
0.00959
0.0096
0.00961
0.00961
0.00962
0.00962
0.00963
0.00962
0.00962
0.0096
0.0096
0.00959
0.00957
0.00955
0.00954
0.00952
0.0095
0.00948
0.00946
0.00942
0.00941
0.00937
0.00936
0.00932
0.0093
0.00927
0.00925
0.00922
0.0092
0.00917
0.00915
0.00913
0.00911
0.00908
0.00907
0.00904
0.00903
0.009
0.00899
0.00896
0.00894
0.00892
0.0089
0.00888
0.00885
0.00883
0.0088
0.00878
0.00875
0.00872
0.0087
0.00866
0.00864
0.00861
0.00858
0.00854
0.00852
0.00848
0.00846
0.00842
0.00839
0.00836
0.00833
0.0083
0.00827
0.00825
0.00823
0.00819
0.00818
0.00815
0.00814
0.00811
0.0081
0.00807
0.00807
0.00805
0.00804
0.00802
0.00801
0.00801
0.008
0.00799
0.00799
0.00797
0.00798
0.00797
0.00797
0.00796
0.00796
0.00794
0.00794
0.00793
0.00792
0.00792
0.00791
0.0079
0.00789
0.00788
0.00787
0.00784
0.00784
0.00782
0.00781
0.00778
0.00777
0.00774
0.00773
0.0077
0.00768
0.00766
0.00763
0.00761
0.00759
0.00757
0.00755
0.00751
0.0075
0.00747
0.00745
0.00742
0.0074
0.00737
0.00737
0.00734
0.00732
0.0073
0.00728
0.00727
0.00726
0.00724
0.00723
0.00721
0.0072
0.00718
0.00717
0.00716
0.00715
0.00713
0.00712
0.0071
0.00708
0.00706
0.00704
0.00702
0.007
0.00698
0.00696
0.00693
0.00691
0.00687
0.00685
0.00682
0.00679
0.00675
0.00673
0.00669
0.00665
0.00662
0.00659
0.00656
0.00653
0.0065
0.00647
0.00644
0.00642
0.00639
0.00637
0.00634
0.00633
0.0063
0.00629
0.00627
0.00625
0.00624
0.00622
0.00621
0.0062
0.00619
0.00619
0.00617
0.00616
0.00615
0.00615
0.00613
0.00613
0.00611
0.00611
0.0061
0.00609
0.00608
0.00607
0.00607
0.00606
0.00605
0.00605
0.00604
0.00605
0.00604
0.00605
0.00605
0.00605
0.00605
0.00607
0.00608
0.00608
0.0061
0.0061
0.00612
0.00614
0.00615
0.00617
0.00618
0.0062
0.00621
0.00623
0.00623
0.00624
0.00624
0.00626
0.00626
0.00626
0.00625
0.00624
0.00624
0.00623
0.00622
0.00621
0.00618
0.00617
0.00615
0.00614
0.00611
0.0061
0.00607
0.00607
0.00605
0.00603
0.00602
0.00602
0.00602
0.00602
0.00603
0.00605
0.00605
0.00608
0.0061
0.00614
0.00617
0.00622
0.00626
0.00632
0.00636
0.00642
0.00648
0.00654
0.0066
0.00667
0.00674
0.00681
0.00687
0.00694
0.007
0.00707
0.00713
0.00719
0.00724
0.0073
0.00734
0.00739
0.00742
0.00746
0.00749
0.00752
0.00755
0.00757
0.00758
0.0076
0.0076
0.00761
0.00761
0.00761
0.0076
0.0076
0.00759
0.00757
0.00756
0.00754
0.00752
0.00751
0.00748
0.00747
0.00743
0.00742
0.00739
0.00737
0.00734
0.00732
0.00729
0.00728
0.00725
0.00723
0.00721
0.00719
0.00717
0.00716
0.00714
0.00713
0.00711
0.00711
0.0071
0.00711
0.0071
0.00711
0.0071
0.00712
0.00713
0.00714
0.00715
0.00717
0.00719
0.00722
0.00724
0.00728
0.0073
0.00734
0.00736
0.0074
0.00743
0.00747
0.0075
0.00755
0.00757
0.00761
0.00764
0.00767
0.0077
0.00773
0.00776
0.00779
0.0078
0.00783
0.00784
0.00786
0.00787
0.00788
0.00788
0.00789
0.00789
0.00788
0.00788
0.00786
0.00786
0.00784
0.00783
0.00781
0.00778
0.00777
0.00774
0.00773
0.00769
0.00767
0.00763
0.00761
0.00758
0.00755
0.00752
0.00748
0.00746
0.00743
0.0074
0.00738
0.00735
0.00733
0.0073
0.00729
0.00726
0.00724
0.00721
0.00721
0.00719
0.00717
0.00716
0.00714
0.00714
0.00713
0.00713
0.00713
0.00711
0.00711
0.0071
0.00711
0.00709
0.00709
0.00708
0.00709
0.00708
0.00708
0.00706
0.00706
0.00705
0.00704
0.00703
0.00703
0.00701
0.007
0.00698
0.00698
0.00695
0.00694
0.00691
0.00691
0.00689
0.00687
0.00685
0.00683
0.00682
0.00681
0.0068
0.00679
0.00677
0.00677
0.00677
0.00677
0.00677
0.00677
0.00677
0.00679
0.0068
0.00682
0.00683
0.00685
0.00687
0.0069
0.00693
0.00696
0.00699
0.00703
0.00706
0.0071
0.00713
0.00717
0.0072
0.00724
0.00727
0.00731
0.00734
0.00737
0.0074
0.00744
0.00747
0.0075
0.00752
0.00755
0.00757
0.00761
0.00762
0.00765
0.00767
0.0077
0.00773
0.00775
0.00778
0.0078
0.00783
0.00787
0.00791
0.00795
0.00798
0.00803
0.00807
0.00813
0.00817
0.00823
0.00828
0.00835
0.00841
0.00847
0.00853
0.00859
0.00866
0.00872
0.00879
0.00886
0.00891
0.00897
0.00902
0.00908
0.00912
0.00917
0.00921
0.00925
0.00928
0.00931
0.00933
0.00935
0.00936
0.00938
0.00939
0.0094
0.00939
0.0094
0.00939
0.0094
0.00939
0.0094
0.00939
0.0094
0.00939
0.0094
0.0094
0.00941
0.00942
0.00943
0.00944
0.00947
0.00947
0.0095
0.00951
0.00954
0.00955
0.00958
0.00959
0.00962
0.00962
0.00963
0.00964
0.00963
0.00963
0.00962
0.00961
0.00959
0.00955
0.00952
0.00947
0.00943
0.00937
0.00931
0.00924
0.00918
0.0091
0.00903
0.00895
0.00887
0.00879
0.00871
0.00864
0.00857
0.00849
0.00843
0.00837
0.00833
0.00828
0.00825
0.00821
0.0082
0.00818
0.00818
0.00818
0.0082
0.00822
0.00825
0.00829
0.00833
0.00837
0.00843
0.00847
0.00853
0.00858
0.00864
0.00868
0.00874
0.00879
0.00883
0.00886
0.00889
0.00892
0.00894
0.00895
0.00896
0.00895
0.00895
0.00892
0.00891
0.00887
0.00884
0.00879
0.00875
0.0087
0.00864
0.00859
0.00853
0.00848
0.00843
0.00837
0.00832
0.00827
0.00823
0.00818
0.00815
0.00812
0.0081
0.00807
0.00807
0.00805
0.00805
0.00805
0.00806
0.00808
0.0081
0.00813
0.00817
0.00819
0.00824
0.00827
0.00832
0.00836
0.00841
0.00845
0.00851
0.00855
0.00859
0.00864
0.00868
0.00872
0.00877
0.0088
0.00884
0.00887
0.0089
0.00892
0.00895
0.00897
0.00899
0.009
0.00903
0.00903
0.00905
0.00905
0.00906
0.00907
0.00908
0.00908
0.00909
0.00908
0.0091
0.0091
0.00911
0.0091
0.00911
0.00911
0.00913
0.00913
0.00915
0.00915
0.00916
0.00918
0.00919
0.00921
0.00923
0.00924
0.00926
0.00928
0.0093
0.00931
0.00934
0.00936
0.00938
0.0094
0.00942
0.00944
0.00945
0.00947
0.00949
0.0095
0.00951
0.00951
0.00952
0.00952
0.00953
0.00952
0.00952
0.0095
0.00949
0.00947
0.00944
0.00942
0.00938
0.00935
0.00931
0.00927
0.00923
0.00917
0.00913
0.00907
0.00902
0.00895
0.00889
0.00882
0.00877
0.00871
0.00864
0.00858
0.00852
0.00846
0.00841
0.00836
0.00831
0.00825
0.00822
0.00818
0.00815
0.00811
0.00809
0.00806
0.00805
0.00804
0.00802
0.00802
0.00801
0.00802
0.00802
0.00803
0.00805
0.00805
0.00807
0.00807
0.00809
0.0081
0.00811
0.00812
0.00813
0.00813
0.00814
0.00814
0.00813
0.00813
0.00812
0.00811
0.0081
0.00807
0.00805
0.00803
0.00801
0.00797
0.00794
0.0079
0.00788
0.00784
0.0078
0.00776
0.00772
0.00769
0.00766
0.00762
0.0076
0.00755
0.00753
0.0075
0.00748
0.00745
0.00743
0.00741
0.0074
0.00738
0.00737
0.00735
0.00734
0.00734
0.00733
0.00732
0.00732
0.0073
0.0073
0.00729
0.00729
0.00727
0.00727
0.00725
0.00725
0.00723
0.00722
0.0072
0.00718
0.00717
0.00716
0.00714
0.00713
0.0071
0.00709
0.00708
0.00707
0.00704
0.00704
0.00702
0.00702
0.007
0.00699
0.00699
0.00698
0.00698
0.00698
0.00697
0.00698
0.00696
0.00697
0.00696
0.00697
0.00696
0.00696
0.00695
0.00695
0.00694
0.00693
0.00691
0.0069
0.00688
0.00687
0.00685
0.00683
0.0068
0.00678
0.00675
0.00673
0.00669
0.00666
0.00662
0.0066
0.00656
0.00653
0.00649
0.00646
0.00642
0.00639
0.00636
0.00634
0.0063
0.00628
0.00624
0.00623
0.00619
0.00617
0.00614
0.00613
0.0061
0.00608
0.00605
0.00602
0.006
0.00598
0.00596
0.00593
0.0059
0.00588
0.00585
0.00583
0.00579
0.00577
0.00573
0.00571
0.00568
0.00565
0.00562
0.00559
0.00556
0.00554
0.00551
0.00549
0.00546
0.00545
0.00542
0.00541
0.00538
0.00536
0.00534
0.00533
0.00531
0.00529
0.00527
0.00525
0.00523
0.00521
0.00518
0.00516
0.00512
0.00509
0.00504
0.00501
0.00495
0.0049
0.00483
0.00478
0.0047
0.00463
0.00455
0.00447
0.00439
0.0043
0.00422
0.00413
0.00403
0.00395
0.00385
0.00377
0.00367
0.00359
0.00351
0.00344
0.00336
0.00329
0.00323
0.00317
0.00312
0.00308
0.00305
0.00302
0.00298
0.00297
0.00295
0.00295
0.00294
0.00294
0.00294
0.00296
0.00296
0.00297
0.00298
0.00298
0.003
0.00301
0.00302
0.00303
0.00303
0.00303
0.00303
0.00303
0.00302
0.00302
0.00299
0.00299
0.00297
0.00295
0.00292
0.0029
0.00287
0.00285
0.00282
0.0028
0.00277
0.00275
0.00272
0.00271
0.00268
0.00267
0.00264
0.00264
0.00263
0.00262
0.00261
0.00261
0.00261
0.00261
0.00262
0.00263
0.00263
0.00265
0.00266
0.00269
0.00269
0.00272
0.00273
0.00276
0.00278
0.0028
0.00283
0.00285
0.00288
0.00291
0.00294
0.00297
0.00299
0.00303
0.00306
0.0031
0.00312
0.00316
0.00319
0.00323
0.00326
0.0033
0.00333
0.00337
0.00341
0.00344
0.00348
0.00352
0.00354
0.00359
0.00361
0.00365
0.00367
0.0037
0.00372
0.00375
0.00377
0.00379
0.00381
0.00382
0.00384
0.00386
0.00387
0.00389
0.00389
0.00391
0.00392
0.00394
0.00395
0.00396
0.00397
0.00399
0.00401
0.00403
0.00404
0.00406
0.00409
0.00412
0.00415
0.00419
0.00421
0.00426
0.00429
0.00434
0.00437
0.00442
0.00445
0.0045
0.00455
0.00459
0.00463
0.00467
0.00472
0.00476
0.0048
0.00485
0.00487
0.00492
0.00494
0.00498
0.005
0.00503
0.00504
0.00507
0.00509
0.0051
0.00511
0.00512
0.00513
0.00514
0.00514
0.00515
0.00514
0.00514
0.00514
0.00514
0.00513
0.00513
0.00511
0.00512
0.0051
0.0051
0.00509
0.00507
0.00507
0.00506
0.00505
0.00505
0.00503
0.00502
0.00501
0.00501
0.00499
0.00499
0.00497
0.00497
0.00496
0.00495
0.00494
0.00493
0.00492
0.00492
0.00491
0.00491
0.0049
0.00491
0.0049
0.00491
0.0049
0.00491
0.0049
0.00491
0.00491
0.00491
0.00491
0.00492
0.00492
0.00493
0.00494
0.00495
0.00494
0.00495
0.00495
0.00496
0.00495
0.00496
0.00494
0.00495
0.00494
0.00493
0.00492
0.00491
0.0049
0.00489
0.00487
0.00486
0.00483
0.00482
0.00479
0.00478
0.00475
0.00473
0.00469
0.00468
0.00464
0.00461
0.00458
0.00455
0.00452
0.00448
0.00445
0.00442
0.00438
0.00435
0.00431
0.00429
0.00424
0.00421
0.00417
0.00414
0.00411
0.00407
0.00403
0.00399
0.00396
0.00393
0.0039
0.00386
0.00382
0.0038
0.00376
0.00373
0.0037
0.00367
0.00364
0.00362
0.00359
0.00356
0.00354
0.00351
0.00349
0.00347
0.00345
0.00343
0.0034
0.00339
0.00337
0.00336
0.00333
0.00332
0.0033
0.00329
0.00327
0.00325
0.00323
0.00321
0.0032
0.00318
0.00316
0.00315
0.00313
0.00312
0.0031
0.00309
0.00307
0.00306
0.00303
0.00303
0.00302
0.00301
0.003
0.00298
0.00298
0.00298
0.00298
0.00298
0.00297
0.00298
0.00298
0.003
0.00299
0.003
0.003
0.00302
0.00302
0.00303
0.00304
0.00304
0.00305
0.00307
0.00307
0.00308
0.00307
0.00308
0.00308
0.00309
0.00308
0.00308
0.00307
0.00308
0.00307
0.00306
0.00305
0.00304
0.00303
0.00302
0.00302
0.00301
0.00299
0.00299
0.00298
0.00298
0.00297
0.00297
0.00296
0.00297
0.00296
0.00295
0.00295
0.00295
0.00295
0.00296
0.00296
0.00297
0.00296
0.00297
0.00297
0.00297
0.00297
0.00297
0.00296
0.00297
0.00296
0.00295
0.00294
0.00293
0.00292
0.00291
0.00289
0.00288
0.00285
0.00284
0.00282
0.0028
0.00277
0.00275
0.00272
0.00271
0.00267
0.00264
0.00261
0.00259
0.00256
0.00254
0.00251
0.00249
0.00245
0.00244
0.00241
0.00239
0.00236
0.00235
0.00232
0.00232
0.00229
0.00228
0.00226
0.00225
0.00224
0.00224
0.00223
0.00223
0.00222
0.00223
0.00223
0.00225
0.00225
0.00227
0.00227
0.0023
0.00231
0.00233
0.00236
0.00238
0.00241
0.00245
0.00248
0.00253
0.00255
0.0026
0.00264
0.00269
0.00273
0.00278
0.00282
0.00288
0.00293
0.00298
0.00303
0.00308
0.00313
0.00319
0.00324
0.0033
0.00334
0.0034
0.00345
0.00351
0.00355
0.0036
0.00365
0.0037
0.00374
0.00379
0.00383
0.00387
0.00391
0.00396
0.004
0.00404
0.00407
0.00411
0.00414
0.00417
0.0042
0.00423
0.00425
0.00428
0.0043
0.00432
0.00433
0.00435
0.00436
0.00437
0.00438
0.00439
0.00439
0.0044
0.00439
0.0044
0.00438
0.00438
0.00436
0.00436
0.00435
0.00433
0.00431
0.00429
0.00428
0.00426
0.00424
0.00423
0.00419
0.00418
0.00416
0.00414
0.00411
0.0041
0.00407
0.00406
0.00404
0.00403
0.00401
0.00399
0.00398
0.00397
0.00396
0.00395
0.00393
0.00393
0.00392
0.00393
0.00391
0.00392
0.00391
0.00392
0.00391
0.00392
0.00392
0.00392
0.00392
0.00393
0.00393
0.00394
0.00393
0.00395
0.00394
0.00395
0.00395
0.00395
0.00395
0.00396
0.00395
0.00395
0.00395
0.00394
0.00394
0.00394
0.00394
0.00394
0.00393
0.00393
0.00393
0.00393
0.00393
0.00393
0.00393
0.00394
0.00394
0.00395
0.00395
0.00396
0.00398
0.00399
0.00401
0.00403
0.00404
0.00407
0.00408
0.00411
0.00413
0.00416
0.00417
0.00421
0.00423
0.00425
0.00427
0.00429
0.00431
0.00434
0.00435
0.00437
0.00437
0.00439
0.00439
0.00441
0.0044
0.00441
0.0044
0.00441
0.0044
0.00439
0.00438
0.00437
0.00437
0.00436
0.00435
0.00435
0.00434
0.00434
0.00433
0.00434
0.00433
0.00434
0.00434
0.00435
0.00436
0.00437
0.00438
0.0044
0.00442
0.00444
0.00446
0.00449
0.0045
0.00454
0.00456
0.00459
0.0046
0.00463
0.00465
0.00468
0.00469
0.00471
0.00472
0.00473
0.00475
0.00476
0.00477
0.00478
0.00477
0.00478
0.00477
0.00478
0.00477
0.00477
0.00476
0.00477
0.00476
0.00476
0.00475
0.00475
0.00475
0.00476
0.00476
0.00477
0.00476
0.00478
0.00478
0.00479
0.00479
0.00481
0.00481
0.00483
0.00483
0.00484
0.00484
0.00484
0.00484
0.00484
0.00484
0.00483
0.00481
0.0048
0.00478
0.00476
0.00473
0.0047
0.00466
0.00463
0.00459
0.00455
0.0045
0.00445
0.0044
0.00435
0.0043
0.00426
0.0042
0.00416
0.00411
0.00408
0.00403
0.00399
0.00395
0.00393
0.0039
0.00388
0.00385
0.00384
0.00383
0.00382
0.00382
0.00383
0.00382
0.00383
0.00383
0.00385
0.00386
0.00388
0.00388
0.00391
0.00392
0.00393
0.00394
0.00395
0.00397
0.00398
0.00399
0.004
0.004
0.00401
0.00401
0.00402
0.00401
0.00401
0.004
0.00401
0.004
0.00399
0.00399
0.00398
0.00398
0.00398
0.00397
0.00398
0.00396
0.00397
0.00396
0.00398
0.00397
0.00398
0.00398
0.00399
0.004
0.00401
0.00402
0.00403
0.00404
0.00406
0.00407
0.00409
0.00409
0.00411
0.00412
0.00414
0.00414
0.00416
0.00416
0.00418
0.00419
0.00419
0.0042
0.00421
0.00421
0.00422
0.00422
0.00424
0.00423
0.00424
0.00424
0.00424
0.00424
0.00424
0.00424
0.00424
0.00424
0.00423
0.00422
0.00422
0.00421
0.00421
0.0042
0.0042
0.00418
0.00418
0.00416
0.00416
0.00414
0.00413
0.00411
0.00411
0.00409
0.00408
0.00406
0.00405
0.00404
0.00403
0.00402
0.00402
0.004
0.00401
0.004
0.00401
0.004
0.00401
0.00401
0.00403
0.00404
0.00406
0.00407
0.00409
0.00411
0.00414
0.00416
0.00419
0.00421
0.00424
0.00426
0.00429
0.00431
0.00434
0.00436
0.00439
0.0044
0.00442
0.00443
0.00444
0.00446
0.00447
0.00447
0.00447
0.00446
0.00447
0.00445
0.00445
0.00443
0.00442
0.0044
0.00439
0.00437
0.00435
0.00432
0.0043
0.00429
0.00427
0.00426
0.00424
0.00422
0.00421
0.00419
0.00419
0.00417
0.00417
0.00416
0.00417
0.00416
0.00416
0.00416
0.00415
0.00415
0.00416
0.00415
0.00416
0.00414
0.00414
0.00413
0.00413
0.00411
0.00411
0.00408
0.00408
0.00405
0.00403
0.004
0.00397
0.00395
0.00392
0.00389
0.00386
0.00382
0.0038
0.00376
0.00373
0.0037
0.00367
0.00364
0.00362
0.0036
0.00358
0.00356
0.00354
0.00354
0.00354
0.00354
0.00355
0.00354
0.00356
0.00357
0.0036
0.00361
0.00364
0.00366
0.0037
0.00373
0.00377
0.0038
0.00383
0.00387
0.00391
0.00395
0.004
0.00403
0.00407
0.0041
0.00414
0.00417
0.00421
0.00423
0.00427
0.0043
0.00432
0.00435
0.00437
0.0044
0.00442
0.00444
0.00447
0.00447
0.0045
0.00451
0.00453
0.00454
0.00456
0.00456
0.00458
0.00459
0.0046
0.0046
0.00461
0.00462
0.00462
0.00463
0.00463
0.00462
0.00463
0.00462
0.00463
0.00461
0.00461
0.00459
0.00459
0.00458
0.00456
0.00455
0.00453
0.00452
0.00451
0.00449
0.00448
0.00446
0.00445
0.00444
0.00444
0.00442
0.00442
0.00441
0.00442
0.00442
0.00443
0.00443
0.00444
0.00446
0.00448
0.0045
0.00453
0.00454
0.00457
0.0046
0.00463
0.00466
0.0047
0.00472
0.00476
0.00479
0.00483
0.00485
0.00488
0.00491
0.00494
0.00496
0.00499
0.005
0.00502
0.00504
0.00505
0.00506
0.00507
0.00507
0.00509
0.00509
0.00509
0.00509
0.00508
0.00509
0.00509
0.00509
0.00509
0.00509
0.0051
0.0051
0.00511
0.00511
0.00512
0.00513
0.00515
0.00516
0.00517
0.00519
0.00521
0.00523
0.00525
0.00527
0.0053
0.00531
0.00534
0.00535
0.00538
0.00539
0.00541
0.00542
0.00544
0.00544
0.00545
0.00545
0.00544
0.00544
0.00544
0.00543
0.00541
0.00539
0.00538
0.00535
0.00533
0.00529
0.00527
0.00522
0.0052
0.00516
0.00512
0.00508
0.00504
0.005
0.00497
0.00493
0.0049
0.00485
0.00482
0.00478
0.00476
0.00472
0.0047
0.00466
0.00465
0.00462
0.0046
0.00458
0.00456
0.00455
0.00453
0.00452
0.00452
0.0045
0.0045
0.00448
0.00448
0.00447
0.00447
0.00446
0.00447
0.00445
0.00445
0.00445
0.00444
0.00444
0.00444
0.00444
0.00444
0.00443
0.00443
0.00443
0.00444
0.00443
0.00443
0.00443
0.00444
0.00444
0.00445
0.00445
0.00446
0.00447
0.00448
0.0045
0.00452
0.00452
0.00455
0.00457
0.0046
0.00461
0.00464
0.00466
0.0047
0.00472
0.00475
0.00478
0.00481
0.00484
0.00488
0.00491
0.00494
0.00497
0.00501
0.00503
0.00506
0.00508
0.00511
0.00512
0.00515
0.00517
0.00518
0.00519
0.0052
0.00521
0.00522
0.00522
0.00523
0.00522
0.00522
0.00522
0.00522
0.0052
0.0052
0.00518
0.00518
0.00516
0.00515
0.00513
0.00511
0.0051
0.00509
0.00508
0.00507
0.00505
0.00504
0.00502
0.00502
0.005
0.00499
0.00497
0.00497
0.00496
0.00494
0.00493
0.00492
0.00491
0.0049
0.00489
0.00488
0.00486
0.00486
0.00484
0.00483
0.00481
0.00481
0.00478
0.00478
0.00476
0.00475
0.00474
0.00473
0.00472
0.00471
0.00471
0.00471
0.00469
0.0047
0.00469
0.0047
0.00469
0.0047
0.00469
0.0047
0.0047
0.00471
0.00471
0.00471
0.00472
0.00473
0.00473
0.00474
0.00473
0.00474
0.00473
0.00474
0.00473
0.00472
0.0047
0.0047
0.00468
0.00466
0.00463
0.00461
0.00458
0.00456
0.00453
0.0045
0.00445
0.00442
0.00438
0.00435
0.0043
0.00427
0.00423
0.00421
0.00417
0.00413
0.0041
0.00407
0.00405
0.00403
0.00401
0.004
0.00398
0.00398
0.00397
0.00398
0.00397
0.00398
0.00398
0.004
0.004
0.00402
0.00403
0.00404
0.00406
0.00408
0.0041
0.00412
0.00413
0.00415
0.00416
0.00418
0.00418
0.00419
0.00419
0.00421
0.00421
0.00421
0.00421
0.0042
0.0042
0.0042
0.00419
0.00419
0.00417
0.00417
0.00416
0.00416
0.00415
0.00416
0.00414
0.00416
0.00415
0.00415
0.00416
0.00416
0.00417
0.00418
0.00419
0.00421
0.00422
0.00424
0.00425
0.00428
0.00429
0.0043
0.00431
0.00434
0.00434
0.00435
0.00435
0.00435
0.00435
0.00435
0.00434
0.00434
0.0043
0.00429
0.00426
0.00424
0.0042
0.00417
0.00413
0.00409
0.00404
0.00399
0.00395
0.0039
0.00385
0.0038
0.00375
0.00372
0.00366
0.00362
0.00358
0.00355
0.00351
0.00349
0.00346
0.00345
0.00343
0.00342
0.00341
0.00341
0.00341
0.00342
0.00344
0.00346
0.00347
0.00349
0.00351
0.00355
0.00357
0.0036
0.00362
0.00366
0.00368
0.00371
0.00373
0.00376
0.00378
0.00381
0.00382
0.00385
0.00385
0.00387
0.00387
0.00388
0.00388
0.00389
0.00388
0.00389
0.00388
0.00387
0.00386
0.00386
0.00385
0.00385
0.00384
0.00384
0.00383
0.00383
0.00382
0.00383
0.00382
0.00383
0.00383
0.00384
0.00384
0.00385
0.00386
0.00386
0.00388
0.00389
0.0039
0.00392
0.00392
0.00394
0.00395
0.00396
0.00396
0.00398
0.00398
0.00399
0.00399
0.00399
0.00399
0.00398
0.00398
0.00398
0.00398
0.00397
0.00396
0.00396
0.00394
0.00394
0.00393
0.00392
0.00391
0.00391
0.00391
0.00391
0.00391
0.00391
0.00392
0.00393
0.00395
0.00396
0.00398
0.00401
0.00403
0.00406
0.00409
0.00413
0.00416
0.00421
0.00424
0.00428
0.00432
0.00436
0.0044
0.00445
0.00449
0.00454
0.00457
0.00461
0.00465
0.00468
0.00471
0.00474
0.00476
0.00479
0.00481
0.00483
0.00484
0.00485
0.00486
0.00487
0.00488
0.00489
0.00488
0.00489
0.00489
0.0049
0.00489
0.00489
0.00488
0.00489
0.00488
0.00488
0.00488
0.00487
0.00487
0.00487
0.00487
0.00487
0.00486
0.00487
0.00486
0.00486
0.00485
0.00485
0.00484
0.00484
0.00483
0.00481
0.0048
0.00478
0.00477
0.00476
0.00474
0.00473
0.0047
0.00468
0.00465
0.00464
0.00461
0.00459
0.00457
0.00455
0.00453
0.00451
0.00448
0.00447
0.00445
0.00444
0.00443
0.00442
0.0044
0.00441
0.0044
0.0044
0.00439
0.0044
0.0044
0.00441
0.00441
0.00442
0.00442
0.00443
0.00444
0.00445
0.00446
0.00448
0.00448
0.0045
0.0045
0.00452
0.00452
0.00453
0.00453
0.00455
0.00455
0.00456
0.00457
0.00457
0.00457
0.00458
0.00458
0.0046
0.00459
0.0046
0.0046
0.0046
0.0046
0.00461
0.0046
0.00461
0.00461
0.00461
0.00461
0.0046
0.0046
0.00461
0.00461
0.00461
0.0046
0.0046
0.0046
0.0046
0.00459
0.00459
0.00458
0.00459
0.00458
0.00457
0.00457
0.00456
0.00456
0.00456
0.00456
0.00456
0.00455
0.00455
0.00454
0.00455
0.00454
0.00455
0.00454
0.00455
0.00454
0.00454
0.00454
0.00454
0.00454
0.00454
0.00454
0.00455
0.00453
0.00454
0.00453
0.00453
0.00452
0.00452
0.0045
0.0045
0.00448
0.00447
0.00445
0.00443
0.00442
0.0044
0.00439
0.00437
0.00434
0.00433
0.0043
0.00429
0.00426
0.00424
0.00422
0.00421
0.00418
0.00416
0.00414
0.00413
0.00411
0.0041
0.00409
0.00409
0.00406
0.00407
0.00406
0.00406
0.00405
0.00405
0.00404
0.00406
0.00406
0.00406
0.00406
0.00406
0.00408
0.00408
0.00409
0.00411
0.00411
0.00413
0.00413
0.00415
0.00416
0.00417
0.00417
0.0042
0.0042
0.00422
0.00422
0.00423
0.00425
0.00426
0.00427
0.00429
0.00428
0.0043
0.0043
0.00432
0.00432
0.00433
0.00432
0.00434
0.00434
0.00434
0.00434
0.00434
0.00434
0.00434
0.00434
0.00434
0.00433
0.00434
0.00433
0.00433
0.00432
0.00432
0.0043
0.00431
0.0043
0.0043
0.0043
0.00429
0.00429
0.0043
0.0043
0.00431
0.0043
0.00432
0.00432
0.00434
0.00434
0.00436
0.00437
0.00439
0.0044
0.00442
0.00444
0.00446
0.00448
0.00451
0.00453
0.00457
0.00458
0.00461
0.00463
0.00466
0.00468
0.0047
0.00471
0.00474
0.00476
0.00478
0.00479
0.0048
0.00482
0.00483
0.00484
0.00486
0.00486
0.00487
0.00487
0.00489
0.00489
0.0049
0.00489
0.00491
0.00491
0.00492
0.00492
0.00493
0.00494
0.00496
0.00497
0.00499
0.005
0.00502
0.00504
0.00507
0.00509
0.00512
0.00514
0.00518
0.00521
0.00524
0.00527
0.0053
0.00534
0.00538
0.00541
0.00545
0.00547
0.00551
0.00553
0.00557
0.00559
0.00562
0.00563
0.00566
0.00567
0.00568
0.00569
0.00569
0.00569
0.0057
0.0057
0.0057
0.00568
0.00568
0.00566
0.00566
0.00564
0.00563
0.00561
0.00561
0.00559
0.00558
0.00556
0.00555
0.00555
0.00554
0.00554
0.00554
0.00553
0.00554
0.00554
0.00555
0.00555
0.00556
0.00556
0.00558
0.00559
0.00559
0.0056
0.00561
0.00561
0.00562
0.00562
0.00562
0.00561
0.00561
0.00559
0.00559
0.00556
0.00554
0.00551
0.00549
0.00546
0.00542
0.00538
0.00534
0.0053
0.00526
0.00521
0.00517
0.00512
0.00508
0.00502
0.00499
0.00494
0.0049
0.00485
0.00482
0.00478
0.00474
0.0047
0.00467
0.00464
0.00461
0.00458
0.00456
0.00452
0.0045
0.00447
0.00445
0.00442
0.00439
0.00435
0.00433
0.00429
0.00426
0.00422
0.00418
0.00414
0.0041
0.00406
0.00402
0.00396
0.00392
0.00387
0.00383
0.00377
0.00373
0.00368
0.00365
0.0036
0.00357
0.00353
0.00349
0.00347
0.00345
0.00342
0.00341
0.00339
0.00339
0.00337
0.00337
0.00336
0.00337
0.00336
0.00337
0.00337
0.00337
0.00337
0.00337
0.00337
0.00337
0.00337
0.00336
0.00334
0.00334
0.00332
0.00331
0.00329
0.00327
0.00324
0.00323
0.0032
0.00318
0.00315
0.00313
0.00311
0.0031
0.00308
0.00308
0.00306
0.00306
0.00305
0.00307
0.00307
0.00309
0.0031
0.00314
0.00316
0.0032
0.00323
0.00326
0.00331
0.00336
0.0034
0.00346
0.00349
0.00354
0.00358
0.00363
0.00366
0.0037
0.00373
0.00377
0.00379
0.00381
0.00382
0.00383
0.00384
0.00385
0.00385
0.00385
0.00383
0.00383
0.00382
0.00382
0.0038
0.0038
0.00378
0.00379
0.00378
0.00378
0.00378
0.00378
0.0038
0.00382
0.00384
0.00387
0.00388
0.00393
0.00396
0.00401
0.00404
0.00409
0.00413
0.00419
0.00424
0.00429
0.00434
0.00438
0.00443
0.00448
0.00452
0.00457
0.0046
0.00464
0.00466
0.0047
