1.47793424557591E+03

0.00432
0.00429
0.00427
0.00423
0.00421
0.00418
0.00415
0.00412
0.00409
0.00406
0.00404
0.00401
0.00399
0.00395
0.00394
0.00391
0.00389
0.00386
0.00384
0.00381
0.0038
0.00378
0.00376
0.00374
0.00372
0.00371
0.0037
0.00368
0.00368
0.00365
0.00365
0.00363
0.00363
0.00361
0.0036
0.00359
0.00359
0.00357
0.00356
0.00355
0.00354
0.00353
0.00352
0.00351
0.0035
0.00348
0.00347
0.00346
0.00345
0.00343
0.00342
0.0034
0.0034
0.00337
0.00336
0.00334
0.00333
0.00331
0.0033
0.00328
0.00327
0.00324
0.00324
0.00322
0.00321
0.0032
0.00319
0.00317
0.00317
0.00316
0.00315
0.00315
0.00314
0.00315
0.00315
0.00316
0.00317
0.00317
0.0032
0.00321
0.00324
0.00325
0.00328
0.00331
0.00335
0.00338
0.00342
0.00346
0.00349
0.00354
0.00359
0.00364
0.00368
0.00372
0.00378
0.00382
0.00387
0.0039
0.00395
0.00398
0.00403
0.00406
0.00409
0.00411
0.00413
0.00415
0.00417
0.00419
0.0042
0.00419
0.00421
0.0042
0.00421
0.00419
0.00419
0.00417
0.00417
0.00416
0.00415
0.00414
0.00413
0.00412
0.00412
0.00411
0.00412
0.00411
0.00412
0.00412
0.00414
0.00414
0.00416
0.00417
0.0042
0.00422
0.00424
0.00426
0.00428
0.00431
0.00434
0.00436
0.00439
0.0044
0.00443
0.00445
0.00447
0.00447
0.00449
0.00449
0.0045
0.0045
0.00449
0.00448
0.00447
0.00446
0.00445
0.00443
0.00442
0.00439
0.00437
0.00435
0.00434
0.00431
0.0043
0.00427
0.00427
0.00426
0.00425
0.00424
0.00424
0.00425
0.00426
0.00427
0.00429
0.0043
0.00434
0.00436
0.0044
0.00442
0.00446
0.00449
0.00453
0.00457
0.0046
0.00464
0.00467
0.0047
0.00474
0.00476
0.00479
0.0048
0.00482
0.00483
0.00484
0.00484
0.00484
0.00482
0.00482
0.0048
0.00478
0.00475
0.00472
0.0047
0.00467
0.00463
0.0046
0.00456
0.00453
0.00449
0.00446
0.00442
0.00439
0.00436
0.00434
0.00431
0.00429
0.00427
0.00425
0.00424
0.00423
0.00422
0.00422
0.00421
0.00422
0.00421
0.00423
0.00422
0.00424
0.00424
0.00426
0.00426
0.00427
0.00428
0.00429
0.0043
0.00431
0.00431
0.00432
0.00432
0.00433
0.00432
0.00433
0.00432
0.00432
0.0043
0.00431
0.00429
0.00428
0.00427
0.00426
0.00424
0.00423
0.00422
0.00421
0.00418
0.00417
0.00415
0.00414
0.00411
0.0041
0.00408
0.00407
0.00404
0.00403
0.00401
0.00398
0.00397
0.00396
0.00394
0.00393
0.0039
0.00389
0.00386
0.00386
0.00383
0.00382
0.0038
0.00379
0.00377
0.00375
0.00373
0.00371
0.00369
0.00368
0.00366
0.00365
0.00362
0.00362
0.0036
0.00359
0.00357
0.00356
0.00354
0.00354
0.00352
0.00351
0.0035
0.00349
0.00349
0.00348
0.00348
0.00348
0.00347
0.00348
0.00347
0.00349
0.00349
0.0035
0.0035
0.00352
0.00353
0.00354
0.00355
0.00357
0.00359
0.0036
0.00362
0.00365
0.00365
0.00368
0.00369
0.00371
0.00372
0.00373
0.00374
0.00376
0.00376
0.00376
0.00376
0.00375
0.00375
0.00375
0.00373
0.00373
0.0037
0.00368
0.00365
0.00364
0.0036
0.00357
0.00353
0.0035
0.00346
0.00342
0.00337
0.00333
0.00329
0.00325
0.00321
0.00318
0.00313
0.0031
0.00306
0.00304
0.003
0.00298
0.00294
0.00293
0.00291
0.00289
0.00288
0.00286
0.00286
0.00285
0.00285
0.00286
0.00285
0.00286
0.00287
0.00288
0.00288
0.0029
0.0029
0.00293
0.00293
0.00295
0.00297
0.00298
0.003
0.00302
0.00304
0.00307
0.00308
0.00311
0.00313
0.00316
0.00318
0.00322
0.00324
0.00328
0.00331
0.00334
0.00337
0.00341
0.00345
0.00349
0.00353
0.00358
0.00361
0.00366
0.0037
0.00375
0.00378
0.00383
0.00386
0.00392
0.00395
0.00399
0.00403
0.00407
0.00411
0.00415
0.00418
0.00422
0.00424
0.00429
0.00431
0.00435
0.00437
0.0044
0.00442
0.00445
0.00448
0.0045
0.00452
0.00455
0.00458
0.0046
0.00463
0.00466
0.00468
0.00471
0.00474
0.00478
0.00479
0.00483
0.00485
0.00489
0.00492
0.00495
0.00498
0.00501
0.00504
0.00507
0.0051
0.00514
0.00515
0.00519
0.00522
0.00525
0.00527
0.0053
0.00533
0.00536
0.00538
0.00541
0.00544
0.00546
0.00549
0.00553
0.00555
0.00559
0.00561
0.00564
0.00567
0.0057
0.00572
0.00576
0.00578
0.00582
0.00584
0.00587
0.0059
0.00592
0.00595
0.00597
0.00599
0.00601
0.00602
0.00604
0.00605
0.00606
0.00606
0.00607
0.00606
0.00607
0.00606
0.00605
0.00604
0.00603
0.00602
0.006
0.00599
0.00598
0.00595
0.00595
0.00592
0.00592
0.0059
0.00589
0.00587
0.00587
0.00585
0.00585
0.00584
0.00583
0.00583
0.00584
0.00584
0.00584
0.00584
0.00584
0.00584
0.00585
0.00585
0.00586
0.00585
0.00586
0.00585
0.00585
0.00584
0.00584
0.00583
0.00582
0.0058
0.00579
0.00576
0.00575
0.00572
0.0057
0.00566
0.00564
0.0056
0.00558
0.00554
0.0055
0.00546
0.00543
0.00539
0.00536
0.00533
0.0053
0.00525
0.00523
0.00519
0.00517
0.00513
0.00511
0.00507
0.00505
0.00502
0.005
0.00497
0.00494
0.00492
0.00489
0.00486
0.00484
0.0048
0.00478
0.00474
0.00471
0.00467
0.00464
0.00459
0.00456
0.00452
0.00447
0.00442
0.00437
0.00433
0.00429
0.00424
0.00419
0.00414
0.0041
0.00404
0.00401
0.00396
0.00392
0.00387
0.00385
0.0038
0.00377
0.00374
0.00371
0.00369
0.00367
0.00365
0.00364
0.00362
0.00361
0.0036
0.0036
0.00359
0.00359
0.00358
0.00359
0.00359
0.00359
0.00358
0.00358
0.00358
0.00358
0.00358
0.00358
0.00357
0.00357
0.00355
0.00355
0.00353
0.00352
0.0035
0.00349
0.00347
0.00345
0.00342
0.0034
0.00338
0.00336
0.00333
0.00331
0.00328
0.00326
0.00323
0.00321
0.00318
0.00316
0.00313
0.00312
0.0031
0.00308
0.00307
0.00305
0.00304
0.00304
0.00303
0.00303
0.00302
0.00302
0.00302
0.00302
0.00302
0.00303
0.00302
0.00303
0.00303
0.00304
0.00304
0.00305
0.00305
0.00306
0.00307
0.00307
0.00307
0.00308
0.00308
0.00309
0.00308
0.0031
0.00309
0.00311
0.00311
0.00311
0.00312
0.00313
0.00315
0.00316
0.00318
0.0032
0.00322
0.00325
0.00327
0.00331
0.00334
0.00338
0.00342
0.00347
0.00351
0.00356
0.00361
0.00366
0.00372
0.00378
0.00384
0.00391
0.00396
0.00403
0.00408
0.00416
0.00421
0.00427
0.00432
0.00439
0.00444
0.0045
0.00455
0.0046
0.00465
0.0047
0.00474
0.00479
0.00483
0.00487
0.00491
0.00496
0.00498
0.00502
0.00505
0.00509
0.00512
0.00515
0.00517
0.0052
0.00523
0.00526
0.00528
0.00532
0.00533
0.00536
0.00537
0.0054
0.00541
0.00543
0.00543
0.00545
0.00545
0.00546
0.00545
0.00545
0.00544
0.00543
0.00542
0.0054
0.00537
0.00536
0.00532
0.0053
0.00525
0.00522
0.00518
0.00514
0.0051
0.00505
0.005
0.00496
0.00491
0.00487
0.00482
0.00478
0.00473
0.00469
0.00465
0.00461
0.00456
0.00453
0.00448
0.00446
0.00442
0.00438
0.00434
0.0043
0.00427
0.00424
0.0042
0.00417
0.00412
0.00409
0.00404
0.00401
0.00396
0.00392
0.00386
0.00382
0.00377
0.00372
0.00367
0.00361
0.00356
0.00351
0.00346
0.00342
0.00336
0.00333
0.00328
0.00325
0.00321
0.00318
0.00315
0.00314
0.00312
0.00311
0.0031
0.0031
0.00311
0.00312
0.00313
0.00316
0.00318
0.00321
0.00324
0.00328
0.00331
0.00335
0.00338
0.00344
0.00347
0.00352
0.00355
0.0036
0.00364
0.00368
0.00373
0.00377
0.0038
0.00385
0.00388
0.00393
0.00396
0.00401
0.00404
0.00409
0.00413
0.00418
0.00422
0.00427
0.00433
0.00439
0.00446
0.00453
0.0046
0.00468
0.00476
0.00486
0.00494
0.00505
0.00514
0.00527
0.00538
0.00549
0.00562
0.00574
0.00588
0.00602
0.00616
0.00631
0.00644
0.0066
0.00675
0.00691
0.00706
0.00722
0.00738
0.00755
0.00771
0.00788
0.00805
0.00823
0.00841
0.0086
0.00879
0.00898
0.00917
0.00938
0.00958
0.0098
0.01001
0.01024
0.01046
0.01071
0.01094
0.01119
0.01144
0.0117
0.01197
0.01224
0.01252
0.01281
0.01309
0.01339
0.01368
0.01399
0.01428
0.01459
0.0149
0.01522
0.01553
0.01584
0.01616
0.01647
0.01679
0.01711
0.01742
0.01774
0.01805
0.01836
0.01867
0.01899
0.01929
0.0196
0.01989
0.0202
0.02049
0.02079
0.02108
0.02137
0.02165
0.02194
0.02222
0.0225
0.02277
0.02305
0.02331
0.02358
0.02384
0.0241
0.02435
0.02461
0.02486
0.0251
0.02534
0.02558
0.02582
0.02605
0.02628
0.02651
0.02673
0.02695
0.02716
0.02738
0.02759
0.0278
0.02799
0.0282
0.02839
0.02858
0.02876
0.02895
0.02913
0.02931
0.02948
0.02965
0.0298
0.02997
0.03011
0.03027
0.03041
0.03055
0.03067
0.03081
0.03093
0.03104
0.03115
0.03126
0.03136
0.03146
0.03155
0.03164
0.03171
0.03179
0.03186
0.03193
0.03199
0.03205
0.03209
0.03215
0.03219
0.03223
0.03227
0.0323
0.03233
0.03236
0.03238
0.03241
0.03242
0.03244
0.03245
0.03246
0.03246
0.03246
0.03246
0.03246
0.03245
0.03244
0.03242
0.03241
0.03239
0.03237
0.03235
0.03232
0.03228
0.03226
0.03222
0.03219
0.03214
0.0321
0.03205
0.03202
0.03196
0.03191
0.03186
0.0318
0.03175
0.03169
0.03163
0.03157
0.0315
0.03144
0.03137
0.0313
0.03122
0.03116
0.03108
0.031
0.03092
0.03083
0.03075
0.03066
0.03057
0.03048
0.03038
0.03029
0.03018
0.03008
0.02998
0.02988
0.02977
0.02966
0.02955
0.02945
0.02933
0.02922
0.0291
0.02899
0.02888
0.02877
0.02866
0.02855
0.02843
0.02832
0.02821
0.0281
0.02798
0.02788
0.02776
0.02766
0.02754
0.02744
0.02733
0.02722
0.02711
0.027
0.0269
0.02679
0.02668
0.02658
0.02647
0.02637
0.02626
0.02615
0.02604
0.02595
0.02584
0.02574
0.02563
0.02553
0.02543
0.02534
0.02524
0.02515
0.02505
0.02496
0.02487
0.02479
0.02469
0.02461
0.02452
0.02445
0.02437
0.02429
0.02421
0.02413
0.02406
0.02399
0.02392
0.02385
0.02377
0.02371
0.02363
0.02357
0.02349
0.02343
0.02336
0.0233
0.02323
0.02317
0.0231
0.02304
0.02298
0.02292
0.02286
0.0228
0.02274
0.02269
0.02263
0.02258
0.02253
0.02248
0.02242
0.02239
0.02234
0.02229
0.02224
0.02219
0.02215
0.02211
0.02206
0.02202
0.02196
0.02191
0.02186
0.02181
0.02175
0.02169
0.02162
0.02156
0.02149
0.02141
0.02134
0.02125
0.02117
0.02108
0.021
0.02091
0.0208
0.02071
0.02061
0.02052
0.02041
0.02032
0.02021
0.02012
0.02001
0.01992
0.01982
0.01972
0.01963
0.01954
0.01945
0.01937
0.01927
0.0192
0.01911
0.01904
0.01896
0.01888
0.0188
0.01873
0.01865
0.01858
0.0185
0.01841
0.01834
0.01825
0.01817
0.01808
0.01798
0.01789
0.01779
0.01769
0.01758
0.01748
0.01735
0.01725
0.01712
0.017
0.01687
0.01674
0.01661
0.01649
0.01636
0.01623
0.01609
0.01597
0.01583
0.01571
0.01558
0.01546
0.01533
0.01522
0.0151
0.01499
0.01488
0.01477
0.01467
0.01458
0.01448
0.0144
0.01431
0.01423
0.01415
0.01408
0.014
0.01394
0.01386
0.01381
0.01374
0.01368
0.01362
0.01356
0.0135
0.01345
0.01339
0.01334
0.01327
0.01322
0.01316
0.01311
0.01304
0.01298
0.01291
0.01286
0.01279
0.01272
0.01265
0.01257
0.0125
0.01243
0.01236
0.01228
0.0122
0.01212
0.01204
0.01197
0.01188
0.0118
0.01172
0.01165
0.01156
0.01149
0.01141
0.01133
0.01127
0.0112
0.01114
0.01107
0.01101
0.01096
0.01089
0.01085
0.01079
0.01075
0.0107
0.01067
0.01063
0.0106
0.01056
0.01052
0.0105
0.01047
0.01044
0.01041
0.01037
0.01035
0.01032
0.01029
0.01025
0.01022
0.01018
0.01015
0.0101
0.01006
0.01001
0.00996
0.00991
0.00986
0.00981
0.00976
0.00969
0.00964
0.00957
0.00952
0.00945
0.00939
0.00933
0.00927
0.0092
0.00914
0.00908
0.00902
0.00896
0.0089
0.00885
0.0088
0.00874
0.00869
0.00864
0.00859
0.00854
0.0085
0.00845
0.00841
0.00836
0.00832
0.00828
0.00823
0.0082
0.00816
0.00812
0.00809
0.00804
0.00801
0.00796
0.00793
0.00789
0.00785
0.00781
0.00778
0.00773
0.00769
0.00765
0.00761
0.00757
0.00753
0.00749
0.00746
0.0074
0.00737
0.00733
0.00729
0.00724
0.00721
0.00716
0.00713
0.00708
0.00703
0.00699
0.00694
0.0069
0.00686
0.00681
0.00677
0.00672
0.00668
0.00663
0.0066
0.00655
0.00651
0.00646
0.00643
0.00639
0.00635
0.00631
0.00628
0.00625
0.00622
0.0062
0.00617
0.00614
0.00613
0.0061
0.00609
0.00607
0.00605
0.00603
0.00603
0.00602
0.006
0.00599
0.00598
0.00597
0.00596
0.00595
0.00594
0.00592
0.00591
0.00589
0.00587
0.00585
0.00583
0.0058
0.00579
0.00576
0.00573
0.0057
0.00566
0.00564
0.00561
0.00558
0.00554
0.0055
0.00548
0.00544
0.00541
0.00538
0.00535
0.00532
0.0053
0.00527
0.00524
0.00522
0.0052
0.00518
0.00517
0.00516
0.00515
0.00514
0.00514
0.00513
0.00514
0.00513
0.00514
0.00513
0.00514
0.00515
0.00515
0.00516
0.00516
0.00517
0.00518
0.00519
0.0052
0.0052
0.00522
0.00522
0.00523
0.00523
0.00523
0.00523
0.00524
0.00523
0.00523
0.00523
0.00522
0.00522
0.00522
0.00522
0.00522
0.0052
0.0052
0.00518
0.00518
0.00517
0.00517
0.00515
0.00516
0.00515
0.00514
0.00513
0.00512
0.00512
0.00512
0.00511
0.00511
0.0051
0.0051
0.00509
0.00509
0.00508
0.00508
0.00507
0.00507
0.00505
0.00504
0.00503
0.00502
0.00501
0.00499
0.00497
0.00496
0.00494
0.00492
0.0049
0.00489
0.00486
0.00484
0.00481
0.0048
0.00478
0.00476
0.00474
0.00472
0.0047
0.00469
0.00468
0.00467
0.00465
0.00465
0.00464
0.00465
0.00463
0.00464
0.00463
0.00465
0.00465
0.00465
0.00465
0.00465
0.00466
0.00467
0.00468
0.00468
0.00468
0.00468
0.00468
0.00469
0.00468
0.00468
0.00466
0.00466
0.00465
0.00463
0.00461
0.0046
0.00458
0.00457
0.00455
0.00453
0.0045
0.00448
0.00446
0.00445
0.00442
0.00441
0.00438
0.00438
0.00436
0.00435
0.00434
0.00432
0.00432
0.00432
0.00432
0.00432
0.00431
0.00432
0.00432
0.00434
0.00433
0.00434
0.00434
0.00436
0.00436
0.00437
0.00437
0.00437
0.00438
0.00439
0.00439
0.0044
0.00439
0.00439
0.00438
0.00439
0.00437
0.00437
0.00435
0.00436
0.00434
0.00434
0.00432
0.00431
0.0043
0.00429
0.00428
0.00428
0.00426
0.00426
0.00424
0.00424
0.00422
0.00422
0.00421
0.00421
0.0042
0.00419
0.00419
0.00418
0.00418
0.00418
0.00418
0.00419
0.00417
0.00418
0.00417
0.00419
0.00418
0.00419
0.00418
0.00419
0.00419
0.00419
0.00419
0.00419
0.0042
0.00421
0.00421
0.00422
0.00421
0.00423
0.00423
0.00424
0.00424
0.00425
0.00425
0.00426
0.00426
0.00427
0.00427
0.00428
0.00429
0.00429
0.0043
0.00431
0.0043
0.00432
0.00432
0.00434
0.00434
0.00435
0.00435
0.00437
0.00437
0.00438
0.00439
0.00439
0.0044
0.00442
0.00443
0.00445
0.00445
0.00447
0.00448
0.0045
0.00451
0.00453
0.00454
0.00457
0.00457
0.00459
0.0046
0.00461
0.00462
0.00464
0.00465
0.00466
0.00466
0.00468
0.00468
0.00469
0.00468
0.00469
0.00468
0.0047
0.00469
0.00469
0.00468
0.00468
0.00468
0.00467
0.00467
0.00467
0.00466
0.00466
0.00465
0.00466
0.00465
0.00466
0.00465
0.00466
0.00466
0.00467
0.00468
0.00468
0.00469
0.00471
0.00472
0.00473
0.00474
0.00476
0.00477
0.00479
0.0048
0.00482
0.00483
0.00485
0.00486
0.00487
0.00488
0.00489
0.0049
0.00491
0.00492
0.00493
0.00492
0.00493
0.00492
0.00493
0.00492
0.00492
0.00491
0.00491
0.00489
0.00489
0.00487
0.00486
0.00485
0.00484
0.00483
0.00483
0.00481
0.00481
0.00479
0.00479
0.00478
0.00479
0.00478
0.00479
0.00478
0.00479
0.00479
0.00479
0.00481
0.00482
0.00483
0.00485
0.00486
0.00488
0.00489
0.00492
0.00493
0.00496
0.00497
0.00501
0.00502
0.00504
0.00506
0.00507
0.00509
0.00511
0.00513
0.00515
0.00515
0.00516
0.00517
0.00517
0.00517
0.00517
0.00516
0.00516
0.00515
0.00513
0.00511
0.00509
0.00507
0.00505
0.00502
0.005
0.00495
0.00492
0.00488
0.00485
0.00481
0.00477
0.00472
0.00469
0.00464
0.00459
0.00454
0.0045
0.00445
0.00441
0.00437
0.00432
0.00427
0.00424
0.00419
0.00415
0.0041
0.00407
0.00402
0.00399
0.00395
0.00391
0.00387
0.00383
0.00379
0.00376
0.00372
0.00369
0.00364
0.00361
0.00357
0.00354
0.0035
0.00346
0.00342
0.00339
0.00334
0.00331
0.00326
0.00323
0.00319
0.00316
0.00312
0.00309
0.00305
0.00302
0.00299
0.00297
0.00294
0.00292
0.0029
0.00289
0.00287
0.00286
0.00285
0.00285
0.00286
0.00287
0.00288
0.0029
0.0029
0.00293
0.00295
0.00299
0.00301
0.00305
0.00308
0.00313
0.00316
0.00321
0.00325
0.00329
0.00335
0.0034
0.00345
0.00351
0.00354
0.0036
0.00365
0.00371
0.00376
0.00382
0.00386
0.00393
0.00398
0.00403
0.00408
0.00413
0.00419
0.00425
0.00431
0.00437
0.00442
0.00449
0.00455
0.00461
0.00467
0.00474
0.00479
0.00487
0.00492
0.00499
0.00505
0.00511
0.00518
0.00524
0.0053
0.00537
0.00542
0.00548
0.00553
0.00559
0.00563
0.00568
0.00572
0.00577
0.0058
0.00584
0.00586
0.00589
0.00591
0.00593
0.00595
0.00597
0.00597
0.00598
0.00598
0.00599
0.00598
0.00599
0.00597
0.00598
0.00597
0.00596
0.00595
0.00593
0.00592
0.00592
0.0059
0.0059
0.00587
0.00587
0.00585
0.00584
0.00582
0.00581
0.00579
0.00579
0.00576
0.00575
0.00572
0.00571
0.00569
0.00567
0.00564
0.00562
0.00559
0.00556
0.00553
0.0055
0.00546
0.00542
0.00538
0.00534
0.00529
0.00524
0.00519
0.00514
0.00509
0.00503
0.00497
0.00492
0.00485
0.0048
0.00473
0.00468
0.00461
0.00456
0.0045
0.00445
0.00439
0.00434
0.00429
0.00424
0.00421
0.00417
0.00414
0.00411
0.00408
0.00406
0.00404
0.00403
0.00401
0.00402
0.00401
0.00402
0.00403
0.00404
0.00405
0.00406
0.00409
0.00411
0.00414
0.00417
0.00419
0.00422
0.00425
0.00429
0.00431
0.00434
0.00437
0.0044
0.00443
0.00445
0.00447
0.0045
0.00452
0.00454
0.00456
0.00458
0.00458
0.00461
0.00461
0.00463
0.00463
0.00465
0.00465
0.00466
0.00466
0.00467
0.00468
0.00468
0.00469
0.0047
0.00471
0.00472
0.00473
0.00474
0.00475
0.00478
0.00479
0.00481
0.00483
0.00486
0.00488
0.00491
0.00493
0.00496
0.005
0.00504
0.00507
0.00511
0.00514
0.00519
0.00523
0.00528
0.00531
0.00536
0.0054
0.00545
0.00549
0.00553
0.00558
0.00562
0.00566
0.00571
0.00575
0.00579
0.00582
0.00586
0.00589
0.00593
0.00596
0.006
0.00602
0.00605
0.00608
0.0061
0.00612
0.00614
0.00616
0.00618
0.0062
0.00622
0.00622
0.00624
0.00625
0.00627
0.00628
0.00629
0.00629
0.00631
0.00632
0.00633
0.00633
0.00633
0.00634
0.00635
0.00636
0.00637
0.00636
0.00637
0.00637
0.00638
0.00637
0.00637
0.00637
0.00637
0.00636
0.00636
0.00635
0.00634
0.00634
0.00633
0.00632
0.00631
0.00629
0.00628
0.00626
0.00625
0.00622
0.00621
0.00618
0.00617
0.00614
0.00611
0.00609
0.00606
0.00604
0.00601
0.00598
0.00596
0.00592
0.00589
0.00585
0.00582
0.00578
0.00575
0.0057
0.00567
0.00562
0.00558
0.00553
0.00548
0.00543
0.00539
0.00533
0.00529
0.00523
0.00518
0.00512
0.00508
0.00502
0.00497
0.00491
0.00486
0.00481
0.00476
0.00471
0.00466
0.00461
0.00457
0.00453
0.0045
0.00445
0.00443
0.00439
0.00437
0.00434
0.00432
0.00429
0.00427
0.00425
0.00424
0.00422
0.0042
0.00419
0.00418
0.00417
0.00417
0.00415
0.00414
0.00413
0.00413
0.00411
0.00411
0.00409
0.00409
0.00408
0.00407
0.00406
0.00404
0.00404
0.00403
0.00402
0.00401
0.00399
0.00399
0.00398
0.00398
0.00397
0.00397
0.00396
0.00396
0.00396
0.00396
0.00395
0.00395
0.00395
0.00395
0.00395
0.00396
0.00395
0.00395
0.00395
0.00395
0.00394
0.00394
0.00393
0.00393
0.00392
0.00391
0.0039
0.00388
0.00387
0.00386
0.00385
0.00384
0.00381
0.0038
0.00378
0.00377
0.00374
0.00373
0.0037
0.00369
0.00367
0.00365
0.00364
0.00362
0.00361
0.0036
0.00359
0.00359
0.00357
0.00357
0.00357
0.00357
0.00356
0.00357
0.00356
0.00357
0.00357
0.00358
0.00358
0.00359
0.00359
0.0036
0.00361
0.00362
0.00362
0.00364
0.00364
0.00365
0.00365
0.00366
0.00366
0.00368
0.00368
0.00368
0.00368
0.00369
0.0037
0.00371
0.00372
0.00373
0.00373
0.00375
0.00375
0.00377
0.00378
0.0038
0.00381
0.00383
0.00385
0.00386
0.00388
0.0039
0.00393
0.00396
0.00398
0.00401
0.00403
0.00407
0.00409
0.00413
0.00415
0.00419
0.00421
0.00426
0.00429
0.00432
0.00435
0.00438
0.00442
0.00446
0.00449
0.00453
0.00456
0.0046
0.00463
0.00468
0.0047
0.00474
0.00478
0.00482
0.00485
0.00489
0.00492
0.00496
0.00499
0.00503
0.00507
0.00511
0.00514
0.00518
0.00521
0.00525
0.00527
0.00532
0.00534
0.00538
0.00541
0.00544
0.00547
0.00549
0.00553
0.00556
0.00559
0.00562
0.00564
0.00567
0.00569
0.00572
0.00574
0.00577
0.00578
0.00581
0.00582
0.00584
0.00585
0.00586
0.00588
0.00589
0.0059
0.00591
0.0059
0.00591
0.0059
0.00591
0.00589
0.00589
0.00587
0.00587
0.00585
0.00583
0.00581
0.00579
0.00576
0.00574
0.00572
0.00569
0.00566
0.00564
0.0056
0.00558
0.00554
0.00553
0.00549
0.00547
0.00544
0.00542
0.00539
0.00537
0.00535
0.00534
0.00532
0.00531
0.00529
0.00528
0.00527
0.00527
0.00526
0.00525
0.00524
0.00525
0.00524
0.00523
0.00523
0.00522
0.00522
0.00522
0.00521
0.00521
0.00519
0.00519
0.00517
0.00517
0.00514
0.00513
0.0051
0.0051
0.00507
0.00505
0.00502
0.00499
0.00497
0.00495
0.00492
0.00489
0.00486
0.00483
0.00479
0.00477
0.00473
0.00471
0.00467
0.00465
0.00461
0.00458
0.00455
0.00452
0.00449
0.00447
0.00444
0.00442
0.00438
0.00436
0.00433
0.00431
0.00428
0.00426
0.00423
0.00422
0.00419
0.00417
0.00415
0.00413
0.00412
0.00411
0.00409
0.00408
0.00406
0.00406
0.00404
0.00404
0.00403
0.00403
0.00401
0.00402
0.00401
0.00401
0.004
0.004
0.004
0.004
0.004
0.004
0.00399
0.00399
0.00399
0.00399
0.00398
0.00398
0.00396
0.00397
0.00396
0.00395
0.00393
0.00392
0.00391
0.0039
0.00389
0.00388
0.00386
0.00386
0.00384
0.00383
0.00381
0.0038
0.00378
0.00378
0.00377
0.00375
0.00374
0.00373
0.00372
0.00372
0.00371
0.0037
0.00369
0.00368
0.00367
0.00367
0.00366
0.00365
0.00364
0.00364
0.00362
0.00361
0.00359
0.00357
0.00356
0.00355
0.00353
0.00352
0.00349
0.00348
0.00346
0.00344
0.00342
0.00341
0.00338
0.00337
0.00335
0.00333
0.00331
0.0033
0.00329
0.00329
0.00328
0.00328
0.00327
0.00328
0.00328
0.00329
0.00329
0.00331
0.00332
0.00334
0.00336
0.00337
0.00339
0.00342
0.00344
0.00347
0.0035
0.00353
0.00354
0.00358
0.0036
0.00363
0.00364
0.00367
0.00368
0.00371
0.00373
0.00374
0.00375
0.00377
0.00378
0.00379
0.0038
0.00382
0.00381
0.00382
0.00382
0.00384
0.00383
0.00384
0.00384
0.00386
0.00386
0.00386
0.00386
0.00387
0.00388
0.0039
0.00391
0.00392
0.00393
0.00395
0.00396
0.00398
0.00399
0.00402
0.00403
0.00406
0.00408
0.0041
0.00412
0.00414
0.00416
0.00419
0.00422
0.00425
0.00426
0.0043
0.00432
0.00435
0.00437
0.0044
0.00442
0.00446
0.00448
0.00451
0.00453
0.00456
0.0046
0.00463
0.00466
0.00469
0.00471
0.00475
0.00478
0.00482
0.00484
0.00488
0.00491
0.00495
0.00497
0.00501
0.00503
0.00506
0.00509
0.00512
0.00515
0.00518
0.00519
0.00522
0.00524
0.00527
0.00528
0.0053
0.0053
0.00532
0.00533
0.00533
0.00534
0.00534
0.00534
0.00535
0.00535
0.00535
0.00533
0.00533
0.00532
0.00532
0.0053
0.0053
0.00528
0.00528
0.00527
0.00525
0.00524
0.00523
0.00522
0.00521
0.0052
0.00519
0.00517
0.00517
0.00516
0.00515
0.00514
0.00514
0.00512
0.00512
0.00511
0.0051
0.00509
0.00508
0.00507
0.00506
0.00505
0.00505
0.00502
0.00502
0.005
0.005
0.00497
0.00497
0.00494
0.00494
0.00492
0.0049
0.00488
0.00486
0.00484
0.00482
0.0048
0.00478
0.00475
0.00474
0.00471
0.0047
0.00466
0.00464
0.00461
0.0046
0.00456
0.00453
0.0045
0.00447
0.00444
0.00442
0.00439
0.00435
0.00431
0.00428
0.00424
0.00421
0.00417
0.00413
0.00408
0.00405
0.00401
0.00396
0.00392
0.00387
0.00383
0.00379
0.00375
0.00372
0.00367
0.00363
0.00359
0.00356
0.00352
0.00349
0.00345
0.00343
0.0034
0.00338
0.00336
0.00333
0.00332
0.00331
0.0033
0.0033
0.00328
0.00329
0.00328
0.00329
0.00329
0.00331
0.00331
0.00333
0.00334
0.00335
0.00336
0.00338
0.0034
0.00342
0.00344
0.00347
0.00348
0.00351
0.00353
0.00356
0.00358
0.00361
0.00363
0.00367
0.00369
0.00372
0.00374
0.00377
0.0038
0.00383
0.00386
0.0039
0.00392
0.00395
0.00398
0.00402
0.00404
0.00407
0.00409
0.00413
0.00416
0.00418
0.00421
0.00423
0.00426
0.00428
0.0043
0.00433
0.00434
0.00436
0.00437
0.00439
0.0044
0.00442
0.00442
0.00444
0.00444
0.00445
0.00445
0.00446
0.00447
0.00447
0.00448
0.00449
0.00448
0.0045
0.00449
0.00451
0.0045
0.00452
0.00451
0.00453
0.00453
0.00454
0.00454
0.00455
0.00456
0.00457
0.00458
0.00459
0.00459
0.00461
0.00461
0.00463
0.00463
0.00464
0.00464
0.00465
0.00465
0.00466
0.00466
0.00466
0.00466
0.00466
0.00466
0.00466
0.00465
0.00465
0.00464
0.00464
0.00462
0.00462
0.0046
0.0046
0.00458
0.00456
0.00454
0.00452
0.00451
0.00449
0.00447
0.00446
0.00443
0.00441
0.00439
0.00437
0.00434
0.00432
0.00429
0.00428
0.00425
0.00423
0.00421
0.00418
0.00416
0.00415
0.00413
0.00411
0.00409
0.00408
0.00406
0.00405
0.00403
0.00403
0.00401
0.00401
0.004
0.00399
0.00399
0.00398
0.00399
0.00399
0.00399
0.004
0.00399
0.00401
0.00401
0.00403
0.00403
0.00404
0.00404
0.00407
0.00407
0.00408
0.00409
0.0041
0.00412
0.00413
0.00415
0.00416
0.00417
0.00419
0.00419
0.00421
0.00421
0.00422
0.00422
0.00424
0.00425
0.00425
0.00426
0.00426
0.00426
0.00427
0.00427
0.00427
0.00426
0.00427
0.00426
0.00426
0.00425
0.00426
0.00424
0.00425
0.00424
0.00423
0.00422
0.00422
0.00422
0.00422
0.00421
0.00421
0.0042
0.00421
0.0042
0.00421
0.0042
0.00421
0.0042
0.00421
0.00421
0.00421
0.00422
0.00422
0.00422
0.00423
0.00423
0.00424
0.00423
0.00424
0.00424
0.00424
0.00424
0.00424
0.00423
0.00424
0.00423
0.00422
0.00421
0.00421
0.0042
0.00419
0.00419
0.00418
0.00416
0.00416
0.00415
0.00415
0.00414
0.00414
0.00413
0.00413
0.00413
0.00413
0.00413
0.00413
0.00413
0.00414
0.00415
0.00417
0.00417
0.00419
0.00419
0.00422
0.00422
0.00424
0.00425
0.00427
0.00428
0.0043
0.0043
0.00431
0.00432
0.00434
0.00434
0.00435
0.00434
0.00435
0.00434
0.00434
0.00433
0.00432
0.0043
0.0043
0.00428
0.00427
0.00425
0.00423
0.00421
0.0042
0.00418
0.00417
0.00414
0.00413
0.00411
0.00411
0.00409
0.00408
0.00406
0.00406
0.00405
0.00404
0.00404
0.00403
0.00403
0.00404
0.00404
0.00404
0.00404
0.00405
0.00404
0.00406
0.00405
0.00406
0.00406
0.00407
0.00407
0.00407
0.00407
0.00407
0.00407
0.00408
0.00408
0.00408
0.00407
0.00408
0.00407
0.00408
0.00406
0.00407
0.00406
0.00407
0.00407
0.00407
0.00407
0.00407
0.00407
0.00408
0.00408
0.00409
0.00409
0.00411
0.00411
0.00413
0.00413
0.00414
0.00414
0.00416
0.00416
0.00417
0.00418
0.00418
0.00419
0.0042
0.00421
0.00422
0.00421
0.00422
0.00422
0.00422
0.00421
0.00421
0.0042
0.00421
0.00419
0.00418
0.00417
0.00416
0.00414
0.00413
0.00411
0.0041
0.00407
0.00406
0.00404
0.00402
0.00399
0.00398
0.00395
0.00393
0.00391
0.00388
0.00386
0.00384
0.00382
0.0038
0.00378
0.00377
0.00375
0.00374
0.00372
0.00372
0.0037
0.0037
0.00368
0.00369
0.00368
0.00368
0.00368
0.00369
0.0037
0.00371
0.00372
0.00373
0.00373
0.00375
0.00376
0.00378
0.00379
0.00381
0.00382
0.00385
0.00386
0.00387
0.00388
0.0039
0.00391
0.00393
0.00394
0.00395
0.00395
0.00397
0.00397
0.00399
0.00398
0.00399
0.00399
0.004
0.004
0.004
0.004
0.004
0.00401
0.00401
0.00401
0.00402
0.00401
0.00402
0.00401
0.00403
0.00402
0.00403
0.00402
0.00404
0.00403
0.00404
0.00404
0.00404
0.00405
0.00406
0.00406
0.00407
0.00406
0.00408
0.00407
0.00408
0.00408
0.00409
0.00408
0.00409
0.00409
0.00409
0.00409
0.00409
0.00409
0.00409
0.00409
0.0041
0.00409
0.0041
0.00409
0.0041
0.00409
0.0041
0.0041
0.00411
0.00411
0.00411
0.00411
0.00411
0.00413
0.00413
0.00414
0.00415
0.00415
0.00417
0.00417
0.00419
0.0042
0.00422
0.00423
0.00426
0.00427
0.00429
0.00431
0.00433
0.00435
0.00438
0.00441
0.00444
0.00446
0.0045
0.00452
0.00456
0.00458
0.00462
0.00465
0.00469
0.00472
0.00475
0.00478
0.00481
0.00484
0.00487
0.00489
0.00492
0.00494
0.00497
0.00498
0.00501
0.00501
0.00503
0.00503
0.00505
0.00505
0.00505
0.00506
0.00505
0.00506
0.00506
0.00506
0.00507
0.00505
0.00506
0.00506
0.00507
0.00506
0.00507
0.00507
0.00509
0.00509
0.0051
0.00511
0.00512
0.00514
0.00517
0.00518
0.00521
0.00522
0.00525
0.00527
0.0053
0.00532
0.00535
0.00536
0.0054
0.00541
0.00543
0.00545
0.00546
0.00548
0.00549
0.00549
0.00551
0.0055
0.00551
0.0055
0.0055
0.00549
0.00548
0.00547
0.00546
0.00545
0.00543
0.00541
0.00539
0.00538
0.00536
0.00535
0.00533
0.00531
0.0053
0.00528
0.00527
0.00524
0.00523
0.00521
0.00521
0.00518
0.00517
0.00516
0.00514
0.00513
0.00512
0.0051
0.00509
0.00507
0.00506
0.00504
0.00502
0.005
0.00498
0.00495
0.00494
0.00491
0.00488
0.00486
0.00483
0.0048
0.00477
0.00474
0.00472
0.00468
0.00465
0.00462
0.0046
0.00455
0.00453
0.00449
0.00447
0.00443
0.0044
0.00437
0.00434
0.00432
0.00429
0.00427
0.00424
0.00421
0.00419
0.00417
0.00415
0.00412
0.00411
0.00408
0.00408
0.00405
0.00404
0.00402
0.004
0.00399
0.00398
0.00398
0.00397
0.00395
0.00395
0.00394
0.00395
0.00393
0.00394
0.00393
0.00394
0.00394
0.00394
0.00394
0.00394
0.00395
0.00396
0.00396
0.00398
0.00397
0.00399
0.00399
0.00401
0.00402
0.00404
0.00404
0.00407
0.00408
0.00409
0.00411
0.00413
0.00415
0.00417
0.00419
0.00422
0.00422
0.00426
0.00427
0.0043
0.00432
0.00434
0.00436
0.00439
0.0044
0.00442
0.00444
0.00445
0.00447
0.00449
0.0045
0.00452
0.00451
0.00453
0.00452
0.00453
0.00452
0.00452
0.00451
0.00451
0.00449
0.00448
0.00446
0.00444
0.00442
0.0044
0.00439
0.00437
0.00434
0.00432
0.0043
0.00429
0.00426
0.00425
0.00422
0.00422
0.0042
0.00419
0.00418
0.00417
0.00417
0.00418
0.00418
0.0042
0.0042
0.00422
0.00423
0.00425
0.00427
0.00429
0.00431
0.00435
0.00437
0.0044
0.00443
0.00447
0.0045
0.00454
0.00458
0.00462
0.00465
0.00469
0.00472
0.00477
0.00479
0.00484
0.00486
0.00491
0.00494
0.00497
0.005
0.00503
0.00506
0.00509
0.00512
0.00515
0.00516
0.00518
0.0052
0.00522
0.00523
0.00525
0.00525
0.00526
0.00526
0.00526
0.00526
0.00525
0.00525
0.00525
0.00523
0.00523
0.0052
0.0052
0.00517
0.00516
0.00514
0.00512
0.00509
0.00507
0.00504
0.00502
0.00499
0.00496
0.00494
0.00492
0.00489
0.00487
0.00483
0.00482
0.00479
0.00477
0.00474
0.00472
0.00469
0.00468
0.00465
0.00462
0.0046
0.00458
0.00456
0.00454
0.00452
0.00451
0.00448
0.00447
0.00444
0.00443
0.00441
0.0044
0.00437
0.00437
0.00435
0.00434
0.00432
0.0043
0.00429
0.00428
0.00427
0.00426
0.00424
0.00423
0.00421
0.0042
0.00417
0.00416
0.00414
0.00413
0.0041
0.00408
0.00405
0.00402
0.00399
0.00397
0.00394
0.00391
0.00386
0.00384
0.0038
0.00377
0.00373
0.0037
0.00365
0.00363
0.00359
0.00355
0.00352
0.00349
0.00346
0.00344
0.00341
0.0034
0.00337
0.00336
0.00334
0.00334
0.00332
0.00332
0.00331
0.00332
0.00332
0.00333
0.00333
0.00333
0.00334
0.00336
0.00337
0.00339
0.00339
0.00341
0.00342
0.00344
0.00344
0.00346
0.00346
0.00348
0.00348
0.00349
0.00349
0.00349
0.0035
0.00351
0.00351
0.00352
0.00351
0.00351
0.00351
0.00351
0.00351
0.00351
0.0035
0.00351
0.00351
0.00351
0.0035
0.0035
0.00351
0.00351
0.00351
0.00352
0.00352
0.00353
0.00353
0.00355
0.00355
0.00356
0.00357
0.00359
0.0036
0.00361
0.00362
0.00364
0.00366
0.00368
0.0037
0.00372
0.00373
0.00377
0.00378
0.00382
0.00383
0.00386
0.00388
0.00392
0.00394
0.00397
0.00399
0.00401
0.00404
0.00407
0.00409
0.00412
0.00413
0.00416
0.00417
0.00419
0.00419
0.00421
0.00421
0.00422
0.00422
0.00422
0.00421
0.00421
0.0042
0.00419
0.00418
0.00417
0.00414
0.00413
0.0041
0.00409
0.00406
0.00404
0.00401
0.00399
0.00397
0.00395
0.00392
0.00389
0.00388
0.00386
0.00384
0.00383
0.0038
0.00379
0.00377
0.00377
0.00375
0.00375
0.00373
0.00374
0.00373
0.00372
0.00372
0.00372
0.00372
0.00372
0.00372
0.00373
0.00372
0.00373
0.00373
0.00375
0.00375
0.00376
0.00375
0.00377
0.00378
0.00378
0.00379
0.0038
0.00381
0.00382
0.00383
0.00385
0.00385
0.00387
0.00388
0.0039
0.00391
0.00393
0.00394
0.00396
0.00397
0.00399
0.00401
0.00402
0.00404
0.00406
0.00408
0.00411
0.00411
0.00414
0.00416
0.00418
0.00419
0.00422
0.00423
0.00426
0.00428
0.0043
0.00432
0.00433
0.00435
0.00438
0.00439
0.00442
0.00442
0.00445
0.00445
0.00448
0.00448
0.0045
0.0045
0.00452
0.00452
0.00452
0.00452
0.00452
0.00453
0.00453
0.00452
0.00452
0.00451
0.00451
0.0045
0.00449
0.00448
0.00447
0.00445
0.00445
0.00444
0.00443
0.00442
0.0044
0.0044
0.0044
0.00439
0.00439
0.00438
0.00438
0.00438
0.00439
0.00438
0.00439
0.00439
0.0044
0.0044
0.00441
0.00442
0.00442
0.00443
0.00445
0.00446
0.00447
0.00447
0.00448
0.00449
0.0045
0.0045
0.00452
0.00451
0.00453
0.00453
0.00453
0.00454
0.00454
0.00455
0.00456
0.00457
0.00458
0.00458
0.0046
0.00461
0.00464
0.00465
0.00468
0.0047
0.00473
0.00476
0.00479
0.00482
0.00485
0.00489
0.00494
0.00498
0.00503
0.00506
0.00512
0.00516
0.00521
0.00525
0.0053
0.00534
0.00539
0.00543
0.00547
0.0055
0.00553
0.00556
0.00559
0.00562
0.00564
0.00565
0.00567
0.00567
0.00568
0.00567
0.00567
0.00565
0.00564
0.00562
0.00559
0.00557
0.00553
0.0055
0.00547
0.00543
0.00539
0.00534
0.0053
0.00525
0.0052
0.00515
0.0051
0.00504
0.005
0.00494
0.00489
0.00484
0.00479
0.00474
0.0047
0.00466
0.00462
0.00457
0.00454
0.0045
0.00448
0.00444
0.00442
0.00439
0.00438
0.00436
0.00434
0.00433
0.00431
0.00431
0.0043
0.0043
0.0043
0.00429
0.0043
0.00429
0.0043
0.0043
0.0043
0.0043
0.0043
0.0043
0.0043
0.00429
0.00429
0.00429
0.00428
0.00427
0.00427
0.00425
0.00425
0.00423
0.00422
0.0042
0.00419
0.00417
0.00416
0.00414
0.00413
0.00411
0.0041
0.00409
0.00408
0.00407
0.00407
0.00406
0.00406
0.00406
0.00407
0.00406
0.00408
0.00408
0.0041
0.00411
0.00413
0.00414
0.00415
0.00417
0.0042
0.00422
0.00424
0.00426
0.00429
0.0043
0.00433
0.00434
0.00436
0.00437
0.0044
0.00441
0.00442
0.00443
0.00443
0.00445
0.00446
0.00446
0.00447
0.00447
0.00447
0.00447
0.00448
0.00447
0.00447
0.00446
0.00446
0.00445
0.00445
0.00443
0.00442
0.00441
0.0044
0.00439
0.00438
0.00435
0.00434
0.00432
0.0043
0.00427
0.00425
0.00421
0.00419
0.00414
0.00411
0.00406
0.00402
0.00398
0.00393
0.00388
0.00384
0.00378
0.00373
0.00368
0.00363
0.00357
0.00352
0.00346
0.00342
0.00336
0.00331
0.00327
0.00322
0.00318
0.00315
0.00311
0.00309
0.00305
0.00303
0.00301
0.003
0.00298
0.00297
0.00296
0.00296
0.00295
0.00295
0.00295
0.00295
0.00297
0.00297
0.00298
0.00299
0.00299
0.00301
0.00301
0.00303
0.00303
0.00304
0.00304
0.00306
0.00306
0.00307
0.00307
0.00307
0.00308
0.00309
0.0031
0.00311
0.00311
0.00313
0.00314
0.00317
0.00318
0.0032
0.00321
0.00325
0.00327
0.0033
0.00333
0.00336
0.0034
0.00344
0.00348
0.00352
0.00355
0.0036
0.00364
0.00368
0.00372
0.00376
0.00379
0.00384
0.00387
0.0039
0.00393
0.00395
0.00398
0.004
0.00402
0.00404
0.00404
0.00406
0.00406
0.00407
0.00407
0.00407
0.00406
0.00407
0.00406
0.00406
0.00405
0.00404
0.00404
0.00404
0.00404
0.00405
0.00404
0.00405
0.00405
0.00407
0.00407
0.00409
0.00409
0.00413
0.00414
0.00417
0.00419
0.00422
0.00425
0.00429
0.00432
0.00437
0.00439
0.00444
0.00448
0.00453
0.00457
0.00461
0.00465
0.00471
0.00474
0.00479
0.00483
0.00487
0.00491
0.00496
0.00499
0.00504
0.00506
0.0051
0.00513
0.00517
