5.09366588722267E+02

0.00274
0.00274
0.00276
0.00276
0.00279
0.00279
0.0028
0.00281
0.00282
0.00283
0.00284
0.00285
0.00287
0.00286
0.00288
0.00288
0.00289
0.00289
0.0029
0.0029
0.00291
0.00291
0.00292
0.00292
0.00292
0.00293
0.00293
0.00294
0.00295
0.00295
0.00296
0.00297
0.00298
0.00298
0.003
0.003
0.00303
0.00304
0.00305
0.00307
0.00308
0.0031
0.00313
0.00315
0.00317
0.00318
0.00321
0.00323
0.00327
0.00328
0.00331
0.00333
0.00336
0.00338
0.00341
0.00342
0.00344
0.00347
0.00349
0.0035
0.00352
0.00352
0.00354
0.00354
0.00355
0.00354
0.00355
0.00354
0.00354
0.00352
0.00351
0.00349
0.00347
0.00346
0.00344
0.00342
0.0034
0.00337
0.00335
0.00332
0.00331
0.00328
0.00326
0.00323
0.00322
0.0032
0.00319
0.00318
0.00317
0.00317
0.00318
0.00318
0.0032
0.00321
0.00323
0.00325
0.00329
0.00331
0.00336
0.00339
0.00345
0.00349
0.00354
0.00359
0.00364
0.0037
0.00377
0.00382
0.00388
0.00393
0.004
0.00405
0.00411
0.00415
0.00421
0.00424
0.00429
0.00432
0.00435
0.00438
0.0044
0.00442
0.00443
0.00443
0.00444
0.00443
0.00443
0.00441
0.0044
0.00437
0.00435
0.00431
0.00429
0.00426
0.00422
0.00418
0.00414
0.00411
0.00408
0.00404
0.00401
0.00396
0.00394
0.00391
0.00389
0.00385
0.00384
0.00381
0.0038
0.00378
0.00377
0.00376
0.00375
0.00375
0.00375
0.00375
0.00376
0.00375
0.00376
0.00375
0.00377
0.00376
0.00377
0.00376
0.00377
0.00376
0.00376
0.00375
0.00374
0.00373
0.00372
0.00371
0.0037
0.00368
0.00367
0.00365
0.00364
0.00361
0.00359
0.00357
0.00356
0.00354
0.00352
0.0035
0.00348
0.00347
0.00347
0.00346
0.00346
0.00344
0.00345
0.00345
0.00346
0.00346
0.00347
0.00347
0.0035
0.00351
0.00352
0.00354
0.00355
0.00358
0.0036
0.00362
0.00365
0.00365
0.00368
0.0037
0.00372
0.00373
0.00375
0.00376
0.00378
0.00379
0.0038
0.00382
0.00382
0.00383
0.00385
0.00386
0.00387
0.00387
0.00389
0.00389
0.00391
0.00392
0.00393
0.00394
0.00396
0.00398
0.00399
0.00401
0.00403
0.00405
0.00408
0.0041
0.00413
0.00415
0.00418
0.0042
0.00424
0.00426
0.00429
0.0043
0.00434
0.00436
0.00438
0.0044
0.00442
0.00444
0.00446
0.00448
0.0045
0.0045
0.00452
0.00453
0.00455
0.00455
0.00457
0.00457
0.0046
0.0046
0.00461
0.00462
0.00463
0.00465
0.00467
0.00469
0.00471
0.00472
0.00475
0.00477
0.00481
0.00483
0.00487
0.00489
0.00494
0.00497
0.00501
0.00504
0.00508
0.00512
0.00516
0.0052
0.00524
0.00527
0.00532
0.00535
0.00539
0.00541
0.00545
0.00546
0.0055
0.00552
0.00554
0.00556
0.00557
0.00559
0.0056
0.00561
0.00563
0.00563
0.00564
0.00564
0.00566
0.00566
0.00567
0.00567
0.00568
0.00569
0.00569
0.0057
0.00571
0.00572
0.00574
0.00576
0.00578
0.00579
0.00581
0.00582
0.00585
0.00587
0.00589
0.0059
0.00593
0.00595
0.00597
0.00599
0.006
0.00603
0.00605
0.00606
0.00608
0.00608
0.0061
0.0061
0.00612
0.00612
0.00613
0.00612
0.00613
0.00613
0.00613
0.00613
0.00612
0.00612
0.00612
0.00612
0.00612
0.00611
0.00611
0.0061
0.00611
0.0061
0.0061
0.00609
0.0061
0.00609
0.00609
0.00609
0.00608
0.00608
0.00608
0.00608
0.00608
0.00607
0.00607
0.00606
0.00606
0.00605
0.00604
0.00603
0.00603
0.00601
0.006
0.00598
0.00597
0.00596
0.00595
0.00593
0.00592
0.0059
0.00589
0.00587
0.00587
0.00584
0.00584
0.00582
0.00582
0.0058
0.00579
0.00578
0.00577
0.00577
0.00577
0.00576
0.00576
0.00575
0.00576
0.00575
0.00576
0.00575
0.00576
0.00575
0.00576
0.00576
0.00576
0.00576
0.00576
0.00576
0.00576
0.00576
0.00577
0.00576
0.00576
0.00576
0.00576
0.00575
0.00575
0.00574
0.00574
0.00573
0.00572
0.00571
0.0057
0.00569
0.00568
0.00566
0.00566
0.00563
0.00562
0.0056
0.00559
0.00556
0.00554
0.00551
0.00549
0.00547
0.00544
0.00541
0.00538
0.00536
0.00533
0.0053
0.00527
0.00523
0.0052
0.00517
0.00514
0.0051
0.00507
0.00503
0.005
0.00496
0.00492
0.00489
0.00484
0.00481
0.00478
0.00474
0.00471
0.00466
0.00463
0.00458
0.00456
0.00451
0.00448
0.00443
0.0044
0.00436
0.00433
0.00429
0.00425
0.00422
0.00419
0.00416
0.00414
0.0041
0.00408
0.00405
0.00403
0.004
0.00399
0.00397
0.00396
0.00395
0.00393
0.00393
0.00392
0.00392
0.00392
0.00392
0.00393
0.00392
0.00394
0.00394
0.00395
0.00396
0.00397
0.00397
0.00399
0.00399
0.004
0.00401
0.00401
0.00402
0.00402
0.00403
0.00403
0.00401
0.00402
0.004
0.004
0.00398
0.00397
0.00395
0.00394
0.00391
0.00389
0.00387
0.00384
0.00382
0.00379
0.00377
0.00374
0.00371
0.00369
0.00366
0.00364
0.00361
0.00359
0.00356
0.00355
0.00353
0.00352
0.0035
0.00349
0.00348
0.00348
0.00347
0.00348
0.00347
0.00349
0.00349
0.0035
0.00351
0.00352
0.00353
0.00356
0.00357
0.0036
0.00362
0.00364
0.00366
0.00369
0.00372
0.00375
0.00377
0.0038
0.00383
0.00386
0.00388
0.00391
0.00393
0.00396
0.00398
0.004
0.00402
0.00404
0.00406
0.00408
0.00409
0.00411
0.00411
0.00413
0.00413
0.00414
0.00413
0.00413
0.00412
0.00413
0.00412
0.00411
0.0041
0.00408
0.00408
0.00407
0.00405
0.00404
0.00402
0.00401
0.00399
0.00399
0.00397
0.00396
0.00395
0.00395
0.00393
0.00392
0.00391
0.00391
0.0039
0.0039
0.0039
0.00391
0.0039
0.0039
0.0039
0.00391
0.00391
0.00391
0.00391
0.00392
0.00392
0.00393
0.00393
0.00393
0.00394
0.00395
0.00395
0.00396
0.00396
0.00397
0.00397
0.00399
0.00399
0.00401
0.00401
0.00404
0.00405
0.00407
0.00409
0.00411
0.00414
0.00417
0.00421
0.00424
0.00427
0.00432
0.00436
0.00442
0.00445
0.00451
0.00456
0.00462
0.00467
0.00472
0.00478
0.00483
0.00488
0.00494
0.00499
0.00504
0.00508
0.00513
0.00516
0.0052
0.00523
0.00526
0.00528
0.00531
0.00532
0.00533
0.00534
0.00534
0.00535
0.00535
0.00535
0.00535
0.00533
0.00533
0.00532
0.00532
0.0053
0.0053
0.00528
0.00528
0.00527
0.00527
0.00526
0.00525
0.00526
0.00526
0.00526
0.00527
0.00527
0.00528
0.00528
0.00529
0.00529
0.0053
0.0053
0.00532
0.00531
0.00531
0.00531
0.0053
0.0053
0.0053
0.00528
0.00528
0.00525
0.00524
0.00522
0.00521
0.00518
0.00516
0.00513
0.00511
0.00509
0.00506
0.00504
0.00502
0.00501
0.00499
0.00498
0.00498
0.00497
0.00498
0.00498
0.005
0.00501
0.00503
0.00505
0.00509
0.00511
0.00515
0.00518
0.00522
0.00527
0.00532
0.00536
0.00542
0.00545
0.00551
0.00554
0.00559
0.00562
0.00566
0.00569
0.00572
0.00574
0.00576
0.00576
0.00577
0.00577
0.00576
0.00576
0.00574
0.00571
0.00569
0.00566
0.00563
0.00559
0.00555
0.0055
0.00547
0.00542
0.00537
0.00532
0.00527
0.00523
0.00518
0.00514
0.0051
0.00505
0.00501
0.00497
0.00494
0.0049
0.00487
0.00483
0.00481
0.00478
0.00475
0.00472
0.00469
0.00467
0.00465
0.00463
0.00461
0.00458
0.00457
0.00455
0.00453
0.00451
0.00449
0.00447
0.00446
0.00443
0.00442
0.0044
0.00438
0.00437
0.00436
0.00435
0.00435
0.00434
0.00434
0.00434
0.00435
0.00435
0.00437
0.00437
0.0044
0.00442
0.00445
0.00448
0.00451
0.00455
0.0046
0.00465
0.0047
0.00474
0.00481
0.00487
0.00494
0.00501
0.00508
0.00515
0.00524
0.00532
0.0054
0.00548
0.00557
0.00566
0.00576
0.00585
0.00595
0.00605
0.00615
0.00625
0.00637
0.00647
0.00659
0.0067
0.00682
0.00694
0.00706
0.00719
0.00731
0.00745
0.00758
0.00773
0.00788
0.00801
0.00817
0.00832
0.00849
0.00865
0.00882
0.00899
0.00918
0.00936
0.00955
0.00974
0.00993
0.01014
0.01035
0.01057
0.01079
0.01101
0.01125
0.01147
0.01172
0.01196
0.01221
0.01246
0.01272
0.01298
0.01324
0.0135
0.01377
0.01404
0.01432
0.01459
0.01487
0.01514
0.01542
0.01569
0.01597
0.01624
0.01651
0.01678
0.01705
0.01731
0.01757
0.01783
0.01808
0.01833
0.01858
0.01882
0.01906
0.01929
0.01952
0.01974
0.01996
0.02017
0.02039
0.02059
0.0208
0.021
0.0212
0.02139
0.02158
0.02178
0.02196
0.02215
0.02234
0.02252
0.02271
0.02289
0.02308
0.02326
0.02345
0.02362
0.02382
0.024
0.02418
0.02436
0.02454
0.02473
0.02492
0.0251
0.02529
0.02547
0.02566
0.02583
0.02602
0.02619
0.02637
0.02654
0.02672
0.02689
0.02706
0.02723
0.02739
0.02755
0.02771
0.02786
0.02802
0.02816
0.0283
0.02844
0.02858
0.0287
0.02884
0.02895
0.02908
0.02919
0.0293
0.02941
0.02951
0.02961
0.02971
0.02979
0.02989
0.02996
0.03004
0.03011
0.03019
0.03025
0.03032
0.03037
0.03044
0.03049
0.03054
0.03058
0.03062
0.03066
0.0307
0.03073
0.03077
0.03079
0.03082
0.03084
0.03087
0.03088
0.0309
0.03091
0.03094
0.03095
0.03096
0.03097
0.03098
0.03099
0.031
0.03101
0.03102
0.03102
0.03103
0.03103
0.03104
0.03104
0.03105
0.03104
0.03106
0.03106
0.03106
0.03106
0.03106
0.03107
0.03108
0.03108
0.03108
0.03108
0.03108
0.03108
0.03109
0.03108
0.03109
0.03108
0.03109
0.03108
0.03108
0.03108
0.03108
0.03108
0.03107
0.03107
0.03106
0.03105
0.03105
0.03103
0.03103
0.03101
0.031
0.03098
0.03097
0.03095
0.03093
0.0309
0.03088
0.03085
0.03082
0.03078
0.03075
0.03071
0.03067
0.03062
0.03058
0.03052
0.03047
0.03041
0.03036
0.03029
0.03022
0.03015
0.03008
0.03
0.02992
0.02984
0.02976
0.02966
0.02958
0.02948
0.02938
0.02928
0.02918
0.02906
0.02896
0.02884
0.02872
0.0286
0.02847
0.02835
0.02822
0.02808
0.02795
0.0278
0.02766
0.02751
0.02737
0.02721
0.02705
0.02689
0.02674
0.02657
0.0264
0.02623
0.02605
0.02588
0.02571
0.02553
0.02535
0.02516
0.02499
0.0248
0.02462
0.02443
0.02426
0.02407
0.0239
0.02371
0.02353
0.02335
0.02318
0.02301
0.02284
0.02268
0.02252
0.02235
0.02221
0.02205
0.02191
0.02176
0.02163
0.02149
0.02137
0.02124
0.02113
0.02101
0.0209
0.02079
0.02069
0.02059
0.0205
0.0204
0.02032
0.02023
0.02015
0.02007
0.01999
0.01991
0.01984
0.01976
0.01968
0.0196
0.01952
0.01945
0.01937
0.01929
0.01922
0.01912
0.01905
0.01896
0.01888
0.01878
0.0187
0.0186
0.01851
0.01841
0.01832
0.01822
0.01812
0.01803
0.01793
0.01783
0.01774
0.01763
0.01754
0.01743
0.01734
0.01724
0.01715
0.01705
0.01696
0.01686
0.01677
0.01668
0.01659
0.0165
0.01642
0.01633
0.01625
0.01615
0.01608
0.01599
0.01591
0.01583
0.01575
0.01566
0.01559
0.01551
0.01543
0.01535
0.01527
0.0152
0.01512
0.01505
0.01498
0.0149
0.01483
0.01476
0.01469
0.01461
0.01455
0.01448
0.01441
0.01434
0.01428
0.01421
0.01414
0.01408
0.01401
0.01395
0.01389
0.01381
0.01375
0.01368
0.01362
0.01355
0.01348
0.0134
0.01334
0.01326
0.01319
0.01311
0.01303
0.01296
0.01288
0.0128
0.01272
0.01263
0.01255
0.01246
0.01238
0.01229
0.0122
0.01211
0.01203
0.01194
0.01186
0.01177
0.01169
0.01161
0.01153
0.01146
0.01138
0.0113
0.01124
0.01117
0.01112
0.01105
0.011
0.01094
0.01089
0.01084
0.0108
0.01076
0.01072
0.0107
0.01067
0.01065
0.01063
0.0106
0.01059
0.01057
0.01057
0.01055
0.01055
0.01054
0.01055
0.01054
0.01054
0.01053
0.01053
0.01053
0.01053
0.01053
0.01053
0.01051
0.01051
0.01049
0.01049
0.01046
0.01045
0.01042
0.0104
0.01037
0.01034
0.0103
0.01026
0.01022
0.01018
0.01014
0.01009
0.01003
0.00998
0.00993
0.00988
0.00981
0.00976
0.00969
0.00964
0.00958
0.00952
0.00947
0.00941
0.00936
0.00931
0.00926
0.00921
0.00915
0.00911
0.00907
0.00903
0.00898
0.00894
0.0089
0.00887
0.00882
0.00878
0.00874
0.00869
0.00865
0.00861
0.00856
0.00851
0.00845
0.00841
0.00834
0.00829
0.00822
0.00816
0.00808
0.00802
0.00794
0.00786
0.00778
0.0077
0.00761
0.00753
0.00745
0.00737
0.00727
0.0072
0.00711
0.00704
0.00695
0.00688
0.0068
0.00674
0.00667
0.0066
0.00654
0.00648
0.00643
0.00638
0.00634
0.0063
0.00625
0.00622
0.00619
0.00616
0.00613
0.00611
0.00608
0.00608
0.00605
0.00604
0.00602
0.006
0.00599
0.00598
0.00597
0.00597
0.00594
0.00594
0.00593
0.00592
0.00591
0.0059
0.00589
0.00589
0.00588
0.00588
0.00587
0.00587
0.00587
0.00587
0.00588
0.00589
0.00589
0.0059
0.0059
0.00593
0.00593
0.00595
0.00596
0.00599
0.00601
0.00603
0.00605
0.00607
0.0061
0.00612
0.00615
0.00618
0.00619
0.00622
0.00624
0.00626
0.00628
0.0063
0.00631
0.00634
0.00635
0.00636
0.00637
0.00638
0.00639
0.00641
0.00642
0.00643
0.00642
0.00644
0.00644
0.00645
0.00645
0.00646
0.00646
0.00647
0.00647
0.00647
0.00647
0.00648
0.00648
0.00649
0.00649
0.0065
0.00649
0.0065
0.0065
0.00651
0.0065
0.0065
0.00649
0.0065
0.00649
0.00648
0.00647
0.00645
0.00644
0.00643
0.00641
0.00639
0.00636
0.00634
0.00631
0.00629
0.00626
0.00623
0.00619
0.00616
0.00612
0.00608
0.00604
0.00599
0.00595
0.00592
0.00587
0.00583
0.00578
0.00574
0.00569
0.00566
0.00561
0.00557
0.00553
0.00549
0.00545
0.00541
0.00538
0.00534
0.00531
0.00528
0.00525
0.00523
0.00519
0.00518
0.00515
0.00514
0.00511
0.0051
0.00507
0.00507
0.00505
0.00503
0.00502
0.005
0.00499
0.00498
0.00497
0.00496
0.00494
0.00494
0.00492
0.00491
0.00489
0.00488
0.00486
0.00486
0.00484
0.00483
0.00481
0.0048
0.00479
0.00478
0.00477
0.00477
0.00475
0.00475
0.00474
0.00475
0.00474
0.00475
0.00475
0.00477
0.00478
0.00479
0.00481
0.00483
0.00485
0.00487
0.00491
0.00494
0.00496
0.005
0.00502
0.00507
0.00509
0.00513
0.00516
0.0052
0.00522
0.00525
0.00527
0.00529
0.00532
0.00533
0.00535
0.00536
0.00535
0.00536
0.00535
0.00535
0.00532
0.00531
0.00528
0.00527
0.00523
0.0052
0.00516
0.00512
0.00509
0.00505
0.00501
0.00497
0.00492
0.00489
0.00484
0.00482
0.00478
0.00475
0.00471
0.0047
0.00467
0.00465
0.00463
0.00462
0.00461
0.00461
0.00461
0.00461
0.00461
0.00463
0.00463
0.00465
0.00466
0.00468
0.00469
0.00472
0.00474
0.00476
0.00477
0.00479
0.00481
0.00483
0.00485
0.00487
0.00487
0.00489
0.0049
0.00492
0.00492
0.00493
0.00493
0.00495
0.00495
0.00495
0.00495
0.00495
0.00496
0.00496
0.00497
0.00498
0.00497
0.00498
0.00498
0.005
0.005
0.00501
0.00501
0.00504
0.00504
0.00505
0.00506
0.00508
0.00509
0.00511
0.00513
0.00515
0.00516
0.00518
0.0052
0.00522
0.00523
0.00525
0.00526
0.00529
0.0053
0.00532
0.00533
0.00535
0.00536
0.00538
0.0054
0.00541
0.00542
0.00544
0.00545
0.00547
0.00548
0.00549
0.0055
0.00552
0.00553
0.00554
0.00555
0.00556
0.00557
0.00558
0.00559
0.0056
0.0056
0.00561
0.00561
0.00562
0.00561
0.00562
0.00561
0.00562
0.00561
0.0056
0.00559
0.00557
0.00556
0.00555
0.00554
0.00553
0.00549
0.00549
0.00546
0.00545
0.00542
0.00541
0.00538
0.00537
0.00535
0.00533
0.00531
0.00529
0.00528
0.00527
0.00525
0.00525
0.00523
0.00523
0.00522
0.00523
0.00522
0.00523
0.00522
0.00523
0.00523
0.00523
0.00524
0.00524
0.00525
0.00525
0.00526
0.00527
0.00526
0.00527
0.00526
0.00527
0.00525
0.00525
0.00523
0.00523
0.00522
0.0052
0.00518
0.00516
0.00514
0.00512
0.00509
0.00507
0.00504
0.00501
0.00498
0.00496
0.00492
0.0049
0.00486
0.00485
0.00482
0.00479
0.00477
0.00474
0.00473
0.00471
0.0047
0.00469
0.00467
0.00467
0.00466
0.00466
0.00466
0.00466
0.00466
0.00468
0.00468
0.00469
0.0047
0.00471
0.00472
0.00474
0.00475
0.00478
0.00478
0.00481
0.00482
0.00484
0.00485
0.00487
0.00488
0.00491
0.00492
0.00494
0.00495
0.00496
0.00498
0.00499
0.00501
0.00503
0.00503
0.00505
0.00506
0.00508
0.00508
0.0051
0.0051
0.00512
0.00513
0.00514
0.00515
0.00516
0.00517
0.00518
0.00519
0.0052
0.0052
0.00521
0.00521
0.00522
0.00521
0.00522
0.00521
0.00521
0.0052
0.00519
0.00518
0.00516
0.00515
0.00513
0.0051
0.00508
0.00504
0.00502
0.00497
0.00494
0.00489
0.00485
0.00479
0.00475
0.00469
0.00463
0.00457
0.0045
0.00443
0.00437
0.0043
0.00423
0.00415
0.00408
0.004
0.00393
0.00385
0.00378
0.0037
0.00364
0.00356
0.00349
0.00342
0.00334
0.00328
0.00322
0.00316
0.0031
0.00304
0.00299
0.00293
0.00289
0.00284
0.0028
0.00276
0.00273
0.00269
0.00266
0.00263
0.0026
0.00258
0.00256
0.00254
0.00253
0.00251
0.00251
0.00249
0.00249
0.00248
0.00248
0.00247
0.00248
0.00248
0.00248
0.00247
0.00247
0.00248
0.00248
0.00249
0.0025
0.00249
0.0025
0.0025
0.00251
0.00251
0.00251
0.00251
0.00252
0.00251
0.00251
0.00251
0.00251
0.00251
0.00251
0.0025
0.0025
0.00249
0.00249
0.00248
0.00248
0.00247
0.00247
0.00246
0.00247
0.00246
0.00246
0.00245
0.00245
0.00245
0.00246
0.00246
0.00247
0.00246
0.00248
0.00248
0.0025
0.0025
0.00252
0.00253
0.00255
0.00256
0.00258
0.00259
0.00261
0.00263
0.00265
0.00267
0.0027
0.00271
0.00274
0.00275
0.00278
0.00279
0.00281
0.00282
0.00285
0.00287
0.00288
0.0029
0.00291
0.00293
0.00295
0.00297
0.00299
0.003
0.00302
0.00303
0.00306
0.00307
0.0031
0.00311
0.00315
0.00317
0.0032
0.00323
0.00326
0.0033
0.00334
0.00338
0.00343
0.00346
0.00352
0.00357
0.00363
0.00368
0.00375
0.0038
0.00388
0.00394
0.00401
0.00408
0.00415
0.00423
0.0043
0.00439
0.00447
0.00454
0.00463
0.0047
0.00479
0.00486
0.00495
0.00502
0.00511
0.00518
0.00526
0.00533
0.0054
0.00548
0.00555
0.00562
0.00569
0.00574
0.00581
0.00586
0.00593
0.00598
0.00603
0.00608
0.00613
0.00618
0.00622
0.00626
0.0063
0.00634
0.00638
0.00641
0.00645
0.00647
0.00651
0.00652
0.00656
0.00657
0.00659
0.0066
0.00663
0.00663
0.00664
0.00664
0.00664
0.00664
0.00664
0.00663
0.00662
0.00659
0.00658
0.00655
0.00654
0.00651
0.00648
0.00644
0.00641
0.00637
0.00634
0.00629
0.00626
0.00622
0.00619
0.00615
0.00612
0.00608
0.00606
0.00603
0.00601
0.00598
0.00597
0.00595
0.00595
0.00595
0.00595
0.00595
0.00596
0.00597
0.00599
0.00602
0.00604
0.00606
0.0061
0.00612
0.00616
0.00618
0.00622
0.00624
0.00628
0.00631
0.00633
0.00636
0.00638
0.0064
0.00642
0.00644
0.00645
0.00645
0.00646
0.00646
0.00647
0.00646
0.00646
0.00644
0.00645
0.00643
0.00642
0.00641
0.00639
0.00639
0.00638
0.00637
0.00637
0.00635
0.00636
0.00635
0.00636
0.00635
0.00636
0.00635
0.00636
0.00637
0.00637
0.00638
0.00638
0.00639
0.00641
0.00641
0.00642
0.00642
0.00643
0.00643
0.00644
0.00643
0.00643
0.00642
0.00642
0.00641
0.00639
0.00637
0.00636
0.00634
0.00632
0.00629
0.00627
0.00623
0.00621
0.00617
0.00614
0.0061
0.00607
0.00602
0.00599
0.00595
0.0059
0.00586
0.00582
0.00577
0.00573
0.00569
0.00565
0.00559
0.00555
0.0055
0.00546
0.0054
0.00536
0.0053
0.00527
0.00521
0.00516
0.0051
0.00505
0.005
0.00496
0.0049
0.00486
0.0048
0.00476
0.0047
0.00466
0.00461
0.00457
0.00452
0.00448
0.00443
0.00439
0.00435
0.00431
0.00427
0.00424
0.0042
0.00417
0.00412
0.00409
0.00405
0.00402
0.00398
0.00394
0.0039
0.00386
0.00382
0.00377
0.00372
0.00367
0.00362
0.00357
0.00352
0.00347
0.0034
0.00335
0.00329
0.00323
0.00316
0.00311
0.00303
0.00298
0.00292
0.00286
0.0028
0.00274
0.00269
0.00264
0.00259
0.00255
0.0025
0.00248
0.00244
0.00242
0.00239
0.00238
0.00236
0.00237
0.00237
0.00238
0.00238
0.0024
0.00242
0.00245
0.00247
0.00251
0.00253
0.00258
0.00261
0.00265
0.00268
0.00272
0.00275
0.0028
0.00282
0.00285
0.00288
0.0029
0.00292
0.00294
0.00295
0.00296
0.00295
0.00295
0.00294
0.00294
0.00291
0.0029
0.00287
0.00285
0.00282
0.00278
0.00275
0.00271
0.00268
0.00264
0.00261
0.00258
0.00254
0.00252
0.00248
0.00247
0.00244
0.00243
0.0024
0.00241
0.0024
0.00239
0.00239
0.0024
0.00241
0.00242
0.00244
0.00246
0.00247
0.00251
0.00253
0.00256
0.00258
0.00261
0.00263
0.00267
0.00269
0.00271
0.00274
0.00276
0.00278
0.0028
0.00281
0.00284
0.00284
0.00285
0.00286
0.00287
0.00287
0.00288
0.00287
0.00289
0.00288
0.00289
0.00288
0.00288
0.00289
0.0029
0.0029
0.00291
0.00291
0.00293
0.00293
0.00296
0.00297
0.00299
0.003
0.00303
0.00306
0.00308
0.00311
0.00314
0.00318
0.00321
0.00325
0.00329
0.00332
0.00337
0.00341
0.00346
0.00349
0.00355
0.00359
0.00364
0.00368
0.00373
0.00378
0.00383
0.00388
0.00394
0.00399
0.00405
0.00409
0.00416
0.00421
0.00427
0.00432
0.00438
0.00443
0.0045
0.00455
0.00461
0.00467
0.00473
0.00479
0.00485
0.00491
0.00497
0.00502
0.00509
0.00514
0.0052
0.00525
0.0053
0.00535
0.00541
0.00545
0.00549
0.00554
0.00558
0.00562
0.00566
0.00569
0.00574
0.00576
0.00579
0.00582
0.00585
0.00587
0.00589
0.0059
0.00593
0.00594
0.00595
0.00596
0.00597
0.00598
0.00598
0.00599
0.006
0.00598
0.00599
0.00598
0.00599
0.00598
0.00598
0.00597
0.00597
0.00596
0.00595
0.00594
0.00593
0.00593
0.00593
0.00592
0.00592
0.00591
0.00591
0.0059
0.00591
0.0059
0.0059
0.0059
0.00591
0.0059
0.0059
0.0059
0.0059
0.00591
0.00592
0.00592
0.00592
0.00592
0.00592
0.00592
0.00592
0.00591
0.00592
0.0059
0.0059
0.00589
0.00588
0.00586
0.00584
0.00583
0.00581
0.00579
0.00577
0.00573
0.00571
0.00568
0.00566
0.00562
0.00559
0.00555
0.00552
0.00548
0.00545
0.00541
0.00537
0.00534
0.0053
0.00527
0.00524
0.00519
0.00517
0.00513
0.0051
0.00506
0.00503
0.00499
0.00497
0.00494
0.0049
0.00487
0.00484
0.00481
0.00478
0.00475
0.00472
0.00468
0.00465
0.00462
0.00459
0.00455
0.00453
0.00448
0.00447
0.00443
0.0044
0.00437
0.00433
0.0043
0.00428
0.00426
0.00424
0.0042
0.00419
0.00416
0.00415
0.00413
0.00412
0.00409
0.00409
0.00408
0.00408
0.00406
0.00406
0.00406
0.00406
0.00406
0.00406
0.00406
0.00406
0.00406
0.00407
0.00406
0.00407
0.00406
0.00407
0.00406
0.00406
0.00404
0.00404
0.00403
0.00402
0.00401
0.004
0.00397
0.00396
0.00393
0.00392
0.00389
0.00387
0.00383
0.00382
0.00378
0.00375
0.00372
0.00368
0.00366
0.00363
0.0036
0.00357
0.00352
0.0035
0.00346
0.00344
0.0034
0.00337
0.00333
0.00331
0.00328
0.00325
0.00321
0.00318
0.00316
0.00313
0.0031
0.00308
0.00304
0.00302
0.00298
0.00297
0.00293
0.00291
0.00287
0.00286
0.00283
0.0028
0.00278
0.00276
0.00274
0.00272
0.00271
0.0027
0.00267
0.00267
0.00266
0.00266
0.00266
0.00266
0.00266
0.00267
0.00268
0.00269
0.00271
0.00272
0.00275
0.00278
0.00281
0.00285
0.00287
0.00292
0.00295
0.003
0.00304
0.00309
0.00313
0.00319
0.00324
0.00329
0.00334
0.00339
0.00345
0.00351
0.00357
0.00363
0.00367
0.00373
0.00378
0.00385
0.0039
0.00396
0.00401
0.00407
0.00412
0.00417
0.00422
0.00427
0.00433
0.00439
0.00443
0.00449
0.00453
0.00458
0.00463
0.00468
0.00472
0.00477
0.0048
0.00485
0.00488
0.00492
0.00495
0.00498
0.00501
0.00504
0.00507
0.00509
0.0051
0.00512
0.00513
0.00515
0.00515
0.00516
0.00515
0.00517
0.00515
0.00515
0.00514
0.00513
0.00512
0.00512
0.0051
0.0051
0.00507
0.00507
0.00505
0.00504
0.00502
0.00501
0.00499
0.00499
0.00497
0.00496
0.00495
0.00494
0.00493
0.00492
0.00491
0.00491
0.00489
0.00489
0.00487
0.00487
0.00484
0.00483
0.00481
0.0048
0.00477
0.00475
0.00472
0.00469
0.00466
0.00462
0.00458
0.00455
0.0045
0.00446
0.0044
0.00436
0.0043
0.00426
0.00419
0.00415
0.00409
0.00404
0.00399
0.00394
0.0039
0.00385
0.00381
0.00378
0.00373
0.00371
0.00368
0.00366
0.00364
0.00362
0.0036
0.0036
0.0036
0.00359
0.00359
0.00359
0.00359
0.0036
0.0036
0.00361
0.00361
0.00362
0.00361
0.00362
0.00361
0.00361
0.00359
0.00359
0.00357
0.00355
0.00353
0.00351
0.00348
0.00345
0.00342
0.00339
0.00334
0.00332
0.00328
0.00325
0.00321
0.00318
0.00314
0.00312
0.0031
0.00308
0.00306
0.00305
0.00304
0.00305
0.00305
0.00307
0.00308
0.00311
0.00314
0.00318
0.00321
0.00327
0.00331
0.00337
0.00343
0.00349
0.00355
0.00362
0.00369
0.00376
0.00383
0.0039
0.00396
0.00403
0.00409
0.00416
0.00422
0.00428
0.00433
0.0044
0.00444
0.00449
0.00453
0.00458
0.00462
0.00466
0.0047
0.00474
0.00477
0.00481
0.00484
0.00488
0.0049
0.00494
0.00496
0.005
0.00502
0.00505
0.00507
0.00509
0.00512
0.00515
0.00517
0.00519
0.0052
0.00522
0.00523
0.00525
0.00525
0.00526
0.00525
0.00526
0.00525
0.00524
0.00523
0.00521
0.00519
0.00517
0.00515
0.00512
0.00508
0.00505
0.00502
0.00499
0.00494
0.00491
0.00487
0.00484
0.00481
0.00477
0.00474
0.00471
0.00468
0.00466
0.00464
0.00463
0.00461
0.0046
0.0046
0.0046
0.00459
0.0046
0.0046
0.00463
0.00463
0.00465
0.00467
0.00469
0.00471
0.00474
0.00476
0.00479
0.00481
0.00484
0.00486
0.0049
0.00491
0.00494
0.00495
0.00498
0.00499
0.00501
0.00502
0.00503
0.00504
0.00505
0.00506
0.00507
0.00506
0.00506
0.00505
0.00506
0.00505
0.00504
0.00503
0.00503
0.00501
0.005
0.00499
0.00497
0.00496
0.00495
0.00494
0.00493
0.00491
0.0049
0.00489
0.00488
0.00486
0.00486
0.00484
0.00484
0.00483
0.00483
0.00482
0.00481
0.00481
0.00482
0.00482
0.00483
0.00482
0.00484
0.00484
0.00486
0.00487
0.00489
0.0049
0.00493
0.00494
0.00497
0.00499
0.00501
0.00504
0.00507
0.0051
0.00513
0.00515
0.00519
0.00521
0.00525
0.00527
0.0053
0.00531
0.00534
0.00536
0.00537
0.00538
0.00539
0.0054
0.00541
0.00541
0.00541
0.00539
0.00539
0.00537
0.00536
0.00533
0.00531
0.00527
0.00525
0.00521
0.00518
0.00514
0.00509
0.00505
0.00502
0.00497
0.00494
0.00489
0.00486
0.00481
0.00478
0.00474
0.00471
0.00468
0.00466
0.00463
0.0046
0.00458
0.00456
0.00454
0.00453
0.00452
0.00452
0.0045
0.0045
0.00448
0.00449
0.00447
0.00447
0.00446
0.00447
0.00445
0.00445
0.00444
0.00443
0.00442
0.00441
0.00439
0.00439
0.00435
0.00434
0.00432
0.0043
0.00427
0.00426
0.00422
0.00421
0.00418
0.00416
0.00413
0.0041
0.00408
0.00406
0.00404
0.00402
0.00399
0.00398
0.00396
0.00395
0.00393
0.00392
0.0039
0.0039
0.00389
0.00388
0.00387
0.00386
0.00386
0.00386
0.00385
0.00385
0.00384
0.00384
0.00383
0.00384
0.00383
0.00383
0.00381
0.00382
0.00381
0.0038
0.00379
0.00378
0.00378
0.00377
0.00377
0.00376
0.00375
0.00375
0.00373
0.00374
0.00373
0.00373
0.00372
0.00373
0.00373
0.00373
0.00373
0.00373
0.00374
0.00375
0.00376
0.00378
0.00378
0.0038
0.00381
0.00383
0.00384
0.00386
0.00387
0.0039
0.00391
0.00393
0.00395
0.00397
0.00399
0.00402
0.00404
0.00407
0.00408
0.00411
0.00413
0.00416
0.00418
0.00421
0.00422
0.00426
0.00428
0.0043
0.00433
0.00435
0.00438
0.00441
0.00444
0.00447
0.00449
0.00453
0.00455
0.00459
0.00461
0.00465
0.00466
0.00471
0.00473
0.00476
0.00479
0.00481
0.00484
0.00487
0.0049
0.00493
0.00494
0.00497
0.00499
0.00502
0.00503
0.00505
0.00506
0.00509
0.00509
0.0051
0.0051
0.00511
0.00511
0.00511
0.00511
0.00511
0.00509
0.00509
0.00507
0.00506
0.00503
0.00501
0.00498
0.00496
0.00493
0.0049
0.00486
0.00483
0.00479
0.00476
0.00472
0.00468
0.00463
0.0046
0.00455
0.00452
0.00447
0.00443
0.00438
0.00435
0.0043
0.00426
0.00422
0.00417
0.00414
0.00411
0.00407
0.00404
0.00399
0.00396
0.00393
0.0039
0.00386
0.00384
0.0038
0.00378
0.00375
0.00372
0.00369
0.00367
0.00364
0.00362
0.0036
0.00359
0.00355
0.00355
0.00352
0.00352
0.00349
0.00349
0.00347
0.00347
0.00346
0.00345
0.00345
0.00344
0.00344
0.00345
0.00346
0.00347
0.00347
0.00349
0.00349
0.00351
0.00352
0.00354
0.00355
0.00358
0.0036
0.00362
0.00364
0.00366
0.00368
0.00371
0.00373
0.00375
0.00377
0.00379
0.00381
0.00383
0.00384
0.00386
0.00387
0.0039
0.00391
0.00392
0.00393
0.00393
0.00395
0.00396
0.00396
0.00398
0.00398
0.00399
0.00399
0.00401
0.00401
0.00402
0.00402
0.00404
0.00405
0.00406
0.00408
0.00409
0.00411
0.00413
0.00415
0.00418
0.0042
0.00423
0.00426
0.0043
0.00432
0.00436
0.00439
0.00443
0.00447
0.00451
0.00454
0.00458
0.00462
0.00466
0.0047
0.00474
0.00477
0.00482
0.00484
0.00489
0.00491
0.00494
0.00496
0.005
0.00502
0.00504
0.00506
0.00507
0.00509
0.00511
0.00512
0.00514
0.00514
0.00516
0.00517
0.00518
0.00518
0.0052
0.0052
0.00523
0.00523
0.00525
0.00526
0.00527
0.00529
0.00532
0.00533
0.00536
0.00537
0.00541
0.00543
0.00546
0.00548
0.00551
0.00553
0.00557
0.00559
0.00562
0.00565
0.00567
0.0057
0.00572
0.00575
0.00577
0.00578
0.00581
0.00582
0.00584
0.00584
0.00586
0.00586
0.00588
0.00588
0.00588
0.00589
0.00589
0.00589
0.00589
0.00589
0.0059
0.00589
0.0059
0.00589
0.0059
0.00589
0.0059
0.00589
0.0059
0.00589
0.00589
0.00589
0.00588
0.00588
0.00587
0.00586
0.00586
0.00584
0.00583
0.0058
0.00579
0.00576
0.00574
0.00571
0.00568
0.00564
0.00561
0.00557
0.00553
0.00549
0.00545
0.0054
0.00536
0.0053
0.00526
0.00521
0.00517
0.00512
0.00508
0.00502
0.00499
0.00494
0.0049
0.00486
0.00482
0.00479
0.00476
0.00472
0.0047
0.00466
0.00463
0.0046
0.00458
0.00454
0.00452
0.00448
0.00447
0.00443
0.0044
0.00437
0.00434
0.00431
0.00428
0.00425
0.00422
0.00418
0.00416
0.00412
0.00409
0.00405
0.00402
0.00398
0.00396
0.00393
0.0039
0.00387
0.00384
0.00382
0.0038
0.00379
0.00378
0.00375
0.00375
0.00374
0.00374
0.00373
0.00373
0.00373
0.00374
0.00374
0.00375
0.00375
0.00375
0.00377
0.00378
0.00379
0.00381
0.00381
0.00383
0.00384
0.00386
0.00386
0.00388
0.00388
0.00391
0.00391
0.00393
0.00394
0.00395
0.00397
0.00399
0.004
0.00403
0.00403
0.00406
0.00408
0.0041
0.00412
0.00414
0.00416
0.0042
0.00422
0.00424
0.00426
0.00429
0.00431
0.00434
0.00437
0.00439
0.0044
0.00443
0.00445
0.00447
0.00448
0.0045
0.00451
0.00453
0.00453
0.00454
0.00454
0.00455
0.00455
0.00455
0.00455
0.00456
0.00455
0.00455
0.00454
0.00455
0.00454
0.00454
0.00453
0.00454
0.00454
0.00454
0.00454
0.00454
0.00455
0.00456
0.00457
0.00459
0.00459
0.00461
0.00462
0.00465
0.00466
0.00468
0.0047
0.00473
0.00475
0.00478
0.0048
0.00482
0.00485
0.00488
0.00491
0.00494
0.00496
0.00499
0.00501
0.00504
0.00505
0.00508
0.00509
0.00512
0.00513
0.00514
0.00515
0.00516
0.00517
0.00518
0.00518
0.00518
0.00518
0.00518
0.00517
0.00517
0.00515
0.00515
0.00513
0.00512
0.0051
0.00509
0.00506
0.00504
0.00502
0.00501
0.00499
0.00497
0.00494
0.00493
0.00491
0.00489
0.00487
0.00486
0.00484
0.00484
0.00483
0.00481
0.00481
0.0048
0.0048
0.0048
0.0048
0.00481
0.0048
0.00481
0.00481
0.00483
0.00483
0.00484
0.00483
0.00485
0.00485
0.00486
0.00486
0.00486
0.00487
0.00487
0.00487
0.00488
0.00486
0.00487
0.00486
0.00486
0.00484
0.00484
0.00481
0.00481
0.00479
0.00478
0.00475
0.00473
0.00471
0.0047
0.00467
0.00466
0.00462
0.00461
0.00458
0.00457
0.00453
0.00452
0.00448
0.00447
0.00445
0.00442
0.0044
0.00438
0.00436
0.00435
0.00433
0.00432
0.0043
0.0043
0.00429
0.00429
0.00427
0.00428
0.00427
0.00429
0.00429
0.00429
0.0043
0.00432
0.00434
0.00436
0.00438
0.00441
0.00443
0.00446
0.00449
0.00453
0.00456
0.0046
0.00463
0.00467
0.00471
0.00474
0.00478
0.00481
0.00485
0.00489
0.00492
0.00495
0.00497
0.00501
0.00502
0.00505
0.00506
0.00508
0.00509
0.00511
0.00511
0.00512
0.00512
0.00512
0.00512
0.00512
0.00511
0.00511
0.00509
0.00509
0.00508
0.00508
0.00506
0.00506
0.00504
0.00504
0.00503
0.00502
0.00501
0.005
0.00499
0.00499
0.00498
0.00498
0.00496
0.00496
0.00496
0.00496
0.00494
0.00494
0.00493
0.00494
0.00492
0.00492
0.00491
0.00491
0.00491
0.00491
0.0049
0.00491
0.00489
0.0049
0.0049
0.00491
0.0049
0.00491
0.0049
0.00491
0.00491
0.00492
0.00492
0.00492
0.00493
0.00494
0.00494
0.00496
0.00495
0.00496
0.00496
0.00496
0.00496
0.00496
0.00494
0.00495
0.00494
0.00492
0.00491
0.00489
0.00487
0.00486
0.00484
0.00482
0.00479
0.00477
0.00474
0.00472
0.00469
0.00466
0.00463
0.00461
0.00459
0.00457
0.00454
0.00452
0.0045
0.00449
0.00447
0.00447
0.00445
0.00445
0.00444
0.00444
0.00443
0.00444
0.00443
0.00444
0.00444
0.00445
0.00445
0.00445
0.00445
0.00446
0.00447
0.00447
0.00447
0.00447
0.00447
0.00447
0.00447
0.00447
0.00446
0.00447
0.00445
0.00445
0.00444
0.00443
0.00443
0.00443
0.00443
0.00443
0.00442
0.00442
0.00441
0.00442
0.00441
0.00442
0.00441
0.00442
0.00442
0.00441
0.00441
0.00441
0.00441
0.0044
0.0044
0.0044
0.00438
0.00438
0.00436
0.00435
0.00432
0.00431
0.00428
0.00426
0.00423
0.00419
0.00416
0.00412
0.00409
0.00405
0.00401
0.00398
0.00393
0.0039
0.00385
0.00383
0.00378
0.00375
0.00371
0.00369
0.00366
0.00363
0.00361
0.00359
0.00357
0.00356
0.00355
0.00355
0.00353
0.00354
0.00354
0.00355
0.00354
0.00355
0.00356
0.00358
0.00359
0.0036
0.00361
0.00362
0.00364
0.00366
0.00368
0.0037
0.00371
0.00373
0.00375
0.00378
0.00379
0.00382
0.00383
0.00386
0.00388
0.00391
0.00393
0.00396
0.00399
0.00402
0.00405
0.00409
0.00411
0.00416
0.00419
0.00424
0.00427
0.00431
0.00435
0.0044
0.00444
0.00448
0.00452
0.00457
0.00461
0.00466
0.0047
0.00475
0.00478
0.00483
0.00486
0.0049
0.00493
0.00497
0.00499
0.00503
0.00505
0.00507
0.00509
0.00511
0.00513
0.00515
0.00516
0.00518
0.00518
0.0052
0.0052
0.00521
0.0052
0.00521
0.0052
0.0052
0.0052
0.00519
0.00518
0.00517
0.00517
0.00516
0.00515
0.00514
0.00512
0.00511
0.00509
0.00508
0.00505
0.00504
0.00502
0.00501
0.00498
0.00496
0.00493
0.00491
0.00488
0.00486
0.00483
0.00481
0.00477
0.00475
0.00471
0.00469
0.00465
0.00462
0.00458
0.00456
0.00452
0.00449
0.00445
0.00442
0.00439
0.00436
0.00433
0.0043
0.00427
0.00425
0.00422
0.00421
0.00418
0.00417
0.00414
0.00414
0.00413
0.00412
0.00411
0.00411
0.00411
0.00411
0.00412
0.00413
0.00413
0.00415
0.00416
0.00418
0.00418
0.00421
0.00421
0.00424
0.00425
0.00427
0.00428
0.00429
0.00431
0.00432
0.00434
0.00435
0.00435
0.00437
0.00437
0.00439
0.00438
0.00439
0.00439
0.0044
0.0044
0.00441
0.00441
0.00441
0.00442
0.00443
0.00443
0.00445
0.00444
0.00446
0.00447
0.00448
0.00449
0.00451
0.00452
0.00454
0.00456
0.00458
0.00459
0.00461
0.00463
0.00466
0.00468
0.00471
0.00473
0.00476
0.00478
0.00481
0.00483
0.00486
0.00487
0.00491
0.00492
0.00495
0.00497
0.005
0.00502
0.00505
0.00507
0.0051
0.00512
0.00515
0.00517
0.00519
0.0052
0.00523
0.00524
0.00527
0.00527
0.00528
0.00529
0.00529
0.00529
0.00529
0.00529
0.00528
0.00526
0.00525
0.00522
0.0052
0.00516
0.00513
0.00508
0.00505
0.005
0.00495
0.00489
0.00484
0.00479
0.00473
0.00468
0.00463
0.00457
0.00452
0.00446
0.00442
0.00437
0.00433
0.00429
0.00426
0.00423
0.0042
0.00418
0.00416
0.00415
0.00414
0.00414
0.00414
0.00414
0.00415
0.00415
0.00416
0.00416
0.00418
0.00418
0.0042
0.0042
0.0042
0.0042
0.0042
0.0042
0.00419
0.00419
0.00418
0.00415
0.00414
0.00411
0.0041
0.00406
0.00404
0.004
0.00398
0.00395
0.00392
0.00389
0.00386
0.00383
0.00382
0.00379
0.00378
0.00376
0.00375
0.00374
0.00375
0.00374
0.00375
0.00375
0.00377
0.00378
0.00379
0.0038
0.00382
0.00384
0.00386
0.00388
0.00391
0.00392
0.00394
0.00395
0.00397
0.00397
0.00398
0.00397
0.00398
0.00397
0.00396
0.00395
0.00393
0.00391
0.0039
0.00387
0.00385
0.00381
0.00379
0.00376
0.00373
0.0037
0.00368
0.00364
0.00363
0.0036
0.00358
0.00355
0.00354
0.00353
0.00352
0.00351
0.00351
0.0035
0.00351
0.00351
0.00352
0.00352
0.00354
0.00354
0.00356
0.00356
0.00357
0.00358
0.00359
0.0036
0.00361
0.00361
0.00362
0.00361
0.00362
0.00361
0.00361
0.00359
0.00359
0.00357
0.00356
0.00354
0.00352
0.0035
0.00348
0.00346
0.00344
0.00342
0.00341
0.00338
0.00337
0.00336
0.00336
