2.70563146813862E+02

0.00371
0.00373
0.00377
0.0038
0.00384
0.00388
0.00391
0.00395
0.00399
0.00404
0.00409
0.00414
0.00419
0.00423
0.00429
0.00434
0.00439
0.00443
0.00449
0.00453
0.00459
0.00463
0.00467
0.00471
0.00475
0.00479
0.00483
0.00487
0.00491
0.00493
0.00497
0.00499
0.00502
0.00504
0.00506
0.00507
0.0051
0.00512
0.00513
0.00515
0.00516
0.00517
0.00519
0.0052
0.00522
0.00522
0.00524
0.00525
0.00527
0.00527
0.00528
0.00528
0.0053
0.00531
0.00532
0.00532
0.00532
0.00533
0.00534
0.00534
0.00534
0.00533
0.00533
0.00532
0.00531
0.00529
0.00528
0.00525
0.00523
0.0052
0.00517
0.00514
0.0051
0.00506
0.00502
0.00498
0.00494
0.00488
0.00484
0.00478
0.00474
0.00468
0.00463
0.00457
0.00453
0.00447
0.00442
0.00436
0.00431
0.00427
0.00422
0.00418
0.00414
0.00409
0.00406
0.00402
0.00399
0.00395
0.00392
0.00389
0.00387
0.00384
0.00382
0.00379
0.00377
0.00375
0.00373
0.00371
0.0037
0.00367
0.00366
0.00364
0.00363
0.00361
0.0036
0.00357
0.00357
0.00354
0.00353
0.00351
0.00349
0.00347
0.00346
0.00344
0.00343
0.00341
0.0034
0.00338
0.00337
0.00336
0.00335
0.00333
0.00333
0.00332
0.00331
0.00331
0.0033
0.0033
0.00331
0.00331
0.00332
0.00331
0.00333
0.00333
0.00334
0.00335
0.00336
0.00337
0.00339
0.0034
0.00342
0.00343
0.00344
0.00346
0.00348
0.00349
0.00352
0.00352
0.00354
0.00355
0.00357
0.00358
0.00359
0.00359
0.00361
0.00362
0.00362
0.00363
0.00363
0.00364
0.00364
0.00364
0.00365
0.00364
0.00365
0.00364
0.00365
0.00364
0.00365
0.00364
0.00365
0.00365
0.00365
0.00365
0.00365
0.00366
0.00367
0.00367
0.00369
0.00369
0.00371
0.00372
0.00374
0.00375
0.00377
0.00378
0.00381
0.00382
0.00384
0.00386
0.00388
0.0039
0.00393
0.00395
0.00397
0.00398
0.00401
0.00402
0.00405
0.00406
0.00407
0.00408
0.0041
0.0041
0.00411
0.00411
0.00411
0.00411
0.00411
0.0041
0.0041
0.00408
0.00407
0.00405
0.00404
0.00402
0.00401
0.00398
0.00397
0.00394
0.00391
0.00389
0.00386
0.00383
0.00381
0.00378
0.00376
0.00372
0.0037
0.00367
0.00365
0.00362
0.0036
0.00357
0.00356
0.00353
0.00351
0.00349
0.00347
0.00345
0.00344
0.00342
0.00342
0.00339
0.00339
0.00338
0.00338
0.00337
0.00337
0.00336
0.00337
0.00337
0.00337
0.00337
0.00338
0.00339
0.00341
0.00342
0.00344
0.00344
0.00347
0.00349
0.00352
0.00353
0.00356
0.00358
0.00362
0.00365
0.00368
0.00371
0.00374
0.00377
0.00381
0.00385
0.00389
0.00391
0.00396
0.00399
0.00404
0.00407
0.00411
0.00414
0.00419
0.00422
0.00426
0.00429
0.00432
0.00436
0.0044
0.00443
0.00447
0.0045
0.00454
0.00457
0.0046
0.00463
0.00466
0.00469
0.00473
0.00475
0.00478
0.00481
0.00483
0.00486
0.00488
0.00491
0.00493
0.00494
0.00497
0.00498
0.00501
0.00501
0.00503
0.00503
0.00505
0.00505
0.00506
0.00506
0.00506
0.00506
0.00506
0.00505
0.00505
0.00503
0.00503
0.00501
0.00501
0.00498
0.00497
0.00495
0.00494
0.00491
0.00489
0.00487
0.00484
0.00482
0.0048
0.00478
0.00476
0.00473
0.00471
0.00468
0.00466
0.00463
0.00461
0.00458
0.00457
0.00454
0.00452
0.00448
0.00446
0.00443
0.00441
0.00439
0.00436
0.00432
0.0043
0.00427
0.00424
0.00421
0.00417
0.00414
0.00411
0.00407
0.00403
0.00399
0.00395
0.00392
0.00388
0.00384
0.00381
0.00376
0.00373
0.00369
0.00366
0.00362
0.00359
0.00355
0.00353
0.0035
0.00347
0.00344
0.00342
0.0034
0.00339
0.00337
0.00336
0.00334
0.00334
0.00333
0.00333
0.00332
0.00332
0.00331
0.00332
0.00332
0.00332
0.00332
0.00331
0.00332
0.00332
0.00332
0.00332
0.00331
0.00331
0.0033
0.0033
0.00328
0.00328
0.00326
0.00325
0.00323
0.00322
0.0032
0.00318
0.00316
0.00315
0.00313
0.00312
0.00309
0.00308
0.00307
0.00307
0.00305
0.00305
0.00304
0.00305
0.00305
0.00306
0.00307
0.00308
0.0031
0.00313
0.00316
0.0032
0.00322
0.00327
0.00331
0.00336
0.0034
0.00345
0.0035
0.00356
0.00361
0.00367
0.00372
0.00377
0.00382
0.00388
0.00393
0.00398
0.00401
0.00407
0.0041
0.00414
0.00417
0.0042
0.00422
0.00425
0.00426
0.00428
0.00429
0.00429
0.00429
0.0043
0.00429
0.00429
0.00428
0.00427
0.00426
0.00426
0.00423
0.00422
0.0042
0.00419
0.00417
0.00416
0.00414
0.00413
0.00412
0.00411
0.0041
0.0041
0.00408
0.00408
0.00407
0.00408
0.00407
0.00408
0.00407
0.00408
0.00408
0.00408
0.00409
0.00409
0.0041
0.00411
0.00412
0.00414
0.00414
0.00416
0.00416
0.00418
0.00419
0.00421
0.00421
0.00424
0.00424
0.00426
0.00427
0.00428
0.0043
0.00432
0.00433
0.00435
0.00436
0.00438
0.00439
0.00441
0.00442
0.00444
0.00444
0.00447
0.00447
0.00448
0.00448
0.00449
0.0045
0.00451
0.00451
0.00452
0.00451
0.00451
0.0045
0.00451
0.0045
0.0045
0.00448
0.00448
0.00447
0.00446
0.00445
0.00443
0.00443
0.00442
0.00441
0.00441
0.00439
0.00439
0.00438
0.00439
0.00438
0.00438
0.00437
0.00439
0.00439
0.00439
0.00439
0.0044
0.0044
0.00442
0.00442
0.00443
0.00443
0.00445
0.00445
0.00446
0.00446
0.00447
0.00446
0.00447
0.00447
0.00446
0.00445
0.00444
0.00443
0.00442
0.00441
0.0044
0.00437
0.00435
0.00432
0.0043
0.00427
0.00425
0.00421
0.00419
0.00415
0.00412
0.00408
0.00404
0.00401
0.00398
0.00395
0.00392
0.00388
0.00385
0.00381
0.00378
0.00374
0.00371
0.00367
0.00365
0.00361
0.00357
0.00354
0.0035
0.00347
0.00344
0.0034
0.00337
0.00332
0.00329
0.00325
0.00322
0.00317
0.00313
0.00309
0.00306
0.00301
0.00297
0.00293
0.00289
0.00285
0.00282
0.00278
0.00275
0.0027
0.00267
0.00264
0.00262
0.00258
0.00256
0.00253
0.00253
0.0025
0.00249
0.00247
0.00246
0.00246
0.00246
0.00246
0.00247
0.00246
0.00248
0.00249
0.00251
0.00252
0.00254
0.00256
0.00259
0.00261
0.00263
0.00266
0.00268
0.00271
0.00274
0.00277
0.0028
0.00282
0.00285
0.00287
0.00291
0.00293
0.00295
0.00297
0.003
0.00302
0.00303
0.00305
0.00306
0.00308
0.0031
0.00311
0.00312
0.00312
0.00314
0.00315
0.00316
0.00316
0.00318
0.00318
0.0032
0.0032
0.00321
0.00321
0.00322
0.00323
0.00325
0.00326
0.00328
0.00328
0.00329
0.0033
0.00332
0.00333
0.00334
0.00334
0.00336
0.00336
0.00337
0.00337
0.00337
0.00337
0.00337
0.00337
0.00336
0.00334
0.00334
0.00332
0.00331
0.00328
0.00326
0.00323
0.00321
0.00318
0.00315
0.00312
0.00309
0.00307
0.00304
0.00301
0.00299
0.00296
0.00294
0.00292
0.00291
0.00289
0.00288
0.00287
0.00287
0.00287
0.00287
0.00287
0.00288
0.0029
0.00292
0.00293
0.00296
0.00297
0.003
0.00303
0.00306
0.00308
0.00311
0.00313
0.00316
0.00318
0.0032
0.00322
0.00324
0.00325
0.00327
0.00328
0.00329
0.00329
0.00331
0.00331
0.00331
0.00331
0.00331
0.0033
0.00331
0.0033
0.0033
0.00329
0.00329
0.0033
0.0033
0.00331
0.00332
0.00332
0.00334
0.00335
0.00337
0.00339
0.00341
0.00343
0.00346
0.00349
0.00352
0.00355
0.00358
0.00361
0.00365
0.00368
0.00373
0.00375
0.0038
0.00382
0.00386
0.00389
0.00393
0.00395
0.00399
0.00402
0.00405
0.00408
0.0041
0.00413
0.00416
0.00419
0.00423
0.00426
0.0043
0.00432
0.00437
0.0044
0.00445
0.00449
0.00455
0.0046
0.00466
0.00471
0.00478
0.00485
0.00492
0.005
0.00509
0.00516
0.00526
0.00534
0.00545
0.00554
0.00564
0.00574
0.00586
0.00597
0.00608
0.0062
0.00632
0.00644
0.00657
0.0067
0.00684
0.00696
0.00711
0.00724
0.00739
0.00753
0.00768
0.00783
0.00799
0.00815
0.00831
0.00847
0.00864
0.00881
0.00899
0.00917
0.00936
0.00954
0.00973
0.00992
0.01013
0.01032
0.01052
0.01072
0.01094
0.01115
0.01136
0.01157
0.01179
0.01201
0.01223
0.01246
0.01268
0.0129
0.01314
0.01336
0.0136
0.01382
0.01405
0.01428
0.01452
0.01474
0.01498
0.01521
0.01544
0.01567
0.0159
0.01613
0.01636
0.01658
0.01681
0.01703
0.01726
0.01748
0.0177
0.0179
0.01813
0.01833
0.01854
0.01873
0.01893
0.01912
0.01931
0.0195
0.01968
0.01985
0.02003
0.02019
0.02036
0.02052
0.02068
0.02082
0.02098
0.02113
0.02127
0.02141
0.02155
0.0217
0.02184
0.02198
0.02212
0.02226
0.0224
0.02254
0.02268
0.02282
0.02297
0.02311
0.02327
0.02341
0.02356
0.02371
0.02385
0.02401
0.02416
0.02431
0.02447
0.02461
0.02476
0.02491
0.02506
0.02519
0.02534
0.02547
0.02561
0.02574
0.02587
0.02599
0.0261
0.02622
0.02632
0.02643
0.02653
0.02661
0.02671
0.02678
0.02686
0.02693
0.027
0.02705
0.02712
0.02717
0.02722
0.02726
0.0273
0.02734
0.02738
0.02741
0.02744
0.02746
0.02749
0.02751
0.02754
0.02755
0.02757
0.02757
0.0276
0.0276
0.02762
0.02762
0.02763
0.02764
0.02765
0.02766
0.02767
0.02767
0.02768
0.02769
0.0277
0.0277
0.02771
0.02771
0.02772
0.02773
0.02773
0.02773
0.02774
0.02775
0.02775
0.02776
0.02777
0.02776
0.02777
0.02777
0.02777
0.02776
0.02777
0.02775
0.02776
0.02774
0.02773
0.02772
0.0277
0.02768
0.02767
0.02764
0.02762
0.02759
0.02756
0.02752
0.02749
0.02744
0.0274
0.02735
0.02731
0.02725
0.0272
0.02714
0.02708
0.02702
0.02696
0.02689
0.02683
0.02676
0.02669
0.02662
0.02655
0.02648
0.02641
0.02633
0.02627
0.0262
0.02612
0.02605
0.02598
0.02591
0.02585
0.02578
0.02571
0.02564
0.02558
0.02551
0.02545
0.02538
0.02532
0.02525
0.02519
0.02513
0.02506
0.025
0.02493
0.02487
0.0248
0.02474
0.02468
0.0246
0.02454
0.02446
0.02439
0.02431
0.02424
0.02416
0.02408
0.024
0.02391
0.02382
0.02373
0.02364
0.02354
0.02344
0.02334
0.02323
0.02312
0.02301
0.0229
0.02277
0.02266
0.02253
0.02241
0.02227
0.02214
0.02201
0.02187
0.02173
0.0216
0.02146
0.02132
0.02116
0.02103
0.02088
0.02074
0.02059
0.02045
0.0203
0.02016
0.02001
0.01987
0.01973
0.01958
0.01944
0.0193
0.01917
0.01903
0.01889
0.01876
0.01862
0.01849
0.01836
0.01823
0.01809
0.01797
0.01784
0.01771
0.01759
0.01746
0.01734
0.01722
0.01711
0.01699
0.01687
0.01677
0.01665
0.01655
0.01644
0.01635
0.01624
0.01615
0.01606
0.01597
0.01588
0.0158
0.01572
0.01564
0.01557
0.01551
0.01543
0.01537
0.01531
0.01526
0.0152
0.01515
0.01509
0.01505
0.01499
0.01494
0.01489
0.01484
0.0148
0.01475
0.0147
0.01466
0.01459
0.01455
0.01449
0.01444
0.01438
0.01433
0.01426
0.01421
0.01414
0.01408
0.01402
0.01395
0.01389
0.01383
0.01376
0.0137
0.01362
0.01357
0.0135
0.01344
0.01337
0.01331
0.01324
0.01319
0.01312
0.01306
0.013
0.01294
0.01288
0.01282
0.01276
0.01271
0.01264
0.01258
0.01252
0.01246
0.01239
0.01232
0.01225
0.01219
0.01211
0.01203
0.01196
0.01188
0.0118
0.01172
0.01164
0.01156
0.01146
0.01139
0.0113
0.01122
0.01112
0.01104
0.01094
0.01087
0.01078
0.0107
0.01061
0.01053
0.01045
0.01037
0.0103
0.01023
0.01015
0.01009
0.01001
0.00995
0.00988
0.00983
0.00976
0.00971
0.00965
0.0096
0.00954
0.00949
0.00944
0.0094
0.00935
0.00931
0.00926
0.00922
0.00918
0.00915
0.0091
0.00907
0.00902
0.00899
0.00895
0.00892
0.00888
0.00885
0.00882
0.00879
0.00876
0.00874
0.00871
0.00869
0.00866
0.00864
0.00862
0.0086
0.00858
0.00857
0.00855
0.00854
0.00852
0.00851
0.0085
0.0085
0.00849
0.00849
0.00849
0.00849
0.00849
0.0085
0.0085
0.00851
0.00852
0.00854
0.00855
0.00856
0.00858
0.00859
0.00861
0.00864
0.00866
0.00868
0.00869
0.00872
0.00874
0.00876
0.00877
0.00879
0.0088
0.00882
0.00882
0.00883
0.00883
0.00883
0.00882
0.00882
0.0088
0.00879
0.00876
0.00874
0.00871
0.00868
0.00864
0.0086
0.00855
0.00851
0.00845
0.0084
0.00834
0.00828
0.00823
0.00817
0.00811
0.00806
0.00799
0.00794
0.00788
0.00784
0.00778
0.00774
0.00768
0.00765
0.00761
0.00757
0.00753
0.0075
0.00748
0.00745
0.00743
0.00742
0.00739
0.00738
0.00736
0.00735
0.00733
0.00732
0.0073
0.0073
0.00727
0.00726
0.00724
0.00722
0.0072
0.00718
0.00716
0.00713
0.00709
0.00707
0.00703
0.00699
0.00695
0.00691
0.00685
0.00681
0.00676
0.0067
0.00665
0.00659
0.00653
0.00647
0.00641
0.00636
0.00628
0.00623
0.00616
0.00611
0.00604
0.00598
0.00592
0.00587
0.00581
0.00576
0.0057
0.00564
0.0056
0.00556
0.00551
0.00548
0.00543
0.0054
0.00536
0.00534
0.00531
0.00528
0.00525
0.00524
0.00522
0.0052
0.00518
0.00516
0.00515
0.00514
0.00513
0.00512
0.0051
0.00509
0.00507
0.00507
0.00504
0.00503
0.00501
0.005
0.00497
0.00495
0.00492
0.0049
0.00488
0.00486
0.00483
0.00481
0.00478
0.00476
0.00473
0.00471
0.00468
0.00467
0.00464
0.00463
0.00461
0.0046
0.00459
0.00458
0.00458
0.00458
0.00459
0.0046
0.0046
0.00461
0.00462
0.00465
0.00466
0.00468
0.0047
0.00473
0.00474
0.00477
0.00479
0.00481
0.00483
0.00486
0.00488
0.0049
0.00491
0.00493
0.00494
0.00496
0.00496
0.00498
0.00497
0.00499
0.00499
0.00499
0.00499
0.00498
0.00498
0.00498
0.00497
0.00497
0.00496
0.00496
0.00494
0.00494
0.00492
0.00492
0.00491
0.00491
0.00489
0.00488
0.00487
0.00486
0.00485
0.00484
0.00483
0.00482
0.0048
0.00479
0.00477
0.00476
0.00474
0.00473
0.0047
0.00469
0.00467
0.00465
0.00463
0.00461
0.00459
0.00458
0.00456
0.00455
0.00453
0.00452
0.00451
0.00451
0.00449
0.0045
0.00449
0.0045
0.0045
0.0045
0.00451
0.00452
0.00453
0.00455
0.00457
0.00458
0.00459
0.00462
0.00463
0.00466
0.00467
0.0047
0.00471
0.00473
0.00474
0.00476
0.00477
0.00478
0.00479
0.00481
0.00481
0.00483
0.00483
0.00484
0.00484
0.00486
0.00486
0.00487
0.00487
0.00489
0.0049
0.00491
0.00492
0.00494
0.00496
0.00498
0.00501
0.00503
0.00505
0.00509
0.00511
0.00515
0.00518
0.00522
0.00524
0.00529
0.00532
0.00535
0.00538
0.00541
0.00544
0.00547
0.00549
0.00552
0.00553
0.00555
0.00556
0.00558
0.00558
0.00558
0.00558
0.00559
0.00558
0.00557
0.00556
0.00555
0.00554
0.00554
0.00553
0.00552
0.0055
0.00551
0.00549
0.0055
0.00549
0.00549
0.00549
0.0055
0.00551
0.00552
0.00553
0.00554
0.00556
0.00558
0.00559
0.00562
0.00563
0.00566
0.00567
0.0057
0.00571
0.00573
0.00574
0.00576
0.00576
0.00577
0.00577
0.00576
0.00576
0.00576
0.00575
0.00574
0.00571
0.00569
0.00566
0.00564
0.00561
0.00558
0.00554
0.00551
0.00546
0.00543
0.00538
0.00534
0.00531
0.00527
0.00523
0.0052
0.00515
0.00513
0.00509
0.00507
0.00503
0.00501
0.00498
0.00497
0.00494
0.00492
0.0049
0.00488
0.00487
0.00486
0.00485
0.00484
0.00482
0.00482
0.0048
0.0048
0.00478
0.00478
0.00476
0.00477
0.00475
0.00474
0.00473
0.00472
0.00471
0.00471
0.0047
0.0047
0.00468
0.00468
0.00468
0.00468
0.00467
0.00467
0.00466
0.00467
0.00467
0.00467
0.00468
0.00468
0.00469
0.0047
0.00471
0.00473
0.00473
0.00474
0.00475
0.00478
0.00478
0.0048
0.00481
0.00483
0.00484
0.00485
0.00486
0.00486
0.00487
0.00488
0.00489
0.00489
0.00489
0.00489
0.00489
0.00489
0.00488
0.00488
0.00487
0.00487
0.00486
0.00484
0.00483
0.00482
0.00481
0.0048
0.00478
0.00478
0.00475
0.00475
0.00473
0.00472
0.0047
0.0047
0.00468
0.00467
0.00465
0.00464
0.00463
0.00461
0.0046
0.00459
0.00458
0.00457
0.00455
0.00454
0.00452
0.00452
0.00449
0.00448
0.00446
0.00445
0.00443
0.00442
0.0044
0.00438
0.00436
0.00435
0.00433
0.00432
0.0043
0.00429
0.00427
0.00427
0.00426
0.00425
0.00424
0.00424
0.00423
0.00423
0.00423
0.00422
0.00423
0.00424
0.00424
0.00425
0.00424
0.00426
0.00426
0.00428
0.00427
0.00429
0.00429
0.0043
0.0043
0.00431
0.00431
0.00431
0.00431
0.00431
0.00431
0.00431
0.00429
0.00429
0.00428
0.00428
0.00426
0.00425
0.00423
0.00422
0.00421
0.00419
0.00417
0.00415
0.00414
0.00413
0.00411
0.00411
0.00408
0.00408
0.00406
0.00406
0.00405
0.00405
0.00404
0.00404
0.00404
0.00404
0.00404
0.00404
0.00405
0.00406
0.00407
0.00408
0.00408
0.0041
0.00411
0.00413
0.00413
0.00415
0.00415
0.00417
0.00418
0.00419
0.00421
0.00421
0.00422
0.00424
0.00425
0.00426
0.00426
0.00427
0.00427
0.00429
0.00429
0.0043
0.00429
0.00431
0.00431
0.00432
0.00432
0.00432
0.00434
0.00435
0.00436
0.00437
0.00438
0.0044
0.00441
0.00443
0.00444
0.00447
0.00448
0.00452
0.00454
0.00457
0.00459
0.00462
0.00465
0.00468
0.00471
0.00475
0.00478
0.00481
0.00484
0.00488
0.0049
0.00494
0.00496
0.00499
0.00501
0.00503
0.00505
0.00506
0.00508
0.0051
0.0051
0.00512
0.00511
0.00512
0.00511
0.00511
0.0051
0.00509
0.00507
0.00507
0.00505
0.00503
0.00501
0.00499
0.00497
0.00495
0.00493
0.00491
0.00488
0.00487
0.00484
0.00483
0.0048
0.00478
0.00476
0.00474
0.00472
0.0047
0.00468
0.00466
0.00464
0.00463
0.00461
0.00459
0.00456
0.00455
0.00452
0.00451
0.00448
0.00446
0.00443
0.00441
0.00438
0.00435
0.00432
0.00429
0.00427
0.00424
0.00421
0.00419
0.00415
0.00413
0.00409
0.00407
0.00403
0.00401
0.00398
0.00396
0.00393
0.00391
0.00388
0.00386
0.00385
0.00384
0.00382
0.00382
0.0038
0.0038
0.00379
0.0038
0.00379
0.0038
0.0038
0.00382
0.00382
0.00383
0.00384
0.00386
0.00388
0.0039
0.00393
0.00396
0.00398
0.00401
0.00404
0.00408
0.00411
0.00415
0.00418
0.00423
0.00427
0.00431
0.00435
0.00439
0.00444
0.00449
0.00454
0.00459
0.00463
0.00469
0.00473
0.00479
0.00483
0.00488
0.00492
0.00499
0.00503
0.00508
0.00512
0.00517
0.00522
0.00527
0.00531
0.00536
0.0054
0.00545
0.00549
0.00555
0.00559
0.00564
0.00568
0.00574
0.00578
0.00583
0.00587
0.00592
0.00597
0.00603
0.00608
0.00614
0.00618
0.00625
0.0063
0.00636
0.00641
0.00647
0.00652
0.00659
0.00664
0.00669
0.00674
0.0068
0.00685
0.0069
0.00695
0.00699
0.00703
0.00708
0.00711
0.00715
0.00717
0.0072
0.00721
0.00724
0.00725
0.00726
0.00727
0.00727
0.00727
0.00727
0.00726
0.00726
0.00724
0.00723
0.0072
0.00719
0.00716
0.00714
0.00711
0.00709
0.00705
0.00703
0.00699
0.00696
0.00693
0.0069
0.00688
0.00685
0.00681
0.00679
0.00676
0.00675
0.00671
0.0067
0.00667
0.00666
0.00663
0.00662
0.0066
0.00658
0.00656
0.00655
0.00654
0.00653
0.00651
0.00651
0.00649
0.00648
0.00646
0.00645
0.00643
0.00643
0.00641
0.00639
0.00637
0.00635
0.00633
0.00632
0.00629
0.00628
0.00624
0.00623
0.00619
0.00617
0.00613
0.00611
0.00607
0.00605
0.006
0.00597
0.00593
0.00589
0.00586
0.00582
0.00579
0.00576
0.00571
0.00568
0.00564
0.00562
0.00558
0.00556
0.00552
0.00551
0.00548
0.00546
0.00544
0.00543
0.00542
0.00541
0.00541
0.00541
0.00541
0.00542
0.00543
0.00545
0.00546
0.00549
0.00551
0.00555
0.00557
0.00561
0.00564
0.00567
0.00572
0.00576
0.0058
0.00585
0.00588
0.00593
0.00596
0.00601
0.00604
0.00608
0.00611
0.00615
0.00618
0.00621
0.00623
0.00625
0.00627
0.00629
0.00631
0.00633
0.00633
0.00634
0.00634
0.00636
0.00636
0.00636
0.00636
0.00637
0.00637
0.00637
0.00637
0.00637
0.00637
0.00638
0.00639
0.0064
0.00639
0.00641
0.00641
0.00642
0.00643
0.00644
0.00644
0.00647
0.00647
0.00648
0.00649
0.00649
0.0065
0.00651
0.00651
0.00652
0.00651
0.00652
0.00651
0.00651
0.0065
0.00649
0.00647
0.00647
0.00645
0.00643
0.00641
0.00639
0.00637
0.00635
0.00633
0.00631
0.00627
0.00625
0.00622
0.00621
0.00617
0.00615
0.00612
0.0061
0.00607
0.00605
0.00602
0.00599
0.00597
0.00595
0.00592
0.0059
0.00586
0.00584
0.00581
0.00579
0.00575
0.00572
0.00568
0.00566
0.00561
0.00558
0.00554
0.00549
0.00545
0.00541
0.00537
0.00533
0.00528
0.00524
0.00519
0.00516
0.00511
0.00507
0.00502
0.00499
0.00495
0.00492
0.00488
0.00485
0.00483
0.00481
0.00479
0.00478
0.00476
0.00475
0.00474
0.00474
0.00474
0.00474
0.00474
0.00476
0.00476
0.00478
0.00479
0.0048
0.00482
0.00484
0.00486
0.00488
0.00489
0.00491
0.00492
0.00495
0.00496
0.00498
0.00499
0.00501
0.00502
0.00504
0.00504
0.00505
0.00507
0.00508
0.00509
0.0051
0.0051
0.00512
0.00513
0.00515
0.00515
0.00517
0.00517
0.0052
0.00521
0.00522
0.00524
0.00525
0.00527
0.00529
0.00531
0.00533
0.00534
0.00536
0.00537
0.0054
0.0054
0.00542
0.00542
0.00544
0.00544
0.00545
0.00545
0.00544
0.00544
0.00544
0.00543
0.00542
0.0054
0.00539
0.00536
0.00535
0.00532
0.00529
0.00525
0.00523
0.0052
0.00517
0.00513
0.00509
0.00506
0.00503
0.005
0.00497
0.00493
0.00491
0.00487
0.00486
0.00482
0.00481
0.00478
0.00477
0.00474
0.00473
0.00472
0.00471
0.0047
0.0047
0.00469
0.0047
0.00468
0.00469
0.00469
0.0047
0.00469
0.0047
0.0047
0.00471
0.00471
0.00472
0.00473
0.00473
0.00474
0.00475
0.00476
0.00477
0.00477
0.00479
0.00479
0.00481
0.00481
0.00483
0.00483
0.00486
0.00486
0.00487
0.00489
0.0049
0.00492
0.00494
0.00496
0.00498
0.00499
0.00502
0.00503
0.00506
0.00507
0.0051
0.00511
0.00514
0.00515
0.00517
0.00518
0.0052
0.00522
0.00523
0.00525
0.00526
0.00526
0.00528
0.00528
0.00528
0.00528
0.00528
0.00527
0.00528
0.00527
0.00525
0.00524
0.00522
0.00521
0.0052
0.00518
0.00516
0.00513
0.00512
0.00509
0.00507
0.00504
0.00501
0.00498
0.00496
0.00493
0.0049
0.00487
0.00484
0.00482
0.0048
0.00477
0.00475
0.00472
0.0047
0.00468
0.00466
0.00463
0.00461
0.00459
0.00458
0.00455
0.00453
0.00451
0.00449
0.00447
0.00446
0.00443
0.00442
0.00439
0.00437
0.00435
0.00433
0.0043
0.00427
0.00424
0.00422
0.00418
0.00415
0.00412
0.00408
0.00404
0.00401
0.00397
0.00394
0.00389
0.00385
0.0038
0.00377
0.00372
0.00367
0.00362
0.00358
0.00353
0.00348
0.00342
0.00337
0.00333
0.00328
0.00322
0.00317
0.00311
0.00306
0.003
0.00295
0.00289
0.00284
0.00277
0.00272
0.00266
0.0026
0.00254
0.00248
0.00242
0.00237
0.00231
0.00226
0.0022
0.00215
0.00209
0.00205
0.002
0.00196
0.00191
0.00189
0.00185
0.00182
0.00179
0.00177
0.00175
0.00174
0.00174
0.00174
0.00173
0.00175
0.00176
0.00178
0.0018
0.00184
0.00186
0.00191
0.00195
0.00199
0.00204
0.0021
0.00216
0.00222
0.00228
0.00236
0.00242
0.0025
0.00257
0.00265
0.00272
0.0028
0.00287
0.00296
0.00303
0.00311
0.00318
0.00325
0.00333
0.00341
0.00348
0.00356
0.00362
0.00369
0.00375
0.00383
0.00388
0.00395
0.004
0.00407
0.00412
0.00417
0.00422
0.00427
0.00432
0.00437
0.00441
0.00446
0.0045
0.00455
0.00458
0.00463
0.00466
0.00471
0.00474
0.00479
0.00483
0.00487
0.00491
0.00495
0.00499
0.00504
0.00509
0.00514
0.00517
0.00523
0.00527
0.00533
0.00537
0.00543
0.00548
0.00554
0.00558
0.00563
0.00568
0.00573
0.00578
0.00583
0.00587
0.00592
0.00595
0.006
0.00603
0.00607
0.00608
0.00611
0.00612
0.00614
0.00615
0.00615
0.00615
0.00614
0.00613
0.00611
0.0061
0.00607
0.00603
0.00601
0.00597
0.00593
0.00588
0.00584
0.00578
0.00574
0.00568
0.00562
0.00556
0.0055
0.00545
0.00539
0.00533
0.00528
0.00522
0.00517
0.00511
0.00507
0.00501
0.00497
0.00491
0.00488
0.00483
0.00479
0.00476
0.00472
0.00469
0.00466
0.00463
0.00461
0.00458
0.00457
0.00454
0.00453
0.00451
0.0045
0.00447
0.00447
0.00445
0.00445
0.00443
0.00442
0.00442
0.00441
0.0044
0.0044
0.00438
0.00438
0.00437
0.00437
0.00435
0.00435
0.00433
0.00433
0.00432
0.0043
0.00429
0.00427
0.00426
0.00425
0.00424
0.00422
0.0042
0.00419
0.00417
0.00416
0.00413
0.00412
0.00409
0.00409
0.00406
0.00405
0.00403
0.00401
0.00399
0.00398
0.00396
0.00396
0.00393
0.00393
0.00391
0.0039
0.00388
0.00388
0.00386
0.00386
0.00385
0.00384
0.00383
0.00382
0.00381
0.0038
0.0038
0.00379
0.00377
0.00377
0.00375
0.00375
0.00373
0.00373
0.00371
0.00371
0.0037
0.00368
0.00367
0.00366
0.00365
0.00365
0.00364
0.00364
0.00362
0.00362
0.00361
0.00362
0.00361
0.00362
0.00361
0.00362
0.00363
0.00364
0.00364
0.00365
0.00367
0.00369
0.00371
0.00374
0.00375
0.00378
0.00381
0.00385
0.00387
0.0039
0.00393
0.00398
0.004
0.00404
0.00408
0.00411
0.00415
0.00419
0.00422
0.00426
0.00429
0.00432
0.00435
0.00439
0.00441
0.00444
0.00446
0.00449
0.0045
0.00452
0.00453
0.00454
0.00455
0.00455
0.00455
0.00455
0.00453
0.00453
0.00451
0.0045
0.00447
0.00445
0.00442
0.0044
0.00436
0.00433
0.00429
0.00424
0.00421
0.00417
0.00413
0.00409
0.00404
0.004
0.00396
0.00393
0.00388
0.00385
0.0038
0.00378
0.00375
0.00372
0.00369
0.00367
0.00365
0.00364
0.00363
0.00362
0.0036
0.0036
0.0036
0.0036
0.0036
0.0036
0.0036
0.00362
0.00362
0.00362
0.00363
0.00364
0.00365
0.00366
0.00367
0.00368
0.00368
0.0037
0.0037
0.00372
0.00372
0.00374
0.00374
0.00376
0.00376
0.00377
0.00378
0.00379
0.0038
0.00382
0.00383
0.00385
0.00386
0.00389
0.0039
0.00393
0.00394
0.00397
0.00398
0.00402
0.00404
0.00406
0.00408
0.00411
0.00414
0.00416
0.00419
0.00422
0.00423
0.00427
0.00428
0.00431
0.00432
0.00435
0.00436
0.00439
0.0044
0.00441
0.00442
0.00443
0.00445
0.00446
0.00447
0.00448
0.00448
0.0045
0.0045
0.00452
0.00452
0.00453
0.00453
0.00455
0.00455
0.00456
0.00457
0.00457
0.00458
0.00459
0.0046
0.00461
0.00461
0.00463
0.00463
0.00464
0.00464
0.00465
0.00464
0.00465
0.00465
0.00465
0.00464
0.00463
0.00462
0.00461
0.0046
0.0046
0.00457
0.00456
0.00453
0.00452
0.00449
0.00448
0.00445
0.00443
0.0044
0.00438
0.00435
0.00432
0.0043
0.00428
0.00426
0.00425
0.00422
0.00421
0.00418
0.00417
0.00416
0.00415
0.00413
0.00413
0.00412
0.00411
0.0041
0.00409
0.00409
0.00409
0.00408
0.00408
0.00407
0.00407
0.00406
0.00406
0.00405
0.00405
0.00403
0.00403
0.00402
0.00401
0.00399
0.00397
0.00396
0.00395
0.00393
0.00392
0.00389
0.00388
0.00386
0.00385
0.00383
0.00382
0.00379
0.00378
0.00377
0.00375
0.00374
0.00373
0.00372
0.00372
0.00372
0.00372
0.0037
0.00371
0.00371
0.00372
0.00372
0.00373
0.00373
0.00375
0.00375
0.00376
0.00377
0.00378
0.00379
0.00381
0.00382
0.00383
0.00383
0.00385
0.00386
0.00388
0.00388
0.0039
0.0039
0.00391
0.00392
0.00393
0.00393
0.00393
0.00394
0.00395
0.00396
0.00396
0.00396
0.00397
0.00397
0.00398
0.00398
0.00399
0.00398
0.004
0.004
0.004
0.004
0.004
0.00401
0.00402
0.00402
0.00403
0.00403
0.00404
0.00404
0.00406
0.00406
0.00408
0.00408
0.0041
0.00411
0.00413
0.00414
0.00416
0.00418
0.0042
0.00422
0.00426
0.00427
0.00431
0.00434
0.00438
0.0044
0.00444
0.00447
0.00452
0.00455
0.00459
0.00462
0.00466
0.0047
0.00473
0.00477
0.00481
0.00483
0.00486
0.00488
0.00491
0.00493
0.00495
0.00496
0.00498
0.00498
0.00499
0.00499
0.00498
0.00498
0.00498
0.00497
0.00496
0.00494
0.00493
0.00491
0.00489
0.00487
0.00485
0.00482
0.00481
0.00479
0.00477
0.00474
0.00473
0.00471
0.0047
0.00469
0.00468
0.00466
0.00466
0.00465
0.00465
0.00464
0.00465
0.00464
0.00466
0.00465
0.00466
0.00466
0.00467
0.00468
0.00469
0.0047
0.00471
0.00471
0.00473
0.00474
0.00475
0.00476
0.00477
0.00477
0.00479
0.00479
0.00479
0.0048
0.0048
0.00481
0.00481
0.00482
0.00483
0.00482
0.00483
0.00483
0.00484
0.00483
0.00484
0.00484
0.00485
0.00484
0.00484
0.00484
0.00484
0.00484
0.00484
0.00484
0.00484
0.00483
0.00483
0.00481
0.00481
0.0048
0.00479
0.00477
0.00477
0.00475
0.00474
0.00472
0.0047
0.00468
0.00466
0.00465
0.00463
0.0046
0.00458
0.00456
0.00455
0.00452
0.00451
0.00448
0.00447
0.00445
0.00444
0.00442
0.00441
0.0044
0.00439
0.00439
0.00439
0.00437
0.00438
0.00437
0.00438
0.00438
0.00439
0.00438
0.0044
0.0044
0.00441
0.00441
0.00442
0.00443
0.00444
0.00445
0.00446
0.00446
0.00447
0.00448
0.00449
0.00449
0.0045
0.0045
0.00452
0.00452
0.00453
0.00453
0.00453
0.00454
0.00455
0.00455
0.00457
0.00456
0.00458
0.00458
0.00459
0.00459
0.0046
0.0046
0.00461
0.00461
0.00461
0.00461
0.00461
0.00462
0.00462
0.00462
0.00462
0.00461
0.00461
0.0046
0.0046
0.00458
0.00457
0.00455
0.00455
0.00453
0.00451
0.00449
0.00447
0.00445
0.00443
0.00441
0.0044
0.00436
0.00435
0.00433
0.00432
0.00429
0.00428
0.00426
0.00425
0.00424
0.00422
0.00421
0.0042
0.0042
0.00419
0.00419
0.00419
0.00418
0.00419
0.00418
0.00419
0.00417
0.00418
0.00417
0.00417
0.00417
0.00416
0.00415
0.00414
0.00413
0.00413
0.00411
0.0041
0.00408
0.00406
0.00404
0.00403
0.00399
0.00398
0.00395
0.00393
0.0039
0.00387
0.00384
0.00381
0.00378
0.00376
0.00373
0.00371
0.00367
0.00365
0.00362
0.00361
0.00358
0.00356
0.00353
0.00352
0.0035
0.00348
0.00346
0.00344
0.00343
0.00342
0.00341
0.00341
0.00339
0.00339
0.00338
0.00339
0.00338
0.00339
0.00339
0.00341
0.00342
0.00343
0.00345
0.00347
0.0035
0.00353
0.00356
0.0036
0.00364
0.00369
0.00373
0.00379
0.00384
0.00391
0.00396
0.00404
0.0041
0.00417
0.00424
0.0043
0.00438
0.00445
0.00453
0.0046
0.00466
0.00474
0.0048
0.00487
0.00492
0.00499
0.00503
0.00509
0.00513
0.00517
0.00521
0.00524
0.00527
0.0053
0.00532
0.00534
0.00535
0.00537
0.00537
0.00539
0.00539
0.0054
0.00539
0.00541
0.0054
0.0054
0.0054
0.0054
0.00541
0.00541
0.00541
0.00543
0.00542
0.00543
0.00543
0.00545
0.00544
0.00545
0.00545
0.00546
0.00546
0.00546
0.00546
0.00546
0.00546
0.00546
0.00545
0.00545
0.00542
0.00541
0.00539
0.00538
0.00535
0.00533
0.00529
0.00527
0.00523
0.00519
0.00515
0.00511
0.00507
0.00503
0.00499
0.00495
0.0049
0.00486
0.00481
0.00478
0.00473
0.00469
0.00464
0.00461
0.00457
0.00453
0.00449
0.00445
0.00442
0.0044
0.00437
0.00434
0.0043
0.00429
0.00426
0.00424
0.00421
0.0042
0.00417
0.00417
0.00415
0.00414
0.00413
0.00411
0.00411
0.00411
0.00411
0.00412
0.00411
0.00413
0.00413
0.00415
0.00416
0.00418
0.0042
0.00423
0.00425
0.00428
0.00431
0.00434
0.00437
0.00441
0.00445
0.00449
0.00452
0.00456
0.0046
0.00464
0.00467
0.00471
0.00474
0.00478
0.00481
0.00484
0.00486
0.00489
0.00491
0.00494
0.00496
0.00498
0.00498
0.005
0.00501
0.00503
0.00503
0.00504
0.00504
0.00505
0.00505
0.00506
0.00506
0.00507
0.00507
0.00508
0.00509
0.0051
0.00509
0.00511
0.00512
0.00513
0.00514
0.00515
0.00515
0.00518
0.00519
0.0052
0.00522
0.00523
0.00525
0.00527
0.00528
0.00531
0.00532
0.00534
0.00536
0.00538
0.0054
0.00542
0.00543
0.00546
0.00547
0.00549
0.00551
0.00553
0.00554
0.00557
0.00558
0.00561
0.00561
0.00563
0.00564
0.00566
0.00567
0.00568
0.00569
0.0057
0.0057
0.00571
0.00571
0.0057
0.0057
0.0057
0.00569
0.00568
0.00566
0.00565
0.00563
0.00562
0.00559
0.00557
0.00554
0.00552
0.00549
0.00546
0.00543
0.0054
0.00538
0.00535
0.00533
0.00531
0.00527
0.00525
0.00523
0.00521
0.00518
0.00517
0.00514
0.00513
0.0051
0.00509
0.00507
0.00505
0.00503
0.00501
0.00499
0.00497
0.00494
0.00492
0.00489
0.00486
0.00482
0.00479
0.00474
0.00471
0.00466
0.00461
0.00456
0.0045
0.00445
0.0044
0.00434
0.00429
0.00422
0.00416
0.0041
0.00405
0.00398
0.00393
0.00387
0.00383
0.00377
0.00372
0.00368
0.00364
0.0036
0.00357
0.00354
0.00352
0.00349
0.00349
0.00347
0.00347
0.00345
0.00346
0.00345
0.00346
0.00346
0.00347
0.00348
0.00349
0.00351
0.00353
0.00354
0.00357
0.00357
0.0036
0.00361
0.00364
0.00365
0.00368
0.00369
0.00372
0.00374
0.00376
0.00378
0.0038
0.00382
0.00385
0.00387
0.0039
0.00391
0.00395
0.00396
0.00399
0.00401
0.00404
0.00406
0.0041
0.00412
0.00414
0.00416
0.00419
0.00421
0.00424
0.00427
0.00429
0.0043
0.00434
0.00435
0.00438
0.0044
0.00442
0.00443
0.00447
0.00448
0.0045
0.00451
0.00453
0.00455
0.00457
0.00459
0.00461
0.00462
0.00464
0.00465
0.00468
0.00469
0.00471
0.00471
0.00474
0.00475
0.00476
0.00477
0.00477
0.00478
0.00479
0.00479
0.00479
0.00478
0.00478
0.00477
0.00476
0.00474
0.00472
0.00469
0.00468
0.00464
0.0046
0.00457
0.00452
0.00448
0.00444
0.00439
0.00434
0.00428
0.00424
0.00418
0.00413
0.00407
0.00402
0.00396
0.00392
0.00386
0.00382
0.00377
0.00372
0.00368
0.00365
0.00361
0.00359
0.00355
0.00354
0.00351
0.0035
0.00348
0.00348
0.00347
0.00347
0.00347
0.00347
0.00347
0.00348
0.00349
0.00351
0.00352
0.00354
0.00354
0.00356
0.00357
0.00359
0.00359
0.00361
0.00361
0.00363
0.00364
0.00364
0.00364
0.00364
0.00365
0.00365
0.00365
0.00366
0.00365
0.00365
0.00364
0.00365
0.00364
0.00364
0.00362
0.00363
0.00363
0.00362
0.00362
0.00362
0.00363
0.00363
0.00364
0.00365
0.00365
0.00367
0.00368
0.0037
0.00371
0.00373
0.00374
0.00377
0.00379
0.00381
0.00383
0.00385
0.00388
0.0039
0.00393
0.00396
0.00397
0.004
0.00402
0.00406
0.00407
0.0041
0.00411
0.00415
0.00416
0.00419
0.00421
0.00422
0.00425
0.00427
0.00429
0.00432
0.00433
0.00436
0.00438
0.00441
0.00443
0.00446
0.00448
0.00452
0.00453
0.00457
0.00459
0.00462
0.00465
0.00468
0.00471
0.00475
0.00477
0.00481
0.00484
0.00487
0.0049
0.00493
0.00496
0.005
0.00502
0.00505
0.00507
0.00509
0.00512
0.00514
0.00516
0.00518
0.00519
0.00521
0.00522
0.00523
0.00523
0.00525
0.00524
0.00525
0.00525
0.00525
0.00524
0.00523
0.00522
0.00521
0.0052
0.00519
0.00516
0.00515
0.00512
0.00511
0.00508
0.00506
0.00502
0.00501
0.00498
0.00495
0.00492
0.00489
0.00487
0.00485
0.00483
0.00481
0.00478
0.00477
0.00475
0.00474
0.00472
0.00472
0.0047
0.00471
0.0047
0.00471
0.00471
0.00471
0.00472
0.00474
0.00475
0.00477
0.00478
0.0048
0.00482
0.00484
0.00486
0.00488
0.0049
0.00493
0.00494
0.00496
0.00498
0.005
0.00502
0.00504
0.00505
0.00507
0.00507
0.00509
0.00509
0.0051
0.0051
0.00511
0.0051
0.00512
0.00511
0.00511
0.00511
0.0051
0.00511
0.00511
0.00511
0.00512
0.0051
0.00512
0.00511
0.00512
0.00512
0.00513
0.00513
0.00515
0.00515
0.00516
0.00517
0.00518
0.00519
0.00521
0.00522
0.00524
0.00524
0.00527
0.00527
0.0053
0.0053
0.00532
0.00532
0.00535
0.00535
0.00536
0.00537
0.00538
0.00539
0.00541
0.00541
0.00543
0.00543
0.00544
0.00544
0.00546
0.00545
0.00546
0.00546
0.00548
0.00548
0.00548
0.00548
0.00548
0.00549
0.00549
0.00549
0.00549
0.00548
0.00549
0.00548
0.00548
0.00547
0.00546
0.00545
0.00544
0.00542
0.00541
0.00538
0.00536
0.00534
0.00532
0.00529
0.00527
0.00523
0.0052
0.00516
0.00514
0.00509
0.00506
0.00501
0.00498
0.00494
0.0049
0.00486
0.00481
0.00478
0.00474
0.0047
0.00466
0.00462
0.00459
0.00455
0.00453
0.00448
0.00446
0.00442
0.0044
0.00437
0.00435
0.00432
0.00429
0.00427
0.00425
0.00423
0.00421
0.00418
0.00417
0.00414
0.00413
0.00409
0.00408
0.00404
0.00403
0.004
0.00397
0.00394
0.00391
0.00388
0.00385
0.00382
0.00379
0.00375
0.00372
0.00368
0.00365
0.0036
0.00357
0.00353
0.00351
0.00346
0.00343
0.00339
0.00336
0.00333
0.00331
0.00328
0.00326
0.00323
0.00322
0.0032
0.00319
0.00317
0.00317
0.00316
0.00316
0.00316
0.00316
0.00317
0.00317
0.00319
0.0032
0.00322
0.00324
0.00326
0.00329
0.00331
0.00334
0.00337
0.0034
0.00343
0.00347
0.00351
0.00354
0.00358
0.00362
0.00366
0.00371
0.00375
0.0038
0.00384
0.0039
0.00394
0.004
0.00404
0.00411
0.00415
0.00422
0.00427
0.00433
0.00439
0.00444
0.00451
0.00457
0.00463
0.0047
0.00474
0.00481
0.00486
0.00493
0.00497
0.00503
0.00507
0.00514
0.00518
0.00522
0.00526
0.00529
0.00533
0.00536
0.00539
0.00542
0.00543
0.00546
0.00547
0.00549
0.00549
0.00551
0.00551
0.00552
0.00552
0.00552
0.00551
0.00551
0.00551
0.00551
0.0055
0.0055
0.00549
0.00549
0.00548
0.00549
0.00548
0.00548
0.00546
0.00547
0.00546
0.00546
0.00546
0.00545
0.00546
0.00546
0.00545
0.00546
0.00545
0.00545
0.00544
0.00545
