1.35322072308125E+03

0.00398
0.00391
0.00385
0.00379
0.00374
0.00368
0.00364
0.00359
0.00354
0.00351
0.00347
0.00344
0.00341
0.00338
0.00336
0.00334
0.00333
0.0033
0.00329
0.00327
0.00328
0.00326
0.00326
0.00325
0.00324
0.00324
0.00324
0.00324
0.00325
0.00324
0.00324
0.00324
0.00324
0.00324
0.00324
0.00323
0.00324
0.00323
0.00323
0.00322
0.00321
0.00321
0.00321
0.0032
0.00319
0.00317
0.00317
0.00315
0.00315
0.00313
0.00312
0.0031
0.00309
0.00307
0.00306
0.00304
0.00302
0.00301
0.003
0.00298
0.00297
0.00295
0.00295
0.00293
0.00293
0.00291
0.0029
0.00289
0.00289
0.00288
0.00288
0.00287
0.00286
0.00287
0.00287
0.00287
0.00287
0.00286
0.00287
0.00287
0.00287
0.00287
0.00288
0.00287
0.00289
0.00289
0.00289
0.0029
0.0029
0.00291
0.00292
0.00292
0.00294
0.00293
0.00295
0.00295
0.00297
0.00297
0.00299
0.00299
0.00301
0.00302
0.00303
0.00304
0.00305
0.00306
0.00308
0.00309
0.0031
0.0031
0.00312
0.00313
0.00315
0.00315
0.00316
0.00317
0.00319
0.0032
0.00321
0.00321
0.00323
0.00324
0.00326
0.00327
0.00329
0.0033
0.00333
0.00334
0.00337
0.00339
0.00342
0.00344
0.00349
0.00351
0.00355
0.00358
0.00362
0.00366
0.0037
0.00374
0.00379
0.00382
0.00387
0.00391
0.00396
0.004
0.00404
0.00408
0.00413
0.00416
0.0042
0.00424
0.00427
0.0043
0.00434
0.00437
0.0044
0.00442
0.00445
0.00447
0.0045
0.00452
0.00455
0.00456
0.0046
0.00461
0.00464
0.00466
0.00468
0.00471
0.00474
0.00477
0.00481
0.00483
0.00486
0.00489
0.00493
0.00496
0.00499
0.00502
0.00506
0.00509
0.00512
0.00515
0.00517
0.0052
0.00523
0.00525
0.00528
0.00528
0.00531
0.00532
0.00534
0.00535
0.00536
0.00536
0.00538
0.00538
0.00538
0.00539
0.00539
0.0054
0.00541
0.00542
0.00543
0.00543
0.00545
0.00546
0.00548
0.00549
0.00551
0.00552
0.00555
0.00556
0.00558
0.0056
0.00561
0.00563
0.00565
0.00566
0.00568
0.00568
0.00569
0.00569
0.00569
0.00568
0.00567
0.00565
0.00564
0.00561
0.00558
0.00554
0.0055
0.00546
0.00541
0.00536
0.00532
0.00525
0.0052
0.00513
0.00508
0.00501
0.00495
0.00488
0.00483
0.00476
0.0047
0.00464
0.00458
0.00452
0.00447
0.00442
0.00438
0.00432
0.00428
0.00423
0.0042
0.00415
0.00412
0.00407
0.00404
0.004
0.00396
0.00392
0.00388
0.00385
0.00382
0.00378
0.00374
0.00369
0.00366
0.00362
0.00359
0.00354
0.0035
0.00346
0.00342
0.00338
0.00334
0.00329
0.00325
0.00321
0.00318
0.00314
0.00311
0.00307
0.00303
0.003
0.00297
0.00293
0.0029
0.00286
0.00284
0.0028
0.00277
0.00273
0.00269
0.00266
0.00264
0.0026
0.00257
0.00253
0.0025
0.00246
0.00244
0.0024
0.00237
0.00233
0.00231
0.00228
0.00225
0.00222
0.00219
0.00217
0.00216
0.00214
0.00214
0.00212
0.00212
0.00211
0.00212
0.00211
0.00213
0.00213
0.00216
0.00217
0.00219
0.00221
0.00224
0.00227
0.0023
0.00234
0.00238
0.00241
0.00245
0.00248
0.00253
0.00256
0.0026
0.00263
0.00268
0.00271
0.00274
0.00277
0.0028
0.00284
0.00287
0.0029
0.00293
0.00295
0.00298
0.00299
0.00302
0.00303
0.00306
0.00307
0.0031
0.00311
0.00313
0.00314
0.00316
0.00318
0.0032
0.00321
0.00323
0.00324
0.00326
0.00328
0.0033
0.00331
0.00334
0.00335
0.00338
0.0034
0.00342
0.00344
0.00346
0.00349
0.00352
0.00354
0.00358
0.0036
0.00364
0.00366
0.0037
0.00373
0.00377
0.00379
0.00384
0.00387
0.00391
0.00395
0.00398
0.00403
0.00407
0.00411
0.00416
0.00419
0.00424
0.00427
0.00432
0.00435
0.00439
0.00442
0.00446
0.00449
0.00452
0.00455
0.00457
0.0046
0.00463
0.00465
0.00468
0.00469
0.00472
0.00473
0.00475
0.00476
0.00478
0.00478
0.00481
0.00481
0.00483
0.00484
0.00485
0.00486
0.00488
0.00489
0.00492
0.00492
0.00494
0.00496
0.00498
0.00499
0.00502
0.00503
0.00506
0.00507
0.00509
0.00511
0.00513
0.00515
0.00517
0.00518
0.0052
0.0052
0.00522
0.00522
0.00523
0.00523
0.00524
0.00523
0.00523
0.00522
0.00522
0.0052
0.00519
0.00518
0.00517
0.00515
0.00514
0.00511
0.0051
0.00507
0.00506
0.00504
0.00502
0.005
0.00499
0.00497
0.00496
0.00494
0.00493
0.00492
0.00492
0.00491
0.00491
0.00489
0.0049
0.00489
0.0049
0.00489
0.00489
0.00488
0.00489
0.00489
0.00488
0.00488
0.00487
0.00487
0.00486
0.00486
0.00485
0.00483
0.00483
0.0048
0.00479
0.00477
0.00476
0.00473
0.00473
0.0047
0.00468
0.00466
0.00463
0.00462
0.0046
0.00458
0.00457
0.00455
0.00454
0.00452
0.00452
0.0045
0.0045
0.00448
0.00449
0.00448
0.00448
0.00447
0.00447
0.00447
0.00447
0.00447
0.00448
0.00447
0.00447
0.00447
0.00447
0.00445
0.00445
0.00443
0.00443
0.00442
0.0044
0.00438
0.00436
0.00434
0.00432
0.00429
0.00427
0.00424
0.00421
0.00417
0.00415
0.00411
0.00408
0.00404
0.00402
0.00398
0.00395
0.00391
0.00387
0.00384
0.00382
0.00378
0.00376
0.00372
0.0037
0.00366
0.00365
0.00361
0.00359
0.00356
0.00355
0.00352
0.00351
0.00349
0.00346
0.00345
0.00344
0.00343
0.00342
0.00341
0.00341
0.0034
0.00341
0.0034
0.00341
0.00341
0.00344
0.00344
0.00346
0.00348
0.00351
0.00354
0.00357
0.00361
0.00366
0.00369
0.00375
0.00379
0.00385
0.0039
0.00396
0.00401
0.00408
0.00414
0.0042
0.00426
0.00431
0.00438
0.00444
0.0045
0.00456
0.0046
0.00466
0.0047
0.00475
0.00479
0.00483
0.00486
0.0049
0.00492
0.00495
0.00497
0.00498
0.005
0.00502
0.00503
0.00504
0.00504
0.00505
0.00505
0.00505
0.00505
0.00505
0.00504
0.00505
0.00504
0.00504
0.00503
0.00502
0.00502
0.00502
0.00501
0.00501
0.005
0.005
0.00498
0.00498
0.00496
0.00496
0.00494
0.00493
0.00491
0.00489
0.00487
0.00485
0.00483
0.00481
0.00479
0.00477
0.00473
0.00471
0.00468
0.00466
0.00462
0.0046
0.00456
0.00454
0.0045
0.00448
0.00445
0.00442
0.00439
0.00437
0.00435
0.00433
0.0043
0.00429
0.00427
0.00426
0.00424
0.00424
0.00422
0.00422
0.00421
0.00421
0.0042
0.00419
0.00419
0.00419
0.00419
0.0042
0.00419
0.00421
0.0042
0.00421
0.00421
0.00422
0.00421
0.00423
0.00423
0.00423
0.00424
0.00424
0.00425
0.00426
0.00426
0.00427
0.00427
0.00429
0.00429
0.00431
0.00431
0.00433
0.00433
0.00435
0.00436
0.00437
0.00439
0.00439
0.00441
0.00443
0.00444
0.00446
0.00447
0.00448
0.00449
0.00452
0.00452
0.00453
0.00454
0.00455
0.00456
0.00456
0.00457
0.00457
0.00457
0.00457
0.00457
0.00457
0.00455
0.00454
0.00452
0.00452
0.00449
0.00447
0.00444
0.00443
0.00439
0.00436
0.00432
0.00428
0.00425
0.00421
0.00416
0.00412
0.00406
0.00401
0.00396
0.00391
0.00384
0.00378
0.00372
0.00366
0.00359
0.00353
0.00346
0.00339
0.00333
0.00327
0.00321
0.00315
0.00308
0.00302
0.00296
0.00291
0.00285
0.0028
0.00275
0.00272
0.00267
0.00263
0.00259
0.00256
0.00253
0.00251
0.00249
0.00247
0.00245
0.00244
0.00243
0.00242
0.00241
0.00241
0.0024
0.0024
0.0024
0.0024
0.00239
0.00239
0.0024
0.0024
0.0024
0.0024
0.0024
0.0024
0.0024
0.00241
0.00241
0.00242
0.00242
0.00244
0.00245
0.00246
0.00248
0.0025
0.00253
0.00256
0.0026
0.00265
0.00269
0.00276
0.00282
0.0029
0.00297
0.00306
0.00315
0.00326
0.00337
0.00349
0.00361
0.00374
0.00389
0.00404
0.00419
0.00436
0.00452
0.0047
0.00488
0.00507
0.00525
0.00545
0.00564
0.00585
0.00605
0.00626
0.00646
0.00667
0.00689
0.00711
0.00733
0.00755
0.00777
0.008
0.00822
0.00846
0.00869
0.00893
0.00916
0.00941
0.00965
0.0099
0.01016
0.01042
0.01068
0.01095
0.01123
0.01151
0.01179
0.01208
0.01238
0.01268
0.01299
0.0133
0.01361
0.01394
0.01427
0.0146
0.01493
0.01527
0.01562
0.01597
0.01632
0.01667
0.01702
0.01738
0.01774
0.0181
0.01846
0.01882
0.01917
0.01954
0.01989
0.02025
0.02061
0.02096
0.02131
0.02167
0.02202
0.02237
0.02271
0.02306
0.02339
0.02374
0.02407
0.0244
0.02473
0.02506
0.02538
0.0257
0.02602
0.02633
0.02664
0.02695
0.02726
0.02756
0.02785
0.02815
0.02843
0.02872
0.029
0.02928
0.02954
0.02981
0.03007
0.03033
0.03057
0.03082
0.03106
0.0313
0.03153
0.03175
0.03197
0.03218
0.03239
0.0326
0.0328
0.03299
0.03318
0.03338
0.03355
0.03373
0.03391
0.03408
0.03425
0.03442
0.03458
0.03475
0.0349
0.03506
0.03521
0.03537
0.03551
0.03567
0.03581
0.03596
0.0361
0.03623
0.03637
0.0365
0.03663
0.03676
0.03688
0.037
0.03711
0.03722
0.03732
0.03742
0.03751
0.0376
0.03767
0.03776
0.03782
0.03788
0.03794
0.03799
0.03804
0.03808
0.03812
0.03815
0.03817
0.0382
0.03821
0.03823
0.03824
0.03825
0.03825
0.03827
0.03827
0.03827
0.03827
0.03828
0.03828
0.03828
0.03828
0.03829
0.03829
0.0383
0.0383
0.03831
0.0383
0.03831
0.03831
0.03832
0.03831
0.03831
0.0383
0.03829
0.03828
0.03827
0.03825
0.03823
0.0382
0.03818
0.03814
0.0381
0.03805
0.038
0.03794
0.03789
0.03781
0.03774
0.03766
0.03758
0.0375
0.03741
0.03732
0.03723
0.03712
0.03703
0.03693
0.03683
0.03672
0.03662
0.03651
0.03642
0.03631
0.03621
0.03611
0.036
0.03591
0.03581
0.03572
0.03562
0.03552
0.03543
0.03534
0.03525
0.03515
0.03506
0.03496
0.03488
0.03478
0.03468
0.03458
0.03448
0.03438
0.03428
0.03417
0.03407
0.03395
0.03384
0.03372
0.03361
0.03348
0.03336
0.03324
0.03312
0.03298
0.03286
0.03272
0.03259
0.03246
0.03233
0.0322
0.03207
0.03193
0.0318
0.03166
0.03154
0.0314
0.03127
0.03113
0.03101
0.03087
0.03074
0.03061
0.03047
0.03034
0.03021
0.03008
0.02995
0.0298
0.02967
0.02953
0.0294
0.02925
0.0291
0.02895
0.02881
0.02865
0.0285
0.02834
0.02818
0.02802
0.02786
0.0277
0.02753
0.02735
0.02719
0.02701
0.02684
0.02666
0.02648
0.0263
0.02613
0.02595
0.02577
0.02559
0.0254
0.02523
0.02505
0.02488
0.0247
0.02452
0.02436
0.02418
0.02402
0.02385
0.02369
0.02353
0.02338
0.02322
0.02307
0.02292
0.02278
0.02264
0.02251
0.02238
0.02226
0.02212
0.02201
0.02189
0.02178
0.02166
0.02156
0.02145
0.02136
0.02126
0.02116
0.02107
0.02098
0.02089
0.0208
0.02072
0.02064
0.02054
0.02047
0.02038
0.0203
0.02022
0.02014
0.02005
0.01997
0.01988
0.0198
0.01971
0.01963
0.01954
0.01946
0.01937
0.01929
0.0192
0.01912
0.01903
0.01895
0.01886
0.01878
0.0187
0.01863
0.01855
0.01847
0.01839
0.01832
0.01825
0.01819
0.01812
0.01806
0.01799
0.01793
0.01787
0.01782
0.01776
0.0177
0.01764
0.01759
0.01753
0.01748
0.01742
0.01736
0.0173
0.01725
0.01719
0.01714
0.01707
0.01701
0.01694
0.01689
0.01681
0.01675
0.01668
0.01662
0.01655
0.01648
0.01641
0.01634
0.01627
0.0162
0.01614
0.01607
0.01599
0.01594
0.01587
0.01581
0.01574
0.01568
0.01562
0.01557
0.01551
0.01545
0.01539
0.01534
0.01529
0.01524
0.01519
0.01515
0.01508
0.01504
0.01499
0.01495
0.0149
0.01485
0.0148
0.01476
0.01471
0.01466
0.01461
0.01456
0.01451
0.01446
0.01442
0.01437
0.01431
0.01427
0.01422
0.01417
0.01412
0.01407
0.01401
0.01397
0.01391
0.01386
0.01381
0.01375
0.0137
0.01365
0.01359
0.01354
0.01347
0.01342
0.01336
0.0133
0.01323
0.01317
0.01309
0.01303
0.01295
0.01288
0.0128
0.01272
0.01264
0.01255
0.01247
0.01239
0.01229
0.0122
0.01211
0.01202
0.01192
0.01183
0.01173
0.01164
0.01155
0.01146
0.01137
0.01128
0.0112
0.01112
0.01104
0.01096
0.01088
0.01082
0.01075
0.0107
0.01063
0.01058
0.01052
0.01048
0.01043
0.01039
0.01034
0.0103
0.01027
0.01024
0.01021
0.01018
0.01014
0.01012
0.01009
0.01007
0.01003
0.01001
0.00997
0.00995
0.00992
0.00988
0.00985
0.00982
0.00978
0.00975
0.00971
0.00968
0.00963
0.0096
0.00955
0.00952
0.00947
0.00944
0.00939
0.00936
0.00932
0.00928
0.00924
0.00921
0.00917
0.00914
0.00911
0.00909
0.00905
0.00903
0.009
0.00898
0.00895
0.00893
0.00891
0.0089
0.00887
0.00885
0.00884
0.00882
0.0088
0.00879
0.00877
0.00876
0.00872
0.00871
0.00869
0.00867
0.00864
0.00862
0.00858
0.00856
0.00853
0.00849
0.00845
0.00841
0.00838
0.00833
0.00829
0.00825
0.00819
0.00815
0.0081
0.00805
0.00799
0.00795
0.00789
0.00784
0.00778
0.00773
0.00768
0.00763
0.00758
0.00753
0.00749
0.00745
0.0074
0.00737
0.00733
0.0073
0.00727
0.00725
0.00722
0.00721
0.00719
0.00717
0.00716
0.00716
0.00715
0.00716
0.00716
0.00716
0.00716
0.00717
0.00717
0.00719
0.00719
0.0072
0.0072
0.00721
0.00721
0.00722
0.00722
0.00722
0.00722
0.00722
0.00722
0.00722
0.0072
0.00719
0.00717
0.00717
0.00714
0.00713
0.0071
0.00709
0.00706
0.00704
0.00701
0.00698
0.00696
0.00693
0.00691
0.00689
0.00685
0.00683
0.0068
0.00678
0.00675
0.00673
0.0067
0.00669
0.00666
0.00664
0.00662
0.0066
0.00658
0.00657
0.00655
0.00654
0.00651
0.00651
0.00649
0.00648
0.00646
0.00646
0.00644
0.00643
0.00642
0.0064
0.00639
0.00637
0.00636
0.00636
0.00634
0.00633
0.00631
0.0063
0.00628
0.00627
0.00625
0.00623
0.00621
0.0062
0.00617
0.00615
0.00612
0.00609
0.00606
0.00603
0.006
0.00598
0.00593
0.00591
0.00587
0.00584
0.0058
0.00577
0.00572
0.0057
0.00566
0.00563
0.00559
0.00556
0.00554
0.00552
0.0055
0.00549
0.00546
0.00546
0.00545
0.00545
0.00544
0.00545
0.00545
0.00547
0.00548
0.00549
0.00551
0.00552
0.00554
0.00557
0.00559
0.00562
0.00562
0.00565
0.00567
0.00569
0.00569
0.00571
0.00571
0.00572
0.00571
0.00571
0.0057
0.00568
0.00566
0.00564
0.00562
0.00559
0.00555
0.00552
0.00547
0.00543
0.00538
0.00533
0.00527
0.00523
0.00517
0.00512
0.00506
0.005
0.00495
0.0049
0.00484
0.0048
0.00474
0.0047
0.00464
0.0046
0.00455
0.00451
0.00446
0.00443
0.00438
0.00434
0.0043
0.00426
0.00423
0.0042
0.00416
0.00414
0.00409
0.00407
0.00403
0.00401
0.00397
0.00395
0.00391
0.0039
0.00386
0.00384
0.00382
0.00379
0.00377
0.00376
0.00374
0.00373
0.0037
0.0037
0.00368
0.00368
0.00367
0.00367
0.00366
0.00367
0.00367
0.00367
0.00367
0.00367
0.00368
0.00368
0.00369
0.0037
0.0037
0.00372
0.00372
0.00373
0.00373
0.00374
0.00374
0.00376
0.00376
0.00376
0.00376
0.00376
0.00377
0.00377
0.00377
0.00377
0.00376
0.00377
0.00376
0.00376
0.00375
0.00375
0.00374
0.00375
0.00374
0.00374
0.00373
0.00373
0.00373
0.00373
0.00373
0.00373
0.00373
0.00374
0.00373
0.00375
0.00375
0.00376
0.00375
0.00377
0.00378
0.00378
0.00379
0.0038
0.00382
0.00383
0.00384
0.00385
0.00386
0.00388
0.00388
0.0039
0.00391
0.00392
0.00393
0.00395
0.00395
0.00396
0.00397
0.00398
0.00399
0.00401
0.00401
0.00403
0.00403
0.00406
0.00406
0.00409
0.00409
0.00412
0.00413
0.00416
0.00417
0.0042
0.00422
0.00425
0.00428
0.00432
0.00435
0.00439
0.00442
0.00447
0.0045
0.00456
0.00459
0.00464
0.00468
0.00473
0.00477
0.00481
0.00485
0.00489
0.00493
0.00497
0.00501
0.00504
0.00506
0.00509
0.00511
0.00514
0.00514
0.00516
0.00516
0.00517
0.00517
0.00517
0.00517
0.00516
0.00515
0.00515
0.00514
0.00514
0.00512
0.00511
0.0051
0.0051
0.00509
0.00509
0.00509
0.0051
0.0051
0.00511
0.00512
0.00514
0.00516
0.00518
0.00521
0.00525
0.00527
0.00532
0.00535
0.0054
0.00544
0.00549
0.00553
0.00559
0.00563
0.00568
0.00573
0.00577
0.00582
0.00587
0.00592
0.00597
0.006
0.00604
0.00607
0.00611
0.00614
0.00617
0.00619
0.00622
0.00624
0.00626
0.00627
0.00628
0.0063
0.00631
0.00632
0.00633
0.00633
0.00634
0.00634
0.00635
0.00634
0.00634
0.00634
0.00634
0.00634
0.00633
0.00633
0.00632
0.00631
0.00631
0.0063
0.00629
0.00628
0.00627
0.00625
0.00624
0.00622
0.00621
0.00618
0.00617
0.00615
0.00613
0.0061
0.00607
0.00605
0.00603
0.00601
0.00599
0.00595
0.00593
0.00591
0.00589
0.00587
0.00585
0.00582
0.00582
0.0058
0.00579
0.00577
0.00576
0.00576
0.00575
0.00575
0.00576
0.00575
0.00576
0.00576
0.00577
0.00578
0.00579
0.0058
0.00582
0.00583
0.00584
0.00585
0.00587
0.00588
0.00589
0.0059
0.00592
0.00592
0.00593
0.00593
0.00593
0.00592
0.00592
0.0059
0.0059
0.00588
0.00586
0.00584
0.00581
0.00578
0.00575
0.00572
0.00568
0.00563
0.0056
0.00555
0.00551
0.00546
0.00541
0.00536
0.00532
0.00527
0.00522
0.00517
0.00513
0.00509
0.00505
0.00501
0.00497
0.00493
0.00491
0.00487
0.00485
0.00482
0.0048
0.00478
0.00477
0.00475
0.00474
0.00473
0.00472
0.00471
0.00471
0.00471
0.00471
0.0047
0.0047
0.0047
0.0047
0.0047
0.0047
0.00469
0.0047
0.00469
0.00469
0.00468
0.00468
0.00468
0.00468
0.00467
0.00467
0.00466
0.00466
0.00465
0.00466
0.00465
0.00465
0.00464
0.00465
0.00464
0.00464
0.00464
0.00464
0.00465
0.00465
0.00466
0.00467
0.00467
0.00468
0.00468
0.0047
0.0047
0.00471
0.00471
0.00473
0.00473
0.00474
0.00474
0.00474
0.00475
0.00475
0.00475
0.00476
0.00474
0.00475
0.00474
0.00474
0.00472
0.00471
0.0047
0.0047
0.00467
0.00466
0.00464
0.00462
0.0046
0.00458
0.00457
0.00455
0.00452
0.0045
0.00448
0.00447
0.00443
0.00442
0.00439
0.00437
0.00434
0.00432
0.00429
0.00427
0.00425
0.00422
0.0042
0.00418
0.00414
0.00413
0.0041
0.00408
0.00404
0.00403
0.00399
0.00398
0.00394
0.00392
0.00389
0.00386
0.00384
0.00382
0.0038
0.00378
0.00375
0.00374
0.00372
0.00371
0.00369
0.00368
0.00367
0.00367
0.00366
0.00366
0.00365
0.00365
0.00366
0.00367
0.00368
0.00369
0.0037
0.00372
0.00373
0.00376
0.00377
0.0038
0.00382
0.00385
0.00387
0.0039
0.00392
0.00395
0.00398
0.00401
0.00404
0.00408
0.0041
0.00414
0.00417
0.00421
0.00423
0.00427
0.0043
0.00434
0.00437
0.0044
0.00442
0.00445
0.00448
0.00452
0.00455
0.00458
0.0046
0.00464
0.00466
0.0047
0.00472
0.00475
0.00477
0.00481
0.00483
0.00486
0.00488
0.0049
0.00493
0.00496
0.00498
0.00501
0.00503
0.00506
0.00508
0.00511
0.00512
0.00515
0.00517
0.0052
0.00522
0.00524
0.00525
0.00527
0.00529
0.00532
0.00533
0.00535
0.00535
0.00537
0.00538
0.0054
0.0054
0.0054
0.0054
0.00541
0.0054
0.0054
0.00538
0.00537
0.00536
0.00535
0.00533
0.00532
0.00528
0.00527
0.00524
0.00522
0.00518
0.00516
0.00512
0.0051
0.00507
0.00504
0.00501
0.00497
0.00495
0.00492
0.0049
0.00487
0.00484
0.00483
0.00481
0.00479
0.00477
0.00476
0.00474
0.00475
0.00473
0.00473
0.00472
0.00472
0.00472
0.00473
0.00473
0.00474
0.00473
0.00474
0.00475
0.00476
0.00476
0.00478
0.00478
0.0048
0.0048
0.00481
0.00482
0.00483
0.00484
0.00486
0.00487
0.00489
0.00489
0.00491
0.00492
0.00494
0.00495
0.00497
0.00498
0.00501
0.00503
0.00505
0.00507
0.00509
0.00511
0.00514
0.00516
0.00519
0.00521
0.00524
0.00526
0.0053
0.00531
0.00534
0.00536
0.0054
0.00542
0.00544
0.00546
0.00549
0.00551
0.00554
0.00556
0.00559
0.0056
0.00563
0.00565
0.00568
0.00569
0.00572
0.00574
0.00577
0.00579
0.00581
0.00583
0.00585
0.00588
0.0059
0.00593
0.00596
0.00597
0.006
0.00603
0.00606
0.00607
0.0061
0.00612
0.00615
0.00617
0.0062
0.00621
0.00623
0.00626
0.00628
0.0063
0.00633
0.00633
0.00636
0.00637
0.00639
0.0064
0.00642
0.00642
0.00644
0.00645
0.00646
0.00646
0.00647
0.00648
0.00648
0.00649
0.00649
0.00648
0.00649
0.00648
0.00648
0.00646
0.00646
0.00644
0.00643
0.00641
0.00638
0.00636
0.00633
0.00629
0.00626
0.00622
0.00619
0.00613
0.00609
0.00603
0.00599
0.00593
0.00587
0.0058
0.00576
0.00569
0.00562
0.00556
0.00549
0.00543
0.00537
0.00531
0.00525
0.00518
0.00513
0.00507
0.00503
0.00497
0.00492
0.00487
0.00484
0.00479
0.00476
0.00472
0.00469
0.00466
0.00464
0.00461
0.00459
0.00456
0.00455
0.00452
0.00451
0.00448
0.00447
0.00444
0.00443
0.0044
0.00438
0.00435
0.00433
0.0043
0.00428
0.00426
0.00423
0.00419
0.00417
0.00413
0.00411
0.00406
0.00403
0.00399
0.00396
0.00393
0.00389
0.00385
0.00382
0.00378
0.00375
0.00372
0.00369
0.00365
0.00363
0.00359
0.00357
0.00354
0.00352
0.00348
0.00347
0.00344
0.00342
0.0034
0.00337
0.00336
0.00334
0.00333
0.00331
0.00329
0.00328
0.00326
0.00326
0.00324
0.00324
0.00323
0.00323
0.00322
0.00321
0.00321
0.00321
0.00322
0.00323
0.00323
0.00325
0.00325
0.00327
0.00328
0.00331
0.00333
0.00335
0.00337
0.00341
0.00344
0.00347
0.0035
0.00354
0.00358
0.00362
0.00366
0.00371
0.00374
0.00379
0.00383
0.00388
0.00391
0.00396
0.00399
0.00404
0.00408
0.00411
0.00415
0.00418
0.00422
0.00425
0.00428
0.00431
0.00432
0.00435
0.00437
0.0044
0.0044
0.00442
0.00443
0.00445
0.00445
0.00445
0.00446
0.00446
0.00446
0.00446
0.00446
0.00446
0.00445
0.00445
0.00444
0.00445
0.00443
0.00443
0.00442
0.00443
0.00442
0.00442
0.00441
0.00441
0.00441
0.00442
0.00442
0.00443
0.00442
0.00444
0.00444
0.00446
0.00447
0.00448
0.00449
0.00452
0.00453
0.00455
0.00457
0.00458
0.00461
0.00463
0.00465
0.00468
0.00469
0.00471
0.00473
0.00475
0.00476
0.00478
0.00478
0.0048
0.0048
0.00481
0.00481
0.00481
0.00481
0.00481
0.00481
0.00481
0.00479
0.00479
0.00478
0.00478
0.00476
0.00475
0.00473
0.00473
0.00471
0.0047
0.00468
0.00467
0.00466
0.00466
0.00465
0.00465
0.00463
0.00464
0.00463
0.00464
0.00463
0.00464
0.00463
0.00465
0.00465
0.00465
0.00466
0.00466
0.00467
0.00468
0.00468
0.0047
0.00469
0.0047
0.0047
0.00471
0.0047
0.0047
0.00469
0.0047
0.00469
0.00468
0.00467
0.00466
0.00466
0.00465
0.00464
0.00463
0.00461
0.00461
0.0046
0.0046
0.00459
0.00459
0.00458
0.00458
0.00458
0.00458
0.00458
0.00459
0.0046
0.00461
0.00463
0.00465
0.00465
0.00468
0.00469
0.00471
0.00473
0.00475
0.00476
0.00479
0.0048
0.00482
0.00483
0.00484
0.00486
0.00487
0.00488
0.00489
0.00488
0.00489
0.00488
0.00488
0.00487
0.00486
0.00484
0.00484
0.00481
0.00479
0.00477
0.00474
0.00472
0.0047
0.00466
0.00464
0.0046
0.00458
0.00454
0.00452
0.00448
0.00445
0.00441
0.00439
0.00435
0.00432
0.00428
0.00424
0.00421
0.00417
0.00414
0.0041
0.00405
0.00402
0.00397
0.00393
0.00388
0.00383
0.00378
0.00373
0.00367
0.00362
0.00355
0.00349
0.00343
0.00337
0.00331
0.00324
0.00316
0.00311
0.00303
0.00297
0.0029
0.00284
0.00276
0.00271
0.00264
0.00259
0.00253
0.00247
0.00242
0.00238
0.00234
0.0023
0.00226
0.00224
0.00221
0.0022
0.00217
0.00217
0.00215
0.00216
0.00215
0.00216
0.00217
0.00218
0.0022
0.00222
0.00224
0.00228
0.00229
0.00233
0.00236
0.0024
0.00243
0.00247
0.0025
0.00254
0.00258
0.00262
0.00265
0.00269
0.00273
0.00277
0.0028
0.00285
0.00287
0.00292
0.00295
0.00299
0.00302
0.00306
0.00309
0.00313
0.00316
0.0032
0.00324
0.00327
0.00331
0.00335
0.00339
0.00343
0.00346
0.00351
0.00355
0.0036
0.00363
0.00368
0.00372
0.00377
0.00381
0.00386
0.0039
0.00395
0.00399
0.00404
0.00409
0.00414
0.00418
0.00424
0.00428
0.00434
0.00438
0.00443
0.00448
0.00453
0.00458
0.00463
0.00467
0.00472
0.00477
0.00482
0.00487
0.00492
0.00496
0.00502
0.00506
0.00511
0.00515
0.0052
0.00523
0.00528
0.00532
0.00536
0.00539
0.00542
0.00546
0.00549
0.00551
0.00554
0.00555
0.00558
0.00558
0.0056
0.00559
0.0056
0.00559
0.00559
0.00558
0.00557
0.00555
0.00553
0.00551
0.00548
0.00545
0.00543
0.00539
0.00536
0.00532
0.0053
0.00526
0.00523
0.00519
0.00517
0.00513
0.0051
0.00507
0.00505
0.00503
0.00502
0.005
0.005
0.00498
0.00498
0.00497
0.00498
0.00497
0.00498
0.00498
0.005
0.005
0.00501
0.00501
0.00502
0.00503
0.00504
0.00504
0.00505
0.00504
0.00505
0.00504
0.00504
0.00502
0.00501
0.00499
0.00498
0.00495
0.00492
0.00489
0.00485
0.00482
0.00478
0.00474
0.00471
0.00465
0.00462
0.00457
0.00453
0.00448
0.00444
0.00439
0.00435
0.00431
0.00427
0.00423
0.00419
0.00416
0.00413
0.0041
0.00408
0.00404
0.00403
0.00401
0.004
0.00397
0.00396
0.00394
0.00394
0.00393
0.00391
0.0039
0.00389
0.00388
0.00387
0.00386
0.00385
0.00383
0.00382
0.0038
0.00378
0.00375
0.00373
0.0037
0.00368
0.00364
0.00361
0.00357
0.00353
0.00349
0.00345
0.00341
0.00337
0.00331
0.00327
0.00321
0.00318
0.00312
0.00308
0.00302
0.00298
0.00293
0.00289
0.00285
0.00281
0.00278
0.00276
0.00273
0.00271
0.00269
0.00268
0.00267
0.00267
0.00267
0.00269
0.00269
0.00272
0.00275
0.00278
0.00281
0.00285
0.0029
0.00295
0.00301
0.00307
0.00312
0.00319
0.00325
0.00333
0.00339
0.00346
0.00352
0.0036
0.00366
0.00372
0.00378
0.00384
0.0039
0.00395
0.004
0.00406
0.00409
0.00413
0.00416
0.0042
0.00422
0.00424
0.00426
0.00428
0.00428
0.00429
0.00429
0.00429
0.00429
0.00429
0.00428
0.00428
0.00426
0.00426
0.00424
0.00424
0.00422
0.00421
0.00419
0.00419
0.00418
0.00417
0.00416
0.00415
0.00415
0.00415
0.00414
0.00415
0.00414
0.00414
0.00414
0.00415
0.00414
0.00415
0.00415
0.00416
0.00416
0.00417
0.00417
0.00417
0.00419
0.00419
0.0042
0.00422
0.00421
0.00423
0.00423
0.00425
0.00425
0.00427
0.00427
0.00429
0.0043
0.0043
0.00432
0.00432
0.00434
0.00435
0.00437
0.00439
0.00439
0.00442
0.00442
0.00445
0.00445
0.00447
0.00448
0.00451
0.00452
0.00453
0.00454
0.00455
0.00457
0.00458
0.00459
0.00461
0.00461
0.00462
0.00462
0.00463
0.00463
0.00463
0.00462
0.00463
0.00462
0.00461
0.0046
0.00459
0.00458
0.00458
0.00457
0.00456
0.00453
0.00453
0.00451
0.0045
0.00448
0.00448
0.00446
0.00446
0.00444
0.00443
0.00443
0.00442
0.00442
0.00442
0.00442
0.00443
0.00442
0.00443
0.00443
0.00445
0.00445
0.00446
0.00446
0.00447
0.00447
0.00448
0.00448
0.00448
0.00448
0.00448
0.00447
0.00447
0.00444
0.00443
0.00441
0.00439
0.00435
0.00433
0.00429
0.00426
0.00421
0.00417
0.00413
0.00408
0.00403
0.00398
0.00393
0.00389
0.00383
0.0038
0.00375
0.00371
0.00367
0.00364
0.0036
0.00358
0.00355
0.00353
0.00351
0.0035
0.0035
0.0035
0.00351
0.00352
0.00352
0.00354
0.00356
0.00359
0.0036
0.00364
0.00365
0.00369
0.00372
0.00375
0.00377
0.0038
0.00382
0.00385
0.00387
0.0039
0.0039
0.00392
0.00393
0.00394
0.00394
0.00395
0.00394
0.00395
0.00393
0.00393
0.00391
0.0039
0.00389
0.00388
0.00387
0.00386
0.00384
0.00383
0.00382
0.00382
0.0038
0.0038
0.0038
0.00381
0.0038
0.00381
0.00382
0.00383
0.00385
0.00386
0.00389
0.00392
0.00393
0.00397
0.00399
0.00404
0.00406
0.0041
0.00413
0.00418
0.00421
0.00425
0.00429
0.00432
0.00436
0.0044
0.00443
0.00447
0.00449
0.00453
0.00455
0.00458
0.0046
0.00463
0.00464
0.00467
0.00468
0.0047
0.00471
0.00472
0.00473
0.00474
0.00476
0.00477
0.00477
0.00479
0.00479
0.00481
0.00481
0.00483
0.00483
0.00485
0.00486
0.00487
0.00487
0.00489
0.0049
0.00492
0.00493
0.00495
0.00495
0.00497
0.00498
0.005
0.005
0.00502
0.00502
0.00504
0.00504
0.00504
0.00505
0.00505
0.00505
0.00505
0.00505
0.00505
0.00504
0.00504
0.00503
0.00503
0.00501
0.00501
0.00499
0.00499
0.00498
0.00497
0.00495
0.00494
0.00493
0.00492
0.00491
0.00491
0.00489
0.00489
0.00488
0.00488
0.00487
0.00487
0.00486
0.00487
0.00486
0.00486
0.00486
0.00486
0.00486
0.00486
0.00486
0.00487
0.00486
0.00486
0.00486
0.00486
0.00485
0.00485
0.00484
0.00484
0.00483
0.00483
0.00482
0.00481
0.0048
0.00479
0.00478
0.00477
0.00474
0.00473
0.00471
0.0047
0.00467
0.00466
0.00463
0.00461
0.00459
0.00457
0.00453
0.00451
0.00448
0.00446
0.00443
0.0044
0.00437
0.00434
0.0043
0.00428
0.00424
0.00421
0.00417
0.00415
0.00411
0.00408
0.00404
0.00401
0.00398
0.00395
0.00391
0.00388
0.00384
0.00382
0.00378
0.00377
0.00373
0.0037
0.00367
0.00366
0.00363
0.0036
0.00358
0.00355
0.00354
0.00352
0.0035
0.00349
0.00346
0.00345
0.00343
0.00342
0.0034
0.00339
0.00337
0.00337
0.00335
0.00334
0.00333
0.00331
0.00331
0.0033
0.00329
0.00329
0.00328
0.00328
0.00327
0.00327
0.00326
0.00327
0.00326
0.00328
0.00328
0.00328
0.00329
0.0033
0.00331
0.00333
0.00335
0.00337
0.00338
0.00341
0.00343
0.00346
0.00348
0.00352
0.00354
0.00358
0.0036
0.00364
0.00366
0.00369
0.00372
0.00376
0.00379
0.00382
0.00384
0.00387
0.00389
0.00392
0.00393
0.00396
0.00397
0.00399
0.004
0.00402
0.00403
0.00403
0.00405
0.00406
0.00407
0.00408
0.00408
0.0041
0.00411
0.00413
0.00413
0.00415
0.00416
0.00419
0.0042
0.00422
0.00424
0.00427
0.0043
0.00434
0.00437
0.00441
0.00444
0.00449
0.00453
0.00458
0.00462
0.00468
0.00472
0.00478
0.00483
0.00488
0.00492
0.00497
0.00502
0.00508
0.00512
0.00517
0.0052
0.00525
0.00528
0.00533
0.00535
0.00538
0.0054
0.00544
0.00545
0.00546
0.00548
0.00548
0.00549
0.0055
0.0055
0.0055
0.00549
0.00549
0.00548
0.00548
0.00546
0.00545
0.00543
0.00543
0.00541
0.0054
0.00538
0.00536
0.00535
0.00534
0.00533
0.00532
0.0053
0.0053
0.00528
0.00528
0.00526
0.00526
0.00525
0.00525
0.00524
0.00524
0.00523
0.00523
0.00523
0.00523
0.00523
0.00523
0.00522
0.00523
0.00522
0.00523
0.00522
0.00522
0.00521
0.00521
0.0052
0.00519
0.00518
0.00517
0.00517
0.00516
0.00514
0.00514
0.00511
0.0051
0.00509
0.00508
0.00505
0.00504
0.00502
0.00501
0.00499
0.00497
0.00496
0.00494
0.00493
0.00492
0.00491
0.00491
0.00489
0.0049
0.00489
0.0049
0.00489
0.0049
0.0049
0.00492
0.00492
0.00493
0.00494
0.00495
0.00497
0.00499
0.00501
0.00503
0.00504
0.00506
0.00507
0.0051
0.00511
0.00513
0.00514
0.00516
0.00516
0.00517
0.00518
0.00518
0.00519
0.0052
0.0052
0.0052
0.00519
0.00519
0.00518
0.00518
0.00517
0.00516
0.00514
0.00514
0.00512
0.00511
0.0051
0.00508
0.00507
0.00506
0.00504
0.00504
0.00501
0.00501
0.00498
0.00498
0.00495
0.00494
0.00492
0.00491
0.00489
0.00487
0.00485
0.00483
0.00481
0.00479
0.00477
0.00475
0.00472
0.0047
0.00468
0.00466
0.00463
0.00461
0.00458
0.00457
0.00455
0.00453
0.00451
0.00449
0.00448
0.00448
0.00447
0.00447
0.00446
0.00447
0.00447
0.00449
0.0045
0.00452
0.00453
0.00456
0.00458
0.00461
0.00463
0.00466
0.0047
0.00473
0.00477
0.00481
0.00483
0.00487
0.0049
0.00494
0.00496
0.00499
0.00501
0.00504
0.00505
0.00507
0.00508
0.00509
0.0051
0.0051
0.0051
0.0051
0.00509
0.00509
0.00507
0.00507
0.00504
0.00503
0.005
0.00499
0.00496
0.00494
0.00491
0.00489
0.00486
0.00484
0.00481
0.00479
0.00476
0.00474
0.00471
0.0047
0.00467
0.00465
0.00462
0.00461
0.00458
0.00456
0.00453
0.00451
0.00449
0.00447
0.00445
0.00443
0.0044
0.00439
0.00436
0.00434
0.00431
0.0043
0.00427
0.00426
0.00423
0.00421
0.00419
0.00417
0.00416
0.00414
0.00413
0.00413
0.0041
0.0041
0.00409
0.00409
0.00409
0.00409
0.00409
0.0041
0.0041
0.00411
0.00412
0.00413
0.00415
0.00417
0.00419
0.00422
0.00423
0.00426
0.00428
0.00431
0.00433
0.00436
0.00438
0.00441
0.00443
0.00446
0.00448
0.0045
0.00453
0.00455
0.00457
0.0046
0.0046
0.00463
0.00464
0.00466
0.00466
0.00468
0.00468
0.0047
0.0047
0.00471
0.00471
0.00471
0.00471
0.00471
0.00471
0.00472
0.00471
0.00471
0.0047
0.00471
0.0047
0.0047
0.00469
0.0047
0.00468
0.00468
0.00468
0.00467
0.00467
0.00467
0.00466
0.00467
0.00465
0.00466
0.00465
0.00466
0.00465
0.00465
0.00463
0.00464
0.00463
0.00462
0.00461
0.0046
0.0046
0.00459
0.00458
0.00457
0.00455
0.00454
0.00452
0.00451
0.00448
0.00447
0.00444
0.00443
0.0044
0.00438
0.00436
0.00433
0.00431
0.00429
0.00426
0.00424
0.00421
0.00419
0.00416
0.00415
0.00412
0.00411
0.00408
0.00407
0.00405
0.00403
0.00402
0.004
0.00399
0.00399
0.00398
0.00398
0.00397
0.00398
0.00397
0.00398
0.00397
0.00398
0.00398
0.00399
0.004
0.00401
0.00401
0.00402
0.00403
0.00404
0.00405
0.00406
0.00406
0.00407
0.00407
0.00408
0.00408
0.00409
0.00408
0.00409
0.00408
0.00408
0.00407
0.00406
0.00406
0.00405
0.00404
0.00403
0.00401
0.00401
0.00399
0.00398
0.00396
0.00395
0.00393
0.00393
0.00391
0.0039
0.00388
0.00387
0.00386
0.00386
0.00385
0.00385
0.00383
0.00383
0.00382
0.00382
0.00381
0.00381
0.0038
0.0038
0.00379
0.00379
0.00378
0.00377
0.00377
0.00376
0.00375
0.00375
0.00373
0.00373
0.00372
0.00371
0.0037
0.00369
0.00367
0.00367
0.00366
0.00365
0.00365
0.00364
0.00365
0.00365
0.00366
0.00367
0.00367
0.0037
0.00372
0.00375
0.00377
0.00381
0.00384
0.00389
0.00393
0.00399
0.00404
0.00409
0.00416
0.00422
0.00429
0.00436
0.00442
0.00449
0.00455
0.00463
0.00469
0.00476
0.00481
0.00489
0.00494
0.00499
0.00504
0.00509
0.00514
0.00518
0.00521
0.00525
0.00527
0.0053
0.00531
0.00534
0.00534
0.00536
0.00536
0.00538
0.00537
0.00538
0.00537
0.00537
0.00537
0.00537
0.00537
0.00537
0.00536
0.00536
0.00536
0.00536
0.00535
0.00536
0.00535
0.00535
0.00535
0.00534
0.00533
0.00533
0.00532
0.00532
0.00531
0.0053
0.00527
0.00527
0.00524
0.00522
0.00519
0.00517
0.00513
0.00511
0.00507
0.00503
0.00499
0.00495
0.00491
0.00487
0.00482
0.00478
0.00473
0.00469
0.00464
0.0046
0.00455
0.00451
0.00446
0.00443
0.00439
0.00435
0.00431
0.00428
0.00425
0.00422
0.00419
0.00417
0.00413
0.00411
0.00408
0.00406
0.00403
0.00401
0.00398
0.00397
0.00394
0.00392
0.00389
0.00386
0.00384
0.00382
0.00379
0.00377
0.00373
0.00371
0.00368
0.00365
0.00362
0.00359
0.00355
0.00353
0.00349
0.00346
0.00343
0.0034
0.00337
0.00334
0.00331
0.00329
0.00325
0.00323
0.00319
0.00317
0.00314
0.00311
0.00308
0.00306
0.00303
0.003
0.00297
0.00294
0.00292
0.00289
0.00286
0.00284
0.0028
0.00278
0.00275
0.00273
0.0027
0.00268
0.00265
0.00264
0.00262
0.0026
0.00258
0.00257
0.00257
0.00256
0.00256
0.00257
0.00257
0.00259
0.0026
0.00263
0.00264
0.00268
0.00271
0.00276
0.00279
0.00284
0.00288
0.00293
0.00299
0.00305
0.00311
0.00318
0.00323
0.0033
0.00336
0.00343
0.00349
0.00356
0.00361
0.00368
0.00374
0.0038
0.00385
0.0039
0.00396
0.00401
0.00405
0.0041
0.00413
0.00417
0.00421
0.00425
0.00427
0.0043
0.00432
0.00435
0.00437
0.00439
0.00441
0.00443
0.00445
0.00447
0.00448
0.0045
0.00451
0.00453
0.00454
0.00456
0.00457
0.00459
0.0046
0.00462
0.00463
0.00465
0.00466
0.00467
0.00469
0.0047
0.00472
0.00474
0.00474
0.00476
0.00477
0.00479
0.00479
0.00481
0.00481
0.00483
0.00484
0.00484
0.00485
0.00485
0.00486
0.00487
0.00487
0.00488
0.00488
0.00489
0.00489
0.0049
0.00489
0.0049
0.00489
0.00491
0.00491
0.00491
0.00491
0.00491
0.00492
0.00493
0.00493
0.00494
0.00494
0.00496
0.00496
0.00497
0.00497
0.00498
0.00498
0.005
0.005
0.00501
0.00501
0.00501
0.00501
0.00502
0.00502
0.00502
0.00501
0.00501
0.005
0.005
0.00498
0.00498
0.00496
0.00495
0.00493
0.00491
0.00489
0.00487
0.00485
0.00483
0.00481
0.00479
0.00476
0.00474
0.00472
0.00471
0.00468
0.00467
0.00465
0.00465
0.00464
0.00463
0.00463
0.00462
0.00463
0.00464
0.00465
0.00466
0.00467
0.0047
0.00471
0.00474
0.00476
0.0048
0.00482
0.00486
0.00489
0.00492
0.00496
0.00499
0.00503
0.00506
0.0051
0.00514
0.00515
0.00519
0.00521
0.00524
0.00525
0.00528
0.00528
0.00531
0.00531
0.00532
0.00532
0.00532
0.00532
0.00531
0.0053
0.0053
0.00528
0.00527
0.00525
0.00523
0.00521
0.0052
0.00517
0.00516
0.00513
0.00511
0.00509
0.00507
0.00505
0.00504
0.00502
0.00502
0.00499
0.00499
0.00498
0.00499
0.00497
0.00498
0.00497
0.00499
0.00499
0.005
0.00501
0.00502
0.00504
0.00506
0.00508
0.0051
0.00512
0.00515
0.00516
0.00519
0.00521
0.00523
0.00525
0.00528
0.0053
0.00532
0.00533
0.00535
0.00537
0.00538
0.0054
0.00541
0.00541
0.00542
0.00542
0.00544
