4.0227002562691E+01

0.00361
0.0036
0.0036
0.00359
0.0036
0.0036
0.00361
0.00362
0.00362
0.00364
0.00366
0.00368
0.0037
0.00371
0.00374
0.00377
0.0038
0.00382
0.00385
0.00387
0.00391
0.00393
0.00396
0.00398
0.004
0.00403
0.00405
0.00407
0.00409
0.0041
0.00412
0.00413
0.00414
0.00414
0.00415
0.00414
0.00416
0.00415
0.00415
0.00414
0.00413
0.00413
0.00412
0.00411
0.00411
0.00409
0.00408
0.00407
0.00406
0.00404
0.00404
0.00402
0.00402
0.004
0.00399
0.00398
0.00396
0.00395
0.00395
0.00393
0.00393
0.0039
0.0039
0.00388
0.00388
0.00386
0.00385
0.00383
0.00382
0.0038
0.00379
0.00377
0.00375
0.00374
0.00373
0.00371
0.0037
0.00368
0.00367
0.00365
0.00365
0.00363
0.00362
0.00361
0.00361
0.0036
0.00359
0.00359
0.00359
0.00359
0.00359
0.0036
0.00361
0.00361
0.00363
0.00363
0.00365
0.00366
0.00368
0.0037
0.00373
0.00374
0.00377
0.00379
0.00381
0.00384
0.00387
0.0039
0.00393
0.00395
0.00398
0.00401
0.00404
0.00406
0.00409
0.00411
0.00414
0.00415
0.00417
0.00419
0.0042
0.00421
0.00422
0.00423
0.00424
0.00423
0.00423
0.00422
0.00422
0.0042
0.00419
0.00416
0.00415
0.00413
0.0041
0.00406
0.00403
0.004
0.00397
0.00394
0.00391
0.00386
0.00383
0.00379
0.00376
0.00372
0.00369
0.00365
0.00362
0.00359
0.00355
0.00352
0.00349
0.00347
0.00345
0.00342
0.00341
0.00337
0.00336
0.00334
0.00332
0.00329
0.00328
0.00325
0.00324
0.00321
0.00319
0.00316
0.00313
0.00311
0.00309
0.00306
0.00304
0.003
0.00298
0.00295
0.00293
0.00289
0.00287
0.00284
0.00282
0.0028
0.00278
0.00276
0.00274
0.00273
0.00272
0.00271
0.00272
0.00271
0.00271
0.00271
0.00273
0.00273
0.00275
0.00276
0.00279
0.0028
0.00282
0.00284
0.00286
0.00289
0.00291
0.00293
0.00296
0.00298
0.003
0.00302
0.00305
0.00306
0.00309
0.0031
0.00313
0.00314
0.00315
0.00316
0.00318
0.0032
0.00322
0.00323
0.00326
0.00326
0.00329
0.00331
0.00334
0.00335
0.00338
0.00339
0.00343
0.00345
0.00348
0.0035
0.00353
0.00356
0.00359
0.00361
0.00364
0.00365
0.00368
0.0037
0.00372
0.00373
0.00375
0.00375
0.00377
0.00377
0.00377
0.00376
0.00375
0.00374
0.00373
0.00372
0.00371
0.00368
0.00367
0.00364
0.00363
0.0036
0.00358
0.00355
0.00354
0.00351
0.0035
0.00348
0.00346
0.00345
0.00344
0.00344
0.00344
0.00342
0.00343
0.00343
0.00344
0.00344
0.00345
0.00345
0.00347
0.00347
0.00348
0.00349
0.00349
0.0035
0.00351
0.00351
0.00352
0.00351
0.00351
0.0035
0.0035
0.00348
0.00347
0.00345
0.00344
0.00342
0.00339
0.00337
0.00334
0.00333
0.00331
0.00328
0.00327
0.00324
0.00323
0.0032
0.0032
0.00318
0.00317
0.00316
0.00317
0.00316
0.00317
0.00318
0.00319
0.00321
0.00323
0.00325
0.00328
0.0033
0.00334
0.00337
0.00341
0.00344
0.00349
0.00352
0.00357
0.0036
0.00364
0.00368
0.00371
0.00375
0.00379
0.00382
0.00386
0.00388
0.00391
0.00394
0.00397
0.00398
0.00401
0.00402
0.00405
0.00406
0.00408
0.00409
0.00411
0.00412
0.00414
0.00415
0.00417
0.00417
0.00419
0.0042
0.00422
0.00422
0.00424
0.00425
0.00427
0.00428
0.00429
0.0043
0.00431
0.00432
0.00434
0.00435
0.00436
0.00436
0.00438
0.00438
0.0044
0.0044
0.00441
0.0044
0.00442
0.00442
0.00443
0.00443
0.00443
0.00444
0.00445
0.00445
0.00447
0.00446
0.00448
0.00448
0.0045
0.0045
0.00451
0.00451
0.00453
0.00454
0.00455
0.00455
0.00456
0.00457
0.00458
0.00458
0.00459
0.00458
0.00459
0.00458
0.00458
0.00457
0.00457
0.00455
0.00454
0.00452
0.0045
0.00448
0.00445
0.00443
0.00441
0.00439
0.00437
0.00433
0.00431
0.00428
0.00427
0.00424
0.00422
0.0042
0.00419
0.00418
0.00417
0.00417
0.00416
0.00417
0.00418
0.00419
0.00421
0.00422
0.00425
0.00427
0.0043
0.00433
0.00436
0.00439
0.00443
0.00447
0.0045
0.00453
0.00456
0.0046
0.00463
0.00466
0.0047
0.00471
0.00474
0.00476
0.00478
0.00479
0.00481
0.00481
0.00483
0.00483
0.00483
0.00483
0.00483
0.00483
0.00483
0.00483
0.00483
0.00481
0.00482
0.00481
0.00482
0.00481
0.00481
0.00481
0.00482
0.00482
0.00483
0.00483
0.00484
0.00485
0.00486
0.00487
0.00489
0.00489
0.00492
0.00492
0.00495
0.00495
0.00497
0.00497
0.00499
0.005
0.00501
0.00501
0.00501
0.00502
0.00502
0.00502
0.00502
0.00501
0.00501
0.00499
0.00499
0.00497
0.00496
0.00494
0.00493
0.00491
0.00488
0.00486
0.00483
0.00481
0.00479
0.00476
0.00474
0.0047
0.00468
0.00465
0.00462
0.00459
0.00456
0.00453
0.00451
0.00447
0.00444
0.00441
0.00438
0.00435
0.00433
0.0043
0.00428
0.00424
0.00423
0.0042
0.00418
0.00415
0.00413
0.0041
0.00409
0.00407
0.00405
0.00403
0.00401
0.00401
0.00399
0.00399
0.00398
0.00397
0.00397
0.00396
0.00397
0.00397
0.00398
0.00398
0.00399
0.00399
0.00401
0.00402
0.00403
0.00404
0.00406
0.00408
0.0041
0.0041
0.00413
0.00414
0.00416
0.00416
0.00417
0.00417
0.00419
0.00419
0.00419
0.00419
0.00418
0.00417
0.00416
0.00415
0.00413
0.0041
0.00409
0.00405
0.00403
0.00399
0.00396
0.00391
0.00389
0.00384
0.0038
0.00376
0.00372
0.00368
0.00364
0.0036
0.00357
0.00353
0.00351
0.00347
0.00345
0.00342
0.0034
0.00337
0.00336
0.00334
0.00333
0.00332
0.00331
0.00331
0.00331
0.0033
0.00331
0.0033
0.00331
0.00331
0.00331
0.00331
0.00332
0.00331
0.00333
0.00332
0.00333
0.00332
0.00332
0.00333
0.00333
0.00333
0.00334
0.00333
0.00334
0.00333
0.00334
0.00334
0.00335
0.00335
0.00337
0.00337
0.00339
0.0034
0.00341
0.00343
0.00345
0.00347
0.00349
0.0035
0.00353
0.00354
0.00357
0.00359
0.00361
0.00362
0.00365
0.00366
0.00367
0.00368
0.00369
0.0037
0.0037
0.00371
0.00371
0.0037
0.0037
0.00369
0.00369
0.00367
0.00367
0.00365
0.00365
0.00363
0.00362
0.0036
0.00359
0.00359
0.00358
0.00358
0.00358
0.00357
0.00359
0.00359
0.0036
0.00361
0.00364
0.00365
0.00368
0.0037
0.00373
0.00376
0.00379
0.00382
0.00386
0.0039
0.00394
0.00396
0.00401
0.00404
0.00408
0.00411
0.00415
0.00417
0.00421
0.00424
0.00427
0.00429
0.00431
0.00434
0.00436
0.00438
0.0044
0.0044
0.00443
0.00444
0.00446
0.00447
0.00448
0.00449
0.00451
0.00452
0.00453
0.00453
0.00454
0.00455
0.00456
0.00457
0.00458
0.00457
0.00458
0.00458
0.00458
0.00457
0.00457
0.00455
0.00455
0.00453
0.00452
0.00449
0.00447
0.00445
0.00442
0.0044
0.00437
0.00433
0.0043
0.00427
0.00424
0.0042
0.00417
0.00413
0.00411
0.00408
0.00405
0.00403
0.004
0.00398
0.00397
0.00396
0.00396
0.00394
0.00395
0.00394
0.00396
0.00396
0.00397
0.00398
0.00401
0.00402
0.00404
0.00407
0.00409
0.00412
0.00415
0.00418
0.00421
0.00423
0.00427
0.0043
0.00434
0.00436
0.00439
0.00441
0.00445
0.00447
0.0045
0.00453
0.00455
0.00458
0.00461
0.00464
0.00467
0.00469
0.00473
0.00475
0.00479
0.00481
0.00484
0.00487
0.00491
0.00494
0.00497
0.00501
0.00504
0.00508
0.00512
0.00515
0.0052
0.00523
0.00528
0.00532
0.00537
0.00541
0.00546
0.0055
0.00556
0.00561
0.00566
0.00572
0.00577
0.00583
0.0059
0.00596
0.00603
0.00609
0.00617
0.00624
0.00632
0.00639
0.00648
0.00655
0.00665
0.00673
0.00682
0.00691
0.007
0.0071
0.00719
0.00729
0.00739
0.00748
0.00758
0.00768
0.00778
0.00787
0.00797
0.00805
0.00816
0.00825
0.00833
0.00842
0.00851
0.0086
0.00869
0.00878
0.00887
0.00895
0.00904
0.00912
0.00922
0.0093
0.00939
0.00947
0.00957
0.00966
0.00975
0.00985
0.00994
0.01004
0.01014
0.01025
0.01035
0.01045
0.01057
0.01067
0.01079
0.0109
0.01102
0.01113
0.01126
0.01137
0.01149
0.01161
0.01173
0.01185
0.01198
0.0121
0.01223
0.01235
0.01248
0.0126
0.01273
0.01285
0.01298
0.01311
0.01324
0.01337
0.0135
0.01363
0.01375
0.01389
0.01402
0.01415
0.01429
0.01442
0.01456
0.01469
0.01483
0.01495
0.01509
0.01522
0.01536
0.01548
0.01561
0.01573
0.01585
0.01597
0.01609
0.0162
0.01632
0.01641
0.01652
0.01661
0.0167
0.01678
0.01687
0.01694
0.01702
0.01708
0.01715
0.0172
0.01725
0.01731
0.01736
0.0174
0.01745
0.01747
0.01752
0.01754
0.01758
0.01761
0.01764
0.01766
0.0177
0.01772
0.01775
0.01777
0.0178
0.01783
0.01786
0.01788
0.01791
0.01793
0.01796
0.01798
0.01801
0.01802
0.01805
0.01806
0.01808
0.0181
0.01811
0.01812
0.01813
0.01813
0.01814
0.01814
0.01815
0.01814
0.01814
0.01813
0.01813
0.01812
0.01811
0.0181
0.0181
0.01809
0.01808
0.01807
0.01806
0.01805
0.01805
0.01805
0.01805
0.01803
0.01804
0.01803
0.01804
0.01804
0.01804
0.01804
0.01805
0.01805
0.01805
0.01805
0.01805
0.01805
0.01805
0.01805
0.01805
0.01803
0.01803
0.01802
0.018
0.01798
0.01797
0.01793
0.01792
0.01789
0.01785
0.01782
0.01778
0.01775
0.01772
0.01768
0.01765
0.0176
0.01757
0.01753
0.0175
0.01746
0.01744
0.0174
0.01738
0.01735
0.01733
0.01731
0.01729
0.01728
0.01727
0.01725
0.01725
0.01723
0.01722
0.01721
0.01721
0.0172
0.0172
0.01718
0.01718
0.01717
0.01716
0.01714
0.01713
0.01712
0.0171
0.01709
0.01707
0.01704
0.01702
0.017
0.01698
0.01695
0.01693
0.0169
0.01688
0.01685
0.01683
0.0168
0.01678
0.01676
0.01674
0.01673
0.01671
0.01669
0.01668
0.01666
0.01665
0.01663
0.01663
0.01661
0.01661
0.01659
0.01658
0.01656
0.01654
0.01652
0.0165
0.01648
0.01645
0.01641
0.01639
0.01634
0.0163
0.01625
0.01621
0.01614
0.01609
0.01602
0.01596
0.01588
0.0158
0.01573
0.01565
0.01556
0.01548
0.01538
0.0153
0.0152
0.01511
0.01501
0.01492
0.01482
0.01473
0.01463
0.01453
0.01443
0.01433
0.01424
0.01415
0.01405
0.01396
0.01386
0.01378
0.01368
0.01359
0.0135
0.01341
0.01331
0.01323
0.01313
0.01304
0.01295
0.01286
0.01277
0.01269
0.0126
0.01252
0.01242
0.01234
0.01225
0.01217
0.01208
0.012
0.01192
0.01185
0.01176
0.01169
0.01161
0.01154
0.01147
0.0114
0.01134
0.01128
0.01121
0.01115
0.0111
0.01105
0.01099
0.01095
0.0109
0.01086
0.01082
0.01078
0.01074
0.01071
0.01068
0.01066
0.01063
0.01061
0.01058
0.01057
0.01055
0.01053
0.01051
0.0105
0.01048
0.01048
0.01047
0.01046
0.01045
0.01043
0.01043
0.01042
0.01041
0.01041
0.01039
0.01039
0.01038
0.01037
0.01035
0.01035
0.01033
0.01032
0.0103
0.01029
0.01026
0.01024
0.01022
0.0102
0.01017
0.01015
0.01011
0.01008
0.01004
0.01001
0.00996
0.00993
0.00988
0.00984
0.00979
0.00973
0.00968
0.00962
0.00957
0.00951
0.00946
0.0094
0.00933
0.00927
0.0092
0.00914
0.00907
0.00901
0.00893
0.00887
0.0088
0.00874
0.00866
0.00859
0.00853
0.00846
0.0084
0.00834
0.00826
0.0082
0.00814
0.00808
0.00801
0.00795
0.00788
0.00782
0.00775
0.00769
0.00763
0.00756
0.0075
0.00743
0.00737
0.00731
0.00724
0.00718
0.00711
0.00705
0.00698
0.00692
0.00685
0.0068
0.00673
0.00667
0.00661
0.00655
0.00651
0.00646
0.00641
0.00637
0.00632
0.00629
0.00626
0.00624
0.00621
0.00619
0.00617
0.00617
0.00616
0.00616
0.00616
0.00617
0.00618
0.0062
0.00622
0.00624
0.00626
0.00629
0.00632
0.00635
0.00637
0.00641
0.00644
0.00647
0.0065
0.00653
0.00655
0.00658
0.00661
0.00664
0.00666
0.00668
0.00669
0.00672
0.00673
0.00675
0.00676
0.00678
0.00679
0.00682
0.00682
0.00684
0.00685
0.00686
0.00688
0.0069
0.00692
0.00695
0.00696
0.00699
0.007
0.00703
0.00705
0.00708
0.00709
0.00712
0.00714
0.00716
0.00717
0.00718
0.0072
0.00721
0.00722
0.00723
0.00722
0.00723
0.00722
0.00721
0.00719
0.00718
0.00715
0.00713
0.0071
0.00706
0.00702
0.00698
0.00694
0.0069
0.00685
0.0068
0.00673
0.00669
0.00663
0.00657
0.00651
0.00645
0.00639
0.00633
0.00627
0.0062
0.00614
0.00607
0.00602
0.00595
0.00589
0.00584
0.00576
0.00571
0.00564
0.00558
0.00551
0.00546
0.00539
0.00534
0.00527
0.00521
0.00515
0.00509
0.00504
0.00498
0.00493
0.00488
0.00482
0.00478
0.00473
0.0047
0.00465
0.00462
0.00458
0.00457
0.00453
0.00452
0.0045
0.00448
0.00448
0.00448
0.00448
0.00449
0.00449
0.00451
0.00452
0.00455
0.00457
0.00461
0.00463
0.00468
0.00471
0.00475
0.00479
0.00484
0.00489
0.00494
0.00499
0.00504
0.00508
0.00514
0.00518
0.00524
0.00528
0.00534
0.00538
0.00543
0.00546
0.00551
0.00554
0.00557
0.0056
0.00563
0.00566
0.00568
0.00569
0.00571
0.00571
0.00572
0.00571
0.00571
0.00569
0.00569
0.00567
0.00565
0.00562
0.0056
0.00558
0.00555
0.00552
0.00549
0.00545
0.00542
0.00538
0.00535
0.00532
0.00529
0.00525
0.00523
0.0052
0.00517
0.00515
0.00512
0.00511
0.0051
0.00508
0.00508
0.00506
0.00506
0.00505
0.00505
0.00504
0.00505
0.00504
0.00505
0.00504
0.00505
0.00504
0.00504
0.00504
0.00504
0.00504
0.00504
0.00503
0.00503
0.00502
0.00502
0.005
0.00499
0.00497
0.00497
0.00496
0.00494
0.00493
0.00491
0.00491
0.0049
0.00489
0.00489
0.00487
0.00488
0.00487
0.00488
0.00488
0.00489
0.00489
0.00491
0.00492
0.00494
0.00496
0.00498
0.00501
0.00504
0.00507
0.00511
0.00514
0.00518
0.00521
0.00526
0.00529
0.00534
0.00537
0.00543
0.00547
0.00551
0.00555
0.00559
0.00564
0.00569
0.00574
0.00579
0.00582
0.00587
0.00591
0.00596
0.006
0.00605
0.00608
0.00613
0.00616
0.00621
0.00624
0.00628
0.00631
0.00635
0.00639
0.00642
0.00644
0.00648
0.0065
0.00653
0.00655
0.00657
0.00658
0.0066
0.00661
0.00662
0.00662
0.00662
0.00663
0.00662
0.00662
0.00661
0.00659
0.00658
0.00655
0.00654
0.00651
0.00648
0.00644
0.00641
0.00637
0.00633
0.00629
0.00624
0.0062
0.00615
0.0061
0.00606
0.006
0.00595
0.00589
0.00585
0.00579
0.00574
0.00568
0.00564
0.00558
0.00553
0.00548
0.00543
0.00539
0.00534
0.0053
0.00526
0.0052
0.00517
0.00512
0.00509
0.00504
0.00501
0.00496
0.00493
0.00489
0.00484
0.0048
0.00476
0.00472
0.00468
0.00464
0.0046
0.00455
0.00451
0.00445
0.00442
0.00436
0.00431
0.00426
0.00422
0.00416
0.00411
0.00405
0.004
0.00395
0.00391
0.00386
0.00382
0.00377
0.00373
0.00369
0.00367
0.00363
0.0036
0.00357
0.00357
0.00354
0.00353
0.00352
0.00352
0.00352
0.00352
0.00353
0.00354
0.00354
0.00357
0.00357
0.0036
0.00361
0.00363
0.00364
0.00367
0.00368
0.00369
0.0037
0.00371
0.00372
0.00373
0.00373
0.00374
0.00373
0.00373
0.00372
0.00372
0.0037
0.00369
0.00367
0.00367
0.00365
0.00364
0.00362
0.00361
0.0036
0.0036
0.00359
0.0036
0.00359
0.0036
0.0036
0.00362
0.00363
0.00365
0.00366
0.0037
0.00372
0.00375
0.00377
0.0038
0.00384
0.00387
0.00391
0.00395
0.00396
0.004
0.00402
0.00406
0.00407
0.00409
0.00409
0.00411
0.00411
0.00412
0.00411
0.0041
0.00409
0.00408
0.00406
0.00404
0.00401
0.00399
0.00396
0.00394
0.0039
0.00388
0.00385
0.00383
0.0038
0.00378
0.00376
0.00374
0.00373
0.00372
0.00372
0.00372
0.00371
0.00372
0.00373
0.00375
0.00375
0.00378
0.00379
0.00382
0.00384
0.00387
0.00389
0.00391
0.00394
0.00397
0.00399
0.00403
0.00404
0.00406
0.00408
0.00411
0.00411
0.00413
0.00413
0.00415
0.00416
0.00416
0.00417
0.00417
0.00417
0.00418
0.00418
0.00419
0.00419
0.0042
0.0042
0.00422
0.00422
0.00424
0.00424
0.00427
0.00428
0.0043
0.00432
0.00434
0.00436
0.00439
0.00442
0.00445
0.00447
0.00451
0.00454
0.00458
0.0046
0.00463
0.00465
0.00469
0.00471
0.00473
0.00475
0.00477
0.00479
0.0048
0.00481
0.00483
0.00482
0.00483
0.00483
0.00483
0.00481
0.00481
0.00479
0.00478
0.00476
0.00474
0.00471
0.00468
0.00466
0.00463
0.0046
0.00457
0.00452
0.0045
0.00445
0.00442
0.00437
0.00433
0.00428
0.00424
0.00419
0.00415
0.0041
0.00405
0.004
0.00396
0.00391
0.00387
0.00382
0.00378
0.00373
0.0037
0.00365
0.00362
0.00358
0.00355
0.00352
0.0035
0.00347
0.00345
0.00344
0.00343
0.00343
0.00343
0.00342
0.00344
0.00345
0.00347
0.00349
0.00351
0.00353
0.00357
0.0036
0.00364
0.00367
0.00371
0.00375
0.00379
0.00383
0.00388
0.0039
0.00395
0.00398
0.00402
0.00404
0.00407
0.00409
0.00412
0.00413
0.00414
0.00415
0.00415
0.00416
0.00416
0.00415
0.00415
0.00414
0.00414
0.00412
0.00412
0.0041
0.0041
0.00408
0.00409
0.00408
0.00408
0.00408
0.00409
0.0041
0.00412
0.00413
0.00416
0.00418
0.00422
0.00425
0.00429
0.00432
0.00437
0.00442
0.00447
0.00452
0.00457
0.00462
0.00467
0.00472
0.00477
0.00482
0.00487
0.00491
0.00495
0.00499
0.00503
0.00505
0.00508
0.00509
0.00512
0.00513
0.00514
0.00514
0.00514
0.00515
0.00515
0.00514
0.00514
0.00511
0.00511
0.00509
0.00508
0.00505
0.00504
0.00501
0.005
0.00497
0.00496
0.00493
0.00491
0.00489
0.00487
0.00484
0.00483
0.00479
0.00478
0.00475
0.00473
0.0047
0.00468
0.00465
0.00463
0.0046
0.00458
0.00455
0.00452
0.0045
0.00447
0.00445
0.00443
0.0044
0.00438
0.00435
0.00434
0.00431
0.0043
0.00427
0.00426
0.00424
0.00422
0.00421
0.00419
0.00418
0.00417
0.00415
0.00414
0.00412
0.00411
0.00408
0.00407
0.00404
0.00403
0.00399
0.00398
0.00395
0.00391
0.00388
0.00385
0.00382
0.00378
0.00375
0.00372
0.00367
0.00364
0.0036
0.00357
0.00354
0.00351
0.00348
0.00347
0.00344
0.00343
0.00342
0.00341
0.00341
0.00342
0.00343
0.00345
0.00346
0.00349
0.00351
0.00355
0.00358
0.00362
0.00365
0.00371
0.00375
0.00379
0.00383
0.00387
0.00391
0.00395
0.00399
0.00403
0.00404
0.00408
0.0041
0.00413
0.00413
0.00414
0.00414
0.00416
0.00415
0.00415
0.00414
0.00413
0.00412
0.00411
0.0041
0.00409
0.00407
0.00406
0.00404
0.00404
0.00403
0.00403
0.00402
0.00403
0.00403
0.00404
0.00404
0.00406
0.00408
0.00409
0.00412
0.00414
0.00416
0.00419
0.00422
0.00426
0.00428
0.00431
0.00434
0.00438
0.0044
0.00443
0.00445
0.00448
0.0045
0.00453
0.00455
0.00458
0.00458
0.00461
0.00462
0.00464
0.00465
0.00466
0.00467
0.00469
0.0047
0.0047
0.00471
0.00472
0.00473
0.00475
0.00476
0.00478
0.00478
0.0048
0.00481
0.00484
0.00485
0.00487
0.00488
0.00491
0.00492
0.00494
0.00496
0.00497
0.00499
0.00501
0.00503
0.00505
0.00505
0.00507
0.00508
0.0051
0.0051
0.00511
0.0051
0.00512
0.00511
0.00511
0.0051
0.0051
0.00509
0.00509
0.00508
0.00507
0.00505
0.00505
0.00503
0.00502
0.005
0.00499
0.00497
0.00497
0.00496
0.00494
0.00493
0.00492
0.00492
0.00492
0.00491
0.00491
0.0049
0.00491
0.00491
0.00492
0.00492
0.00493
0.00493
0.00495
0.00496
0.00497
0.00497
0.00498
0.005
0.00501
0.00502
0.00504
0.00504
0.00505
0.00505
0.00507
0.00507
0.00507
0.00507
0.00508
0.00507
0.00507
0.00506
0.00505
0.00505
0.00504
0.00503
0.00502
0.005
0.005
0.00498
0.00497
0.00495
0.00494
0.00491
0.00491
0.00489
0.00487
0.00486
0.00484
0.00483
0.00481
0.0048
0.00479
0.00477
0.00477
0.00475
0.00475
0.00473
0.00473
0.00471
0.00471
0.00469
0.00468
0.00466
0.00465
0.00463
0.00462
0.00461
0.0046
0.00457
0.00456
0.00453
0.00452
0.00448
0.00447
0.00443
0.00441
0.00438
0.00435
0.00432
0.00428
0.00425
0.00421
0.00418
0.00414
0.00409
0.00406
0.00402
0.00399
0.00394
0.0039
0.00385
0.00382
0.00377
0.00372
0.00368
0.00364
0.0036
0.00356
0.00352
0.00348
0.00344
0.00341
0.00337
0.00334
0.0033
0.00328
0.00324
0.00323
0.00321
0.00319
0.00317
0.00316
0.00315
0.00315
0.00314
0.00315
0.00314
0.00315
0.00315
0.00317
0.00317
0.00319
0.0032
0.00323
0.00324
0.00327
0.00329
0.00331
0.00334
0.00337
0.00339
0.00343
0.00345
0.00348
0.00351
0.00354
0.00356
0.0036
0.00362
0.00366
0.00368
0.00371
0.00374
0.00376
0.00379
0.00382
0.00385
0.00388
0.0039
0.00394
0.00396
0.00399
0.00401
0.00404
0.00405
0.00409
0.00411
0.00413
0.00414
0.00416
0.00417
0.00419
0.00421
0.00422
0.00422
0.00424
0.00424
0.00426
0.00425
0.00426
0.00425
0.00426
0.00425
0.00424
0.00424
0.00423
0.00422
0.00422
0.00422
0.00421
0.0042
0.0042
0.00419
0.0042
0.00419
0.00419
0.00418
0.0042
0.00419
0.0042
0.0042
0.00421
0.00422
0.00423
0.00424
0.00426
0.00426
0.00427
0.00428
0.0043
0.0043
0.00431
0.00431
0.00433
0.00433
0.00434
0.00434
0.00434
0.00434
0.00434
0.00433
0.00433
0.00431
0.00431
0.0043
0.00429
0.00427
0.00427
0.00424
0.00424
0.00422
0.0042
0.00419
0.00417
0.00416
0.00414
0.00413
0.00412
0.0041
0.00409
0.00408
0.00408
0.00406
0.00406
0.00404
0.00404
0.00403
0.00403
0.00402
0.00401
0.00401
0.00401
0.004
0.004
0.00398
0.00399
0.00398
0.00398
0.00396
0.00396
0.00395
0.00395
0.00393
0.00393
0.00391
0.0039
0.0039
0.00389
0.00388
0.00387
0.00385
0.00385
0.00384
0.00384
0.00382
0.00382
0.00381
0.00381
0.0038
0.0038
0.00379
0.00379
0.00379
0.0038
0.0038
0.00381
0.0038
0.00382
0.00382
0.00383
0.00383
0.00385
0.00385
0.00388
0.00388
0.0039
0.00391
0.00392
0.00394
0.00396
0.00398
0.004
0.004
0.00403
0.00404
0.00406
0.00407
0.00409
0.0041
0.00413
0.00414
0.00416
0.00417
0.00419
0.00421
0.00423
0.00425
0.00427
0.00428
0.0043
0.00432
0.00435
0.00436
0.00439
0.00441
0.00444
0.00446
0.00448
0.00451
0.00453
0.00456
0.00458
0.00461
0.00464
0.00465
0.00468
0.0047
0.00473
0.00474
0.00476
0.00477
0.00479
0.00479
0.0048
0.0048
0.0048
0.00479
0.00479
0.00478
0.00478
0.00475
0.00474
0.00471
0.00469
0.00466
0.00463
0.00459
0.00457
0.00453
0.00449
0.00445
0.0044
0.00437
0.00433
0.00429
0.00426
0.00421
0.00418
0.00414
0.00411
0.00407
0.00404
0.004
0.00398
0.00395
0.00393
0.0039
0.00388
0.00386
0.00384
0.00382
0.00381
0.00378
0.00378
0.00375
0.00375
0.00373
0.00372
0.0037
0.0037
0.00368
0.00368
0.00367
0.00365
0.00365
0.00364
0.00364
0.00364
0.00362
0.00362
0.00361
0.00362
0.0036
0.00361
0.0036
0.00362
0.00361
0.00362
0.00362
0.00362
0.00363
0.00364
0.00365
0.00366
0.00366
0.00368
0.00369
0.00371
0.00372
0.00373
0.00374
0.00377
0.00378
0.0038
0.00381
0.00383
0.00385
0.00387
0.0039
0.00392
0.00394
0.00397
0.00399
0.00403
0.00405
0.00409
0.00412
0.00416
0.00419
0.00423
0.00427
0.00431
0.00435
0.0044
0.00444
0.00449
0.00453
0.00458
0.00462
0.00468
0.00472
0.00477
0.00481
0.00486
0.0049
0.00494
0.00498
0.00502
0.00506
0.0051
0.00514
0.00518
0.0052
0.00524
0.00527
0.00531
0.00533
0.00536
0.00538
0.00541
0.00543
0.00546
0.00548
0.00549
0.00552
0.00554
0.00556
0.00558
0.00558
0.00561
0.00561
0.00563
0.00564
0.00565
0.00564
0.00566
0.00565
0.00565
0.00564
0.00563
0.00562
0.00561
0.00559
0.00557
0.00553
0.00551
0.00546
0.00543
0.00538
0.00535
0.00529
0.00525
0.00519
0.00514
0.00508
0.00502
0.00496
0.00491
0.00484
0.00479
0.00472
0.00468
0.00461
0.00457
0.00451
0.00447
0.00441
0.00438
0.00433
0.00429
0.00426
0.00422
0.00419
0.00417
0.00414
0.00413
0.00409
0.00408
0.00406
0.00405
0.00403
0.00401
0.00399
0.00398
0.00396
0.00395
0.00392
0.0039
0.00388
0.00386
0.00385
0.00383
0.00379
0.00378
0.00375
0.00373
0.0037
0.00368
0.00365
0.00364
0.00361
0.00359
0.00357
0.00355
0.00354
0.00352
0.00352
0.00352
0.00351
0.00351
0.00351
0.00353
0.00353
0.00355
0.00356
0.00359
0.00361
0.00364
0.00367
0.00369
0.00373
0.00377
0.0038
0.00384
0.00386
0.00391
0.00394
0.00398
0.00401
0.00404
0.00407
0.00411
0.00414
0.00416
0.00419
0.00421
0.00424
0.00427
0.00429
0.00432
0.00433
0.00436
0.00438
0.00441
0.00443
0.00446
0.00448
0.00452
0.00455
0.00458
0.00461
0.00465
0.00469
0.00473
0.00477
0.00482
0.00485
0.0049
0.00494
0.00499
0.00503
0.00508
0.00511
0.00516
0.0052
0.00523
0.00526
0.00529
0.00532
0.00535
0.00536
0.00538
0.00538
0.0054
0.0054
0.0054
0.00539
0.00539
0.00537
0.00536
0.00534
0.00532
0.0053
0.00527
0.00525
0.00523
0.00521
0.00519
0.00516
0.00514
0.00512
0.00511
0.00508
0.00507
0.00505
0.00505
0.00504
0.00503
0.00502
0.00502
0.00502
0.00502
0.00502
0.00502
0.00501
0.00502
0.00501
0.00502
0.00501
0.00501
0.00499
0.00499
0.00497
0.00496
0.00494
0.00492
0.0049
0.00487
0.00485
0.00483
0.00478
0.00476
0.00472
0.0047
0.00465
0.00463
0.00458
0.00456
0.00452
0.0045
0.00447
0.00443
0.00442
0.0044
0.00438
0.00437
0.00434
0.00434
0.00433
0.00434
0.00432
0.00433
0.00432
0.00434
0.00434
0.00434
0.00435
0.00435
0.00436
0.00437
0.00438
0.00439
0.00438
0.00439
0.00439
0.00439
0.00438
0.00437
0.00435
0.00435
0.00433
0.00431
0.00429
0.00426
0.00424
0.00422
0.00419
0.00416
0.00412
0.0041
0.00406
0.00404
0.004
0.00398
0.00395
0.00393
0.00391
0.00389
0.00387
0.00386
0.00385
0.00385
0.00386
0.00387
0.00387
0.00389
0.0039
0.00394
0.00396
0.00399
0.00403
0.00408
0.00411
0.00416
0.00421
0.00426
0.00432
0.00437
0.00443
0.00449
0.00454
0.00461
0.00466
0.00472
0.00477
0.00483
0.00487
0.00492
0.00496
0.00501
0.00504
0.00508
0.00511
0.00515
0.00517
0.0052
0.00522
0.00524
0.00525
0.00527
0.00527
0.00529
0.00529
0.0053
0.0053
0.0053
0.0053
0.0053
0.0053
0.0053
0.0053
0.00531
0.00529
0.0053
0.00529
0.00529
0.00528
0.00528
0.00527
0.00527
0.00525
0.00525
0.00523
0.00522
0.00521
0.0052
0.00518
0.00517
0.00514
0.00513
0.00511
0.00509
0.00506
0.00504
0.00501
0.005
0.00497
0.00494
0.00491
0.00488
0.00486
0.00484
0.00481
0.00479
0.00476
0.00475
0.00473
0.00471
0.00469
0.00468
0.00466
0.00465
0.00464
0.00463
0.00461
0.0046
0.0046
0.0046
0.00459
0.00459
0.00457
0.00457
0.00457
0.00457
0.00455
0.00455
0.00453
0.00454
0.00453
0.00452
0.00451
0.0045
0.00449
0.00448
0.00447
0.00447
0.00445
0.00445
0.00443
0.00443
0.00442
0.00442
0.00441
0.00442
0.00441
0.00441
0.0044
0.0044
0.00441
0.00441
0.00442
0.00443
0.00442
0.00444
0.00444
0.00446
0.00446
0.00447
0.00448
0.0045
0.0045
0.00451
0.00452
0.00452
0.00453
0.00454
0.00455
0.00456
0.00456
0.00457
0.00457
0.00459
0.00459
0.0046
0.0046
0.00461
0.00461
0.00462
0.00463
0.00463
0.00465
0.00466
0.00467
0.00468
0.00468
0.0047
0.00471
0.00473
0.00474
0.00476
0.00476
0.00479
0.00479
0.00481
0.00482
0.00483
0.00485
0.00486
0.00488
0.0049
0.0049
0.00492
0.00492
0.00494
0.00495
0.00496
0.00497
0.00499
0.00499
0.005
0.00501
0.00501
0.00502
0.00503
0.00504
0.00505
0.00505
0.00506
0.00506
0.00507
0.00506
0.00507
0.00506
0.00507
0.00506
0.00505
0.00504
0.00503
0.00502
0.00501
0.00499
0.00498
0.00494
0.00493
0.0049
0.00487
0.00484
0.00481
0.00477
0.00474
0.0047
0.00466
0.00461
0.00457
0.00453
0.00449
0.00445
0.00441
0.00436
0.00433
0.00428
0.00425
0.00421
0.00417
0.00413
0.00411
0.00408
0.00404
0.00401
0.00398
0.00396
0.00394
0.00392
0.0039
0.00387
0.00386
0.00384
0.00383
0.00381
0.0038
0.00377
0.00377
0.00375
0.00373
0.00372
0.0037
0.00368
0.00367
0.00366
0.00365
0.00363
0.00362
0.0036
0.0036
0.00358
0.00358
0.00356
0.00356
0.00355
0.00355
0.00354
0.00354
0.00354
0.00354
0.00354
0.00354
0.00354
0.00355
0.00355
0.00356
0.00356
0.00357
0.00357
0.00359
0.00359
0.0036
0.0036
0.0036
0.00361
0.00362
0.00362
0.00363
0.00362
0.00363
0.00362
0.00363
0.00362
0.00361
0.0036
0.0036
0.00358
0.00357
0.00355
0.00353
0.00351
0.00349
0.00347
0.00346
0.00342
0.0034
0.00337
0.00335
0.00331
0.00329
0.00325
0.00323
0.0032
0.00317
0.00314
0.0031
0.00308
0.00306
0.00303
0.00302
0.00298
0.00297
0.00295
0.00295
0.00293
0.00293
0.00292
0.00293
0.00293
0.00293
0.00295
0.00296
0.00298
0.00301
0.00304
0.00308
0.00311
0.00315
0.0032
0.00325
0.00329
0.00335
0.00339
0.00346
0.00352
0.00358
0.00364
0.00369
0.00376
0.00382
0.00388
0.00395
0.00399
0.00406
0.00411
0.00417
0.00422
0.00427
0.00432
0.00437
0.00441
0.00445
0.00449
0.00453
0.00457
0.0046
0.00464
0.00467
0.0047
0.00473
0.00475
0.00479
0.00481
0.00484
0.00486
0.00489
0.00491
0.00494
0.00496
0.00498
0.00501
0.00503
0.00505
0.00508
0.00509
0.00512
0.00514
0.00516
0.00517
0.00519
0.0052
0.00522
0.00522
0.00523
0.00523
0.00524
0.00524
0.00525
0.00525
0.00525
0.00523
0.00523
0.00522
0.00522
0.00521
0.0052
0.00518
0.00518
0.00517
0.00516
0.00515
0.00514
0.00513
0.00513
0.00512
0.00512
0.00511
0.00512
0.00511
0.00512
0.00512
0.00513
0.00513
0.00515
0.00515
0.00516
0.00517
0.00517
0.00518
0.00519
0.0052
0.00521
0.0052
0.00521
0.0052
0.00521
0.00519
0.00519
0.00517
0.00517
0.00514
0.00512
0.00509
0.00506
0.00503
0.005
0.00497
0.00494
0.00489
0.00485
0.00481
0.00478
0.00473
0.00469
0.00465
0.00462
0.00458
0.00455
0.00452
0.00448
0.00446
0.00445
0.00443
0.00442
0.0044
0.0044
0.0044
0.00441
0.0044
0.00442
0.00442
0.00444
0.00445
0.00446
0.00447
0.00448
0.0045
0.00452
0.00453
0.00455
0.00455
0.00457
0.00457
0.00458
0.00457
0.00457
0.00456
0.00456
0.00454
0.00452
0.0045
0.00448
0.00446
0.00444
0.00441
0.00439
0.00435
0.00433
0.00429
0.00427
0.00422
0.0042
0.00416
0.00414
0.0041
0.00407
0.00404
0.00401
0.00398
0.00395
0.00392
0.0039
0.00386
0.00384
0.0038
0.00378
0.00374
0.00371
0.00367
0.00364
0.0036
0.00356
0.00352
0.00347
0.00343
0.00339
0.00335
0.00331
0.00325
0.00321
0.00316
0.00312
0.00307
0.00303
0.00298
0.00295
0.0029
0.00287
0.00284
0.0028
0.00277
0.00276
0.00273
0.00272
0.0027
0.00269
0.00268
0.00269
0.00267
0.00268
0.00268
0.00269
0.00269
0.00271
0.00271
0.00272
0.00274
0.00275
0.00276
0.00278
0.00278
0.0028
0.00281
0.00283
0.00284
0.00285
0.00285
0.00288
0.00288
0.0029
0.0029
0.00292
0.00293
0.00295
0.00297
0.003
0.00301
0.00304
0.00306
0.0031
0.00312
0.00316
0.00319
0.00324
0.00328
0.00333
0.00338
0.00343
0.00348
0.00354
0.0036
0.00367
0.00372
0.00378
0.00384
0.00391
0.00397
0.00403
0.00409
0.00416
0.00421
0.00427
0.00432
0.00437
0.00442
0.00447
0.00452
0.00457
0.00459
0.00464
0.00467
0.00471
0.00473
0.00477
0.00479
0.00482
0.00484
0.00486
0.00488
0.00489
0.00492
0.00494
0.00495
0.00497
0.00498
0.005
0.00501
0.00503
0.00504
0.00506
0.00506
0.00509
0.0051
0.00511
0.00512
0.00513
0.00515
0.00516
0.00517
0.00519
0.00519
0.0052
0.00521
0.00522
0.00522
0.00523
0.00522
0.00523
0.00523
0.00523
0.00522
0.00521
0.00521
0.0052
0.00519
0.00518
0.00515
0.00514
0.00512
0.0051
0.00507
0.00505
0.00502
0.00501
0.00497
0.00494
0.00491
0.00487
0.00484
0.00482
0.00478
0.00476
0.00471
0.00469
0.00465
0.00463
0.00458
0.00456
0.00452
0.0045
0.00447
0.00444
0.00441
0.00438
0.00435
0.00434
0.00431
0.00429
0.00426
0.00425
0.00422
0.00421
0.00419
0.00418
0.00416
0.00415
0.00413
0.00412
0.0041
0.00409
0.00408
0.00407
0.00406
0.00406
0.00404
0.00404
0.00403
0.00403
0.00402
0.00402
0.004
0.00401
0.004
0.004
0.00399
0.00399
0.00399
0.00399
0.00399
0.00399
0.00398
0.00399
0.00399
0.004
0.00399
0.004
0.00399
0.00401
0.00401
0.00402
0.00402
0.00403
0.00404
0.00405
0.00406
0.00408
0.00408
0.00409
0.00411
0.00413
0.00414
0.00416
0.00417
0.00419
0.00421
0.00423
0.00424
0.00426
0.00429
0.00431
0.00433
0.00436
0.00437
0.0044
0.00442
0.00445
0.00446
0.00449
0.0045
0.00453
0.00455
0.00457
0.00458
0.0046
0.00462
0.00465
0.00466
0.00469
0.0047
0.00473
0.00474
0.00477
0.00478
0.0048
0.00481
0.00484
0.00486
0.00488
0.00489
0.00491
0.00493
0.00496
0.00497
0.005
0.00501
0.00503
0.00504
0.00506
0.00507
0.00509
0.00509
0.0051
0.00511
0.00511
0.00511
0.00511
0.00511
0.00511
0.0051
0.0051
0.00508
0.00507
0.00505
0.00505
0.00502
0.00501
0.00498
0.00496
0.00494
0.00491
0.00488
0.00485
0.00483
0.0048
0.00477
0.00474
0.0047
0.00468
0.00464
0.00461
0.00457
0.00454
0.0045
0.00447
0.00443
0.00439
0.00435
0.00431
0.00427
0.00423
0.00419
0.00414
0.00409
0.00405
0.00399
0.00396
0.0039
0.00385
0.00379
0.00375
0.0037
0.00365
0.00359
0.00354
0.0035
0.00346
0.00341
0.00338
0.00333
0.00331
0.00327
0.00325
0.00322
0.00321
0.00319
0.00319
0.00318
0.00318
0.00318
0.00318
0.0032
0.00322
0.00324
0.00327
0.00329
0.00333
0.00336
0.00341
0.00344
0.00349
0.00353
0.00358
0.00362
0.00367
0.00372
0.00376
0.00381
0.00386
0.00391
0.00396
0.00399
0.00404
0.00407
0.00412
0.00414
0.00419
0.00421
0.00425
0.00427
0.0043
0.00432
0.00434
0.00436
0.00438
0.00439
0.00441
0.00441
0.00442
0.00442
0.00443
0.00443
0.00443
0.00443
0.00443
0.00443
0.00442
0.00441
0.0044
0.0044
0.00439
0.00439
0.00438
0.00437
0.00437
0.00435
0.00435
0.00434
0.00434
0.00434
0.00434
0.00434
0.00435
0.00435
0.00435
0.00437
0.00439
0.0044
0.00443
0.00444
0.00447
0.0045
0.00453
0.00455
0.00459
0.00462
0.00466
0.00469
0.00473
0.00476
0.00479
0.00482
0.00486
0.00489
0.00492
0.00493
0.00496
0.00497
0.00499
0.00499
0.005
0.00499
0.005
0.00499
0.00497
0.00496
0.00493
0.00491
0.00489
0.00486
0.00483
0.00478
0.00475
0.00471
0.00467
0.00462
0.00459
0.00454
0.00451
0.00446
0.00442
0.00438
0.00434
0.00431
0.00428
0.00425
0.00423
0.00419
0.00418
0.00416
0.00415
0.00413
0.00413
0.00411
0.00411
0.00411
0.00411
0.00411
0.00411
0.00411
0.00413
0.00413
0.00415
0.00415
0.00417
0.00418
0.0042
0.00421
0.00424
0.00424
0.00427
0.00429
0.00431
0.00433
0.00435
0.00438
0.00441
0.00444
0.00447
0.00449
0.00453
0.00455
0.0046
0.00462
0.00466
0.00468
0.00473
0.00476
0.00479
0.00483
0.00486
0.00489
0.00493
0.00496
0.00499
0.00501
0.00504
0.00506
0.00509
0.0051
0.00512
0.00512
0.00514
0.00514
0.00514
0.00513
0.00512
0.00511
0.0051
0.00509
0.00507
0.00504
0.00502
0.00499
0.00496
0.00492
0.00489
0.00485
0.00482
0.00478
0.00474
0.0047
0.00465
0.00461
0.00458
0.00454
0.00451
0.00447
0.00444
0.0044
0.00439
0.00435
0.00433
0.0043
0.00429
0.00427
0.00426
0.00424
0.00423
0.00423
0.00423
0.00423
0.00423
0.00422
0.00424
0.00424
0.00425
0.00425
0.00427
0.00427
0.00429
0.00429
0.0043
0.0043
0.00431
0.00432
0.00432
0.00433
0.00434
0.00432
0.00433
0.00432
0.00432
0.0043
0.0043
0.00427
0.00427
0.00424
0.00422
0.00419
0.00416
0.00413
0.0041
0.00407
0.00404
0.00399
0.00395
0.00391
0.00387
0.00382
0.00378
0.00372
0.00368
0.00364
0.00359
0.00354
0.00349
0.00345
0.00341
0.00336
0.00333
0.00328
0.00325
0.00321
0.00318
0.00315
0.00313
0.0031
0.00308
0.00307
0.00305
0.00304
0.00303
0.00303
0.00304
0.00305
0.00306
0.00306
0.00309
0.0031
0.00313
0.00315
0.00318
0.0032
0.00324
0.00328
0.00331
0.00334
0.00337
0.00342
0.00346
0.00349
0.00354
0.00356
0.0036
0.00363
0.00367
0.00369
0.00372
0.00374
0.00377
0.00378
0.0038
0.00382
0.00383
0.00384
0.00385
0.00386
0.00387
0.00386
0.00387
0.00386
0.00387
0.00386
0.00386
0.00385
0.00386
0.00385
0.00385
0.00384
0.00383
0.00383
0.00383
0.00383
0.00384
0.00383
0.00383
0.00383
0.00384
0.00383
0.00384
0.00384
0.00385
0.00385
0.00385
0.00386
0.00386
0.00386
0.00387
0.00388
0.00389
0.00388
0.0039
0.0039
0.00391
0.0039
0.00391
0.00391
0.00392
0.00392
0.00393
0.00393
0.00393
0.00394
0.00395
0.00395
0.00396
0.00396
0.00397
0.00397
0.00399
0.00399
0.004
0.004
0.00403
0.00403
0.00404
0.00404
0.00405
0.00406
0.00408
0.00408
0.0041
0.00409
0.00411
0.00411
0.00412
0.00412
0.00413
0.00412
0.00413
0.00412
0.00412
0.00411
0.0041
0.00409
0.00409
0.00408
0.00407
0.00405
0.00404
0.00402
0.00401
0.00399
0.00398
0.00396
0.00395
0.00393
0.00391
0.00389
0.00387
0.00386
0.00385
0.00383
0.00383
0.0038
0.0038
0.00379
0.00379
