1.02691540182290E+03

0.00354
0.00353
0.00354
0.00355
0.00357
0.00358
0.00359
0.0036
0.00362
0.00364
0.00367
0.00368
0.00371
0.00372
0.00375
0.00377
0.00379
0.0038
0.00383
0.00383
0.00386
0.00386
0.00388
0.00388
0.00389
0.0039
0.00391
0.00391
0.00393
0.00392
0.00393
0.00394
0.00395
0.00395
0.00396
0.00397
0.00399
0.00399
0.00401
0.00403
0.00404
0.00407
0.00409
0.00412
0.00415
0.00417
0.00421
0.00423
0.00427
0.00429
0.00432
0.00435
0.00439
0.00441
0.00443
0.00446
0.00448
0.0045
0.00452
0.00453
0.00455
0.00455
0.00456
0.00456
0.00456
0.00455
0.00455
0.00453
0.00453
0.00451
0.0045
0.00447
0.00445
0.00443
0.00442
0.0044
0.00438
0.00435
0.00433
0.0043
0.00429
0.00427
0.00425
0.00423
0.00422
0.0042
0.00419
0.00417
0.00416
0.00415
0.00414
0.00414
0.00413
0.00412
0.00412
0.00411
0.00412
0.00411
0.00411
0.0041
0.00411
0.00411
0.00411
0.00411
0.00411
0.00411
0.00411
0.00412
0.00413
0.00412
0.00413
0.00413
0.00414
0.00414
0.00415
0.00414
0.00416
0.00416
0.00417
0.00417
0.00418
0.00419
0.00421
0.00422
0.00423
0.00423
0.00426
0.00426
0.00429
0.0043
0.00432
0.00433
0.00436
0.00438
0.0044
0.00443
0.00445
0.00448
0.00451
0.00454
0.00458
0.0046
0.00465
0.00468
0.00472
0.00475
0.00479
0.00482
0.00487
0.00489
0.00493
0.00496
0.00499
0.00502
0.00505
0.00507
0.0051
0.00511
0.00514
0.00514
0.00516
0.00516
0.00517
0.00516
0.00517
0.00516
0.00515
0.00514
0.00512
0.00511
0.00509
0.00507
0.00506
0.00503
0.00502
0.00499
0.00498
0.00495
0.00494
0.00491
0.0049
0.00488
0.00486
0.00485
0.00483
0.00482
0.00481
0.0048
0.00479
0.00477
0.00476
0.00475
0.00474
0.00473
0.00472
0.0047
0.00469
0.00467
0.00465
0.00463
0.0046
0.00458
0.00456
0.00453
0.00451
0.00447
0.00445
0.00442
0.00439
0.00435
0.00432
0.00429
0.00427
0.00423
0.0042
0.00417
0.00414
0.00412
0.0041
0.00408
0.00407
0.00404
0.00404
0.00402
0.00402
0.00401
0.00401
0.00399
0.00401
0.004
0.004
0.00401
0.00401
0.00402
0.00403
0.00403
0.00404
0.00404
0.00406
0.00406
0.00408
0.00408
0.00409
0.00409
0.00411
0.00411
0.00413
0.00413
0.00414
0.00415
0.00416
0.00417
0.00419
0.00419
0.00421
0.00422
0.00424
0.00425
0.00427
0.00428
0.00431
0.00432
0.00434
0.00436
0.00438
0.0044
0.00442
0.00444
0.00447
0.00448
0.00451
0.00452
0.00455
0.00456
0.00458
0.00459
0.00462
0.00463
0.00465
0.00466
0.00468
0.0047
0.00472
0.00474
0.00476
0.00478
0.0048
0.00482
0.00485
0.00487
0.0049
0.00492
0.00496
0.00499
0.00502
0.00505
0.00509
0.00513
0.00517
0.00521
0.00525
0.00528
0.00533
0.00536
0.00541
0.00545
0.00549
0.00552
0.00556
0.00559
0.00562
0.00565
0.00567
0.0057
0.00572
0.00574
0.00576
0.00576
0.00577
0.00577
0.00579
0.00577
0.00577
0.00576
0.00576
0.00575
0.00573
0.00571
0.00569
0.00568
0.00566
0.00564
0.00562
0.00559
0.00558
0.00555
0.00554
0.00551
0.00549
0.00546
0.00545
0.00543
0.00541
0.00538
0.00536
0.00535
0.00533
0.00531
0.0053
0.00527
0.00526
0.00524
0.00523
0.00521
0.00519
0.00517
0.00516
0.00514
0.00512
0.00509
0.00507
0.00505
0.00503
0.00501
0.00499
0.00495
0.00493
0.0049
0.00488
0.00484
0.00482
0.00478
0.00476
0.00472
0.00468
0.00465
0.00461
0.00458
0.00455
0.00451
0.00448
0.00443
0.0044
0.00436
0.00433
0.00429
0.00426
0.00421
0.00418
0.00414
0.0041
0.00406
0.00402
0.00399
0.00395
0.00391
0.00388
0.00383
0.0038
0.00376
0.00373
0.00368
0.00365
0.0036
0.00357
0.00352
0.00347
0.00343
0.00338
0.00334
0.00329
0.00325
0.00321
0.00315
0.00311
0.00305
0.00301
0.00295
0.00291
0.00285
0.00282
0.00276
0.00272
0.00267
0.00263
0.00259
0.00255
0.00251
0.00248
0.00244
0.00241
0.00238
0.00237
0.00234
0.00233
0.0023
0.0023
0.00229
0.00228
0.00228
0.00227
0.00228
0.00229
0.0023
0.00231
0.00232
0.00234
0.00235
0.00238
0.00239
0.00241
0.00243
0.00246
0.00248
0.00251
0.00253
0.00256
0.00259
0.00262
0.00265
0.00269
0.00271
0.00275
0.00278
0.00282
0.00285
0.00289
0.00292
0.00297
0.003
0.00303
0.00307
0.0031
0.00315
0.00318
0.00322
0.00326
0.00329
0.00333
0.00335
0.00339
0.00341
0.00344
0.00346
0.00349
0.0035
0.00351
0.00352
0.00353
0.00354
0.00354
0.00354
0.00354
0.00353
0.00353
0.00351
0.00351
0.00349
0.00348
0.00346
0.00346
0.00344
0.00343
0.00342
0.00341
0.0034
0.0034
0.0034
0.00341
0.0034
0.00342
0.00343
0.00345
0.00346
0.00349
0.00351
0.00355
0.00357
0.0036
0.00364
0.00367
0.00371
0.00375
0.00378
0.00382
0.00384
0.00388
0.0039
0.00394
0.00395
0.00397
0.00398
0.004
0.004
0.004
0.004
0.00399
0.00398
0.00396
0.00395
0.00393
0.0039
0.00388
0.00384
0.00382
0.00378
0.00375
0.00371
0.00369
0.00366
0.00363
0.0036
0.00357
0.00356
0.00354
0.00353
0.00352
0.00351
0.00351
0.00351
0.00352
0.00352
0.00354
0.00355
0.00358
0.0036
0.00362
0.00364
0.00367
0.0037
0.00373
0.00377
0.0038
0.00382
0.00386
0.00388
0.00392
0.00394
0.00397
0.00398
0.00401
0.00403
0.00404
0.00406
0.00406
0.00408
0.00409
0.00409
0.0041
0.00409
0.00409
0.00409
0.00409
0.00408
0.00408
0.00406
0.00406
0.00405
0.00404
0.00403
0.00402
0.00402
0.00402
0.00401
0.00401
0.004
0.00401
0.00401
0.00401
0.00401
0.00402
0.00402
0.00404
0.00404
0.00405
0.00406
0.00407
0.00408
0.00409
0.0041
0.00412
0.00412
0.00414
0.00414
0.00415
0.00415
0.00416
0.00416
0.00417
0.00416
0.00416
0.00416
0.00415
0.00414
0.00414
0.00413
0.00413
0.00411
0.00411
0.00409
0.00409
0.00407
0.00407
0.00405
0.00405
0.00404
0.00403
0.00403
0.00402
0.00402
0.00403
0.00403
0.00403
0.00403
0.00404
0.00404
0.00405
0.00405
0.00406
0.00406
0.00408
0.00408
0.00409
0.00409
0.0041
0.0041
0.00411
0.00411
0.00411
0.0041
0.00411
0.0041
0.0041
0.00408
0.00408
0.00406
0.00406
0.00404
0.00403
0.00401
0.00399
0.00398
0.00397
0.00396
0.00395
0.00393
0.00393
0.00392
0.00392
0.00391
0.00391
0.0039
0.00391
0.00391
0.00391
0.00392
0.00392
0.00393
0.00395
0.00396
0.00397
0.00397
0.00399
0.004
0.00403
0.00403
0.00405
0.00405
0.00408
0.00409
0.0041
0.00411
0.00412
0.00413
0.00414
0.00416
0.00417
0.00417
0.00419
0.0042
0.00422
0.00422
0.00424
0.00425
0.00427
0.00428
0.00429
0.0043
0.00431
0.00432
0.00434
0.00435
0.00437
0.00437
0.00439
0.00439
0.0044
0.0044
0.00441
0.0044
0.00441
0.0044
0.0044
0.00439
0.00437
0.00436
0.00435
0.00434
0.00432
0.00429
0.00428
0.00425
0.00423
0.0042
0.00418
0.00414
0.00413
0.00409
0.00406
0.00404
0.00401
0.00398
0.00396
0.00393
0.00391
0.00388
0.00386
0.00383
0.00382
0.00379
0.00378
0.00375
0.00374
0.00371
0.00369
0.00367
0.00364
0.00363
0.00361
0.00359
0.00357
0.00354
0.00352
0.00349
0.00347
0.00344
0.00342
0.00339
0.00338
0.00335
0.00333
0.00331
0.00328
0.00327
0.00326
0.00324
0.00324
0.00322
0.00323
0.00322
0.00323
0.00323
0.00324
0.00325
0.00328
0.0033
0.00333
0.00335
0.00339
0.00343
0.00348
0.00352
0.00358
0.00363
0.0037
0.00376
0.00383
0.0039
0.00398
0.00405
0.00414
0.00423
0.00432
0.00441
0.0045
0.00461
0.00472
0.00483
0.00495
0.00505
0.00518
0.00531
0.00545
0.00558
0.00572
0.00586
0.00602
0.00618
0.00634
0.0065
0.00667
0.00685
0.00704
0.00723
0.00743
0.00762
0.00783
0.00803
0.00825
0.00846
0.00869
0.0089
0.00914
0.00936
0.00959
0.00982
0.01006
0.01029
0.01053
0.01077
0.01102
0.01125
0.01149
0.01172
0.01197
0.0122
0.01245
0.01268
0.01293
0.01316
0.0134
0.01363
0.01387
0.01411
0.01435
0.01459
0.01484
0.01508
0.01533
0.01557
0.01583
0.01608
0.01634
0.0166
0.01687
0.01713
0.0174
0.01767
0.01795
0.01823
0.01852
0.01881
0.0191
0.01939
0.0197
0.01999
0.0203
0.0206
0.0209
0.0212
0.02152
0.02182
0.02213
0.02243
0.02274
0.02304
0.02335
0.02364
0.02395
0.02423
0.02453
0.02481
0.0251
0.02537
0.02565
0.02591
0.02619
0.02645
0.02671
0.02696
0.02721
0.02746
0.0277
0.02794
0.02818
0.02841
0.02865
0.02887
0.0291
0.02932
0.02954
0.02976
0.02999
0.0302
0.03041
0.03062
0.03083
0.03104
0.03126
0.03146
0.03167
0.03186
0.03207
0.03226
0.03246
0.03265
0.03284
0.03302
0.03321
0.03338
0.03355
0.03372
0.03388
0.03404
0.0342
0.03434
0.03449
0.03462
0.03476
0.03488
0.035
0.03511
0.03522
0.03531
0.03541
0.03549
0.03558
0.03565
0.03571
0.03578
0.03584
0.03589
0.03594
0.03597
0.03601
0.03603
0.03607
0.03608
0.0361
0.0361
0.03611
0.03611
0.03611
0.0361
0.03608
0.03607
0.03605
0.03603
0.03601
0.03597
0.03594
0.0359
0.03587
0.03582
0.03577
0.03572
0.03567
0.03561
0.03555
0.03549
0.03543
0.03536
0.0353
0.03522
0.03515
0.03507
0.035
0.03492
0.03485
0.03476
0.03468
0.0346
0.03452
0.03443
0.03434
0.03426
0.03417
0.03408
0.03399
0.0339
0.03382
0.03372
0.03363
0.03353
0.03344
0.03334
0.03325
0.03315
0.03306
0.03295
0.03285
0.03275
0.03264
0.03253
0.03243
0.03232
0.03221
0.03209
0.03197
0.03186
0.03174
0.03161
0.03149
0.03136
0.03124
0.03111
0.03098
0.03085
0.03072
0.03059
0.03045
0.03032
0.03019
0.03005
0.02992
0.02978
0.02965
0.02951
0.02938
0.02923
0.02911
0.02897
0.02884
0.0287
0.02857
0.02844
0.02831
0.02817
0.02805
0.02791
0.02778
0.02765
0.02752
0.02739
0.02726
0.02713
0.027
0.02687
0.02674
0.0266
0.02647
0.02634
0.02621
0.02608
0.02595
0.02581
0.02568
0.02555
0.02542
0.02529
0.02516
0.02503
0.02491
0.02478
0.02465
0.02452
0.02439
0.02427
0.02415
0.02403
0.02391
0.02378
0.02366
0.02354
0.02342
0.02329
0.02318
0.02305
0.02294
0.02281
0.02269
0.02256
0.02243
0.02231
0.02218
0.02206
0.02193
0.02179
0.02167
0.02154
0.02141
0.02127
0.02114
0.021
0.02088
0.02074
0.02061
0.02048
0.02035
0.02023
0.0201
0.01998
0.01986
0.01974
0.01963
0.01952
0.01941
0.0193
0.01921
0.0191
0.01902
0.01892
0.01884
0.01875
0.01867
0.0186
0.01852
0.01846
0.01839
0.01832
0.01826
0.0182
0.01815
0.01808
0.01803
0.01797
0.01793
0.01787
0.01782
0.01777
0.01771
0.01766
0.01761
0.01756
0.01752
0.01746
0.01741
0.01735
0.01731
0.01725
0.0172
0.01714
0.0171
0.01704
0.01699
0.01694
0.01688
0.01683
0.01678
0.01673
0.01668
0.01661
0.01657
0.01651
0.01646
0.01639
0.01634
0.01627
0.01622
0.01616
0.01609
0.01602
0.01595
0.01589
0.01582
0.01574
0.01567
0.01559
0.01551
0.01543
0.01535
0.01526
0.01518
0.01508
0.015
0.01491
0.01482
0.01472
0.01463
0.01454
0.01445
0.01436
0.01427
0.01417
0.01408
0.01399
0.0139
0.01381
0.01372
0.01362
0.01354
0.01345
0.01336
0.01327
0.01318
0.01309
0.013
0.01291
0.01282
0.01272
0.01264
0.01254
0.01244
0.01234
0.01224
0.01213
0.01204
0.01193
0.01182
0.01172
0.01161
0.0115
0.01139
0.01128
0.01118
0.01106
0.01096
0.01085
0.01075
0.01063
0.01053
0.01043
0.01034
0.01023
0.01014
0.01004
0.00995
0.00987
0.00978
0.0097
0.00963
0.00955
0.00948
0.00941
0.00934
0.00927
0.00921
0.00914
0.00908
0.00902
0.00896
0.0089
0.00884
0.00879
0.00873
0.00867
0.00862
0.00856
0.00851
0.00845
0.0084
0.00833
0.00828
0.00822
0.00817
0.00811
0.00806
0.008
0.00794
0.00789
0.00784
0.00779
0.00774
0.00768
0.00764
0.00758
0.00754
0.00748
0.00744
0.00739
0.00735
0.0073
0.00726
0.00721
0.00716
0.00711
0.00707
0.00702
0.00698
0.00691
0.00687
0.00682
0.00677
0.00671
0.00666
0.0066
0.00655
0.00649
0.00644
0.00637
0.00632
0.00626
0.00621
0.00615
0.0061
0.00604
0.006
0.00595
0.00591
0.00586
0.00582
0.00578
0.00576
0.00572
0.00569
0.00567
0.00565
0.00564
0.00563
0.00562
0.00563
0.00562
0.00563
0.00564
0.00566
0.00566
0.00569
0.0057
0.00573
0.00575
0.00577
0.00579
0.00582
0.00584
0.00587
0.0059
0.00592
0.00593
0.00597
0.00598
0.006
0.00601
0.00603
0.00603
0.00605
0.00606
0.00606
0.00607
0.00607
0.00607
0.00607
0.00607
0.00607
0.00605
0.00606
0.00605
0.00605
0.00604
0.00604
0.00603
0.00603
0.00602
0.00602
0.00602
0.00601
0.00602
0.00602
0.00602
0.00603
0.00603
0.00604
0.00605
0.00606
0.00606
0.00608
0.00608
0.0061
0.0061
0.00611
0.00612
0.00612
0.00613
0.00614
0.00615
0.00615
0.00614
0.00615
0.00614
0.00614
0.00612
0.00611
0.00609
0.00608
0.00605
0.00603
0.006
0.00597
0.00593
0.0059
0.00587
0.00583
0.00577
0.00574
0.00569
0.00565
0.00559
0.00555
0.00549
0.00546
0.00541
0.00536
0.00532
0.00527
0.00523
0.0052
0.00516
0.00514
0.0051
0.00508
0.00505
0.00504
0.00502
0.00501
0.00499
0.00499
0.00498
0.00498
0.00498
0.00498
0.00499
0.00499
0.005
0.00501
0.00501
0.00502
0.00503
0.00504
0.00504
0.00505
0.00504
0.00505
0.00504
0.00504
0.00503
0.00502
0.00502
0.00501
0.005
0.00499
0.00496
0.00495
0.00493
0.00492
0.00489
0.00488
0.00485
0.00484
0.00482
0.00481
0.00479
0.00478
0.00477
0.00476
0.00475
0.00475
0.00474
0.00475
0.00475
0.00476
0.00476
0.00477
0.00478
0.0048
0.00481
0.00483
0.00484
0.00485
0.00487
0.00489
0.00491
0.00493
0.00494
0.00496
0.00497
0.00499
0.005
0.00502
0.00502
0.00504
0.00504
0.00505
0.00506
0.00506
0.00507
0.00508
0.00508
0.00509
0.00509
0.0051
0.0051
0.00511
0.00511
0.00513
0.00513
0.00515
0.00516
0.00517
0.00518
0.0052
0.00522
0.00524
0.00527
0.00529
0.00531
0.00534
0.00536
0.0054
0.00543
0.00546
0.00549
0.00553
0.00556
0.0056
0.00564
0.00567
0.00571
0.00576
0.00579
0.00584
0.00587
0.00592
0.00596
0.00601
0.00605
0.0061
0.00614
0.0062
0.00624
0.00629
0.00634
0.00639
0.00644
0.0065
0.00655
0.00661
0.00665
0.00672
0.00676
0.00682
0.00687
0.00692
0.00696
0.00702
0.00706
0.00711
0.00714
0.00718
0.00722
0.00725
0.00728
0.00731
0.00732
0.00734
0.00734
0.00735
0.00735
0.00735
0.00734
0.00733
0.00731
0.00729
0.00726
0.00723
0.0072
0.00717
0.00713
0.00709
0.00704
0.007
0.00694
0.0069
0.00684
0.00679
0.00673
0.00668
0.00663
0.00657
0.00651
0.00646
0.0064
0.00635
0.00629
0.00624
0.00618
0.00613
0.00607
0.00603
0.00596
0.00592
0.00585
0.00581
0.00575
0.0057
0.00564
0.00559
0.00554
0.00549
0.00543
0.00539
0.00532
0.00528
0.00522
0.00518
0.00512
0.00507
0.00501
0.00497
0.00491
0.00486
0.00481
0.00476
0.00471
0.00466
0.00462
0.00457
0.00452
0.00448
0.00442
0.00439
0.00433
0.00429
0.00423
0.0042
0.00414
0.0041
0.00405
0.00399
0.00395
0.0039
0.00386
0.00382
0.00375
0.00371
0.00366
0.00362
0.00356
0.00352
0.00346
0.00343
0.00337
0.00333
0.00328
0.00324
0.0032
0.00316
0.00311
0.00308
0.00303
0.00301
0.00297
0.00294
0.0029
0.00287
0.00284
0.00282
0.00279
0.00277
0.00274
0.00272
0.0027
0.00268
0.00267
0.00266
0.00264
0.00263
0.00262
0.00263
0.00261
0.00262
0.00262
0.00264
0.00264
0.00266
0.00267
0.00269
0.00272
0.00276
0.0028
0.00284
0.00288
0.00293
0.00298
0.00305
0.00311
0.00318
0.00324
0.00332
0.00339
0.00347
0.00354
0.00362
0.0037
0.00378
0.00386
0.00395
0.00401
0.00409
0.00416
0.00423
0.00429
0.00435
0.00439
0.00445
0.00449
0.00453
0.00457
0.00459
0.00462
0.00465
0.00466
0.00468
0.00468
0.00469
0.00469
0.0047
0.00469
0.0047
0.00468
0.00469
0.00468
0.00468
0.00467
0.00466
0.00466
0.00467
0.00466
0.00467
0.00466
0.00467
0.00467
0.00468
0.00467
0.00468
0.00467
0.00468
0.00468
0.00468
0.00467
0.00466
0.00466
0.00465
0.00464
0.00463
0.0046
0.0046
0.00457
0.00455
0.00452
0.0045
0.00447
0.00445
0.00442
0.0044
0.00437
0.00434
0.00431
0.00429
0.00427
0.00426
0.00422
0.00422
0.00419
0.00419
0.00417
0.00417
0.00415
0.00416
0.00415
0.00414
0.00414
0.00413
0.00413
0.00413
0.00413
0.00412
0.0041
0.0041
0.00408
0.00407
0.00404
0.00403
0.00399
0.00398
0.00394
0.0039
0.00386
0.00382
0.00378
0.00374
0.0037
0.00366
0.0036
0.00356
0.00351
0.00348
0.00343
0.0034
0.00335
0.00333
0.00329
0.00327
0.00324
0.00323
0.00321
0.00321
0.0032
0.00321
0.0032
0.00321
0.00322
0.00324
0.00324
0.00326
0.00328
0.0033
0.00331
0.00333
0.00335
0.00336
0.00338
0.0034
0.00341
0.00342
0.00342
0.00343
0.00343
0.00344
0.00343
0.00343
0.00341
0.00342
0.0034
0.00339
0.00338
0.00336
0.00336
0.00335
0.00334
0.00334
0.00332
0.00332
0.00332
0.00333
0.00332
0.00333
0.00333
0.00336
0.00337
0.00339
0.00341
0.00343
0.00347
0.0035
0.00354
0.00358
0.0036
0.00365
0.00369
0.00373
0.00377
0.00382
0.00385
0.0039
0.00394
0.00398
0.00401
0.00404
0.00408
0.00411
0.00414
0.00417
0.00418
0.00421
0.00422
0.00424
0.00425
0.00427
0.00427
0.00429
0.00429
0.00429
0.00429
0.00429
0.00429
0.00429
0.00429
0.0043
0.00429
0.00429
0.00429
0.0043
0.00429
0.0043
0.0043
0.00432
0.00432
0.00433
0.00434
0.00435
0.00437
0.00439
0.0044
0.00442
0.00443
0.00446
0.00447
0.0045
0.00452
0.00454
0.00455
0.00458
0.00459
0.00461
0.00462
0.00463
0.00465
0.00466
0.00467
0.00468
0.00467
0.00468
0.00468
0.00468
0.00467
0.00467
0.00466
0.00466
0.00464
0.00463
0.00461
0.00459
0.00458
0.00457
0.00455
0.00454
0.00452
0.00451
0.00449
0.00448
0.00446
0.00445
0.00443
0.00444
0.00442
0.00442
0.00441
0.0044
0.0044
0.0044
0.0044
0.0044
0.00439
0.0044
0.00439
0.0044
0.00439
0.00439
0.00438
0.00438
0.00437
0.00437
0.00435
0.00434
0.00434
0.00432
0.00431
0.0043
0.00427
0.00426
0.00424
0.00422
0.00419
0.00418
0.00415
0.00414
0.00411
0.00409
0.00407
0.00404
0.00403
0.00401
0.004
0.00399
0.00397
0.00397
0.00396
0.00396
0.00395
0.00396
0.00395
0.00397
0.00397
0.00398
0.00399
0.004
0.00402
0.00403
0.00405
0.00408
0.00408
0.00411
0.00413
0.00415
0.00416
0.00418
0.00419
0.00422
0.00423
0.00424
0.00425
0.00426
0.00427
0.00429
0.00429
0.0043
0.0043
0.00431
0.0043
0.00431
0.0043
0.00431
0.0043
0.00432
0.00431
0.00431
0.00431
0.00431
0.00432
0.00433
0.00434
0.00435
0.00435
0.00437
0.00438
0.0044
0.00441
0.00444
0.00445
0.00448
0.0045
0.00453
0.00455
0.00458
0.00461
0.00464
0.00467
0.00471
0.00472
0.00476
0.00478
0.00481
0.00483
0.00486
0.00487
0.0049
0.00492
0.00493
0.00494
0.00495
0.00497
0.00497
0.00498
0.00499
0.00499
0.005
0.00499
0.00501
0.005
0.00501
0.005
0.00501
0.00501
0.00501
0.00501
0.00501
0.00502
0.00502
0.00503
0.00504
0.00504
0.00506
0.00507
0.00509
0.00509
0.0051
0.00511
0.00513
0.00514
0.00515
0.00516
0.00517
0.00518
0.00518
0.00519
0.0052
0.00519
0.0052
0.00519
0.00519
0.00518
0.00517
0.00515
0.00515
0.00513
0.00511
0.00509
0.00507
0.00505
0.00502
0.005
0.00498
0.00495
0.00493
0.0049
0.00489
0.00486
0.00484
0.00481
0.00479
0.00477
0.00475
0.00473
0.0047
0.00468
0.00467
0.00465
0.00463
0.0046
0.00459
0.00457
0.00455
0.00452
0.0045
0.00447
0.00445
0.00442
0.00438
0.00434
0.0043
0.00427
0.00422
0.00418
0.00414
0.00408
0.00403
0.00397
0.00391
0.00385
0.00378
0.00371
0.00365
0.00357
0.0035
0.00342
0.00334
0.00327
0.00319
0.00311
0.00304
0.00295
0.00287
0.00279
0.00272
0.00263
0.00256
0.00247
0.00241
0.00233
0.00226
0.00218
0.00212
0.00205
0.00199
0.00194
0.00189
0.00183
0.00178
0.00173
0.0017
0.00166
0.00163
0.00159
0.00157
0.00155
0.00153
0.00151
0.00149
0.00148
0.00148
0.00148
0.00148
0.00147
0.00148
0.00148
0.00149
0.00148
0.0015
0.0015
0.00152
0.00152
0.00153
0.00153
0.00154
0.00155
0.00157
0.00158
0.00159
0.00159
0.00161
0.00162
0.00164
0.00165
0.00167
0.00168
0.00171
0.00173
0.00175
0.00177
0.0018
0.00183
0.00187
0.0019
0.00195
0.00198
0.00203
0.00207
0.00212
0.00217
0.00222
0.00227
0.00233
0.00238
0.00244
0.00249
0.00255
0.00261
0.00267
0.00273
0.00279
0.00284
0.0029
0.00295
0.00302
0.00307
0.00312
0.00317
0.00323
0.00328
0.00333
0.00337
0.00341
0.00346
0.00351
0.00356
0.00361
0.00365
0.0037
0.00374
0.00379
0.00383
0.00388
0.00391
0.00396
0.004
0.00404
0.00409
0.00413
0.00417
0.00421
0.00425
0.0043
0.00432
0.00437
0.0044
0.00444
0.00447
0.00451
0.00453
0.00457
0.0046
0.00463
0.00466
0.00468
0.00471
0.00474
0.00477
0.00481
0.00482
0.00486
0.00488
0.00491
0.00493
0.00497
0.00499
0.00502
0.00504
0.00507
0.00509
0.00512
0.00514
0.00517
0.00519
0.00521
0.00522
0.00524
0.00525
0.00526
0.00526
0.00527
0.00526
0.00527
0.00525
0.00524
0.00522
0.0052
0.00518
0.00516
0.00514
0.00511
0.00507
0.00504
0.00499
0.00496
0.00491
0.00488
0.00483
0.0048
0.00475
0.00471
0.00466
0.00462
0.00458
0.00455
0.00451
0.00448
0.00443
0.0044
0.00436
0.00434
0.00429
0.00427
0.00422
0.0042
0.00416
0.00413
0.00409
0.00405
0.00402
0.00398
0.00394
0.0039
0.00385
0.00381
0.00376
0.00372
0.00366
0.00362
0.00356
0.00352
0.00346
0.00341
0.00335
0.0033
0.00326
0.00321
0.00317
0.00313
0.00308
0.00305
0.00302
0.00299
0.00296
0.00294
0.00291
0.00291
0.00289
0.00288
0.00287
0.00287
0.00287
0.00287
0.00288
0.00289
0.00289
0.0029
0.0029
0.00292
0.00292
0.00293
0.00293
0.00294
0.00294
0.00295
0.00295
0.00295
0.00295
0.00296
0.00296
0.00296
0.00295
0.00296
0.00296
0.00297
0.00297
0.00298
0.00298
0.003
0.003
0.00302
0.00303
0.00306
0.00308
0.00311
0.00315
0.00319
0.00322
0.00327
0.00331
0.00337
0.00341
0.00347
0.00352
0.00359
0.00364
0.0037
0.00375
0.00381
0.00386
0.00392
0.00398
0.00403
0.00407
0.00413
0.00416
0.00421
0.00424
0.00428
0.0043
0.00434
0.00436
0.00438
0.00439
0.0044
0.00442
0.00443
0.00443
0.00444
0.00443
0.00444
0.00444
0.00445
0.00443
0.00444
0.00443
0.00444
0.00443
0.00443
0.00443
0.00443
0.00443
0.00444
0.00445
0.00447
0.00446
0.00448
0.00449
0.00452
0.00452
0.00455
0.00456
0.00459
0.00461
0.00463
0.00465
0.00467
0.0047
0.00473
0.00475
0.00479
0.0048
0.00484
0.00486
0.00489
0.00491
0.00494
0.00495
0.00498
0.005
0.00502
0.00503
0.00504
0.00506
0.00507
0.00509
0.0051
0.00509
0.0051
0.0051
0.00511
0.0051
0.0051
0.00509
0.00509
0.00507
0.00505
0.00504
0.00501
0.005
0.00498
0.00496
0.00494
0.0049
0.00488
0.00484
0.00483
0.00479
0.00476
0.00473
0.00471
0.00468
0.00465
0.00461
0.00459
0.00457
0.00454
0.00452
0.0045
0.00447
0.00447
0.00444
0.00443
0.00442
0.00441
0.00439
0.00439
0.00437
0.00437
0.00435
0.00435
0.00434
0.00434
0.00433
0.00433
0.00431
0.0043
0.00429
0.00429
0.00426
0.00425
0.00423
0.00422
0.00419
0.00417
0.00415
0.00412
0.0041
0.00408
0.00405
0.00403
0.00399
0.00397
0.00394
0.00392
0.00389
0.00387
0.00384
0.00383
0.00381
0.0038
0.00378
0.00377
0.00377
0.00377
0.00377
0.00378
0.00377
0.00379
0.0038
0.00382
0.00383
0.00386
0.00387
0.00391
0.00393
0.00396
0.00398
0.00401
0.00404
0.00408
0.00411
0.00414
0.00416
0.00419
0.00421
0.00425
0.00426
0.00429
0.0043
0.00434
0.00435
0.00437
0.00438
0.00439
0.00441
0.00443
0.00444
0.00446
0.00446
0.00448
0.00449
0.00451
0.00452
0.00453
0.00454
0.00457
0.00458
0.00459
0.00461
0.00462
0.00464
0.00466
0.00468
0.00471
0.00472
0.00474
0.00476
0.00478
0.00479
0.00482
0.00483
0.00485
0.00486
0.00487
0.00488
0.00489
0.0049
0.00491
0.00491
0.00492
0.00491
0.00492
0.00491
0.00492
0.00491
0.00491
0.00489
0.00489
0.00488
0.00487
0.00486
0.00485
0.00484
0.00484
0.00483
0.00483
0.00482
0.00482
0.00481
0.00482
0.00481
0.00482
0.00481
0.00483
0.00483
0.00483
0.00484
0.00485
0.00486
0.00487
0.00489
0.00491
0.00491
0.00493
0.00494
0.00496
0.00497
0.00499
0.00499
0.00501
0.00501
0.00502
0.00502
0.00502
0.00503
0.00503
0.00503
0.00503
0.00501
0.00501
0.00499
0.00498
0.00495
0.00494
0.00491
0.00489
0.00486
0.00483
0.00479
0.00475
0.00472
0.00468
0.00464
0.0046
0.00455
0.00451
0.00446
0.00442
0.00436
0.00431
0.00426
0.00421
0.00416
0.0041
0.00404
0.00399
0.00394
0.00389
0.00383
0.00378
0.00372
0.00367
0.00362
0.00357
0.00351
0.00347
0.00341
0.00337
0.00332
0.00327
0.00323
0.00318
0.00315
0.00311
0.00307
0.00304
0.003
0.00298
0.00294
0.00293
0.00289
0.00288
0.00285
0.00285
0.00283
0.00282
0.0028
0.0028
0.00279
0.00279
0.00279
0.0028
0.00279
0.0028
0.0028
0.00281
0.00281
0.00282
0.00282
0.00284
0.00284
0.00285
0.00286
0.00286
0.00287
0.00289
0.00289
0.0029
0.0029
0.00292
0.00292
0.00293
0.00293
0.00294
0.00293
0.00295
0.00295
0.00295
0.00295
0.00295
0.00296
0.00296
0.00297
0.00298
0.00297
0.00298
0.00298
0.003
0.003
0.00301
0.00301
0.00303
0.00304
0.00305
0.00306
0.00308
0.0031
0.00312
0.00314
0.00316
0.00318
0.00321
0.00323
0.00327
0.00329
0.00333
0.00335
0.00339
0.00342
0.00345
0.00349
0.00352
0.00355
0.0036
0.00363
0.00368
0.0037
0.00375
0.00378
0.00383
0.00386
0.0039
0.00393
0.00398
0.00401
0.00405
0.00409
0.00412
0.00416
0.00421
0.00424
0.00429
0.00432
0.00436
0.0044
0.00445
0.00448
0.00453
0.00456
0.00461
0.00465
0.0047
0.00474
0.00478
0.00482
0.00487
0.00491
0.00496
0.005
0.00505
0.00509
0.00514
0.00517
0.00522
0.00525
0.0053
0.00533
0.00536
0.00539
0.00542
0.00545
0.00548
0.0055
0.00553
0.00554
0.00556
0.00558
0.00559
0.0056
0.00561
0.00561
0.00562
0.00562
0.00562
0.00561
0.00561
0.00561
0.0056
0.00559
0.00559
0.00557
0.00557
0.00556
0.00556
0.00554
0.00553
0.00552
0.00552
0.00551
0.0055
0.00549
0.00549
0.00548
0.00548
0.00548
0.00549
0.00548
0.00548
0.00548
0.00549
0.00548
0.00548
0.00548
0.00549
0.00548
0.00548
0.00547
0.00547
0.00546
0.00546
0.00546
0.00545
0.00543
0.00543
0.00542
0.00541
0.00539
0.00538
0.00536
0.00536
0.00534
0.00533
0.00531
0.0053
0.00528
0.00528
0.00527
0.00526
0.00525
0.00525
0.00523
0.00524
0.00523
0.00523
0.00522
0.00523
0.00523
0.00523
0.00523
0.00523
0.00523
0.00523
0.00523
0.00523
0.00521
0.00521
0.00519
0.00518
0.00515
0.00513
0.0051
0.00507
0.00504
0.005
0.00495
0.0049
0.00486
0.00481
0.00475
0.0047
0.00463
0.00458
0.00451
0.00445
0.00439
0.00433
0.00426
0.00422
0.00416
0.0041
0.00405
0.004
0.00395
0.00391
0.00388
0.00385
0.0038
0.00378
0.00375
0.00373
0.00371
0.00369
0.00367
0.00366
0.00364
0.00363
0.00362
0.0036
0.00359
0.00359
0.00357
0.00357
0.00354
0.00354
0.00352
0.00351
0.00349
0.00348
0.00346
0.00345
0.00343
0.00342
0.00341
0.00339
0.00339
0.00338
0.00337
0.00338
0.00337
0.00338
0.00338
0.00339
0.0034
0.00342
0.00343
0.00346
0.00347
0.0035
0.00352
0.00355
0.00359
0.00362
0.00366
0.0037
0.00373
0.00377
0.00381
0.00385
0.00388
0.00393
0.00396
0.00401
0.00404
0.00407
0.00411
0.00414
0.00417
0.00421
0.00424
0.00427
0.00429
0.00433
0.00435
0.00439
0.00441
0.00444
0.00446
0.0045
0.00452
0.00454
0.00456
0.00458
0.00461
0.00463
0.00465
0.00468
0.00468
0.00471
0.00471
0.00473
0.00473
0.00475
0.00474
0.00476
0.00475
0.00475
0.00474
0.00473
0.00473
0.00472
0.0047
0.00469
0.00466
0.00465
0.00462
0.0046
0.00457
0.00455
0.00452
0.0045
0.00446
0.00443
0.0044
0.00437
0.00435
0.00433
0.0043
0.00429
0.00426
0.00424
0.00422
0.00421
0.00419
0.00418
0.00416
0.00416
0.00415
0.00414
0.00414
0.00413
0.00413
0.00414
0.00414
0.00414
0.00413
0.00414
0.00414
0.00415
0.00414
0.00415
0.00414
0.00415
0.00414
0.00414
0.00413
0.00413
0.00412
0.00411
0.0041
0.00409
0.00407
0.00406
0.00404
0.00403
0.004
0.00398
0.00395
0.00394
0.00391
0.00389
0.00386
0.00384
0.00382
0.0038
0.00378
0.00376
0.00373
0.00372
0.0037
0.0037
0.00368
0.00368
0.00367
0.00367
0.00367
0.00367
0.00368
0.00369
0.00371
0.00373
0.00375
0.00378
0.0038
0.00384
0.00387
0.00391
0.00395
0.00399
0.00403
0.00408
0.00413
0.00417
0.00422
0.00426
0.00431
0.00436
0.00441
0.00446
0.00449
0.00454
0.00458
0.00462
0.00465
0.00469
0.00471
0.00475
0.00477
0.00479
0.00481
0.00483
0.00484
0.00486
0.00487
0.00489
0.00489
0.0049
0.0049
0.00491
0.00491
0.00492
0.00491
0.00493
0.00492
0.00493
0.00493
0.00494
0.00494
0.00496
0.00496
0.00497
0.00497
0.00499
0.005
0.00502
0.00502
0.00504
0.00504
0.00506
0.00506
0.00507
0.00507
0.00507
0.00508
0.00508
0.00507
0.00507
0.00505
0.00505
0.00502
0.00501
0.00498
0.00496
0.00492
0.0049
0.00486
0.00483
0.00478
0.00474
0.0047
0.00466
0.00462
0.00458
0.00453
0.0045
0.00445
0.00442
0.00437
0.00434
0.0043
0.00427
0.00424
0.00421
0.00418
0.00415
0.00413
0.00412
0.0041
0.00408
0.00406
0.00405
0.00403
0.00403
0.004
0.00399
0.00397
0.00397
0.00395
0.00394
0.00392
0.0039
0.00389
0.00387
0.00386
0.00385
0.00382
0.00382
0.0038
0.00379
0.00377
0.00377
0.00375
0.00376
0.00375
0.00375
0.00375
0.00375
0.00377
0.00378
0.0038
0.00382
0.00383
0.00386
0.00389
0.00393
0.00395
0.00399
0.00401
0.00406
0.00409
0.00413
0.00416
0.00419
0.00422
0.00426
0.00429
0.00432
0.00434
0.00437
0.00439
0.00441
0.00442
0.00444
0.00445
0.00447
0.00447
0.00448
0.00448
0.00448
0.00449
0.0045
0.0045
0.00451
0.0045
0.00451
0.00451
0.00452
0.00451
0.00452
0.00451
0.00452
0.00452
0.00452
0.00452
0.00452
0.00452
0.00452
0.00451
0.00451
0.00449
0.00449
0.00447
0.00446
0.00444
0.00442
0.00439
0.00438
0.00435
0.00432
0.00429
0.00425
0.00422
0.00419
0.00415
0.00412
0.00408
0.00405
0.00401
0.00399
0.00395
0.00392
0.00388
0.00387
0.00384
0.00382
0.0038
0.00378
0.00377
0.00376
0.00375
0.00374
0.00373
0.00373
0.00372
0.00373
0.00372
0.00372
0.00371
0.00372
0.00372
0.00371
0.0037
0.0037
0.0037
0.00369
0.00368
0.00367
0.00365
0.00365
0.00362
0.00362
0.00359
0.00357
0.00355
0.00354
0.00351
0.00349
0.00346
0.00344
0.00342
0.0034
0.00338
0.00337
0.00334
0.00334
0.00332
0.00332
0.00331
0.00331
0.00329
0.00331
0.00331
0.00331
0.00332
0.00333
0.00334
0.00336
0.00337
0.0034
0.00341
0.00344
0.00346
0.00349
0.0035
0.00353
0.00355
0.00358
0.0036
0.00362
0.00364
0.00366
0.00368
0.00371
0.00373
0.00375
0.00375
0.00378
0.00378
0.00381
0.00381
0.00383
0.00383
0.00385
0.00385
0.00386
0.00387
0.00388
0.00388
0.0039
0.0039
0.00392
0.00391
0.00393
0.00394
0.00395
0.00396
0.00397
0.00397
0.00399
0.004
0.00401
0.00402
0.00403
0.00404
0.00405
0.00406
0.00407
0.00407
0.00408
0.00408
0.00409
0.00409
0.0041
0.00409
0.0041
0.00409
0.00408
0.00408
0.00406
0.00406
0.00405
0.00404
0.00403
0.004
0.00399
0.00397
0.00396
0.00393
0.00391
0.00388
0.00387
0.00384
0.00381
0.00378
0.00376
0.00373
0.00371
0.00368
0.00366
0.00362
0.0036
0.00357
0.00355
0.00352
0.0035
0.00346
0.00344
0.00341
0.00338
0.00335
0.00333
0.0033
0.00328
0.00325
0.00323
0.00319
0.00318
0.00315
0.00313
0.0031
0.00308
0.00305
0.00304
0.00302
0.003
0.00298
0.00297
0.00295
0.00295
0.00293
0.00293
0.00291
0.00291
0.0029
0.0029
0.00289
0.00289
0.00288
0.00289
0.00288
0.00287
0.00287
0.00286
0.00285
0.00285
0.00284
0.00284
0.00282
0.00281
0.00279
0.00278
0.00275
0.00274
0.00271
0.00269
0.00266
0.00263
0.0026
0.00256
0.00254
0.00251
0.00248
0.00245
0.00241
0.00239
0.00236
0.00234
0.00231
0.0023
0.00227
0.00227
0.00226
0.00225
0.00225
0.00225
0.00226
0.00227
0.00229
0.00231
0.00233
0.00236
0.00238
0.00243
0.00245
0.0025
0.00253
0.00258
0.00262
0.00266
0.0027
0.00274
0.00279
0.00284
0.00288
0.00292
0.00295
0.003
0.00303
0.00307
0.00309
0.00313
0.00315
0.00319
0.00321
0.00323
0.00325
0.00327
0.00329
0.00331
0.00333
0.00334
0.00335
0.00337
0.00338
0.0034
0.00341
0.00342
0.00342
0.00344
0.00344
0.00345
0.00345
0.00345
0.00346
0.00346
0.00346
0.00346
0.00344
0.00344
0.00343
0.00343
0.00341
0.0034
0.00338
0.00337
0.00335
0.00334
0.00332
0.0033
0.00329
0.00328
0.00327
0.00327
0.00325
0.00326
0.00325
0.00326
0.00326
0.00328
0.00328
0.00331
0.00333
0.00336
0.00339
0.00342
0.00346
0.0035
0.00354
0.00359
0.00363
0.00368
0.00373
0.00378
0.00383
0.00388
0.00392
0.00398
0.00401
0.00406
0.00409
0.00413
0.00417
0.00421
0.00424
0.00427
0.00429
0.00432
0.00434
0.00437
0.00438
0.0044
0.00441
0.00444
0.00445
0.00447
0.00449
0.00451
0.00453
0.00456
0.00458
0.00461
0.00463
0.00466
0.00468
0.00472
0.00474
0.00478
0.0048
0.00484
0.00487
0.00489
0.00492
0.00494
0.00497
0.00499
0.00501
0.00503
0.00503
0.00504
0.00504
0.00505
0.00504
0.00504
0.00503
0.00503
0.00501
0.00499
0.00497
0.00495
0.00492
0.00491
0.00488
0.00486
0.00483
0.00481
0.00479
0.00477
0.00474
0.00474
0.00471
0.00471
0.0047
0.0047
0.0047
0.0047
0.0047
0.00471
0.00473
0.00475
0.00476
0.00479
0.00481
0.00485
0.00487
0.00491
0.00494
0.00499
0.00502
0.00506
0.00509
0.00513
0.00517
0.00521
0.00525
0.00529
0.00531
0.00535
0.00538
0.00541
0.00543
0.00546
0.00547
0.0055
0.00551
0.00553
0.00553
0.00554
0.00555
0.00555
0.00556
0.00556
0.00555
0.00555
0.00554
0.00554
0.00553
0.00552
0.00551
0.00551
0.00549
0.00548
0.00547
0.00546
0.00545
0.00544
0.00543
0.00543
0.00541
0.00541
0.0054
0.0054
0.00538
0.00538
0.00537
0.00537
0.00536
0.00535
0.00534
0.00533
0.00532
0.00531
0.0053
0.00528
0.00526
0.00524
0.00522
0.0052
0.00517
0.00514
0.0051
0.00508
0.00504
0.005
0.00496
0.00491
0.00487
0.00483
0.00479
0.00474
0.00468
0.00465
0.00459
0.00455
0.0045
0.00446
0.0044
0.00437
0.00432
0.00429
0.00424
0.00421
0.00418
0.00415
0.00413
0.00411
0.00408
0.00407
0.00405
0.00405
0.00403
0.00403
0.00403
0.00404
0.00403
0.00404
0.00404
0.00405
0.00406
0.00408
0.00409
0.00411
0.00411
0.00414
0.00414
0.00417
0.00417
0.00419
0.0042
0.00422
0.00423
0.00424
0.00424
0.00425
0.00426
0.00427
0.00428
0.00429
0.00428
0.00429
0.00429
0.0043
0.0043
0.0043
0.0043
0.00431
0.0043
0.00431
0.00431
0.00431
0.00432
0.00432
0.00433
0.00434
0.00434
0.00435
0.00436
0.00438
0.00438
0.0044
0.00441
0.00443
0.00445
0.00446
0.00448
0.00449
0.00452
0.00454
0.00456
0.00458
0.0046
0.00463
0.00464
0.00467
0.00468
0.00471
0.00472
0.00475
0.00476
0.00478
0.0048
0.00481
0.00483
0.00485
0.00487
0.00489
0.00489
0.00491
0.00492
0.00494
0.00494
0.00496
0.00496
0.00498
0.00498
0.00499
0.00499
0.005
0.00501
0.00501
0.00501
0.00502
0.00501
0.00502
0.00501
0.00501
0.00499
0.00499
0.00497
0.00497
0.00494
0.00493
0.00491
0.00488
0.00486
0.00483
0.0048
0.00477
0.00473
0.0047
0.00465
0.00462
0.00457
0.00453
0.00448
0.00444
0.00439
0.00434
0.00429
0.00424
0.00419
0.00414
0.00409
0.00405
0.00399
0.00395
0.00389
0.00385
0.00379
0.00375
0.00369
0.00365
0.0036
0.00355
0.00349
0.00344
0.00339
0.00333
0.00328
0.00323
0.00316
0.00311
0.00305
0.00299
0.00292
0.00286
0.00279
0.00274
0.00267
0.0026
0.00253
0.00247
0.00241
0.00235
0.00229
0.00223
0.00217
0.00213
0.00207
0.00204
0.00199
0.00196
0.00192
0.00191
0.00188
0.00187
0.00186
0.00185
0.00185
0.00186
0.00187
0.0019
0.00191
0.00194
0.00197
0.00201
0.00204
0.00209
0.00212
0.00218
0.00222
0.00227
0.00232
0.00237
0.00243
0.00248
0.00253
0.00259
0.00263
0.00269
0.00274
0.0028
0.00284
0.00289
0.00294
0.003
0.00305
0.0031
0.00315
0.0032
0.00325
0.00331
0.00337
0.00343
0.00347
0.00354
0.0036
0.00367
0.00372
0.00379
0.00385
0.00392
0.00398
0.00405
0.00411
0.00417
0.00423
0.0043
0.00435
0.00442
0.00446
0.00452
0.00456
0.00461
