1.14779133504096E+03

0.00354
0.00354
0.00354
0.00354
0.00356
0.00356
0.00357
0.00358
0.00359
0.0036
0.00361
0.00362
0.00364
0.00364
0.00366
0.00367
0.00368
0.00369
0.0037
0.0037
0.00372
0.00372
0.00373
0.00373
0.00373
0.00373
0.00374
0.00374
0.00374
0.00373
0.00373
0.00372
0.00373
0.00371
0.00371
0.0037
0.0037
0.00369
0.00369
0.00368
0.00367
0.00367
0.00367
0.00366
0.00366
0.00364
0.00365
0.00364
0.00364
0.00362
0.00362
0.0036
0.0036
0.00359
0.00358
0.00356
0.00354
0.00353
0.00351
0.00349
0.00348
0.00344
0.00343
0.00339
0.00337
0.00334
0.00331
0.00328
0.00325
0.00322
0.00318
0.00315
0.00311
0.00308
0.00306
0.00303
0.003
0.00297
0.00295
0.00292
0.0029
0.00287
0.00286
0.00283
0.00283
0.00281
0.0028
0.00279
0.00277
0.00277
0.00277
0.00277
0.00277
0.00276
0.00277
0.00277
0.00278
0.00278
0.00279
0.00279
0.0028
0.00281
0.00282
0.00282
0.00284
0.00285
0.00286
0.00288
0.0029
0.0029
0.00292
0.00293
0.00296
0.00297
0.00299
0.003
0.00303
0.00305
0.00307
0.00308
0.0031
0.00313
0.00316
0.00318
0.00321
0.00322
0.00326
0.00328
0.00331
0.00333
0.00336
0.00338
0.00342
0.00344
0.00347
0.00351
0.00353
0.00357
0.0036
0.00364
0.00368
0.0037
0.00375
0.00378
0.00383
0.00386
0.00391
0.00394
0.00399
0.00403
0.00408
0.00412
0.00416
0.0042
0.00425
0.00429
0.00434
0.00437
0.00442
0.00445
0.00449
0.00452
0.00455
0.00457
0.00461
0.00462
0.00464
0.00466
0.00466
0.00468
0.00469
0.00469
0.0047
0.00468
0.00468
0.00467
0.00467
0.00465
0.00464
0.00462
0.00461
0.0046
0.00458
0.00456
0.00454
0.00453
0.00452
0.00451
0.00451
0.00449
0.00449
0.00448
0.00449
0.00448
0.0045
0.00449
0.00451
0.00452
0.00453
0.00454
0.00455
0.00457
0.00459
0.0046
0.00463
0.00463
0.00466
0.00468
0.0047
0.00471
0.00474
0.00474
0.00478
0.00479
0.0048
0.00482
0.00483
0.00486
0.00487
0.00489
0.00492
0.00493
0.00496
0.00497
0.00501
0.00503
0.00506
0.00508
0.00512
0.00515
0.00518
0.00522
0.00526
0.0053
0.00534
0.00538
0.00543
0.00547
0.00552
0.00556
0.00561
0.00564
0.00569
0.00572
0.00577
0.0058
0.00583
0.00586
0.00589
0.00591
0.00593
0.00595
0.00597
0.00597
0.00598
0.00598
0.00598
0.00597
0.00596
0.00594
0.00593
0.00591
0.00589
0.00586
0.00583
0.0058
0.00577
0.00574
0.00571
0.00566
0.00563
0.00559
0.00556
0.00551
0.00548
0.00543
0.0054
0.00535
0.00531
0.00527
0.00522
0.00518
0.00514
0.0051
0.00505
0.005
0.00496
0.00491
0.00486
0.00481
0.00476
0.0047
0.00465
0.0046
0.00454
0.00448
0.00442
0.00437
0.00432
0.00426
0.00421
0.00415
0.0041
0.00405
0.00401
0.00395
0.00391
0.00386
0.00384
0.0038
0.00377
0.00374
0.00371
0.0037
0.00368
0.00367
0.00367
0.00365
0.00366
0.00366
0.00367
0.00368
0.0037
0.0037
0.00373
0.00374
0.00377
0.00378
0.0038
0.00383
0.00386
0.00388
0.00391
0.00392
0.00395
0.00397
0.004
0.00401
0.00404
0.00404
0.00407
0.00408
0.0041
0.00411
0.00412
0.00413
0.00414
0.00416
0.00417
0.00417
0.00419
0.00419
0.00421
0.00421
0.00422
0.00423
0.00425
0.00426
0.00427
0.00429
0.0043
0.00432
0.00434
0.00435
0.00437
0.00438
0.00441
0.00442
0.00445
0.00445
0.00448
0.00449
0.00451
0.00452
0.00454
0.00455
0.00456
0.00457
0.00458
0.00459
0.0046
0.0046
0.00461
0.00461
0.00462
0.00462
0.00462
0.00461
0.00463
0.00462
0.00462
0.00462
0.00462
0.00462
0.00462
0.00462
0.00463
0.00462
0.00463
0.00463
0.00464
0.00464
0.00465
0.00465
0.00466
0.00466
0.00467
0.00468
0.00468
0.00469
0.0047
0.00471
0.00472
0.00472
0.00473
0.00473
0.00475
0.00474
0.00476
0.00476
0.00477
0.00477
0.00478
0.00478
0.00478
0.00479
0.0048
0.00481
0.00482
0.00482
0.00483
0.00484
0.00486
0.00486
0.00488
0.00489
0.00492
0.00493
0.00494
0.00496
0.00498
0.005
0.00502
0.00504
0.00506
0.00507
0.00509
0.0051
0.00512
0.00512
0.00514
0.00514
0.00515
0.00515
0.00515
0.00514
0.00513
0.00512
0.0051
0.00509
0.00507
0.00504
0.00502
0.00498
0.00496
0.00492
0.00489
0.00484
0.00481
0.00477
0.00473
0.00469
0.00464
0.0046
0.00457
0.00453
0.00449
0.00445
0.00442
0.00437
0.00435
0.0043
0.00428
0.00424
0.00422
0.00419
0.00416
0.00413
0.0041
0.00408
0.00405
0.00403
0.00401
0.00397
0.00396
0.00393
0.00391
0.00388
0.00386
0.00383
0.00382
0.00379
0.00377
0.00374
0.00372
0.0037
0.00369
0.00367
0.00366
0.00364
0.00364
0.00363
0.00363
0.00362
0.00362
0.00362
0.00363
0.00363
0.00364
0.00365
0.00366
0.00368
0.0037
0.00372
0.00374
0.00375
0.00378
0.00379
0.00382
0.00384
0.00386
0.00388
0.00391
0.00392
0.00394
0.00396
0.00397
0.00399
0.00401
0.00403
0.00404
0.00405
0.00407
0.00408
0.0041
0.00411
0.00413
0.00414
0.00416
0.00417
0.00419
0.00421
0.00422
0.00425
0.00427
0.00429
0.00432
0.00434
0.00437
0.00439
0.00442
0.00443
0.00446
0.00447
0.0045
0.00452
0.00453
0.00455
0.00456
0.00457
0.00458
0.00459
0.0046
0.00459
0.0046
0.00458
0.00459
0.00457
0.00457
0.00454
0.00454
0.00452
0.0045
0.00448
0.00446
0.00445
0.00443
0.00442
0.00441
0.00439
0.00438
0.00437
0.00437
0.00435
0.00435
0.00435
0.00436
0.00436
0.00437
0.00437
0.00439
0.0044
0.00442
0.00443
0.00446
0.00447
0.0045
0.00452
0.00455
0.00456
0.00459
0.00461
0.00464
0.00466
0.00468
0.0047
0.00472
0.00475
0.00477
0.00479
0.00482
0.00484
0.00487
0.00488
0.00492
0.00493
0.00496
0.00498
0.00502
0.00504
0.00507
0.0051
0.00513
0.00516
0.0052
0.00523
0.00527
0.0053
0.00534
0.00537
0.00541
0.00544
0.00548
0.0055
0.00554
0.00556
0.00559
0.00561
0.00563
0.00565
0.00567
0.00568
0.0057
0.00569
0.00571
0.0057
0.00571
0.00569
0.00569
0.00567
0.00567
0.00565
0.00564
0.00562
0.0056
0.00558
0.00556
0.00554
0.00553
0.0055
0.00549
0.00546
0.00546
0.00543
0.00542
0.0054
0.0054
0.00538
0.00537
0.00536
0.00535
0.00535
0.00534
0.00534
0.00534
0.00532
0.00533
0.00532
0.00532
0.0053
0.0053
0.00529
0.00529
0.00528
0.00527
0.00525
0.00524
0.00523
0.00522
0.0052
0.0052
0.00517
0.00516
0.00514
0.00513
0.0051
0.00509
0.00507
0.00506
0.00504
0.00503
0.00501
0.00499
0.00499
0.00497
0.00496
0.00496
0.00494
0.00494
0.00492
0.00492
0.00491
0.00491
0.00489
0.00489
0.00487
0.00487
0.00485
0.00484
0.00483
0.00482
0.00481
0.00479
0.00477
0.00476
0.00474
0.00473
0.0047
0.00468
0.00465
0.00464
0.00462
0.0046
0.00457
0.00455
0.00453
0.00451
0.00449
0.00448
0.00445
0.00444
0.00442
0.00442
0.0044
0.00439
0.00437
0.00438
0.00437
0.00436
0.00436
0.00435
0.00435
0.00436
0.00436
0.00437
0.00437
0.00438
0.00439
0.0044
0.00441
0.00442
0.00443
0.00445
0.00447
0.00448
0.0045
0.00452
0.00454
0.00457
0.00459
0.00462
0.00464
0.00467
0.0047
0.00474
0.00476
0.0048
0.00483
0.00487
0.0049
0.00494
0.00497
0.005
0.00504
0.00508
0.00511
0.00515
0.00517
0.00522
0.00524
0.00528
0.0053
0.00533
0.00535
0.00539
0.00541
0.00544
0.00547
0.00549
0.00552
0.00556
0.00559
0.00562
0.00565
0.0057
0.00573
0.00579
0.00583
0.00589
0.00593
0.00601
0.00607
0.00614
0.00621
0.00629
0.00638
0.00647
0.00657
0.00668
0.00677
0.00688
0.00699
0.00711
0.00722
0.00734
0.00745
0.00758
0.0077
0.00782
0.00794
0.00805
0.00818
0.0083
0.00842
0.00854
0.00865
0.00877
0.00888
0.009
0.0091
0.00922
0.00932
0.00944
0.00955
0.00966
0.00977
0.00988
0.01001
0.01013
0.01025
0.01038
0.0105
0.01063
0.01076
0.0109
0.01104
0.01118
0.01132
0.01148
0.01162
0.01178
0.01193
0.01209
0.01225
0.01241
0.01257
0.01273
0.01288
0.01305
0.0132
0.01336
0.01351
0.01366
0.01381
0.01396
0.0141
0.01424
0.01438
0.01451
0.01464
0.01477
0.0149
0.01503
0.01514
0.01527
0.01538
0.01551
0.01561
0.01573
0.01584
0.01596
0.01607
0.01618
0.01629
0.0164
0.01651
0.01663
0.01674
0.01686
0.01696
0.01708
0.01719
0.01731
0.01742
0.01754
0.01764
0.01777
0.01788
0.01799
0.0181
0.01821
0.01832
0.01843
0.01854
0.01865
0.01874
0.01885
0.01895
0.01905
0.01914
0.01924
0.01932
0.01942
0.0195
0.01958
0.01966
0.01974
0.01982
0.01989
0.01996
0.02003
0.02009
0.02015
0.02021
0.02027
0.02032
0.02037
0.02041
0.02046
0.02049
0.02053
0.02056
0.02059
0.02063
0.02066
0.02068
0.02071
0.02071
0.02074
0.02075
0.02077
0.02078
0.02079
0.0208
0.02082
0.02082
0.02082
0.02083
0.02083
0.02084
0.02084
0.02085
0.02085
0.02085
0.02085
0.02085
0.02085
0.02084
0.02084
0.02082
0.02082
0.02081
0.0208
0.02078
0.02076
0.02074
0.02072
0.02069
0.02067
0.02063
0.0206
0.02056
0.02053
0.02048
0.02044
0.02038
0.02035
0.02029
0.02024
0.02019
0.02014
0.02009
0.02004
0.01999
0.01994
0.01988
0.01984
0.01978
0.01974
0.0197
0.01965
0.01961
0.01958
0.01953
0.0195
0.01946
0.01942
0.01939
0.01936
0.01933
0.0193
0.01926
0.01924
0.01921
0.01918
0.01914
0.01912
0.01908
0.01906
0.01902
0.01899
0.01895
0.01891
0.01888
0.01885
0.01881
0.01878
0.01873
0.0187
0.01867
0.01864
0.01859
0.01856
0.01852
0.01849
0.01845
0.01841
0.01837
0.01834
0.0183
0.01827
0.01823
0.0182
0.01815
0.01812
0.01807
0.01803
0.01798
0.01794
0.01789
0.01785
0.01779
0.01774
0.01767
0.01761
0.01755
0.01749
0.01743
0.01736
0.01728
0.01722
0.01715
0.01709
0.01701
0.01694
0.01686
0.01681
0.01673
0.01667
0.0166
0.01653
0.01648
0.01642
0.01637
0.01632
0.01627
0.01622
0.01618
0.01614
0.01609
0.01606
0.01602
0.01599
0.01595
0.01591
0.01587
0.01583
0.0158
0.01576
0.01572
0.01568
0.01562
0.01557
0.01551
0.01546
0.01539
0.01533
0.01525
0.01519
0.01511
0.01503
0.01494
0.01485
0.01476
0.01467
0.01457
0.01448
0.01437
0.01428
0.01417
0.01408
0.01397
0.01388
0.01376
0.01367
0.01357
0.01347
0.01337
0.01327
0.01317
0.01308
0.01298
0.01289
0.01278
0.0127
0.0126
0.01251
0.0124
0.01231
0.01221
0.01212
0.01202
0.01192
0.01182
0.01172
0.01162
0.01152
0.01142
0.01132
0.01121
0.01112
0.01102
0.01092
0.01082
0.01073
0.01063
0.01055
0.01046
0.01038
0.0103
0.01022
0.01015
0.01009
0.01002
0.00997
0.0099
0.00986
0.00981
0.00977
0.00972
0.00969
0.00965
0.00963
0.00959
0.00957
0.00954
0.00951
0.00949
0.00946
0.00944
0.00942
0.00938
0.00936
0.00933
0.0093
0.00926
0.00923
0.00918
0.00915
0.00911
0.00907
0.00902
0.00897
0.00892
0.00888
0.00883
0.00878
0.00872
0.00868
0.00863
0.00859
0.00853
0.00849
0.00844
0.00841
0.00836
0.00833
0.00828
0.00825
0.00822
0.00818
0.00815
0.00813
0.00809
0.00807
0.00804
0.00802
0.00799
0.00796
0.00793
0.00791
0.00788
0.00784
0.00781
0.00778
0.00774
0.00771
0.00768
0.00764
0.00759
0.00756
0.00751
0.00748
0.00742
0.00739
0.00733
0.00729
0.00724
0.00719
0.00714
0.00709
0.00704
0.00699
0.00694
0.0069
0.00683
0.00679
0.00673
0.00669
0.00663
0.00659
0.00653
0.00648
0.00642
0.00637
0.00631
0.00625
0.0062
0.00615
0.00609
0.00603
0.00596
0.00591
0.00584
0.00579
0.00572
0.00567
0.0056
0.00555
0.00549
0.00544
0.00538
0.00533
0.00528
0.00524
0.00519
0.00516
0.00511
0.00509
0.00505
0.00503
0.005
0.00499
0.00496
0.00496
0.00494
0.00492
0.00491
0.0049
0.0049
0.00489
0.00489
0.00488
0.00486
0.00486
0.00484
0.00484
0.00481
0.00479
0.00477
0.00475
0.00472
0.00469
0.00465
0.00461
0.00458
0.00454
0.0045
0.00446
0.00441
0.00438
0.00433
0.0043
0.00425
0.00422
0.00418
0.00416
0.00413
0.0041
0.00408
0.00406
0.00406
0.00406
0.00406
0.00407
0.00407
0.00409
0.00411
0.00413
0.00415
0.00419
0.00421
0.00426
0.00429
0.00432
0.00435
0.00439
0.00443
0.00446
0.0045
0.00453
0.00455
0.00458
0.0046
0.00463
0.00464
0.00466
0.00467
0.00469
0.00469
0.00469
0.00469
0.00468
0.00468
0.00468
0.00468
0.00467
0.00465
0.00465
0.00464
0.00464
0.00463
0.00463
0.00461
0.00461
0.00461
0.0046
0.0046
0.0046
0.0046
0.00461
0.00461
0.00462
0.00462
0.00463
0.00464
0.00465
0.00466
0.00467
0.00467
0.0047
0.0047
0.00471
0.00472
0.00473
0.00474
0.00476
0.00477
0.00478
0.00479
0.00481
0.00481
0.00483
0.00483
0.00485
0.00485
0.00487
0.00488
0.00489
0.0049
0.00491
0.00492
0.00493
0.00494
0.00496
0.00495
0.00497
0.00497
0.00498
0.00497
0.00498
0.00497
0.00499
0.00498
0.00497
0.00497
0.00496
0.00496
0.00495
0.00494
0.00494
0.00492
0.00492
0.00491
0.00491
0.0049
0.0049
0.00489
0.0049
0.00489
0.00489
0.0049
0.0049
0.00491
0.00493
0.00494
0.00497
0.00497
0.005
0.00502
0.00505
0.00507
0.0051
0.00512
0.00516
0.00518
0.00521
0.00524
0.00526
0.00529
0.00532
0.00533
0.00536
0.00536
0.00539
0.00539
0.00541
0.0054
0.00541
0.0054
0.00541
0.0054
0.00538
0.00537
0.00535
0.00534
0.00533
0.00531
0.00529
0.00526
0.00525
0.00522
0.00521
0.00518
0.00516
0.00514
0.00513
0.0051
0.00509
0.00507
0.00505
0.00503
0.00502
0.00501
0.005
0.00497
0.00497
0.00494
0.00494
0.00491
0.0049
0.00488
0.00487
0.00485
0.00483
0.0048
0.00478
0.00476
0.00474
0.00471
0.0047
0.00466
0.00465
0.00461
0.0046
0.00457
0.00455
0.00453
0.00452
0.0045
0.00448
0.00447
0.00446
0.00446
0.00446
0.00446
0.00447
0.00447
0.00448
0.00449
0.00451
0.00452
0.00454
0.00456
0.00459
0.00461
0.00463
0.00465
0.00467
0.0047
0.00473
0.00475
0.00478
0.00479
0.00481
0.00483
0.00485
0.00486
0.00487
0.00488
0.0049
0.00491
0.00491
0.00492
0.00492
0.00493
0.00494
0.00495
0.00497
0.00497
0.00499
0.00499
0.00501
0.00502
0.00505
0.00506
0.00509
0.00511
0.00514
0.00517
0.0052
0.00524
0.00528
0.00532
0.00536
0.00539
0.00544
0.00548
0.00553
0.00557
0.00562
0.00565
0.00571
0.00574
0.00578
0.00582
0.00585
0.00589
0.00593
0.00596
0.00599
0.00601
0.00604
0.00606
0.00608
0.00609
0.00611
0.00611
0.00614
0.00614
0.00614
0.00614
0.00614
0.00614
0.00614
0.00613
0.00613
0.00611
0.0061
0.00608
0.00607
0.00604
0.00602
0.00599
0.00597
0.00593
0.0059
0.00586
0.00582
0.00579
0.00575
0.0057
0.00566
0.00561
0.00557
0.00551
0.00547
0.00541
0.00537
0.00532
0.00528
0.00522
0.00517
0.00512
0.00507
0.00503
0.00499
0.00495
0.00492
0.00487
0.00484
0.0048
0.00477
0.00473
0.0047
0.00466
0.00465
0.00461
0.00458
0.00455
0.00452
0.00449
0.00446
0.00443
0.0044
0.00435
0.00432
0.00428
0.00425
0.0042
0.00416
0.0041
0.00407
0.00401
0.00396
0.0039
0.00385
0.0038
0.00375
0.00369
0.00364
0.00358
0.00354
0.00348
0.00344
0.00338
0.00334
0.00329
0.00326
0.00322
0.00319
0.00316
0.00313
0.00311
0.00309
0.00308
0.00307
0.00305
0.00306
0.00305
0.00306
0.00306
0.00307
0.00307
0.00309
0.0031
0.00311
0.00313
0.00315
0.00317
0.0032
0.00322
0.00324
0.00326
0.00329
0.00331
0.00335
0.00337
0.00341
0.00342
0.00347
0.00349
0.00352
0.00355
0.00359
0.00362
0.00366
0.00369
0.00373
0.00376
0.0038
0.00383
0.00388
0.00391
0.00395
0.00398
0.00403
0.00406
0.00409
0.00413
0.00416
0.00419
0.00422
0.00426
0.00429
0.0043
0.00434
0.00435
0.00439
0.0044
0.00442
0.00443
0.00445
0.00446
0.00447
0.00448
0.00448
0.00449
0.0045
0.0045
0.00451
0.0045
0.0045
0.0045
0.0045
0.00449
0.00449
0.00448
0.00448
0.00447
0.00447
0.00445
0.00444
0.00443
0.00442
0.00441
0.0044
0.00438
0.00437
0.00435
0.00434
0.00431
0.00429
0.00427
0.00426
0.00422
0.0042
0.00417
0.00414
0.00412
0.0041
0.00407
0.00405
0.00401
0.00399
0.00396
0.00395
0.00391
0.0039
0.00386
0.00385
0.00383
0.00381
0.00378
0.00377
0.00375
0.00374
0.00373
0.00372
0.0037
0.0037
0.00368
0.00368
0.00367
0.00367
0.00365
0.00366
0.00365
0.00364
0.00363
0.00362
0.00362
0.00361
0.0036
0.0036
0.00357
0.00357
0.00355
0.00354
0.00352
0.00351
0.00349
0.00348
0.00346
0.00344
0.00341
0.00339
0.00337
0.00336
0.00334
0.00333
0.0033
0.00329
0.00327
0.00327
0.00325
0.00324
0.00323
0.00323
0.00322
0.00322
0.00321
0.00321
0.00321
0.00322
0.00323
0.00323
0.00323
0.00325
0.00325
0.00327
0.00327
0.00329
0.00329
0.00331
0.00332
0.00333
0.00334
0.00334
0.00336
0.00337
0.00338
0.00339
0.00339
0.00341
0.00341
0.00342
0.00342
0.00344
0.00344
0.00345
0.00346
0.00346
0.00347
0.00347
0.00349
0.0035
0.00351
0.00353
0.00354
0.00355
0.00357
0.00359
0.0036
0.00362
0.00364
0.00367
0.00368
0.00371
0.00373
0.00375
0.00378
0.0038
0.00383
0.00386
0.00388
0.00391
0.00394
0.00397
0.00399
0.00403
0.00404
0.00408
0.00411
0.00414
0.00416
0.00419
0.00422
0.00426
0.00428
0.00432
0.00434
0.00437
0.0044
0.00444
0.00446
0.00449
0.00452
0.00456
0.00458
0.00461
0.00463
0.00466
0.00469
0.00472
0.00474
0.00477
0.00478
0.00481
0.00483
0.00485
0.00486
0.00488
0.00488
0.0049
0.00491
0.00491
0.00491
0.00491
0.00492
0.00492
0.00492
0.00492
0.00491
0.00491
0.0049
0.00491
0.00489
0.00489
0.00488
0.00489
0.00488
0.00488
0.00488
0.00488
0.00489
0.0049
0.00491
0.00492
0.00493
0.00495
0.00497
0.005
0.00501
0.00504
0.00507
0.0051
0.00514
0.00517
0.0052
0.00524
0.00528
0.00532
0.00536
0.00541
0.00544
0.00549
0.00553
0.00558
0.00561
0.00566
0.00569
0.00573
0.00577
0.0058
0.00583
0.00586
0.0059
0.00593
0.00596
0.00599
0.006
0.00603
0.00605
0.00608
0.0061
0.00612
0.00613
0.00616
0.00617
0.00618
0.0062
0.00621
0.00622
0.00624
0.00625
0.00627
0.00627
0.00629
0.00629
0.00631
0.00631
0.00633
0.00633
0.00634
0.00635
0.00635
0.00636
0.00636
0.00637
0.00637
0.00637
0.00638
0.00637
0.00638
0.00637
0.00638
0.00637
0.00637
0.00636
0.00637
0.00636
0.00635
0.00634
0.00634
0.00633
0.00633
0.00633
0.00632
0.00631
0.00631
0.00629
0.0063
0.00628
0.00628
0.00627
0.00628
0.00626
0.00626
0.00625
0.00624
0.00623
0.00623
0.00622
0.00621
0.0062
0.00619
0.00618
0.00617
0.00615
0.00614
0.00612
0.00611
0.00609
0.00608
0.00605
0.00603
0.00602
0.006
0.00598
0.00597
0.00595
0.00594
0.00592
0.00591
0.00589
0.00589
0.00587
0.00587
0.00587
0.00586
0.00586
0.00586
0.00587
0.00588
0.00589
0.00591
0.00592
0.00594
0.00595
0.00598
0.006
0.00603
0.00605
0.00608
0.0061
0.00613
0.00615
0.00618
0.00621
0.00624
0.00626
0.00629
0.00631
0.00634
0.00636
0.00639
0.0064
0.00642
0.00644
0.00647
0.00649
0.00651
0.00652
0.00654
0.00657
0.00659
0.00662
0.00665
0.00666
0.0067
0.00672
0.00676
0.00678
0.00682
0.00684
0.00688
0.00691
0.00694
0.00697
0.007
0.00703
0.00706
0.00709
0.00712
0.00713
0.00716
0.00717
0.00719
0.00719
0.00721
0.0072
0.00721
0.00719
0.00718
0.00717
0.00714
0.00713
0.0071
0.00708
0.00705
0.007
0.00698
0.00693
0.0069
0.00685
0.00682
0.00677
0.00674
0.0067
0.00666
0.00662
0.00658
0.00654
0.00651
0.00648
0.00645
0.00641
0.00639
0.00635
0.00633
0.00629
0.00627
0.00623
0.00621
0.00617
0.00614
0.0061
0.00606
0.00603
0.00599
0.00594
0.0059
0.00584
0.0058
0.00574
0.0057
0.00564
0.00558
0.00552
0.00547
0.00541
0.00535
0.00529
0.00523
0.00518
0.00513
0.00508
0.00504
0.00498
0.00495
0.00491
0.00489
0.00485
0.00483
0.00481
0.0048
0.00479
0.00478
0.00478
0.00477
0.00478
0.00479
0.00479
0.00481
0.00481
0.00483
0.00483
0.00485
0.00486
0.00487
0.00487
0.00489
0.00489
0.00489
0.00489
0.00488
0.00487
0.00487
0.00486
0.00485
0.00483
0.00482
0.00479
0.00478
0.00476
0.00474
0.00471
0.0047
0.00467
0.00465
0.00462
0.0046
0.00458
0.00456
0.00454
0.00453
0.0045
0.00449
0.00447
0.00447
0.00445
0.00444
0.00442
0.00442
0.0044
0.00439
0.00438
0.00437
0.00435
0.00435
0.00433
0.00432
0.0043
0.00429
0.00427
0.00426
0.00424
0.00422
0.0042
0.00419
0.00417
0.00415
0.00413
0.00412
0.00411
0.00409
0.00409
0.00408
0.00407
0.00408
0.00407
0.00408
0.00408
0.00409
0.0041
0.00413
0.00414
0.00417
0.00419
0.00422
0.00426
0.00429
0.00433
0.00437
0.0044
0.00445
0.00449
0.00455
0.00458
0.00463
0.00467
0.00472
0.00476
0.0048
0.00484
0.00487
0.00491
0.00495
0.00498
0.00502
0.00504
0.00507
0.00509
0.00512
0.00514
0.00516
0.00517
0.00519
0.0052
0.00522
0.00523
0.00524
0.00525
0.00527
0.00528
0.0053
0.0053
0.00532
0.00532
0.00535
0.00535
0.00537
0.00538
0.0054
0.00541
0.00543
0.00544
0.00545
0.00547
0.00549
0.00551
0.00553
0.00553
0.00555
0.00556
0.00558
0.00558
0.0056
0.0056
0.00561
0.00561
0.00561
0.00561
0.00561
0.00561
0.00561
0.0056
0.0056
0.00558
0.00558
0.00556
0.00555
0.00553
0.00552
0.0055
0.00549
0.00548
0.00546
0.00544
0.00542
0.00541
0.0054
0.00538
0.00537
0.00535
0.00534
0.00533
0.00532
0.0053
0.00529
0.00527
0.00527
0.00525
0.00524
0.00522
0.00521
0.0052
0.00518
0.00517
0.00515
0.00512
0.00511
0.00509
0.00507
0.00504
0.00501
0.00498
0.00496
0.00492
0.00489
0.00486
0.00482
0.00479
0.00475
0.00472
0.00469
0.00464
0.00461
0.00457
0.00455
0.00451
0.00448
0.00444
0.00442
0.00439
0.00436
0.00434
0.00431
0.00429
0.00427
0.00425
0.00424
0.00421
0.00421
0.00419
0.00418
0.00416
0.00415
0.00413
0.00413
0.00411
0.0041
0.00408
0.00407
0.00406
0.00405
0.00403
0.00402
0.00399
0.00399
0.00397
0.00396
0.00393
0.00392
0.0039
0.00389
0.00386
0.00385
0.00383
0.00382
0.00381
0.0038
0.00379
0.00379
0.00377
0.00378
0.00377
0.00378
0.00378
0.00379
0.00379
0.00381
0.00382
0.00383
0.00385
0.00387
0.00389
0.00392
0.00394
0.00397
0.00399
0.00402
0.00404
0.00408
0.00409
0.00413
0.00414
0.00417
0.00419
0.00421
0.00422
0.00423
0.00424
0.00426
0.00426
0.00427
0.00425
0.00426
0.00424
0.00424
0.00422
0.00421
0.00418
0.00416
0.00413
0.00411
0.00407
0.00404
0.00401
0.00398
0.00394
0.00391
0.00386
0.00383
0.00378
0.00375
0.0037
0.00367
0.00363
0.0036
0.00356
0.00353
0.00349
0.00346
0.00343
0.00341
0.00338
0.00336
0.00333
0.00331
0.00329
0.00328
0.00325
0.00324
0.00322
0.00321
0.0032
0.00318
0.00317
0.00315
0.00314
0.00313
0.00312
0.00311
0.00309
0.00308
0.00306
0.00305
0.00303
0.00301
0.00298
0.00297
0.00294
0.00292
0.00289
0.00285
0.00282
0.0028
0.00276
0.00273
0.00269
0.00266
0.00261
0.00258
0.00253
0.0025
0.00245
0.00242
0.00238
0.00234
0.0023
0.00226
0.00223
0.0022
0.00217
0.00215
0.00211
0.00209
0.00206
0.00205
0.00202
0.00201
0.00199
0.00199
0.00198
0.00197
0.00197
0.00196
0.00196
0.00197
0.00197
0.00197
0.00197
0.00198
0.00198
0.00199
0.00199
0.00199
0.00199
0.002
0.002
0.002
0.00199
0.00199
0.00199
0.00199
0.00198
0.00198
0.00196
0.00196
0.00195
0.00195
0.00194
0.00193
0.00192
0.00192
0.00192
0.00191
0.00191
0.00191
0.00192
0.00193
0.00194
0.00196
0.00197
0.00199
0.00201
0.00205
0.00207
0.00211
0.00214
0.0022
0.00223
0.00228
0.00233
0.00238
0.00244
0.00249
0.00255
0.00262
0.00266
0.00273
0.00278
0.00285
0.0029
0.00295
0.003
0.00306
0.0031
0.00315
0.00319
0.00323
0.00327
0.00331
0.00334
0.00337
0.00339
0.00342
0.00344
0.00347
0.00348
0.0035
0.00351
0.00353
0.00354
0.00356
0.00357
0.00358
0.0036
0.00362
0.00364
0.00366
0.00367
0.0037
0.00373
0.00376
0.00378
0.00382
0.00385
0.0039
0.00393
0.00398
0.00401
0.00406
0.00411
0.00416
0.00421
0.00427
0.00432
0.00438
0.00443
0.00449
0.00454
0.0046
0.00465
0.00471
0.00476
0.00481
0.00486
0.00491
0.00497
0.00502
0.00507
0.00512
0.00515
0.0052
0.00524
0.00528
0.00532
0.00535
0.00538
0.00542
0.00545
0.00547
0.00549
0.00552
0.00554
0.00556
0.00558
0.0056
0.00561
0.00562
0.00563
0.00565
0.00565
0.00566
0.00566
0.00567
0.00567
0.00567
0.00566
0.00566
0.00566
0.00567
0.00567
0.00567
0.00566
0.00567
0.00566
0.00567
0.00567
0.00567
0.00567
0.00569
0.00569
0.00569
0.0057
0.00571
0.00572
0.00574
0.00575
0.00576
0.00577
0.00579
0.0058
0.00582
0.00582
0.00584
0.00585
0.00587
0.00588
0.00589
0.0059
0.0059
0.00592
0.00592
0.00593
0.00593
0.00593
0.00593
0.00593
0.00593
0.00592
0.00592
0.00591
0.00591
0.0059
0.00589
0.00587
0.00586
0.00585
0.00584
0.00583
0.00582
0.00579
0.00579
0.00577
0.00576
0.00574
0.00572
0.0057
0.0057
0.00567
0.00566
0.00564
0.00562
0.00561
0.00559
0.00558
0.00556
0.00553
0.00552
0.0055
0.00548
0.00546
0.00544
0.00541
0.0054
0.00538
0.00536
0.00533
0.00531
0.00529
0.00527
0.00525
0.00523
0.0052
0.00519
0.00516
0.00515
0.00512
0.0051
0.00508
0.00507
0.00504
0.00502
0.00499
0.00497
0.00495
0.00493
0.00491
0.00489
0.00486
0.00484
0.00481
0.00479
0.00476
0.00473
0.0047
0.00467
0.00464
0.0046
0.00457
0.00452
0.00449
0.00445
0.00441
0.00437
0.00432
0.00429
0.00423
0.00419
0.00414
0.0041
0.00404
0.00401
0.00395
0.0039
0.00385
0.0038
0.00376
0.00372
0.00367
0.00363
0.00358
0.00355
0.0035
0.00347
0.00343
0.0034
0.00336
0.00335
0.00332
0.00329
0.00327
0.00325
0.00324
0.00323
0.00322
0.00322
0.00321
0.00322
0.00322
0.00323
0.00323
0.00324
0.00325
0.00328
0.00329
0.00331
0.00332
0.00334
0.00336
0.00339
0.00341
0.00344
0.00345
0.00348
0.0035
0.00353
0.00355
0.00357
0.00359
0.00362
0.00363
0.00365
0.00367
0.00368
0.0037
0.00372
0.00374
0.00376
0.00377
0.00379
0.0038
0.00382
0.00383
0.00385
0.00386
0.00389
0.00391
0.00392
0.00394
0.00396
0.00398
0.00401
0.00403
0.00406
0.00407
0.00411
0.00413
0.00416
0.00417
0.00421
0.00422
0.00426
0.00427
0.0043
0.00432
0.00434
0.00436
0.00438
0.0044
0.00442
0.00442
0.00445
0.00445
0.00447
0.00447
0.00448
0.00448
0.0045
0.0045
0.0045
0.0045
0.0045
0.00451
0.00452
0.00452
0.00452
0.00452
0.00453
0.00452
0.00453
0.00453
0.00454
0.00454
0.00455
0.00455
0.00455
0.00455
0.00455
0.00456
0.00456
0.00456
0.00456
0.00455
0.00455
0.00453
0.00453
0.0045
0.00449
0.00446
0.00444
0.0044
0.00437
0.00433
0.00428
0.00424
0.00419
0.00414
0.00409
0.00401
0.00396
0.00389
0.00383
0.00376
0.00369
0.00362
0.00356
0.00349
0.00342
0.00336
0.00329
0.00323
0.00318
0.00313
0.00309
0.00303
0.003
0.00297
0.00295
0.00292
0.0029
0.00288
0.00289
0.00288
0.00288
0.00288
0.00289
0.0029
0.00293
0.00295
0.00297
0.00299
0.00302
0.00305
0.00309
0.00311
0.00315
0.00317
0.00321
0.00324
0.00328
0.00331
0.00333
0.00337
0.0034
0.00343
0.00347
0.00349
0.00352
0.00355
0.00359
0.00361
0.00364
0.00367
0.00371
0.00373
0.00377
0.0038
0.00383
0.00386
0.0039
0.00394
0.00398
0.00401
0.00406
0.00409
0.00414
0.00418
0.00422
0.00426
0.00431
0.00435
0.00439
0.00443
0.00447
0.00451
0.00455
0.00458
0.00463
0.00465
0.0047
0.00472
0.00476
0.00479
0.00482
0.00484
0.00488
0.0049
0.00492
0.00494
0.00496
0.00499
0.00501
0.00503
0.00505
0.00505
0.00508
0.00509
0.0051
0.0051
0.00512
0.00512
0.00513
0.00513
0.00513
0.00512
0.00511
0.00511
0.0051
0.00509
0.00507
0.00504
0.00503
0.005
0.00498
0.00494
0.00492
0.00487
0.00485
0.0048
0.00476
0.00472
0.00467
0.00463
0.00459
0.00455
0.0045
0.00445
0.00441
0.00436
0.00433
0.00428
0.00424
0.00419
0.00417
0.00413
0.00409
0.00405
0.00402
0.00399
0.00396
0.00393
0.00391
0.00387
0.00386
0.00383
0.00381
0.00378
0.00376
0.00373
0.00372
0.0037
0.00367
0.00365
0.00363
0.00362
0.0036
0.00359
0.00357
0.00355
0.00355
0.00353
0.00353
0.00352
0.00352
0.00352
0.00354
0.00354
0.00355
0.00357
0.00359
0.00362
0.00365
0.00368
0.00373
0.00376
0.00382
0.00386
0.00392
0.00397
0.00403
0.00408
0.00415
0.00421
0.00427
0.00433
0.00439
0.00445
0.00451
0.00457
0.00462
0.00466
0.00471
0.00474
0.00479
0.00481
0.00484
0.00486
0.00489
0.0049
0.00491
0.00491
0.00491
0.00491
0.0049
0.00489
0.00488
0.00486
0.00484
0.00482
0.00481
0.00478
0.00476
0.00473
0.00472
0.00469
0.00467
0.00464
0.00462
0.0046
0.00458
0.00456
0.00455
0.00452
0.0045
0.00448
0.00447
0.00444
0.00442
0.0044
0.00439
0.00436
0.00434
0.00431
0.00429
0.00427
0.00425
0.00422
0.00421
0.00417
0.00416
0.00413
0.00412
0.00409
0.00408
0.00406
0.00406
0.00404
0.00403
0.00402
0.00401
0.00401
0.00402
0.00402
0.00403
0.00403
0.00405
0.00406
0.00408
0.00409
0.00411
0.00413
0.00415
0.00417
0.00419
0.0042
0.00421
0.00423
0.00425
0.00426
0.00427
0.00426
0.00427
0.00427
0.00427
0.00426
0.00425
0.00423
0.00422
0.0042
0.00418
0.00416
0.00413
0.00411
0.00409
0.00407
0.00405
0.00402
0.00401
0.00399
0.00398
0.00396
0.00396
0.00395
0.00396
0.00395
0.00396
0.00397
0.00398
0.004
0.00402
0.00405
0.00408
0.0041
0.00414
0.00416
0.00421
0.00423
0.00427
0.00429
0.00434
0.00437
0.00439
0.00442
0.00444
0.00447
0.00449
0.00451
0.00453
0.00453
0.00455
0.00455
0.00457
0.00456
0.00457
0.00455
0.00456
0.00455
0.00454
0.00453
0.00452
0.00452
0.00451
0.0045
0.0045
0.00448
0.00448
0.00447
0.00447
0.00445
0.00445
0.00444
0.00445
0.00444
0.00443
0.00443
0.00443
0.00443
0.00443
0.00443
0.00443
0.00442
0.00442
0.00441
0.00442
0.0044
0.0044
0.00439
0.00439
0.00437
0.00436
0.00435
0.00434
0.00433
0.00432
0.0043
0.0043
0.00428
0.00427
0.00426
0.00426
0.00424
0.00423
0.00422
0.00422
0.00421
0.00421
0.00421
0.0042
0.00421
0.00421
0.00422
0.00423
0.00423
0.00424
0.00425
0.00427
0.00428
0.0043
0.00431
0.00434
0.00435
0.00437
0.00439
0.00441
0.00443
0.00446
0.00448
0.0045
0.00452
0.00455
0.00456
0.00459
0.00461
0.00463
0.00465
0.00468
0.00469
0.00471
0.00473
0.00474
0.00477
0.00479
0.00481
0.00484
0.00485
0.00488
0.00489
0.00492
0.00494
0.00497
0.00498
0.00502
0.00504
0.00507
0.00509
0.00511
0.00514
0.00517
0.0052
0.00523
0.00525
0.00528
0.0053
0.00533
0.00535
0.00538
0.00539
0.00542
0.00543
0.00545
0.00546
0.00546
0.00547
0.00548
0.00548
0.00548
0.00547
0.00547
0.00545
0.00545
0.00542
0.00541
0.00538
0.00536
0.00533
0.00531
0.00528
0.00524
0.00521
0.00518
0.00515
0.00512
0.00507
0.00505
0.00501
0.00498
0.00493
0.0049
0.00486
0.00483
0.00479
0.00476
0.00472
0.00468
0.00465
0.00462
0.00458
0.00455
0.00451
0.00448
0.00444
0.00441
0.00436
0.00433
0.00428
0.00426
0.00421
0.00417
0.00413
0.00408
0.00404
0.00401
0.00397
0.00393
0.00389
0.00386
0.00382
0.0038
0.00376
0.00374
0.0037
0.0037
0.00367
0.00366
0.00365
0.00364
0.00364
0.00364
0.00365
0.00366
0.00367
0.00369
0.0037
0.00373
0.00375
0.00378
0.00381
0.00385
0.00388
0.00391
0.00394
0.00397
0.004
0.00403
0.00406
0.00409
0.00411
0.00413
0.00414
0.00416
0.00417
0.00417
0.00417
0.00418
0.00416
0.00415
0.00414
0.00411
0.00409
0.00407
0.00404
0.00401
0.00397
0.00394
0.0039
0.00387
0.00382
0.00379
0.00374
0.00372
0.00368
0.00364
0.00361
0.00358
0.00355
0.00354
0.00352
0.00351
0.00349
0.00349
0.00348
0.00349
0.00349
0.0035
0.00351
0.00353
0.00354
0.00357
0.00359
0.00361
0.00364
0.00367
0.0037
0.00373
0.00375
0.00378
0.0038
0.00383
0.00385
0.00387
0.00388
0.0039
0.00391
0.00392
0.00393
0.00393
0.00393
0.00393
0.00393
0.00393
0.00391
0.0039
0.00389
0.00388
0.00386
0.00386
0.00384
0.00384
0.00382
0.00381
0.0038
0.00379
0.00379
0.00379
0.00379
0.0038
0.00379
0.0038
0.00381
0.00383
0.00383
0.00385
0.00386
0.00389
0.0039
0.00392
0.00394
0.00396
0.00398
0.00401
0.00403
0.00405
0.00406
0.00409
0.00411
0.00414
0.00415
0.00418
0.00419
0.00422
0.00424
0.00426
0.00429
0.00431
0.00434
0.00437
0.0044
0.00444
0.00446
0.00451
0.00455
0.0046
0.00463
0.00469
0.00473
0.0048
0.00485
0.00491
0.00497
0.00503
0.0051
0.00517
0.00523
0.0053
0.00536
0.00543
0.00549
0.00556
0.00561
0.00567
0.00572
0.00578
0.00582
0.00587
0.0059
0.00594
0.00597
0.006
0.00603
0.00605
0.00605
0.00607
0.00608
0.00609
0.00608
0.00609
0.00608
0.00609
0.00608
0.00607
0.00607
0.00605
0.00605
0.00605
0.00604
0.00604
0.00603
0.00603
0.00603
0.00603
0.00603
0.00603
0.00603
0.00604
0.00604
0.00604
0.00605
0.00605
0.00605
0.00605
0.00605
0.00606
0.00605
0.00605
0.00604
0.00604
0.00602
0.00601
0.00598
0.00598
0.00595
0.00593
0.0059
0.00587
0.00584
0.0058
0.00577
0.00574
0.00569
0.00566
0.00561
0.00557
0.00552
0.00548
0.00543
0.00539
0.00534
0.0053
0.00525
0.0052
0.00515
0.00512
0.00507
0.00503
0.00498
0.00495
0.0049
0.00487
0.00483
0.00479
0.00475
0.00472
0.00468
0.00465
0.00461
0.00458
0.00455
0.00452
0.00449
0.00447
0.00443
0.00441
0.00438
0.00436
0.00433
0.00431
0.00428
0.00427
0.00425
0.00423
0.00421
0.00419
0.00417
0.00416
0.00415
0.00414
0.00412
0.00411
0.0041
0.00409
0.00408
0.00407
0.00405
0.00405
0.00403
0.00402
0.00401
0.00399
0.00399
0.00398
0.00397
0.00396
0.00394
0.00393
0.00391
0.00391
0.00388
0.00388
0.00386
0.00385
0.00383
0.00382
0.00381
0.00379
0.00378
0.00378
0.00377
0.00377
0.00375
0.00375
0.00375
0.00375
0.00374
0.00375
0.00374
0.00375
0.00375
0.00376
0.00376
0.00377
0.00378
0.00379
0.0038
0.00381
0.00381
0.00383
0.00383
0.00385
0.00385
0.00386
0.00386
0.00388
0.00387
0.00388
0.00388
0.00388
0.00388
0.00388
0.00388
0.00388
0.00386
0.00387
0.00386
0.00386
0.00384
0.00384
0.00382
0.00383
0.00381
0.0038
0.00379
0.00378
0.00377
0.00376
0.00375
0.00374
0.00372
0.00372
0.0037
0.00369
0.00367
0.00366
0.00364
0.00362
0.0036
0.00358
0.00355
0.00352
0.0035
0.00347
0.00344
0.00341
0.00337
0.00334
0.0033
0.00327
0.00323
0.0032
0.00315
0.00312
0.00308
0.00304
0.003
0.00297
0.00294
0.00291
0.00289
0.00287
0.00284
0.00283
0.00282
0.00281
0.0028
0.0028
0.0028
0.00282
0.00282
0.00284
0.00285
0.00287
0.00289
0.00292
0.00294
0.00297
0.00299
0.00303
0.00305
0.00308
0.0031
0.00314
0.00315
0.00319
0.00321
0.00323
0.00325
0.00327
0.00329
0.00331
0.00333
0.00335
0.00335
0.00338
0.00339
0.00341
0.00342
0.00345
0.00346
0.0035
0.00352
0.00355
0.00358
0.00361
0.00365
0.0037
0.00374
0.0038
0.00384
0.0039
0.00395
0.00402
0.00408
0.00415
0.00421
0.00429
0.00435
0.00442
0.00449
0.00456
0.00463
0.00471
0.00478
0.00485
0.00491
0.00498
0.00504
0.00511
0.00516
0.00523
0.00527
0.00534
0.00538
0.00543
0.00548
0.00552
0.00557
0.00561
0.00565
0.00569
0.00572
0.00576
0.00579
0.00583
0.00585
0.00589
0.00591
0.00595
0.00597
0.00599
0.00601
0.00603
0.00605
0.00606
0.00608
0.00609
0.00609
0.0061
0.0061
0.00611
0.0061
0.0061
0.00608
0.00608
0.00606
0.00605
0.00603
0.00601
0.00599
0.00597
0.00595
0.00593
0.00589
0.00587
0.00584
0.00582
0.00579
0.00577
0.00573
0.00572
0.00569
0.00566
0.00563
0.0056
0.00558
0.00555
0.00552
0.0055
0.00546
0.00543
0.0054
0.00537
0.00533
0.0053
0.00525
0.00522
0.00517
0.00513
0.00508
0.00503
0.00498
0.00493
0.00487
0.00482
0.00475
0.0047
0.00464
0.00458
0.00452
0.00446
0.0044
0.00435
0.00429
0.00423
0.00418
0.00413
0.00408
0.00404
0.004
0.00397
0.00392
0.0039
0.00387
0.00385
0.00383
0.00382
0.0038
0.0038
0.00378
0.00378
0.00377
0.00377
0.00377
0.00378
0.00378
0.00379
0.00378
0.00379
0.00378
0.00379
0.00378
0.00378
0.00377
0.00378
0.00377
0.00375
0.00374
0.00373
0.00371
0.0037
0.00368
0.00367
0.00364
0.00363
0.0036
0.00359
0.00356
0.00354
0.00352
0.00351
0.00349
0.00347
0.00346
0.00344
0.00343
0.00343
0.00342
0.00343
0.00342
0.00343
0.00343
0.00345
0.00345
0.00347
0.00348
0.00351
0.00353
0.00355
0.00357
0.0036
0.00363
0.00366
0.00369
0.00372
0.00374
0.00378
0.0038
0.00384
