3.87237713440686E+02

0.00496
0.00499
0.00504
0.00507
0.00513
0.00517
0.00521
0.00525
0.00529
0.00534
0.00538
0.00542
0.00546
0.00548
0.00552
0.00554
0.00556
0.00557
0.00559
0.00559
0.00561
0.00561
0.0056
0.00559
0.00559
0.00558
0.00557
0.00556
0.00555
0.00553
0.00553
0.00551
0.0055
0.00549
0.00548
0.00547
0.00547
0.00546
0.00546
0.00546
0.00546
0.00546
0.00547
0.00548
0.00549
0.00549
0.0055
0.00551
0.00552
0.00552
0.00553
0.00552
0.00553
0.00552
0.00552
0.00551
0.00549
0.00548
0.00546
0.00544
0.00542
0.00538
0.00535
0.00531
0.00527
0.00522
0.00518
0.00512
0.00509
0.00503
0.00497
0.00492
0.00486
0.00481
0.00475
0.0047
0.00465
0.00459
0.00455
0.0045
0.00446
0.00441
0.00437
0.00432
0.0043
0.00426
0.00424
0.00421
0.00418
0.00417
0.00415
0.00414
0.00413
0.00412
0.00412
0.00411
0.00412
0.00412
0.00413
0.00413
0.00415
0.00416
0.00417
0.00419
0.00421
0.00423
0.00426
0.00428
0.00431
0.00433
0.00436
0.00439
0.00443
0.00445
0.00449
0.00452
0.00456
0.00459
0.00463
0.00466
0.0047
0.00473
0.00477
0.0048
0.00484
0.00486
0.0049
0.00492
0.00496
0.00498
0.00501
0.00502
0.00505
0.00506
0.00508
0.00509
0.00509
0.0051
0.00511
0.00512
0.00512
0.00512
0.00512
0.00512
0.00512
0.0051
0.0051
0.00509
0.0051
0.00509
0.00508
0.00507
0.00507
0.00507
0.00507
0.00507
0.00507
0.00507
0.00508
0.00508
0.0051
0.0051
0.00512
0.00513
0.00516
0.00517
0.00519
0.00521
0.00523
0.00526
0.00529
0.00531
0.00535
0.00536
0.0054
0.00541
0.00545
0.00546
0.00549
0.00551
0.00554
0.00555
0.00557
0.00558
0.00559
0.00561
0.00562
0.00562
0.00563
0.00562
0.00563
0.00562
0.00563
0.00561
0.00561
0.00559
0.00559
0.00557
0.00556
0.00554
0.00552
0.00551
0.00549
0.00547
0.00546
0.00543
0.00542
0.00539
0.00538
0.00536
0.00535
0.00532
0.00532
0.0053
0.00528
0.00527
0.00525
0.00525
0.00524
0.00524
0.00524
0.00523
0.00523
0.00523
0.00524
0.00524
0.00525
0.00525
0.00527
0.00528
0.00529
0.00531
0.00532
0.00534
0.00536
0.00538
0.0054
0.00541
0.00544
0.00546
0.00549
0.0055
0.00553
0.00554
0.00557
0.00559
0.00561
0.00562
0.00564
0.00566
0.00568
0.0057
0.00572
0.00572
0.00574
0.00575
0.00577
0.00577
0.00578
0.00578
0.0058
0.0058
0.0058
0.0058
0.0058
0.0058
0.0058
0.00579
0.00579
0.00577
0.00577
0.00575
0.00575
0.00572
0.00571
0.00568
0.00567
0.00564
0.00562
0.00559
0.00556
0.00553
0.00549
0.00546
0.00543
0.00538
0.00535
0.0053
0.00527
0.00522
0.00518
0.00514
0.0051
0.00505
0.00501
0.00496
0.00492
0.00487
0.00484
0.00479
0.00476
0.00471
0.00468
0.00464
0.00461
0.00457
0.00454
0.0045
0.00448
0.00445
0.00442
0.00439
0.00437
0.00435
0.00433
0.00431
0.00429
0.00426
0.00425
0.00423
0.00422
0.0042
0.00419
0.00416
0.00416
0.00414
0.00412
0.00411
0.00409
0.00408
0.00407
0.00405
0.00404
0.00402
0.00402
0.004
0.004
0.00398
0.00398
0.00396
0.00396
0.00395
0.00395
0.00395
0.00394
0.00395
0.00395
0.00395
0.00396
0.00396
0.00398
0.00399
0.00401
0.00401
0.00404
0.00405
0.00408
0.00409
0.00411
0.00413
0.00415
0.00417
0.00419
0.00421
0.00424
0.00424
0.00427
0.00427
0.00429
0.0043
0.00431
0.0043
0.00432
0.00431
0.00431
0.0043
0.00429
0.00428
0.00427
0.00425
0.00424
0.00421
0.00419
0.00416
0.00414
0.0041
0.00408
0.00403
0.00401
0.00397
0.00394
0.0039
0.00386
0.00383
0.0038
0.00376
0.00373
0.00369
0.00366
0.00362
0.0036
0.00356
0.00354
0.0035
0.00349
0.00345
0.00343
0.0034
0.00337
0.00335
0.00333
0.00331
0.00329
0.00326
0.00326
0.00323
0.00322
0.0032
0.00319
0.00317
0.00316
0.00315
0.00314
0.00313
0.00311
0.00311
0.0031
0.0031
0.0031
0.00308
0.00309
0.00308
0.00309
0.00308
0.00309
0.00308
0.0031
0.0031
0.0031
0.00311
0.00311
0.00312
0.00313
0.00314
0.00316
0.00316
0.00318
0.00319
0.00321
0.00322
0.00324
0.00325
0.00328
0.00329
0.00331
0.00333
0.00335
0.00338
0.00341
0.00343
0.00346
0.00348
0.00351
0.00354
0.00357
0.00359
0.00363
0.00365
0.00368
0.00371
0.00373
0.00375
0.00378
0.0038
0.00383
0.00385
0.00387
0.00388
0.0039
0.00391
0.00393
0.00393
0.00394
0.00394
0.00396
0.00395
0.00396
0.00396
0.00395
0.00396
0.00396
0.00396
0.00396
0.00395
0.00396
0.00396
0.00396
0.00396
0.00397
0.00396
0.00398
0.00398
0.00398
0.00399
0.00399
0.00401
0.00402
0.00403
0.00405
0.00405
0.00407
0.00408
0.00409
0.00409
0.00411
0.00411
0.00413
0.00413
0.00413
0.00413
0.00413
0.00413
0.00413
0.00412
0.00412
0.0041
0.0041
0.00408
0.00408
0.00406
0.00404
0.00402
0.00402
0.004
0.00398
0.00396
0.00395
0.00394
0.00393
0.00392
0.00392
0.00391
0.00391
0.00391
0.00392
0.00392
0.00393
0.00393
0.00396
0.00396
0.00398
0.004
0.00402
0.00404
0.00407
0.00409
0.00412
0.00413
0.00416
0.00417
0.0042
0.00421
0.00422
0.00423
0.00425
0.00425
0.00425
0.00425
0.00424
0.00423
0.00422
0.00421
0.00419
0.00416
0.00415
0.00412
0.00409
0.00406
0.00403
0.00399
0.00398
0.00394
0.00391
0.00388
0.00386
0.00384
0.00382
0.0038
0.0038
0.00378
0.00378
0.00377
0.00378
0.00378
0.00379
0.0038
0.00382
0.00383
0.00385
0.00387
0.00389
0.00392
0.00394
0.00396
0.00399
0.004
0.00403
0.00404
0.00407
0.00407
0.00409
0.00408
0.0041
0.00409
0.00409
0.00408
0.00407
0.00406
0.00405
0.00404
0.00403
0.004
0.00399
0.00397
0.00396
0.00393
0.00392
0.0039
0.00389
0.00387
0.00386
0.00385
0.00384
0.00384
0.00384
0.00384
0.00384
0.00384
0.00385
0.00385
0.00386
0.00387
0.00388
0.00388
0.0039
0.00391
0.00392
0.00393
0.00393
0.00394
0.00395
0.00396
0.00397
0.00396
0.00397
0.00397
0.00398
0.00396
0.00397
0.00396
0.00396
0.00395
0.00395
0.00394
0.00393
0.00393
0.00392
0.00391
0.00391
0.00389
0.00389
0.00387
0.00387
0.00385
0.00385
0.00382
0.00382
0.0038
0.00378
0.00376
0.00374
0.00372
0.0037
0.00367
0.00365
0.00362
0.0036
0.00356
0.00354
0.0035
0.00347
0.00343
0.00341
0.00337
0.00334
0.00331
0.00328
0.00325
0.00323
0.0032
0.00318
0.00315
0.00314
0.00311
0.00311
0.00308
0.00308
0.00306
0.00307
0.00305
0.00305
0.00305
0.00304
0.00305
0.00305
0.00305
0.00307
0.00306
0.00307
0.00307
0.00308
0.00308
0.0031
0.00309
0.00311
0.00311
0.00311
0.00312
0.00313
0.00313
0.00315
0.00315
0.00317
0.00317
0.00319
0.0032
0.00321
0.00322
0.00324
0.00325
0.00328
0.00329
0.00331
0.00333
0.00335
0.00337
0.0034
0.00342
0.00345
0.00346
0.00349
0.00351
0.00354
0.00356
0.00359
0.0036
0.00363
0.00364
0.00366
0.00368
0.00369
0.00371
0.00373
0.00375
0.00377
0.00377
0.00379
0.0038
0.00382
0.00383
0.00385
0.00386
0.00389
0.0039
0.00393
0.00395
0.00397
0.004
0.00404
0.00407
0.00411
0.00414
0.00419
0.00424
0.0043
0.00434
0.00441
0.00446
0.00454
0.0046
0.00468
0.00475
0.00483
0.00491
0.005
0.00509
0.00518
0.00527
0.00537
0.00546
0.00557
0.00566
0.00577
0.00586
0.00597
0.00607
0.00617
0.00627
0.00636
0.00646
0.00656
0.00665
0.00675
0.00683
0.00693
0.00701
0.0071
0.00717
0.00725
0.00732
0.0074
0.00746
0.00753
0.00759
0.00765
0.00771
0.00778
0.00784
0.0079
0.00795
0.00801
0.00806
0.00813
0.00818
0.00825
0.0083
0.00837
0.00843
0.0085
0.00857
0.00864
0.00871
0.00879
0.00887
0.00895
0.00903
0.00911
0.0092
0.00929
0.00937
0.00946
0.00954
0.00964
0.00972
0.0098
0.00988
0.00996
0.01005
0.01013
0.0102
0.01028
0.01034
0.01041
0.01047
0.01054
0.01059
0.01065
0.0107
0.01076
0.01081
0.01085
0.0109
0.01094
0.01099
0.01104
0.01109
0.01114
0.01118
0.01124
0.01129
0.01136
0.01141
0.01148
0.01154
0.01161
0.01168
0.01176
0.01183
0.01191
0.012
0.01208
0.01217
0.01226
0.01234
0.01244
0.01253
0.01263
0.01271
0.0128
0.01288
0.01298
0.01306
0.01314
0.01321
0.01329
0.01336
0.01343
0.0135
0.01356
0.01361
0.01368
0.01373
0.01378
0.01383
0.01388
0.01392
0.01397
0.01401
0.01405
0.01409
0.01414
0.01418
0.01423
0.01427
0.01432
0.01436
0.01441
0.01446
0.01451
0.01456
0.01461
0.01466
0.01472
0.01476
0.01481
0.01486
0.01491
0.01496
0.01501
0.01506
0.0151
0.01514
0.01518
0.01521
0.01525
0.01528
0.01531
0.01533
0.01536
0.01537
0.01538
0.01539
0.01539
0.0154
0.01541
0.01541
0.01541
0.01539
0.0154
0.01539
0.01539
0.01537
0.01536
0.01535
0.01535
0.01534
0.01533
0.01532
0.01531
0.0153
0.0153
0.01529
0.0153
0.01529
0.01529
0.01529
0.01529
0.01529
0.0153
0.01529
0.01531
0.01531
0.01532
0.01532
0.01533
0.01534
0.01535
0.01536
0.01537
0.01537
0.01539
0.0154
0.01542
0.01542
0.01544
0.01545
0.01547
0.01547
0.01549
0.01549
0.0155
0.01552
0.01553
0.01554
0.01555
0.01554
0.01555
0.01555
0.01556
0.01555
0.01556
0.01555
0.01555
0.01554
0.01553
0.01552
0.0155
0.01549
0.01547
0.01545
0.01543
0.0154
0.01538
0.01535
0.01533
0.01529
0.01526
0.01522
0.01519
0.01515
0.01511
0.01508
0.01503
0.015
0.01496
0.01492
0.01488
0.01483
0.0148
0.01475
0.01471
0.01466
0.01463
0.01458
0.01454
0.01449
0.01444
0.01439
0.01434
0.0143
0.01425
0.0142
0.01415
0.01409
0.01404
0.01399
0.01394
0.01388
0.01383
0.01376
0.01371
0.01365
0.0136
0.01354
0.01348
0.01343
0.01338
0.01332
0.01327
0.01321
0.01317
0.01311
0.01307
0.01302
0.01298
0.01293
0.01289
0.01285
0.0128
0.01276
0.01272
0.01268
0.01265
0.01261
0.01258
0.01253
0.0125
0.01246
0.01242
0.01238
0.01234
0.01229
0.01226
0.01221
0.01216
0.01211
0.01207
0.01202
0.01197
0.01192
0.01187
0.01181
0.01176
0.0117
0.01165
0.01159
0.01153
0.01147
0.01142
0.01136
0.0113
0.01123
0.01117
0.01112
0.01105
0.01099
0.01094
0.01086
0.01081
0.01074
0.01068
0.01061
0.01055
0.01047
0.01041
0.01034
0.01026
0.01019
0.01011
0.01004
0.00996
0.00988
0.00981
0.00972
0.00965
0.00956
0.00949
0.0094
0.00933
0.00924
0.00917
0.00909
0.00902
0.00895
0.00887
0.00881
0.00876
0.00869
0.00864
0.00858
0.00854
0.00849
0.00846
0.00841
0.00839
0.00835
0.00833
0.0083
0.00827
0.00825
0.00823
0.00821
0.00819
0.00817
0.00816
0.00813
0.00812
0.00809
0.00807
0.00804
0.00802
0.00798
0.00796
0.00792
0.00788
0.00784
0.0078
0.00776
0.00772
0.00767
0.00763
0.00757
0.00753
0.00748
0.00743
0.00738
0.00734
0.00728
0.00724
0.00719
0.00714
0.00709
0.00704
0.00701
0.00696
0.00692
0.00689
0.00684
0.0068
0.00676
0.00673
0.00668
0.00665
0.0066
0.00657
0.00652
0.00648
0.00644
0.00639
0.00635
0.00631
0.00626
0.00623
0.00617
0.00613
0.00608
0.00604
0.00599
0.00595
0.0059
0.00586
0.00582
0.00578
0.00574
0.0057
0.00567
0.00564
0.00561
0.00559
0.00556
0.00556
0.00553
0.00553
0.00551
0.00551
0.00551
0.00551
0.00551
0.00552
0.00552
0.00553
0.00554
0.00555
0.00556
0.00558
0.00558
0.00559
0.00559
0.00561
0.00561
0.00562
0.00561
0.00562
0.00561
0.00561
0.0056
0.00559
0.00558
0.00557
0.00555
0.00554
0.00551
0.00549
0.00546
0.00544
0.00541
0.00538
0.00535
0.00533
0.00529
0.00526
0.00523
0.0052
0.00517
0.00515
0.00512
0.0051
0.00507
0.00506
0.00504
0.00503
0.00501
0.005
0.00499
0.00499
0.00498
0.00498
0.00498
0.00499
0.005
0.00501
0.00502
0.00504
0.00505
0.00507
0.00509
0.00511
0.00513
0.00515
0.00517
0.0052
0.00522
0.00524
0.00525
0.00527
0.00529
0.00531
0.00533
0.00535
0.00535
0.00536
0.00537
0.00538
0.00538
0.00539
0.00538
0.0054
0.00539
0.00539
0.00538
0.00538
0.00537
0.00537
0.00536
0.00536
0.00535
0.00535
0.00534
0.00535
0.00533
0.00534
0.00533
0.00533
0.00533
0.00533
0.00533
0.00532
0.00533
0.00533
0.00533
0.00533
0.00532
0.00533
0.00532
0.00533
0.00532
0.00532
0.0053
0.00531
0.00529
0.00528
0.00527
0.00525
0.00524
0.00523
0.00522
0.0052
0.00518
0.00517
0.00514
0.00513
0.0051
0.00509
0.00506
0.00505
0.00503
0.00501
0.00499
0.00497
0.00496
0.00494
0.00493
0.00492
0.00491
0.0049
0.00489
0.00489
0.00487
0.00487
0.00486
0.00487
0.00486
0.00486
0.00485
0.00485
0.00485
0.00485
0.00485
0.00485
0.00484
0.00485
0.00484
0.00485
0.00484
0.00484
0.00483
0.00484
0.00483
0.00483
0.00483
0.00483
0.00484
0.00484
0.00484
0.00485
0.00485
0.00486
0.00487
0.00489
0.00489
0.00491
0.00491
0.00494
0.00495
0.00497
0.00498
0.005
0.00502
0.00504
0.00506
0.00509
0.00509
0.00512
0.00514
0.00516
0.00517
0.00519
0.00519
0.00522
0.00522
0.00523
0.00524
0.00524
0.00525
0.00525
0.00525
0.00526
0.00525
0.00525
0.00524
0.00525
0.00523
0.00523
0.00522
0.00522
0.0052
0.0052
0.00518
0.00517
0.00517
0.00516
0.00515
0.00515
0.00514
0.00514
0.00512
0.00512
0.00511
0.00511
0.00509
0.0051
0.00509
0.00508
0.00507
0.00506
0.00505
0.00505
0.00504
0.00504
0.00502
0.00502
0.005
0.005
0.00498
0.00497
0.00495
0.00494
0.00492
0.00491
0.00489
0.00487
0.00486
0.00485
0.00484
0.00483
0.0048
0.00479
0.00478
0.00478
0.00475
0.00475
0.00473
0.00473
0.00472
0.00471
0.0047
0.0047
0.0047
0.0047
0.0047
0.0047
0.00469
0.0047
0.0047
0.0047
0.0047
0.00471
0.00471
0.00472
0.00473
0.00473
0.00474
0.00474
0.00476
0.00477
0.00478
0.0048
0.0048
0.00483
0.00483
0.00486
0.00487
0.00489
0.0049
0.00493
0.00495
0.00497
0.00499
0.00501
0.00504
0.00506
0.00509
0.00511
0.00513
0.00516
0.00517
0.0052
0.00522
0.00524
0.00525
0.00527
0.00528
0.00529
0.0053
0.0053
0.0053
0.00531
0.0053
0.0053
0.00528
0.00528
0.00526
0.00525
0.00523
0.00521
0.00518
0.00517
0.00514
0.0051
0.00507
0.00504
0.00502
0.00499
0.00496
0.00494
0.0049
0.00488
0.00485
0.00484
0.00481
0.00479
0.00477
0.00477
0.00475
0.00474
0.00474
0.00473
0.00473
0.00474
0.00474
0.00475
0.00474
0.00476
0.00477
0.00479
0.00479
0.00481
0.00481
0.00483
0.00484
0.00485
0.00486
0.00486
0.00487
0.00488
0.00488
0.00489
0.00487
0.00488
0.00487
0.00487
0.00486
0.00486
0.00484
0.00483
0.00481
0.00479
0.00478
0.00475
0.00474
0.00472
0.0047
0.00468
0.00465
0.00463
0.00461
0.00459
0.00457
0.00455
0.00452
0.00451
0.00448
0.00446
0.00444
0.00442
0.0044
0.00438
0.00436
0.00435
0.00432
0.00431
0.00429
0.00428
0.00425
0.00424
0.00421
0.00421
0.00419
0.00417
0.00415
0.00413
0.00412
0.00411
0.00409
0.00409
0.00407
0.00406
0.00405
0.00405
0.00404
0.00404
0.00403
0.00404
0.00404
0.00404
0.00404
0.00405
0.00406
0.00408
0.00409
0.00412
0.00412
0.00415
0.00416
0.00419
0.00421
0.00424
0.00425
0.00428
0.0043
0.00432
0.00434
0.00435
0.00437
0.00439
0.00441
0.00443
0.00443
0.00445
0.00445
0.00447
0.00447
0.00447
0.00447
0.00448
0.00447
0.00447
0.00447
0.00447
0.00447
0.00447
0.00448
0.00448
0.00448
0.00449
0.00449
0.00451
0.00451
0.00453
0.00454
0.00457
0.00458
0.00461
0.00463
0.00466
0.00469
0.00473
0.00476
0.0048
0.00483
0.00487
0.0049
0.00495
0.00498
0.00502
0.00505
0.0051
0.00513
0.00516
0.00519
0.00522
0.00525
0.00528
0.0053
0.00533
0.00535
0.00538
0.00539
0.00541
0.00542
0.00545
0.00545
0.00548
0.00548
0.00549
0.00551
0.00551
0.00553
0.00554
0.00555
0.00557
0.00557
0.00559
0.00559
0.00561
0.00561
0.00562
0.00562
0.00564
0.00564
0.00564
0.00564
0.00564
0.00564
0.00564
0.00563
0.00563
0.00561
0.0056
0.00558
0.00558
0.00555
0.00553
0.0055
0.00549
0.00546
0.00543
0.0054
0.00536
0.00533
0.00531
0.00527
0.00525
0.0052
0.00518
0.00514
0.00512
0.00508
0.00506
0.00502
0.00501
0.00497
0.00495
0.00492
0.0049
0.00488
0.00486
0.00484
0.00483
0.00481
0.0048
0.00478
0.00478
0.00476
0.00476
0.00474
0.00474
0.00474
0.00473
0.00473
0.00472
0.00472
0.00473
0.00473
0.00473
0.00473
0.00474
0.00473
0.00475
0.00474
0.00476
0.00475
0.00477
0.00477
0.00478
0.00478
0.00478
0.00479
0.00479
0.0048
0.00481
0.00479
0.0048
0.0048
0.0048
0.00479
0.00479
0.00478
0.00479
0.00478
0.00477
0.00476
0.00475
0.00474
0.00474
0.00473
0.00473
0.00471
0.00472
0.00471
0.00471
0.00471
0.00471
0.00471
0.00472
0.00472
0.00473
0.00473
0.00474
0.00476
0.00478
0.00479
0.00481
0.00482
0.00485
0.00487
0.0049
0.00491
0.00494
0.00496
0.005
0.00502
0.00505
0.00507
0.0051
0.00514
0.00517
0.0052
0.00523
0.00525
0.0053
0.00532
0.00536
0.0054
0.00543
0.00546
0.00551
0.00554
0.00558
0.00562
0.00566
0.0057
0.00575
0.00579
0.00584
0.00587
0.00591
0.00595
0.006
0.00602
0.00607
0.00609
0.00613
0.00616
0.00619
0.00621
0.00623
0.00626
0.00628
0.0063
0.00632
0.00632
0.00634
0.00634
0.00636
0.00636
0.00636
0.00636
0.00637
0.00637
0.00637
0.00637
0.00637
0.00638
0.00639
0.0064
0.00641
0.00641
0.00643
0.00644
0.00646
0.00646
0.00649
0.00649
0.00652
0.00654
0.00655
0.00657
0.00659
0.00661
0.00664
0.00665
0.00668
0.00668
0.00671
0.00672
0.00674
0.00674
0.00676
0.00676
0.00678
0.00678
0.00679
0.00679
0.00679
0.0068
0.0068
0.0068
0.00681
0.0068
0.00681
0.0068
0.00681
0.00681
0.00681
0.00681
0.00682
0.00682
0.00682
0.00683
0.00683
0.00683
0.00684
0.00685
0.00685
0.00685
0.00685
0.00685
0.00686
0.00685
0.00685
0.00683
0.00684
0.00682
0.00681
0.0068
0.00678
0.00677
0.00675
0.00673
0.00671
0.00668
0.00666
0.00663
0.00661
0.00658
0.00656
0.00652
0.00651
0.00647
0.00645
0.00642
0.00639
0.00637
0.00634
0.00632
0.0063
0.00627
0.00625
0.00622
0.00621
0.00618
0.00616
0.00612
0.00611
0.00608
0.00605
0.00602
0.00599
0.00596
0.00593
0.0059
0.00587
0.00583
0.0058
0.00576
0.00574
0.00569
0.00566
0.00562
0.0056
0.00556
0.00553
0.0055
0.00547
0.00545
0.00543
0.00541
0.0054
0.00537
0.00537
0.00536
0.00536
0.00535
0.00536
0.00535
0.00537
0.00537
0.00538
0.00539
0.0054
0.00541
0.00543
0.00545
0.00546
0.00547
0.00549
0.00549
0.00551
0.00551
0.00552
0.00551
0.00553
0.00552
0.00551
0.0055
0.00549
0.00548
0.00546
0.00545
0.00543
0.0054
0.00538
0.00535
0.00534
0.0053
0.00528
0.00525
0.00523
0.0052
0.00517
0.00515
0.00512
0.0051
0.00509
0.00507
0.00506
0.00504
0.00504
0.00502
0.00503
0.00502
0.00503
0.00502
0.00504
0.00505
0.00506
0.00507
0.00509
0.00511
0.00513
0.00515
0.00518
0.0052
0.00523
0.00526
0.00529
0.00532
0.00535
0.00537
0.00541
0.00543
0.00545
0.00548
0.00549
0.00552
0.00554
0.00556
0.00558
0.00558
0.00559
0.00559
0.00561
0.0056
0.0056
0.00559
0.00559
0.00558
0.00556
0.00554
0.00553
0.00551
0.00549
0.00546
0.00545
0.00541
0.00539
0.00535
0.00533
0.0053
0.00527
0.00523
0.00521
0.00517
0.00514
0.00511
0.00507
0.00505
0.00502
0.00499
0.00497
0.00492
0.00491
0.00487
0.00486
0.00482
0.0048
0.00477
0.00476
0.00473
0.00471
0.00469
0.00467
0.00466
0.00465
0.00463
0.00463
0.00461
0.00461
0.0046
0.00461
0.0046
0.00461
0.00461
0.00463
0.00464
0.00465
0.00466
0.00468
0.0047
0.00472
0.00474
0.00477
0.00478
0.00481
0.00483
0.00486
0.00487
0.0049
0.00491
0.00494
0.00495
0.00496
0.00497
0.00497
0.00498
0.00498
0.00498
0.00498
0.00496
0.00496
0.00494
0.00493
0.00491
0.00489
0.00486
0.00485
0.00482
0.0048
0.00477
0.00474
0.00473
0.00471
0.00469
0.00467
0.00465
0.00464
0.00462
0.00462
0.0046
0.0046
0.00459
0.0046
0.00459
0.00459
0.00459
0.00459
0.0046
0.0046
0.0046
0.00461
0.0046
0.00461
0.0046
0.00461
0.00459
0.00459
0.00457
0.00457
0.00455
0.00453
0.00451
0.00449
0.00447
0.00444
0.00441
0.00439
0.00435
0.00432
0.00428
0.00425
0.00421
0.00418
0.00413
0.00411
0.00407
0.00403
0.004
0.00396
0.00394
0.00391
0.00389
0.00387
0.00383
0.00382
0.0038
0.0038
0.00377
0.00377
0.00375
0.00376
0.00375
0.00375
0.00375
0.00375
0.00375
0.00376
0.00377
0.00378
0.00378
0.0038
0.0038
0.00382
0.00382
0.00384
0.00384
0.00386
0.00387
0.00388
0.00388
0.00388
0.00389
0.0039
0.0039
0.0039
0.00389
0.0039
0.00388
0.00388
0.00387
0.00386
0.00385
0.00384
0.00382
0.00381
0.00379
0.00377
0.00376
0.00375
0.00373
0.00373
0.00371
0.0037
0.00369
0.00369
0.00368
0.00368
0.00368
0.0037
0.0037
0.00371
0.00372
0.00373
0.00375
0.00378
0.0038
0.00383
0.00385
0.00388
0.00391
0.00395
0.00396
0.004
0.00402
0.00406
0.00408
0.00411
0.00413
0.00415
0.00417
0.00419
0.0042
0.00422
0.00421
0.00422
0.00422
0.00423
0.00422
0.00421
0.0042
0.00419
0.00417
0.00416
0.00414
0.00413
0.00411
0.0041
0.00408
0.00407
0.00405
0.00404
0.00403
0.00403
0.00402
0.00403
0.00402
0.00404
0.00404
0.00406
0.00408
0.00409
0.00413
0.00416
0.00419
0.00423
0.00426
0.00432
0.00436
0.00442
0.00446
0.00452
0.00457
0.00463
0.00468
0.00474
0.00479
0.00484
0.0049
0.00495
0.005
0.00505
0.00509
0.00513
0.00516
0.0052
0.00522
0.00525
0.00527
0.00529
0.0053
0.00531
0.00531
0.00531
0.0053
0.0053
0.00529
0.00528
0.00526
0.00525
0.00523
0.00522
0.00519
0.00518
0.00515
0.00515
0.00513
0.00512
0.00511
0.0051
0.0051
0.0051
0.0051
0.00512
0.00512
0.00514
0.00515
0.00518
0.0052
0.00523
0.00525
0.0053
0.00533
0.00536
0.0054
0.00543
0.00547
0.00551
0.00554
0.00558
0.0056
0.00564
0.00566
0.00569
0.00571
0.00573
0.00574
0.00576
0.00576
0.00577
0.00577
0.00576
0.00576
0.00576
0.00575
0.00574
0.00572
0.00571
0.00569
0.00568
0.00566
0.00565
0.00562
0.00562
0.00561
0.00559
0.00558
0.00557
0.00557
0.00557
0.00557
0.00558
0.00557
0.00558
0.00558
0.0056
0.0056
0.00562
0.00562
0.00564
0.00565
0.00566
0.00567
0.00568
0.00569
0.00571
0.00571
0.00572
0.00572
0.00572
0.00572
0.00572
0.00571
0.0057
0.00568
0.00567
0.00565
0.00562
0.0056
0.00557
0.00554
0.00551
0.00548
0.00545
0.0054
0.00536
0.00532
0.00528
0.00523
0.0052
0.00515
0.00512
0.00507
0.00503
0.00499
0.00495
0.00492
0.00488
0.00485
0.00483
0.00479
0.00477
0.00474
0.00473
0.0047
0.00468
0.00466
0.00466
0.00464
0.00463
0.00462
0.00461
0.00461
0.00461
0.00461
0.00461
0.0046
0.00461
0.0046
0.00461
0.00461
0.00461
0.00461
0.00462
0.00461
0.00461
0.00461
0.00461
0.00461
0.00461
0.00461
0.00461
0.00459
0.00459
0.00458
0.00458
0.00456
0.00455
0.00453
0.00453
0.00451
0.0045
0.00448
0.00446
0.00445
0.00444
0.00442
0.00442
0.00439
0.00439
0.00437
0.00437
0.00435
0.00435
0.00434
0.00435
0.00434
0.00434
0.00434
0.00434
0.00435
0.00435
0.00436
0.00438
0.00438
0.0044
0.0044
0.00442
0.00443
0.00445
0.00445
0.00447
0.00447
0.00448
0.00448
0.00448
0.00449
0.00449
0.00448
0.00448
0.00446
0.00446
0.00444
0.00443
0.0044
0.00438
0.00435
0.00433
0.00429
0.00426
0.00423
0.00419
0.00416
0.00413
0.00409
0.00406
0.00401
0.00399
0.00395
0.00393
0.00389
0.00387
0.00383
0.00382
0.00379
0.00377
0.00375
0.00373
0.00373
0.00372
0.00371
0.0037
0.00368
0.00369
0.00368
0.00368
0.00367
0.00367
0.00365
0.00366
0.00365
0.00364
0.00363
0.00362
0.0036
0.0036
0.00358
0.00357
0.00355
0.00354
0.00351
0.0035
0.00347
0.00346
0.00343
0.00342
0.00339
0.00337
0.00336
0.00333
0.00332
0.00331
0.00329
0.00329
0.00327
0.00327
0.00326
0.00327
0.00326
0.00327
0.00327
0.00329
0.00329
0.00331
0.00332
0.00333
0.00336
0.00338
0.0034
0.00343
0.00344
0.00347
0.00349
0.00352
0.00354
0.00357
0.00359
0.00362
0.00364
0.00365
0.00367
0.00368
0.00371
0.00372
0.00374
0.00376
0.00376
0.00378
0.00378
0.0038
0.0038
0.00381
0.00381
0.00383
0.00383
0.00384
0.00385
0.00386
0.00388
0.0039
0.00392
0.00395
0.00396
0.00399
0.00402
0.00407
0.0041
0.00414
0.00419
0.00425
0.00429
0.00435
0.00441
0.00447
0.00454
0.00461
0.00469
0.00476
0.00483
0.00491
0.00498
0.00507
0.00513
0.00521
0.00528
0.00536
0.00542
0.00548
0.00554
0.00559
0.00565
0.0057
0.00575
0.00579
0.00582
0.00586
0.00588
0.00591
0.00592
0.00593
0.00594
0.00596
0.00595
0.00596
0.00595
0.00595
0.00595
0.00594
0.00593
0.00593
0.00592
0.00592
0.00591
0.00592
0.00591
0.00591
0.0059
0.00592
0.00592
0.00592
0.00593
0.00593
0.00595
0.00596
0.00597
0.00599
0.00599
0.00601
0.00602
0.00603
0.00603
0.00605
0.00604
0.00605
0.00605
0.00605
0.00603
0.00602
0.00601
0.006
0.00597
0.00595
0.00592
0.00589
0.00585
0.00582
0.00577
0.00573
0.00567
0.00564
0.00558
0.00553
0.00547
0.00541
0.00536
0.00531
0.00526
0.00521
0.00514
0.0051
0.00504
0.00501
0.00495
0.00491
0.00486
0.00483
0.00478
0.00474
0.00471
0.00467
0.00465
0.00462
0.00459
0.00457
0.00453
0.00452
0.00448
0.00447
0.00444
0.00442
0.00439
0.00438
0.00435
0.00432
0.00429
0.00426
0.00424
0.00421
0.00418
0.00415
0.00411
0.00408
0.00404
0.00402
0.00398
0.00395
0.00391
0.00388
0.00385
0.00382
0.00379
0.00376
0.00374
0.00372
0.0037
0.00369
0.00367
0.00367
0.00365
0.00366
0.00365
0.00367
0.00367
0.00369
0.0037
0.00372
0.00373
0.00375
0.00378
0.00381
0.00384
0.00387
0.00389
0.00393
0.00395
0.00399
0.00401
0.00404
0.00406
0.00409
0.00411
0.00413
0.00414
0.00415
0.00416
0.00417
0.00418
0.00419
0.00418
0.00419
0.00419
0.00419
0.00418
0.00418
0.00417
0.00417
0.00417
0.00416
0.00416
0.00415
0.00416
0.00416
0.00416
0.00417
0.00417
0.00419
0.00419
0.00422
0.00422
0.00425
0.00426
0.00429
0.0043
0.00432
0.00435
0.00437
0.00439
0.00442
0.00444
0.00447
0.00448
0.00451
0.00452
0.00455
0.00456
0.00458
0.00458
0.00461
0.00461
0.00462
0.00463
0.00463
0.00464
0.00465
0.00466
0.00466
0.00466
0.00467
0.00467
0.00468
0.00468
0.00469
0.00468
0.0047
0.0047
0.00471
0.00471
0.00471
0.00473
0.00474
0.00474
0.00476
0.00476
0.00477
0.00478
0.00479
0.00479
0.0048
0.00479
0.00481
0.00481
0.00481
0.0048
0.0048
0.0048
0.00479
0.00479
0.00478
0.00476
0.00476
0.00474
0.00473
0.00471
0.0047
0.00467
0.00467
0.00464
0.00463
0.0046
0.00458
0.00457
0.00455
0.00453
0.00452
0.0045
0.00449
0.00447
0.00447
0.00445
0.00445
0.00443
0.00443
0.00443
0.00442
0.00442
0.00441
0.00442
0.00442
0.00442
0.00442
0.00442
0.00443
0.00442
0.00443
0.00443
0.00444
0.00443
0.00444
0.00444
0.00444
0.00443
0.00443
0.00443
0.00443
0.00443
0.00442
0.00441
0.00441
0.0044
0.0044
0.00438
0.00437
0.00435
0.00435
0.00434
0.00433
0.00432
0.00431
0.0043
0.0043
0.00429
0.00429
0.00428
0.00428
0.00428
0.00428
0.00428
0.00428
0.00428
0.00429
0.00429
0.00429
0.0043
0.0043
0.0043
0.00431
0.00431
0.00432
0.00431
0.00432
0.00431
0.00432
0.0043
0.0043
0.00428
0.00428
0.00426
0.00425
0.00423
0.00421
0.00419
0.00417
0.00415
0.00413
0.0041
0.00409
0.00406
0.00405
0.00402
0.00401
0.00399
0.00399
0.00397
0.00396
0.00396
0.00396
0.00396
0.00397
0.00398
0.004
0.00401
0.00403
0.00405
0.00408
0.0041
0.00413
0.00415
0.00419
0.00422
0.00424
0.00427
0.00429
0.00432
0.00434
0.00436
0.00439
0.00439
0.00441
0.00441
0.00443
0.00442
0.00443
0.00442
0.00442
0.00441
0.0044
0.00439
0.00438
0.00437
0.00436
0.00435
0.00435
0.00434
0.00434
0.00433
0.00434
0.00433
0.00434
0.00434
0.00436
0.00437
0.00439
0.0044
0.00442
0.00445
0.00447
0.0045
0.00453
0.00454
0.00458
0.0046
0.00463
0.00464
0.00467
0.00468
0.0047
0.00471
0.00472
0.00472
0.00472
0.00473
0.00472
0.00472
0.00471
0.00469
0.00468
0.00466
0.00465
0.00462
0.00461
0.00458
0.00457
0.00455
0.00453
0.00452
0.0045
0.00449
0.00448
0.00448
0.00448
0.00447
0.00448
0.00448
0.00449
0.0045
0.00452
0.00452
0.00455
0.00456
0.00458
0.0046
0.00461
0.00463
0.00466
0.00467
0.0047
0.0047
0.00472
0.00473
0.00474
0.00474
0.00476
0.00475
0.00476
0.00476
0.00476
0.00475
0.00474
0.00474
0.00474
0.00474
0.00474
0.00472
0.00473
0.00472
0.00473
0.00472
0.00473
0.00473
0.00474
0.00475
0.00476
0.00477
0.00479
0.00481
0.00483
0.00486
0.00489
0.00491
0.00494
0.00496
0.005
0.00502
0.00506
0.00508
0.00512
0.00514
0.00517
0.0052
0.00522
0.00524
0.00527
0.00528
0.0053
0.00531
0.00533
0.00533
0.00535
0.00535
0.00535
0.00535
0.00535
0.00535
0.00534
0.00533
0.00532
0.00532
0.00531
0.0053
0.00529
0.00527
0.00526
0.00524
0.00523
0.00521
0.0052
0.00517
0.00516
0.00514
0.00512
0.00509
0.00507
0.00505
0.00503
0.00501
0.00499
0.00495
0.00493
0.00489
0.00487
0.00484
0.00481
0.00477
0.00475
0.00471
0.00468
0.00464
0.0046
0.00457
0.00453
0.00449
0.00446
0.00441
0.00438
0.00433
0.0043
0.00425
0.00422
0.00417
0.00414
0.00409
0.00406
0.00401
0.00397
0.00393
0.0039
0.00386
0.00383
0.00378
0.00375
0.0037
0.00368
0.00363
0.0036
0.00356
0.00353
0.00349
0.00346
0.00342
0.00339
0.00336
0.00333
0.0033
0.00328
0.00324
0.00322
0.00319
0.00317
0.00314
0.00313
0.0031
0.0031
0.00307
0.00306
0.00305
0.00304
0.00304
0.00304
0.00304
0.00305
0.00304
0.00306
0.00306
0.00308
0.00309
0.00311
0.00313
0.00316
0.00318
0.00321
0.00323
0.00326
0.00329
0.00333
0.00336
0.0034
0.00342
0.00346
0.00349
0.00353
0.00355
0.00358
0.0036
0.00364
0.00365
0.00367
0.00369
0.0037
0.00372
0.00373
0.00374
0.00375
0.00375
0.00376
0.00376
0.00376
0.00375
0.00375
0.00374
0.00375
0.00374
0.00373
0.00373
0.00372
0.00372
0.00372
0.00372
0.00373
0.00372
0.00374
0.00374
0.00377
0.00377
0.0038
0.00381
0.00384
0.00386
0.0039
0.00393
0.00396
0.004
0.00405
0.00409
0.00414
0.00418
0.00424
0.00429
0.00435
0.0044
0.00446
0.0045
0.00457
0.00462
0.00468
0.00473
0.00478
0.00484
0.0049
0.00495
0.00501
0.00505
0.0051
0.00515
0.0052
0.00524
0.00529
0.00532
0.00537
0.00541
0.00545
0.00549
0.00552
0.00556
0.0056
0.00564
0.00568
0.00571
0.00575
0.00578
0.00582
0.00585
0.0059
0.00592
0.00597
0.006
0.00603
0.00607
0.0061
0.00614
0.00617
0.00621
0.00624
0.00626
0.0063
0.00633
0.00636
0.00638
0.00641
0.00643
0.00646
0.00648
0.0065
0.00652
0.00653
0.00655
0.00656
0.00657
0.00659
0.00659
0.0066
0.0066
0.00662
0.00662
0.00662
0.00662
0.00663
0.00663
0.00663
0.00662
0.00662
0.00662
0.00662
0.00662
0.00663
0.00661
0.00662
0.00661
0.00662
0.0066
0.00661
0.0066
0.0066
0.0066
0.00659
0.00659
0.00658
0.00658
0.00659
0.00658
0.00659
0.00657
0.00658
0.00657
0.00659
0.00658
0.00659
0.00658
0.0066
0.0066
0.00661
0.00661
0.00662
0.00664
0.00665
0.00667
0.00669
0.0067
0.00673
0.00674
0.00677
0.00678
0.00681
0.00683
0.00686
0.00687
0.0069
0.00691
0.00693
0.00695
0.00696
0.00698
0.00699
0.00698
0.00699
0.00699
0.00699
0.00698
0.00697
0.00695
0.00694
0.00691
0.00689
0.00686
0.00682
0.00679
0.00676
0.00672
0.00668
0.00663
0.00659
0.00654
0.0065
0.00645
0.00641
0.00635
0.00632
0.00627
0.00623
0.00618
0.00614
0.0061
0.00607
0.00603
0.00601
0.00597
0.00595
0.00592
0.0059
0.00587
0.00585
0.00582
0.00581
0.00579
0.00577
0.00575
0.00573
0.00571
0.0057
0.00568
0.00567
0.00564
0.00563
0.00561
0.0056
0.00557
0.00556
0.00553
0.00552
0.00549
0.00547
0.00544
0.00541
0.00539
0.00537
0.00534
0.00532
0.00528
0.00525
0.00522
0.00519
0.00515
0.00512
0.00508
0.00505
0.00501
0.00497
0.00492
0.00488
0.00484
0.00479
0.00474
0.0047
0.00465
0.0046
0.00455
0.0045
0.00445
0.0044
0.00434
0.0043
0.00425
0.00421
0.00416
0.00411
0.00407
0.00403
0.004
0.00397
0.00393
0.00391
0.00388
0.00386
0.00383
0.00383
0.0038
0.00381
0.0038
0.0038
0.0038
0.0038
0.00381
0.00382
0.00383
0.00385
0.00386
0.00389
0.00391
0.00394
0.00396
0.00399
0.00401
0.00405
0.00408
0.00411
0.00414
0.00417
0.00421
0.00426
0.0043
0.00435
0.00438
0.00443
0.00448
0.00453
0.00458
0.00464
0.00469
0.00476
0.00481
0.00487
0.00494
0.00501
0.00508
0.00515
0.00522
0.0053
0.00536
0.00545
0.00552
0.0056
0.00567
0.00576
0.00582
0.0059
0.00597
0.00605
0.00611
0.00618
0.00624
0.00631
0.00637
0.00643
0.00648
0.00654
0.00658
0.00664
0.00667
0.00671
0.00674
0.00678
0.00681
0.00684
0.00686
0.00688
0.00691
0.00693
0.00695
0.00697
0.00697
0.00699
0.007
0.00702
0.00702
0.00704
0.00704
0.00706
0.00706
0.00706
0.00707
0.00707
0.00708
0.00708
0.00708
0.00708
0.00707
0.00708
0.00706
0.00706
0.00704
0.00703
0.00701
0.007
0.00698
0.00695
0.00692
0.00689
0.00686
0.00683
0.00679
0.00675
0.0067
0.00667
0.00661
0.00657
0.00652
0.00647
0.00641
0.00637
0.00632
0.00627
0.00622
0.00617
0.00613
0.00609
0.00605
0.00601
0.00596
0.00593
0.0059
0.00588
0.00584
0.00582
0.00579
0.00579
0.00577
0.00575
0.00574
0.00572
0.00572
0.00571
0.00571
0.00571
0.00569
0.00569
0.00568
0.00568
0.00567
0.00566
0.00565
0.00565
0.00563
0.00562
0.0056
0.00558
0.00557
0.00555
0.00553
0.00552
0.00548
0.00547
0.00544
0.00542
0.00539
0.00536
0.00533
0.00532
0.00528
0.00525
0.00522
0.0052
0.00517
0.00515
0.00512
0.0051
0.00507
0.00505
0.00503
0.00501
0.00498
0.00497
0.00494
0.00493
0.0049
0.00488
0.00486
0.00484
0.00482
0.00481
0.00479
0.00478
0.00474
0.00473
0.00471
0.0047
0.00468
0.00466
0.00464
0.00463
0.00461
0.00459
0.00457
0.00456
0.00454
0.00453
0.00452
0.00451
0.00448
0.00448
0.00446
0.00445
0.00443
0.00442
0.0044
0.0044
0.00439
0.00437
0.00436
0.00434
0.00433
0.00432
0.0043
0.0043
0.00427
0.00426
0.00424
0.00424
0.00421
0.0042
0.00417
0.00417
0.00414
0.00412
0.0041
0.00408
0.00406
0.00404
0.00402
0.00401
0.00398
0.00396
0.00394
0.00392
0.0039
0.00388
0.00385
0.00384
0.00382
0.0038
0.00378
0.00376
0.00375
0.00374
0.00373
0.00372
0.0037
0.0037
0.0037
0.0037
0.00369
0.0037
0.00369
0.00371
0.00371
0.00372
0.00373
0.00374
0.00376
0.00377
0.00379
0.00382
0.00382
0.00385
0.00386
0.00389
0.0039
0.00393
0.00394
0.00396
0.00398
0.00399
0.004
0.00401
0.00402
0.00403
0.00403
0.00404
0.00403
0.00404
0.00403
0.00404
0.00402
0.00402
0.00401
0.00401
0.004
0.00399
0.00399
0.00398
0.00398
0.00398
0.00398
0.00399
0.00399
0.00401
0.00401
0.00403
0.00404
0.00407
0.00408
0.00412
0.00414
0.00417
0.0042
0.00423
0.00426
0.0043
0.00434
0.00438
0.00441
0.00445
0.00449
0.00453
0.00456
0.0046
0.00463
0.00467
0.0047
0.00473
0.00476
0.00479
0.00481
0.00484
0.00487
0.0049
0.00491
0.00494
0.00496
0.00499
0.00501
0.00503
0.00505
0.00508
0.00509
0.00511
0.00513
0.00515
0.00517
0.0052
0.00522
0.00524
0.00525
0.00527
0.00528
0.00531
0.00532
0.00533
0.00533
0.00536
0.00536
0.00537
0.00537
0.00537
0.00538
0.00538
0.00538
0.00538
0.00537
0.00537
0.00536
0.00536
0.00535
0.00534
0.00532
0.00532
0.00531
0.0053
0.00528
0.00527
0.00525
0.00524
0.00523
0.00522
0.00519
0.00518
0.00515
0.00514
0.00511
0.00509
0.00505
0.00504
0.005
0.00497
0.00493
0.00489
0.00486
0.00483
0.00478
0.00474
0.00469
0.00466
0.0046
0.00457
0.00452
0.00447
0.00442
0.00439
0.00434
0.0043
0.00426
0.00422
0.00419
0.00416
0.00413
0.00411
0.00408
0.00406
0.00404
0.00404
0.00402
0.00401
0.004
0.00401
0.004
0.004
0.004
0.004
0.00401
0.00401
0.00402
0.00403
0.00402
0.00403
0.00403
0.00404
0.00404
0.00404
0.00404
0.00405
0.00404
0.00405
0.00404
0.00404
0.00405
0.00406
0.00406
0.00407
0.00407
0.00409
0.00409
0.00411
0.00413
0.00415
0.00416
0.0042
0.00422
0.00425
0.00427
0.0043
0.00434
0.00438
0.00442
0.00446
0.00448
0.00453
0.00456
0.0046
0.00462
0.00465
0.00467
0.00471
0.00472
0.00473
0.00474
0.00474
0.00475
0.00475
0.00474
0.00474
0.00471
0.0047
0.00467
0.00465
