1.56836319641728E+03

0.0043
0.00432
0.00435
0.00437
0.0044
0.00442
0.00443
0.00445
0.00445
0.00447
0.00447
0.00448
0.00448
0.00447
0.00447
0.00446
0.00446
0.00444
0.00443
0.00442
0.00441
0.00439
0.00437
0.00435
0.00434
0.00432
0.00431
0.0043
0.00429
0.00427
0.00426
0.00425
0.00425
0.00423
0.00423
0.00422
0.00423
0.00422
0.00422
0.00422
0.00422
0.00422
0.00422
0.00422
0.00423
0.00422
0.00423
0.00423
0.00424
0.00423
0.00424
0.00423
0.00424
0.00424
0.00424
0.00423
0.00423
0.00423
0.00423
0.00423
0.00424
0.00423
0.00424
0.00424
0.00425
0.00425
0.00427
0.00427
0.00429
0.0043
0.00432
0.00433
0.00435
0.00437
0.0044
0.00443
0.00446
0.00448
0.00452
0.00455
0.00459
0.00461
0.00466
0.00468
0.00473
0.00476
0.0048
0.00483
0.00487
0.00491
0.00494
0.00497
0.00501
0.00503
0.00507
0.00509
0.00512
0.00513
0.00516
0.00517
0.00519
0.0052
0.00521
0.00522
0.00522
0.00522
0.00523
0.00523
0.00523
0.00522
0.00522
0.0052
0.0052
0.00518
0.00517
0.00515
0.00515
0.00513
0.00511
0.00509
0.00507
0.00505
0.00504
0.00501
0.005
0.00497
0.00496
0.00493
0.00492
0.00489
0.00487
0.00484
0.00483
0.00481
0.00479
0.00476
0.00474
0.00472
0.0047
0.00468
0.00466
0.00462
0.00461
0.00458
0.00456
0.00452
0.0045
0.00446
0.00444
0.00441
0.00438
0.00434
0.0043
0.00428
0.00425
0.00421
0.00419
0.00414
0.00412
0.00408
0.00406
0.00402
0.00399
0.00396
0.00394
0.00391
0.00389
0.00386
0.00384
0.00383
0.00382
0.0038
0.0038
0.00378
0.00378
0.00377
0.00377
0.00377
0.00377
0.00377
0.00378
0.00378
0.00378
0.00379
0.00379
0.0038
0.00381
0.00382
0.00383
0.00382
0.00384
0.00383
0.00385
0.00384
0.00385
0.00384
0.00385
0.00385
0.00385
0.00384
0.00383
0.00383
0.00383
0.00383
0.00383
0.00382
0.00383
0.00382
0.00383
0.00382
0.00382
0.00382
0.00383
0.00383
0.00383
0.00384
0.00384
0.00385
0.00386
0.00387
0.00389
0.00389
0.00391
0.00391
0.00393
0.00394
0.00395
0.00396
0.00398
0.00399
0.004
0.00401
0.00401
0.00403
0.00404
0.00406
0.00408
0.00408
0.0041
0.00411
0.00413
0.00414
0.00416
0.00417
0.00421
0.00422
0.00424
0.00427
0.00429
0.00433
0.00436
0.0044
0.00444
0.00447
0.00451
0.00455
0.00459
0.00463
0.00467
0.00471
0.00476
0.00479
0.00483
0.00486
0.0049
0.00493
0.00497
0.005
0.00503
0.00504
0.00507
0.00508
0.0051
0.0051
0.00512
0.00511
0.00512
0.00512
0.00512
0.0051
0.0051
0.00509
0.00508
0.00507
0.00506
0.00504
0.00503
0.00501
0.005
0.00497
0.00496
0.00494
0.00494
0.00492
0.0049
0.00488
0.00486
0.00485
0.00484
0.00483
0.00481
0.00479
0.00478
0.00475
0.00474
0.00471
0.0047
0.00466
0.00465
0.00462
0.0046
0.00457
0.00454
0.00452
0.00449
0.00447
0.00445
0.00441
0.00439
0.00437
0.00435
0.00433
0.00431
0.00429
0.00429
0.00428
0.00427
0.00427
0.00426
0.00427
0.00428
0.00429
0.00431
0.00432
0.00434
0.00436
0.00439
0.0044
0.00444
0.00446
0.0045
0.00452
0.00455
0.00458
0.00461
0.00464
0.00467
0.0047
0.00473
0.00474
0.00478
0.00479
0.00482
0.00483
0.00486
0.00486
0.00489
0.0049
0.00491
0.00492
0.00493
0.00494
0.00495
0.00496
0.00497
0.00496
0.00498
0.00497
0.00499
0.00498
0.00499
0.00498
0.00499
0.00499
0.00499
0.00499
0.00498
0.00498
0.00498
0.00498
0.00498
0.00497
0.00497
0.00496
0.00497
0.00496
0.00496
0.00494
0.00495
0.00495
0.00495
0.00494
0.00494
0.00495
0.00496
0.00497
0.00498
0.00498
0.00501
0.00502
0.00504
0.00505
0.00508
0.00509
0.00513
0.00515
0.00517
0.00519
0.00522
0.00525
0.00527
0.0053
0.00533
0.00534
0.00537
0.00538
0.00541
0.00541
0.00543
0.00543
0.00545
0.00545
0.00545
0.00545
0.00544
0.00544
0.00543
0.00542
0.00541
0.00539
0.00538
0.00536
0.00535
0.00532
0.00531
0.00528
0.00527
0.00524
0.00522
0.0052
0.00517
0.00515
0.00514
0.00512
0.0051
0.00507
0.00506
0.00504
0.00502
0.005
0.00498
0.00496
0.00495
0.00492
0.00491
0.00488
0.00486
0.00484
0.00483
0.00481
0.00479
0.00476
0.00475
0.00473
0.00472
0.0047
0.00468
0.00466
0.00466
0.00464
0.00463
0.00461
0.0046
0.00459
0.00459
0.00458
0.00459
0.00457
0.00458
0.00458
0.00459
0.00458
0.0046
0.0046
0.00461
0.00462
0.00463
0.00464
0.00465
0.00466
0.00468
0.00469
0.00471
0.00471
0.00473
0.00474
0.00476
0.00476
0.00478
0.00478
0.0048
0.0048
0.0048
0.0048
0.0048
0.0048
0.0048
0.00479
0.00479
0.00476
0.00476
0.00474
0.00473
0.0047
0.00468
0.00464
0.00462
0.00459
0.00455
0.00452
0.00448
0.00445
0.00441
0.00437
0.00434
0.00429
0.00427
0.00422
0.0042
0.00416
0.00414
0.0041
0.00409
0.00406
0.00404
0.00402
0.00401
0.004
0.004
0.004
0.00401
0.004
0.00402
0.00403
0.00405
0.00406
0.00408
0.00409
0.00413
0.00414
0.00417
0.00419
0.00421
0.00424
0.00426
0.00428
0.00431
0.00432
0.00434
0.00435
0.00437
0.00438
0.00439
0.00439
0.00441
0.0044
0.0044
0.0044
0.0044
0.0044
0.0044
0.00439
0.00439
0.00437
0.00437
0.00436
0.00436
0.00434
0.00434
0.00432
0.00432
0.00431
0.0043
0.00429
0.00428
0.00427
0.00427
0.00426
0.00426
0.00424
0.00424
0.00423
0.00423
0.00421
0.00421
0.00419
0.00419
0.00417
0.00417
0.00415
0.00414
0.00413
0.00413
0.00411
0.00411
0.00409
0.00409
0.00408
0.00408
0.00406
0.00407
0.00406
0.00406
0.00406
0.00406
0.00406
0.00406
0.00406
0.00407
0.00408
0.00409
0.00409
0.0041
0.00411
0.00413
0.00413
0.00414
0.00415
0.00417
0.00417
0.00418
0.00419
0.00419
0.0042
0.00421
0.00421
0.00421
0.0042
0.00421
0.0042
0.0042
0.00419
0.00419
0.00417
0.00417
0.00415
0.00414
0.00412
0.0041
0.00409
0.00408
0.00406
0.00405
0.00402
0.00402
0.004
0.00399
0.00397
0.00397
0.00395
0.00395
0.00394
0.00394
0.00393
0.00393
0.00393
0.00393
0.00394
0.00395
0.00394
0.00396
0.00396
0.00397
0.00397
0.00398
0.00398
0.004
0.004
0.004
0.004
0.004
0.004
0.004
0.00399
0.00399
0.00397
0.00396
0.00394
0.00393
0.0039
0.00388
0.00385
0.00383
0.0038
0.00377
0.00374
0.0037
0.00368
0.00365
0.00362
0.00359
0.00355
0.00352
0.00349
0.00347
0.00344
0.00342
0.00339
0.00338
0.00336
0.00334
0.00333
0.00331
0.00331
0.0033
0.0033
0.0033
0.00329
0.00329
0.00329
0.0033
0.00329
0.0033
0.00329
0.0033
0.0033
0.0033
0.0033
0.0033
0.0033
0.0033
0.0033
0.00331
0.00329
0.0033
0.00329
0.0033
0.00329
0.00329
0.00328
0.00329
0.00329
0.00329
0.0033
0.0033
0.00331
0.00333
0.00334
0.00336
0.00337
0.0034
0.00342
0.00346
0.00348
0.00352
0.00354
0.00359
0.00363
0.00367
0.00372
0.00376
0.00382
0.00387
0.00393
0.00399
0.00403
0.0041
0.00415
0.00422
0.00427
0.00434
0.00439
0.00446
0.00451
0.00457
0.00462
0.00467
0.00473
0.00478
0.00483
0.00489
0.00492
0.00497
0.00501
0.00505
0.00509
0.00512
0.00515
0.00518
0.0052
0.00523
0.00524
0.00526
0.00528
0.00529
0.0053
0.00532
0.00531
0.00532
0.00532
0.00533
0.00533
0.00533
0.00532
0.00533
0.00533
0.00533
0.00533
0.00533
0.00534
0.00535
0.00536
0.00538
0.00538
0.00541
0.00542
0.00546
0.00548
0.00552
0.00555
0.0056
0.00565
0.0057
0.00576
0.00582
0.00589
0.00597
0.00605
0.00614
0.00623
0.00633
0.00643
0.00655
0.00667
0.0068
0.00692
0.00707
0.00722
0.00737
0.00753
0.0077
0.00788
0.00807
0.00826
0.00847
0.00867
0.0089
0.00912
0.00937
0.00961
0.00987
0.01013
0.01042
0.0107
0.011
0.01131
0.01162
0.01196
0.0123
0.01265
0.01302
0.01339
0.01377
0.01416
0.01458
0.01498
0.01541
0.01585
0.0163
0.01675
0.01722
0.01769
0.01817
0.01866
0.01916
0.01967
0.02018
0.0207
0.02123
0.02175
0.0223
0.02283
0.02338
0.02392
0.02448
0.02503
0.02558
0.02614
0.02669
0.02725
0.02781
0.02837
0.02893
0.02949
0.03005
0.0306
0.03116
0.03171
0.03227
0.03282
0.03338
0.03392
0.03447
0.03501
0.03556
0.0361
0.03665
0.03719
0.03773
0.03826
0.0388
0.03932
0.03986
0.04039
0.04091
0.04143
0.04196
0.04247
0.04299
0.0435
0.044
0.04451
0.04501
0.0455
0.046
0.04648
0.04696
0.04743
0.04791
0.04837
0.04883
0.04927
0.04973
0.05016
0.05059
0.05101
0.05142
0.05183
0.05223
0.05263
0.05301
0.05339
0.05376
0.05412
0.05448
0.05482
0.05517
0.0555
0.05583
0.05615
0.05646
0.05676
0.05707
0.05736
0.05765
0.05793
0.05822
0.05848
0.05875
0.05901
0.05927
0.05952
0.05977
0.06001
0.06025
0.06048
0.06071
0.06093
0.06114
0.06135
0.06157
0.06176
0.06196
0.06214
0.06233
0.0625
0.06268
0.06284
0.063
0.06314
0.06329
0.06342
0.06355
0.06366
0.06377
0.06388
0.06398
0.06406
0.06414
0.06421
0.06427
0.06433
0.06438
0.06442
0.06445
0.06447
0.0645
0.06451
0.06452
0.06452
0.06451
0.0645
0.06448
0.06446
0.06443
0.0644
0.06437
0.06432
0.06428
0.06423
0.06417
0.06411
0.06406
0.06398
0.06391
0.06383
0.06375
0.06367
0.06357
0.06347
0.06338
0.06326
0.06315
0.06303
0.0629
0.06277
0.06264
0.06249
0.06235
0.06218
0.06202
0.06186
0.06168
0.06151
0.06133
0.06114
0.06096
0.06075
0.06056
0.06036
0.06016
0.05995
0.05974
0.05953
0.05932
0.05911
0.0589
0.05868
0.05847
0.05826
0.05804
0.05783
0.05762
0.05741
0.0572
0.05699
0.05679
0.05658
0.05637
0.05617
0.05597
0.05576
0.05556
0.05535
0.05515
0.05495
0.05475
0.05455
0.05435
0.05414
0.05394
0.05374
0.05354
0.05333
0.05313
0.05292
0.05272
0.05251
0.05231
0.0521
0.05189
0.05168
0.05147
0.05126
0.05104
0.05082
0.05061
0.05038
0.05016
0.04993
0.04971
0.04947
0.04924
0.049
0.04877
0.04852
0.04828
0.04803
0.04778
0.04753
0.04728
0.04701
0.04676
0.0465
0.04624
0.04597
0.04571
0.04544
0.04519
0.04492
0.04466
0.04441
0.04415
0.0439
0.04365
0.0434
0.04316
0.04291
0.04268
0.04245
0.04222
0.04199
0.04177
0.04156
0.04135
0.04113
0.04092
0.04072
0.04051
0.04031
0.04011
0.03991
0.03972
0.03951
0.03931
0.03911
0.03891
0.0387
0.0385
0.03829
0.03809
0.03787
0.03766
0.03744
0.03722
0.037
0.03678
0.03656
0.03634
0.03611
0.03589
0.03566
0.03544
0.03522
0.035
0.03477
0.03456
0.03434
0.03413
0.03392
0.03371
0.03351
0.03331
0.03311
0.03292
0.03272
0.03254
0.03235
0.03217
0.03198
0.03181
0.03163
0.03145
0.03127
0.0311
0.03093
0.03075
0.03058
0.03041
0.03024
0.03007
0.02989
0.02972
0.02954
0.02938
0.0292
0.02903
0.02886
0.02869
0.02852
0.02835
0.02818
0.02801
0.02785
0.0277
0.02754
0.02739
0.02723
0.02708
0.02693
0.02679
0.02664
0.0265
0.02636
0.02623
0.02609
0.02596
0.02583
0.0257
0.02557
0.02544
0.02532
0.02519
0.02506
0.02493
0.0248
0.02467
0.02454
0.02441
0.02427
0.02414
0.024
0.02387
0.02373
0.02359
0.02345
0.02331
0.02317
0.02304
0.02289
0.02275
0.02261
0.02248
0.02234
0.02221
0.02206
0.02194
0.0218
0.02168
0.02155
0.02142
0.02131
0.02119
0.02108
0.02097
0.02085
0.02075
0.02064
0.02054
0.02044
0.02035
0.02025
0.02017
0.02007
0.01999
0.0199
0.01982
0.01974
0.01967
0.0196
0.01953
0.01945
0.01939
0.01932
0.01926
0.01919
0.01913
0.01906
0.01901
0.01895
0.0189
0.01884
0.01878
0.01873
0.01868
0.01863
0.01858
0.01852
0.01847
0.01842
0.01837
0.01831
0.01826
0.0182
0.01815
0.01809
0.01803
0.01798
0.01792
0.01786
0.0178
0.01774
0.01769
0.01762
0.01757
0.0175
0.01745
0.01739
0.01733
0.01727
0.01722
0.01717
0.01712
0.01706
0.01701
0.01696
0.01692
0.01687
0.01683
0.01678
0.01674
0.0167
0.01666
0.01661
0.01658
0.01653
0.01649
0.01644
0.0164
0.01635
0.0163
0.01626
0.01621
0.01616
0.0161
0.01604
0.01598
0.01592
0.01586
0.01579
0.01572
0.01565
0.01558
0.0155
0.01543
0.01535
0.01527
0.01519
0.01511
0.01503
0.01495
0.01486
0.01479
0.0147
0.01462
0.01453
0.01446
0.01436
0.01429
0.01421
0.01413
0.01404
0.01396
0.01388
0.0138
0.01372
0.01365
0.01356
0.01348
0.0134
0.01332
0.01324
0.01316
0.01307
0.013
0.01291
0.01284
0.01275
0.01267
0.0126
0.01252
0.01245
0.01238
0.01229
0.01223
0.01216
0.0121
0.01203
0.01197
0.0119
0.01185
0.01179
0.01174
0.01168
0.01163
0.01159
0.01155
0.01151
0.01147
0.01143
0.0114
0.01136
0.01134
0.0113
0.01128
0.01124
0.01122
0.01119
0.01117
0.01114
0.01111
0.01109
0.01107
0.01105
0.01103
0.011
0.01098
0.01096
0.01094
0.01091
0.01089
0.01087
0.01086
0.01083
0.01081
0.01079
0.01078
0.01076
0.01074
0.01073
0.01072
0.0107
0.0107
0.01068
0.01068
0.01066
0.01066
0.01064
0.01065
0.01063
0.01063
0.01061
0.01061
0.0106
0.0106
0.01059
0.01059
0.01057
0.01057
0.01056
0.01056
0.01054
0.01054
0.01052
0.01052
0.0105
0.01049
0.01047
0.01046
0.01045
0.01043
0.01042
0.01041
0.01038
0.01037
0.01035
0.01034
0.01031
0.0103
0.01027
0.01026
0.01023
0.01021
0.01019
0.01016
0.01014
0.01011
0.01009
0.01006
0.01002
0.00999
0.00996
0.00993
0.00989
0.00985
0.00981
0.00978
0.00973
0.00968
0.00964
0.00959
0.00954
0.00949
0.00944
0.0094
0.00934
0.00929
0.00923
0.00919
0.00913
0.00908
0.00902
0.00897
0.00892
0.00886
0.0088
0.00875
0.0087
0.00865
0.0086
0.00855
0.00849
0.00845
0.00839
0.00835
0.00829
0.00824
0.00818
0.00814
0.00808
0.00802
0.00796
0.0079
0.00784
0.00778
0.00772
0.00766
0.00758
0.00752
0.00745
0.00739
0.0073
0.00723
0.00715
0.00708
0.00699
0.00692
0.00683
0.00675
0.00667
0.00659
0.00651
0.00643
0.00634
0.00627
0.00618
0.00611
0.00603
0.00596
0.00587
0.00581
0.00574
0.00567
0.0056
0.00553
0.00547
0.00541
0.00536
0.00531
0.00524
0.0052
0.00515
0.00511
0.00506
0.00502
0.00498
0.00495
0.00491
0.00488
0.00485
0.00482
0.0048
0.00478
0.00476
0.00474
0.00472
0.00472
0.0047
0.0047
0.00469
0.00469
0.00468
0.0047
0.0047
0.0047
0.00471
0.00471
0.00473
0.00475
0.00477
0.00479
0.0048
0.00483
0.00485
0.00489
0.00491
0.00494
0.00496
0.00501
0.00503
0.00507
0.0051
0.00513
0.00517
0.00521
0.00525
0.00529
0.00532
0.00537
0.0054
0.00545
0.00548
0.00553
0.00556
0.00561
0.00564
0.00568
0.00571
0.00575
0.00579
0.00582
0.00585
0.00589
0.0059
0.00594
0.00595
0.00598
0.00599
0.00601
0.00601
0.00603
0.00602
0.00602
0.00601
0.006
0.00598
0.00596
0.00594
0.00591
0.00587
0.00584
0.00579
0.00575
0.00569
0.00564
0.00558
0.00553
0.00546
0.00539
0.00532
0.00525
0.00519
0.00512
0.00505
0.00499
0.00492
0.00486
0.0048
0.00475
0.00468
0.00464
0.00458
0.00455
0.0045
0.00447
0.00443
0.0044
0.00438
0.00436
0.00435
0.00434
0.00433
0.00433
0.00433
0.00434
0.00434
0.00436
0.00436
0.00439
0.0044
0.00442
0.00444
0.00446
0.00449
0.00452
0.00454
0.00457
0.00458
0.00462
0.00464
0.00467
0.00469
0.00472
0.00473
0.00477
0.00479
0.00481
0.00483
0.00486
0.00488
0.00491
0.00493
0.00497
0.00498
0.00502
0.00504
0.00509
0.00511
0.00515
0.00518
0.00523
0.00527
0.00532
0.00536
0.00541
0.00546
0.00552
0.00558
0.00564
0.0057
0.00577
0.00583
0.0059
0.00596
0.00603
0.0061
0.00618
0.00624
0.00631
0.00637
0.00644
0.0065
0.00657
0.00663
0.00669
0.00674
0.0068
0.00684
0.0069
0.00693
0.00698
0.00701
0.00706
0.00708
0.00711
0.00713
0.00716
0.00718
0.0072
0.00722
0.00724
0.00724
0.00726
0.00726
0.00728
0.00728
0.00729
0.00729
0.00731
0.00731
0.00731
0.00732
0.00732
0.00733
0.00734
0.00734
0.00735
0.00734
0.00735
0.00734
0.00735
0.00734
0.00734
0.00733
0.00733
0.00732
0.00731
0.00729
0.00727
0.00726
0.00724
0.00722
0.0072
0.00717
0.00715
0.00711
0.00709
0.00705
0.00703
0.00699
0.00697
0.00693
0.0069
0.00687
0.00684
0.00682
0.0068
0.00677
0.00675
0.00672
0.00672
0.00669
0.00668
0.00666
0.00666
0.00664
0.00664
0.00662
0.00661
0.0066
0.00659
0.00658
0.00657
0.00655
0.00654
0.00651
0.0065
0.00647
0.00645
0.00642
0.00639
0.00635
0.00632
0.00628
0.00624
0.00619
0.00614
0.0061
0.00605
0.006
0.00595
0.00589
0.00585
0.00579
0.00575
0.00569
0.00565
0.0056
0.00556
0.00552
0.00548
0.00544
0.0054
0.00537
0.00535
0.00532
0.0053
0.00527
0.00525
0.00523
0.00522
0.0052
0.00519
0.00517
0.00516
0.00515
0.00513
0.00512
0.0051
0.00509
0.00508
0.00507
0.00506
0.00504
0.00503
0.00501
0.005
0.00498
0.00497
0.00495
0.00495
0.00493
0.00492
0.00491
0.00489
0.00489
0.00488
0.00488
0.00488
0.00487
0.00487
0.00487
0.00488
0.00488
0.00489
0.00489
0.00491
0.00491
0.00492
0.00494
0.00494
0.00496
0.00498
0.00499
0.00502
0.00502
0.00504
0.00506
0.00508
0.00509
0.00512
0.00513
0.00516
0.00517
0.0052
0.00522
0.00524
0.00527
0.00529
0.00532
0.00535
0.00537
0.00541
0.00544
0.00548
0.00551
0.00555
0.00558
0.00562
0.00566
0.0057
0.00573
0.00577
0.00581
0.00585
0.00589
0.00593
0.00595
0.006
0.00603
0.00607
0.00609
0.00612
0.00615
0.00618
0.0062
0.00623
0.00624
0.00626
0.00629
0.00631
0.00633
0.00636
0.00637
0.0064
0.00641
0.00644
0.00646
0.00648
0.00649
0.00653
0.00654
0.00657
0.00659
0.00661
0.00664
0.00666
0.00668
0.00671
0.00672
0.00675
0.00676
0.00678
0.00678
0.0068
0.0068
0.00682
0.00682
0.00681
0.00681
0.0068
0.00679
0.00678
0.00677
0.00675
0.00672
0.00671
0.00668
0.00666
0.00663
0.00661
0.00657
0.00656
0.00653
0.0065
0.00648
0.00646
0.00644
0.00642
0.00641
0.0064
0.00638
0.00637
0.00636
0.00637
0.00636
0.00636
0.00636
0.00637
0.00636
0.00636
0.00636
0.00636
0.00637
0.00637
0.00637
0.00637
0.00636
0.00636
0.00635
0.00635
0.00633
0.00632
0.0063
0.00629
0.00627
0.00625
0.00622
0.0062
0.00618
0.00615
0.00613
0.00611
0.00608
0.00607
0.00604
0.00602
0.006
0.00599
0.00597
0.00596
0.00595
0.00594
0.00593
0.00592
0.00592
0.00593
0.00593
0.00593
0.00593
0.00594
0.00594
0.00596
0.00595
0.00597
0.00597
0.00598
0.00598
0.00598
0.00598
0.00598
0.00598
0.00598
0.00597
0.00597
0.00595
0.00595
0.00593
0.00592
0.00589
0.00588
0.00585
0.00583
0.0058
0.00577
0.00574
0.00571
0.00568
0.00565
0.00561
0.00558
0.00553
0.0055
0.00546
0.00543
0.00538
0.00535
0.0053
0.00527
0.00523
0.00518
0.00514
0.0051
0.00507
0.00503
0.00499
0.00496
0.00492
0.00489
0.00486
0.00483
0.00479
0.00477
0.00474
0.00473
0.0047
0.00468
0.00466
0.00464
0.00463
0.00462
0.00461
0.00461
0.00459
0.00459
0.00458
0.00459
0.00458
0.00458
0.00457
0.00458
0.00458
0.00458
0.00458
0.00458
0.00458
0.00458
0.00458
0.00458
0.00457
0.00457
0.00456
0.00457
0.00455
0.00455
0.00453
0.00454
0.00453
0.00452
0.00451
0.0045
0.0045
0.0045
0.0045
0.00451
0.0045
0.00451
0.00451
0.00453
0.00453
0.00455
0.00456
0.00459
0.00461
0.00463
0.00466
0.00468
0.00472
0.00475
0.00479
0.00483
0.00486
0.00491
0.00494
0.00499
0.00502
0.00506
0.00509
0.00514
0.00517
0.0052
0.00523
0.00526
0.00529
0.00532
0.00534
0.00536
0.00537
0.00539
0.0054
0.00541
0.0054
0.00541
0.0054
0.0054
0.00539
0.00538
0.00536
0.00535
0.00533
0.00531
0.00528
0.00527
0.00522
0.0052
0.00516
0.00514
0.00509
0.00506
0.00501
0.00498
0.00492
0.00488
0.00483
0.00478
0.00473
0.00468
0.00462
0.00457
0.0045
0.00445
0.00438
0.00433
0.00426
0.0042
0.00413
0.00408
0.00401
0.00394
0.00388
0.00381
0.00375
0.00369
0.00364
0.00358
0.00352
0.00347
0.00341
0.00337
0.00331
0.00327
0.00322
0.00319
0.00315
0.00311
0.00307
0.00303
0.00301
0.00298
0.00296
0.00294
0.00291
0.0029
0.00287
0.00287
0.00284
0.00284
0.00282
0.00282
0.0028
0.00279
0.00279
0.00278
0.00278
0.00278
0.00278
0.00279
0.00278
0.00279
0.00279
0.0028
0.0028
0.00282
0.00283
0.00285
0.00286
0.00288
0.00289
0.00291
0.00293
0.00295
0.00298
0.003
0.00302
0.00305
0.00306
0.00309
0.0031
0.00313
0.00314
0.00317
0.00318
0.0032
0.00321
0.00322
0.00323
0.00324
0.00325
0.00327
0.00326
0.00328
0.00328
0.00329
0.00329
0.00331
0.00331
0.00333
0.00333
0.00334
0.00335
0.00336
0.00338
0.0034
0.00342
0.00345
0.00346
0.00349
0.00352
0.00355
0.00358
0.00361
0.00364
0.00368
0.00371
0.00374
0.00377
0.0038
0.00384
0.00387
0.0039
0.00393
0.00395
0.00398
0.00399
0.00402
0.00403
0.00405
0.00406
0.00409
0.00409
0.00411
0.00412
0.00413
0.00415
0.00417
0.00419
0.00421
0.00422
0.00426
0.00428
0.00432
0.00435
0.0044
0.00443
0.00449
0.00453
0.00458
0.00464
0.00469
0.00475
0.00481
0.00487
0.00494
0.00499
0.00506
0.00511
0.00517
0.00522
0.00527
0.0053
0.00535
0.00538
0.00541
0.00543
0.00545
0.00546
0.00547
0.00548
0.00548
0.00546
0.00546
0.00544
0.00543
0.0054
0.00538
0.00535
0.00533
0.0053
0.00528
0.00525
0.00523
0.00522
0.0052
0.00519
0.00518
0.00517
0.00517
0.00517
0.00518
0.00518
0.0052
0.00521
0.00524
0.00525
0.00528
0.0053
0.00532
0.00535
0.00538
0.00541
0.00544
0.00545
0.00548
0.0055
0.00553
0.00554
0.00556
0.00556
0.00558
0.00559
0.00559
0.00559
0.00559
0.00559
0.00558
0.00558
0.00557
0.00554
0.00554
0.00551
0.00551
0.00548
0.00546
0.00543
0.00542
0.00539
0.00536
0.00533
0.0053
0.00527
0.00525
0.00522
0.00519
0.00514
0.00512
0.00508
0.00505
0.00501
0.00497
0.00493
0.0049
0.00486
0.00482
0.00478
0.00474
0.0047
0.00466
0.00463
0.0046
0.00455
0.00452
0.00448
0.00446
0.00442
0.0044
0.00436
0.00434
0.00431
0.00429
0.00427
0.00424
0.00423
0.00422
0.0042
0.00419
0.00417
0.00416
0.00414
0.00414
0.00413
0.00412
0.0041
0.0041
0.00409
0.00408
0.00406
0.00405
0.00404
0.00404
0.00403
0.00402
0.004
0.004
0.00398
0.00398
0.00396
0.00395
0.00393
0.00393
0.00392
0.00391
0.00389
0.00388
0.00387
0.00386
0.00385
0.00385
0.00383
0.00382
0.00381
0.0038
0.00378
0.00378
0.00376
0.00375
0.00373
0.00372
0.0037
0.00368
0.00367
0.00366
0.00364
0.00363
0.00361
0.0036
0.00358
0.00357
0.00355
0.00355
0.00353
0.00354
0.00352
0.00352
0.00351
0.00351
0.00352
0.00353
0.00354
0.00355
0.00355
0.00358
0.00359
0.00362
0.00364
0.00367
0.0037
0.00374
0.00377
0.0038
0.00384
0.00387
0.00392
0.00396
0.00401
0.00406
0.00409
0.00414
0.00419
0.00424
0.00428
0.00434
0.00438
0.00444
0.00448
0.00453
0.00458
0.00463
0.00469
0.00474
0.0048
0.00486
0.0049
0.00496
0.00501
0.00507
0.00511
0.00517
0.00521
0.00527
0.00531
0.00535
0.0054
0.00543
0.00547
0.00551
0.00554
0.00557
0.00558
0.00561
0.00562
0.00564
0.00564
0.00564
0.00563
0.00564
0.00562
0.00561
0.00559
0.00557
0.00556
0.00553
0.00551
0.00549
0.00545
0.00543
0.0054
0.00538
0.00535
0.00533
0.0053
0.00529
0.00527
0.00525
0.00523
0.00522
0.00521
0.00521
0.0052
0.00521
0.0052
0.00521
0.0052
0.00522
0.00521
0.00522
0.00522
0.00523
0.00523
0.00523
0.00522
0.00522
0.00521
0.0052
0.00519
0.00518
0.00515
0.00514
0.0051
0.00508
0.00504
0.00501
0.00496
0.00492
0.00487
0.00482
0.00477
0.00471
0.00466
0.00461
0.00455
0.0045
0.00444
0.00439
0.00434
0.00429
0.00423
0.00419
0.00414
0.00411
0.00406
0.00403
0.00399
0.00396
0.00393
0.00391
0.00389
0.00388
0.00386
0.00385
0.00384
0.00384
0.00383
0.00383
0.00383
0.00384
0.00384
0.00385
0.00385
0.00386
0.00387
0.00388
0.00389
0.00391
0.00391
0.00393
0.00393
0.00395
0.00396
0.00397
0.00398
0.004
0.004
0.00401
0.00402
0.00403
0.00404
0.00406
0.00407
0.00409
0.00409
0.00411
0.00412
0.00414
0.00414
0.00416
0.00417
0.00419
0.00421
0.00422
0.00423
0.00425
0.00426
0.00428
0.0043
0.00432
0.00432
0.00435
0.00436
0.00438
0.00439
0.00441
0.00442
0.00444
0.00445
0.00446
0.00447
0.00447
0.00448
0.0045
0.0045
0.00452
0.00451
0.00452
0.00452
0.00453
0.00452
0.00452
0.00452
0.00452
0.00451
0.0045
0.00449
0.00448
0.00447
0.00446
0.00444
0.00443
0.0044
0.00439
0.00436
0.00434
0.00431
0.00429
0.00425
0.00423
0.00419
0.00416
0.00413
0.00409
0.00405
0.00402
0.00398
0.00395
0.0039
0.00387
0.00383
0.0038
0.00376
0.00373
0.00368
0.00367
0.00363
0.0036
0.00357
0.00354
0.00352
0.00351
0.00349
0.00348
0.00346
0.00346
0.00345
0.00345
0.00344
0.00345
0.00345
0.00346
0.00347
0.00347
0.00348
0.00349
0.00351
0.00353
0.00354
0.00357
0.00357
0.0036
0.00362
0.00365
0.00366
0.00368
0.0037
0.00373
0.00375
0.00377
0.00379
0.00381
0.00384
0.00387
0.0039
0.00393
0.00394
0.00398
0.004
0.00404
0.00406
0.0041
0.00412
0.00416
0.00419
0.00422
0.00425
0.00428
0.00431
0.00435
0.00437
0.00441
0.00442
0.00445
0.00447
0.0045
0.00451
0.00453
0.00453
0.00455
0.00455
0.00455
0.00454
0.00454
0.00453
0.00452
0.00451
0.0045
0.00447
0.00446
0.00443
0.00442
0.00439
0.00436
0.00433
0.00431
0.00428
0.00425
0.00422
0.00419
0.00417
0.00415
0.00413
0.00411
0.00408
0.00406
0.00404
0.00403
0.004
0.00399
0.00396
0.00396
0.00394
0.00393
0.00391
0.00389
0.00388
0.00387
0.00385
0.00384
0.00382
0.00381
0.00379
0.00378
0.00376
0.00375
0.00372
0.00371
0.00369
0.00367
0.00365
0.00364
0.00362
0.00361
0.00359
0.00358
0.00355
0.00355
0.00353
0.00352
0.00351
0.0035
0.00347
0.00347
0.00346
0.00344
0.00343
0.00342
0.00341
0.00339
0.00338
0.00337
0.00335
0.00334
0.00332
0.00331
0.00328
0.00327
0.00324
0.00323
0.00321
0.00319
0.00316
0.00315
0.00313
0.00311
0.0031
0.00309
0.00307
0.00306
0.00305
0.00305
0.00304
0.00305
0.00305
0.00306
0.00307
0.00308
0.0031
0.00312
0.00315
0.00318
0.00321
0.00325
0.00328
0.00332
0.00336
0.00341
0.00345
0.0035
0.00354
0.00359
0.00363
0.00368
0.00372
0.00376
0.0038
0.00385
0.00389
0.00393
0.00395
0.00399
0.00402
0.00406
0.00408
0.0041
0.00412
0.00415
0.00416
0.00418
0.0042
0.00421
0.00423
0.00425
0.00427
0.00429
0.0043
0.00433
0.00434
0.00437
0.00439
0.00442
0.00445
0.00449
0.00452
0.00455
0.00459
0.00463
0.00468
0.00473
0.00478
0.00483
0.00488
0.00494
0.005
0.00506
0.00512
0.00519
0.00525
0.00532
0.00538
0.00545
0.00551
0.00558
0.00565
0.00572
0.00579
0.00586
0.00592
0.00599
0.00605
0.00611
0.00617
0.00623
0.00628
0.00635
0.0064
0.00646
0.00651
0.00655
0.0066
0.00665
0.0067
0.00675
0.00678
0.00682
0.00686
0.0069
0.00693
0.00696
0.00698
0.00702
0.00704
0.00707
0.00709
0.0071
0.00712
0.00714
0.00715
0.00717
0.00716
0.00717
0.00717
0.00718
0.00717
0.00717
0.00716
0.00716
0.00714
0.00712
0.0071
0.00708
0.00706
0.00704
0.00701
0.00699
0.00695
0.00693
0.0069
0.00688
0.00684
0.00682
0.00678
0.00677
0.00673
0.00671
0.00668
0.00665
0.00664
0.00662
0.0066
0.00659
0.00657
0.00657
0.00655
0.00655
0.00654
0.00654
0.00652
0.00654
0.00653
0.00653
0.00652
0.00652
0.00653
0.00653
0.00653
0.00654
0.00652
0.00653
0.00652
0.00652
0.00651
0.00651
0.00649
0.00649
0.00647
0.00646
0.00644
0.00641
0.0064
0.00638
0.00636
0.00634
0.00631
0.00629
0.00626
0.00624
0.00621
0.00619
0.00616
0.00615
0.00611
0.00609
0.00607
0.00604
0.00602
0.006
0.00598
0.00597
0.00593
0.00592
0.0059
0.00589
0.00587
0.00585
0.00583
0.00582
0.0058
0.00579
0.00577
0.00575
0.00573
0.00572
0.0057
0.00569
0.00566
0.00565
0.00562
0.00561
0.00559
0.00558
0.00555
0.00554
0.00551
0.00549
0.00547
0.00545
0.00543
0.00542
0.0054
0.00539
0.00536
0.00536
0.00533
0.00533
0.00531
0.0053
0.00528
0.00528
0.00527
0.00527
0.00526
0.00525
0.00525
0.00525
0.00525
0.00526
0.00525
0.00526
0.00526
0.00527
0.00527
0.00528
0.00528
0.00529
0.0053
0.0053
0.0053
0.0053
0.00531
0.00532
0.00532
0.00533
0.00532
0.00532
0.00532
0.00532
0.00531
0.00531
0.00529
0.00529
0.00528
0.00526
0.00525
0.00523
0.00522
0.0052
0.00519
0.00518
0.00515
0.00514
0.00512
0.00511
0.00509
0.00508
0.00505
0.00505
0.00504
0.00502
0.00501
0.005
0.005
0.00499
0.00499
0.00499
0.00498
0.00499
0.00498
0.00499
0.00499
0.00499
0.00499
0.00501
0.005
0.00501
0.00501
0.00501
0.00502
0.00502
0.00502
0.00504
0.00502
0.00504
0.00503
0.00504
0.00503
0.00504
0.00503
0.00504
0.00503
0.00503
0.00503
0.00502
0.00502
0.00502
0.00502
0.00503
0.00502
0.00502
0.00502
0.00503
0.00502
0.00503
0.00502
0.00503
0.00503
0.00503
0.00503
0.00502
0.00502
0.00503
0.00502
0.00502
0.00501
0.00501
0.005
0.005
0.00498
0.00497
0.00495
0.00494
0.00492
0.00489
0.00487
0.00484
0.00482
0.00479
0.00477
0.00474
0.0047
0.00468
0.00464
0.00462
0.00458
0.00455
0.00452
0.0045
0.00447
0.00444
0.00442
0.0044
0.00438
0.00437
0.00436
0.00435
0.00434
0.00435
0.00434
0.00436
0.00436
0.00438
0.00439
0.00442
0.00443
0.00446
0.00448
0.00451
0.00454
0.00458
0.00461
0.00465
0.00467
0.00471
0.00474
0.00478
0.0048
0.00484
0.00486
0.00489
0.00491
0.00492
0.00493
0.00494
0.00495
0.00496
0.00496
0.00496
0.00494
0.00494
0.00492
0.00492
0.00489
0.00488
0.00485
0.00484
0.00481
0.00478
0.00475
0.00473
0.0047
0.00468
0.00466
0.00464
0.00461
0.0046
0.00458
0.00457
0.00455
0.00454
0.00453
0.00453
0.00452
0.00451
0.00451
0.0045
0.00451
0.00451
0.00451
0.00452
0.00451
0.00452
0.00451
0.00452
0.00451
0.00451
0.0045
0.0045
0.00449
0.00448
0.00447
0.00446
0.00445
0.00444
0.00443
0.00442
0.0044
0.00439
0.00437
0.00437
0.00435
0.00434
0.00432
0.00433
0.00431
0.00431
0.0043
0.0043
0.0043
0.0043
0.00431
0.00432
0.00432
0.00433
0.00434
0.00435
0.00435
0.00437
0.00437
0.00439
0.00439
0.0044
0.0044
0.0044
0.0044
0.0044
0.0044
0.0044
0.00437
0.00437
0.00435
0.00434
0.0043
0.00429
0.00426
0.00424
0.0042
0.00417
0.00414
0.0041
0.00407
0.00404
0.00401
0.00398
0.00395
0.00393
0.0039
0.00388
0.00385
0.00383
0.00381
0.00381
0.00379
0.00378
0.00378
0.00377
0.00377
0.00378
0.00378
0.00379
0.00378
0.0038
0.0038
0.00381
0.00381
0.00382
0.00382
0.00384
0.00384
0.00384
0.00384
0.00384
0.00384
0.00384
0.00384
0.00384
0.00383
0.00383
0.00382
0.00382
0.00381
0.00382
0.0038
0.00382
0.00381
0.00382
0.00382
0.00383
0.00384
0.00386
0.00388
0.0039
0.00391
0.00395
0.00398
0.00402
0.00405
0.00409
0.00412
0.00417
0.00421
0.00426
0.00429
0.00434
0.00438
0.00442
0.00445
0.00449
0.00451
0.00455
0.00457
0.00459
0.0046
0.00461
0.00461
0.00462
0.00461
0.0046
0.00458
0.00456
0.00454
0.00452
0.00449
0.00447
0.00443
0.0044
0.00437
0.00434
0.0043
0.00428
0.00424
0.00423
0.00421
0.00419
0.00417
0.00416
0.00416
0.00416
0.00417
0.00418
0.00418
0.00421
0.00423
0.00426
0.00428
0.00432
0.00435
0.00439
0.00443
0.00447
0.0045
0.00454
0.00458
0.00463
0.00466
0.00471
0.00473
0.00477
0.00479
0.00483
0.00485
0.00487
0.00489
0.00492
0.00492
0.00494
0.00495
0.00495
0.00496
0.00497
0.00497
0.00498
0.00497
0.00498
0.00498
0.00499
0.00498
0.00498
0.00497
0.00499
0.00498
0.00498
0.00498
0.00497
0.00497
0.00498
0.00497
0.00498
0.00496
0.00497
0.00496
0.00496
0.00494
0.00494
0.00492
0.00491
0.00489
0.00488
0.00486
0.00483
0.00481
0.00479
0.00477
0.00474
0.00471
0.00469
0.00465
0.00463
0.00459
0.00457
0.00453
0.0045
0.00447
0.00444
0.0044
0.00437
0.00434
0.00432
0.00429
0.00427
0.00423
0.00421
0.00418
0.00416
0.00413
0.00411
0.00407
0.00406
0.00403
0.004
0.00397
0.00394
0.00391
0.00389
0.00386
0.00383
0.00379
0.00377
0.00373
0.0037
0.00366
0.00362
0.00358
0.00355
0.00351
0.00347
0.00343
0.00339
0.00335
0.00331
0.00328
0.00324
0.00319
0.00316
0.00312
0.0031
0.00306
0.00303
0.003
0.00298
0.00295
0.00293
0.0029
0.00288
0.00287
0.00286
0.00285
0.00285
0.00283
0.00284
0.00283
0.00284
0.00283
0.00284
0.00284
0.00286
0.00286
0.00287
0.00288
0.00289
0.00291
0.00293
0.00294
0.00296
0.00297
0.003
0.00301
0.00303
0.00305
0.00307
0.00308
0.00311
0.00313
0.00315
0.00318
0.0032
0.00323
0.00326
0.00329
0.00333
0.00335
0.00339
0.00342
0.00347
0.00351
0.00356
0.0036
0.00366
0.00371
0.00377
0.00382
0.00387
0.00394
0.004
0.00406
0.00413
0.00418
0.00425
0.00431
0.00438
0.00443
0.00449
0.00454
0.00461
0.00465
0.0047
0.00474
0.00478
0.00483
0.00486
0.00489
0.00492
0.00494
0.00496
0.00497
0.00499
0.00499
0.00501
0.005
0.00501
0.005
0.00499
0.00499
0.00498
0.00497
0.00497
0.00496
0.00496
0.00494
0.00494
0.00492
0.00493
0.00492
0.00492
0.00492
0.00493
0.00493
0.00493
0.00494
0.00494
0.00496
0.00497
0.00498
0.00499
0.00499
0.00501
0.00502
0.00503
0.00503
0.00504
0.00503
0.00504
0.00503
0.00502
0.00501
0.00499
0.00497
0.00495
0.00492
0.0049
0.00485
0.00482
0.00477
0.00473
0.00468
0.00463
0.00457
0.00452
0.00446
0.0044
0.00434
0.00428
0.00422
0.00416
0.00411
0.00405
0.00399
0.00394
0.00389
0.00385
0.0038
0.00376
0.00371
0.00368
0.00365
0.00362
0.00359
0.00356
0.00354
0.00353
0.00351
0.00351
0.00348
0.00348
0.00347
0.00347
0.00345
0.00345
0.00344
0.00344
0.00343
0.00343
0.00342
0.00341
0.00341
0.00341
0.00341
0.00341
0.00339
0.0034
0.00339
0.0034
0.00339
0.0034
0.00339
0.00341
0.00341
0.00341
0.00342
0.00343
0.00344
0.00346
0.00347
0.0035
0.00351
0.00354
0.00356
0.00359
0.00361
0.00365
0.00367
0.00371
0.00373
0.00377
0.0038
0.00383
0.00387
0.0039
0.00394
0.00398
0.004
0.00405
0.00408
0.00412
0.00415
0.00419
0.00422
0.00427
0.00431
0.00435
0.00439
0.00443
0.00448
0.00453
0.00458
0.00464
0.00468
0.00474
0.00479
0.00485
0.0049
0.00497
0.00502
0.00509
0.00514
0.0052
0.00525
0.0053
0.00536
0.00541
0.00546
0.00552
0.00555
0.0056
0.00563
0.00567
0.00569
0.00572
0.00573
0.00576
0.00576
0.00577
0.00577
0.00576
0.00576
0.00575
0.00574
0.00572
0.00569
0.00567
0.00564
0.00562
0.00559
0.00557
0.00553
0.00551
0.00548
0.00545
0.00542
0.0054
0.00538
0.00536
0.00534
0.00533
0.00531
0.00531
0.0053
0.00531
0.0053
0.00532
0.00532
0.00534
0.00535
0.00537
0.0054
0.00542
0.00545
0.00548
0.00551
0.00556
0.00558
0.00562
0.00566
0.00571
0.00574
0.00578
0.00581
0.00586
0.00589
0.00593
0.00596
0.00599
0.00603
0.00606
0.00608
0.00611
0.00612
0.00615
0.00616
0.00618
0.00618
0.00619
0.00618
0.0062
0.00619
0.00619
0.00618
0.00617
0.00616
0.00616
0.00615
0.00615
0.00613
0.00613
0.00611
0.00611
0.0061
0.0061
0.00609
0.0061
0.0061
0.0061
0.00611
0.00611
0.00613
0.00615
0.00616
0.00619
0.0062
0.00623
0.00625
0.00629
0.00631
0.00634
0.00636
0.0064
0.00643
0.00646
0.00648
0.00651
0.00654
0.00656
0.00659
0.00661
0.00662
0.00665
0.00666
0.00668
0.00668
0.00669
0.00669
0.00671
0.0067
0.0067
0.0067
0.00669
0.00669
0.00669
0.00668
0.00668
0.00667
0.00667
0.00665
0.00665
0.00664
0.00664
0.00662
0.00663
0.00662
0.00661
0.0066
0.0066
0.00659
0.00659
0.00659
0.00659
0.00658
0.00659
0.00658
0.00658
0.00657
0.00657
0.00656
0.00657
0.00656
0.00655
0.00654
0.00654
0.00653
0.00652
0.00652
0.00651
0.00649
0.00649
0.00647
0.00647
0.00645
0.00644
0.00642
0.00641
0.00639
0.00638
0.00636
0.00634
0.00633
0.00631
0.00629
0.00628
0.00624
0.00623
0.00621
0.0062
0.00617
0.00615
0.00613
0.00611
0.00609
0.00607
0.00605
0.00603
0.00602
0.006
0.00598
0.00598
0.00595
0.00595
0.00593
0.00593
0.00592
0.00592
0.00591
0.00592
0.00591
0.00591
0.00591
0.0059
0.00591
0.00591
0.00592
0.00592
0.00591
0.00592
0.00591
0.00591
0.0059
0.00589
0.00587
0.00586
0.00584
0.00582
0.00579
0.00576
0.00572
0.00569
0.00565
0.00561
0.00556
0.00552
0.00546
0.00542
0.00536
0.00532
0.00526
0.00522
0.00517
0.00513
0.00509
0.00505
0.00502
0.00499
0.00497
0.00496
0.00494
0.00494
0.00494
0.00496
