7.72627561185987E+02

0.00481
0.0048
0.0048
0.00479
0.00479
0.00478
0.00477
0.00476
0.00475
0.00474
0.00473
0.00473
0.00472
0.0047
0.0047
0.00469
0.00469
0.00468
0.00468
0.00467
0.00468
0.00467
0.00467
0.00467
0.00467
0.00468
0.00469
0.0047
0.00471
0.00471
0.00474
0.00474
0.00477
0.00478
0.00479
0.0048
0.00483
0.00484
0.00485
0.00486
0.00487
0.00488
0.00489
0.0049
0.00491
0.0049
0.0049
0.00489
0.00489
0.00487
0.00486
0.00484
0.00483
0.0048
0.00478
0.00475
0.00472
0.00469
0.00466
0.00463
0.0046
0.00455
0.00453
0.00448
0.00446
0.00442
0.00439
0.00434
0.00432
0.00428
0.00425
0.00422
0.00418
0.00416
0.00413
0.0041
0.00407
0.00403
0.00401
0.00397
0.00395
0.00391
0.00388
0.00384
0.00381
0.00377
0.00373
0.00368
0.00364
0.00359
0.00355
0.0035
0.00346
0.00339
0.00335
0.00329
0.00325
0.00319
0.00314
0.00308
0.00304
0.00299
0.00294
0.0029
0.00285
0.00282
0.00279
0.00276
0.00274
0.00271
0.0027
0.00268
0.00269
0.00267
0.00269
0.00269
0.00271
0.00272
0.00275
0.00278
0.00281
0.00285
0.00289
0.00294
0.00299
0.00303
0.0031
0.00315
0.00322
0.00327
0.00334
0.0034
0.00347
0.00353
0.0036
0.00366
0.00372
0.00379
0.00386
0.00392
0.00399
0.00404
0.0041
0.00416
0.00422
0.00426
0.00431
0.00435
0.00441
0.00444
0.00448
0.00451
0.00454
0.00457
0.0046
0.00463
0.00465
0.00466
0.00468
0.00469
0.00471
0.00471
0.00472
0.00472
0.00473
0.00473
0.00473
0.00473
0.00472
0.00473
0.00473
0.00473
0.00473
0.00473
0.00473
0.00473
0.00474
0.00474
0.00475
0.00475
0.00478
0.00478
0.00479
0.0048
0.00481
0.00483
0.00484
0.00486
0.00488
0.00488
0.0049
0.00491
0.00493
0.00493
0.00494
0.00494
0.00496
0.00496
0.00496
0.00495
0.00494
0.00494
0.00493
0.00492
0.00491
0.00488
0.00487
0.00484
0.00483
0.0048
0.00478
0.00474
0.00473
0.00469
0.00466
0.00463
0.0046
0.00457
0.00455
0.00452
0.0045
0.00446
0.00444
0.00441
0.0044
0.00437
0.00435
0.00432
0.00432
0.0043
0.00428
0.00426
0.00425
0.00424
0.00422
0.00421
0.00421
0.00419
0.00418
0.00416
0.00416
0.00414
0.00413
0.00411
0.00411
0.00409
0.00408
0.00406
0.00405
0.00404
0.00403
0.00401
0.004
0.00398
0.00397
0.00396
0.00396
0.00394
0.00394
0.00392
0.00393
0.00392
0.00392
0.00393
0.00393
0.00394
0.00395
0.00397
0.00399
0.004
0.00403
0.00405
0.00409
0.00411
0.00415
0.00418
0.00423
0.00426
0.0043
0.00434
0.00438
0.00443
0.00447
0.00452
0.00456
0.00459
0.00464
0.00467
0.00471
0.00474
0.00478
0.0048
0.00484
0.00486
0.00489
0.00491
0.00492
0.00494
0.00496
0.00497
0.00499
0.00499
0.00501
0.00501
0.00503
0.00503
0.00504
0.00504
0.00506
0.00507
0.00508
0.00509
0.00509
0.00511
0.00512
0.00514
0.00516
0.00516
0.00519
0.0052
0.00522
0.00523
0.00525
0.00526
0.00529
0.0053
0.00531
0.00532
0.00532
0.00533
0.00534
0.00534
0.00534
0.00533
0.00533
0.00532
0.00532
0.0053
0.00528
0.00526
0.00525
0.00522
0.0052
0.00518
0.00515
0.00513
0.00511
0.00509
0.00507
0.00504
0.00503
0.00501
0.00499
0.00497
0.00496
0.00494
0.00494
0.00493
0.00492
0.00491
0.0049
0.0049
0.0049
0.0049
0.0049
0.00488
0.00489
0.00488
0.00488
0.00486
0.00486
0.00484
0.00483
0.00481
0.00479
0.00477
0.00474
0.00472
0.0047
0.00466
0.00464
0.0046
0.00457
0.00452
0.0045
0.00445
0.00442
0.00437
0.00434
0.00429
0.00426
0.00422
0.00418
0.00415
0.00412
0.00408
0.00406
0.00402
0.004
0.00397
0.00396
0.00393
0.00391
0.00388
0.00388
0.00385
0.00383
0.00382
0.0038
0.00379
0.00378
0.00377
0.00376
0.00373
0.00373
0.00371
0.00371
0.00369
0.00368
0.00367
0.00367
0.00365
0.00365
0.00364
0.00363
0.00363
0.00362
0.00362
0.00363
0.00362
0.00363
0.00362
0.00364
0.00363
0.00364
0.00364
0.00366
0.00366
0.00367
0.00367
0.00367
0.00368
0.00368
0.00369
0.0037
0.00368
0.00369
0.00368
0.00368
0.00367
0.00367
0.00365
0.00365
0.00364
0.00362
0.0036
0.00359
0.00358
0.00357
0.00355
0.00354
0.00352
0.00352
0.00351
0.00351
0.0035
0.00351
0.0035
0.00352
0.00352
0.00353
0.00354
0.00356
0.00358
0.0036
0.00363
0.00366
0.00368
0.00372
0.00375
0.00378
0.00381
0.00385
0.00387
0.00391
0.00393
0.00396
0.00398
0.004
0.00403
0.00405
0.00406
0.00408
0.00408
0.0041
0.0041
0.00411
0.00411
0.00411
0.0041
0.00411
0.00411
0.0041
0.00409
0.00409
0.00409
0.00409
0.00409
0.00409
0.00409
0.0041
0.0041
0.00411
0.00412
0.00413
0.00414
0.00417
0.00418
0.00419
0.00421
0.00423
0.00426
0.00428
0.0043
0.00432
0.00434
0.00436
0.00437
0.0044
0.0044
0.00442
0.00442
0.00443
0.00443
0.00443
0.00443
0.00442
0.00441
0.0044
0.00439
0.00437
0.00434
0.00432
0.00429
0.00427
0.00424
0.00421
0.00417
0.00415
0.00411
0.00408
0.00404
0.00401
0.00398
0.00395
0.00392
0.0039
0.00386
0.00385
0.00382
0.00382
0.00379
0.00378
0.00376
0.00376
0.00375
0.00374
0.00373
0.00373
0.00373
0.00373
0.00373
0.00373
0.00373
0.00374
0.00373
0.00375
0.00374
0.00375
0.00374
0.00375
0.00375
0.00375
0.00375
0.00374
0.00374
0.00374
0.00374
0.00374
0.00372
0.00373
0.00372
0.00372
0.0037
0.0037
0.00369
0.0037
0.00369
0.00368
0.00368
0.00368
0.00368
0.00369
0.0037
0.00371
0.00371
0.00373
0.00374
0.00377
0.00378
0.0038
0.00382
0.00385
0.00387
0.0039
0.00392
0.00395
0.00398
0.00401
0.00404
0.00408
0.0041
0.00413
0.00416
0.00419
0.00421
0.00424
0.00426
0.00429
0.0043
0.00432
0.00434
0.00435
0.00437
0.00438
0.00439
0.00441
0.0044
0.00442
0.00442
0.00444
0.00444
0.00445
0.00445
0.00447
0.00447
0.00447
0.00448
0.00449
0.0045
0.00451
0.00452
0.00454
0.00454
0.00457
0.00457
0.0046
0.0046
0.00462
0.00463
0.00465
0.00466
0.00467
0.00468
0.00468
0.00469
0.0047
0.0047
0.00471
0.0047
0.0047
0.00469
0.00468
0.00466
0.00465
0.00463
0.00462
0.0046
0.00457
0.00455
0.00452
0.0045
0.00448
0.00445
0.00443
0.0044
0.00439
0.00436
0.00435
0.00433
0.00432
0.0043
0.00431
0.0043
0.0043
0.0043
0.0043
0.00431
0.00433
0.00434
0.00436
0.00437
0.0044
0.00442
0.00445
0.00447
0.00449
0.00451
0.00454
0.00456
0.00458
0.0046
0.00461
0.00463
0.00465
0.00466
0.00468
0.00467
0.00468
0.00468
0.00469
0.00468
0.00468
0.00467
0.00467
0.00466
0.00465
0.00464
0.00463
0.00462
0.00461
0.00461
0.00461
0.0046
0.0046
0.0046
0.00461
0.0046
0.00461
0.00461
0.00463
0.00464
0.00465
0.00467
0.00468
0.00471
0.00473
0.00475
0.00478
0.00479
0.00482
0.00484
0.00487
0.00488
0.00491
0.00492
0.00495
0.00496
0.00498
0.00499
0.005
0.00502
0.00503
0.00504
0.00505
0.00505
0.00506
0.00506
0.00507
0.00507
0.00507
0.00506
0.00507
0.00506
0.00505
0.00505
0.00504
0.00504
0.00504
0.00503
0.00502
0.00501
0.00501
0.00499
0.00499
0.00496
0.00496
0.00493
0.00492
0.00491
0.00489
0.00487
0.00484
0.00483
0.00481
0.00479
0.00478
0.00475
0.00474
0.00471
0.0047
0.00468
0.00467
0.00465
0.00464
0.00463
0.00462
0.00461
0.00461
0.00461
0.00461
0.00462
0.00463
0.00464
0.00466
0.00468
0.00471
0.00473
0.00476
0.00479
0.00483
0.00486
0.0049
0.00495
0.00499
0.00505
0.0051
0.00516
0.00523
0.00528
0.00536
0.00543
0.00551
0.00559
0.00567
0.00576
0.00586
0.00596
0.00606
0.00618
0.00629
0.00642
0.00656
0.00671
0.00686
0.00703
0.00721
0.00738
0.00758
0.00779
0.00801
0.00823
0.00849
0.00874
0.00901
0.00929
0.00959
0.00991
0.01024
0.01058
0.01094
0.01132
0.01171
0.01211
0.01254
0.01297
0.01342
0.01389
0.01438
0.01488
0.01539
0.01593
0.01648
0.01705
0.01763
0.01823
0.01885
0.01948
0.02013
0.02079
0.02148
0.02218
0.02289
0.02362
0.02438
0.02514
0.02591
0.02671
0.02751
0.02834
0.02918
0.03003
0.0309
0.03178
0.03267
0.03356
0.03448
0.03541
0.03634
0.03729
0.03825
0.03921
0.04019
0.04117
0.04216
0.04316
0.04416
0.04517
0.04619
0.04721
0.04824
0.04927
0.05032
0.05136
0.0524
0.05346
0.05452
0.05558
0.05665
0.05772
0.05879
0.05987
0.06095
0.06203
0.06311
0.0642
0.06529
0.06637
0.06747
0.06856
0.06964
0.07072
0.07182
0.0729
0.07397
0.07505
0.07611
0.07718
0.07824
0.07929
0.08033
0.08136
0.08239
0.0834
0.08441
0.0854
0.08638
0.08735
0.08832
0.08926
0.09019
0.09111
0.09202
0.09292
0.0938
0.09466
0.09552
0.09636
0.09719
0.09799
0.0988
0.09959
0.10036
0.10112
0.10188
0.10261
0.10334
0.10405
0.10475
0.10543
0.10611
0.10676
0.10741
0.10805
0.10867
0.10927
0.10986
0.11045
0.11101
0.11156
0.1121
0.11262
0.11313
0.11363
0.11411
0.11457
0.11502
0.11545
0.11588
0.11629
0.11668
0.11706
0.11742
0.11777
0.11811
0.11843
0.11874
0.11904
0.11932
0.11959
0.11985
0.12009
0.12032
0.12053
0.12074
0.12092
0.1211
0.12126
0.12141
0.12154
0.12166
0.12176
0.12186
0.12193
0.122
0.12204
0.12208
0.1221
0.1221
0.12209
0.12207
0.12203
0.12197
0.12191
0.12183
0.12173
0.12162
0.12151
0.12138
0.12123
0.12108
0.12091
0.12074
0.12055
0.12036
0.12015
0.11994
0.11972
0.11949
0.11925
0.11901
0.11876
0.1185
0.11824
0.11797
0.11769
0.11741
0.11713
0.11684
0.11654
0.11624
0.11592
0.11561
0.11529
0.11497
0.11464
0.1143
0.11396
0.11362
0.11327
0.11292
0.11255
0.11219
0.11182
0.11145
0.11107
0.11068
0.11029
0.1099
0.1095
0.10909
0.10869
0.10828
0.10787
0.10745
0.10704
0.10661
0.10618
0.10576
0.10532
0.10489
0.10445
0.10401
0.10357
0.10312
0.10267
0.10223
0.10178
0.10133
0.10088
0.10042
0.09997
0.09952
0.09907
0.09861
0.09816
0.09771
0.09726
0.09681
0.09636
0.09592
0.09547
0.09503
0.09459
0.09415
0.09371
0.09328
0.09284
0.09241
0.09198
0.09156
0.09113
0.0907
0.09028
0.08985
0.08943
0.089
0.08857
0.08815
0.08772
0.08729
0.08686
0.08643
0.08601
0.08557
0.08514
0.0847
0.08426
0.08383
0.08339
0.08295
0.08251
0.08207
0.08162
0.08118
0.08074
0.0803
0.07987
0.07943
0.079
0.07857
0.07814
0.07772
0.0773
0.07688
0.07646
0.07605
0.07564
0.07524
0.07484
0.07444
0.07404
0.07365
0.07326
0.07287
0.07249
0.0721
0.07172
0.07134
0.07096
0.07057
0.07019
0.06981
0.06943
0.06905
0.06866
0.06828
0.06789
0.06751
0.06712
0.06673
0.06634
0.06596
0.06557
0.06518
0.06479
0.0644
0.06402
0.06364
0.06326
0.06287
0.06249
0.06212
0.06174
0.06137
0.061
0.06064
0.06028
0.05992
0.05956
0.05921
0.05886
0.05851
0.05817
0.05783
0.05749
0.05716
0.05682
0.05649
0.05617
0.05584
0.05551
0.05519
0.05487
0.05455
0.05423
0.05391
0.05359
0.05327
0.05296
0.05265
0.05233
0.05202
0.0517
0.05139
0.05108
0.05077
0.05045
0.05015
0.04983
0.04953
0.04921
0.0489
0.04859
0.04828
0.04797
0.04766
0.04735
0.04704
0.04672
0.04641
0.04609
0.04578
0.04546
0.04514
0.04482
0.0445
0.04418
0.04386
0.04353
0.0432
0.04288
0.04255
0.04223
0.0419
0.04156
0.04124
0.04091
0.04059
0.04026
0.03994
0.03961
0.03929
0.03897
0.03865
0.03833
0.03802
0.03771
0.0374
0.0371
0.0368
0.0365
0.03621
0.03592
0.03564
0.03535
0.03508
0.03479
0.03453
0.03426
0.03399
0.03373
0.03347
0.03321
0.03296
0.03271
0.03246
0.03221
0.03197
0.03173
0.03149
0.03125
0.03102
0.03078
0.03055
0.03032
0.03009
0.02986
0.02964
0.02942
0.0292
0.02899
0.02877
0.02855
0.02835
0.02814
0.02794
0.02773
0.02754
0.02733
0.02714
0.02695
0.02676
0.02657
0.02638
0.0262
0.02602
0.02585
0.02568
0.0255
0.02533
0.02516
0.025
0.02482
0.02467
0.02449
0.02434
0.02417
0.02401
0.02385
0.02369
0.02353
0.02337
0.02322
0.02306
0.0229
0.02274
0.02259
0.02244
0.02228
0.02213
0.02197
0.02183
0.02168
0.02153
0.02138
0.02124
0.0211
0.02096
0.02083
0.02069
0.02056
0.02043
0.02031
0.02019
0.02006
0.01995
0.01983
0.01973
0.01961
0.01951
0.0194
0.0193
0.01921
0.01911
0.01901
0.01893
0.01882
0.01874
0.01865
0.01856
0.01847
0.01838
0.01829
0.01821
0.01811
0.01803
0.01794
0.01785
0.01777
0.01768
0.01759
0.01751
0.01741
0.01734
0.01725
0.01717
0.01708
0.01701
0.01692
0.01684
0.01676
0.01669
0.01661
0.01654
0.01647
0.0164
0.01634
0.01628
0.01621
0.01616
0.0161
0.01605
0.01599
0.01594
0.01588
0.01584
0.01578
0.01573
0.01568
0.01564
0.01559
0.01554
0.01549
0.01545
0.01539
0.01535
0.0153
0.01526
0.0152
0.01515
0.0151
0.01505
0.015
0.01495
0.01489
0.01484
0.01479
0.01474
0.01469
0.01464
0.01459
0.01454
0.01449
0.01445
0.01439
0.01435
0.0143
0.01426
0.01421
0.01416
0.01411
0.01406
0.01402
0.01397
0.01393
0.01388
0.01383
0.01378
0.01373
0.01368
0.01362
0.01357
0.0135
0.01345
0.01339
0.01333
0.01326
0.01319
0.01313
0.01306
0.01299
0.01293
0.01285
0.01278
0.0127
0.01263
0.01255
0.01247
0.01239
0.01233
0.01224
0.01217
0.01209
0.01201
0.01194
0.01187
0.01179
0.01172
0.01164
0.01158
0.0115
0.01144
0.01136
0.0113
0.01122
0.01116
0.01108
0.01101
0.01094
0.01087
0.01081
0.01074
0.01067
0.01061
0.01053
0.01047
0.0104
0.01034
0.01027
0.01021
0.01013
0.01008
0.01001
0.00995
0.00988
0.00982
0.00977
0.00972
0.00966
0.00961
0.00955
0.00951
0.00946
0.00942
0.00937
0.00934
0.00929
0.00926
0.00922
0.00919
0.00916
0.00912
0.0091
0.00907
0.00904
0.00902
0.00898
0.00896
0.00893
0.00891
0.00887
0.00885
0.00881
0.00879
0.00875
0.00871
0.00867
0.00863
0.00859
0.00855
0.00851
0.00846
0.00841
0.00836
0.00831
0.00826
0.0082
0.00815
0.00808
0.00804
0.00797
0.00792
0.00786
0.00779
0.00774
0.00769
0.00763
0.00759
0.00753
0.00748
0.00743
0.00739
0.00734
0.0073
0.00726
0.00723
0.00719
0.00716
0.00713
0.0071
0.00708
0.00706
0.00704
0.00703
0.00701
0.007
0.00699
0.00699
0.00697
0.00697
0.00696
0.00697
0.00696
0.00696
0.00696
0.00697
0.00698
0.00698
0.00699
0.00701
0.00701
0.00703
0.00704
0.00706
0.00707
0.00709
0.0071
0.00713
0.00715
0.00717
0.00719
0.00721
0.00723
0.00726
0.00728
0.00731
0.00732
0.00735
0.00737
0.00739
0.0074
0.00743
0.00743
0.00746
0.00747
0.00748
0.00749
0.00749
0.0075
0.00751
0.00751
0.00752
0.00751
0.00752
0.0075
0.00751
0.0075
0.0075
0.00748
0.00749
0.00748
0.00747
0.00747
0.00746
0.00746
0.00746
0.00746
0.00747
0.00747
0.00748
0.00748
0.0075
0.0075
0.00751
0.00752
0.00754
0.00755
0.00757
0.00758
0.00759
0.00761
0.00763
0.00764
0.00766
0.00766
0.00767
0.00767
0.00768
0.00768
0.00768
0.00766
0.00766
0.00765
0.00763
0.00761
0.00758
0.00756
0.00753
0.00749
0.00746
0.00741
0.00737
0.00732
0.00728
0.00722
0.00717
0.00711
0.00707
0.00701
0.00695
0.0069
0.00684
0.00679
0.00674
0.00669
0.00665
0.00659
0.00655
0.00651
0.00648
0.00644
0.00641
0.00638
0.00636
0.00634
0.00632
0.0063
0.00629
0.00628
0.00628
0.00628
0.00628
0.00627
0.00628
0.00628
0.00629
0.00629
0.00631
0.00631
0.00633
0.00633
0.00634
0.00634
0.00635
0.00636
0.00637
0.00637
0.00639
0.00638
0.00639
0.00638
0.00639
0.00638
0.00638
0.00637
0.00638
0.00637
0.00636
0.00635
0.00634
0.00634
0.00633
0.00633
0.00633
0.00631
0.00631
0.0063
0.0063
0.00629
0.00629
0.00628
0.00629
0.00629
0.00629
0.00629
0.00629
0.0063
0.00631
0.00631
0.00633
0.00632
0.00634
0.00634
0.00635
0.00635
0.00636
0.00636
0.00637
0.00637
0.00637
0.00637
0.00637
0.00637
0.00637
0.00637
0.00637
0.00635
0.00635
0.00633
0.00633
0.00631
0.0063
0.00628
0.00627
0.00625
0.00623
0.0062
0.00618
0.00616
0.00614
0.00611
0.00609
0.00606
0.00603
0.006
0.00598
0.00594
0.00592
0.00588
0.00585
0.00582
0.00578
0.00574
0.00571
0.00567
0.00564
0.00561
0.00558
0.00553
0.00551
0.00547
0.00544
0.0054
0.00538
0.00535
0.00533
0.0053
0.00528
0.00526
0.00524
0.00523
0.00522
0.00522
0.00522
0.00521
0.00522
0.00522
0.00524
0.00525
0.00527
0.00528
0.00531
0.00533
0.00535
0.00537
0.0054
0.00543
0.00546
0.00549
0.00553
0.00555
0.00559
0.00561
0.00565
0.00567
0.0057
0.00572
0.00576
0.00577
0.00579
0.00581
0.00583
0.00585
0.00587
0.00589
0.0059
0.00591
0.00593
0.00593
0.00596
0.00596
0.00598
0.00598
0.00601
0.00602
0.00603
0.00604
0.00605
0.00607
0.00608
0.0061
0.00612
0.00612
0.00615
0.00616
0.00618
0.00619
0.00621
0.00622
0.00625
0.00626
0.00627
0.00629
0.0063
0.00631
0.00633
0.00634
0.00636
0.00636
0.00638
0.00639
0.00641
0.00641
0.00643
0.00643
0.00645
0.00646
0.00647
0.00647
0.00648
0.00649
0.0065
0.00651
0.00652
0.00652
0.00654
0.00654
0.00655
0.00655
0.00656
0.00655
0.00657
0.00656
0.00657
0.00656
0.00656
0.00656
0.00655
0.00655
0.00655
0.00653
0.00653
0.00651
0.00651
0.00649
0.00648
0.00646
0.00646
0.00644
0.00642
0.0064
0.00638
0.00637
0.00636
0.00634
0.00633
0.00631
0.0063
0.00628
0.00628
0.00626
0.00626
0.00624
0.00624
0.00623
0.00623
0.00623
0.00622
0.00622
0.00623
0.00623
0.00623
0.00623
0.00624
0.00624
0.00626
0.00625
0.00626
0.00626
0.00628
0.00628
0.00629
0.00629
0.0063
0.00631
0.00632
0.00632
0.00633
0.00632
0.00633
0.00633
0.00633
0.00633
0.00633
0.00631
0.00632
0.00631
0.0063
0.00629
0.00628
0.00626
0.00625
0.00624
0.00623
0.00621
0.0062
0.00618
0.00617
0.00615
0.00614
0.00611
0.00611
0.00609
0.00608
0.00607
0.00606
0.00605
0.00605
0.00605
0.00605
0.00604
0.00605
0.00605
0.00606
0.00607
0.00608
0.00608
0.00611
0.00612
0.00613
0.00615
0.00616
0.00618
0.0062
0.00622
0.00624
0.00625
0.00628
0.00628
0.0063
0.00631
0.00632
0.00632
0.00633
0.00633
0.00633
0.00632
0.00631
0.00631
0.0063
0.00628
0.00627
0.00624
0.00623
0.0062
0.00619
0.00616
0.00614
0.0061
0.00609
0.00606
0.00603
0.00601
0.00598
0.00596
0.00594
0.00593
0.00592
0.00589
0.00589
0.00587
0.00587
0.00586
0.00587
0.00586
0.00587
0.00588
0.00589
0.0059
0.00591
0.00593
0.00595
0.00597
0.00599
0.00601
0.00604
0.00606
0.00609
0.00611
0.00614
0.00616
0.00619
0.00621
0.00623
0.00625
0.00626
0.00628
0.0063
0.00631
0.00633
0.00633
0.00634
0.00634
0.00634
0.00633
0.00633
0.00631
0.00631
0.00629
0.00628
0.00626
0.00623
0.00621
0.00619
0.00617
0.00615
0.00611
0.00609
0.00606
0.00604
0.006
0.00598
0.00595
0.00594
0.00592
0.0059
0.00588
0.00586
0.00585
0.00585
0.00584
0.00585
0.00584
0.00585
0.00585
0.00587
0.00587
0.00589
0.0059
0.00593
0.00595
0.00598
0.00601
0.00603
0.00607
0.00611
0.00615
0.00619
0.00622
0.00627
0.00631
0.00636
0.00639
0.00644
0.00648
0.00654
0.00657
0.00662
0.00666
0.0067
0.00674
0.00678
0.00682
0.00685
0.00688
0.00691
0.00693
0.00695
0.00696
0.00697
0.00696
0.00697
0.00696
0.00695
0.00692
0.00689
0.00686
0.00682
0.00677
0.00673
0.00666
0.0066
0.00653
0.00647
0.00639
0.00631
0.00623
0.00615
0.00607
0.00598
0.0059
0.00582
0.00574
0.00567
0.0056
0.00554
0.00547
0.00542
0.00536
0.00533
0.00528
0.00525
0.00522
0.0052
0.00518
0.00517
0.00517
0.00516
0.00516
0.00517
0.00518
0.00519
0.00519
0.0052
0.0052
0.00522
0.00522
0.00522
0.00522
0.00522
0.00521
0.0052
0.00518
0.00516
0.00514
0.00512
0.00509
0.00506
0.00501
0.00498
0.00494
0.00491
0.00486
0.00482
0.00477
0.00474
0.0047
0.00466
0.00463
0.0046
0.00457
0.00455
0.00453
0.00452
0.0045
0.0045
0.00449
0.00449
0.00449
0.0045
0.0045
0.00452
0.00453
0.00454
0.00455
0.00457
0.00458
0.0046
0.00462
0.00464
0.00464
0.00466
0.00467
0.00469
0.0047
0.00471
0.00471
0.00473
0.00473
0.00473
0.00473
0.00473
0.00474
0.00474
0.00474
0.00475
0.00474
0.00475
0.00475
0.00476
0.00475
0.00476
0.00475
0.00476
0.00476
0.00476
0.00476
0.00475
0.00476
0.00476
0.00475
0.00475
0.00473
0.00473
0.00472
0.00472
0.0047
0.00469
0.00466
0.00466
0.00463
0.00462
0.0046
0.00457
0.00456
0.00454
0.00452
0.0045
0.00448
0.00447
0.00445
0.00444
0.00442
0.00442
0.0044
0.0044
0.0044
0.00439
0.00439
0.00439
0.0044
0.00441
0.00442
0.00443
0.00443
0.00445
0.00446
0.00448
0.00448
0.0045
0.00451
0.00453
0.00454
0.00455
0.00456
0.00457
0.00458
0.0046
0.00461
0.00462
0.00462
0.00464
0.00464
0.00466
0.00466
0.00467
0.00467
0.0047
0.0047
0.00472
0.00473
0.00474
0.00477
0.00479
0.00482
0.00485
0.00487
0.00491
0.00494
0.00499
0.00502
0.00507
0.00511
0.00517
0.00522
0.00527
0.00533
0.00538
0.00545
0.00551
0.00558
0.00564
0.0057
0.00578
0.00584
0.00591
0.00597
0.00605
0.00611
0.00618
0.00624
0.00631
0.00637
0.00642
0.00649
0.00655
0.0066
0.00666
0.0067
0.00676
0.0068
0.00685
0.00689
0.00693
0.00696
0.007
0.00703
0.00706
0.00708
0.0071
0.00713
0.00715
0.00717
0.00719
0.00719
0.00721
0.00722
0.00724
0.00724
0.00725
0.00725
0.00727
0.00727
0.00728
0.00728
0.00728
0.00729
0.0073
0.0073
0.00731
0.0073
0.00731
0.00731
0.00732
0.00732
0.00732
0.00732
0.00733
0.00732
0.00732
0.00732
0.00732
0.00732
0.00733
0.00733
0.00734
0.00734
0.00735
0.00735
0.00737
0.00737
0.00739
0.00739
0.00742
0.00743
0.00746
0.00748
0.00751
0.00754
0.00758
0.00761
0.00766
0.00769
0.00774
0.00778
0.00784
0.00788
0.00793
0.00797
0.00803
0.00807
0.00811
0.00815
0.00819
0.00823
0.00827
0.0083
0.00833
0.00834
0.00837
0.00838
0.0084
0.00839
0.0084
0.00839
0.00839
0.00838
0.00836
0.00835
0.00833
0.00832
0.0083
0.00828
0.00827
0.00823
0.00823
0.0082
0.0082
0.00818
0.00818
0.00817
0.00817
0.00817
0.00818
0.00818
0.00819
0.00821
0.00823
0.00825
0.00828
0.0083
0.00833
0.00835
0.00838
0.00841
0.00844
0.00846
0.00849
0.00851
0.00853
0.00854
0.00856
0.00857
0.00858
0.00859
0.00859
0.00858
0.00858
0.00857
0.00857
0.00854
0.00853
0.0085
0.00849
0.00846
0.00843
0.0084
0.00836
0.00833
0.0083
0.00827
0.00824
0.00819
0.00817
0.00812
0.0081
0.00805
0.00802
0.00798
0.00796
0.00792
0.00788
0.00785
0.00781
0.00778
0.00776
0.00773
0.0077
0.00766
0.00764
0.00761
0.00759
0.00755
0.00753
0.0075
0.00748
0.00745
0.00742
0.0074
0.00737
0.00735
0.00732
0.0073
0.00728
0.00725
0.00723
0.0072
0.00718
0.00715
0.00713
0.00709
0.00707
0.00704
0.00701
0.00698
0.00694
0.00691
0.00688
0.00684
0.00681
0.00676
0.00673
0.00669
0.00665
0.00661
0.00657
0.00652
0.00649
0.00645
0.00641
0.00636
0.00632
0.00629
0.00625
0.00622
0.00619
0.00615
0.00612
0.00609
0.00607
0.00604
0.00602
0.00599
0.00598
0.00597
0.00595
0.00594
0.00592
0.00592
0.00592
0.00591
0.00592
0.0059
0.00592
0.00591
0.00593
0.00592
0.00594
0.00594
0.00596
0.00597
0.00598
0.00599
0.00601
0.00603
0.00605
0.00607
0.00609
0.0061
0.00613
0.00614
0.00617
0.00618
0.0062
0.00621
0.00624
0.00625
0.00627
0.00628
0.00629
0.0063
0.00631
0.00631
0.00632
0.00631
0.00631
0.00631
0.0063
0.00628
0.00628
0.00625
0.00624
0.00622
0.0062
0.00617
0.00614
0.00612
0.0061
0.00607
0.00605
0.00601
0.006
0.00597
0.00595
0.00593
0.00592
0.00589
0.00589
0.00587
0.00586
0.00585
0.00585
0.00585
0.00585
0.00586
0.00587
0.00586
0.00587
0.00588
0.00589
0.00589
0.0059
0.0059
0.00592
0.00592
0.00592
0.00592
0.00591
0.00591
0.0059
0.00589
0.00589
0.00587
0.00586
0.00584
0.00582
0.0058
0.00578
0.00575
0.00574
0.00571
0.00569
0.00566
0.00564
0.00562
0.0056
0.00558
0.00557
0.00554
0.00554
0.00552
0.00551
0.0055
0.0055
0.00548
0.00549
0.00548
0.00548
0.00548
0.00547
0.00548
0.00548
0.00548
0.00548
0.00547
0.00548
0.00548
0.00548
0.00547
0.00547
0.00546
0.00546
0.00546
0.00545
0.00544
0.00543
0.00543
0.00543
0.00542
0.00542
0.0054
0.00541
0.0054
0.0054
0.00539
0.0054
0.00539
0.0054
0.0054
0.0054
0.00539
0.00539
0.0054
0.0054
0.0054
0.0054
0.00539
0.0054
0.00538
0.00538
0.00537
0.00536
0.00534
0.00534
0.00532
0.0053
0.00528
0.00525
0.00523
0.00521
0.00518
0.00516
0.00512
0.0051
0.00507
0.00505
0.00502
0.005
0.00497
0.00496
0.00493
0.00491
0.00489
0.00487
0.00487
0.00486
0.00486
0.00486
0.00484
0.00485
0.00485
0.00486
0.00486
0.00487
0.00488
0.0049
0.00491
0.00492
0.00492
0.00494
0.00495
0.00496
0.00497
0.00499
0.00499
0.00501
0.00502
0.00504
0.00504
0.00505
0.00505
0.00507
0.00508
0.00509
0.0051
0.00511
0.00513
0.00515
0.00517
0.00519
0.0052
0.00522
0.00524
0.00527
0.00529
0.00532
0.00534
0.00537
0.0054
0.00542
0.00545
0.00547
0.00549
0.00552
0.00554
0.00557
0.00558
0.0056
0.00561
0.00563
0.00563
0.00564
0.00564
0.00566
0.00565
0.00565
0.00564
0.00564
0.00563
0.00563
0.00562
0.00562
0.0056
0.00561
0.00559
0.0056
0.00559
0.00559
0.00559
0.0056
0.00561
0.00562
0.00563
0.00564
0.00567
0.00569
0.00572
0.00576
0.00578
0.00582
0.00585
0.0059
0.00594
0.00599
0.00603
0.00608
0.00613
0.00618
0.00622
0.00627
0.00632
0.00636
0.00641
0.00646
0.00649
0.00654
0.00657
0.00661
0.00663
0.00667
0.00668
0.00672
0.00673
0.00675
0.00676
0.00677
0.00678
0.00679
0.00679
0.0068
0.00679
0.00679
0.00678
0.00679
0.00677
0.00677
0.00675
0.00675
0.00674
0.00673
0.00672
0.0067
0.00669
0.00668
0.00668
0.00667
0.00665
0.00665
0.00664
0.00664
0.00662
0.00662
0.0066
0.00661
0.0066
0.00659
0.00659
0.00658
0.00657
0.00657
0.00657
0.00657
0.00655
0.00656
0.00655
0.00655
0.00654
0.00654
0.00652
0.00653
0.00652
0.00651
0.0065
0.00649
0.00648
0.00647
0.00646
0.00646
0.00644
0.00643
0.00642
0.00641
0.00639
0.00638
0.00636
0.00636
0.00634
0.00632
0.0063
0.00628
0.00627
0.00625
0.00623
0.00622
0.00619
0.00617
0.00615
0.00613
0.0061
0.00608
0.00604
0.00602
0.00599
0.00596
0.00592
0.00589
0.00585
0.00582
0.00579
0.00576
0.00571
0.00567
0.00563
0.0056
0.00555
0.00552
0.00547
0.00544
0.0054
0.00535
0.00532
0.00527
0.00524
0.00521
0.00517
0.00514
0.0051
0.00508
0.00505
0.00502
0.00499
0.00497
0.00494
0.00493
0.00491
0.00489
0.00487
0.00486
0.00485
0.00484
0.00483
0.00483
0.00481
0.00481
0.0048
0.0048
0.00479
0.00479
0.00478
0.00479
0.00479
0.00479
0.00478
0.00478
0.00478
0.00479
0.00479
0.00479
0.00478
0.00479
0.00479
0.00479
0.00479
0.00479
0.00479
0.0048
0.0048
0.0048
0.0048
0.0048
0.0048
0.00481
0.00481
0.00482
0.00481
0.00483
0.00483
0.00484
0.00484
0.00485
0.00485
0.00487
0.00487
0.00488
0.00489
0.0049
0.00491
0.00493
0.00494
0.00496
0.00497
0.00499
0.005
0.00502
0.00502
0.00504
0.00505
0.00507
0.00508
0.00509
0.0051
0.00511
0.00512
0.00513
0.00514
0.00514
0.00514
0.00515
0.00514
0.00515
0.00514
0.00514
0.00513
0.00514
0.00513
0.00512
0.00512
0.00511
0.0051
0.0051
0.0051
0.0051
0.00509
0.0051
0.0051
0.00511
0.00511
0.00512
0.00513
0.00515
0.00517
0.00518
0.0052
0.00522
0.00525
0.00528
0.00531
0.00535
0.00537
0.00541
0.00545
0.00549
0.00552
0.00556
0.00559
0.00564
0.00567
0.0057
0.00573
0.00576
0.0058
0.00583
0.00586
0.00589
0.0059
0.00593
0.00595
0.00598
0.00598
0.006
0.00601
0.00603
0.00604
0.00605
0.00605
0.00606
0.00607
0.00607
0.00608
0.00609
0.00608
0.00609
0.00609
0.0061
0.00609
0.0061
0.00609
0.0061
0.00609
0.00609
0.00608
0.00607
0.00607
0.00607
0.00605
0.00605
0.00602
0.00602
0.006
0.00598
0.00595
0.00593
0.0059
0.00588
0.00585
0.00581
0.00578
0.00574
0.0057
0.00566
0.00562
0.00558
0.00553
0.00549
0.00544
0.0054
0.00535
0.0053
0.00525
0.00522
0.00517
0.00512
0.00508
0.00504
0.005
0.00497
0.00493
0.00491
0.00486
0.00484
0.00481
0.00479
0.00476
0.00475
0.00473
0.00472
0.0047
0.00468
0.00467
0.00466
0.00465
0.00464
0.00463
0.00463
0.00461
0.00461
0.00459
0.00459
0.00457
0.00456
0.00454
0.00454
0.00452
0.0045
0.00448
0.00446
0.00444
0.00442
0.0044
0.00438
0.00435
0.00433
0.0043
0.00428
0.00424
0.00422
0.00419
0.00417
0.00414
0.00411
0.00408
0.00405
0.00403
0.00401
0.00399
0.00397
0.00394
0.00393
0.00391
0.0039
0.00388
0.00387
0.00385
0.00385
0.00383
0.00382
0.00382
0.00381
0.0038
0.0038
0.0038
0.0038
0.00378
0.00379
0.00378
0.00379
0.00378
0.00379
0.00378
0.00379
0.00378
0.00378
0.00378
0.00378
0.00379
0.00379
0.0038
0.00381
0.0038
0.00382
0.00382
0.00383
0.00383
0.00385
0.00385
0.00387
0.00388
0.0039
0.00391
0.00392
0.00394
0.00396
0.00397
0.00399
0.004
0.00402
0.00403
0.00406
0.00406
0.00408
0.00408
0.0041
0.00411
0.00411
0.00411
0.00411
0.00412
0.00412
0.00412
0.00412
0.0041
0.0041
0.00408
0.00408
0.00406
0.00405
0.00403
0.00403
0.00401
0.00399
0.00398
0.00396
0.00395
0.00394
0.00393
0.00392
0.0039
0.0039
0.00388
0.00388
0.00387
0.00387
0.00386
0.00387
0.00386
0.00386
0.00386
0.00386
0.00386
0.00386
0.00387
0.00388
0.00386
0.00388
0.00387
0.00388
0.00387
0.00388
0.00387
0.00388
0.00387
0.00387
0.00386
0.00386
0.00386
0.00386
0.00386
0.00386
0.00385
0.00386
0.00385
0.00386
0.00386
0.00386
0.00386
0.00388
0.00388
0.00388
0.00389
0.0039
0.00391
0.00393
0.00394
0.00396
0.00396
0.00398
0.00399
0.00401
0.00401
0.00403
0.00403
0.00405
0.00405
0.00406
0.00406
0.00406
0.00406
0.00407
0.00406
0.00407
0.00405
0.00405
0.00404
0.00403
0.00401
0.00401
0.00398
0.00398
0.00396
0.00394
0.00392
0.0039
0.00388
0.00387
0.00385
0.00384
0.00382
0.00381
0.00379
0.00378
0.00376
0.00375
0.00373
0.00373
0.00372
0.0037
0.00369
0.00368
0.00368
0.00367
0.00366
0.00366
0.00364
0.00364
0.00362
0.00362
0.0036
0.0036
0.00358
0.00358
0.00356
0.00354
0.00353
0.00351
0.00349
0.00348
0.00346
0.00345
0.00342
0.00341
0.00339
0.00337
0.00334
0.00333
0.00331
0.0033
0.00327
0.00326
0.00324
0.00322
0.00321
0.0032
0.00318
0.00318
0.00315
0.00315
0.00314
0.00314
0.00313
0.00313
0.00312
0.00313
0.00313
0.00313
0.00313
0.00314
0.00315
0.00316
0.00317
0.00318
0.00319
0.00321
0.00322
0.00324
0.00325
0.00328
0.00329
0.00332
0.00333
0.00335
0.00337
0.00339
0.00342
0.00344
0.00347
0.0035
0.00351
0.00354
0.00356
0.00359
0.0036
0.00363
0.00365
0.00368
0.00369
0.00371
0.00372
0.00374
0.00375
0.00377
0.00378
0.0038
0.00379
0.00381
0.0038
0.00382
0.0038
0.00381
0.00379
0.0038
0.00378
0.00377
0.00375
0.00373
0.00372
0.0037
0.00368
0.00366
0.00363
0.00361
0.00358
0.00356
0.00352
0.00351
0.00347
0.00346
0.00342
0.0034
0.00338
0.00336
0.00334
0.00333
0.00332
0.00331
0.00329
0.0033
0.00329
0.00331
0.0033
0.00331
0.00332
0.00334
0.00335
0.00337
0.00339
0.00341
0.00343
0.00346
0.00348
0.00351
0.00352
0.00355
0.00356
0.00359
0.0036
0.00362
0.00362
0.00364
0.00364
0.00364
0.00364
0.00363
0.00362
0.00362
0.0036
0.00359
0.00356
0.00355
0.00352
0.00351
0.00347
0.00345
0.00341
0.0034
0.00337
0.00334
0.00332
0.00329
0.00328
0.00326
0.00325
0.00324
0.00322
0.00323
0.00322
0.00323
0.00323
0.00324
0.00325
0.00328
0.00329
0.00331
0.00333
0.00335
0.00338
0.00341
0.00344
0.00347
0.00349
0.00352
0.00355
0.00358
0.0036
0.00362
0.00364
0.00367
0.00368
0.00369
0.0037
0.00371
0.00372
0.00373
0.00373
0.00374
0.00373
0.00374
0.00373
0.00374
0.00373
0.00373
0.00373
0.00374
0.00374
0.00374
0.00375
0.00375
0.00377
0.00379
0.00381
0.00384
0.00386
0.0039
0.00393
0.00398
0.00401
0.00406
0.00411
0.00418
0.00423
0.0043
0.00436
0.00443
0.0045
0.00458
0.00466
0.00474
0.00481
0.0049
0.00497
0.00506
0.00513
0.00521
0.00528
0.00536
0.00543
0.00549
0.00556
0.00562
0.00568
0.00574
0.00579
0.00585
0.00589
0.00593
0.00597
0.00602
0.00604
0.00608
0.0061
0.00614
0.00616
0.00618
0.0062
0.00622
0.00625
0.00627
0.00629
0.00631
0.00632
0.00635
0.00636
0.00639
0.00639
0.00642
0.00642
0.00645
0.00646
0.00648
0.00649
0.0065
0.00651
0.00652
0.00653
0.00654
0.00653
0.00654
0.00653
0.00653
0.00651
0.00651
0.00648
0.00647
0.00644
0.00642
0.00639
0.00635
0.00632
0.00628
0.00624
0.0062
0.00615
0.00611
0.00605
0.00601
0.00595
0.00591
0.00585
0.0058
0.00575
0.00569
0.00564
0.00558
0.00553
0.00548
0.00543
0.00539
0.00533
0.00529
0.00523
0.00519
0.00514
0.0051
0.00504
0.00501
0.00496
0.00492
0.00487
0.00483
0.00479
0.00475
0.00471
0.00467
0.00462
0.0046
0.00455
0.00452
0.00448
0.00445
0.00442
0.0044
0.00437
0.00434
0.00431
0.00429
0.00427
0.00426
0.00424
0.00423
0.00421
0.00421
0.00419
0.00419
0.00418
0.00419
0.00418
0.00419
0.00419
0.00419
0.0042
0.0042
0.00422
0.00423
0.00424
0.00426
0.00426
0.00429
0.0043
0.00432
0.00434
0.00436
0.00437
0.0044
0.00442
0.00444
0.00447
0.00448
0.00451
0.00454
0.00457
0.00459
0.00461
0.00464
0.00466
0.00469
0.00471
0.00473
0.00475
0.00478
0.00479
0.00481
0.00482
0.00483
0.00485
0.00486
0.00487
0.00488
0.00487
0.00488
0.00488
0.00488
0.00487
0.00487
0.00486
0.00486
0.00484
0.00483
0.00481
0.00479
0.00478
0.00477
0.00475
0.00474
0.00471
0.0047
0.00468
0.00467
0.00464
0.00463
0.0046
0.0046
0.00457
0.00456
0.00453
0.00452
0.0045
0.00448
0.00447
0.00446
0.00443
0.00442
0.00439
0.00438
0.00435
0.00434
0.00431
0.0043
0.00427
0.00425
0.00422
0.00419
0.00417
0.00414
0.00411
0.00408
0.00404
0.00402
0.00398
0.00395
0.0039
0.00387
0.00382
0.0038
0.00375
0.00371
0.00366
0.00362
0.00358
0.00354
0.0035
0.00346
0.00341
0.00337
0.00333
0.0033
0.00325
0.00322
0.00318
0.00316
0.00313
0.0031
0.00307
0.00305
0.00303
0.00302
0.003
0.003
0.00298
0.00298
0.00298
0.00298
0.00298
0.00299
0.00299
0.00301
0.00302
0.00303
0.00304
0.00305
0.00307
0.00309
0.0031
0.00312
0.00313
0.00315
0.00316
0.00318
0.00318
0.00319
0.0032
0.00321
0.00321
0.00322
0.00322
0.00322
0.00323
0.00324
0.00324
0.00325
0.00324
0.00326
0.00326
0.00328
0.00328
0.00329
0.0033
0.00333
0.00333
0.00335
0.00336
0.00338
0.0034
0.00342
0.00345
0.00347
0.00348
0.00351
0.00352
0.00355
0.00356
0.00358
0.00359
0.0036
0.00361
0.00361
0.00361
0.00361
0.0036
0.0036
0.00359
0.00358
0.00356
0.00355
0.00352
0.00351
0.00348
0.00346
0.00343
0.00342
0.00339
0.00337
0.00334
0.00332
0.00331
0.00329
0.00328
0.00328
0.00326
0.00327
0.00326
0.00328
0.00327
0.00329
0.00329
0.00332
0.00333
0.00335
0.00337
0.00339
0.00342
0.00344
0.00347
0.0035
0.00351
0.00355
0.00357
0.0036
0.00361
0.00364
0.00364
0.00367
0.00368
0.00369
0.0037
0.00371
0.00372
0.00373
0.00373
0.00375
0.00374
0.00375
0.00375
0.00377
0.00376
0.00378
0.00378
0.0038
0.00381
0.00382
0.00384
0.00386
0.00389
0.00392
0.00395
0.00399
0.00403
0.00408
0.00413
0.00419
0.00424
0.00431
0.00437
0.00445
0.00452
0.0046
0.00468
0.00476
0.00484
0.00494
0.00502
0.00512
0.0052
0.0053
0.00539
0.00549
0.00557
0.00566
0.00574
0.00584
0.00592
0.00599
0.00607
0.00614
0.00621
0.00628
0.00634
0.0064
0.00645
0.00651
0.00654
0.0066
0.00663
0.00667
0.00669
0.00673
0.00675
0.00677
0.00679
0.00681
0.00683
0.00685
0.00686
0.00688
0.00688
0.0069
0.0069
0.00691
0.00692
0.00693
0.00693
0.00695
0.00694
0.00695
0.00695
0.00695
0.00695
0.00695
0.00694
0.00694
0.00692
0.00691
0.0069
0.00688
0.00686
0.00684
0.0068
0.00678
0.00675
0.00671
0.00667
0.00663
0.00659
0.00655
0.0065
0.00646
0.0064
0.00636
0.00631
0.00627
0.00621
0.00617
0.00611
0.00608
0.00603
0.00599
0.00595
0.00591
0.00588
0.00585
0.00582
0.00579
0.00576
0.00574
0.00571
0.0057
0.00567
0.00566
0.00563
0.00563
0.00561
0.00559
0.00558
0.00556
0.00555
0.00554
0.00553
0.00552
0.0055
0.0055
0.00549
0.00549
