1.11672293657045E+03

0.00275
0.00275
0.00276
0.00276
0.00279
0.00279
0.00281
0.00283
0.00285
0.00289
0.00292
0.00296
0.003
0.00304
0.0031
0.00315
0.00321
0.00327
0.00334
0.00341
0.00349
0.00356
0.00364
0.00371
0.00379
0.00387
0.00395
0.00403
0.00411
0.00417
0.00426
0.00432
0.00439
0.00444
0.0045
0.00454
0.00459
0.00463
0.00466
0.00468
0.0047
0.00472
0.00474
0.00474
0.00475
0.00474
0.00474
0.00473
0.00473
0.00471
0.0047
0.00467
0.00466
0.00463
0.00461
0.00458
0.00455
0.00453
0.00451
0.00448
0.00446
0.00443
0.00441
0.00437
0.00435
0.00432
0.00429
0.00426
0.00424
0.0042
0.00417
0.00413
0.00409
0.00406
0.00403
0.00399
0.00396
0.00391
0.00388
0.00384
0.00381
0.00377
0.00373
0.00369
0.00367
0.00363
0.0036
0.00356
0.00353
0.00351
0.00349
0.00347
0.00346
0.00343
0.00343
0.00342
0.00342
0.00341
0.00341
0.0034
0.00342
0.00342
0.00342
0.00343
0.00343
0.00344
0.00346
0.00346
0.00348
0.00347
0.00349
0.00349
0.0035
0.0035
0.00351
0.00349
0.0035
0.00349
0.00349
0.00347
0.00346
0.00345
0.00344
0.00343
0.00342
0.00339
0.00339
0.00337
0.00336
0.00334
0.00333
0.00331
0.00331
0.0033
0.00329
0.00329
0.00328
0.00329
0.00329
0.0033
0.00331
0.00331
0.00334
0.00334
0.00337
0.00338
0.00341
0.00342
0.00345
0.00347
0.00349
0.00351
0.00353
0.00356
0.00358
0.0036
0.00363
0.00364
0.00366
0.00367
0.00369
0.0037
0.00372
0.00372
0.00373
0.00373
0.00374
0.00374
0.00374
0.00374
0.00374
0.00374
0.00375
0.00373
0.00374
0.00374
0.00375
0.00374
0.00374
0.00373
0.00375
0.00375
0.00375
0.00375
0.00375
0.00376
0.00377
0.00378
0.00379
0.00378
0.0038
0.0038
0.00382
0.00382
0.00383
0.00383
0.00385
0.00385
0.00386
0.00386
0.00387
0.00388
0.00388
0.00389
0.0039
0.0039
0.00391
0.00391
0.00392
0.00391
0.00393
0.00392
0.00393
0.00393
0.00393
0.00393
0.00392
0.00392
0.00392
0.00391
0.00391
0.00389
0.00389
0.00387
0.00386
0.00383
0.00382
0.00378
0.00377
0.00373
0.0037
0.00366
0.00362
0.00358
0.00354
0.00349
0.00346
0.0034
0.00336
0.00331
0.00327
0.00321
0.00318
0.00313
0.0031
0.00306
0.00302
0.00299
0.00296
0.00294
0.00293
0.00292
0.00292
0.0029
0.00291
0.00291
0.00293
0.00293
0.00296
0.00297
0.00301
0.00303
0.00307
0.0031
0.00313
0.00316
0.00321
0.00324
0.00329
0.00331
0.00336
0.0034
0.00344
0.00347
0.00352
0.00355
0.0036
0.00364
0.00368
0.00372
0.00376
0.0038
0.00385
0.0039
0.00396
0.00401
0.00408
0.00413
0.00421
0.00427
0.00435
0.00442
0.00451
0.00459
0.00468
0.00476
0.00486
0.00496
0.00505
0.00515
0.00526
0.00535
0.00545
0.00554
0.00565
0.00573
0.00582
0.0059
0.00599
0.00606
0.00613
0.00619
0.00625
0.0063
0.00635
0.00639
0.00643
0.00644
0.00647
0.00648
0.0065
0.00649
0.0065
0.00649
0.00649
0.00647
0.00645
0.00643
0.00641
0.00639
0.00636
0.00634
0.00632
0.00628
0.00626
0.00622
0.0062
0.00616
0.00614
0.0061
0.00608
0.00604
0.00601
0.00597
0.00593
0.0059
0.00586
0.00582
0.00579
0.00574
0.0057
0.00565
0.00561
0.00556
0.00551
0.00546
0.00542
0.00536
0.00531
0.00526
0.0052
0.00515
0.00511
0.00506
0.00502
0.00496
0.00493
0.00488
0.00485
0.00481
0.00478
0.00474
0.00472
0.00469
0.00466
0.00464
0.00461
0.0046
0.00458
0.00457
0.00455
0.00453
0.00452
0.0045
0.00449
0.00447
0.00445
0.00443
0.00442
0.00439
0.00437
0.00435
0.00432
0.0043
0.00427
0.00425
0.00422
0.00419
0.00417
0.00414
0.00412
0.00408
0.00407
0.00404
0.00403
0.004
0.00399
0.00397
0.00396
0.00395
0.00395
0.00395
0.00396
0.00395
0.00396
0.00397
0.00399
0.00399
0.00401
0.00402
0.00405
0.00406
0.00408
0.00409
0.0041
0.00412
0.00414
0.00415
0.00417
0.00417
0.00418
0.00418
0.00419
0.00419
0.00419
0.00419
0.00419
0.00419
0.00418
0.00417
0.00416
0.00416
0.00416
0.00415
0.00416
0.00414
0.00415
0.00414
0.00415
0.00414
0.00416
0.00416
0.00418
0.00418
0.0042
0.00421
0.00423
0.00425
0.00427
0.0043
0.00433
0.00434
0.00437
0.0044
0.00443
0.00445
0.00448
0.0045
0.00453
0.00455
0.00458
0.0046
0.00461
0.00464
0.00466
0.00468
0.0047
0.0047
0.00472
0.00473
0.00475
0.00475
0.00476
0.00476
0.00478
0.00478
0.00478
0.00479
0.00479
0.00479
0.0048
0.0048
0.00481
0.00479
0.0048
0.0048
0.00481
0.00479
0.0048
0.00479
0.0048
0.00479
0.00479
0.00478
0.00478
0.00478
0.00478
0.00477
0.00478
0.00476
0.00477
0.00476
0.00476
0.00476
0.00476
0.00476
0.00477
0.00477
0.00477
0.00478
0.00478
0.00479
0.0048
0.00481
0.00483
0.00483
0.00486
0.00487
0.00489
0.0049
0.00492
0.00493
0.00496
0.00497
0.00499
0.005
0.00501
0.00502
0.00504
0.00505
0.00506
0.00505
0.00506
0.00505
0.00506
0.00504
0.00504
0.00502
0.00502
0.00499
0.00497
0.00494
0.00492
0.00489
0.00486
0.00483
0.0048
0.00476
0.00473
0.00468
0.00465
0.0046
0.00457
0.00453
0.0045
0.00445
0.00442
0.00439
0.00435
0.00432
0.00429
0.00427
0.00425
0.00422
0.00421
0.00419
0.00418
0.00417
0.00416
0.00415
0.00416
0.00416
0.00416
0.00416
0.00417
0.00418
0.0042
0.00421
0.00423
0.00423
0.00426
0.00427
0.00429
0.0043
0.00433
0.00434
0.00436
0.00437
0.00439
0.0044
0.00442
0.00443
0.00445
0.00446
0.00448
0.00448
0.0045
0.0045
0.00452
0.00452
0.00454
0.00454
0.00456
0.00456
0.00457
0.00458
0.00458
0.0046
0.00461
0.00462
0.00464
0.00464
0.00466
0.00467
0.0047
0.0047
0.00472
0.00473
0.00476
0.00477
0.00479
0.0048
0.00482
0.00484
0.00486
0.00488
0.0049
0.00491
0.00493
0.00494
0.00496
0.00497
0.00499
0.00499
0.00501
0.00502
0.00502
0.00503
0.00503
0.00504
0.00504
0.00504
0.00505
0.00504
0.00504
0.00503
0.00503
0.00502
0.00501
0.00499
0.00499
0.00497
0.00496
0.00494
0.00492
0.00491
0.00489
0.00487
0.00486
0.00483
0.00481
0.00479
0.00478
0.00474
0.00473
0.0047
0.00469
0.00467
0.00465
0.00463
0.00461
0.00459
0.00458
0.00457
0.00455
0.00453
0.00453
0.00452
0.00451
0.0045
0.0045
0.00448
0.00448
0.00448
0.00447
0.00447
0.00446
0.00447
0.00447
0.00447
0.00447
0.00446
0.00447
0.00446
0.00447
0.00446
0.00446
0.00445
0.00446
0.00445
0.00445
0.00444
0.00443
0.00443
0.00443
0.00442
0.00442
0.0044
0.0044
0.00439
0.00438
0.00436
0.00436
0.00434
0.00434
0.00432
0.0043
0.00429
0.00427
0.00426
0.00425
0.00423
0.00422
0.00419
0.00418
0.00416
0.00415
0.00413
0.00411
0.00409
0.00408
0.00406
0.00404
0.00402
0.004
0.00398
0.00397
0.00396
0.00395
0.00392
0.00392
0.0039
0.0039
0.00389
0.00388
0.00387
0.00388
0.00387
0.00388
0.00388
0.00388
0.00389
0.0039
0.00391
0.00393
0.00393
0.00396
0.00397
0.004
0.00401
0.00404
0.00406
0.0041
0.00412
0.00415
0.00418
0.00421
0.00424
0.00428
0.00431
0.00435
0.00438
0.00442
0.00445
0.00449
0.00452
0.00456
0.00458
0.00462
0.00465
0.00468
0.00471
0.00473
0.00476
0.00479
0.00481
0.00484
0.00486
0.00489
0.0049
0.00492
0.00494
0.00496
0.00497
0.00499
0.00501
0.00502
0.00504
0.00505
0.00507
0.00509
0.00512
0.00514
0.00516
0.00519
0.00522
0.00526
0.00528
0.00533
0.00536
0.00542
0.00547
0.00552
0.00558
0.00564
0.00571
0.00578
0.00586
0.00594
0.00602
0.00611
0.0062
0.0063
0.00639
0.0065
0.0066
0.00672
0.00682
0.00693
0.00704
0.00716
0.00728
0.0074
0.00752
0.00764
0.00775
0.00788
0.00799
0.00812
0.00823
0.00835
0.00846
0.00859
0.0087
0.00881
0.00893
0.00904
0.00916
0.00928
0.00939
0.00951
0.00961
0.00973
0.00985
0.00997
0.01008
0.01021
0.01032
0.01045
0.01057
0.0107
0.01082
0.01095
0.01108
0.01122
0.01135
0.01149
0.01162
0.01177
0.0119
0.01205
0.01219
0.01234
0.01248
0.01264
0.01278
0.01293
0.01307
0.01322
0.01337
0.01352
0.01366
0.01381
0.01395
0.0141
0.01424
0.01439
0.01453
0.01467
0.01481
0.01496
0.01509
0.01523
0.01537
0.01551
0.01565
0.0158
0.01594
0.01609
0.01622
0.01638
0.01652
0.01668
0.01683
0.01698
0.01713
0.0173
0.01746
0.01762
0.01778
0.01795
0.01812
0.01829
0.01846
0.01864
0.01881
0.01899
0.01916
0.01934
0.0195
0.01968
0.01985
0.02003
0.02019
0.02036
0.02052
0.02067
0.02084
0.02099
0.02114
0.02129
0.02142
0.02157
0.0217
0.02184
0.02196
0.02209
0.0222
0.02232
0.02242
0.02253
0.02263
0.02272
0.02282
0.02291
0.02299
0.02307
0.02314
0.02322
0.02328
0.02335
0.02341
0.02347
0.02351
0.02357
0.02361
0.02365
0.02369
0.02371
0.02374
0.02377
0.02379
0.02381
0.02382
0.02384
0.02384
0.02384
0.02384
0.02384
0.02383
0.02383
0.02381
0.0238
0.02378
0.02376
0.02374
0.02372
0.0237
0.02368
0.02364
0.02363
0.02359
0.02357
0.02353
0.02351
0.02347
0.02344
0.0234
0.02337
0.02333
0.02328
0.02325
0.0232
0.02316
0.02312
0.02306
0.02301
0.02295
0.0229
0.02284
0.02278
0.02271
0.02265
0.02257
0.0225
0.02242
0.02234
0.02226
0.02217
0.02209
0.02201
0.02191
0.02183
0.02173
0.02165
0.02155
0.02147
0.02137
0.02129
0.02119
0.0211
0.02101
0.02092
0.02084
0.02076
0.02067
0.02059
0.0205
0.02043
0.02035
0.02027
0.02018
0.02011
0.02003
0.01996
0.01988
0.01979
0.01971
0.01963
0.01955
0.01947
0.01939
0.0193
0.01921
0.01913
0.01903
0.01895
0.01885
0.01876
0.01866
0.01857
0.01847
0.01838
0.01828
0.01818
0.01809
0.018
0.0179
0.01781
0.01771
0.01763
0.01754
0.01746
0.01737
0.01729
0.0172
0.01714
0.01706
0.01699
0.01691
0.01684
0.01678
0.01671
0.01665
0.01659
0.01652
0.01647
0.0164
0.01635
0.01629
0.01623
0.01617
0.01612
0.01606
0.01599
0.01593
0.01587
0.01582
0.01576
0.0157
0.01564
0.01557
0.01552
0.01546
0.01541
0.01534
0.01529
0.01523
0.01518
0.01512
0.01507
0.01502
0.01497
0.01492
0.01488
0.01484
0.0148
0.01476
0.01473
0.01469
0.01467
0.01463
0.01461
0.01457
0.01456
0.01453
0.01451
0.01448
0.01446
0.01444
0.01442
0.0144
0.01439
0.01436
0.01435
0.01433
0.01432
0.01429
0.01427
0.01425
0.01423
0.01421
0.01419
0.01417
0.01414
0.01412
0.0141
0.01408
0.01406
0.01403
0.01401
0.01398
0.01396
0.01392
0.0139
0.01386
0.01384
0.0138
0.01377
0.01373
0.01369
0.01365
0.01361
0.01358
0.01353
0.01348
0.01344
0.01339
0.01334
0.01329
0.01324
0.01317
0.01313
0.01307
0.01301
0.01295
0.01289
0.01283
0.01278
0.01272
0.01267
0.0126
0.01255
0.01249
0.01244
0.01238
0.01233
0.01227
0.01222
0.01217
0.01212
0.01207
0.01202
0.01197
0.01193
0.01189
0.01185
0.01179
0.01176
0.01171
0.01168
0.01163
0.01159
0.01154
0.01151
0.01146
0.01142
0.01138
0.01133
0.01128
0.01124
0.0112
0.01115
0.0111
0.01105
0.011
0.01096
0.0109
0.01085
0.01079
0.01074
0.01067
0.01061
0.01055
0.01048
0.01042
0.01035
0.01027
0.01021
0.01012
0.01004
0.00996
0.00988
0.00978
0.00969
0.00959
0.0095
0.00939
0.00929
0.00918
0.00907
0.00896
0.00885
0.00873
0.00862
0.00849
0.00839
0.00827
0.00815
0.00803
0.00792
0.00781
0.00771
0.00759
0.00749
0.00739
0.00729
0.0072
0.00711
0.00703
0.00696
0.00687
0.00681
0.00674
0.00669
0.00663
0.00659
0.00654
0.00651
0.00647
0.00644
0.00641
0.00638
0.00636
0.00634
0.00633
0.00632
0.0063
0.00629
0.00628
0.00628
0.00626
0.00626
0.00624
0.00625
0.00624
0.00623
0.00622
0.00621
0.0062
0.00619
0.00618
0.00618
0.00616
0.00616
0.00615
0.00615
0.00613
0.00613
0.00611
0.00612
0.00611
0.00611
0.00611
0.00611
0.00612
0.00613
0.00614
0.00615
0.00615
0.00618
0.00618
0.00621
0.00622
0.00624
0.00625
0.00628
0.00629
0.00631
0.00632
0.00633
0.00635
0.00636
0.00637
0.00639
0.00638
0.00639
0.00639
0.0064
0.00638
0.00638
0.00636
0.00636
0.00634
0.00633
0.00631
0.00628
0.00626
0.00624
0.00623
0.00621
0.00618
0.00616
0.00614
0.00613
0.00611
0.0061
0.00608
0.00609
0.00608
0.00608
0.00608
0.00608
0.0061
0.00611
0.00613
0.00615
0.00616
0.00619
0.00621
0.00624
0.00626
0.00629
0.00631
0.00634
0.00636
0.00638
0.0064
0.00641
0.00642
0.00644
0.00644
0.00644
0.00643
0.00643
0.00641
0.0064
0.00637
0.00635
0.00632
0.00629
0.00626
0.00622
0.00618
0.00614
0.0061
0.00606
0.00602
0.00598
0.00593
0.00591
0.00587
0.00584
0.0058
0.00577
0.00574
0.00572
0.00569
0.00567
0.00565
0.00563
0.00562
0.00561
0.0056
0.00559
0.00557
0.00556
0.00554
0.00554
0.00552
0.00551
0.00548
0.00548
0.00545
0.00543
0.0054
0.00537
0.00535
0.00532
0.00529
0.00526
0.00522
0.00519
0.00515
0.00512
0.00507
0.00504
0.005
0.00497
0.00493
0.00489
0.00486
0.00482
0.00479
0.00476
0.00473
0.0047
0.00466
0.00464
0.0046
0.00458
0.00454
0.00452
0.00448
0.00446
0.00442
0.00439
0.00435
0.00432
0.00429
0.00425
0.00421
0.00418
0.00413
0.00409
0.00405
0.00401
0.00396
0.00393
0.00388
0.00385
0.0038
0.00376
0.00371
0.00367
0.00364
0.0036
0.00357
0.00354
0.00351
0.00349
0.00346
0.00344
0.00341
0.00339
0.00337
0.00336
0.00334
0.00333
0.00332
0.00331
0.0033
0.00329
0.00328
0.00328
0.00326
0.00326
0.00325
0.00326
0.00324
0.00324
0.00323
0.00324
0.00323
0.00323
0.00323
0.00323
0.00323
0.00324
0.00324
0.00326
0.00326
0.00328
0.00329
0.00333
0.00334
0.00337
0.00339
0.00344
0.00347
0.00351
0.00355
0.00359
0.00365
0.0037
0.00375
0.00382
0.00386
0.00393
0.00399
0.00406
0.00412
0.00419
0.00426
0.00433
0.0044
0.00447
0.00453
0.0046
0.00467
0.00474
0.00481
0.00488
0.00494
0.00502
0.00508
0.00515
0.00521
0.00528
0.00533
0.0054
0.00546
0.00552
0.00558
0.00563
0.00569
0.00574
0.00579
0.00585
0.00589
0.00594
0.00598
0.00603
0.00606
0.0061
0.00613
0.00617
0.0062
0.00623
0.00625
0.00627
0.0063
0.00633
0.00634
0.00637
0.00638
0.00641
0.00642
0.00645
0.00647
0.00649
0.00651
0.00654
0.00657
0.0066
0.00662
0.00665
0.00669
0.00673
0.00677
0.00682
0.00685
0.0069
0.00694
0.00699
0.00704
0.00709
0.00713
0.00718
0.00722
0.00726
0.0073
0.00734
0.00737
0.00741
0.00743
0.00746
0.00747
0.00749
0.00749
0.0075
0.00749
0.00749
0.00747
0.00747
0.00744
0.00742
0.00739
0.00735
0.00732
0.00729
0.00725
0.00722
0.00717
0.00714
0.00709
0.00706
0.00702
0.00699
0.00695
0.00693
0.0069
0.00688
0.00686
0.00684
0.00683
0.00682
0.00682
0.00682
0.0068
0.00681
0.0068
0.00681
0.0068
0.0068
0.00679
0.0068
0.00678
0.00677
0.00675
0.00673
0.0067
0.00667
0.00663
0.00659
0.00653
0.00648
0.00641
0.00634
0.00625
0.00617
0.00607
0.00597
0.00586
0.00575
0.00564
0.00551
0.0054
0.00527
0.00515
0.00503
0.00489
0.00478
0.00466
0.00455
0.00442
0.00432
0.00421
0.00413
0.00403
0.00395
0.00387
0.0038
0.00374
0.00369
0.00365
0.00362
0.00358
0.00357
0.00355
0.00355
0.00354
0.00355
0.00355
0.00358
0.00359
0.00361
0.00363
0.00365
0.00367
0.0037
0.00372
0.00374
0.00375
0.00377
0.00378
0.00379
0.00379
0.0038
0.00378
0.00378
0.00377
0.00375
0.00373
0.0037
0.00367
0.00365
0.00361
0.00358
0.00353
0.0035
0.00346
0.00342
0.00338
0.00334
0.0033
0.00328
0.00324
0.00321
0.00318
0.00315
0.00313
0.00312
0.00311
0.00311
0.00309
0.0031
0.0031
0.00311
0.00311
0.00313
0.00315
0.00318
0.0032
0.00322
0.00325
0.00328
0.00331
0.00335
0.00338
0.00342
0.00345
0.0035
0.00353
0.00357
0.00361
0.00365
0.00368
0.00373
0.00377
0.00381
0.00385
0.00388
0.00393
0.00397
0.00401
0.00406
0.00409
0.00414
0.00418
0.00424
0.00427
0.00432
0.00437
0.00442
0.00447
0.00452
0.00456
0.00461
0.00466
0.00471
0.00476
0.00482
0.00485
0.00491
0.00495
0.005
0.00504
0.00509
0.00512
0.00517
0.0052
0.00524
0.00527
0.0053
0.00533
0.00536
0.00539
0.00542
0.00544
0.00547
0.00548
0.00551
0.00552
0.00554
0.00555
0.00558
0.00559
0.0056
0.00561
0.00562
0.00564
0.00565
0.00566
0.00567
0.00567
0.00569
0.00569
0.00571
0.00571
0.00572
0.00572
0.00574
0.00574
0.00575
0.00575
0.00575
0.00576
0.00577
0.00577
0.00578
0.00577
0.00579
0.00578
0.00579
0.00579
0.0058
0.00579
0.0058
0.0058
0.0058
0.0058
0.0058
0.0058
0.0058
0.0058
0.0058
0.00579
0.00579
0.00578
0.00578
0.00576
0.00576
0.00573
0.00572
0.00569
0.00567
0.00564
0.0056
0.00557
0.00553
0.00549
0.00545
0.00538
0.00534
0.00528
0.00523
0.00515
0.0051
0.00502
0.00497
0.00489
0.00483
0.00476
0.00469
0.00463
0.00457
0.00451
0.00445
0.00439
0.00435
0.00429
0.00426
0.00421
0.00419
0.00415
0.00413
0.00411
0.00409
0.00408
0.00407
0.00407
0.00408
0.00408
0.00409
0.00409
0.0041
0.00411
0.00413
0.00413
0.00414
0.00414
0.00416
0.00416
0.00416
0.00416
0.00415
0.00415
0.00414
0.00412
0.00411
0.00408
0.00406
0.00402
0.00399
0.00395
0.00392
0.00387
0.00384
0.00378
0.00374
0.00369
0.00364
0.0036
0.00355
0.00351
0.00347
0.00341
0.00338
0.00334
0.00331
0.00327
0.00324
0.00321
0.00319
0.00316
0.00315
0.00313
0.00311
0.0031
0.00309
0.00308
0.00308
0.00306
0.00306
0.00305
0.00306
0.00305
0.00305
0.00304
0.00305
0.00303
0.00303
0.00303
0.00302
0.00302
0.00302
0.00302
0.00302
0.00301
0.00302
0.00301
0.00302
0.00302
0.00303
0.00303
0.00305
0.00306
0.00308
0.0031
0.00311
0.00315
0.00318
0.00321
0.00326
0.00329
0.00335
0.00339
0.00346
0.00351
0.00357
0.00362
0.0037
0.00376
0.00383
0.0039
0.00396
0.00404
0.00411
0.00418
0.00426
0.00431
0.00439
0.00445
0.00452
0.00457
0.00463
0.00468
0.00474
0.00479
0.00483
0.00487
0.00491
0.00495
0.00499
0.00502
0.00505
0.00507
0.00511
0.00513
0.00516
0.00517
0.0052
0.0052
0.00523
0.00525
0.00526
0.00527
0.00528
0.0053
0.00532
0.00533
0.00535
0.00535
0.00536
0.00537
0.00538
0.00538
0.0054
0.00539
0.00541
0.0054
0.0054
0.0054
0.0054
0.00539
0.00539
0.00538
0.00538
0.00535
0.00535
0.00533
0.00532
0.0053
0.00528
0.00526
0.00525
0.00522
0.0052
0.00518
0.00516
0.00514
0.00512
0.0051
0.00508
0.00505
0.00504
0.00501
0.005
0.00497
0.00496
0.00493
0.00492
0.00489
0.00487
0.00485
0.00483
0.00481
0.00479
0.00476
0.00474
0.00471
0.00469
0.00466
0.00464
0.00461
0.00458
0.00455
0.00453
0.0045
0.00447
0.00444
0.00441
0.00439
0.00436
0.00434
0.00432
0.00429
0.00428
0.00426
0.00425
0.00423
0.00422
0.00421
0.00421
0.00421
0.00421
0.0042
0.0042
0.00421
0.00422
0.00422
0.00424
0.00424
0.00425
0.00426
0.00427
0.00427
0.00429
0.00428
0.0043
0.00429
0.00429
0.00429
0.00429
0.00428
0.00427
0.00427
0.00426
0.00424
0.00422
0.00421
0.00419
0.00416
0.00415
0.00412
0.00411
0.00408
0.00406
0.00404
0.00402
0.00401
0.00399
0.00398
0.00398
0.00396
0.00397
0.00396
0.00397
0.00397
0.00398
0.00399
0.00401
0.00402
0.00404
0.00406
0.00408
0.00411
0.00414
0.00417
0.0042
0.00422
0.00425
0.00427
0.00431
0.00432
0.00435
0.00436
0.00439
0.0044
0.00441
0.00442
0.00442
0.00442
0.00443
0.00442
0.00442
0.0044
0.0044
0.00438
0.00437
0.00435
0.00433
0.0043
0.00429
0.00427
0.00424
0.00422
0.0042
0.00418
0.00416
0.00415
0.00414
0.00411
0.00411
0.00409
0.00409
0.00408
0.00408
0.00407
0.00408
0.00408
0.00408
0.00409
0.00409
0.0041
0.00411
0.00412
0.00414
0.00414
0.00415
0.00416
0.00417
0.00417
0.00419
0.00418
0.0042
0.0042
0.0042
0.0042
0.00419
0.00419
0.00419
0.00419
0.00419
0.00417
0.00417
0.00416
0.00416
0.00415
0.00414
0.00413
0.00413
0.00412
0.00411
0.00411
0.0041
0.0041
0.0041
0.0041
0.00411
0.0041
0.00411
0.00411
0.00413
0.00413
0.00415
0.00416
0.00418
0.0042
0.00422
0.00424
0.00426
0.00429
0.00432
0.00435
0.00439
0.00442
0.00446
0.00449
0.00454
0.00458
0.00463
0.00466
0.00472
0.00476
0.00481
0.00486
0.00491
0.00497
0.00502
0.00508
0.00514
0.00518
0.00525
0.0053
0.00536
0.0054
0.00546
0.00551
0.00557
0.00561
0.00566
0.00571
0.00575
0.0058
0.00584
0.00588
0.00592
0.00595
0.00599
0.00602
0.00605
0.00607
0.0061
0.00612
0.00615
0.00616
0.00618
0.0062
0.00621
0.00623
0.00625
0.00626
0.00628
0.00628
0.00631
0.00631
0.00633
0.00634
0.00636
0.00637
0.00639
0.0064
0.00642
0.00643
0.00645
0.00647
0.00649
0.00651
0.00653
0.00654
0.00656
0.00657
0.0066
0.0066
0.00663
0.00663
0.00666
0.00667
0.00668
0.00668
0.00669
0.0067
0.00671
0.00671
0.00672
0.00671
0.00672
0.00671
0.00672
0.00671
0.00671
0.0067
0.0067
0.00669
0.00668
0.00667
0.00666
0.00665
0.00664
0.00664
0.00663
0.00661
0.0066
0.00659
0.00659
0.00657
0.00656
0.00654
0.00654
0.00652
0.00651
0.00649
0.00647
0.00646
0.00645
0.00643
0.00642
0.00639
0.00637
0.00635
0.00634
0.00631
0.00629
0.00626
0.00625
0.00623
0.00621
0.00618
0.00616
0.00615
0.00613
0.00611
0.0061
0.00608
0.00608
0.00606
0.00606
0.00605
0.00605
0.00605
0.00606
0.00606
0.00606
0.00607
0.00607
0.00608
0.0061
0.00611
0.00613
0.00613
0.00615
0.00615
0.00617
0.00617
0.00618
0.00617
0.00618
0.00618
0.00617
0.00616
0.00614
0.00613
0.00611
0.00609
0.00607
0.00603
0.006
0.00596
0.00593
0.00588
0.00584
0.00579
0.00575
0.0057
0.00566
0.00561
0.00556
0.00551
0.00547
0.00543
0.0054
0.00535
0.00532
0.00528
0.00526
0.00522
0.0052
0.00518
0.00517
0.00515
0.00514
0.00512
0.00512
0.00512
0.00512
0.00512
0.00513
0.00512
0.00514
0.00514
0.00516
0.00517
0.00518
0.00519
0.00522
0.00523
0.00525
0.00527
0.00528
0.00531
0.00533
0.00535
0.00538
0.0054
0.00543
0.00545
0.00549
0.00551
0.00554
0.00556
0.0056
0.00562
0.00566
0.00568
0.00571
0.00574
0.00578
0.0058
0.00584
0.00585
0.00589
0.00591
0.00594
0.00596
0.00598
0.006
0.00602
0.00603
0.00605
0.00606
0.00607
0.00608
0.0061
0.0061
0.00611
0.00611
0.00613
0.00613
0.00614
0.00613
0.00615
0.00614
0.00616
0.00616
0.00617
0.00617
0.00618
0.00619
0.0062
0.00621
0.00623
0.00623
0.00625
0.00626
0.00628
0.00628
0.0063
0.0063
0.00633
0.00633
0.00634
0.00634
0.00634
0.00635
0.00636
0.00636
0.00636
0.00635
0.00635
0.00634
0.00634
0.00632
0.00632
0.00629
0.00629
0.00627
0.00626
0.00624
0.00622
0.0062
0.00619
0.00618
0.00616
0.00614
0.00614
0.00612
0.00611
0.0061
0.0061
0.00608
0.00609
0.00608
0.00608
0.00608
0.00607
0.00608
0.00608
0.00608
0.00609
0.00608
0.0061
0.0061
0.00611
0.0061
0.00611
0.0061
0.00611
0.0061
0.0061
0.00609
0.00608
0.00607
0.00607
0.00605
0.00604
0.00602
0.00601
0.00598
0.00597
0.00595
0.00593
0.0059
0.00589
0.00586
0.00584
0.00581
0.00579
0.00576
0.00574
0.00572
0.0057
0.00567
0.00565
0.00562
0.00561
0.00558
0.00556
0.00553
0.00552
0.00549
0.00547
0.00545
0.00543
0.00541
0.00539
0.00536
0.00535
0.00532
0.0053
0.00528
0.00526
0.00523
0.00522
0.00519
0.00518
0.00516
0.00514
0.00512
0.0051
0.00509
0.00508
0.00507
0.00507
0.00505
0.00506
0.00505
0.00506
0.00505
0.00507
0.00506
0.00508
0.00509
0.0051
0.00512
0.00513
0.00515
0.00517
0.00519
0.00522
0.00523
0.00525
0.00527
0.0053
0.00532
0.00534
0.00535
0.00538
0.0054
0.00541
0.00543
0.00545
0.00547
0.00549
0.0055
0.00553
0.00553
0.00556
0.00557
0.0056
0.00561
0.00564
0.00565
0.00569
0.00571
0.00574
0.00576
0.00579
0.00583
0.00587
0.0059
0.00595
0.00598
0.00602
0.00606
0.00611
0.00615
0.00619
0.00623
0.00628
0.00631
0.00635
0.00638
0.00641
0.00644
0.00647
0.00649
0.00652
0.00652
0.00654
0.00654
0.00655
0.00654
0.00654
0.00652
0.00651
0.00649
0.00646
0.00643
0.00639
0.00636
0.00633
0.00629
0.00626
0.00621
0.00617
0.00612
0.00609
0.00604
0.006
0.00595
0.00592
0.00587
0.00584
0.00579
0.00576
0.00572
0.00569
0.00566
0.00563
0.00559
0.00556
0.00553
0.00551
0.00547
0.00544
0.0054
0.00538
0.00535
0.00531
0.00527
0.00523
0.0052
0.00517
0.00512
0.00509
0.00503
0.005
0.00495
0.00491
0.00485
0.00481
0.00475
0.00471
0.00466
0.00461
0.00457
0.00452
0.00447
0.00443
0.00439
0.00435
0.00431
0.00428
0.00424
0.00422
0.00418
0.00416
0.00413
0.00412
0.00409
0.00408
0.00406
0.00405
0.00404
0.00403
0.00403
0.00403
0.00401
0.00401
0.004
0.00401
0.00399
0.004
0.00399
0.00399
0.00398
0.00398
0.00397
0.00396
0.00395
0.00395
0.00394
0.00393
0.00391
0.0039
0.00388
0.00387
0.00385
0.00384
0.00382
0.00381
0.00378
0.00377
0.00374
0.00372
0.00371
0.00369
0.00368
0.00367
0.00364
0.00364
0.00362
0.00361
0.0036
0.00359
0.00358
0.00358
0.00357
0.00357
0.00357
0.00357
0.00357
0.00358
0.00359
0.0036
0.00359
0.00361
0.00361
0.00363
0.00363
0.00365
0.00365
0.00367
0.00367
0.00368
0.00369
0.00369
0.0037
0.00371
0.00372
0.00372
0.00371
0.00372
0.00372
0.00372
0.00371
0.00371
0.0037
0.0037
0.00369
0.00368
0.00367
0.00366
0.00365
0.00365
0.00364
0.00364
0.00362
0.00363
0.00362
0.00363
0.00362
0.00362
0.00362
0.00364
0.00364
0.00364
0.00365
0.00366
0.00368
0.0037
0.00371
0.00373
0.00374
0.00377
0.00378
0.00381
0.00383
0.00385
0.00386
0.0039
0.00391
0.00393
0.00394
0.00395
0.00397
0.00398
0.00399
0.00401
0.004
0.00401
0.00401
0.00402
0.00401
0.00401
0.004
0.00401
0.00399
0.00398
0.00397
0.00396
0.00395
0.00394
0.00393
0.00393
0.00391
0.0039
0.00389
0.00389
0.00388
0.00388
0.00386
0.00388
0.00387
0.00387
0.00387
0.00388
0.00389
0.0039
0.00391
0.00393
0.00394
0.00396
0.00398
0.004
0.00401
0.00404
0.00406
0.00409
0.00411
0.00413
0.00415
0.00417
0.0042
0.00423
0.00425
0.00428
0.00429
0.00432
0.00434
0.00437
0.00438
0.0044
0.00442
0.00445
0.00446
0.00448
0.0045
0.00451
0.00453
0.00455
0.00457
0.0046
0.0046
0.00463
0.00464
0.00466
0.00467
0.0047
0.0047
0.00473
0.00474
0.00475
0.00476
0.00477
0.00479
0.0048
0.00481
0.00482
0.00482
0.00483
0.00483
0.00484
0.00484
0.00485
0.00484
0.00485
0.00484
0.00484
0.00484
0.00483
0.00483
0.00483
0.00482
0.00482
0.00481
0.00481
0.0048
0.0048
0.00479
0.00479
0.00478
0.00478
0.00478
0.00477
0.00476
0.00475
0.00475
0.00474
0.00473
0.00473
0.0047
0.0047
0.00468
0.00466
0.00463
0.00461
0.00458
0.00457
0.00453
0.00449
0.00445
0.00441
0.00437
0.00434
0.00429
0.00425
0.00419
0.00415
0.00409
0.00405
0.00399
0.00395
0.0039
0.00386
0.00381
0.00377
0.00373
0.00369
0.00366
0.00363
0.0036
0.00359
0.00356
0.00355
0.00354
0.00354
0.00353
0.00354
0.00354
0.00356
0.00357
0.00359
0.0036
0.00362
0.00365
0.00368
0.00372
0.00376
0.00378
0.00383
0.00386
0.00391
0.00394
0.00398
0.00402
0.00407
0.0041
0.00414
0.00418
0.00422
0.00426
0.0043
0.00434
0.00438
0.0044
0.00445
0.00448
0.00452
0.00454
0.00458
0.0046
0.00465
0.00467
0.0047
0.00472
0.00475
0.00478
0.00481
0.00483
0.00486
0.00487
0.0049
0.00492
0.00495
0.00496
0.00498
0.00499
0.00502
0.00503
0.00504
0.00505
0.00507
0.00508
0.00509
0.0051
0.00511
0.0051
0.00512
0.00512
0.00512
0.00512
0.00512
0.0051
0.00511
0.0051
0.00509
0.00507
0.00506
0.00504
0.00503
0.00501
0.005
0.00497
0.00495
0.00492
0.00491
0.00487
0.00485
0.00482
0.0048
0.00477
0.00474
0.00472
0.00469
0.00467
0.00465
0.00463
0.00462
0.0046
0.00459
0.00458
0.00458
0.00456
0.00457
0.00456
0.00457
0.00457
0.00458
0.00459
0.0046
0.00462
0.00464
0.00466
0.00468
0.0047
0.00472
0.00474
0.00477
0.00478
0.0048
0.00481
0.00483
0.00484
0.00485
0.00485
0.00485
0.00486
0.00486
0.00485
0.00484
0.00482
0.00481
0.00478
0.00476
0.00473
0.0047
0.00466
0.00464
0.0046
0.00456
0.00451
0.00447
0.00443
0.00439
0.00435
0.00432
0.00426
0.00423
0.00419
0.00416
0.00412
0.00409
0.00405
0.00403
0.004
0.00398
0.00395
0.00393
0.00391
0.00389
0.00388
0.00387
0.00385
0.00384
0.00382
0.00382
0.0038
0.0038
0.00378
0.00379
0.00378
0.00377
0.00376
0.00375
0.00375
0.00375
0.00374
0.00374
0.00373
0.00373
0.00372
0.00372
0.00372
0.00372
0.00371
0.00372
0.00371
0.00371
0.00371
0.00371
0.00371
0.00372
0.00372
0.00373
0.00373
0.00374
0.00374
0.00376
0.00376
0.00377
0.00377
0.00379
0.0038
0.00381
0.00382
0.00382
0.00384
0.00385
0.00386
0.00388
0.00389
0.00391
0.00392
0.00395
0.00395
0.00397
0.00398
0.00401
0.00403
0.00404
0.00406
0.00408
0.0041
0.00413
0.00414
0.00417
0.00418
0.00421
0.00423
0.00426
0.00427
0.0043
0.00431
0.00434
0.00436
0.00438
0.00439
0.00441
0.00443
0.00445
0.00447
0.00449
0.00449
0.00452
0.00453
0.00455
0.00455
0.00457
0.00458
0.0046
0.00461
0.00462
0.00463
0.00464
0.00466
0.00467
0.00468
0.0047
0.0047
0.00472
0.00473
0.00474
0.00474
0.00475
0.00475
0.00476
0.00476
0.00476
0.00476
0.00475
0.00475
0.00474
0.00473
0.00472
0.0047
0.00468
0.00465
0.00464
0.0046
0.00458
0.00453
0.00451
0.00447
0.00443
0.00438
0.00434
0.0043
0.00426
0.00421
0.00417
0.00411
0.00408
0.00403
0.00399
0.00394
0.0039
0.00385
0.00383
0.00378
0.00374
0.0037
0.00367
0.00364
0.00361
0.00358
0.00355
0.00352
0.00349
0.00346
0.00344
0.00341
0.00339
0.00335
0.00334
0.00331
0.00328
0.00325
0.00322
0.00319
0.00317
0.00314
0.00311
0.00308
0.00305
0.00302
0.003
0.00297
0.00295
0.00291
0.0029
0.00287
0.00285
0.00283
0.00281
0.0028
0.00279
0.00278
0.00278
0.00277
0.00277
0.00277
0.00279
0.00279
0.0028
0.00281
0.00284
0.00285
0.00288
0.0029
0.00293
0.00297
0.003
0.00304
0.00309
0.00312
0.00317
0.00321
0.00328
0.00332
0.00338
0.00342
0.00349
0.00355
0.00361
0.00367
0.00373
0.0038
0.00387
0.00395
0.00402
0.00408
0.00416
0.00423
0.00431
0.00438
0.00446
0.00452
0.00461
0.00468
0.00475
0.00483
0.00489
0.00497
0.00504
0.00511
0.00518
0.00523
0.00531
0.00536
0.00543
0.00548
0.00554
0.00559
0.00565
0.00569
0.00574
0.00578
0.00582
0.00587
0.00591
0.00595
0.00599
0.00602
0.00606
0.00608
0.00612
0.00615
0.00618
0.0062
0.00624
0.00627
0.00629
0.00632
0.00634
0.00637
0.00639
0.00641
0.00644
0.00645
0.00647
0.00648
0.00651
0.00651
0.00652
0.00652
0.00653
0.00653
0.00652
0.00652
0.00651
0.00649
0.00648
0.00646
0.00644
0.0064
0.00638
0.00634
0.00631
0.00627
0.00623
0.00618
0.00614
0.00609
0.00604
0.00598
0.00593
0.00588
0.00583
0.00577
0.00572
0.00566
0.00561
0.00555
0.00551
0.00545
0.0054
0.00534
0.0053
0.00524
0.00519
0.00514
0.00509
0.00504
0.005
0.00495
0.00491
0.00485
0.00481
0.00475
0.00471
0.00466
0.00461
0.00455
0.00452
0.00446
0.00441
0.00436
0.00431
0.00426
0.00421
0.00417
0.00413
0.00407
0.00403
0.00398
0.00395
0.0039
0.00387
0.00383
0.0038
0.00377
0.00374
0.00372
0.0037
0.00368
0.00367
0.00366
0.00366
0.00364
0.00365
0.00365
0.00366
0.00365
0.00367
0.00367
0.00369
0.0037
0.00371
0.00372
0.00373
0.00375
0.00376
0.00377
0.00378
0.00378
0.00379
0.00379
0.0038
0.00379
0.00379
0.00378
0.00378
0.00377
0.00376
0.00374
0.00373
0.00371
0.0037
0.00368
0.00367
0.00365
0.00364
0.00362
0.00361
0.00359
0.00359
0.00357
0.00358
0.00357
0.00357
0.00357
0.00358
0.00359
0.00361
0.00363
0.00365
0.00367
0.0037
0.00373
0.00377
0.0038
0.00384
0.00387
0.00392
0.00396
0.00401
0.00405
0.00409
0.00414
0.00419
0.00424
0.00429
0.00432
0.00438
0.00442
0.00447
0.00451
0.00456
0.0046
0.00465
0.00469
0.00473
0.00477
0.00481
0.00486
0.0049
0.00494
0.00499
0.00502
0.00507
0.0051
0.00515
0.00518
0.00522
0.00524
0.00528
0.00531
0.00533
0.00536
0.00537
0.00539
0.00541
0.00542
0.00543
0.00542
0.00542
0.00541
0.0054
0.00537
0.00535
0.00532
0.00529
0.00525
0.00521
0.00516
0.00511
0.00506
0.00501
0.00496
0.0049
0.00483
0.00478
0.00472
0.00467
0.0046
0.00456
0.0045
0.00445
0.0044
0.00436
0.00431
0.00427
0.00424
0.00421
0.00419
0.00416
0.00413
0.00412
0.0041
0.00409
0.00408
0.00407
0.00406
0.00406
0.00405
0.00404
0.00404
0.00403
0.00403
0.00402
0.00401
0.00401
0.00399
0.00399
0.00398
0.00398
0.00396
0.00395
0.00393
0.00393
0.00391
0.0039
0.00389
0.00388
0.00388
0.00388
0.00387
0.00388
0.00387
0.00388
0.00389
0.00391
0.00391
0.00394
0.00395
0.00399
0.00401
0.00404
0.00407
0.0041
0.00414
0.00419
0.00423
0.00428
0.00431
0.00437
0.00441
0.00447
0.00451
0.00457
0.00461
0.00467
0.00471
0.00476
0.00481
0.00485
0.0049
0.00494
0.00499
0.00504
0.00506
0.00511
0.00514
0.00518
0.00521
0.00525
0.00527
0.00531
0.00533
0.00535
0.00537
0.00539
0.00541
0.00543
0.00545
0.00546
0.00547
0.00548
0.00549
0.0055
0.0055
0.00551
0.00551
0.00552
0.00552
0.00552
0.00551
0.00551
0.00551
0.00552
0.00552
0.00552
0.00551
0.00552
0.00551
0.00552
0.00551
0.00552
0.00551
0.00553
0.00552
0.00552
0.00552
0.00552
0.00552
0.00553
0.00552
0.00553
0.00551
0.00551
0.00551
0.00551
0.00549
0.00548
0.00546
0.00546
0.00545
0.00543
0.00541
0.00539
0.00538
0.00536
0.00535
0.00533
0.0053
0.00529
0.00527
0.00526
0.00524
0.00523
0.00521
0.00521
0.0052
0.00519
0.00518
0.00517
0.00517
0.00517
0.00517
0.00518
0.00517
0.00518
0.00517
0.00518
0.00517
0.00518
0.00517
0.00517
0.00516
0.00515
0.00514
0.00512
0.00511
0.00509
0.00507
0.00505
0.00501
0.00498
0.00494
0.00491
0.00486
0.00483
0.00478
0.00474
0.00469
0.00464
0.0046
0.00455
0.00451
0.00447
0.00443
0.00439
0.00435
0.00432
0.00429
0.00427
0.00424
0.00423
0.00421
0.0042
0.00419
0.00418
0.00417
0.00417
0.00417
0.00418
0.00419
0.00419
0.00419
0.0042
0.0042
0.00421
0.00421
0.00421
0.0042
0.00421
0.0042
0.00419
0.00417
0.00416
0.00415
0.00413
0.00411
0.00409
0.00406
0.00404
0.00401
0.00399
0.00396
0.00394
0.00391
0.0039
0.00387
0.00385
0.00383
0.00381
0.0038
0.00379
0.00379
0.00379
0.00378
0.0038
0.0038
0.00382
0.00382
0.00385
0.00386
0.00389
0.00391
0.00393
0.00396
0.00398
0.00401
0.00404
0.00406
0.00409
0.0041
0.00413
0.00414
0.00416
0.00416
0.00417
0.00417
0.00417
0.00417
0.00416
0.00414
0.00413
0.00411
0.00409
0.00406
0.00404
0.004
0.00398
0.00395
0.00392
0.00388
0.00385
0.00382
0.0038
0.00376
0.00373
0.0037
0.00367
0.00365
0.00364
0.00362
0.0036
0.00358
0.00357
0.00356
0.00356
0.00354
0.00354
0.00352
0.00353
0.00352
0.00351
0.00351
0.00349
0.00349
0.00349
0.00347
0.00347
0.00345
0.00344
0.00342
0.00341
0.00339
0.00338
0.00335
0.00334
0.00332
0.0033
0.00328
0.00326
0.00325
0.00324
0.00323
0.00323
0.00321
0.00322
0.00322
0.00323
0.00323
0.00325
0.00326
0.00328
0.0033
0.00333
0.00335
0.00337
0.00341
0.00344
0.00348
0.00352
0.00354
0.00358
0.0036
0.00364
0.00366
0.00369
0.0037
0.00373
0.00374
0.00375
0.00375
0.00375
0.00375
0.00374
0.00372
0.00371
0.00368
0.00366
0.00363
0.0036
0.00356
0.00353
0.00348
0.00346
0.00341
0.00337
0.00333
0.00329
0.00326
0.00323
0.0032
0.00318
0.00314
0.00313
0.0031
0.0031
0.00308
0.00308
0.00307
0.00307
0.00307
0.00308
0.00308
0.00309
0.00311
0.00313
0.00315
0.00317
0.00318
0.00321
0.00323
0.00326
0.00327
0.0033
0.00332
0.00336
0.00337
0.0034
0.00342
0.00345
0.00347
0.00351
0.00353
0.00356
0.00358
0.00362
0.00364
0.00368
0.0037
0.00373
0.00376
0.0038
0.00382
0.00386
0.00388
0.00391
0.00395
0.00398
0.00401
0.00405
0.00407
0.00411
0.00413
0.00417
0.00418
0.00421
0.00422
0.00426
0.00427
0.00429
0.0043
0.00431
0.00433
0.00434
0.00435
0.00437
0.00436
0.00438
0.00438
0.00439
0.00439
0.0044
0.0044
0.00442
0.00442
0.00443
0.00444
0.00445
0.00447
0.00448
0.0045
0.00452
0.00453
0.00456
0.00458
0.00461
0.00463
0.00466
0.00468
0.00472
0.00474
0.00477
0.0048
0.00483
0.00486
0.00489
0.00492
0.00495
0.00497
0.005
0.00502
0.00506
