9.27771386347475E+02

0.00368
0.00365
0.00364
0.0036
0.00359
0.00356
0.00354
0.00352
0.00349
0.00348
0.00346
0.00345
0.00344
0.00342
0.00343
0.00342
0.00343
0.00342
0.00344
0.00344
0.00346
0.00347
0.00349
0.0035
0.00352
0.00354
0.00356
0.00358
0.00361
0.00362
0.00364
0.00365
0.00368
0.00368
0.0037
0.0037
0.00372
0.00372
0.00372
0.00371
0.0037
0.0037
0.0037
0.00369
0.00368
0.00366
0.00366
0.00364
0.00364
0.00362
0.00362
0.0036
0.00361
0.0036
0.0036
0.00361
0.00361
0.00362
0.00364
0.00366
0.00368
0.0037
0.00373
0.00375
0.00379
0.00382
0.00386
0.00388
0.00393
0.00396
0.004
0.00403
0.00406
0.0041
0.00413
0.00416
0.00419
0.00421
0.00424
0.00425
0.00427
0.00427
0.00429
0.00429
0.0043
0.0043
0.0043
0.00429
0.00428
0.00428
0.00428
0.00427
0.00427
0.00425
0.00426
0.00425
0.00425
0.00424
0.00425
0.00424
0.00426
0.00426
0.00427
0.00428
0.00429
0.00431
0.00433
0.00435
0.00437
0.00439
0.00442
0.00443
0.00447
0.00448
0.00451
0.00452
0.00455
0.00457
0.00458
0.0046
0.0046
0.00461
0.00462
0.00462
0.00463
0.00461
0.0046
0.00458
0.00457
0.00454
0.00452
0.00447
0.00445
0.0044
0.00436
0.00431
0.00426
0.00421
0.00416
0.00411
0.00406
0.004
0.00395
0.00389
0.00385
0.00379
0.00375
0.0037
0.00366
0.00362
0.00359
0.00355
0.00352
0.00351
0.0035
0.00349
0.00349
0.00347
0.00349
0.00349
0.00352
0.00353
0.00356
0.00358
0.00362
0.00365
0.00369
0.00372
0.00376
0.00381
0.00385
0.0039
0.00394
0.00397
0.00402
0.00405
0.00409
0.00412
0.00415
0.00417
0.0042
0.00421
0.00422
0.00422
0.00422
0.00422
0.00422
0.00421
0.0042
0.00417
0.00415
0.00412
0.00409
0.00406
0.00403
0.00398
0.00395
0.0039
0.00386
0.00382
0.00377
0.00373
0.0037
0.00366
0.00363
0.00358
0.00356
0.00352
0.00351
0.00347
0.00346
0.00344
0.00343
0.00342
0.00341
0.00341
0.00341
0.00342
0.00343
0.00344
0.00346
0.00346
0.00349
0.00351
0.00353
0.00355
0.00358
0.00359
0.00363
0.00364
0.00367
0.00368
0.0037
0.00372
0.00374
0.00376
0.00377
0.00377
0.00379
0.00379
0.0038
0.00379
0.00379
0.00378
0.00379
0.00378
0.00377
0.00375
0.00374
0.00374
0.00373
0.00372
0.00372
0.0037
0.00371
0.0037
0.00371
0.00371
0.00372
0.00372
0.00375
0.00376
0.00378
0.0038
0.00383
0.00386
0.0039
0.00394
0.00399
0.00402
0.00407
0.00411
0.00417
0.00421
0.00427
0.00431
0.00437
0.00441
0.00446
0.0045
0.00454
0.00458
0.00463
0.00466
0.0047
0.00473
0.00476
0.00478
0.00481
0.00483
0.00485
0.00486
0.00489
0.0049
0.00491
0.00492
0.00493
0.00494
0.00496
0.00497
0.00499
0.005
0.00502
0.00504
0.00507
0.00508
0.00511
0.00513
0.00517
0.00519
0.00522
0.00525
0.00528
0.00531
0.00535
0.00538
0.00542
0.00544
0.00548
0.00551
0.00554
0.00556
0.00559
0.0056
0.00563
0.00564
0.00566
0.00566
0.00567
0.00567
0.00568
0.00567
0.00568
0.00566
0.00566
0.00564
0.00564
0.00561
0.0056
0.00558
0.00557
0.00554
0.00553
0.0055
0.00548
0.00547
0.00545
0.00543
0.00542
0.0054
0.00539
0.00537
0.00536
0.00534
0.00533
0.00532
0.00531
0.00529
0.00528
0.00527
0.00525
0.00523
0.00522
0.0052
0.00519
0.00516
0.00515
0.00512
0.00511
0.00508
0.00506
0.00503
0.00501
0.00498
0.00495
0.00492
0.00489
0.00486
0.00484
0.00481
0.00479
0.00475
0.00473
0.0047
0.00468
0.00465
0.00463
0.0046
0.00458
0.00455
0.00453
0.0045
0.00448
0.00446
0.00444
0.00441
0.00439
0.00435
0.00434
0.0043
0.00428
0.00424
0.00421
0.00416
0.00413
0.00409
0.00405
0.004
0.00395
0.00391
0.00386
0.00382
0.00378
0.00372
0.00367
0.00362
0.00358
0.00353
0.00349
0.00343
0.0034
0.00336
0.00331
0.00328
0.00324
0.00321
0.00318
0.00315
0.00313
0.00309
0.00307
0.00305
0.00303
0.003
0.00299
0.00297
0.00296
0.00293
0.00292
0.00289
0.00287
0.00285
0.00284
0.00282
0.0028
0.00277
0.00276
0.00274
0.00272
0.00269
0.00268
0.00265
0.00264
0.00262
0.0026
0.00259
0.00257
0.00256
0.00255
0.00255
0.00255
0.00253
0.00254
0.00254
0.00255
0.00255
0.00256
0.00257
0.00259
0.0026
0.00261
0.00262
0.00264
0.00265
0.00267
0.00269
0.00271
0.00271
0.00273
0.00273
0.00275
0.00275
0.00276
0.00276
0.00277
0.00276
0.00276
0.00276
0.00275
0.00275
0.00275
0.00274
0.00274
0.00273
0.00274
0.00272
0.00273
0.00272
0.00273
0.00272
0.00274
0.00274
0.00275
0.00276
0.00277
0.00279
0.0028
0.00282
0.00284
0.00285
0.00289
0.0029
0.00293
0.00295
0.00298
0.00299
0.00302
0.00304
0.00306
0.00308
0.0031
0.00311
0.00313
0.00315
0.00316
0.00317
0.00319
0.00319
0.00321
0.00321
0.00322
0.00322
0.00324
0.00324
0.00325
0.00325
0.00326
0.00327
0.00328
0.00329
0.00331
0.00331
0.00334
0.00335
0.00337
0.00339
0.00341
0.00342
0.00346
0.00347
0.00349
0.00351
0.00353
0.00355
0.00357
0.00359
0.00362
0.00362
0.00365
0.00365
0.00367
0.00368
0.00369
0.00368
0.0037
0.0037
0.00369
0.00369
0.00368
0.00368
0.00367
0.00367
0.00366
0.00364
0.00364
0.00362
0.00362
0.0036
0.00359
0.00358
0.00358
0.00357
0.00356
0.00355
0.00355
0.00355
0.00356
0.00356
0.00357
0.00357
0.00359
0.0036
0.00362
0.00363
0.00365
0.00367
0.0037
0.00372
0.00375
0.00377
0.0038
0.00383
0.00386
0.0039
0.00393
0.00396
0.004
0.00403
0.00408
0.00411
0.00414
0.00417
0.00422
0.00426
0.00429
0.00432
0.00436
0.0044
0.00443
0.00447
0.0045
0.00453
0.00457
0.00459
0.00463
0.00465
0.00468
0.00469
0.00473
0.00474
0.00476
0.00477
0.00478
0.00479
0.00481
0.00481
0.00483
0.00482
0.00483
0.00483
0.00483
0.00482
0.00483
0.00481
0.00482
0.00481
0.00481
0.0048
0.0048
0.0048
0.0048
0.0048
0.00481
0.00481
0.00482
0.00483
0.00484
0.00485
0.00487
0.00487
0.00491
0.00492
0.00494
0.00496
0.00497
0.005
0.00502
0.00505
0.00507
0.00508
0.0051
0.00511
0.00513
0.00513
0.00514
0.00514
0.00515
0.00513
0.00512
0.0051
0.00508
0.00506
0.00504
0.00501
0.00498
0.00493
0.0049
0.00485
0.00482
0.00476
0.00472
0.00467
0.00463
0.00458
0.00454
0.0045
0.00446
0.00443
0.0044
0.00437
0.00435
0.00432
0.00432
0.0043
0.00431
0.0043
0.00431
0.00431
0.00434
0.00435
0.00437
0.00439
0.00442
0.00445
0.00449
0.00453
0.00457
0.0046
0.00465
0.00468
0.00473
0.00476
0.00481
0.00484
0.00489
0.00492
0.00495
0.00499
0.00502
0.00505
0.00508
0.00511
0.00514
0.00516
0.00519
0.00521
0.00524
0.00525
0.00527
0.00528
0.00531
0.00532
0.00533
0.00534
0.00535
0.00536
0.00538
0.00538
0.0054
0.00539
0.0054
0.0054
0.00541
0.0054
0.0054
0.0054
0.0054
0.00539
0.00538
0.00537
0.00536
0.00536
0.00535
0.00534
0.00534
0.00532
0.00532
0.00531
0.00532
0.0053
0.00531
0.0053
0.00532
0.00532
0.00532
0.00533
0.00534
0.00536
0.00538
0.0054
0.00543
0.00544
0.00548
0.0055
0.00553
0.00556
0.00559
0.00562
0.00566
0.00568
0.00571
0.00574
0.00576
0.00579
0.00582
0.00584
0.00586
0.00587
0.00589
0.00589
0.00591
0.0059
0.00591
0.00591
0.00592
0.00591
0.00591
0.0059
0.00589
0.00589
0.00589
0.00589
0.00589
0.00589
0.0059
0.0059
0.00592
0.00592
0.00594
0.00596
0.00599
0.00602
0.00605
0.00609
0.00613
0.00619
0.00624
0.0063
0.00637
0.00643
0.00651
0.00658
0.00667
0.00674
0.00683
0.00691
0.00702
0.00711
0.00721
0.00731
0.00741
0.00752
0.00763
0.00774
0.00786
0.00796
0.00809
0.0082
0.00833
0.00845
0.00858
0.0087
0.00885
0.00898
0.00911
0.00926
0.0094
0.00955
0.00971
0.00986
0.01003
0.01019
0.01036
0.01053
0.01071
0.01089
0.01108
0.01127
0.01147
0.01166
0.01186
0.01206
0.01227
0.01248
0.0127
0.01291
0.01313
0.01334
0.01357
0.01379
0.01402
0.01423
0.01446
0.01468
0.01491
0.01513
0.01536
0.01557
0.0158
0.01602
0.01624
0.01645
0.01667
0.01688
0.0171
0.0173
0.01752
0.01772
0.01793
0.01813
0.01834
0.01853
0.01873
0.01893
0.01912
0.01932
0.01952
0.01971
0.01991
0.0201
0.0203
0.02048
0.02069
0.02087
0.02107
0.02125
0.02145
0.02164
0.02182
0.02201
0.02219
0.02238
0.02257
0.02274
0.02292
0.02309
0.02327
0.02343
0.02361
0.02376
0.02392
0.02407
0.02423
0.02437
0.02451
0.02464
0.02477
0.02489
0.02501
0.02513
0.02524
0.02534
0.02544
0.02553
0.02563
0.02571
0.0258
0.02587
0.02596
0.02604
0.02611
0.02618
0.02625
0.02632
0.02639
0.02645
0.02653
0.02658
0.02665
0.02671
0.02677
0.02683
0.02689
0.02694
0.027
0.02705
0.0271
0.02715
0.02719
0.02724
0.02728
0.02731
0.02735
0.02737
0.02739
0.02741
0.02743
0.02743
0.02744
0.02744
0.02744
0.02743
0.02742
0.02741
0.02739
0.02737
0.02735
0.02733
0.02731
0.02727
0.02725
0.02722
0.0272
0.02716
0.02714
0.02711
0.02709
0.02706
0.02704
0.02701
0.02699
0.02697
0.02695
0.02693
0.02692
0.02689
0.02687
0.02685
0.02684
0.02681
0.02679
0.02676
0.02675
0.02672
0.02669
0.02666
0.02662
0.02659
0.02656
0.02651
0.02648
0.02643
0.02638
0.02633
0.02629
0.02623
0.02618
0.02612
0.02608
0.02602
0.02597
0.02591
0.02585
0.02579
0.02574
0.02569
0.02564
0.02558
0.02553
0.02547
0.02543
0.02537
0.02532
0.02527
0.02522
0.02517
0.02511
0.02506
0.025
0.02495
0.0249
0.02484
0.02478
0.02471
0.02466
0.02459
0.02453
0.02445
0.02439
0.02431
0.02424
0.02416
0.02408
0.02399
0.0239
0.02382
0.02374
0.02364
0.02356
0.02345
0.02336
0.02326
0.02317
0.02306
0.02296
0.02285
0.02275
0.02264
0.02253
0.02241
0.02229
0.02218
0.02206
0.02194
0.02182
0.02168
0.02157
0.02143
0.02131
0.02117
0.02104
0.0209
0.02077
0.02063
0.0205
0.02036
0.02022
0.02009
0.01996
0.01983
0.01971
0.01957
0.01945
0.01932
0.01921
0.01909
0.01898
0.01887
0.01877
0.01866
0.01857
0.01847
0.01837
0.01829
0.0182
0.01812
0.01805
0.01796
0.01789
0.01781
0.01774
0.01766
0.01759
0.01751
0.01745
0.01737
0.0173
0.01722
0.01714
0.01707
0.01699
0.01691
0.01683
0.01674
0.01666
0.01658
0.0165
0.01641
0.01632
0.01623
0.01615
0.01606
0.01598
0.01589
0.0158
0.01572
0.01564
0.01555
0.01548
0.01539
0.01532
0.01524
0.01518
0.0151
0.01503
0.01496
0.01491
0.01484
0.01478
0.01472
0.01466
0.01461
0.01456
0.01451
0.01446
0.0144
0.01436
0.01431
0.01427
0.01422
0.01418
0.01413
0.0141
0.01405
0.01401
0.01396
0.01391
0.01387
0.01383
0.01378
0.01374
0.01368
0.01364
0.01359
0.01354
0.01348
0.01344
0.01338
0.01334
0.01328
0.01322
0.01317
0.01311
0.01306
0.013
0.01295
0.0129
0.01283
0.01278
0.01272
0.01267
0.01261
0.01256
0.0125
0.01246
0.0124
0.01235
0.01229
0.01224
0.0122
0.01215
0.0121
0.01206
0.012
0.01197
0.01192
0.01188
0.01183
0.01179
0.01174
0.01171
0.01166
0.01161
0.01157
0.01152
0.01148
0.01144
0.0114
0.01136
0.0113
0.01126
0.01121
0.01117
0.01112
0.01108
0.01102
0.01099
0.01093
0.01089
0.01084
0.01078
0.01074
0.01069
0.01064
0.0106
0.01054
0.0105
0.01044
0.0104
0.01034
0.01029
0.01023
0.01019
0.01013
0.01007
0.01001
0.00995
0.0099
0.00984
0.00978
0.00973
0.00965
0.0096
0.00953
0.00947
0.0094
0.00934
0.00927
0.00922
0.00915
0.00909
0.00902
0.00896
0.0089
0.00884
0.00879
0.00874
0.00867
0.00863
0.00857
0.00852
0.00846
0.00842
0.00836
0.00833
0.00828
0.00823
0.00818
0.00813
0.00809
0.00804
0.00799
0.00794
0.00788
0.00783
0.00776
0.00771
0.00764
0.00758
0.0075
0.00745
0.00737
0.00729
0.00721
0.00713
0.00706
0.00698
0.0069
0.00682
0.00673
0.00665
0.00657
0.00649
0.00641
0.00634
0.00625
0.00619
0.00611
0.00605
0.00598
0.00592
0.00587
0.00581
0.00576
0.00572
0.00566
0.00562
0.00558
0.00555
0.0055
0.00547
0.00543
0.0054
0.00536
0.00533
0.00529
0.00525
0.00521
0.00518
0.00514
0.0051
0.00505
0.00501
0.00496
0.00492
0.00486
0.00482
0.00476
0.00472
0.00466
0.00461
0.00456
0.00451
0.00446
0.00442
0.00437
0.00434
0.00429
0.00426
0.00422
0.0042
0.00417
0.00416
0.00413
0.00413
0.00412
0.00412
0.00413
0.00413
0.00415
0.00417
0.00419
0.00422
0.00424
0.00427
0.0043
0.00435
0.00438
0.00442
0.00445
0.0045
0.00453
0.00457
0.00461
0.00464
0.00468
0.00471
0.00474
0.00477
0.00478
0.00481
0.00481
0.00483
0.00483
0.00484
0.00483
0.00484
0.00483
0.00481
0.0048
0.00478
0.00476
0.00475
0.00473
0.00471
0.00468
0.00466
0.00463
0.00461
0.00458
0.00457
0.00454
0.00453
0.00451
0.0045
0.00448
0.00447
0.00447
0.00447
0.00447
0.00447
0.00447
0.00448
0.00448
0.0045
0.0045
0.00452
0.00452
0.00454
0.00455
0.00456
0.00457
0.00458
0.00459
0.0046
0.0046
0.00461
0.0046
0.0046
0.0046
0.0046
0.00458
0.00457
0.00455
0.00455
0.00452
0.0045
0.00448
0.00446
0.00443
0.00442
0.00439
0.00437
0.00434
0.00432
0.00429
0.00428
0.00425
0.00424
0.00421
0.00421
0.00419
0.00417
0.00416
0.00414
0.00414
0.00414
0.00413
0.00414
0.00412
0.00413
0.00413
0.00414
0.00413
0.00414
0.00413
0.00415
0.00414
0.00415
0.00415
0.00414
0.00415
0.00415
0.00415
0.00415
0.00414
0.00414
0.00413
0.00413
0.00411
0.00411
0.00409
0.00408
0.00406
0.00405
0.00403
0.00401
0.00399
0.00398
0.00395
0.00394
0.00391
0.0039
0.00387
0.00386
0.00383
0.00382
0.0038
0.00379
0.00378
0.00377
0.00375
0.00374
0.00374
0.00374
0.00374
0.00375
0.00374
0.00376
0.00377
0.00378
0.00379
0.00381
0.00382
0.00385
0.00387
0.00389
0.00391
0.00393
0.00396
0.00398
0.00401
0.00403
0.00404
0.00408
0.00409
0.00412
0.00413
0.00415
0.00416
0.00418
0.00419
0.0042
0.00421
0.00422
0.00423
0.00424
0.00425
0.00426
0.00426
0.00427
0.00428
0.00429
0.0043
0.00431
0.00432
0.00434
0.00435
0.00437
0.00438
0.0044
0.00442
0.00444
0.00447
0.00449
0.00451
0.00454
0.00456
0.00459
0.0046
0.00463
0.00464
0.00467
0.00468
0.0047
0.00471
0.00471
0.00473
0.00473
0.00474
0.00474
0.00473
0.00473
0.00472
0.00472
0.0047
0.00469
0.00467
0.00466
0.00464
0.00462
0.0046
0.00458
0.00456
0.00454
0.00453
0.00451
0.00448
0.00448
0.00446
0.00445
0.00443
0.00443
0.00442
0.00442
0.00441
0.0044
0.0044
0.00439
0.00439
0.00439
0.00439
0.0044
0.00439
0.00439
0.00439
0.00439
0.00438
0.00438
0.00437
0.00438
0.00437
0.00436
0.00435
0.00434
0.00433
0.00432
0.00431
0.0043
0.00428
0.00427
0.00425
0.00424
0.00422
0.00421
0.00418
0.00418
0.00416
0.00414
0.00412
0.0041
0.00408
0.00407
0.00406
0.00404
0.00402
0.00401
0.00399
0.00399
0.00397
0.00396
0.00395
0.00395
0.00394
0.00394
0.00393
0.00393
0.00393
0.00394
0.00394
0.00396
0.00395
0.00398
0.00398
0.00401
0.00402
0.00404
0.00406
0.00409
0.00411
0.00413
0.00416
0.00418
0.00421
0.00424
0.00427
0.0043
0.00432
0.00435
0.00437
0.0044
0.00441
0.00443
0.00444
0.00446
0.00447
0.00447
0.00448
0.00448
0.00448
0.00447
0.00447
0.00447
0.00444
0.00443
0.00441
0.0044
0.00437
0.00436
0.00433
0.00432
0.00429
0.00426
0.00423
0.00421
0.00418
0.00416
0.00413
0.00411
0.00408
0.00406
0.00403
0.00401
0.00398
0.00396
0.00393
0.00391
0.00388
0.00385
0.00382
0.00379
0.00376
0.00373
0.00369
0.00366
0.00362
0.00358
0.00354
0.0035
0.00344
0.0034
0.00334
0.0033
0.00324
0.00319
0.00313
0.00307
0.00301
0.00295
0.0029
0.00284
0.00277
0.00272
0.00266
0.00261
0.00254
0.0025
0.00244
0.0024
0.00235
0.0023
0.00225
0.00221
0.00218
0.00214
0.00211
0.00209
0.00205
0.00204
0.00202
0.00201
0.00198
0.00198
0.00196
0.00196
0.00196
0.00195
0.00195
0.00195
0.00195
0.00196
0.00196
0.00197
0.00197
0.00199
0.00199
0.00201
0.00201
0.00203
0.00203
0.00205
0.00206
0.00207
0.00209
0.0021
0.00212
0.00214
0.00215
0.00218
0.00219
0.00222
0.00223
0.00227
0.00229
0.00232
0.00235
0.00239
0.00242
0.00246
0.0025
0.00254
0.00259
0.00264
0.00269
0.00276
0.0028
0.00287
0.00292
0.00299
0.00304
0.00311
0.00317
0.00324
0.0033
0.00337
0.00343
0.00349
0.00356
0.00363
0.00369
0.00376
0.00381
0.00388
0.00393
0.004
0.00405
0.00411
0.00415
0.00422
0.00426
0.00431
0.00436
0.00441
0.00446
0.00451
0.00456
0.00461
0.00465
0.00471
0.00475
0.00481
0.00485
0.00491
0.00495
0.00501
0.00505
0.00511
0.00515
0.0052
0.00526
0.00531
0.00536
0.00541
0.00545
0.0055
0.00554
0.00559
0.00562
0.00566
0.00568
0.00572
0.00574
0.00577
0.00578
0.0058
0.00581
0.00582
0.00583
0.00584
0.00583
0.00584
0.00583
0.00583
0.00582
0.00581
0.00579
0.00579
0.00578
0.00577
0.00576
0.00574
0.00574
0.00573
0.00573
0.00572
0.00571
0.00572
0.00571
0.00571
0.00571
0.00571
0.0057
0.00571
0.00571
0.0057
0.0057
0.00569
0.00569
0.00569
0.00568
0.00567
0.00565
0.00564
0.00562
0.0056
0.00557
0.00555
0.00551
0.00549
0.00545
0.00541
0.00537
0.00533
0.00529
0.00525
0.0052
0.00517
0.00511
0.00507
0.00502
0.00499
0.00494
0.00491
0.00487
0.00484
0.00481
0.00478
0.00476
0.00473
0.00471
0.0047
0.00469
0.00468
0.00467
0.00467
0.00466
0.00467
0.00466
0.00467
0.00467
0.00468
0.00468
0.00469
0.0047
0.0047
0.0047
0.00471
0.00471
0.00472
0.00471
0.00472
0.00471
0.00472
0.00471
0.0047
0.00469
0.00469
0.00468
0.00466
0.00465
0.00463
0.00462
0.00461
0.0046
0.00459
0.00456
0.00456
0.00454
0.00453
0.00451
0.0045
0.00448
0.00449
0.00447
0.00446
0.00445
0.00444
0.00444
0.00443
0.00443
0.00443
0.00441
0.00442
0.0044
0.0044
0.00439
0.00439
0.00437
0.00437
0.00435
0.00434
0.00432
0.0043
0.00429
0.00427
0.00425
0.00423
0.00419
0.00417
0.00414
0.00413
0.00409
0.00406
0.00403
0.004
0.00397
0.00394
0.0039
0.00387
0.00385
0.00382
0.0038
0.00378
0.00374
0.00373
0.00371
0.0037
0.00367
0.00367
0.00365
0.00365
0.00364
0.00363
0.00362
0.00361
0.00361
0.00361
0.00361
0.00362
0.0036
0.00361
0.0036
0.00361
0.0036
0.0036
0.00358
0.00359
0.00357
0.00356
0.00355
0.00353
0.00352
0.00351
0.00349
0.00347
0.00345
0.00344
0.00341
0.0034
0.00337
0.00336
0.00333
0.00333
0.0033
0.00329
0.00327
0.00326
0.00325
0.00325
0.00324
0.00324
0.00323
0.00324
0.00324
0.00325
0.00325
0.00326
0.00326
0.00328
0.00329
0.0033
0.00331
0.00331
0.00333
0.00334
0.00335
0.00336
0.00336
0.00337
0.00336
0.00337
0.00336
0.00336
0.00334
0.00335
0.00333
0.00332
0.0033
0.00328
0.00327
0.00325
0.00323
0.00322
0.00319
0.00318
0.00315
0.00314
0.00312
0.00311
0.00308
0.00308
0.00306
0.00305
0.00304
0.00303
0.00303
0.00303
0.00303
0.00305
0.00304
0.00306
0.00306
0.00308
0.00309
0.00311
0.00312
0.00315
0.00316
0.00318
0.0032
0.00322
0.00324
0.00327
0.00329
0.00332
0.00333
0.00336
0.00338
0.00341
0.00342
0.00345
0.00346
0.00349
0.0035
0.00352
0.00353
0.00355
0.00357
0.00359
0.0036
0.00362
0.00363
0.00365
0.00367
0.00369
0.0037
0.00373
0.00375
0.00378
0.0038
0.00382
0.00385
0.00388
0.00391
0.00395
0.00398
0.00402
0.00405
0.0041
0.00414
0.00419
0.00422
0.00428
0.00432
0.00438
0.00443
0.00448
0.00453
0.00458
0.00464
0.0047
0.00475
0.00481
0.00485
0.00491
0.00496
0.00502
0.00506
0.00512
0.00515
0.00521
0.00525
0.00529
0.00533
0.00536
0.0054
0.00543
0.00546
0.00549
0.0055
0.00553
0.00554
0.00556
0.00556
0.00558
0.00558
0.00559
0.00558
0.00558
0.00557
0.00556
0.00555
0.00554
0.00553
0.00552
0.00549
0.00548
0.00545
0.00544
0.0054
0.00538
0.00535
0.00533
0.0053
0.00527
0.00523
0.0052
0.00517
0.00514
0.00511
0.00508
0.00504
0.00501
0.00497
0.00494
0.0049
0.00487
0.00483
0.00481
0.00476
0.00473
0.00469
0.00465
0.00462
0.00459
0.00456
0.00453
0.00449
0.00446
0.00443
0.00441
0.00437
0.00435
0.00432
0.00431
0.00428
0.00427
0.00425
0.00423
0.00422
0.00422
0.00421
0.00422
0.00421
0.00422
0.00422
0.00424
0.00424
0.00426
0.00427
0.0043
0.00431
0.00434
0.00436
0.00438
0.00441
0.00444
0.00447
0.00451
0.00453
0.00457
0.00459
0.00462
0.00464
0.00467
0.00468
0.00471
0.00473
0.00474
0.00475
0.00476
0.00477
0.00477
0.00478
0.00478
0.00476
0.00476
0.00475
0.00474
0.00473
0.00472
0.00469
0.00469
0.00466
0.00465
0.00463
0.00461
0.0046
0.00458
0.00457
0.00457
0.00455
0.00455
0.00453
0.00454
0.00453
0.00453
0.00453
0.00455
0.00455
0.00455
0.00456
0.00457
0.00458
0.0046
0.00461
0.00462
0.00462
0.00464
0.00464
0.00466
0.00466
0.00466
0.00466
0.00467
0.00466
0.00466
0.00465
0.00464
0.00463
0.00462
0.00461
0.0046
0.00457
0.00457
0.00454
0.00453
0.00451
0.0045
0.00447
0.00447
0.00445
0.00444
0.00443
0.00442
0.00442
0.00442
0.00443
0.00443
0.00443
0.00445
0.00447
0.00449
0.0045
0.00453
0.00455
0.00459
0.00461
0.00465
0.00468
0.00471
0.00475
0.00479
0.00483
0.00487
0.0049
0.00494
0.00497
0.00502
0.00505
0.00509
0.00511
0.00515
0.00517
0.0052
0.00522
0.00525
0.00527
0.00529
0.00531
0.00533
0.00534
0.00536
0.00537
0.00539
0.00539
0.0054
0.0054
0.00542
0.00542
0.00543
0.00543
0.00543
0.00543
0.00543
0.00543
0.00544
0.00542
0.00543
0.00542
0.00543
0.00541
0.00541
0.0054
0.0054
0.00539
0.00538
0.00537
0.00536
0.00535
0.00534
0.00533
0.00533
0.0053
0.0053
0.00528
0.00528
0.00526
0.00525
0.00523
0.00522
0.0052
0.00518
0.00517
0.00515
0.00514
0.00512
0.0051
0.00509
0.00506
0.00505
0.00503
0.00502
0.00499
0.00498
0.00496
0.00495
0.00492
0.00491
0.00489
0.00487
0.00486
0.00485
0.00483
0.00483
0.00481
0.00481
0.00479
0.00479
0.00478
0.00479
0.00478
0.00479
0.00479
0.0048
0.00481
0.00482
0.00484
0.00486
0.00488
0.00491
0.00493
0.00497
0.00499
0.00504
0.00507
0.00511
0.00515
0.0052
0.00524
0.00529
0.00533
0.00538
0.00543
0.00548
0.00553
0.00559
0.00563
0.00569
0.00573
0.00578
0.00582
0.00587
0.00591
0.00596
0.00599
0.00603
0.00607
0.0061
0.00613
0.00617
0.0062
0.00623
0.00625
0.00629
0.00631
0.00634
0.00636
0.00639
0.0064
0.00644
0.00646
0.00648
0.0065
0.00652
0.00655
0.00658
0.0066
0.00663
0.00665
0.00668
0.0067
0.00673
0.00675
0.00677
0.00678
0.00681
0.00682
0.00683
0.00684
0.00684
0.00685
0.00684
0.00683
0.00683
0.0068
0.00678
0.00675
0.00672
0.00667
0.00663
0.00657
0.00653
0.00646
0.00639
0.00632
0.00624
0.00616
0.00609
0.006
0.00592
0.00582
0.00574
0.00565
0.00558
0.00548
0.0054
0.00531
0.00525
0.00517
0.00509
0.00502
0.00496
0.0049
0.00485
0.0048
0.00476
0.00471
0.00469
0.00465
0.00463
0.0046
0.00459
0.00457
0.00456
0.00454
0.00453
0.00452
0.00451
0.00451
0.0045
0.0045
0.0045
0.00448
0.00448
0.00447
0.00447
0.00445
0.00444
0.00442
0.00442
0.0044
0.00439
0.00438
0.00436
0.00435
0.00435
0.00434
0.00434
0.00433
0.00433
0.00433
0.00434
0.00434
0.00436
0.00437
0.00439
0.00441
0.00443
0.00446
0.00449
0.00453
0.00457
0.00461
0.00466
0.0047
0.00475
0.0048
0.00486
0.0049
0.00496
0.00501
0.00507
0.00512
0.00518
0.00523
0.00528
0.00533
0.00539
0.00544
0.00549
0.00553
0.00559
0.00562
0.00568
0.00571
0.00576
0.00579
0.00584
0.00587
0.00591
0.00594
0.00597
0.00601
0.00604
0.00607
0.0061
0.00611
0.00615
0.00616
0.00619
0.0062
0.00621
0.00622
0.00623
0.00624
0.00624
0.00624
0.00623
0.00623
0.00622
0.00621
0.0062
0.00618
0.00616
0.00614
0.00612
0.00609
0.00607
0.00604
0.00602
0.00598
0.00596
0.00593
0.0059
0.00587
0.00585
0.00582
0.0058
0.00577
0.00576
0.00573
0.00572
0.0057
0.00569
0.00566
0.00566
0.00564
0.00563
0.00561
0.0056
0.00559
0.00557
0.00556
0.00554
0.00552
0.0055
0.00548
0.00546
0.00542
0.0054
0.00536
0.00533
0.00528
0.00525
0.0052
0.00515
0.0051
0.00505
0.005
0.00495
0.00489
0.00484
0.00478
0.00473
0.00466
0.00461
0.00455
0.0045
0.00445
0.00439
0.00434
0.00429
0.00425
0.00421
0.00416
0.00413
0.00408
0.00405
0.00401
0.00399
0.00395
0.00393
0.00389
0.00388
0.00385
0.00382
0.0038
0.00377
0.00375
0.00373
0.00372
0.0037
0.00367
0.00367
0.00365
0.00364
0.00362
0.00361
0.00359
0.00359
0.00358
0.00358
0.00357
0.00357
0.00357
0.00358
0.00359
0.0036
0.00361
0.00363
0.00364
0.00367
0.00369
0.00372
0.00374
0.00378
0.00381
0.00385
0.00388
0.00391
0.00396
0.004
0.00404
0.00409
0.00412
0.00417
0.00421
0.00426
0.0043
0.00435
0.00439
0.00444
0.00448
0.00453
0.00458
0.00462
0.00467
0.00473
0.00478
0.00484
0.00488
0.00494
0.00499
0.00506
0.00511
0.00518
0.00523
0.00531
0.00537
0.00543
0.0055
0.00556
0.00563
0.0057
0.00577
0.00584
0.00589
0.00597
0.00602
0.00609
0.00614
0.0062
0.00624
0.00631
0.00635
0.00639
0.00643
0.00647
0.00651
0.00654
0.00657
0.00661
0.00662
0.00665
0.00667
0.00669
0.0067
0.00672
0.00673
0.00675
0.00676
0.00677
0.00677
0.00678
0.00679
0.0068
0.0068
0.00681
0.00681
0.00682
0.00682
0.00682
0.00682
0.00682
0.00681
0.00682
0.00681
0.0068
0.00679
0.00678
0.00677
0.00676
0.00674
0.00673
0.0067
0.00669
0.00667
0.00665
0.00662
0.0066
0.00656
0.00655
0.00651
0.00648
0.00645
0.00642
0.00639
0.00636
0.00633
0.0063
0.00625
0.00623
0.00619
0.00616
0.00611
0.00608
0.00603
0.006
0.00595
0.00591
0.00586
0.0058
0.00576
0.0057
0.00564
0.00559
0.00552
0.00546
0.00539
0.00532
0.00524
0.00517
0.00509
0.00502
0.00493
0.00484
0.00476
0.00467
0.00459
0.0045
0.00442
0.00434
0.00424
0.00417
0.00408
0.00401
0.00393
0.00385
0.00377
0.00371
0.00364
0.00357
0.00351
0.00344
0.00338
0.00333
0.00327
0.00323
0.00316
0.00312
0.00307
0.00302
0.00297
0.00293
0.00287
0.00284
0.00279
0.00275
0.0027
0.00265
0.00261
0.00257
0.00253
0.00249
0.00244
0.00241
0.00236
0.00233
0.00228
0.00225
0.00221
0.00218
0.00215
0.00212
0.00209
0.00206
0.00204
0.00202
0.00201
0.00199
0.00197
0.00197
0.00196
0.00196
0.00195
0.00195
0.00194
0.00196
0.00196
0.00196
0.00197
0.00197
0.00199
0.002
0.00201
0.00203
0.00203
0.00205
0.00206
0.00208
0.00209
0.0021
0.00211
0.00214
0.00215
0.00217
0.00218
0.0022
0.00222
0.00225
0.00227
0.0023
0.00232
0.00235
0.00238
0.00242
0.00245
0.00249
0.00252
0.00258
0.00262
0.00267
0.00271
0.00276
0.00282
0.00288
0.00294
0.00301
0.00306
0.00313
0.0032
0.00327
0.00333
0.0034
0.00346
0.00354
0.0036
0.00367
0.00373
0.00378
0.00385
0.00391
0.00396
0.00402
0.00406
0.00412
0.00416
0.00421
0.00423
0.00427
0.00429
0.00433
0.00435
0.00437
0.00438
0.00439
0.0044
0.00441
0.00441
0.00442
0.00441
0.00441
0.0044
0.0044
0.00438
0.00437
0.00435
0.00435
0.00433
0.00431
0.00429
0.00427
0.00426
0.00424
0.00423
0.00422
0.00419
0.00419
0.00417
0.00416
0.00414
0.00414
0.00412
0.00412
0.00411
0.0041
0.00409
0.00408
0.00408
0.00408
0.00408
0.00408
0.00406
0.00407
0.00406
0.00407
0.00406
0.00406
0.00404
0.00405
0.00404
0.00403
0.00402
0.00401
0.004
0.00399
0.00397
0.00396
0.00393
0.00391
0.00388
0.00387
0.00383
0.00381
0.00377
0.00374
0.0037
0.00367
0.00362
0.00358
0.00354
0.0035
0.00346
0.00342
0.00336
0.00333
0.00328
0.00324
0.00319
0.00315
0.0031
0.00307
0.00303
0.00298
0.00295
0.0029
0.00287
0.00284
0.00281
0.00278
0.00274
0.00272
0.00269
0.00267
0.00264
0.00263
0.0026
0.00259
0.00257
0.00255
0.00253
0.00251
0.0025
0.00249
0.00248
0.00247
0.00245
0.00245
0.00243
0.00243
0.00242
0.00241
0.0024
0.0024
0.00239
0.00239
0.00238
0.00238
0.00238
0.00238
0.00238
0.00238
0.00237
0.00238
0.00238
0.00239
0.00239
0.0024
0.0024
0.00241
0.00241
0.00242
0.00242
0.00243
0.00244
0.00245
0.00245
0.00246
0.00246
0.00247
0.00247
0.00248
0.00247
0.00248
0.00246
0.00248
0.00246
0.00246
0.00245
0.00244
0.00244
0.00243
0.00242
0.00242
0.0024
0.00239
0.00238
0.00237
0.00235
0.00235
0.00233
0.00233
0.00232
0.00231
0.0023
0.00229
0.00229
0.00229
0.00229
0.0023
0.0023
0.00231
0.00231
0.00233
0.00234
0.00236
0.00237
0.0024
0.00242
0.00245
0.00247
0.0025
0.00254
0.00258
0.00261
0.00266
0.00269
0.00275
0.00279
0.00284
0.00289
0.00295
0.00299
0.00306
0.00311
0.00316
0.00322
0.00327
0.00333
0.00339
0.00345
0.00351
0.00356
0.00362
0.00367
0.00373
0.00377
0.00383
0.00386
0.00392
0.00396
0.004
0.00404
0.00407
0.00411
0.00414
0.00417
0.0042
0.00421
0.00424
0.00426
0.00428
0.00429
0.00431
0.00432
0.00434
0.00434
0.00435
0.00436
0.00437
0.00438
0.00439
0.00439
0.0044
0.0044
0.00442
0.00442
0.00443
0.00443
0.00444
0.00443
0.00445
0.00445
0.00446
0.00446
0.00447
0.00447
0.00448
0.00448
0.00449
0.00448
0.0045
0.0045
0.0045
0.0045
0.00451
0.0045
0.00452
0.00451
0.00451
0.00451
0.00451
0.00452
0.00452
0.00453
0.00454
0.00453
0.00455
0.00455
0.00456
0.00456
0.00457
0.00457
0.00459
0.0046
0.0046
0.00461
0.00461
0.00462
0.00463
0.00464
0.00465
0.00464
0.00465
0.00465
0.00466
0.00465
0.00466
0.00465
0.00466
0.00465
0.00465
0.00465
0.00464
0.00465
0.00465
0.00465
0.00466
0.00466
0.00467
0.00468
0.0047
0.00471
0.00474
0.00475
0.00479
0.00482
0.00486
0.00489
0.00493
0.00498
0.00503
0.00509
0.00515
0.00519
0.00526
0.00531
0.00538
0.00543
0.0055
0.00556
0.00562
0.00568
0.00573
0.00578
0.00583
0.00588
0.00593
0.00597
0.006
0.00603
0.00606
0.00608
0.0061
0.00611
0.00612
0.00612
0.00613
0.00612
0.00611
0.0061
0.00609
0.00607
0.00606
0.00603
0.00602
0.00598
0.00596
0.00592
0.0059
0.00586
0.00583
0.00579
0.00576
0.00571
0.00567
0.00562
0.00558
0.00554
0.00549
0.00545
0.0054
0.00534
0.0053
0.00524
0.0052
0.00514
0.00509
0.00502
0.00498
0.00492
0.00487
0.00481
0.00476
0.00471
0.00466
0.00461
0.00458
0.00452
0.00449
0.00445
0.00442
0.00438
0.00435
0.00432
0.00431
0.00428
0.00426
0.00425
0.00423
0.00422
0.00421
0.0042
0.0042
0.00418
0.00418
0.00417
0.00417
0.00416
0.00415
0.00413
0.00413
0.00411
0.0041
0.00408
0.00406
0.00404
0.00403
0.004
0.00398
0.00395
0.00393
0.0039
0.00389
0.00386
0.00384
0.00381
0.0038
0.00378
0.00376
0.00374
0.00373
0.00373
0.00372
0.00372
0.00373
0.00372
0.00374
0.00375
0.00377
0.00378
0.00381
0.00383
0.00386
0.00389
0.00392
0.00395
0.00398
0.00402
0.00406
0.00409
0.00414
0.00416
0.00421
0.00424
0.00429
0.00431
0.00435
0.00437
0.00442
0.00444
0.00447
0.0045
0.00452
0.00455
0.00457
0.0046
0.00462
0.00463
0.00466
0.00468
0.0047
0.00471
0.00473
0.00474
0.00477
0.00478
0.0048
0.00481
0.00483
0.00484
0.00486
0.00488
0.0049
0.00491
0.00493
0.00494
0.00497
0.00497
0.00499
0.00501
0.00503
0.00504
0.00506
0.00507
0.00508
0.0051
0.00512
0.00513
0.00515
0.00515
0.00517
0.00518
0.0052
0.0052
0.00521
0.00521
0.00523
0.00523
0.00524
0.00524
0.00524
0.00525
0.00526
0.00526
0.00527
0.00526
0.00527
0.00527
0.00528
0.00528
0.00529
0.00529
0.0053
0.0053
0.00531
0.00532
0.00533
0.00534
0.00536
0.00537
0.00539
0.0054
0.00542
0.00543
0.00546
0.00548
0.0055
0.00551
0.00554
0.00556
0.00558
0.0056
0.00562
0.00564
0.00566
0.00567
0.00569
0.0057
0.00571
0.00572
0.00573
0.00572
0.00573
0.00572
0.00573
0.00571
0.00571
0.00569
0.00567
0.00566
0.00564
0.00562
0.00561
0.00558
0.00556
0.00553
0.00551
0.00548
0.00546
0.00543
0.00542
0.00539
0.00537
0.00534
0.00532
0.0053
0.00529
0.00527
0.00527
0.00524
0.00523
0.00522
0.00521
0.00519
0.00518
0.00517
0.00517
0.00515
0.00514
0.00512
0.0051
0.00509
0.00508
0.00506
0.00505
0.00502
0.00501
0.00497
0.00496
0.00492
0.0049
0.00486
0.00484
0.0048
0.00476
0.00473
0.00468
0.00465
0.00461
0.00458
0.00455
0.0045
0.00447
0.00443
0.0044
0.00436
0.00433
0.00429
0.00427
0.00424
0.00421
0.00418
0.00415
0.00413
0.00411
0.00409
0.00407
0.00404
0.00403
0.00401
0.004
0.00398
0.00396
0.00394
0.00393
0.00391
0.0039
0.00388
0.00386
0.00385
0.00384
0.00382
0.00382
0.00379
0.00378
0.00377
0.00376
0.00374
0.00373
0.00371
0.00372
0.0037
0.0037
0.00369
0.00368
0.00369
0.0037
0.0037
0.00371
0.00372
0.00373
0.00375
0.00377
0.00378
0.00382
0.00383
0.00387
0.0039
0.00393
0.00396
0.00399
0.00403
0.00406
0.0041
0.00414
0.00417
0.00421
0.00424
0.00427
0.0043
0.00433
0.00435
0.00439
0.0044
0.00443
0.00444
0.00446
0.00447
0.00449
0.0045
0.00452
0.00451
0.00452
0.00452
0.00453
0.00453
0.00453
0.00452
0.00453
0.00452
0.00452
0.00452
0.00451
0.00451
0.00451
0.0045
0.00451
0.00449
0.0045
0.00448
0.00449
0.00448
0.00448
0.00446
0.00447
0.00445
0.00444
0.00443
0.00442
0.0044
0.0044
0.00438
0.00437
0.00435
0.00434
0.00432
0.0043
0.00428
0.00427
0.00424
0.00424
0.00421
0.00419
0.00418
0.00416
0.00415
0.00414
0.00413
0.00413
0.00411
0.00411
0.00411
0.00411
0.00411
0.00411
0.00411
0.00413
0.00413
0.00413
0.00414
0.00415
0.00416
0.00417
0.00418
0.0042
0.0042
0.00422
0.00422
0.00424
0.00424
0.00426
0.00426
0.00427
0.00427
0.00427
0.00427
0.00427
0.00428
0.00429
0.00429
0.00429
0.00429
0.00429
0.00429
0.0043
0.0043
0.00431
0.0043
0.00432
0.00432
0.00433
0.00434
0.00435
0.00436
0.00437
0.00439
0.00441
0.00441
0.00443
0.00445
0.00447
0.00448
0.0045
0.0045
0.00453
0.00453
0.00454
0.00455
0.00455
0.00456
0.00457
0.00457
0.00457
0.00456
0.00456
0.00455
0.00455
0.00453
0.00452
0.0045
0.00449
0.00447
0.00445
0.00443
0.0044
0.00439
0.00437
0.00435
0.00434
0.00431
0.0043
0.00428
0.00428
0.00426
0.00425
0.00423
0.00424
0.00423
0.00422
0.00422
0.00422
0.00422
0.00422
0.00423
0.00424
0.00423
0.00425
0.00425
0.00427
0.00427
0.00428
0.00428
0.0043
0.0043
0.00431
0.00432
0.00432
0.00433
0.00434
0.00435
0.00436
0.00435
0.00437
0.00437
0.00439
0.00439
0.0044
0.0044
0.00442
0.00442
0.00443
0.00443
0.00444
0.00445
0.00447
0.00448
0.0045
0.0045
0.00452
0.00453
0.00455
0.00456
0.00458
0.00458
0.0046
0.0046
0.00461
0.00462
0.00462
0.00463
0.00463
0.00463
0.00463
0.00461
0.00461
0.00459
0.00458
0.00456
0.00455
0.00452
0.0045
0.00447
0.00444
0.0044
0.00437
0.00434
0.0043
0.00427
0.00424
0.00419
0.00416
0.00412
0.00409
0.00405
0.00402
0.00398
0.00396
0.00393
0.0039
0.00387
0.00385
0.00383
0.00381
0.00379
0.00378
0.00376
0.00376
0.00374
0.00375
0.00373
0.00373
0.00372
0.00373
0.00373
0.00373
0.00373
0.00373
0.00374
0.00375
0.00375
0.00377
0.00376
0.00378
0.00378
0.00379
0.00379
0.00381
0.00381
0.00382
0.00383
0.00383
0.00384
0.00384
0.00385
0.00386
0.00386
0.00387
0.00387
0.00388
0.00388
0.00389
0.00388
0.00389
0.00388
0.0039
0.00389
0.0039
0.00389
0.00389
0.00389
0.00389
0.00389
0.00389
0.00388
0.00388
0.00388
0.00388
0.00387
0.00387
0.00386
0.00386
0.00385
0.00385
0.00384
0.00383
0.00383
0.00383
0.00382
0.00382
0.00381
0.00381
0.0038
0.0038
0.00379
0.00379
0.00378
0.00378
0.00377
0.00377
0.00376
0.00375
0.00375
0.00375
0.00375
0.00375
0.00374
0.00374
0.00374
0.00374
0.00373
0.00374
0.00373
0.00375
0.00374
0.00374
0.00374
0.00374
0.00375
0.00375
0.00376
0.00377
0.00376
0.00377
0.00377
0.00378
0.00378
0.00379
0.00378
0.0038
0.0038
0.0038
0.0038
0.0038
0.0038
0.00381
0.00381
0.00381
0.0038
0.00381
0.0038
0.00382
0.0038
0.00381
0.0038
0.00382
0.00381
0.00381
0.00381
0.00382
0.00382
0.00383
0.00383
0.00385
0.00384
0.00386
0.00386
0.00388
0.00388
0.0039
0.0039
0.00392
0.00393
0.00394
0.00395
0.00396
0.00397
0.00399
0.004
0.00402
0.00402
0.00404
0.00404
0.00406
0.00407
0.00408
0.00408
0.0041
0.00411
0.00412
0.00412
0.00413
0.00414
0.00414
0.00415
0.00416
0.00416
0.00417
0.00417
0.00418
