1.55439209352794E+02

0.00482
0.00484
0.00487
0.00489
0.00493
0.00495
0.00498
0.00501
0.00503
0.00506
0.0051
0.00512
0.00516
0.00517
0.00521
0.00523
0.00527
0.00528
0.00531
0.00533
0.00536
0.00538
0.0054
0.00541
0.00543
0.00544
0.00546
0.00547
0.00549
0.00549
0.00551
0.00551
0.00552
0.00552
0.00553
0.00553
0.00554
0.00553
0.00553
0.00553
0.00553
0.00553
0.00553
0.00552
0.00552
0.00551
0.00551
0.00549
0.00549
0.00548
0.00548
0.00546
0.00546
0.00544
0.00543
0.00542
0.0054
0.0054
0.00539
0.00538
0.00537
0.00535
0.00535
0.00533
0.00534
0.00532
0.00533
0.00532
0.00533
0.00532
0.00533
0.00533
0.00533
0.00535
0.00536
0.00538
0.0054
0.00541
0.00543
0.00545
0.00548
0.00549
0.00552
0.00554
0.00557
0.00559
0.00561
0.00563
0.00564
0.00566
0.00568
0.0057
0.00571
0.00571
0.00572
0.00572
0.00573
0.00572
0.00572
0.00571
0.00571
0.00569
0.00567
0.00565
0.00563
0.00561
0.00559
0.00557
0.00555
0.00551
0.0055
0.00547
0.00545
0.00542
0.0054
0.00537
0.00536
0.00533
0.00531
0.00529
0.00527
0.00525
0.00523
0.00522
0.0052
0.00517
0.00516
0.00514
0.00512
0.00509
0.00508
0.00504
0.00503
0.005
0.00497
0.00494
0.00491
0.00487
0.00484
0.00481
0.00478
0.00473
0.0047
0.00465
0.00462
0.00457
0.00453
0.00448
0.00445
0.00441
0.00437
0.00433
0.00429
0.00426
0.00422
0.00419
0.00417
0.00413
0.00411
0.00408
0.00406
0.00403
0.00402
0.00399
0.00399
0.00397
0.00396
0.00395
0.00393
0.00393
0.00392
0.00391
0.00391
0.0039
0.0039
0.00389
0.00389
0.00388
0.00388
0.00387
0.00388
0.00387
0.00387
0.00386
0.00386
0.00386
0.00386
0.00386
0.00386
0.00385
0.00386
0.00385
0.00386
0.00386
0.00386
0.00385
0.00387
0.00386
0.00387
0.00387
0.00387
0.00388
0.00388
0.00389
0.0039
0.00389
0.0039
0.00391
0.00392
0.00392
0.00393
0.00393
0.00396
0.00396
0.00397
0.00398
0.00399
0.00401
0.00403
0.00405
0.00408
0.00409
0.00413
0.00414
0.00418
0.0042
0.00424
0.00427
0.00432
0.00435
0.00439
0.00443
0.00447
0.00452
0.00458
0.00463
0.00468
0.00473
0.00479
0.00484
0.00491
0.00496
0.00502
0.00508
0.00515
0.00521
0.00527
0.00533
0.00539
0.00546
0.00552
0.00559
0.00565
0.00571
0.00577
0.00583
0.0059
0.00595
0.00601
0.00606
0.00612
0.00617
0.00622
0.00627
0.00631
0.00636
0.00641
0.00644
0.00649
0.00651
0.00654
0.00657
0.0066
0.00661
0.00663
0.00663
0.00665
0.00665
0.00665
0.00664
0.00663
0.00662
0.0066
0.00659
0.00657
0.00653
0.00651
0.00647
0.00645
0.00641
0.00637
0.00633
0.0063
0.00626
0.00622
0.00618
0.00614
0.0061
0.00607
0.00603
0.00601
0.00596
0.00594
0.00591
0.00589
0.00585
0.00584
0.00581
0.0058
0.00577
0.00576
0.00574
0.00572
0.0057
0.00569
0.00567
0.00565
0.00562
0.00561
0.00558
0.00556
0.00552
0.00549
0.00545
0.00543
0.00538
0.00534
0.00529
0.00524
0.00519
0.00514
0.00509
0.00504
0.00497
0.00492
0.00485
0.0048
0.00473
0.00467
0.0046
0.00455
0.00449
0.00443
0.00437
0.00431
0.00426
0.00421
0.00416
0.00411
0.00406
0.00402
0.00397
0.00393
0.00388
0.00385
0.0038
0.00377
0.00372
0.00368
0.00364
0.00359
0.00355
0.00351
0.00347
0.00343
0.00337
0.00333
0.00328
0.00324
0.00318
0.00314
0.00308
0.00305
0.00299
0.00295
0.0029
0.00285
0.00282
0.00278
0.00275
0.00272
0.00268
0.00267
0.00264
0.00263
0.00261
0.00261
0.00259
0.00261
0.0026
0.00261
0.00262
0.00263
0.00264
0.00267
0.00269
0.00271
0.00272
0.00276
0.00277
0.00281
0.00282
0.00285
0.00287
0.0029
0.00292
0.00294
0.00296
0.00297
0.00299
0.00302
0.00303
0.00305
0.00306
0.00308
0.0031
0.00312
0.00313
0.00315
0.00316
0.0032
0.00321
0.00323
0.00326
0.00328
0.00331
0.00333
0.00336
0.00339
0.00341
0.00344
0.00346
0.00349
0.00351
0.00353
0.00354
0.00357
0.00357
0.00358
0.00358
0.00358
0.00358
0.00358
0.00357
0.00356
0.00353
0.00352
0.00349
0.00347
0.00343
0.00341
0.00337
0.00335
0.00331
0.00328
0.00325
0.00323
0.0032
0.00318
0.00316
0.00316
0.00313
0.00314
0.00313
0.00314
0.00314
0.00316
0.00317
0.0032
0.00322
0.00325
0.00328
0.00332
0.00336
0.00341
0.00345
0.0035
0.00354
0.00359
0.00364
0.00369
0.00373
0.00378
0.00382
0.00387
0.00391
0.00395
0.00398
0.00401
0.00405
0.00409
0.00412
0.00416
0.00417
0.00421
0.00424
0.00427
0.00429
0.00432
0.00434
0.00437
0.00439
0.00442
0.00444
0.00446
0.00449
0.00452
0.00454
0.00457
0.00459
0.00462
0.00464
0.00467
0.00469
0.00471
0.00473
0.00476
0.00478
0.00479
0.00481
0.00483
0.00484
0.00486
0.00487
0.00489
0.00488
0.0049
0.0049
0.00491
0.00491
0.00492
0.00491
0.00492
0.00491
0.00491
0.0049
0.00489
0.00489
0.00488
0.00487
0.00487
0.00484
0.00483
0.00481
0.0048
0.00477
0.00474
0.00471
0.00469
0.00465
0.00462
0.00458
0.00454
0.0045
0.00446
0.00442
0.00437
0.00432
0.00427
0.00422
0.00418
0.00412
0.00408
0.00402
0.00399
0.00394
0.00389
0.00385
0.00381
0.00378
0.00375
0.00373
0.00371
0.00368
0.00367
0.00366
0.00366
0.00365
0.00366
0.00365
0.00367
0.00368
0.0037
0.00371
0.00373
0.00375
0.00378
0.0038
0.00383
0.00384
0.00387
0.00389
0.00392
0.00393
0.00395
0.00396
0.00398
0.00399
0.00399
0.004
0.004
0.004
0.00401
0.004
0.004
0.00398
0.00398
0.00397
0.00397
0.00395
0.00395
0.00393
0.00393
0.00391
0.00391
0.0039
0.00389
0.00389
0.0039
0.0039
0.00391
0.0039
0.00392
0.00392
0.00395
0.00395
0.00397
0.00398
0.00401
0.00403
0.00406
0.00408
0.0041
0.00413
0.00416
0.00418
0.00421
0.00422
0.00426
0.00428
0.00431
0.00432
0.00435
0.00436
0.00439
0.0044
0.00442
0.00443
0.00445
0.00447
0.00448
0.0045
0.00452
0.00452
0.00454
0.00455
0.00457
0.00458
0.0046
0.00461
0.00464
0.00465
0.00467
0.00468
0.0047
0.00473
0.00475
0.00478
0.0048
0.00482
0.00485
0.00487
0.00491
0.00492
0.00496
0.00497
0.00501
0.00504
0.00506
0.00509
0.00511
0.00514
0.00516
0.00518
0.00522
0.00523
0.00525
0.00527
0.0053
0.0053
0.00533
0.00533
0.00536
0.00536
0.00538
0.00539
0.0054
0.0054
0.00541
0.00542
0.00543
0.00543
0.00544
0.00543
0.00544
0.00543
0.00543
0.00542
0.00543
0.00542
0.00541
0.0054
0.00539
0.00538
0.00537
0.00536
0.00535
0.00533
0.00533
0.00531
0.0053
0.00528
0.00527
0.00525
0.00524
0.00522
0.00521
0.00519
0.00517
0.00517
0.00516
0.00515
0.00514
0.00512
0.00512
0.0051
0.0051
0.00509
0.00509
0.00507
0.00508
0.00507
0.00505
0.00505
0.00504
0.00503
0.00502
0.00501
0.005
0.00497
0.00496
0.00494
0.00492
0.00489
0.00487
0.00484
0.00482
0.00478
0.00474
0.00471
0.00467
0.00463
0.0046
0.00455
0.00452
0.00446
0.00442
0.00437
0.00434
0.00429
0.00425
0.00419
0.00416
0.00411
0.00407
0.00403
0.00399
0.00395
0.00392
0.00388
0.00385
0.00381
0.00379
0.00375
0.00373
0.00369
0.00367
0.00364
0.00362
0.00359
0.00357
0.00354
0.00351
0.00349
0.00347
0.00346
0.00344
0.00341
0.0034
0.00338
0.00337
0.00335
0.00335
0.00333
0.00334
0.00333
0.00333
0.00333
0.00333
0.00335
0.00337
0.00339
0.00341
0.00343
0.00347
0.00351
0.00356
0.0036
0.00366
0.00371
0.00378
0.00385
0.00392
0.004
0.00408
0.00417
0.00426
0.00436
0.00447
0.00456
0.00468
0.00478
0.00491
0.00502
0.00514
0.00526
0.0054
0.00553
0.00567
0.0058
0.00594
0.00609
0.00624
0.0064
0.00656
0.00671
0.00688
0.00705
0.00723
0.0074
0.00758
0.00776
0.00796
0.00815
0.00835
0.00855
0.00875
0.00896
0.00918
0.00939
0.00961
0.00983
0.01006
0.01027
0.01051
0.01073
0.01097
0.01119
0.01143
0.01166
0.01189
0.01211
0.01234
0.01257
0.0128
0.01303
0.01326
0.01347
0.0137
0.01391
0.01414
0.01435
0.01457
0.01477
0.01499
0.01519
0.01539
0.01559
0.01579
0.01599
0.01619
0.01638
0.01657
0.01675
0.01694
0.01712
0.0173
0.01747
0.01764
0.0178
0.01798
0.01813
0.01828
0.01843
0.01857
0.01872
0.01885
0.01898
0.01911
0.01922
0.01935
0.01945
0.01957
0.01966
0.01976
0.01984
0.01994
0.02002
0.02009
0.02017
0.02023
0.0203
0.02036
0.02043
0.02049
0.02053
0.02059
0.02063
0.02069
0.02072
0.02077
0.0208
0.02085
0.02088
0.02091
0.02093
0.02096
0.02098
0.021
0.02102
0.02103
0.02103
0.02104
0.02103
0.02103
0.02102
0.02101
0.02098
0.02097
0.02093
0.0209
0.02087
0.02082
0.02078
0.02074
0.02069
0.02064
0.02057
0.02052
0.02046
0.02041
0.02034
0.02028
0.02022
0.02017
0.0201
0.02004
0.01998
0.01992
0.01987
0.01982
0.01977
0.01972
0.01966
0.01961
0.01956
0.01952
0.01946
0.01942
0.01936
0.01931
0.01926
0.0192
0.01914
0.01908
0.01902
0.01896
0.01889
0.01883
0.01874
0.01867
0.01859
0.01851
0.01842
0.01834
0.01824
0.01816
0.01806
0.01797
0.01787
0.01777
0.01767
0.01758
0.01748
0.01739
0.01728
0.01719
0.0171
0.01701
0.01692
0.01684
0.01674
0.01667
0.01659
0.01651
0.01644
0.01637
0.0163
0.01623
0.01617
0.01611
0.01604
0.01599
0.01593
0.01588
0.01582
0.01577
0.01571
0.01567
0.01561
0.01555
0.0155
0.01545
0.0154
0.01535
0.01529
0.01525
0.01519
0.01514
0.01509
0.01504
0.01498
0.01494
0.01488
0.01484
0.01479
0.01475
0.0147
0.01466
0.01462
0.01458
0.01454
0.01451
0.01447
0.01444
0.01441
0.01439
0.01436
0.01434
0.01431
0.0143
0.01428
0.01426
0.01424
0.01422
0.01421
0.0142
0.01418
0.01417
0.01415
0.01414
0.01411
0.0141
0.01407
0.01405
0.01401
0.01399
0.01395
0.01392
0.01388
0.01383
0.01379
0.01374
0.01369
0.01365
0.01358
0.01353
0.01346
0.01341
0.01334
0.01328
0.01321
0.01315
0.01308
0.01302
0.01295
0.01288
0.01283
0.01277
0.01271
0.01266
0.01259
0.01255
0.01249
0.01246
0.0124
0.01236
0.01231
0.01228
0.01224
0.0122
0.01216
0.01213
0.0121
0.01207
0.01203
0.012
0.01196
0.01193
0.01189
0.01186
0.01182
0.01179
0.01174
0.01171
0.01167
0.01163
0.01159
0.01154
0.01151
0.01147
0.01143
0.0114
0.01136
0.01133
0.01129
0.01127
0.01123
0.01122
0.01118
0.01117
0.01115
0.01114
0.01112
0.01111
0.01111
0.0111
0.0111
0.0111
0.0111
0.0111
0.0111
0.01112
0.01111
0.01112
0.01112
0.01113
0.01112
0.01112
0.01112
0.01112
0.01111
0.01111
0.0111
0.01109
0.01107
0.01106
0.01104
0.01102
0.01099
0.01097
0.01094
0.01092
0.01089
0.01086
0.01082
0.01078
0.01075
0.01072
0.01068
0.01065
0.0106
0.01057
0.01052
0.01048
0.01043
0.01039
0.01034
0.0103
0.01024
0.01019
0.01014
0.01008
0.01003
0.00997
0.00991
0.00985
0.00978
0.00972
0.00965
0.00959
0.00951
0.00944
0.00936
0.0093
0.00922
0.00915
0.00907
0.009
0.00892
0.00885
0.00878
0.00872
0.00864
0.00858
0.00851
0.00846
0.00839
0.00834
0.00828
0.00824
0.00818
0.00814
0.00809
0.00804
0.00801
0.00797
0.00793
0.0079
0.00786
0.00783
0.00779
0.00777
0.00773
0.0077
0.00766
0.00763
0.0076
0.00756
0.00752
0.00748
0.00744
0.0074
0.00736
0.00732
0.00727
0.00724
0.00718
0.00714
0.00709
0.00705
0.00699
0.00696
0.0069
0.00686
0.00681
0.00676
0.00672
0.00668
0.00664
0.0066
0.00655
0.00652
0.00648
0.00645
0.00641
0.00639
0.00635
0.00633
0.0063
0.00628
0.00625
0.00623
0.00621
0.0062
0.00618
0.00617
0.00615
0.00614
0.00612
0.00611
0.0061
0.00609
0.00607
0.00607
0.00606
0.00605
0.00604
0.00603
0.00602
0.00601
0.006
0.006
0.00598
0.00598
0.00597
0.00597
0.00595
0.00595
0.00593
0.00593
0.00592
0.00592
0.00591
0.0059
0.0059
0.0059
0.0059
0.0059
0.00589
0.0059
0.0059
0.00591
0.00591
0.00592
0.00592
0.00594
0.00595
0.00596
0.00598
0.00599
0.00601
0.00603
0.00605
0.00608
0.00609
0.00611
0.00613
0.00616
0.00617
0.0062
0.00621
0.00624
0.00625
0.00626
0.00627
0.00628
0.00628
0.00629
0.00629
0.00629
0.00628
0.00628
0.00627
0.00626
0.00624
0.00623
0.0062
0.00619
0.00616
0.00614
0.00611
0.00609
0.00607
0.00605
0.00603
0.00601
0.00598
0.00597
0.00595
0.00595
0.00593
0.00592
0.00591
0.00592
0.00591
0.00591
0.00591
0.00592
0.00592
0.00593
0.00594
0.00596
0.00596
0.00597
0.00598
0.00599
0.00599
0.006
0.006
0.00601
0.006
0.006
0.00598
0.00597
0.00596
0.00594
0.00592
0.0059
0.00586
0.00584
0.0058
0.00577
0.00573
0.00569
0.00564
0.00561
0.00556
0.00552
0.00547
0.00543
0.00538
0.00535
0.0053
0.00527
0.00521
0.00518
0.00514
0.0051
0.00506
0.00503
0.00499
0.00496
0.00492
0.00489
0.00486
0.00482
0.00479
0.00476
0.00473
0.0047
0.00465
0.00462
0.00458
0.00455
0.0045
0.00446
0.00441
0.00438
0.00432
0.00428
0.00423
0.00417
0.00413
0.00408
0.00403
0.00399
0.00393
0.00389
0.00384
0.0038
0.00375
0.00372
0.00367
0.00365
0.00361
0.00359
0.00356
0.00353
0.00352
0.00351
0.00349
0.00349
0.00348
0.00349
0.00348
0.00349
0.00349
0.00351
0.00351
0.00354
0.00354
0.00356
0.00357
0.00358
0.0036
0.00362
0.00363
0.00364
0.00364
0.00366
0.00365
0.00367
0.00366
0.00366
0.00364
0.00364
0.00363
0.00361
0.00359
0.00357
0.00355
0.00352
0.00349
0.00347
0.00343
0.00341
0.00337
0.00335
0.00331
0.00328
0.00324
0.00323
0.0032
0.00317
0.00315
0.00313
0.00311
0.0031
0.0031
0.0031
0.00308
0.0031
0.0031
0.00311
0.00312
0.00314
0.00315
0.00318
0.0032
0.00323
0.00325
0.00328
0.00331
0.00334
0.00337
0.00341
0.00342
0.00346
0.00349
0.00352
0.00354
0.00357
0.00358
0.00361
0.00363
0.00364
0.00366
0.00367
0.00368
0.0037
0.00371
0.00372
0.00372
0.00374
0.00374
0.00376
0.00377
0.00378
0.00379
0.00382
0.00383
0.00385
0.00386
0.00389
0.00392
0.00395
0.00398
0.00402
0.00405
0.0041
0.00413
0.00418
0.00422
0.00427
0.00431
0.00437
0.00441
0.00446
0.0045
0.00455
0.00459
0.00464
0.00468
0.00473
0.00475
0.00479
0.00482
0.00486
0.00487
0.0049
0.00491
0.00494
0.00495
0.00496
0.00497
0.00497
0.00498
0.00499
0.00499
0.00499
0.00499
0.00499
0.00498
0.00499
0.00498
0.00499
0.00497
0.00499
0.00498
0.00498
0.00498
0.00498
0.00499
0.005
0.00501
0.00502
0.00502
0.00503
0.00504
0.00505
0.00506
0.00507
0.00508
0.0051
0.0051
0.00511
0.00512
0.00512
0.00513
0.00514
0.00514
0.00515
0.00514
0.00514
0.00514
0.00514
0.00512
0.00512
0.0051
0.0051
0.00509
0.00507
0.00505
0.00504
0.00502
0.00501
0.00499
0.00498
0.00496
0.00495
0.00493
0.00492
0.0049
0.00489
0.00488
0.00488
0.00487
0.00486
0.00486
0.00486
0.00486
0.00487
0.00488
0.00489
0.00489
0.00491
0.00492
0.00495
0.00496
0.00499
0.00501
0.00504
0.00506
0.00509
0.00511
0.00514
0.00517
0.00519
0.00522
0.00525
0.00527
0.0053
0.00532
0.00534
0.00535
0.00537
0.00538
0.0054
0.00541
0.00541
0.00541
0.00541
0.00541
0.00541
0.0054
0.0054
0.00537
0.00537
0.00535
0.00533
0.00531
0.00529
0.00526
0.00525
0.00522
0.0052
0.00517
0.00515
0.00512
0.0051
0.00509
0.00507
0.00504
0.00504
0.00502
0.00501
0.00499
0.00499
0.00498
0.00499
0.00498
0.00498
0.00498
0.00498
0.00499
0.00501
0.00501
0.00503
0.00503
0.00505
0.00506
0.00508
0.00509
0.0051
0.00511
0.00513
0.00514
0.00515
0.00515
0.00516
0.00517
0.00517
0.00517
0.00518
0.00516
0.00517
0.00515
0.00515
0.00514
0.00513
0.00511
0.0051
0.00508
0.00506
0.00504
0.00502
0.005
0.00498
0.00496
0.00494
0.0049
0.00488
0.00485
0.00484
0.0048
0.00478
0.00474
0.00473
0.0047
0.00466
0.00463
0.0046
0.00457
0.00454
0.00451
0.00448
0.00443
0.00441
0.00437
0.00434
0.00429
0.00425
0.0042
0.00417
0.00412
0.00408
0.00403
0.00398
0.00393
0.00389
0.00384
0.0038
0.00374
0.0037
0.00365
0.00361
0.00355
0.00352
0.00347
0.00344
0.00339
0.00335
0.00331
0.00328
0.00324
0.00322
0.00319
0.00317
0.00314
0.00312
0.0031
0.00309
0.00307
0.00306
0.00304
0.00304
0.00303
0.00302
0.00301
0.003
0.003
0.003
0.003
0.00301
0.003
0.00301
0.00301
0.00302
0.00302
0.00302
0.00302
0.00303
0.00303
0.00304
0.00304
0.00305
0.00306
0.00307
0.00307
0.00308
0.00308
0.0031
0.0031
0.00311
0.00311
0.00312
0.00312
0.00314
0.00314
0.00315
0.00315
0.00315
0.00316
0.00317
0.00318
0.0032
0.00319
0.00321
0.00321
0.00323
0.00323
0.00325
0.00326
0.00328
0.00329
0.00331
0.00333
0.00335
0.00337
0.00341
0.00343
0.00347
0.00349
0.00353
0.00356
0.00361
0.00364
0.00368
0.00372
0.00377
0.00381
0.00385
0.0039
0.00393
0.00398
0.00402
0.00406
0.00411
0.00413
0.00417
0.00419
0.00422
0.00424
0.00426
0.00427
0.00429
0.00429
0.0043
0.00429
0.00429
0.00428
0.00427
0.00426
0.00424
0.00421
0.00419
0.00417
0.00415
0.00411
0.00409
0.00406
0.00404
0.00401
0.00398
0.00396
0.00394
0.00392
0.00391
0.0039
0.00389
0.00388
0.00388
0.00387
0.00388
0.00388
0.0039
0.0039
0.00392
0.00393
0.00394
0.00396
0.00397
0.00399
0.00401
0.00403
0.00404
0.00405
0.00407
0.00407
0.00409
0.00409
0.00409
0.00409
0.0041
0.00409
0.00408
0.00407
0.00406
0.00404
0.00403
0.00402
0.00401
0.00398
0.00397
0.00395
0.00393
0.00391
0.0039
0.00388
0.00387
0.00386
0.00385
0.00384
0.00383
0.00383
0.00383
0.00383
0.00384
0.00383
0.00385
0.00385
0.00386
0.00386
0.00388
0.00388
0.0039
0.0039
0.00391
0.00391
0.00391
0.00392
0.00392
0.00392
0.00392
0.0039
0.0039
0.00388
0.00387
0.00384
0.00382
0.00379
0.00377
0.00374
0.0037
0.00367
0.00363
0.0036
0.00357
0.00353
0.0035
0.00346
0.00343
0.0034
0.00337
0.00334
0.00333
0.0033
0.00329
0.00328
0.00326
0.00326
0.00326
0.00326
0.00328
0.00329
0.00331
0.00332
0.00336
0.00338
0.00342
0.00345
0.00349
0.00352
0.00358
0.00362
0.00366
0.0037
0.00375
0.00379
0.00384
0.00388
0.00393
0.00396
0.004
0.00403
0.00407
0.00409
0.00411
0.00413
0.00415
0.00416
0.00417
0.00417
0.00417
0.00417
0.00417
0.00417
0.00416
0.00414
0.00414
0.00412
0.00412
0.00409
0.00409
0.00407
0.00407
0.00406
0.00405
0.00404
0.00404
0.00404
0.00404
0.00405
0.00406
0.00406
0.00409
0.0041
0.00413
0.00414
0.00416
0.00418
0.00421
0.00423
0.00426
0.00428
0.0043
0.00432
0.00434
0.00435
0.00437
0.00437
0.00439
0.00439
0.00439
0.00438
0.00438
0.00436
0.00435
0.00432
0.0043
0.00427
0.00424
0.00421
0.00418
0.00414
0.00411
0.00406
0.00403
0.00398
0.00395
0.0039
0.00386
0.00382
0.00379
0.00375
0.00372
0.00369
0.00366
0.00364
0.00362
0.0036
0.00359
0.00356
0.00356
0.00355
0.00355
0.00354
0.00354
0.00354
0.00355
0.00355
0.00356
0.00357
0.00357
0.00359
0.0036
0.00362
0.00364
0.00365
0.00367
0.00369
0.00372
0.00373
0.00375
0.00377
0.0038
0.00382
0.00384
0.00386
0.00388
0.0039
0.00393
0.00395
0.00397
0.00398
0.00401
0.00401
0.00404
0.00404
0.00406
0.00406
0.00408
0.00409
0.00409
0.0041
0.0041
0.0041
0.00411
0.00411
0.00411
0.0041
0.00411
0.00411
0.00411
0.00411
0.00411
0.00411
0.00412
0.00411
0.00412
0.00412
0.00413
0.00414
0.00415
0.00416
0.00418
0.00418
0.0042
0.00421
0.00424
0.00424
0.00427
0.00427
0.0043
0.00431
0.00432
0.00434
0.00435
0.00436
0.00438
0.00439
0.0044
0.0044
0.00441
0.00441
0.00442
0.00442
0.00442
0.00442
0.00443
0.00442
0.00442
0.00442
0.00442
0.00443
0.00443
0.00444
0.00445
0.00445
0.00446
0.00447
0.00448
0.00449
0.0045
0.00451
0.00454
0.00455
0.00457
0.00458
0.00459
0.00461
0.00463
0.00464
0.00466
0.00466
0.00468
0.00468
0.0047
0.0047
0.0047
0.0047
0.0047
0.0047
0.00469
0.00468
0.00467
0.00466
0.00465
0.00464
0.00463
0.00461
0.0046
0.00458
0.00458
0.00457
0.00456
0.00455
0.00455
0.00455
0.00455
0.00455
0.00455
0.00456
0.00457
0.00459
0.00461
0.00462
0.00465
0.00468
0.00471
0.00474
0.00478
0.0048
0.00485
0.00488
0.00492
0.00496
0.005
0.00505
0.00509
0.00513
0.00518
0.00521
0.00526
0.00529
0.00533
0.00536
0.0054
0.00543
0.00547
0.0055
0.00553
0.00555
0.00558
0.0056
0.00562
0.00564
0.00567
0.00568
0.0057
0.00571
0.00573
0.00574
0.00576
0.00576
0.00578
0.00578
0.00579
0.0058
0.0058
0.00581
0.00582
0.00583
0.00584
0.00584
0.00585
0.00585
0.00586
0.00586
0.00587
0.00587
0.00588
0.00588
0.00588
0.00588
0.00587
0.00587
0.00587
0.00587
0.00587
0.00585
0.00585
0.00584
0.00584
0.00581
0.0058
0.00578
0.00577
0.00575
0.00572
0.0057
0.00567
0.00565
0.00562
0.00559
0.00557
0.00553
0.00551
0.00547
0.00545
0.0054
0.00538
0.00533
0.00531
0.00527
0.00524
0.0052
0.00517
0.00513
0.0051
0.00507
0.00504
0.00499
0.00496
0.00492
0.00489
0.00485
0.00482
0.00478
0.00474
0.0047
0.00466
0.00462
0.00458
0.00454
0.0045
0.00445
0.00442
0.00436
0.00433
0.00428
0.00425
0.00419
0.00416
0.00411
0.00408
0.00404
0.004
0.00396
0.00392
0.00389
0.00386
0.00383
0.00381
0.00377
0.00376
0.00373
0.00372
0.00369
0.00368
0.00365
0.00365
0.00363
0.00362
0.00361
0.0036
0.00359
0.00359
0.00358
0.00358
0.00356
0.00356
0.00355
0.00356
0.00355
0.00355
0.00354
0.00355
0.00355
0.00355
0.00355
0.00355
0.00355
0.00356
0.00357
0.00358
0.00358
0.00359
0.0036
0.00362
0.00362
0.00364
0.00364
0.00366
0.00366
0.00367
0.00367
0.00368
0.00368
0.00369
0.00369
0.0037
0.00368
0.00368
0.00366
0.00366
0.00363
0.00362
0.00359
0.00357
0.00354
0.00351
0.00347
0.00343
0.0034
0.00336
0.00333
0.00329
0.00324
0.00321
0.00317
0.00314
0.0031
0.00307
0.00303
0.00302
0.00299
0.00297
0.00295
0.00293
0.00292
0.00291
0.0029
0.0029
0.00289
0.0029
0.0029
0.00291
0.0029
0.00291
0.00291
0.00292
0.00292
0.00293
0.00292
0.00292
0.00293
0.00293
0.00292
0.00293
0.00291
0.00291
0.0029
0.0029
0.00288
0.00288
0.00286
0.00286
0.00285
0.00284
0.00284
0.00283
0.00283
0.00283
0.00284
0.00285
0.00285
0.00287
0.00288
0.0029
0.00292
0.00295
0.00297
0.00301
0.00303
0.00307
0.0031
0.00314
0.00318
0.00322
0.00326
0.0033
0.00333
0.00338
0.00341
0.00346
0.00348
0.00352
0.00355
0.00359
0.00361
0.00364
0.00366
0.00368
0.00371
0.00374
0.00376
0.00378
0.0038
0.00383
0.00384
0.00387
0.00388
0.00391
0.00393
0.00396
0.00398
0.004
0.00402
0.00404
0.00408
0.0041
0.00413
0.00416
0.00418
0.00421
0.00423
0.00426
0.00428
0.0043
0.00432
0.00434
0.00435
0.00437
0.00438
0.00439
0.0044
0.0044
0.00441
0.00441
0.0044
0.00441
0.0044
0.0044
0.00439
0.00439
0.00437
0.00437
0.00435
0.00435
0.00434
0.00432
0.00432
0.00431
0.0043
0.0043
0.00429
0.0043
0.00429
0.0043
0.00429
0.0043
0.00429
0.0043
0.0043
0.00431
0.00431
0.00432
0.00432
0.00434
0.00434
0.00435
0.00435
0.00437
0.00437
0.00438
0.00438
0.00439
0.00439
0.0044
0.0044
0.00441
0.00441
0.00441
0.00441
0.00442
0.00442
0.00442
0.00442
0.00442
0.00442
0.00442
0.00442
0.00442
0.00441
0.00442
0.00441
0.00441
0.0044
0.0044
0.0044
0.0044
0.00439
0.0044
0.00439
0.00439
0.00438
0.00439
0.00438
0.00438
0.00437
0.00438
0.00437
0.00437
0.00437
0.00437
0.00437
0.00438
0.00438
0.00439
0.00438
0.00439
0.00438
0.00439
0.00439
0.00439
0.00439
0.0044
0.00439
0.00439
0.00439
0.00438
0.00438
0.00438
0.00438
0.00437
0.00436
0.00436
0.00435
0.00434
0.00433
0.00432
0.0043
0.0043
0.00429
0.00428
0.00426
0.00425
0.00424
0.00424
0.00423
0.00423
0.00421
0.00421
0.0042
0.00421
0.0042
0.00421
0.0042
0.00421
0.00421
0.00421
0.00421
0.00422
0.00422
0.00424
0.00424
0.00425
0.00425
0.00426
0.00426
0.00427
0.00427
0.00427
0.00426
0.00427
0.00427
0.00426
0.00426
0.00424
0.00424
0.00423
0.00422
0.00422
0.00419
0.00419
0.00417
0.00416
0.00414
0.00413
0.00411
0.00411
0.00409
0.00408
0.00406
0.00405
0.00404
0.00403
0.00403
0.00402
0.00401
0.00401
0.004
0.004
0.00399
0.00399
0.00398
0.00399
0.00398
0.00398
0.00397
0.00396
0.00396
0.00396
0.00396
0.00396
0.00394
0.00395
0.00393
0.00393
0.00392
0.00392
0.00391
0.00391
0.0039
0.0039
0.0039
0.00389
0.00389
0.0039
0.0039
0.00391
0.00391
0.00393
0.00394
0.00396
0.00397
0.00399
0.00401
0.00404
0.00406
0.00409
0.00412
0.00415
0.00419
0.00422
0.00426
0.0043
0.00433
0.00437
0.0044
0.00445
0.00448
0.00452
0.00455
0.00459
0.00462
0.00465
0.00468
0.00471
0.00473
0.00476
0.00479
0.00481
0.00483
0.00485
0.00487
0.00489
0.0049
0.00492
0.00492
0.00494
0.00495
0.00496
0.00497
0.00497
0.00498
0.00499
0.005
0.00501
0.005
0.00501
0.00501
0.00501
0.00501
0.00501
0.005
0.00501
0.00499
0.00499
0.00497
0.00496
0.00496
0.00495
0.00493
0.00492
0.0049
0.00489
0.00487
0.00486
0.00484
0.00483
0.0048
0.0048
0.00478
0.00476
0.00474
0.00473
0.00472
0.00471
0.00471
0.00471
0.00469
0.0047
0.00469
0.0047
0.0047
0.00471
0.0047
0.00472
0.00472
0.00473
0.00474
0.00475
0.00476
0.00478
0.00478
0.0048
0.0048
0.00481
0.00482
0.00483
0.00483
0.00483
0.00483
0.00484
0.00483
0.00483
0.00482
0.00481
0.0048
0.0048
0.00479
0.00478
0.00476
0.00475
0.00473
0.00473
0.0047
0.0047
0.00467
0.00467
0.00465
0.00463
0.00462
0.0046
0.0046
0.00459
0.00458
0.00457
0.00455
0.00455
0.00453
0.00453
0.00451
0.0045
0.00448
0.00448
0.00447
0.00445
0.00444
0.00442
0.00441
0.0044
0.00438
0.00437
0.00434
0.00434
0.00431
0.0043
0.00428
0.00427
0.00425
0.00424
0.00422
0.00421
0.0042
0.00419
0.00418
0.00418
0.00418
0.00418
0.00417
0.00419
0.00419
0.00421
0.00421
0.00422
0.00423
0.00426
0.00427
0.00429
0.0043
0.00432
0.00434
0.00437
0.00439
0.00442
0.00443
0.00446
0.00448
0.0045
0.00452
0.00454
0.00455
0.00458
0.0046
0.00462
0.00463
0.00465
0.00467
0.0047
0.00471
0.00474
0.00475
0.00478
0.00479
0.00483
0.00484
0.00487
0.00489
0.00492
0.00494
0.00497
0.005
0.00502
0.00505
0.00508
0.00511
0.00514
0.00516
0.00519
0.00521
0.00524
0.00525
0.00528
0.00528
0.00531
0.00532
0.00533
0.00534
0.00534
0.00535
0.00535
0.00535
0.00535
0.00534
0.00534
0.00533
0.00533
0.00531
0.0053
0.00528
0.00527
0.00525
0.00524
0.00522
0.0052
0.00519
0.00518
0.00517
0.00515
0.00513
0.00513
0.00511
0.0051
0.00509
0.00508
0.00506
0.00506
0.00505
0.00504
0.00503
0.00502
0.00502
0.00501
0.00501
0.00501
0.00499
0.00499
0.00499
0.00499
0.00497
0.00497
0.00496
0.00496
0.00495
0.00494
0.00493
0.00492
0.00491
0.00491
0.00489
0.00488
0.00486
0.00485
0.00483
0.00481
0.00478
0.00476
0.00473
0.00471
0.00468
0.00465
0.00461
0.00458
0.00455
0.00451
0.00448
0.00445
0.0044
0.00437
0.00433
0.0043
0.00426
0.00423
0.00419
0.00417
0.00414
0.00411
0.00409
0.00406
0.00405
0.00404
0.00403
0.00402
0.00401
0.00401
0.00401
0.00401
0.00401
0.00402
0.00402
0.00404
0.00404
0.00406
0.00406
0.00407
0.00409
0.0041
0.00411
0.00413
0.00412
0.00414
0.00414
0.00415
0.00415
0.00416
0.00415
0.00416
0.00416
0.00416
0.00416
0.00416
0.00416
0.00417
0.00417
0.00418
0.00417
0.00419
0.00419
0.00421
0.00422
0.00424
0.00425
0.00427
0.00429
0.00431
0.00434
0.00435
0.00439
0.00441
0.00444
0.00447
0.00448
0.00452
0.00454
0.00457
0.00458
0.0046
0.00461
0.00464
0.00464
0.00465
0.00466
0.00466
0.00466
0.00466
0.00466
0.00465
0.00464
0.00463
0.00462
0.00461
0.0046
0.00459
0.00457
0.00457
0.00455
0.00454
0.00453
0.00452
0.00452
0.00452
0.00452
0.00452
0.00452
0.00453
0.00453
0.00455
0.00456
0.00458
0.00459
0.00461
0.00463
0.00465
0.00467
0.00468
0.00471
0.00473
0.00475
0.00477
0.00478
0.00481
0.00481
0.00484
0.00484
0.00486
0.00486
0.00487
0.00487
0.00488
0.00488
0.00488
0.00488
0.00488
0.00488
0.00488
0.00487
0.00487
0.00487
0.00487
0.00486
0.00487
0.00486
0.00487
0.00487
0.00487
0.00487
0.00487
0.00489
0.00489
0.00491
0.00492
0.00492
0.00494
0.00496
0.00498
0.00499
0.00501
0.00502
0.00505
0.00506
0.00508
0.0051
0.00511
0.00513
0.00515
0.00517
0.00519
0.0052
0.00522
0.00523
0.00525
0.00525
0.00526
0.00526
0.00527
0.00527
0.00527
0.00526
0.00525
0.00525
0.00524
0.00522
0.00521
0.00518
0.00516
0.00513
0.00511
0.00507
0.00504
0.005
0.00497
0.00492
0.00488
0.00483
0.00478
0.00474
0.00469
0.00464
0.0046
0.00454
0.0045
0.00444
0.0044
0.00434
0.0043
0.00425
0.00422
0.00417
0.00413
0.00409
0.00405
0.00403
0.00399
0.00397
0.00395
0.00391
0.0039
0.00388
0.00387
0.00385
0.00384
0.00382
0.00382
0.0038
0.0038
0.00378
0.00377
0.00377
0.00377
0.00376
0.00375
0.00373
0.00373
0.00372
0.00372
0.0037
0.0037
0.00368
0.00367
0.00366
0.00364
0.00363
0.00361
0.0036
0.00359
0.00358
0.00357
0.00354
0.00354
0.00352
0.00352
0.0035
0.00349
0.00347
0.00347
0.00346
0.00345
0.00344
0.00343
0.00342
0.00342
0.00341
0.00341
0.0034
0.0034
0.00339
0.00339
0.00338
0.00338
0.00337
0.00337
0.00337
0.00337
0.00336
0.00336
0.00336
0.00337
0.00337
0.00338
0.00338
0.00339
0.0034
0.00342
0.00343
0.00346
0.00347
0.00351
0.00352
0.00355
0.00359
0.00362
0.00365
0.0037
0.00374
0.00378
0.00382
0.00387
0.00391
0.00396
0.004
0.00405
0.00408
0.00413
0.00417
0.00421
0.00424
0.00427
0.0043
0.00433
0.00435
0.00437
0.00438
0.00439
0.0044
0.00441
0.0044
0.0044
0.00439
0.00439
0.00438
0.00437
0.00435
0.00433
0.00432
0.0043
0.00429
0.00427
0.00425
0.00424
0.00422
0.00422
0.0042
0.00419
0.00418
0.00419
0.00418
0.00418
0.00418
0.00419
0.0042
0.00421
0.00422
0.00424
0.00425
0.00427
0.00429
0.00431
0.00432
0.00435
0.00437
0.0044
0.00442
0.00444
0.00446
0.00448
0.0045
0.00452
0.00454
0.00457
0.00458
0.0046
0.00461
0.00463
0.00464
0.00466
0.00467
0.0047
0.0047
0.00471
0.00473
0.00473
0.00475
0.00476
0.00478
0.00479
0.00479
0.00481
0.00482
0.00484
0.00485
0.00487
0.00487
0.0049
0.00491
0.00492
0.00494
0.00495
0.00497
0.00499
0.00501
0.00503
0.00504
0.00506
0.00507
0.0051
0.00511
0.00513
0.00514
0.00517
0.00518
0.00519
0.00521
0.00522
0.00523
0.00525
0.00526
0.00527
0.00527
0.00528
0.00528
0.00529
0.00528
0.00528
0.00527
0.00527
0.00525
0.00524
0.00522
0.0052
0.00518
0.00517
0.00514
0.00512
0.00508
0.00505
0.00502
0.00499
0.00495
0.00492
0.00487
0.00485
0.00481
0.00477
0.00473
0.0047
0.00467
0.00464
0.00461
0.00458
0.00455
0.00453
0.00451
0.0045
0.00447
0.00446
0.00444
0.00444
0.00443
0.00442
0.00441
0.00441
0.00441
0.00441
0.00441
0.00442
0.00441
0.00442
0.00442
0.00443
0.00443
0.00444
0.00443
0.00445
0.00444
0.00444
0.00444
0.00443
0.00443
0.00443
0.00443
0.00443
0.00441
0.00441
0.00439
0.00439
0.00437
0.00436
0.00434
0.00434
0.00431
0.0043
0.00428
0.00426
0.00424
0.00423
0.00421
0.0042
0.00417
0.00416
0.00414
0.00413
0.00411
0.00409
0.00408
0.00407
0.00405
0.00404
0.00403
0.00402
0.00401
0.00401
0.00401
0.00401
0.004
0.00401
0.004
0.00401
0.00401
0.00402
0.00402
0.00404
0.00404
0.00406
0.00406
0.00407
0.00409
0.0041
0.00411
0.00413
0.00413
0.00415
0.00416
0.00418
0.00418
0.0042
0.0042
0.00422
0.00422
0.00423
0.00423
0.00424
0.00425
0.00426
0.00426
0.00427
0.00427
0.00428
0.00428
0.00429
0.00429
0.00431
0.00431
0.00433
0.00434
0.00435
0.00436
0.00437
0.0044
0.00442
0.00444
0.00447
0.00448
0.00451
0.00453
0.00457
0.00459
0.00463
0.00465
0.0047
0.00472
0.00476
0.00479
0.00482
0.00486
0.00489
0.00493
0.00497
0.00499
0.00504
0.00507
0.00511
0.00514
0.00518
0.0052
0.00525
0.00527
0.00531
0.00534
0.00537
0.0054
0.00544
0.00547
0.00551
0.00553
0.00557
0.00559
0.00563
0.00566
0.00569
0.00571
0.00575
0.00577
0.00579
0.00582
0.00584
0.00586
0.00588
0.0059
0.00592
0.00592
0.00594
0.00594
0.00596
0.00596
0.00597
0.00596
0.00597
0.00597
0.00597
0.00596
0.00595
0.00595
0.00595
0.00595
0.00594
0.00593
0.00593
0.00592
0.00592
0.00591
0.00591
0.0059
0.00591
0.0059
0.0059
0.00589
0.00589
0.00589
0.0059
0.0059
0.0059
0.00589
0.0059
0.00589
0.0059
0.00589
0.00589
0.00588
0.00589
0.00587
0.00587
0.00585
0.00584
0.00583
0.00582
0.0058
0.00579
0.00576
0.00575
0.00572
0.00571
0.00568
0.00567
0.00564
0.00562
0.00559
0.00557
0.00554
0.00552
0.0055
0.00548
0.00546
0.00545
0.00542
0.00541
0.00538
0.00538
0.00535
0.00535
0.00533
0.00532
0.00531
0.0053
0.00528
0.00527
0.00527
0.00526
0.00525
0.00525
0.00523
0.00523
0.00522
0.00522
0.0052
0.00519
0.00517
0.00517
0.00515
0.00514
0.00512
0.0051
0.00509
0.00507
0.00505
0.00504
0.00501
0.005
0.00497
0.00496
0.00493
0.00491
0.00489
0.00487
0.00485
0.00483
0.00481
0.00478
0.00476
0.00475
0.00473
0.00472
0.00469
0.00468
0.00466
0.00465
0.00463
0.00462
0.0046
0.0046
0.00458
0.00457
0.00455
0.00454
0.00453
0.00452
0.00451
0.00451
0.00449
0.00449
0.00447
0.00447
0.00446
0.00445
0.00443
0.00444
0.00442
0.00442
0.0044
0.00439
0.00439
0.00437
0.00437
0.00436
0.00434
0.00433
0.00431
0.0043
0.00428
0.00426
0.00424
0.00423
0.0042
0.00418
0.00416
0.00413
0.0041
0.00408
0.00405
0.00403
0.00399
0.00396
0.00393
0.0039
0.00386
0.00383
0.00378
0.00376
0.00372
0.00368
0.00364
0.0036
0.00357
0.00354
0.0035
0.00347
0.00342
0.00339
0.00335
0.00333
0.00328
0.00326
0.00321
0.0032
0.00316
0.00313
0.0031
0.00306
0.00304
0.00302
0.00299
0.00297
0.00293
0.00292
0.00289
0.00288
0.00285
0.00284
0.00282
0.00282
0.0028
0.00279
0.00278
0.00277
0.00277
0.00277
0.00277
0.00278
0.00277
0.00279
0.00279
0.00282
0.00282
0.00285
0.00286
0.00289
0.00291
0.00294
0.00297
0.003
0.00303
0.00307
0.00311
0.00315
0.00318
0.00323
0.00326
0.00331
0.00335
0.0034
0.00343
0.00349
0.00352
0.00357
0.00361
0.00365
0.00369
0.00373
0.00377
0.00382
0.00385
0.0039
0.00393
0.00397
0.004
0.00404
0.00406
0.00411
0.00413
0.00417
0.00419
0.00422
0.00425
0.00428
0.0043
0.00433
0.00434
0.00437
0.00439
0.00441
0.00442
0.00443
0.00444
0.00446
0.00446
0.00447
0.00447
0.00447
0.00448
0.00448
0.00448
0.00448
0.00447
0.00447
0.00446
0.00446
0.00445
0.00445
0.00444
0.00444
0.00443
0.00443
0.00443
0.00442
0.00442
0.00443
0.00443
0.00444
0.00443
0.00445
0.00445
0.00446
0.00446
0.00448
0.00448
0.0045
0.0045
0.00451
0.00452
0.00452
0.00453
0.00453
0.00454
0.00455
0.00454
0.00455
0.00454
0.00455
0.00454
0.00454
0.00452
0.00453
0.00452
0.00451
0.0045
0.00449
0.00448
0.00448
0.00448
0.00448
0.00446
0.00447
0.00447
0.00447
0.00447
0.00448
0.00448
0.00449
0.0045
0.0045
0.00451
0.00452
0.00453
0.00454
0.00455
0.00456
0.00455
0.00457
0.00456
0.00457
0.00455
0.00454
0.00452
0.00451
0.00448
0.00446
0.00442
0.00439
0.00435
0.0043
0.00426
0.00422
0.00416
0.00411
0.00405
0.00401
0.00395
0.0039
0.00384
0.0038
0.00375
0.0037
0.00366
0.00362
0.0036
0.00357
0.00355
0.00354
0.00352
0.00352
0.00352
0.00353
0.00353
0.00355
0.00356
0.00359
0.0036
0.00362
0.00364
0.00366
0.00368
0.0037
0.00372
0.00374
0.00374
0.00376
0.00376
0.00377
0.00376
0.00375
0.00373
0.00373
0.0037
0.00368
0.00365
0.00362
0.0036
0.00357
0.00354
0.00352
0.00347
0.00346
0.00343
0.00342
0.00339
0.00338
0.00337
0.00338
0.00338
0.00339
0.00341
0.00342
0.00346
0.00349
0.00354
0.00359
0.00363
0.00369
0.00375
0.00382
0.00388
0.00395
0.00401
0.00409
0.00416
0.00423
0.00429
0.00435
0.00442
0.00448
0.00453
0.00459
0.00462
0.00467
0.0047
0.00474
0.00476
0.00478
0.00479
0.00481
0.00481
0.00481
0.0048
0.00479
0.00478
0.00477
0.00476
0.00474
0.00471
0.0047
0.00468
0.00466
0.00463
0.00462
0.00459
0.00458
0.00456
0.00455
0.00453
0.00452
0.00452
0.00451
0.00451
0.00452
0.00451
0.00453
0.00453
0.00456
