5.99479533327928E+02

0.0031
0.00311
0.00315
0.00316
0.00321
0.00323
0.00327
0.00331
0.00334
0.00339
0.00343
0.00347
0.00352
0.00355
0.0036
0.00364
0.00369
0.00372
0.00377
0.00379
0.00384
0.00386
0.0039
0.00392
0.00395
0.00397
0.004
0.00402
0.00404
0.00405
0.00407
0.00408
0.0041
0.00411
0.00412
0.00413
0.00414
0.00415
0.00416
0.00416
0.00416
0.00417
0.00418
0.00418
0.00419
0.00418
0.00419
0.00419
0.0042
0.00419
0.00419
0.00418
0.00419
0.00418
0.00417
0.00416
0.00415
0.00414
0.00413
0.00411
0.0041
0.00408
0.00407
0.00404
0.00403
0.004
0.00399
0.00396
0.00395
0.00392
0.0039
0.00387
0.00384
0.00382
0.0038
0.00378
0.00376
0.00373
0.00371
0.00368
0.00367
0.00364
0.00362
0.00359
0.00357
0.00354
0.00352
0.00349
0.00346
0.00343
0.00341
0.00337
0.00335
0.00331
0.00328
0.00324
0.00322
0.00318
0.00315
0.0031
0.00308
0.00304
0.003
0.00297
0.00293
0.0029
0.00287
0.00284
0.00282
0.00279
0.00277
0.00275
0.00274
0.00272
0.00272
0.00271
0.00271
0.00271
0.00271
0.00272
0.00273
0.00274
0.00276
0.00279
0.00281
0.00283
0.00286
0.00289
0.00293
0.00295
0.00299
0.00302
0.00306
0.00309
0.00312
0.00315
0.00318
0.00321
0.00324
0.00327
0.0033
0.00331
0.00334
0.00336
0.00339
0.00339
0.00341
0.00341
0.00344
0.00344
0.00344
0.00345
0.00345
0.00346
0.00346
0.00346
0.00347
0.00346
0.00347
0.00346
0.00347
0.00347
0.00347
0.00347
0.00349
0.00348
0.00349
0.00349
0.00349
0.00351
0.00351
0.00352
0.00353
0.00353
0.00354
0.00354
0.00355
0.00355
0.00356
0.00355
0.00357
0.00356
0.00356
0.00355
0.00354
0.00354
0.00353
0.00352
0.00351
0.00349
0.00348
0.00346
0.00345
0.00342
0.0034
0.00337
0.00336
0.00333
0.00331
0.00329
0.00326
0.00324
0.00322
0.0032
0.00319
0.00316
0.00315
0.00312
0.00311
0.00309
0.00308
0.00306
0.00306
0.00304
0.00303
0.00302
0.003
0.00299
0.00298
0.00297
0.00297
0.00295
0.00294
0.00292
0.00292
0.0029
0.00289
0.00287
0.00286
0.00284
0.00282
0.00281
0.00279
0.00278
0.00277
0.00276
0.00276
0.00274
0.00274
0.00273
0.00274
0.00274
0.00275
0.00275
0.00278
0.00279
0.00281
0.00284
0.00287
0.0029
0.00294
0.00298
0.00303
0.00307
0.00313
0.00318
0.00324
0.00329
0.00335
0.00341
0.00347
0.00353
0.00359
0.00364
0.0037
0.00375
0.00381
0.00386
0.00392
0.00395
0.00401
0.00404
0.00409
0.00411
0.00415
0.00417
0.00421
0.00423
0.00426
0.00427
0.00429
0.00431
0.00433
0.00434
0.00436
0.00436
0.00439
0.00439
0.00441
0.00442
0.00443
0.00443
0.00446
0.00447
0.00448
0.00449
0.0045
0.00452
0.00453
0.00454
0.00456
0.00457
0.00459
0.0046
0.00461
0.00462
0.00464
0.00465
0.00467
0.00468
0.00469
0.0047
0.00471
0.00473
0.00475
0.00477
0.00479
0.00479
0.00483
0.00484
0.00487
0.00488
0.00491
0.00493
0.00497
0.00499
0.00502
0.00505
0.00508
0.00512
0.00515
0.00518
0.00523
0.00525
0.00529
0.00532
0.00535
0.00538
0.00541
0.00542
0.00546
0.00547
0.00549
0.00549
0.0055
0.00551
0.00552
0.00551
0.00551
0.00549
0.00549
0.00547
0.00546
0.00543
0.00541
0.00538
0.00536
0.00532
0.00529
0.00525
0.00521
0.00518
0.00515
0.00511
0.00507
0.00502
0.00499
0.00495
0.00492
0.00487
0.00484
0.0048
0.00477
0.00473
0.00469
0.00465
0.00461
0.00457
0.00453
0.0045
0.00446
0.0044
0.00437
0.00432
0.00428
0.00422
0.00418
0.00412
0.00408
0.00402
0.00396
0.0039
0.00384
0.00379
0.00373
0.00367
0.00362
0.00354
0.00349
0.00342
0.00337
0.00331
0.00326
0.0032
0.00315
0.0031
0.00305
0.003
0.00295
0.00291
0.00287
0.00284
0.00281
0.00277
0.00275
0.00272
0.00271
0.00269
0.00267
0.00266
0.00266
0.00265
0.00264
0.00264
0.00264
0.00264
0.00265
0.00266
0.00267
0.00267
0.00269
0.00269
0.00271
0.00272
0.00274
0.00275
0.00278
0.00279
0.00281
0.00283
0.00285
0.00287
0.0029
0.00292
0.00295
0.00297
0.003
0.00302
0.00305
0.00307
0.0031
0.00312
0.00316
0.00318
0.00321
0.00324
0.00326
0.00329
0.00333
0.00335
0.00338
0.00339
0.00343
0.00344
0.00347
0.00348
0.00351
0.00351
0.00354
0.00354
0.00355
0.00355
0.00356
0.00356
0.00357
0.00357
0.00357
0.00355
0.00355
0.00354
0.00354
0.00352
0.00351
0.00349
0.00349
0.00347
0.00346
0.00345
0.00343
0.00342
0.00342
0.00341
0.00341
0.0034
0.00341
0.0034
0.00341
0.00341
0.00342
0.00342
0.00344
0.00345
0.00347
0.00348
0.00349
0.00351
0.00353
0.00355
0.00357
0.00358
0.0036
0.00361
0.00363
0.00364
0.00365
0.00365
0.00367
0.00367
0.00367
0.00367
0.00367
0.00367
0.00366
0.00365
0.00365
0.00363
0.00363
0.00361
0.00361
0.00359
0.00358
0.00356
0.00356
0.00355
0.00354
0.00353
0.00352
0.00352
0.00352
0.00352
0.00352
0.00351
0.00352
0.00352
0.00354
0.00354
0.00355
0.00355
0.00357
0.00358
0.00359
0.00359
0.0036
0.00361
0.00362
0.00363
0.00364
0.00364
0.00365
0.00364
0.00365
0.00364
0.00364
0.00363
0.00364
0.00362
0.00362
0.0036
0.00359
0.00358
0.00357
0.00356
0.00355
0.00353
0.00352
0.00351
0.0035
0.00348
0.00347
0.00345
0.00344
0.00342
0.00341
0.00339
0.00338
0.00337
0.00336
0.00335
0.00334
0.00332
0.00332
0.00331
0.0033
0.00329
0.00329
0.00328
0.00328
0.00328
0.00328
0.00328
0.00328
0.00329
0.0033
0.00331
0.00333
0.00334
0.00337
0.00339
0.00342
0.00345
0.00349
0.00352
0.00357
0.0036
0.00365
0.00369
0.00373
0.00378
0.00383
0.00388
0.00393
0.00396
0.00402
0.00406
0.0041
0.00414
0.00417
0.0042
0.00424
0.00427
0.00429
0.00431
0.00432
0.00434
0.00436
0.00437
0.00439
0.00439
0.0044
0.0044
0.00442
0.00442
0.00443
0.00443
0.00445
0.00446
0.00447
0.00448
0.0045
0.00452
0.00455
0.00457
0.00461
0.00462
0.00466
0.00469
0.00473
0.00476
0.00479
0.00482
0.00486
0.00489
0.00492
0.00494
0.00496
0.00499
0.00501
0.00502
0.00503
0.00502
0.00503
0.00502
0.00502
0.00499
0.00498
0.00495
0.00493
0.00489
0.00486
0.00482
0.00478
0.00474
0.0047
0.00466
0.00462
0.00457
0.00453
0.00449
0.00446
0.00442
0.00439
0.00435
0.00433
0.0043
0.00428
0.00426
0.00424
0.00423
0.00423
0.00422
0.00423
0.00422
0.00423
0.00423
0.00424
0.00425
0.00426
0.00427
0.00429
0.0043
0.00432
0.00433
0.00434
0.00436
0.00438
0.00439
0.00441
0.00442
0.00444
0.00444
0.00446
0.00447
0.00448
0.00448
0.00449
0.00449
0.00449
0.00449
0.00449
0.00449
0.00448
0.00448
0.00448
0.00446
0.00446
0.00444
0.00443
0.00441
0.0044
0.00437
0.00437
0.00434
0.00432
0.0043
0.00427
0.00425
0.00423
0.00421
0.00419
0.00416
0.00415
0.00413
0.00412
0.00409
0.00408
0.00406
0.00405
0.00403
0.00402
0.00401
0.004
0.00399
0.00399
0.00398
0.00398
0.00397
0.00397
0.00396
0.00397
0.00396
0.00396
0.00395
0.00396
0.00395
0.00395
0.00394
0.00394
0.00394
0.00394
0.00394
0.00395
0.00394
0.00395
0.00395
0.00396
0.00396
0.00398
0.00398
0.00401
0.00402
0.00404
0.00406
0.00409
0.00413
0.00416
0.0042
0.00425
0.00429
0.00435
0.0044
0.00446
0.00451
0.00458
0.00464
0.00471
0.00478
0.00485
0.00492
0.00499
0.00507
0.00515
0.00522
0.0053
0.00537
0.00546
0.00553
0.00561
0.00569
0.00577
0.00584
0.00593
0.006
0.00608
0.00616
0.00624
0.00633
0.00641
0.0065
0.00659
0.00667
0.00677
0.00686
0.00696
0.00705
0.00715
0.00724
0.00735
0.00745
0.00756
0.00766
0.00777
0.00788
0.00799
0.0081
0.00821
0.00831
0.00843
0.00853
0.00865
0.00875
0.00887
0.00897
0.00909
0.00919
0.0093
0.00941
0.00952
0.00963
0.00974
0.00985
0.00998
0.01008
0.01021
0.01032
0.01045
0.01056
0.01069
0.01081
0.01096
0.01108
0.01122
0.01135
0.01149
0.01164
0.01178
0.01193
0.01208
0.01222
0.01238
0.01252
0.01268
0.01283
0.01298
0.01313
0.01329
0.01344
0.01359
0.01373
0.01388
0.01403
0.01418
0.01433
0.01448
0.01461
0.01477
0.0149
0.01506
0.0152
0.01534
0.01548
0.01564
0.01578
0.01593
0.01607
0.01622
0.01637
0.01653
0.01669
0.01685
0.017
0.01717
0.01732
0.01749
0.01764
0.01781
0.01797
0.01814
0.0183
0.01846
0.01862
0.01878
0.01894
0.0191
0.01925
0.0194
0.01954
0.01969
0.01982
0.01996
0.02008
0.0202
0.02032
0.02044
0.02054
0.02064
0.02073
0.02082
0.0209
0.02099
0.02106
0.02113
0.02119
0.02125
0.0213
0.02136
0.02139
0.02144
0.02147
0.02151
0.02154
0.02156
0.02159
0.0216
0.02162
0.02164
0.02166
0.02168
0.02168
0.02169
0.0217
0.02171
0.02171
0.02172
0.02172
0.02173
0.02173
0.02174
0.02174
0.02174
0.02175
0.02175
0.02175
0.02176
0.02175
0.02176
0.02175
0.02176
0.02175
0.02175
0.02174
0.02174
0.02173
0.02172
0.0217
0.02168
0.02167
0.02165
0.02163
0.02161
0.02157
0.02154
0.02151
0.02147
0.02142
0.02138
0.02133
0.02128
0.02122
0.02116
0.0211
0.02103
0.02097
0.02091
0.02084
0.02077
0.02069
0.02062
0.02054
0.02047
0.02039
0.02032
0.02023
0.02017
0.02009
0.02001
0.01994
0.01986
0.01979
0.01972
0.01964
0.01958
0.01949
0.01943
0.01935
0.01929
0.01921
0.01914
0.01906
0.01899
0.01891
0.01883
0.01876
0.01868
0.0186
0.01852
0.01844
0.01836
0.01827
0.0182
0.01811
0.01803
0.01794
0.01786
0.01777
0.0177
0.01761
0.01753
0.01745
0.01736
0.01729
0.01722
0.01715
0.01708
0.017
0.01694
0.01688
0.01683
0.01676
0.01671
0.01665
0.01661
0.01656
0.01652
0.01647
0.01643
0.0164
0.01636
0.01632
0.01629
0.01625
0.01622
0.01618
0.01616
0.01611
0.01608
0.01603
0.016
0.01596
0.01591
0.01586
0.01581
0.01576
0.01571
0.01565
0.0156
0.01553
0.01547
0.0154
0.01533
0.01526
0.01518
0.0151
0.01503
0.01495
0.01487
0.01479
0.0147
0.01462
0.01454
0.01445
0.01438
0.01428
0.01421
0.01412
0.01405
0.01396
0.01389
0.01381
0.01374
0.01366
0.0136
0.01352
0.01345
0.01339
0.01333
0.01327
0.01321
0.01314
0.01309
0.01303
0.01298
0.01292
0.01288
0.01282
0.01278
0.01272
0.01267
0.01262
0.01257
0.01253
0.01249
0.01244
0.0124
0.01235
0.01231
0.01226
0.01223
0.01218
0.01215
0.0121
0.01207
0.01203
0.012
0.01196
0.01193
0.0119
0.01187
0.01185
0.01183
0.0118
0.01179
0.01176
0.01175
0.01173
0.01172
0.0117
0.0117
0.01169
0.01168
0.01167
0.01166
0.01165
0.01164
0.01164
0.01163
0.01161
0.0116
0.01158
0.01157
0.01154
0.01152
0.01148
0.01146
0.01143
0.01139
0.01134
0.0113
0.01125
0.0112
0.01115
0.01109
0.01102
0.01097
0.0109
0.01084
0.01076
0.0107
0.01061
0.01055
0.01047
0.0104
0.01033
0.01026
0.01019
0.01012
0.01006
0.01
0.00993
0.00987
0.00981
0.00976
0.0097
0.00965
0.0096
0.00956
0.00951
0.00946
0.00942
0.00937
0.00933
0.00929
0.00925
0.00921
0.00916
0.00912
0.00907
0.00903
0.00898
0.00893
0.00887
0.00883
0.00877
0.00872
0.00866
0.00859
0.00854
0.00848
0.00841
0.00836
0.00828
0.00822
0.00815
0.0081
0.00803
0.00797
0.0079
0.00785
0.00779
0.00773
0.00767
0.00762
0.00757
0.00752
0.00747
0.00743
0.00737
0.00734
0.00729
0.00725
0.0072
0.00716
0.00711
0.00708
0.00704
0.00699
0.00695
0.0069
0.00686
0.00682
0.00677
0.00672
0.00667
0.00662
0.00657
0.00652
0.00647
0.00642
0.00636
0.00632
0.00627
0.00622
0.00617
0.00612
0.00608
0.00604
0.006
0.00597
0.00593
0.0059
0.00587
0.00585
0.00582
0.0058
0.00578
0.00577
0.00575
0.00574
0.00572
0.00571
0.0057
0.00569
0.00569
0.00568
0.00566
0.00566
0.00564
0.00563
0.00561
0.00559
0.00556
0.00555
0.00552
0.00549
0.00546
0.00542
0.00539
0.00536
0.00532
0.00529
0.00524
0.00521
0.00517
0.00514
0.00509
0.00505
0.00501
0.00499
0.00495
0.00491
0.00488
0.00485
0.00483
0.0048
0.00478
0.00476
0.00473
0.00472
0.0047
0.0047
0.00467
0.00466
0.00465
0.00465
0.00463
0.00462
0.00461
0.0046
0.00459
0.00458
0.00458
0.00457
0.00455
0.00455
0.00453
0.00453
0.00452
0.00451
0.0045
0.0045
0.00449
0.00448
0.00448
0.00447
0.00447
0.00447
0.00448
0.00448
0.00448
0.0045
0.0045
0.00452
0.00452
0.00454
0.00455
0.00457
0.00458
0.0046
0.00461
0.00463
0.00465
0.00466
0.00467
0.00469
0.00469
0.0047
0.0047
0.00471
0.00471
0.00471
0.0047
0.00471
0.00469
0.00468
0.00467
0.00465
0.00464
0.00463
0.00461
0.0046
0.00457
0.00456
0.00454
0.00453
0.00451
0.0045
0.00449
0.00449
0.00448
0.00447
0.00447
0.00447
0.00447
0.00448
0.00449
0.0045
0.00451
0.00453
0.00454
0.00456
0.00457
0.0046
0.0046
0.00463
0.00465
0.00466
0.00468
0.00469
0.00471
0.00473
0.00474
0.00476
0.00476
0.00478
0.00478
0.00479
0.00479
0.00479
0.00479
0.0048
0.00479
0.00479
0.00479
0.00478
0.00478
0.00478
0.00478
0.00478
0.00476
0.00477
0.00476
0.00476
0.00475
0.00476
0.00474
0.00475
0.00474
0.00474
0.00474
0.00474
0.00474
0.00474
0.00474
0.00474
0.00473
0.00474
0.00474
0.00475
0.00474
0.00475
0.00475
0.00476
0.00476
0.00478
0.00478
0.00479
0.00481
0.00483
0.00484
0.00487
0.00488
0.00492
0.00494
0.00497
0.005
0.00504
0.00506
0.00511
0.00514
0.00518
0.00522
0.00525
0.00529
0.00533
0.00536
0.0054
0.00542
0.00546
0.00548
0.00551
0.00551
0.00553
0.00553
0.00555
0.00554
0.00553
0.00552
0.0055
0.00548
0.00546
0.00543
0.0054
0.00535
0.00532
0.00527
0.00523
0.00518
0.00514
0.00508
0.00504
0.00499
0.00494
0.00489
0.00484
0.00481
0.00477
0.00473
0.00471
0.00467
0.00465
0.00462
0.00461
0.0046
0.00459
0.00458
0.00459
0.00459
0.0046
0.00461
0.00461
0.00463
0.00466
0.00468
0.0047
0.00471
0.00474
0.00476
0.00479
0.0048
0.00483
0.00484
0.00487
0.00488
0.00489
0.0049
0.00491
0.00491
0.00492
0.00492
0.00492
0.00491
0.00491
0.00489
0.00489
0.00486
0.00485
0.00483
0.00482
0.00479
0.00477
0.00474
0.00472
0.0047
0.00468
0.00466
0.00464
0.00461
0.0046
0.00458
0.00457
0.00454
0.00453
0.00451
0.00451
0.0045
0.00449
0.00448
0.00447
0.00447
0.00447
0.00446
0.00447
0.00445
0.00446
0.00445
0.00446
0.00445
0.00445
0.00444
0.00444
0.00443
0.00443
0.00442
0.0044
0.0044
0.00439
0.00437
0.00437
0.00434
0.00433
0.00431
0.0043
0.00427
0.00426
0.00423
0.00422
0.0042
0.00418
0.00416
0.00414
0.00413
0.00411
0.00409
0.00409
0.00406
0.00406
0.00404
0.00404
0.00403
0.00403
0.00401
0.00402
0.00401
0.004
0.00399
0.00399
0.00399
0.00399
0.00398
0.00398
0.00397
0.00397
0.00395
0.00395
0.00393
0.00393
0.00391
0.00391
0.00388
0.00387
0.00385
0.00383
0.00381
0.0038
0.00378
0.00376
0.00373
0.00372
0.00369
0.00368
0.00365
0.00364
0.00362
0.00361
0.00359
0.00358
0.00356
0.00355
0.00354
0.00354
0.00353
0.00353
0.00351
0.00352
0.00351
0.00352
0.00351
0.00352
0.00351
0.00353
0.00352
0.00353
0.00353
0.00353
0.00354
0.00355
0.00355
0.00357
0.00356
0.00357
0.00358
0.00359
0.00359
0.0036
0.0036
0.00362
0.00362
0.00363
0.00364
0.00364
0.00366
0.00367
0.00368
0.0037
0.0037
0.00372
0.00373
0.00375
0.00375
0.00377
0.00378
0.00381
0.00382
0.00383
0.00385
0.00386
0.00388
0.0039
0.00392
0.00394
0.00395
0.00398
0.00399
0.00402
0.00403
0.00406
0.00407
0.0041
0.00412
0.00414
0.00416
0.00418
0.00421
0.00424
0.00426
0.00429
0.0043
0.00434
0.00436
0.00439
0.0044
0.00443
0.00445
0.00448
0.0045
0.00452
0.00453
0.00454
0.00456
0.00457
0.00458
0.00459
0.00458
0.0046
0.00458
0.00459
0.00457
0.00457
0.00454
0.00453
0.00451
0.00449
0.00446
0.00443
0.0044
0.00437
0.00434
0.00432
0.00427
0.00424
0.00421
0.00418
0.00414
0.00411
0.00407
0.00405
0.00402
0.00399
0.00396
0.00394
0.00392
0.0039
0.00389
0.00388
0.00385
0.00385
0.00383
0.00383
0.00382
0.00382
0.00381
0.00382
0.00381
0.0038
0.0038
0.00379
0.00379
0.00379
0.00379
0.00379
0.00378
0.00378
0.00377
0.00377
0.00375
0.00375
0.00374
0.00374
0.00373
0.00373
0.00372
0.00371
0.00371
0.00371
0.00371
0.00371
0.0037
0.00371
0.00371
0.00373
0.00373
0.00375
0.00375
0.00378
0.00379
0.00381
0.00383
0.00385
0.00388
0.00391
0.00394
0.00397
0.00399
0.00403
0.00405
0.00409
0.00411
0.00415
0.00417
0.00421
0.00423
0.00426
0.00428
0.0043
0.00432
0.00435
0.00437
0.00439
0.0044
0.00442
0.00443
0.00445
0.00446
0.00448
0.00448
0.0045
0.00451
0.00452
0.00453
0.00454
0.00455
0.00457
0.00458
0.0046
0.0046
0.00463
0.00464
0.00466
0.00467
0.0047
0.0047
0.00473
0.00475
0.00477
0.00479
0.00481
0.00483
0.00485
0.00487
0.0049
0.00491
0.00494
0.00495
0.00497
0.00498
0.00501
0.00501
0.00503
0.00504
0.00505
0.00505
0.00506
0.00507
0.00507
0.00508
0.00509
0.00507
0.00508
0.00507
0.00508
0.00507
0.00507
0.00505
0.00505
0.00504
0.00503
0.00502
0.005
0.00499
0.00498
0.00497
0.00496
0.00493
0.00492
0.0049
0.00489
0.00486
0.00484
0.00481
0.0048
0.00476
0.00474
0.00471
0.00467
0.00465
0.00461
0.00458
0.00455
0.0045
0.00446
0.00442
0.00438
0.00433
0.00429
0.00423
0.00419
0.00414
0.00409
0.00404
0.00398
0.00393
0.00389
0.00384
0.00379
0.00373
0.0037
0.00365
0.00361
0.00356
0.00353
0.00348
0.00346
0.00342
0.0034
0.00337
0.00335
0.00333
0.00332
0.00331
0.00331
0.00329
0.0033
0.0033
0.00332
0.00332
0.00334
0.00334
0.00337
0.00339
0.00341
0.00342
0.00345
0.00347
0.00351
0.00353
0.00356
0.00358
0.00362
0.00364
0.00367
0.00369
0.00372
0.00373
0.00377
0.00379
0.00381
0.00383
0.00385
0.00387
0.0039
0.00391
0.00394
0.00395
0.00398
0.004
0.00403
0.00404
0.00407
0.00409
0.00413
0.00414
0.00417
0.0042
0.00422
0.00426
0.00429
0.00432
0.00436
0.00438
0.00442
0.00445
0.00449
0.00451
0.00455
0.00457
0.0046
0.00463
0.00465
0.00467
0.00468
0.0047
0.00472
0.00473
0.00475
0.00474
0.00476
0.00475
0.00476
0.00474
0.00474
0.00473
0.00473
0.00471
0.00469
0.00467
0.00465
0.00463
0.00462
0.0046
0.00458
0.00455
0.00453
0.00451
0.0045
0.00447
0.00445
0.00442
0.00442
0.00439
0.00437
0.00435
0.00434
0.00433
0.00432
0.0043
0.0043
0.00427
0.00427
0.00426
0.00426
0.00424
0.00424
0.00423
0.00423
0.00422
0.00422
0.00421
0.0042
0.0042
0.0042
0.0042
0.0042
0.00418
0.00419
0.00418
0.00418
0.00417
0.00417
0.00415
0.00415
0.00414
0.00413
0.00411
0.00409
0.00408
0.00407
0.00405
0.00403
0.004
0.00398
0.00395
0.00393
0.00389
0.00386
0.00383
0.0038
0.00376
0.00373
0.00369
0.00365
0.00362
0.00359
0.00355
0.00353
0.00349
0.00347
0.00344
0.00342
0.0034
0.00339
0.00337
0.00337
0.00336
0.00336
0.00336
0.00337
0.00338
0.0034
0.00342
0.00345
0.00346
0.00349
0.00352
0.00355
0.00358
0.00362
0.00364
0.00368
0.00371
0.00374
0.00377
0.00379
0.00382
0.00384
0.00386
0.00388
0.00388
0.0039
0.00391
0.00392
0.00391
0.00392
0.00391
0.00391
0.0039
0.00389
0.00388
0.00387
0.00386
0.00386
0.00385
0.00385
0.00383
0.00383
0.00382
0.00383
0.00383
0.00383
0.00383
0.00386
0.00386
0.00388
0.0039
0.00392
0.00395
0.00398
0.00401
0.00404
0.00407
0.00411
0.00414
0.00419
0.00422
0.00427
0.0043
0.00435
0.00438
0.00442
0.00445
0.00448
0.00452
0.00455
0.00458
0.00461
0.00462
0.00465
0.00466
0.00468
0.00469
0.00471
0.00471
0.00472
0.00472
0.00473
0.00472
0.00472
0.00472
0.00472
0.00471
0.00471
0.0047
0.0047
0.00469
0.00469
0.00468
0.00468
0.00466
0.00467
0.00467
0.00467
0.00466
0.00467
0.00468
0.00468
0.00469
0.00471
0.00471
0.00473
0.00474
0.00476
0.00477
0.00479
0.0048
0.00483
0.00484
0.00486
0.00487
0.00488
0.0049
0.00492
0.00493
0.00494
0.00494
0.00496
0.00496
0.00497
0.00496
0.00496
0.00495
0.00495
0.00494
0.00492
0.00491
0.00489
0.00488
0.00486
0.00484
0.00483
0.00479
0.00478
0.00474
0.00473
0.0047
0.00468
0.00464
0.00463
0.00459
0.00457
0.00454
0.00451
0.00448
0.00446
0.00443
0.00441
0.00437
0.00435
0.00432
0.0043
0.00426
0.00424
0.0042
0.00418
0.00414
0.00411
0.00408
0.00404
0.00402
0.00399
0.00396
0.00393
0.00389
0.00387
0.00384
0.00382
0.00379
0.00377
0.00375
0.00374
0.00372
0.00371
0.0037
0.00369
0.0037
0.0037
0.00371
0.00372
0.00373
0.00375
0.00377
0.0038
0.00381
0.00385
0.00386
0.00391
0.00393
0.00396
0.00399
0.00403
0.00406
0.00409
0.00413
0.00416
0.00417
0.00421
0.00422
0.00425
0.00426
0.00427
0.00428
0.0043
0.0043
0.0043
0.0043
0.00429
0.00429
0.00429
0.00428
0.00427
0.00426
0.00425
0.00424
0.00423
0.00422
0.00421
0.00419
0.0042
0.00419
0.00418
0.00418
0.00417
0.00417
0.00418
0.00419
0.0042
0.00419
0.00421
0.00421
0.00423
0.00424
0.00425
0.00426
0.00428
0.00429
0.0043
0.0043
0.00431
0.00432
0.00433
0.00434
0.00434
0.00434
0.00434
0.00433
0.00434
0.00432
0.00432
0.0043
0.0043
0.00428
0.00427
0.00425
0.00423
0.00421
0.0042
0.00418
0.00417
0.00414
0.00413
0.00411
0.0041
0.00408
0.00407
0.00405
0.00405
0.00404
0.00403
0.00402
0.00401
0.00401
0.00402
0.00402
0.00402
0.00401
0.00403
0.00403
0.00404
0.00403
0.00404
0.00404
0.00405
0.00405
0.00405
0.00405
0.00404
0.00405
0.00405
0.00404
0.00405
0.00403
0.00403
0.00403
0.00403
0.00401
0.00401
0.00399
0.004
0.00398
0.00398
0.00397
0.00396
0.00396
0.00396
0.00396
0.00397
0.00396
0.00398
0.00398
0.004
0.004
0.00402
0.00402
0.00405
0.00406
0.00408
0.00409
0.00411
0.00413
0.00416
0.00417
0.0042
0.00421
0.00424
0.00426
0.00429
0.0043
0.00432
0.00433
0.00436
0.00437
0.00439
0.00441
0.00442
0.00444
0.00446
0.00448
0.00451
0.00452
0.00454
0.00456
0.00459
0.0046
0.00463
0.00465
0.00468
0.00471
0.00473
0.00476
0.00478
0.00481
0.00483
0.00486
0.00489
0.0049
0.00492
0.00494
0.00496
0.00496
0.00497
0.00497
0.00498
0.00497
0.00497
0.00496
0.00494
0.00492
0.00491
0.00489
0.00486
0.00483
0.0048
0.00476
0.00473
0.00469
0.00466
0.00461
0.00458
0.00454
0.0045
0.00446
0.00442
0.00439
0.00436
0.00433
0.0043
0.00427
0.00425
0.00422
0.0042
0.00417
0.00415
0.00413
0.00411
0.00409
0.00406
0.00404
0.00401
0.00399
0.00397
0.00394
0.00392
0.00388
0.00386
0.00382
0.0038
0.00375
0.00372
0.00368
0.00365
0.00362
0.00358
0.00354
0.00351
0.00348
0.00346
0.00343
0.00341
0.00338
0.00337
0.00336
0.00336
0.00335
0.00335
0.00335
0.00337
0.00337
0.00339
0.00341
0.00342
0.00345
0.00347
0.0035
0.00354
0.00355
0.00359
0.0036
0.00364
0.00365
0.00368
0.00369
0.00372
0.00372
0.00373
0.00374
0.00374
0.00374
0.00374
0.00374
0.00373
0.00372
0.00371
0.00369
0.00369
0.00367
0.00366
0.00364
0.00363
0.00362
0.0036
0.0036
0.00359
0.00359
0.00359
0.00359
0.0036
0.0036
0.00362
0.00364
0.00366
0.00368
0.0037
0.00372
0.00377
0.00379
0.00382
0.00385
0.00388
0.00392
0.00396
0.00399
0.00403
0.00405
0.00409
0.00412
0.00416
0.00417
0.00421
0.00423
0.00426
0.00428
0.0043
0.00432
0.00434
0.00437
0.00439
0.00441
0.00443
0.00444
0.00447
0.00448
0.00451
0.00452
0.00454
0.00455
0.00458
0.0046
0.00461
0.00463
0.00465
0.00467
0.00469
0.00471
0.00473
0.00473
0.00475
0.00476
0.00478
0.00478
0.00479
0.00479
0.00481
0.0048
0.00481
0.0048
0.00479
0.00479
0.00479
0.00479
0.00479
0.00477
0.00477
0.00475
0.00475
0.00473
0.00473
0.00471
0.00471
0.00469
0.00468
0.00467
0.00466
0.00465
0.00464
0.00463
0.00463
0.00461
0.0046
0.00459
0.00458
0.00457
0.00455
0.00453
0.00452
0.0045
0.00448
0.00445
0.00443
0.0044
0.00437
0.00434
0.00432
0.00427
0.00424
0.00419
0.00416
0.00411
0.00407
0.00401
0.00398
0.00393
0.00388
0.00382
0.00377
0.00373
0.00368
0.00363
0.00359
0.00354
0.0035
0.00345
0.00342
0.00337
0.00334
0.0033
0.00328
0.00324
0.00321
0.00318
0.00316
0.00314
0.00312
0.0031
0.0031
0.00307
0.00307
0.00305
0.00305
0.00303
0.00302
0.00301
0.00301
0.003
0.00299
0.00298
0.00297
0.00296
0.00295
0.00294
0.00294
0.00292
0.00291
0.00289
0.00289
0.00287
0.00285
0.00283
0.00282
0.0028
0.00279
0.00276
0.00274
0.00273
0.00272
0.0027
0.00269
0.00266
0.00266
0.00264
0.00264
0.00263
0.00263
0.00261
0.00262
0.00262
0.00262
0.00263
0.00263
0.00264
0.00266
0.00268
0.0027
0.00271
0.00274
0.00276
0.00279
0.00281
0.00285
0.00287
0.00291
0.00293
0.00297
0.00299
0.00302
0.00305
0.00308
0.00311
0.00314
0.00315
0.00318
0.0032
0.00322
0.00323
0.00325
0.00326
0.00328
0.00329
0.0033
0.00331
0.00331
0.00333
0.00334
0.00334
0.00336
0.00336
0.00338
0.00339
0.00341
0.00341
0.00343
0.00344
0.00347
0.00348
0.00351
0.00352
0.00354
0.00357
0.0036
0.00362
0.00365
0.00367
0.0037
0.00372
0.00375
0.00376
0.00378
0.0038
0.00382
0.00383
0.00385
0.00386
0.00386
0.00387
0.00388
0.00389
0.0039
0.00388
0.00389
0.00389
0.00389
0.00388
0.00389
0.00388
0.00389
0.00388
0.00388
0.00388
0.00389
0.0039
0.00391
0.00392
0.00394
0.00395
0.00397
0.00399
0.00402
0.00403
0.00406
0.00408
0.00412
0.00415
0.00418
0.00421
0.00423
0.00426
0.00429
0.00432
0.00435
0.00436
0.00439
0.0044
0.00442
0.00442
0.00443
0.00443
0.00444
0.00443
0.00443
0.00442
0.00441
0.0044
0.00439
0.00437
0.00436
0.00434
0.00432
0.0043
0.00429
0.00427
0.00426
0.00423
0.00423
0.00421
0.00421
0.00419
0.00419
0.00419
0.00419
0.0042
0.00421
0.00421
0.00423
0.00424
0.00426
0.00427
0.0043
0.00431
0.00435
0.00437
0.0044
0.00442
0.00445
0.00448
0.00451
0.00454
0.00458
0.0046
0.00464
0.00466
0.0047
0.00472
0.00476
0.00478
0.00482
0.00484
0.00487
0.00489
0.00492
0.00495
0.00498
0.00501
0.00504
0.00505
0.00509
0.00511
0.00515
0.00517
0.0052
0.00522
0.00525
0.00528
0.0053
0.00533
0.00535
0.00537
0.0054
0.00542
0.00545
0.00545
0.00548
0.00549
0.00551
0.00551
0.00552
0.00552
0.00554
0.00553
0.00553
0.00552
0.00551
0.00551
0.00549
0.00548
0.00547
0.00544
0.00543
0.0054
0.00538
0.00534
0.00532
0.00528
0.00525
0.00522
0.00518
0.00514
0.0051
0.00507
0.00504
0.005
0.00497
0.00493
0.0049
0.00487
0.00484
0.00481
0.00478
0.00475
0.00473
0.00471
0.00469
0.00466
0.00465
0.00463
0.00462
0.00461
0.0046
0.00458
0.00458
0.00457
0.00457
0.00456
0.00456
0.00455
0.00455
0.00454
0.00453
0.00453
0.00452
0.00452
0.00452
0.00451
0.0045
0.00449
0.00448
0.00447
0.00447
0.00445
0.00444
0.00442
0.00442
0.0044
0.00439
0.00438
0.00436
0.00435
0.00434
0.00433
0.00433
0.00431
0.00431
0.0043
0.0043
0.00429
0.00429
0.00428
0.00429
0.00429
0.00429
0.00429
0.00429
0.0043
0.00432
0.00433
0.00434
0.00434
0.00437
0.00438
0.0044
0.00441
0.00443
0.00444
0.00447
0.00448
0.0045
0.00452
0.00453
0.00455
0.00458
0.00459
0.00462
0.00462
0.00465
0.00466
0.00468
0.00469
0.00471
0.00472
0.00474
0.00475
0.00476
0.00477
0.00478
0.00479
0.0048
0.00481
0.00483
0.00482
0.00484
0.00484
0.00485
0.00485
0.00486
0.00486
0.00488
0.00488
0.00489
0.00489
0.0049
0.00491
0.00492
0.00494
0.00496
0.00496
0.00498
0.00499
0.00501
0.00501
0.00504
0.00504
0.00507
0.00507
0.00509
0.0051
0.00511
0.00512
0.00514
0.00514
0.00515
0.00515
0.00516
0.00515
0.00516
0.00515
0.00515
0.00514
0.00515
0.00514
0.00513
0.00512
0.00511
0.00511
0.00511
0.0051
0.00511
0.0051
0.00511
0.00511
0.00513
0.00514
0.00516
0.00517
0.00521
0.00523
0.00527
0.00531
0.00535
0.0054
0.00545
0.0055
0.00556
0.0056
0.00567
0.00572
0.00579
0.00584
0.0059
0.00594
0.00601
0.00605
0.0061
0.00614
0.00617
0.00621
0.00624
0.00626
0.00629
0.00629
0.00631
0.0063
0.00631
0.00629
0.00629
0.00626
0.00625
0.00622
0.0062
0.00616
0.00613
0.00609
0.00606
0.00602
0.00598
0.00593
0.00589
0.00584
0.0058
0.00575
0.00571
0.00565
0.00561
0.00555
0.0055
0.00544
0.00538
0.00533
0.00527
0.00521
0.00515
0.00508
0.00502
0.00494
0.00488
0.00481
0.00474
0.00466
0.0046
0.00452
0.00445
0.00437
0.0043
0.00423
0.00416
0.00409
0.00404
0.00396
0.00391
0.00385
0.00381
0.00375
0.00371
0.00366
0.00363
0.00359
0.00355
0.00352
0.00349
0.00347
0.00344
0.00342
0.0034
0.00337
0.00336
0.00333
0.00331
0.00328
0.00326
0.00322
0.00321
0.00317
0.00314
0.0031
0.00307
0.00303
0.003
0.00296
0.00293
0.00288
0.00285
0.0028
0.00277
0.00273
0.00271
0.00267
0.00265
0.00262
0.00259
0.00258
0.00256
0.00254
0.00254
0.00253
0.00253
0.00252
0.00253
0.00253
0.00255
0.00255
0.00256
0.00257
0.00259
0.00259
0.00261
0.00262
0.00263
0.00264
0.00265
0.00266
0.00268
0.00267
0.00269
0.00269
0.00271
0.00271
0.00272
0.00272
0.00273
0.00274
0.00275
0.00276
0.00277
0.00279
0.00282
0.00284
0.00288
0.0029
0.00294
0.00297
0.00303
0.00307
0.00312
0.00316
0.00323
0.00328
0.00334
0.0034
0.00346
0.00352
0.00359
0.00365
0.00372
0.00377
0.00383
0.00388
0.00393
0.00397
0.00402
0.00405
0.00409
0.00411
0.00414
0.00416
0.00417
0.00418
0.00419
0.00419
0.00419
0.00417
0.00417
0.00416
0.00415
0.00413
0.00412
0.00409
0.00408
0.00406
0.00404
0.00401
0.00399
0.00398
0.00396
0.00395
0.00394
0.00391
0.00391
0.0039
0.0039
0.00388
0.00388
0.00387
0.00388
0.00387
0.00387
0.00386
0.00386
0.00386
0.00387
0.00387
0.00388
0.00386
0.00387
0.00386
0.00387
0.00386
0.00386
0.00385
0.00386
0.00385
0.00384
0.00383
0.00382
0.00382
0.00381
0.0038
0.00379
0.00377
0.00377
0.00375
0.00374
0.00372
0.00372
0.00369
0.00369
0.00367
0.00366
0.00364
0.00363
0.00362
0.00361
0.0036
0.0036
0.00358
0.00358
0.00357
0.00357
0.00356
0.00357
0.00355
0.00356
0.00356
0.00356
0.00356
0.00356
0.00356
0.00357
0.00357
0.00358
0.00357
0.00358
0.00358
0.00359
0.00358
0.00358
0.00357
0.00358
0.00357
0.00356
0.00355
0.00354
0.00353
0.00351
0.0035
0.00349
0.00345
0.00344
0.00341
0.00339
0.00336
0.00334
0.0033
0.00328
0.00324
0.00322
0.00319
0.00316
0.00313
0.00311
0.00308
0.00307
0.00304
0.00303
0.003
0.003
0.00298
0.00298
0.00296
0.00297
0.00296
0.00296
0.00296
0.00296
0.00297
0.00297
0.00298
0.00299
0.00298
0.003
0.003
0.00302
0.00301
0.00302
0.00301
0.00302
0.00302
0.00301
0.003
0.00299
0.00298
0.00298
0.00297
0.00295
0.00293
0.00292
0.00289
0.00288
0.00285
0.00284
0.00281
0.0028
0.00278
0.00276
0.00274
0.00272
0.00271
0.00271
0.00269
0.00269
0.00267
0.00268
0.00267
0.00268
0.00267
0.00268
0.00268
0.0027
0.0027
0.00271
0.00272
0.00273
0.00274
0.00276
0.00277
0.00279
0.00279
0.00281
0.00282
0.00284
0.00284
0.00285
0.00285
0.00287
0.00288
0.00289
0.00289
0.00289
0.0029
0.00291
0.00292
0.00293
0.00292
0.00294
0.00294
0.00296
0.00296
0.00297
0.00298
0.003
0.00301
0.00302
0.00303
0.00305
0.00307
0.00309
0.00311
0.00313
0.00314
0.00317
0.00319
0.00322
0.00323
0.00326
0.00328
0.00331
0.00333
0.00336
0.00338
0.00341
0.00343
0.00346
0.00349
0.00352
0.00354
0.00357
0.0036
0.00364
0.00365
0.00369
0.00372
0.00376
0.00378
0.00382
0.00385
0.00388
0.00391
0.00395
0.00398
0.00401
0.00404
0.00408
0.0041
0.00414
0.00416
0.00419
0.00421
0.00424
0.00426
0.00428
0.00429
0.00431
0.00433
0.00434
0.00435
0.00437
0.00436
0.00438
0.00438
0.00439
0.00438
0.00439
0.00438
0.00439
0.00439
0.00439
0.00438
0.00438
0.00438
0.00439
0.00439
0.0044
0.00439
0.0044
0.0044
0.00442
0.00442
0.00443
0.00443
0.00445
0.00446
0.00447
0.00448
0.0045
0.00451
0.00453
0.00455
0.00457
0.00457
0.00459
0.0046
0.00463
0.00463
0.00465
0.00466
0.00468
0.00469
0.00471
0.00472
0.00473
0.00474
0.00476
0.00478
0.0048
0.0048
0.00482
0.00483
0.00486
0.00486
0.00488
0.00489
0.00492
0.00493
0.00494
0.00496
0.00497
0.00499
0.005
0.00502
0.00504
0.00504
0.00505
0.00506
0.00508
0.00508
0.00509
0.00509
0.0051
0.0051
0.0051
0.0051
0.0051
0.0051
0.0051
0.0051
0.0051
0.00508
0.00508
0.00507
0.00506
0.00505
0.00504
0.00502
0.00502
0.00501
0.00499
0.00498
0.00496
0.00496
0.00495
0.00494
0.00493
0.00491
0.00491
0.00489
0.00489
0.00487
0.00486
0.00485
0.00485
0.00483
0.00482
0.00481
0.00479
0.00478
0.00477
0.00475
0.00474
0.00471
0.0047
0.00468
0.00466
0.00463
0.00461
0.00458
0.00456
0.00453
0.0045
0.00446
0.00442
0.00439
0.00435
0.00432
0.00429
0.00424
0.00421
0.00416
0.00414
0.00409
0.00406
0.00402
0.00399
0.00396
0.00393
0.0039
0.00388
0.00386
0.00385
0.00383
0.00382
0.00381
0.00381
0.0038
0.00381
0.00381
0.00382
0.00382
0.00384
0.00385
0.00386
0.00388
0.00389
0.00391
0.00393
0.00395
0.00397
0.00397
0.00399
0.004
0.00402
0.00402
0.00403
0.00403
0.00404
0.00403
0.00403
0.00402
0.00401
0.004
0.00399
0.00398
0.00397
0.00394
0.00393
0.00391
0.00389
0.00386
0.00385
0.00382
0.00381
0.00378
0.00377
0.00374
0.00372
0.0037
0.00369
0.00367
0.00366
0.00364
0.00363
0.00361
0.0036
0.00358
0.00357
0.00355
0.00355
0.00353
0.00352
0.0035
0.00348
0.00347
0.00346
0.00344
0.00343
0.0034
0.00339
0.00337
0.00336
0.00333
0.00332
0.00329
0.00328
0.00326
0.00324
0.00323
0.00321
0.0032
0.00319
0.00318
0.00317
0.00315
0.00316
0.00315
0.00315
0.00314
0.00314
0.00313
0.00315
0.00314
0.00315
0.00315
0.00315
0.00315
0.00316
0.00317
0.00318
0.00317
0.00319
0.00319
0.0032
0.0032
0.00321
0.0032
0.00321
0.00321
0.00321
0.00321
0.00321
0.00322
0.00322
0.00322
0.00323
0.00322
0.00323
0.00322
0.00323
0.00322
0.00323
0.00322
0.00323
0.00323
0.00323
0.00323
0.00323
0.00324
0.00324
0.00324
0.00325
0.00324
0.00326
0.00325
0.00326
0.00326
0.00327
0.00326
0.00328
0.00328
0.00328
0.00328
0.00328
0.00329
0.00329
0.0033
0.00331
0.0033
0.00332
0.00332
0.00333
0.00334
0.00335
0.00335
0.00337
0.00339
0.0034
0.00342
0.00344
0.00346
0.00349
0.00351
0.00355
0.00357
0.00361
0.00364
0.00368
0.00372
0.00376
0.0038
0.00385
0.00389
0.00394
0.00398
0.00403
0.00408
0.00413
0.00417
0.00422
0.00426
0.00431
0.00435
0.0044
0.00443
0.00447
0.0045
0.00454
0.00456
0.00459
0.00461
0.00463
0.00465
0.00466
0.00468
0.00469
0.00469
0.0047
0.0047
0.00471
0.00471
0.00472
0.00471
0.00472
0.00472
0.00472
0.00472
0.00473
0.00473
0.00474
0.00475
0.00477
0.00477
0.00479
0.00481
0.00483
0.00485
0.00488
0.00489
0.00493
0.00496
0.00499
0.00501
0.00504
0.00508
0.00511
0.00514
0.00518
0.0052
0.00524
0.00526
0.0053
0.00532
0.00534
0.00536
0.00538
0.0054
0.00541
0.00542
0.00543
0.00544
0.00544
0.00545
0.00545
0.00543
0.00544
0.00542
0.00542
0.0054
0.00539
0.00536
0.00536
0.00533
0.00531
0.00528
0.00525
0.00523
0.00521
0.00518
0.00515
0.00511
0.00509
0.00505
0.00503
0.00499
0.00496
0.00492
0.00489
0.00486
0.00482
0.00478
0.00474
0.00471
0.00468
0.00464
0.00461
0.00457
0.00454
0.0045
0.00447
0.00442
0.0044
0.00435
0.00433
0.00429
0.00426
0.00422
0.00418
0.00415
0.00412
0.00409
0.00406
0.00402
0.00399
0.00396
0.00394
0.0039
0.00388
0.00384
0.00383
0.0038
0.00377
0.00375
0.00372
0.0037
0.00369
0.00367
0.00367
0.00364
0.00364
0.00363
0.00363
0.00362
0.00362
0.00362
0.00363
0.00363
0.00364
0.00365
0.00366
0.00368
0.0037
0.00372
0.00375
0.00376
0.0038
0.00382
0.00385
0.00387
0.00391
0.00393
0.00398
0.004
0.00404
0.00407
0.0041
0.00414
0.00418
0.00422
0.00426
0.00429
0.00433
0.00437
0.00441
0.00445
0.00449
0.00453
0.00458
0.00462
0.00466
0.00471
0.00475
0.0048
0.00485
0.0049
0.00495
0.00499
0.00505
0.00509
0.00514
0.00518
0.00523
0.00527
0.00532
0.00535
0.00539
0.00543
0.00545
0.00549
0.00551
0.00554
0.00556
0.00557
0.00559
0.0056
0.00561
0.00561
0.00562
0.00561
0.00561
0.0056
0.00559
0.00558
0.00557
0.00556
0.00554
0.00553
0.00553
0.0055
0.00549
0.00548
0.00548
