2.00349781711684E+02

0.00446
0.00442
0.00439
0.00435
0.00434
0.00431
0.00429
0.00426
0.00424
0.00423
0.00422
0.00421
0.00421
0.00419
0.0042
0.0042
0.00421
0.0042
0.00421
0.00421
0.00423
0.00423
0.00424
0.00424
0.00424
0.00425
0.00426
0.00427
0.00427
0.00427
0.00428
0.00427
0.00428
0.00427
0.00428
0.00427
0.00428
0.00427
0.00427
0.00427
0.00426
0.00427
0.00427
0.00427
0.00427
0.00426
0.00427
0.00426
0.00427
0.00426
0.00427
0.00426
0.00427
0.00426
0.00425
0.00424
0.00423
0.00422
0.00422
0.0042
0.00419
0.00416
0.00415
0.00412
0.00411
0.00407
0.00404
0.00401
0.00399
0.00395
0.00391
0.00388
0.00384
0.00381
0.00378
0.00375
0.00372
0.00368
0.00367
0.00364
0.00362
0.00359
0.00358
0.00355
0.00355
0.00353
0.00352
0.00351
0.0035
0.00349
0.00349
0.00348
0.00348
0.00346
0.00347
0.00345
0.00345
0.00343
0.00343
0.00341
0.0034
0.00338
0.00336
0.00334
0.00332
0.00329
0.00328
0.00325
0.00323
0.0032
0.00319
0.00316
0.00315
0.00313
0.00312
0.0031
0.0031
0.0031
0.0031
0.0031
0.00311
0.00313
0.00315
0.00318
0.00322
0.00324
0.00329
0.00333
0.00339
0.00343
0.00349
0.00354
0.00362
0.00367
0.00373
0.0038
0.00386
0.00392
0.00399
0.00405
0.00412
0.00416
0.00423
0.00428
0.00434
0.00438
0.00443
0.00447
0.00453
0.00457
0.00461
0.00465
0.00468
0.00472
0.00476
0.00479
0.00484
0.00486
0.00491
0.00494
0.00499
0.00502
0.00506
0.00509
0.00514
0.00518
0.00522
0.00525
0.00529
0.00533
0.00536
0.0054
0.00543
0.00545
0.00549
0.0055
0.00553
0.00553
0.00555
0.00554
0.00555
0.00554
0.00553
0.00551
0.00549
0.00547
0.00545
0.00541
0.00538
0.00533
0.0053
0.00525
0.00522
0.00517
0.00513
0.00508
0.00505
0.005
0.00496
0.00492
0.00489
0.00486
0.00484
0.00482
0.00481
0.00478
0.00478
0.00476
0.00477
0.00476
0.00476
0.00476
0.00477
0.00477
0.00478
0.00478
0.00478
0.00478
0.00479
0.00479
0.00479
0.00477
0.00477
0.00475
0.00474
0.00472
0.0047
0.00467
0.00466
0.00462
0.00459
0.00456
0.00453
0.0045
0.00447
0.00443
0.00441
0.00437
0.00435
0.00432
0.0043
0.00427
0.00426
0.00423
0.00423
0.00421
0.00421
0.0042
0.00419
0.00419
0.00419
0.00419
0.00419
0.00417
0.00418
0.00416
0.00416
0.00414
0.00414
0.00411
0.0041
0.00407
0.00404
0.004
0.00396
0.00392
0.00388
0.00383
0.00379
0.00373
0.00368
0.00363
0.00358
0.00352
0.00348
0.00343
0.00339
0.00335
0.00332
0.00329
0.00326
0.00325
0.00324
0.00324
0.00326
0.00326
0.00329
0.00331
0.00336
0.00339
0.00344
0.00348
0.00355
0.0036
0.00367
0.00373
0.0038
0.00387
0.00394
0.00401
0.00408
0.00414
0.00421
0.00426
0.00433
0.00437
0.00442
0.00446
0.00451
0.00454
0.00457
0.00459
0.00461
0.00463
0.00465
0.00466
0.00467
0.00466
0.00467
0.00466
0.00466
0.00465
0.00465
0.00463
0.00463
0.00462
0.00461
0.00459
0.00457
0.00456
0.00455
0.00453
0.00452
0.0045
0.00449
0.00446
0.00445
0.00442
0.00441
0.00438
0.00437
0.00434
0.00432
0.0043
0.00427
0.00426
0.00424
0.00422
0.00421
0.00418
0.00418
0.00416
0.00416
0.00415
0.00415
0.00414
0.00416
0.00416
0.00417
0.00417
0.00419
0.00421
0.00423
0.00425
0.00428
0.00429
0.00432
0.00434
0.00437
0.00439
0.00441
0.00442
0.00445
0.00446
0.00447
0.00447
0.00447
0.00447
0.00447
0.00445
0.00445
0.00442
0.0044
0.00437
0.00435
0.00432
0.00429
0.00426
0.00423
0.0042
0.00417
0.00413
0.00411
0.00408
0.00406
0.00404
0.00404
0.00401
0.00402
0.00401
0.00402
0.00402
0.00403
0.00404
0.00406
0.00408
0.0041
0.00412
0.00414
0.00417
0.0042
0.00422
0.00424
0.00426
0.00428
0.00429
0.0043
0.0043
0.0043
0.00429
0.00429
0.00427
0.00425
0.00422
0.00419
0.00416
0.00413
0.00409
0.00405
0.00399
0.00396
0.0039
0.00386
0.00381
0.00377
0.00372
0.00368
0.00364
0.0036
0.00357
0.00353
0.00351
0.00349
0.00347
0.00346
0.00344
0.00344
0.00343
0.00344
0.00343
0.00344
0.00344
0.00346
0.00347
0.00348
0.00349
0.00351
0.00352
0.00354
0.00355
0.00357
0.00357
0.00359
0.00359
0.00361
0.00361
0.00362
0.00362
0.00364
0.00364
0.00365
0.00365
0.00365
0.00366
0.00367
0.00368
0.00369
0.00369
0.00371
0.00372
0.00375
0.00375
0.00378
0.00379
0.00383
0.00385
0.00388
0.0039
0.00393
0.00397
0.00401
0.00404
0.00408
0.00411
0.00415
0.00418
0.00422
0.00426
0.00429
0.00432
0.00437
0.00439
0.00442
0.00445
0.00448
0.0045
0.00453
0.00455
0.00458
0.00459
0.00461
0.00463
0.00465
0.00465
0.00467
0.00468
0.0047
0.0047
0.00471
0.00471
0.00471
0.00472
0.00473
0.00473
0.00474
0.00474
0.00475
0.00475
0.00476
0.00476
0.00478
0.00477
0.00479
0.00479
0.0048
0.00481
0.00481
0.00483
0.00484
0.00485
0.00487
0.00487
0.00489
0.0049
0.00492
0.00493
0.00495
0.00496
0.00499
0.005
0.00502
0.00503
0.00505
0.00507
0.00509
0.0051
0.00513
0.00514
0.00516
0.00518
0.0052
0.00521
0.00524
0.00525
0.00528
0.00529
0.00531
0.00532
0.00533
0.00535
0.00537
0.00539
0.00541
0.00541
0.00544
0.00545
0.00546
0.00547
0.00548
0.00548
0.0055
0.0055
0.0055
0.0055
0.00549
0.00549
0.00549
0.00549
0.00548
0.00546
0.00545
0.00543
0.00542
0.00539
0.00537
0.00533
0.00532
0.00528
0.00524
0.0052
0.00516
0.00512
0.00509
0.00504
0.00501
0.00495
0.00491
0.00486
0.00482
0.00477
0.00473
0.00467
0.00464
0.00458
0.00454
0.0045
0.00445
0.00441
0.00437
0.00433
0.0043
0.00425
0.00422
0.00418
0.00415
0.00411
0.00408
0.00404
0.00403
0.00399
0.00396
0.00394
0.00391
0.00389
0.00387
0.00385
0.00383
0.0038
0.0038
0.00377
0.00377
0.00375
0.00374
0.00372
0.00372
0.0037
0.00369
0.00368
0.00367
0.00367
0.00366
0.00365
0.00365
0.00364
0.00364
0.00362
0.00362
0.0036
0.0036
0.00358
0.00357
0.00355
0.00354
0.00352
0.00351
0.00349
0.00347
0.00346
0.00344
0.00341
0.0034
0.00338
0.00337
0.00334
0.00333
0.00331
0.00331
0.00329
0.00328
0.00328
0.00327
0.00327
0.00327
0.00328
0.00329
0.00329
0.00331
0.00333
0.00336
0.00337
0.0034
0.00342
0.00346
0.00349
0.00352
0.00356
0.00359
0.00364
0.00368
0.00372
0.00376
0.00379
0.00383
0.00387
0.00391
0.00394
0.00398
0.00401
0.00406
0.00409
0.00412
0.00415
0.00417
0.00421
0.00424
0.00427
0.0043
0.00432
0.00436
0.00439
0.00443
0.00445
0.00449
0.00452
0.00456
0.00459
0.00462
0.00466
0.00469
0.00473
0.00477
0.00481
0.00486
0.00489
0.00494
0.00497
0.00502
0.00505
0.00509
0.00513
0.00517
0.00521
0.00525
0.00528
0.00531
0.00535
0.00539
0.00542
0.00546
0.00548
0.00552
0.00554
0.00558
0.00561
0.00564
0.00566
0.0057
0.00572
0.00575
0.00577
0.0058
0.00583
0.00585
0.00588
0.0059
0.00592
0.00594
0.00596
0.00598
0.00599
0.00601
0.00601
0.00603
0.00603
0.00603
0.00603
0.00603
0.00603
0.00602
0.00601
0.00601
0.00598
0.00598
0.00596
0.00595
0.00592
0.00591
0.00589
0.00588
0.00586
0.00584
0.00583
0.00582
0.00581
0.00581
0.00581
0.00582
0.00582
0.00584
0.00585
0.00589
0.00591
0.00595
0.00598
0.00604
0.00608
0.00614
0.0062
0.00627
0.00634
0.00642
0.0065
0.00659
0.00666
0.00676
0.00684
0.00694
0.00703
0.00713
0.00721
0.00731
0.0074
0.00749
0.00758
0.00766
0.00775
0.00784
0.00792
0.008
0.00807
0.00815
0.00821
0.00829
0.00834
0.00841
0.00846
0.00853
0.00858
0.00863
0.00867
0.00872
0.00877
0.00882
0.00886
0.00891
0.00895
0.009
0.00904
0.00909
0.00913
0.00918
0.00921
0.00927
0.00931
0.00936
0.0094
0.00945
0.0095
0.00955
0.0096
0.00966
0.0097
0.00976
0.00981
0.00986
0.00991
0.00997
0.01001
0.01008
0.01012
0.01017
0.01022
0.01027
0.01033
0.01038
0.01043
0.01048
0.01053
0.01058
0.01063
0.01068
0.01072
0.01078
0.01081
0.01087
0.01091
0.01096
0.011
0.01104
0.01108
0.01112
0.01116
0.0112
0.01123
0.01127
0.0113
0.01133
0.01136
0.01139
0.01141
0.01144
0.01145
0.01147
0.01148
0.01149
0.01151
0.01152
0.01153
0.01154
0.01154
0.01155
0.01155
0.01156
0.01155
0.01156
0.01155
0.01156
0.01156
0.01157
0.01157
0.01157
0.01158
0.01159
0.01159
0.01161
0.01161
0.01163
0.01164
0.01166
0.01167
0.01169
0.01171
0.01174
0.01175
0.01177
0.01179
0.01181
0.01183
0.01185
0.01187
0.0119
0.01191
0.01193
0.01194
0.01197
0.01197
0.01199
0.01199
0.01201
0.01202
0.01202
0.01203
0.01203
0.01203
0.01204
0.01204
0.01205
0.01204
0.01205
0.01205
0.01206
0.01205
0.01206
0.01205
0.01207
0.01207
0.01207
0.01207
0.01207
0.01208
0.01208
0.01209
0.0121
0.0121
0.01211
0.01211
0.01213
0.01212
0.01213
0.01213
0.01215
0.01214
0.01214
0.01214
0.01214
0.01214
0.01213
0.01213
0.01213
0.01211
0.0121
0.01208
0.01208
0.01205
0.01204
0.01201
0.012
0.01197
0.01194
0.01191
0.01188
0.01185
0.01182
0.01178
0.01175
0.0117
0.01167
0.01162
0.01159
0.01154
0.0115
0.01145
0.01142
0.01137
0.01133
0.01128
0.01124
0.0112
0.01117
0.01113
0.0111
0.01105
0.01103
0.01099
0.01097
0.01094
0.01092
0.01089
0.01087
0.01086
0.01084
0.01083
0.01081
0.01081
0.0108
0.01079
0.0108
0.01079
0.01079
0.01079
0.01079
0.01079
0.01079
0.01079
0.0108
0.01079
0.01079
0.01079
0.01079
0.01079
0.01079
0.01078
0.01078
0.01076
0.01076
0.01075
0.01074
0.01073
0.01072
0.0107
0.01069
0.01067
0.01066
0.01064
0.01061
0.0106
0.01058
0.01057
0.01055
0.01052
0.01051
0.01049
0.01047
0.01045
0.01043
0.0104
0.01038
0.01035
0.01032
0.01029
0.01026
0.01022
0.01019
0.01015
0.01011
0.01006
0.01002
0.00996
0.00991
0.00985
0.0098
0.00973
0.00968
0.0096
0.00954
0.00947
0.00939
0.00933
0.00926
0.00919
0.00913
0.00905
0.00899
0.00892
0.00886
0.00879
0.00874
0.00868
0.00864
0.00859
0.00855
0.00851
0.00848
0.00845
0.00843
0.00841
0.0084
0.00838
0.00838
0.00837
0.00837
0.00836
0.00837
0.00836
0.00838
0.00837
0.00838
0.00837
0.00837
0.00837
0.00837
0.00836
0.00836
0.00834
0.00833
0.00831
0.00829
0.00825
0.00823
0.00818
0.00815
0.0081
0.00806
0.00801
0.00795
0.00789
0.00784
0.00778
0.00771
0.00764
0.00758
0.00751
0.00745
0.00737
0.00731
0.00723
0.00718
0.00711
0.00704
0.00698
0.00692
0.00686
0.00682
0.00677
0.00672
0.00667
0.00663
0.00659
0.00655
0.00651
0.00649
0.00645
0.00643
0.0064
0.00638
0.00636
0.00634
0.00632
0.00631
0.00629
0.00629
0.00626
0.00626
0.00624
0.00624
0.00621
0.00621
0.00618
0.00618
0.00616
0.00614
0.00611
0.00609
0.00607
0.00605
0.00602
0.006
0.00595
0.00592
0.00589
0.00585
0.0058
0.00577
0.00572
0.00568
0.00563
0.00558
0.00553
0.00549
0.00544
0.0054
0.00535
0.00532
0.00527
0.00523
0.00519
0.00517
0.00513
0.00511
0.00509
0.00508
0.00506
0.00505
0.00505
0.00505
0.00506
0.00507
0.00509
0.00511
0.00512
0.00516
0.00518
0.00522
0.00525
0.00528
0.00532
0.00536
0.00539
0.00542
0.00545
0.00548
0.00551
0.00554
0.00556
0.00559
0.00559
0.00561
0.00561
0.00562
0.00562
0.00562
0.0056
0.0056
0.00558
0.00556
0.00554
0.00552
0.0055
0.00548
0.00546
0.00544
0.00541
0.0054
0.00537
0.00536
0.00534
0.00533
0.00532
0.00532
0.00531
0.0053
0.0053
0.0053
0.0053
0.00531
0.00531
0.00532
0.00532
0.00533
0.00533
0.00534
0.00533
0.00533
0.00532
0.00532
0.0053
0.00529
0.00527
0.00524
0.00522
0.00519
0.00515
0.00512
0.00507
0.00504
0.00498
0.00494
0.00488
0.00484
0.00478
0.00473
0.00468
0.00462
0.00457
0.00452
0.00448
0.00443
0.00439
0.00436
0.00432
0.00429
0.00426
0.00425
0.00422
0.00421
0.00419
0.00419
0.00417
0.00417
0.00417
0.00417
0.00417
0.00418
0.00419
0.0042
0.0042
0.00422
0.00422
0.00424
0.00425
0.00427
0.00427
0.00429
0.0043
0.00432
0.00433
0.00434
0.00436
0.00438
0.0044
0.00442
0.00443
0.00447
0.00448
0.00452
0.00453
0.00456
0.00458
0.00462
0.00465
0.00468
0.00471
0.00474
0.00477
0.00481
0.00484
0.00488
0.0049
0.00494
0.00497
0.00501
0.00503
0.00507
0.00509
0.00513
0.00515
0.00518
0.0052
0.00523
0.00526
0.00529
0.00532
0.00536
0.00538
0.00541
0.00544
0.00548
0.00551
0.00555
0.00558
0.00564
0.00567
0.00572
0.00576
0.0058
0.00585
0.00591
0.00596
0.00601
0.00605
0.00611
0.00616
0.00622
0.00626
0.00631
0.00635
0.00641
0.00644
0.00648
0.00652
0.00655
0.00658
0.00661
0.00664
0.00667
0.00668
0.0067
0.00672
0.00673
0.00674
0.00675
0.00675
0.00677
0.00677
0.00678
0.00678
0.00678
0.00679
0.0068
0.0068
0.00681
0.00681
0.00682
0.00682
0.00683
0.00683
0.00685
0.00685
0.00686
0.00686
0.00686
0.00686
0.00686
0.00686
0.00686
0.00686
0.00686
0.00683
0.00683
0.00681
0.0068
0.00676
0.00674
0.0067
0.00668
0.00664
0.0066
0.00656
0.00652
0.00647
0.00643
0.00639
0.00635
0.00629
0.00625
0.0062
0.00617
0.00612
0.00608
0.00603
0.00601
0.00597
0.00593
0.0059
0.00587
0.00585
0.00583
0.0058
0.00579
0.00575
0.00574
0.00571
0.0057
0.00567
0.00565
0.00562
0.0056
0.00557
0.00554
0.0055
0.00546
0.00542
0.00538
0.00533
0.00529
0.00523
0.00518
0.00512
0.00506
0.00499
0.00493
0.00486
0.0048
0.00473
0.00466
0.0046
0.00453
0.00447
0.00442
0.00436
0.00432
0.00426
0.00422
0.00417
0.00415
0.00411
0.00409
0.00406
0.00406
0.00404
0.00403
0.00403
0.00403
0.00403
0.00404
0.00404
0.00406
0.00406
0.00408
0.00408
0.0041
0.0041
0.00411
0.00411
0.00412
0.00411
0.00411
0.0041
0.00409
0.00408
0.00407
0.00405
0.00403
0.004
0.00399
0.00396
0.00394
0.0039
0.00388
0.00385
0.00383
0.0038
0.00378
0.00376
0.00374
0.00373
0.00373
0.00372
0.00373
0.00372
0.00374
0.00375
0.00377
0.00378
0.00382
0.00384
0.00388
0.00391
0.00395
0.00398
0.00402
0.00407
0.00411
0.00415
0.0042
0.00423
0.00427
0.0043
0.00435
0.00437
0.0044
0.00442
0.00446
0.00447
0.00449
0.0045
0.00451
0.00452
0.00453
0.00453
0.00454
0.00453
0.00455
0.00454
0.00455
0.00455
0.00455
0.00455
0.00457
0.00457
0.00458
0.00459
0.0046
0.00462
0.00465
0.00466
0.00469
0.00471
0.00474
0.00476
0.00479
0.00481
0.00484
0.00485
0.00488
0.00489
0.00491
0.00492
0.00492
0.00493
0.00493
0.00492
0.00491
0.00489
0.00487
0.00484
0.00481
0.00477
0.00473
0.00467
0.00463
0.00457
0.00452
0.00445
0.00439
0.00433
0.00427
0.00421
0.00415
0.00408
0.00403
0.00397
0.00393
0.00387
0.00383
0.00378
0.00375
0.00371
0.00368
0.00365
0.00363
0.00362
0.0036
0.00359
0.00359
0.00358
0.00358
0.00358
0.00359
0.00358
0.00359
0.00358
0.00359
0.00359
0.00359
0.00359
0.00359
0.00358
0.00358
0.00357
0.00357
0.00355
0.00355
0.00353
0.00352
0.0035
0.00349
0.00346
0.00346
0.00344
0.00342
0.0034
0.00338
0.00337
0.00336
0.00335
0.00334
0.00333
0.00333
0.00332
0.00332
0.00331
0.00332
0.00331
0.00333
0.00333
0.00333
0.00333
0.00333
0.00334
0.00335
0.00335
0.00336
0.00335
0.00336
0.00336
0.00336
0.00335
0.00335
0.00334
0.00334
0.00333
0.00331
0.0033
0.00329
0.00328
0.00327
0.00326
0.00325
0.00323
0.00323
0.00321
0.00321
0.0032
0.0032
0.00319
0.00321
0.00321
0.00321
0.00323
0.00324
0.00326
0.00329
0.00331
0.00335
0.00337
0.00342
0.00346
0.00351
0.00354
0.0036
0.00364
0.0037
0.00375
0.0038
0.00385
0.00391
0.00397
0.00403
0.00408
0.00414
0.00419
0.00425
0.0043
0.00435
0.0044
0.00445
0.0045
0.00455
0.0046
0.00464
0.00468
0.00472
0.00477
0.00481
0.00485
0.0049
0.00492
0.00497
0.00501
0.00505
0.00508
0.00512
0.00514
0.00518
0.00521
0.00524
0.00527
0.00529
0.00532
0.00534
0.00536
0.00538
0.00538
0.0054
0.0054
0.00541
0.00541
0.00541
0.00539
0.00539
0.00537
0.00535
0.00533
0.0053
0.00528
0.00525
0.00522
0.00518
0.00514
0.0051
0.00505
0.00502
0.00497
0.00492
0.00487
0.00484
0.00479
0.00474
0.00469
0.00465
0.00461
0.00457
0.00453
0.0045
0.00445
0.00442
0.00438
0.00436
0.00432
0.0043
0.00427
0.00425
0.00422
0.0042
0.00418
0.00416
0.00414
0.00413
0.00411
0.0041
0.00408
0.00407
0.00405
0.00404
0.00403
0.00402
0.004
0.004
0.00398
0.00398
0.00396
0.00396
0.00395
0.00395
0.00395
0.00395
0.00394
0.00395
0.00394
0.00395
0.00395
0.00396
0.00396
0.00398
0.00399
0.004
0.00401
0.00403
0.00405
0.00407
0.00409
0.00412
0.00413
0.00416
0.00419
0.00422
0.00424
0.00427
0.00429
0.00433
0.00435
0.00438
0.00441
0.00443
0.00447
0.0045
0.00453
0.00456
0.00458
0.00462
0.00464
0.00468
0.0047
0.00473
0.00475
0.00479
0.00482
0.00484
0.00487
0.00489
0.00492
0.00495
0.00498
0.00501
0.00502
0.00505
0.00507
0.0051
0.00512
0.00514
0.00515
0.00518
0.00519
0.00521
0.00522
0.00523
0.00524
0.00525
0.00525
0.00526
0.00525
0.00526
0.00525
0.00525
0.00524
0.00523
0.00522
0.00521
0.00519
0.00518
0.00515
0.00514
0.00512
0.0051
0.00507
0.00505
0.00502
0.00501
0.00498
0.00496
0.00493
0.00491
0.00488
0.00487
0.00485
0.00483
0.00481
0.00479
0.00478
0.00476
0.00475
0.00474
0.00473
0.00473
0.00471
0.00472
0.00471
0.00471
0.0047
0.00471
0.0047
0.00471
0.0047
0.0047
0.00471
0.00471
0.00472
0.00473
0.00472
0.00473
0.00473
0.00474
0.00474
0.00475
0.00474
0.00476
0.00476
0.00476
0.00476
0.00476
0.00476
0.00477
0.00477
0.00478
0.00476
0.00477
0.00476
0.00477
0.00476
0.00476
0.00475
0.00476
0.00475
0.00474
0.00473
0.00473
0.00472
0.00471
0.00471
0.0047
0.00468
0.00468
0.00467
0.00466
0.00465
0.00465
0.00463
0.00463
0.00462
0.00461
0.0046
0.0046
0.0046
0.0046
0.0046
0.0046
0.00459
0.0046
0.00461
0.00462
0.00462
0.00464
0.00465
0.00467
0.00468
0.0047
0.00471
0.00473
0.00475
0.00478
0.0048
0.00482
0.00483
0.00486
0.00487
0.0049
0.00491
0.00493
0.00494
0.00497
0.00497
0.00498
0.00499
0.005
0.00501
0.00501
0.00501
0.00502
0.00501
0.00502
0.00501
0.00501
0.005
0.005
0.00499
0.00499
0.00497
0.00497
0.00496
0.00494
0.00493
0.00492
0.00491
0.00491
0.00489
0.00488
0.00486
0.00486
0.00484
0.00483
0.00481
0.0048
0.00478
0.00476
0.00474
0.00473
0.00471
0.0047
0.00468
0.00467
0.00465
0.00464
0.00462
0.00461
0.00459
0.00458
0.00456
0.00455
0.00454
0.00453
0.00452
0.0045
0.0045
0.00449
0.00448
0.00448
0.00447
0.00447
0.00446
0.00447
0.00445
0.00445
0.00444
0.00444
0.00443
0.00442
0.00441
0.00439
0.00438
0.00437
0.00435
0.00434
0.0043
0.00429
0.00426
0.00424
0.0042
0.00417
0.00413
0.00411
0.00406
0.00403
0.00399
0.00395
0.00391
0.00388
0.00384
0.0038
0.00376
0.00373
0.00369
0.00366
0.00362
0.00359
0.00355
0.00353
0.0035
0.00347
0.00344
0.00341
0.00339
0.00337
0.00334
0.00333
0.00329
0.00327
0.00324
0.00323
0.00319
0.00317
0.00313
0.00311
0.00308
0.00305
0.00302
0.00298
0.00295
0.00292
0.00289
0.00287
0.00282
0.0028
0.00277
0.00275
0.00271
0.00269
0.00266
0.00266
0.00263
0.00262
0.00261
0.00259
0.00259
0.00259
0.0026
0.00261
0.00261
0.00264
0.00265
0.00268
0.0027
0.00273
0.00276
0.0028
0.00283
0.00287
0.00291
0.00295
0.003
0.00305
0.0031
0.00316
0.0032
0.00326
0.0033
0.00336
0.00341
0.00346
0.00351
0.00357
0.00362
0.00367
0.00371
0.00376
0.00381
0.00385
0.0039
0.00395
0.00398
0.00402
0.00405
0.00409
0.00412
0.00416
0.00417
0.00421
0.00423
0.00425
0.00427
0.00428
0.0043
0.00431
0.00432
0.00434
0.00433
0.00435
0.00434
0.00435
0.00435
0.00436
0.00435
0.00436
0.00436
0.00436
0.00436
0.00436
0.00436
0.00437
0.00437
0.00438
0.00438
0.00439
0.00439
0.00441
0.00441
0.00443
0.00443
0.00445
0.00445
0.00446
0.00447
0.00447
0.00448
0.00448
0.00449
0.0045
0.00449
0.0045
0.00449
0.00449
0.00448
0.00448
0.00446
0.00446
0.00445
0.00444
0.00442
0.00441
0.0044
0.0044
0.00439
0.00439
0.00437
0.00438
0.00437
0.00438
0.00438
0.00439
0.00439
0.00442
0.00443
0.00445
0.00447
0.00449
0.00452
0.00455
0.00458
0.00462
0.00465
0.00469
0.00473
0.00477
0.0048
0.00484
0.00487
0.00492
0.00496
0.00499
0.00502
0.00505
0.00509
0.00512
0.00515
0.00518
0.0052
0.00524
0.00526
0.00529
0.00531
0.00534
0.00536
0.0054
0.00542
0.00545
0.00547
0.0055
0.00554
0.00558
0.00561
0.00565
0.00568
0.00573
0.00577
0.00582
0.00585
0.0059
0.00594
0.00599
0.00603
0.00608
0.00611
0.00616
0.0062
0.00624
0.00628
0.00631
0.00634
0.00637
0.00639
0.00642
0.00644
0.00646
0.00647
0.00649
0.0065
0.00651
0.00651
0.00651
0.00652
0.00652
0.00652
0.00652
0.0065
0.00651
0.00649
0.00649
0.00647
0.00647
0.00645
0.00644
0.00643
0.00641
0.00639
0.00637
0.00636
0.00634
0.00632
0.0063
0.00627
0.00625
0.00621
0.0062
0.00616
0.00613
0.00609
0.00607
0.00603
0.00599
0.00595
0.00592
0.00589
0.00586
0.00583
0.0058
0.00576
0.00575
0.00572
0.00571
0.00568
0.00567
0.00566
0.00566
0.00566
0.00566
0.00566
0.00566
0.00567
0.00569
0.0057
0.00572
0.00573
0.00576
0.00577
0.0058
0.0058
0.00583
0.00583
0.00585
0.00586
0.00586
0.00586
0.00585
0.00585
0.00584
0.00583
0.00581
0.00578
0.00576
0.00572
0.00569
0.00564
0.0056
0.00555
0.00551
0.00546
0.0054
0.00535
0.00529
0.00524
0.00519
0.00514
0.00509
0.00503
0.00499
0.00494
0.00491
0.00486
0.00482
0.00477
0.00474
0.00471
0.00467
0.00464
0.0046
0.00458
0.00455
0.00452
0.00449
0.00445
0.00443
0.00439
0.00437
0.00432
0.00429
0.00425
0.00422
0.00418
0.00414
0.00409
0.00405
0.00401
0.00397
0.00393
0.00389
0.00383
0.0038
0.00375
0.00372
0.00368
0.00365
0.0036
0.00359
0.00355
0.00352
0.0035
0.00347
0.00346
0.00344
0.00343
0.00342
0.0034
0.00341
0.00339
0.0034
0.00339
0.00339
0.00339
0.0034
0.00339
0.00339
0.00339
0.00339
0.0034
0.00341
0.00341
0.00341
0.0034
0.00341
0.00341
0.00342
0.00341
0.00341
0.00341
0.00342
0.00342
0.00342
0.00342
0.00342
0.00343
0.00344
0.00345
0.00346
0.00346
0.00349
0.00349
0.00352
0.00352
0.00354
0.00355
0.00358
0.00359
0.0036
0.00362
0.00363
0.00365
0.00366
0.00367
0.00369
0.00368
0.0037
0.0037
0.00371
0.0037
0.0037
0.00369
0.00369
0.00368
0.00367
0.00365
0.00364
0.00362
0.00361
0.0036
0.00359
0.00356
0.00355
0.00354
0.00353
0.00352
0.00351
0.0035
0.00351
0.00351
0.00351
0.00351
0.00352
0.00353
0.00355
0.00357
0.0036
0.00361
0.00364
0.00367
0.0037
0.00373
0.00377
0.00379
0.00383
0.00386
0.0039
0.00393
0.00395
0.00399
0.00402
0.00404
0.00407
0.00408
0.00411
0.00412
0.00414
0.00415
0.00416
0.00416
0.00417
0.00417
0.00417
0.00417
0.00416
0.00416
0.00415
0.00414
0.00414
0.00412
0.00411
0.00409
0.00409
0.00407
0.00406
0.00404
0.00403
0.00401
0.004
0.00398
0.00396
0.00395
0.00393
0.00391
0.0039
0.00387
0.00386
0.00383
0.00382
0.00379
0.00377
0.00374
0.00373
0.0037
0.00367
0.00365
0.00362
0.0036
0.00358
0.00356
0.00354
0.00351
0.00351
0.00349
0.00348
0.00346
0.00346
0.00345
0.00346
0.00346
0.00346
0.00347
0.00348
0.0035
0.00352
0.00355
0.00358
0.0036
0.00364
0.00366
0.0037
0.00373
0.00377
0.0038
0.00385
0.00388
0.00392
0.00396
0.00399
0.00403
0.00406
0.00409
0.00413
0.00415
0.00418
0.0042
0.00423
0.00424
0.00427
0.00428
0.00431
0.00432
0.00434
0.00435
0.00437
0.00439
0.00441
0.00443
0.00446
0.00447
0.0045
0.00452
0.00456
0.00458
0.00461
0.00464
0.00469
0.00472
0.00476
0.0048
0.00484
0.00488
0.00493
0.00498
0.00503
0.00506
0.00512
0.00516
0.00521
0.00525
0.0053
0.00533
0.00539
0.00542
0.00546
0.0055
0.00553
0.00557
0.00561
0.00564
0.00567
0.00569
0.00572
0.00574
0.00577
0.00579
0.00581
0.00582
0.00585
0.00586
0.00588
0.00589
0.0059
0.00592
0.00593
0.00594
0.00595
0.00595
0.00597
0.00597
0.00598
0.00598
0.00599
0.00598
0.006
0.00599
0.00599
0.00599
0.00598
0.00598
0.00598
0.00597
0.00597
0.00595
0.00595
0.00593
0.00592
0.0059
0.00589
0.00587
0.00586
0.00584
0.00582
0.00579
0.00577
0.00574
0.00572
0.00569
0.00567
0.00562
0.0056
0.00556
0.00553
0.00549
0.00545
0.00541
0.00537
0.00532
0.00528
0.00523
0.00518
0.00513
0.00508
0.00503
0.00498
0.00491
0.00487
0.00481
0.00476
0.0047
0.00465
0.00459
0.00455
0.00449
0.00444
0.00439
0.00434
0.00429
0.00425
0.00421
0.00418
0.00413
0.00411
0.00407
0.00405
0.00401
0.004
0.00397
0.00396
0.00394
0.00392
0.00391
0.0039
0.00389
0.00388
0.00388
0.00387
0.00386
0.00386
0.00385
0.00385
0.00383
0.00383
0.00382
0.00382
0.0038
0.00379
0.00378
0.00376
0.00375
0.00373
0.00371
0.0037
0.00367
0.00365
0.00362
0.0036
0.00357
0.00355
0.00352
0.0035
0.00347
0.00345
0.00342
0.00339
0.00337
0.00336
0.00334
0.00333
0.0033
0.0033
0.00328
0.00328
0.00327
0.00328
0.00327
0.00329
0.00329
0.00331
0.00332
0.00333
0.00336
0.00338
0.00341
0.00344
0.00346
0.00351
0.00354
0.00358
0.00361
0.00366
0.00369
0.00374
0.00378
0.00382
0.00386
0.0039
0.00395
0.00399
0.00403
0.00408
0.00411
0.00415
0.00418
0.00422
0.00425
0.00428
0.0043
0.00434
0.00436
0.00439
0.0044
0.00442
0.00444
0.00446
0.00448
0.0045
0.0045
0.00452
0.00453
0.00454
0.00455
0.00456
0.00456
0.00458
0.00458
0.00459
0.00459
0.0046
0.00461
0.00461
0.00463
0.00464
0.00464
0.00465
0.00466
0.00468
0.00468
0.0047
0.0047
0.00472
0.00473
0.00474
0.00475
0.00476
0.00478
0.00479
0.0048
0.00482
0.00482
0.00483
0.00484
0.00486
0.00485
0.00486
0.00486
0.00487
0.00487
0.00487
0.00487
0.00487
0.00487
0.00487
0.00486
0.00486
0.00484
0.00484
0.00483
0.00483
0.00481
0.00481
0.00479
0.00478
0.00477
0.00476
0.00474
0.00473
0.00472
0.00471
0.0047
0.00469
0.00467
0.00467
0.00465
0.00465
0.00463
0.00463
0.00461
0.00461
0.0046
0.00459
0.00458
0.00457
0.00456
0.00455
0.00455
0.00454
0.00452
0.00451
0.0045
0.00449
0.00447
0.00446
0.00444
0.00443
0.00442
0.0044
0.00439
0.00437
0.00437
0.00436
0.00435
0.00435
0.00433
0.00434
0.00433
0.00434
0.00434
0.00435
0.00435
0.00437
0.00439
0.0044
0.00442
0.00445
0.00448
0.00451
0.00455
0.00458
0.00461
0.00466
0.0047
0.00475
0.00478
0.00483
0.00487
0.00492
0.00496
0.005
0.00503
0.00507
0.0051
0.00514
0.00516
0.00519
0.0052
0.00523
0.00523
0.00525
0.00525
0.00525
0.00523
0.00524
0.00522
0.0052
0.00518
0.00515
0.00513
0.0051
0.00507
0.00505
0.00501
0.00498
0.00494
0.00491
0.00487
0.00484
0.0048
0.00478
0.00474
0.00471
0.00469
0.00466
0.00464
0.00463
0.00461
0.0046
0.00458
0.00458
0.00457
0.00458
0.00457
0.00457
0.00456
0.00457
0.00457
0.00457
0.00456
0.00456
0.00455
0.00455
0.00455
0.00454
0.00452
0.00451
0.00448
0.00447
0.00443
0.0044
0.00436
0.00434
0.00429
0.00424
0.00419
0.00414
0.00409
0.00403
0.00398
0.00392
0.00385
0.00379
0.00373
0.00367
0.0036
0.00354
0.00347
0.00342
0.00336
0.00331
0.00325
0.0032
0.00315
0.00311
0.00307
0.00303
0.00298
0.00295
0.00291
0.00289
0.00285
0.00283
0.0028
0.00278
0.00275
0.00273
0.00271
0.00268
0.00266
0.00264
0.00262
0.00261
0.00257
0.00256
0.00253
0.00252
0.00249
0.00248
0.00245
0.00245
0.00243
0.00241
0.0024
0.00239
0.00239
0.0024
0.0024
0.00241
0.00242
0.00244
0.00246
0.0025
0.00253
0.00257
0.00261
0.00267
0.00272
0.00278
0.00285
0.00291
0.00299
0.00307
0.00315
0.00324
0.00331
0.0034
0.00348
0.00358
0.00365
0.00374
0.00382
0.00391
0.00398
0.00405
0.00412
0.00418
0.00425
0.00431
0.00436
0.00442
0.00445
0.0045
0.00453
0.00458
0.0046
0.00463
0.00465
0.00468
0.00469
0.00471
0.00472
0.00473
0.00475
0.00477
0.00478
0.0048
0.0048
0.00482
0.00483
0.00485
0.00486
0.00488
0.00489
0.00492
0.00493
0.00495
0.00497
0.00498
0.00501
0.00503
0.00505
0.00507
0.00508
0.0051
0.00512
0.00514
0.00515
0.00517
0.00518
0.0052
0.00522
0.00523
0.00524
0.00525
0.00526
0.00527
0.00528
0.0053
0.0053
0.00532
0.00532
0.00534
0.00535
0.00536
0.00536
0.00539
0.0054
0.00541
0.00542
0.00543
0.00545
0.00546
0.00548
0.0055
0.00551
0.00553
0.00554
0.00556
0.00557
0.00559
0.00559
0.00562
0.00562
0.00564
0.00564
0.00565
0.00567
0.00568
0.00569
0.0057
0.00569
0.00571
0.00571
0.00572
0.00571
0.00572
0.00572
0.00572
0.00572
0.00572
0.00571
0.00571
0.00571
0.0057
0.00569
0.00569
0.00567
0.00566
0.00564
0.00564
0.00561
0.0056
0.00558
0.00556
0.00554
0.00551
0.00548
0.00545
0.00542
0.00539
0.00536
0.00533
0.00528
0.00525
0.0052
0.00517
0.00512
0.00508
0.00502
0.00499
0.00493
0.00488
0.00483
0.00478
0.00473
0.00468
0.00462
0.00458
0.00451
0.00447
0.0044
0.00436
0.0043
0.00425
0.00419
0.00414
0.00409
0.00404
0.00398
0.00393
0.00389
0.00385
0.0038
0.00377
0.00371
0.00368
0.00364
0.00362
0.00358
0.00356
0.00353
0.00352
0.00349
0.00348
0.00347
0.00346
0.00346
0.00346
0.00346
0.00347
0.00347
0.00349
0.00351
0.00354
0.00355
0.00358
0.0036
0.00365
0.00367
0.00371
0.00375
0.00379
0.00383
0.00388
0.00393
0.00398
0.00402
0.00408
0.00413
0.00419
0.00423
0.00429
0.00434
0.0044
0.00445
0.0045
0.00455
0.0046
0.00466
0.00471
0.00476
0.00481
0.00484
0.00489
0.00493
0.00498
0.00501
0.00505
0.00508
0.00512
0.00515
0.00518
0.0052
0.00522
0.00525
0.00527
0.00528
0.00531
0.00531
0.00533
0.00533
0.00535
0.00535
0.00536
0.00536
0.00537
0.00537
0.00537
0.00537
0.00536
0.00537
0.00537
0.00537
0.00537
0.00536
0.00536
0.00536
0.00536
0.00535
0.00535
0.00533
0.00534
0.00533
0.00532
0.00531
0.0053
0.00529
0.00528
0.00527
0.00526
0.00523
0.00522
0.0052
0.00518
0.00516
0.00514
0.00511
0.0051
0.00507
0.00504
0.00501
0.00498
0.00495
0.00492
0.00489
0.00487
0.00483
0.00481
0.00477
0.00475
0.00471
0.00468
0.00465
0.00463
0.0046
0.00457
0.00454
0.00451
0.00448
0.00446
0.00444
0.00442
0.00438
0.00437
0.00434
0.00432
0.00429
0.00427
0.00424
0.00423
0.00421
0.00418
0.00416
0.00413
0.00411
0.00409
0.00407
0.00405
0.00402
0.00401
0.00398
0.00396
0.00394
0.00392
0.00389
0.00388
0.00385
0.00383
0.00381
0.00378
0.00377
0.00375
0.00373
0.00371
0.00368
0.00367
0.00365
0.00364
0.0036
0.00359
0.00356
0.00355
0.00353
0.00351
0.00349
0.00347
0.00345
0.00343
0.00341
0.0034
0.00337
0.00336
0.00334
0.00333
0.0033
0.00329
0.00327
0.00326
0.00324
0.00323
0.00321
0.0032
0.0032
0.00319
0.00318
0.00318
0.00316
0.00317
0.00316
0.00317
0.00316
0.00316
0.00316
0.00317
0.00317
0.00318
0.00318
0.00319
0.0032
0.00321
0.00322
0.00324
0.00324
0.00326
0.00326
0.00328
0.00329
0.00331
0.00331
0.00334
0.00335
0.00336
0.00337
0.00339
0.00341
0.00342
0.00344
0.00346
0.00347
0.00349
0.0035
0.00353
0.00354
0.00356
0.00357
0.0036
0.00362
0.00364
0.00365
0.00367
0.00369
0.00372
0.00374
0.00377
0.00378
0.00381
0.00383
0.00386
0.00387
0.0039
0.00391
0.00395
0.00396
0.00399
0.00401
0.00403
0.00406
0.00408
0.0041
0.00413
0.00414
0.00417
0.00418
0.00421
0.00422
0.00424
0.00425
0.00428
0.00429
0.0043
0.00431
0.00432
0.00434
0.00435
0.00435
0.00437
0.00436
0.00437
0.00437
0.00438
0.00437
0.00438
0.00437
0.00438
0.00437
0.00437
0.00437
0.00436
0.00436
0.00436
0.00436
0.00437
0.00435
0.00437
0.00436
0.00437
0.00437
0.00438
0.00438
0.0044
0.0044
0.00442
0.00443
0.00444
0.00446
0.00448
0.0045
0.00452
0.00453
0.00456
0.00457
0.0046
0.00461
0.00464
0.00466
0.00469
0.0047
0.00472
0.00473
0.00474
0.00476
0.00478
0.00479
0.00481
0.00481
0.00482
0.00482
0.00483
0.00483
0.00483
0.00483
0.00484
0.00483
0.00483
0.00483
0.00482
0.00482
0.00482
0.00482
0.00483
0.00481
0.00483
0.00482
0.00483
0.00483
0.00484
0.00484
0.00486
0.00486
0.00487
0.00488
0.00489
0.00491
0.00493
0.00494
0.00497
0.00497
0.005
0.00501
0.00503
0.00504
0.00506
0.00507
0.00509
0.0051
0.00511
0.00512
0.00513
0.00514
0.00515
0.00516
0.00517
0.00517
0.00518
0.00518
0.00519
0.00518
0.00519
0.00518
0.00519
0.00518
0.00518
0.00518
0.00518
0.00518
0.00518
0.00518
0.00519
0.00518
0.00519
0.00518
0.00519
0.00519
0.00519
0.00519
0.0052
0.0052
0.0052
0.0052
0.0052
0.00521
0.00522
0.00522
0.00523
0.00522
0.00523
0.00522
0.00523
0.00523
0.00523
0.00522
0.00523
0.00523
0.00522
0.00522
0.00521
0.00521
0.00521
0.00521
0.00521
0.00519
0.0052
0.00518
0.00519
0.00518
0.00518
0.00517
0.00517
0.00516
0.00516
0.00515
0.00514
0.00514
0.00514
0.00514
0.00514
0.00512
0.00512
0.00511
0.00511
0.00509
0.00509
0.00507
0.00506
0.00504
0.00502
0.00501
0.00498
0.00496
0.00494
0.00491
0.00488
0.00484
0.00482
0.00478
0.00474
0.0047
0.00466
0.00461
0.00458
0.00454
0.0045
0.00445
0.00441
0.00437
0.00434
0.0043
0.00427
0.00424
0.00422
0.00419
0.00417
0.00415
0.00414
0.00413
0.00413
0.00412
0.00413
0.00413
0.00414
0.00416
0.00418
0.0042
0.00423
0.00425
0.00429
0.00431
0.00435
0.00438
0.00442
0.00444
0.00449
0.00452
0.00455
0.00458
0.0046
0.00463
0.00466
0.00468
0.00471
0.00472
0.00474
0.00475
0.00477
0.00477
0.00478
0.00478
0.00479
0.00478
0.00478
0.00478
0.00477
0.00476
0.00476
0.00476
0.00475
0.00474
0.00474
0.00473
0.00473
0.00471
0.00471
0.0047
0.0047
0.00469
0.00468
0.00468
0.00467
0.00467
0.00467
0.00466
0.00467
0.00465
0.00466
0.00465
0.00466
0.00465
0.00465
0.00463
0.00464
0.00463
0.00463
0.00463
0.00462
0.00462
0.00462
0.00462
0.00463
0.00461
0.00463
0.00462
0.00463
0.00463
0.00464
0.00464
0.00466
0.00466
0.00467
0.00468
0.00469
0.00471
0.00473
0.00474
0.00476
0.00477
0.00479
0.00481
0.00483
0.00484
0.00486
0.00487
0.0049
0.00491
0.00492
0.00494
0.00495
0.00496
0.00497
0.00499
0.005
0.00499
0.00501
0.00501
0.00502
0.00502
0.00503
0.00502
0.00504
0.00504
0.00504
0.00504
0.00505
0.00506
0.00507
0.00508
0.00509
0.0051
0.00512
0.00514
0.00516
0.00518
0.0052
0.00523
0.00527
0.00529
0.00533
0.00536
0.00539
0.00543
0.00548
0.00552
0.00556
0.00559
0.00564
0.00568
0.00572
0.00576
0.0058
0.00582
0.00587
0.00589
0.00591
0.00593
0.00595
0.00597
0.00598
0.00598
0.00599
0.00598
0.00598
0.00596
0.00595
0.00593
0.00591
0.00587
0.00585
0.00581
0.00578
0.00574
0.00569
0.00565
0.00561
0.00557
0.00553
0.00547
0.00543
0.00538
0.00535
0.0053
0.00526
0.00522
0.00519
0.00515
0.00512
0.00509
0.00505
0.00503
0.00501
0.00499
0.00497
0.00494
0.00494
0.00492
0.00492
0.0049
0.00489
0.00487
0.00488
0.00487
0.00486
0.00485
0.00484
0.00484
0.00484
0.00483
0.00483
0.00481
0.00481
0.0048
0.0048
0.00478
0.00478
0.00476
0.00476
0.00475
0.00474
0.00473
0.00472
0.00471
0.0047
0.0047
0.00469
0.00468
0.00468
0.00466
0.00466
0.00465
0.00465
0.00464
0.00465
0.00464
0.00464
0.00463
0.00463
0.00463
0.00463
0.00463
0.00463
0.00461
0.00462
0.00461
0.00461
0.0046
0.0046
0.00458
0.00458
0.00457
0.00456
0.00454
0.00453
0.00452
0.0045
0.00448
0.00447
0.00444
0.00443
0.0044
0.00439
0.00436
0.00434
0.00432
0.0043
0.00428
0.00426
0.00424
0.00421
0.0042
0.00418
0.00417
0.00416
0.00413
0.00413
0.00411
0.00411
0.0041
0.00409
0.00408
0.00409
0.00408
0.00408
0.00407
0.00407
0.00407
0.00407
0.00406
0.00407
0.00405
0.00406
0.00404
0.00404
0.00403
0.00402
0.004
0.004
0.00398
0.00396
0.00394
0.00392
0.0039
0.00388
0.00386
0.00385
0.00381
0.0038
0.00377
0.00376
0.00373
0.00371
0.00369
0.00368
0.00366
0.00365
0.00364
0.00362
0.00362
0.00362
0.00362
0.00363
0.00362
0.00364
0.00364
0.00365
0.00366
0.00368
0.00368
0.00371
0.00372
0.00374
0.00375
0.00377
0.00379
0.00381
0.00383
0.00385
0.00386
0.00388
0.0039
0.00393
