8.26985404975142E+02

0.00436
0.00439
0.00442
0.00445
0.00449
0.00452
0.00455
0.00458
0.00461
0.00465
0.00469
0.00472
0.00476
0.00478
0.00481
0.00484
0.00487
0.00489
0.00492
0.00493
0.00496
0.00497
0.00499
0.00501
0.00502
0.00503
0.00504
0.00505
0.00507
0.00506
0.00508
0.00508
0.00509
0.00509
0.0051
0.0051
0.00512
0.00512
0.00512
0.00513
0.00513
0.00514
0.00515
0.00515
0.00516
0.00515
0.00515
0.00515
0.00515
0.00514
0.00514
0.00512
0.00511
0.00509
0.00507
0.00504
0.00501
0.00499
0.00496
0.00492
0.00488
0.00483
0.00479
0.00474
0.0047
0.00464
0.0046
0.00453
0.00449
0.00444
0.00439
0.00434
0.00429
0.00424
0.0042
0.00416
0.00413
0.00409
0.00407
0.00404
0.00402
0.00399
0.00399
0.00397
0.00398
0.00396
0.00397
0.00397
0.00397
0.00398
0.004
0.00401
0.00403
0.00404
0.00407
0.00408
0.00411
0.00412
0.00415
0.00416
0.00419
0.00421
0.00422
0.00424
0.00426
0.00428
0.0043
0.00431
0.00433
0.00434
0.00435
0.00436
0.00438
0.00439
0.0044
0.00441
0.00443
0.00443
0.00445
0.00445
0.00446
0.00448
0.00449
0.0045
0.00452
0.00453
0.00455
0.00456
0.00458
0.00459
0.00461
0.00461
0.00464
0.00465
0.00467
0.00468
0.0047
0.00471
0.00473
0.00474
0.00476
0.00476
0.00478
0.00479
0.0048
0.0048
0.00481
0.00481
0.00482
0.00481
0.00481
0.0048
0.00479
0.00478
0.00478
0.00476
0.00475
0.00473
0.00472
0.0047
0.00469
0.00466
0.00465
0.00462
0.00461
0.00459
0.00457
0.00455
0.00453
0.00452
0.00451
0.0045
0.0045
0.00448
0.00449
0.00448
0.0045
0.00449
0.0045
0.0045
0.00453
0.00453
0.00455
0.00456
0.00458
0.0046
0.00462
0.00463
0.00466
0.00467
0.0047
0.00471
0.00473
0.00474
0.00476
0.00476
0.00478
0.00479
0.00479
0.0048
0.0048
0.00481
0.00481
0.00481
0.00482
0.00481
0.00482
0.00481
0.00482
0.00481
0.00482
0.00481
0.00483
0.00483
0.00483
0.00484
0.00485
0.00486
0.00488
0.00489
0.00491
0.00492
0.00495
0.00497
0.005
0.00502
0.00505
0.00507
0.00511
0.00513
0.00516
0.00519
0.00522
0.00525
0.00528
0.0053
0.00533
0.00535
0.00538
0.0054
0.00542
0.00543
0.00545
0.00546
0.00548
0.00549
0.00549
0.0055
0.0055
0.00551
0.00551
0.00551
0.00551
0.00549
0.00549
0.00548
0.00548
0.00546
0.00545
0.00543
0.00543
0.00541
0.00539
0.00536
0.00535
0.00533
0.00531
0.00528
0.00527
0.00523
0.00521
0.00518
0.00516
0.00512
0.0051
0.00506
0.00504
0.005
0.00497
0.00493
0.00489
0.00486
0.00483
0.00479
0.00476
0.00471
0.00469
0.00465
0.00461
0.00457
0.00454
0.0045
0.00447
0.00443
0.00439
0.00435
0.00432
0.00429
0.00426
0.00423
0.00421
0.00417
0.00416
0.00413
0.00411
0.00409
0.00407
0.00405
0.00404
0.00403
0.00402
0.00401
0.004
0.004
0.004
0.004
0.00401
0.004
0.00401
0.00402
0.00403
0.00404
0.00405
0.00406
0.00408
0.00409
0.0041
0.00412
0.00413
0.00415
0.00417
0.00418
0.0042
0.00421
0.00423
0.00424
0.00426
0.00426
0.00428
0.00428
0.0043
0.0043
0.00431
0.00431
0.00431
0.00431
0.00432
0.00431
0.00431
0.00429
0.00429
0.00428
0.00427
0.00425
0.00424
0.00421
0.0042
0.00417
0.00415
0.00412
0.00409
0.00407
0.00404
0.00401
0.00399
0.00395
0.00392
0.00388
0.00386
0.00382
0.0038
0.00376
0.00374
0.0037
0.00368
0.00365
0.00362
0.00359
0.00357
0.00355
0.00353
0.0035
0.00349
0.00346
0.00345
0.00342
0.00341
0.00339
0.00338
0.00336
0.00335
0.00333
0.00331
0.0033
0.00329
0.00328
0.00327
0.00325
0.00324
0.00323
0.00322
0.00321
0.0032
0.00318
0.00319
0.00318
0.00317
0.00316
0.00316
0.00316
0.00316
0.00316
0.00317
0.00316
0.00318
0.00318
0.0032
0.00321
0.00323
0.00323
0.00326
0.00328
0.00329
0.00331
0.00333
0.00336
0.00338
0.00341
0.00344
0.00346
0.00349
0.00351
0.00355
0.00357
0.0036
0.00362
0.00365
0.00368
0.0037
0.00373
0.00375
0.00378
0.00381
0.00384
0.00387
0.00389
0.00392
0.00395
0.00398
0.004
0.00403
0.00406
0.00409
0.00412
0.00414
0.00417
0.00419
0.00422
0.00426
0.00428
0.00431
0.00433
0.00436
0.00438
0.00441
0.00442
0.00445
0.00446
0.00449
0.0045
0.00452
0.00453
0.00454
0.00456
0.00457
0.00458
0.0046
0.0046
0.00461
0.00462
0.00463
0.00464
0.00465
0.00465
0.00467
0.00468
0.00469
0.0047
0.0047
0.00472
0.00473
0.00474
0.00476
0.00476
0.00479
0.00479
0.00482
0.00483
0.00484
0.00485
0.00487
0.00488
0.00489
0.0049
0.0049
0.00491
0.00492
0.00493
0.00494
0.00493
0.00494
0.00494
0.00494
0.00493
0.00494
0.00492
0.00493
0.00491
0.00491
0.0049
0.00489
0.00488
0.00487
0.00487
0.00486
0.00484
0.00484
0.00483
0.00483
0.00481
0.00481
0.0048
0.0048
0.00479
0.00478
0.00478
0.00476
0.00476
0.00476
0.00475
0.00474
0.00473
0.00473
0.00471
0.00471
0.00468
0.00468
0.00465
0.00465
0.00462
0.0046
0.00458
0.00455
0.00453
0.00452
0.00449
0.00447
0.00443
0.00441
0.00438
0.00436
0.00432
0.0043
0.00426
0.00425
0.00421
0.00419
0.00416
0.00413
0.00411
0.00408
0.00406
0.00404
0.00401
0.00399
0.00396
0.00395
0.00392
0.00391
0.00388
0.00387
0.00384
0.00382
0.0038
0.00377
0.00375
0.00373
0.00371
0.00369
0.00366
0.00364
0.00361
0.00359
0.00356
0.00354
0.0035
0.00349
0.00346
0.00343
0.0034
0.00337
0.00335
0.00333
0.0033
0.00328
0.00325
0.00324
0.00322
0.00321
0.00319
0.00318
0.00316
0.00316
0.00315
0.00315
0.00315
0.00315
0.00315
0.00316
0.00317
0.00319
0.00319
0.00321
0.00323
0.00325
0.00326
0.00329
0.00331
0.00334
0.00336
0.00339
0.00341
0.00343
0.00346
0.00349
0.00352
0.00355
0.00356
0.00359
0.00361
0.00364
0.00366
0.00368
0.0037
0.00372
0.00374
0.00375
0.00377
0.00378
0.0038
0.00382
0.00383
0.00385
0.00385
0.00388
0.00388
0.00391
0.00391
0.00393
0.00394
0.00396
0.00398
0.00399
0.00401
0.00402
0.00404
0.00406
0.00408
0.00411
0.00412
0.00415
0.00416
0.00419
0.0042
0.00423
0.00424
0.00427
0.00428
0.0043
0.00431
0.00432
0.00434
0.00436
0.00437
0.00439
0.0044
0.00442
0.00442
0.00444
0.00445
0.00447
0.00447
0.00449
0.0045
0.00452
0.00453
0.00455
0.00457
0.00459
0.00461
0.00464
0.00466
0.00469
0.00471
0.00475
0.00478
0.00481
0.00484
0.00488
0.00491
0.00494
0.00497
0.00499
0.00503
0.00505
0.00508
0.00511
0.00512
0.00514
0.00514
0.00516
0.00515
0.00516
0.00514
0.00514
0.00512
0.0051
0.00508
0.00505
0.00502
0.00498
0.00494
0.00491
0.00485
0.00482
0.00476
0.00473
0.00467
0.00463
0.00458
0.00454
0.0045
0.00446
0.00442
0.00439
0.00436
0.00434
0.00432
0.0043
0.00428
0.00428
0.00427
0.00428
0.00428
0.00429
0.0043
0.00432
0.00433
0.00435
0.00437
0.00439
0.00441
0.00444
0.00446
0.00449
0.0045
0.00453
0.00454
0.00457
0.00457
0.00459
0.00459
0.00461
0.00461
0.00461
0.00461
0.00461
0.00461
0.00461
0.00461
0.00461
0.0046
0.0046
0.00459
0.00459
0.00458
0.00458
0.00457
0.00457
0.00457
0.00457
0.00456
0.00456
0.00457
0.00458
0.00459
0.0046
0.0046
0.00463
0.00463
0.00466
0.00467
0.00469
0.0047
0.00473
0.00475
0.00478
0.00479
0.00482
0.00484
0.00487
0.0049
0.00493
0.00495
0.00499
0.00501
0.00505
0.00507
0.00511
0.00514
0.00518
0.00521
0.00525
0.00528
0.00532
0.00537
0.00542
0.00546
0.00552
0.00556
0.00562
0.00567
0.00574
0.0058
0.00587
0.00593
0.00601
0.00608
0.00616
0.00624
0.00632
0.00641
0.00651
0.0066
0.00671
0.0068
0.00692
0.00703
0.00715
0.00726
0.00739
0.00752
0.00766
0.00779
0.00794
0.00808
0.00823
0.00839
0.00855
0.00872
0.0089
0.00906
0.00925
0.00942
0.00962
0.00981
0.01001
0.0102
0.01041
0.01061
0.01082
0.01103
0.01124
0.01146
0.01168
0.0119
0.01213
0.01234
0.01258
0.0128
0.01303
0.01326
0.01349
0.01371
0.01396
0.01419
0.01442
0.01466
0.01489
0.01513
0.01537
0.0156
0.01585
0.01608
0.01632
0.01656
0.01681
0.01704
0.01729
0.01753
0.01778
0.01802
0.01826
0.0185
0.01874
0.01899
0.01923
0.01947
0.01972
0.01995
0.0202
0.02043
0.02068
0.02091
0.02115
0.02138
0.02162
0.02185
0.02208
0.0223
0.02253
0.02275
0.02298
0.0232
0.02342
0.02363
0.02385
0.02406
0.02428
0.02447
0.02468
0.02488
0.02509
0.02528
0.02548
0.02566
0.02585
0.02604
0.02622
0.0264
0.02658
0.02674
0.02692
0.02708
0.02724
0.02739
0.02755
0.02769
0.02785
0.02799
0.02813
0.02826
0.02839
0.02851
0.02864
0.02876
0.02888
0.02899
0.02911
0.02921
0.02933
0.02943
0.02953
0.02963
0.02974
0.02984
0.02993
0.03003
0.03012
0.03022
0.03032
0.03041
0.03051
0.0306
0.0307
0.03078
0.03088
0.03096
0.03106
0.03114
0.03124
0.03132
0.03141
0.03149
0.03157
0.03165
0.03173
0.03181
0.03189
0.03195
0.03202
0.03209
0.03215
0.03221
0.03227
0.03232
0.03237
0.03241
0.03246
0.03249
0.03252
0.03255
0.03258
0.03259
0.03261
0.03261
0.03262
0.03262
0.03261
0.0326
0.03258
0.03256
0.03253
0.03249
0.03246
0.03241
0.03236
0.03231
0.03225
0.03218
0.03212
0.03204
0.03197
0.03188
0.0318
0.0317
0.03161
0.03152
0.03142
0.03132
0.03122
0.03111
0.031
0.03089
0.03078
0.03067
0.03057
0.03044
0.03034
0.03022
0.03011
0.02999
0.02988
0.02976
0.02966
0.02953
0.02942
0.0293
0.02918
0.02906
0.02894
0.02882
0.02871
0.02857
0.02845
0.02832
0.0282
0.02807
0.02794
0.0278
0.02768
0.02754
0.0274
0.02726
0.02713
0.02699
0.02685
0.02672
0.02658
0.02644
0.02631
0.02617
0.02604
0.02591
0.02578
0.02565
0.02553
0.0254
0.02529
0.02517
0.02505
0.02494
0.02483
0.02473
0.02463
0.02452
0.02442
0.02432
0.02423
0.02412
0.02403
0.02393
0.02384
0.02374
0.02365
0.02355
0.02345
0.02336
0.02326
0.02317
0.02307
0.02296
0.02286
0.02276
0.02266
0.02255
0.02245
0.02234
0.02225
0.02214
0.02204
0.02194
0.02184
0.02175
0.02166
0.02157
0.02149
0.02139
0.02132
0.02124
0.02117
0.0211
0.02103
0.02096
0.02091
0.02085
0.02079
0.02073
0.02067
0.02063
0.02058
0.02052
0.02047
0.02041
0.02036
0.0203
0.02025
0.02018
0.02012
0.02004
0.01997
0.01989
0.01981
0.01973
0.01964
0.01955
0.01946
0.01936
0.01927
0.01916
0.01906
0.01895
0.01885
0.01874
0.01864
0.01852
0.01842
0.01831
0.01821
0.01811
0.018
0.0179
0.01781
0.01772
0.01763
0.01753
0.01745
0.01736
0.01728
0.01719
0.01711
0.01702
0.01696
0.01687
0.01679
0.01671
0.01663
0.01655
0.01648
0.0164
0.01632
0.01622
0.01615
0.01606
0.01598
0.01588
0.0158
0.0157
0.01562
0.01552
0.01543
0.01534
0.01524
0.01516
0.01507
0.01498
0.0149
0.0148
0.01472
0.01463
0.01455
0.01446
0.01439
0.0143
0.01423
0.01415
0.01407
0.014
0.01392
0.01385
0.01378
0.01371
0.01365
0.01357
0.01351
0.01343
0.01337
0.01329
0.01323
0.01316
0.0131
0.01303
0.01296
0.01289
0.01282
0.01276
0.0127
0.01264
0.01259
0.01252
0.01247
0.01242
0.01238
0.01232
0.01228
0.01223
0.0122
0.01216
0.01213
0.01209
0.01206
0.01203
0.012
0.01198
0.01195
0.01192
0.01189
0.01186
0.01184
0.0118
0.01177
0.01172
0.01169
0.01165
0.0116
0.01155
0.0115
0.01144
0.01138
0.01132
0.01126
0.01118
0.01112
0.01104
0.01096
0.01087
0.0108
0.01071
0.01063
0.01054
0.01045
0.01037
0.01027
0.01019
0.01011
0.01003
0.00995
0.00986
0.00978
0.0097
0.00963
0.00954
0.00947
0.00939
0.00933
0.00926
0.00919
0.00912
0.00905
0.00898
0.00892
0.00886
0.0088
0.00873
0.00867
0.00861
0.00855
0.00849
0.00843
0.00837
0.00832
0.00826
0.00821
0.00815
0.0081
0.00805
0.00801
0.00796
0.00792
0.00787
0.00784
0.00779
0.00776
0.00772
0.00769
0.00765
0.00762
0.00758
0.00754
0.0075
0.00745
0.00742
0.00737
0.00732
0.00728
0.00722
0.00717
0.00711
0.00705
0.00698
0.00691
0.00683
0.00676
0.00668
0.00659
0.00651
0.00642
0.00633
0.00624
0.00616
0.00607
0.00598
0.0059
0.00581
0.00573
0.00565
0.00558
0.0055
0.00544
0.00537
0.00531
0.00525
0.0052
0.00516
0.00512
0.00508
0.00505
0.00501
0.00499
0.00496
0.00494
0.00491
0.0049
0.00487
0.00486
0.00483
0.00481
0.00479
0.00476
0.00473
0.00471
0.00468
0.00465
0.00461
0.00458
0.00454
0.00451
0.00446
0.00442
0.00438
0.00435
0.0043
0.00426
0.00422
0.00419
0.00416
0.00413
0.00411
0.00409
0.00406
0.00405
0.00403
0.00403
0.00402
0.00403
0.00402
0.00404
0.00404
0.00405
0.00406
0.00408
0.0041
0.00412
0.00414
0.00417
0.00418
0.00421
0.00422
0.00426
0.00427
0.00429
0.0043
0.00433
0.00434
0.00436
0.00437
0.00439
0.0044
0.00442
0.00443
0.00445
0.00446
0.00448
0.0045
0.00452
0.00453
0.00455
0.00457
0.0046
0.00461
0.00463
0.00465
0.00467
0.0047
0.00472
0.00474
0.00477
0.00478
0.00481
0.00482
0.00484
0.00484
0.00486
0.00486
0.00487
0.00487
0.00487
0.00486
0.00485
0.00484
0.00483
0.00482
0.00481
0.00478
0.00477
0.00474
0.00473
0.0047
0.00469
0.00466
0.00465
0.00463
0.00461
0.00459
0.00458
0.00457
0.00456
0.00455
0.00455
0.00453
0.00454
0.00453
0.00454
0.00453
0.00454
0.00453
0.00454
0.00454
0.00453
0.00453
0.00453
0.00452
0.00452
0.00451
0.00451
0.00448
0.00448
0.00446
0.00445
0.00442
0.0044
0.00437
0.00436
0.00433
0.0043
0.00428
0.00425
0.00423
0.00421
0.00418
0.00417
0.00413
0.00413
0.0041
0.00409
0.00407
0.00406
0.00405
0.00405
0.00404
0.00403
0.00403
0.00403
0.00403
0.00403
0.00403
0.00404
0.00403
0.00404
0.00404
0.00404
0.00404
0.00405
0.00404
0.00405
0.00405
0.00404
0.00404
0.00404
0.00404
0.00404
0.00404
0.00404
0.00402
0.00403
0.00401
0.00402
0.004
0.004
0.00399
0.00399
0.00398
0.00397
0.00396
0.00395
0.00394
0.00393
0.00392
0.00391
0.00389
0.00389
0.00387
0.00386
0.00384
0.00383
0.0038
0.0038
0.00378
0.00376
0.00374
0.00372
0.00371
0.0037
0.00368
0.00367
0.00365
0.00365
0.00364
0.00364
0.00363
0.00363
0.00362
0.00364
0.00364
0.00364
0.00365
0.00365
0.00367
0.00369
0.0037
0.00373
0.00374
0.00377
0.00378
0.00382
0.00383
0.00386
0.00388
0.00392
0.00394
0.00396
0.00399
0.00402
0.00405
0.00408
0.00411
0.00415
0.00417
0.00422
0.00425
0.00429
0.00432
0.00437
0.0044
0.00445
0.0045
0.00454
0.00459
0.00464
0.00469
0.00474
0.0048
0.00486
0.0049
0.00496
0.00501
0.00507
0.00512
0.00517
0.00521
0.00527
0.00531
0.00535
0.00539
0.00543
0.00546
0.0055
0.00553
0.00556
0.00558
0.00561
0.00562
0.00564
0.00565
0.00567
0.00567
0.00569
0.0057
0.00571
0.00571
0.00572
0.00572
0.00574
0.00574
0.00576
0.00576
0.00577
0.00577
0.00579
0.00579
0.00581
0.00581
0.00583
0.00583
0.00584
0.00584
0.00584
0.00584
0.00585
0.00585
0.00585
0.00583
0.00583
0.00582
0.00581
0.00579
0.00578
0.00576
0.00575
0.00573
0.00571
0.00568
0.00566
0.00564
0.00562
0.00561
0.00559
0.00556
0.00556
0.00553
0.00553
0.00551
0.00551
0.00549
0.00549
0.00548
0.00548
0.00548
0.00547
0.00547
0.00548
0.00548
0.00548
0.00547
0.00548
0.00547
0.00548
0.00546
0.00546
0.00545
0.00545
0.00543
0.00542
0.00541
0.00539
0.00537
0.00536
0.00534
0.00532
0.00529
0.00528
0.00525
0.00524
0.00521
0.00519
0.00516
0.00515
0.00512
0.0051
0.00509
0.00506
0.00505
0.00503
0.00502
0.00501
0.00498
0.00497
0.00495
0.00494
0.00492
0.00491
0.00488
0.00487
0.00484
0.00483
0.0048
0.00478
0.00475
0.00473
0.00471
0.00468
0.00465
0.00463
0.0046
0.00458
0.00454
0.00452
0.00449
0.00448
0.00445
0.00443
0.00441
0.00439
0.00438
0.00437
0.00437
0.00437
0.00435
0.00436
0.00435
0.00436
0.00436
0.00437
0.00437
0.00439
0.0044
0.00441
0.00442
0.00442
0.00444
0.00445
0.00446
0.00448
0.00447
0.00449
0.00449
0.0045
0.0045
0.00451
0.0045
0.00452
0.00451
0.00452
0.00451
0.00451
0.00452
0.00452
0.00452
0.00453
0.00452
0.00454
0.00454
0.00456
0.00456
0.00458
0.00458
0.00461
0.00462
0.00465
0.00466
0.00468
0.00471
0.00474
0.00476
0.00479
0.00481
0.00484
0.00487
0.0049
0.00492
0.00495
0.00497
0.005
0.00502
0.00504
0.00505
0.00507
0.00509
0.0051
0.00512
0.00513
0.00513
0.00515
0.00515
0.00516
0.00516
0.00517
0.00516
0.00517
0.00517
0.00517
0.00517
0.00516
0.00516
0.00516
0.00516
0.00516
0.00514
0.00515
0.00514
0.00514
0.00512
0.00512
0.0051
0.0051
0.00509
0.00508
0.00506
0.00504
0.00503
0.00502
0.005
0.00499
0.00495
0.00494
0.00491
0.0049
0.00486
0.00484
0.00481
0.00479
0.00476
0.00474
0.00471
0.00468
0.00466
0.00464
0.00461
0.0046
0.00457
0.00455
0.00453
0.00452
0.0045
0.00449
0.00447
0.00447
0.00445
0.00444
0.00443
0.00442
0.00442
0.00442
0.00442
0.00442
0.0044
0.00441
0.0044
0.00441
0.0044
0.0044
0.0044
0.00441
0.0044
0.0044
0.0044
0.00439
0.00439
0.00439
0.00439
0.0044
0.00439
0.00439
0.00439
0.0044
0.00439
0.0044
0.0044
0.00442
0.00442
0.00442
0.00443
0.00444
0.00446
0.00448
0.0045
0.00452
0.00453
0.00457
0.00459
0.00463
0.00465
0.00469
0.00471
0.00476
0.00479
0.00483
0.00487
0.00491
0.00496
0.005
0.00505
0.0051
0.00513
0.00518
0.00522
0.00527
0.00531
0.00536
0.00539
0.00545
0.00548
0.00552
0.00555
0.00558
0.00562
0.00565
0.00568
0.00571
0.00573
0.00576
0.00577
0.0058
0.0058
0.00582
0.00583
0.00585
0.00585
0.00586
0.00586
0.00585
0.00586
0.00586
0.00586
0.00586
0.00584
0.00584
0.00583
0.00583
0.00581
0.0058
0.00579
0.00578
0.00577
0.00575
0.00574
0.00572
0.0057
0.00569
0.00567
0.00566
0.00562
0.00561
0.00558
0.00556
0.00553
0.0055
0.00546
0.00544
0.0054
0.00536
0.00532
0.00527
0.00522
0.00518
0.00513
0.00508
0.00501
0.00496
0.00489
0.00484
0.00477
0.00471
0.00464
0.00458
0.00452
0.00445
0.00438
0.00432
0.00426
0.0042
0.00414
0.00409
0.00402
0.00398
0.00392
0.00388
0.00383
0.0038
0.00375
0.00373
0.00369
0.00366
0.00363
0.0036
0.00359
0.00357
0.00355
0.00353
0.0035
0.00349
0.00347
0.00346
0.00344
0.00342
0.00339
0.00339
0.00336
0.00334
0.00331
0.00329
0.00327
0.00324
0.00322
0.0032
0.00316
0.00315
0.00312
0.0031
0.00308
0.00306
0.00303
0.00303
0.00301
0.003
0.00299
0.00298
0.00298
0.00298
0.00298
0.003
0.003
0.00302
0.00303
0.00306
0.00307
0.0031
0.00312
0.00316
0.00318
0.00321
0.00324
0.00327
0.00331
0.00334
0.00337
0.00341
0.00343
0.00347
0.00349
0.00353
0.00355
0.00358
0.0036
0.00363
0.00365
0.00367
0.00369
0.00371
0.00373
0.00376
0.00378
0.0038
0.00381
0.00383
0.00385
0.00388
0.00389
0.00391
0.00393
0.00395
0.00397
0.00399
0.00401
0.00403
0.00404
0.00407
0.00409
0.00411
0.00412
0.00414
0.00415
0.00417
0.00418
0.0042
0.0042
0.00422
0.00422
0.00423
0.00423
0.00424
0.00424
0.00425
0.00426
0.00426
0.00425
0.00426
0.00426
0.00427
0.00426
0.00427
0.00426
0.00428
0.00427
0.00428
0.00428
0.00428
0.00429
0.00429
0.00429
0.0043
0.00429
0.0043
0.0043
0.00431
0.0043
0.0043
0.00429
0.00429
0.00427
0.00426
0.00424
0.00422
0.00421
0.00419
0.00416
0.00414
0.0041
0.00408
0.00404
0.00401
0.00396
0.00393
0.00388
0.00385
0.00381
0.00377
0.00372
0.00367
0.00364
0.0036
0.00355
0.00352
0.00347
0.00344
0.0034
0.00337
0.00333
0.00329
0.00325
0.00323
0.0032
0.00317
0.00314
0.00311
0.00308
0.00306
0.00303
0.00302
0.00298
0.00297
0.00295
0.00294
0.00292
0.0029
0.00289
0.00289
0.00287
0.00287
0.00286
0.00286
0.00287
0.00288
0.00289
0.00291
0.00292
0.00295
0.00297
0.00301
0.00303
0.00308
0.00311
0.00316
0.00321
0.00326
0.00331
0.00336
0.00342
0.00348
0.00354
0.00361
0.00366
0.00373
0.00378
0.00385
0.0039
0.00397
0.00401
0.00408
0.00413
0.00417
0.00422
0.00426
0.0043
0.00434
0.00438
0.00442
0.00444
0.00447
0.0045
0.00453
0.00454
0.00457
0.00458
0.00461
0.00462
0.00464
0.00466
0.00467
0.00469
0.00471
0.00473
0.00475
0.00476
0.00479
0.0048
0.00483
0.00484
0.00487
0.00489
0.00492
0.00494
0.00496
0.00498
0.005
0.00502
0.00505
0.00507
0.0051
0.00511
0.00514
0.00515
0.00518
0.00518
0.00521
0.00521
0.00524
0.00524
0.00525
0.00526
0.00527
0.00527
0.00528
0.00528
0.00529
0.00528
0.00528
0.00528
0.00528
0.00527
0.00527
0.00525
0.00526
0.00525
0.00524
0.00523
0.00522
0.00521
0.00521
0.0052
0.0052
0.00518
0.00518
0.00517
0.00517
0.00516
0.00516
0.00515
0.00516
0.00515
0.00515
0.00514
0.00514
0.00514
0.00514
0.00513
0.00513
0.00511
0.00511
0.0051
0.00509
0.00507
0.00506
0.00503
0.00502
0.00499
0.00496
0.00493
0.00489
0.00486
0.00483
0.00479
0.00475
0.0047
0.00466
0.00461
0.00457
0.00452
0.00447
0.00442
0.00439
0.00434
0.0043
0.00426
0.00422
0.00419
0.00416
0.00414
0.00413
0.0041
0.00409
0.00408
0.00408
0.00408
0.00409
0.00409
0.00411
0.00412
0.00413
0.00415
0.00417
0.00419
0.00422
0.00425
0.00428
0.00429
0.00432
0.00434
0.00437
0.00439
0.00441
0.00442
0.00444
0.00445
0.00446
0.00447
0.00447
0.00447
0.00448
0.00448
0.00448
0.00446
0.00447
0.00445
0.00445
0.00443
0.00442
0.0044
0.0044
0.00438
0.00436
0.00434
0.00432
0.00431
0.00429
0.00428
0.00426
0.00424
0.00422
0.0042
0.00419
0.00417
0.00415
0.00413
0.00412
0.0041
0.00408
0.00406
0.00405
0.00404
0.00403
0.00402
0.00402
0.004
0.00401
0.004
0.00401
0.00401
0.00402
0.00403
0.00405
0.00406
0.00408
0.0041
0.00413
0.00416
0.00419
0.00422
0.00426
0.00428
0.00432
0.00435
0.0044
0.00442
0.00446
0.00449
0.00453
0.00455
0.00458
0.00459
0.00461
0.00463
0.00464
0.00465
0.00465
0.00464
0.00464
0.00462
0.00462
0.00459
0.00457
0.00454
0.00452
0.00449
0.00446
0.00442
0.00439
0.00435
0.00432
0.00429
0.00426
0.00422
0.0042
0.00416
0.00415
0.00412
0.0041
0.00408
0.00408
0.00406
0.00406
0.00405
0.00405
0.00406
0.00407
0.00408
0.00409
0.0041
0.00413
0.00414
0.00417
0.00418
0.00421
0.00423
0.00426
0.00429
0.00431
0.00433
0.00435
0.00438
0.00441
0.00443
0.00446
0.00447
0.0045
0.00452
0.00454
0.00455
0.00457
0.00458
0.00461
0.00462
0.00463
0.00465
0.00466
0.00467
0.00469
0.00471
0.00473
0.00473
0.00476
0.00477
0.00479
0.0048
0.00483
0.00484
0.00487
0.00489
0.00492
0.00494
0.00496
0.00499
0.00502
0.00504
0.00508
0.00509
0.00513
0.00515
0.00518
0.00519
0.00522
0.00523
0.00526
0.00527
0.00528
0.00529
0.00529
0.0053
0.0053
0.0053
0.00529
0.00527
0.00526
0.00524
0.00522
0.00519
0.00517
0.00513
0.0051
0.00506
0.00502
0.00497
0.00492
0.00488
0.00483
0.00478
0.00474
0.00468
0.00463
0.00458
0.00453
0.00447
0.00443
0.00437
0.00433
0.00427
0.00422
0.00417
0.00413
0.00408
0.00404
0.00399
0.00396
0.0039
0.00387
0.00382
0.00379
0.00375
0.00371
0.00367
0.00364
0.0036
0.00356
0.00353
0.00349
0.00347
0.00344
0.00341
0.00339
0.00336
0.00335
0.00333
0.00332
0.0033
0.00329
0.00328
0.00328
0.00327
0.00327
0.00327
0.00327
0.00328
0.00328
0.00329
0.0033
0.0033
0.00331
0.00331
0.00333
0.00333
0.00334
0.00333
0.00334
0.00334
0.00333
0.00333
0.00331
0.0033
0.00329
0.00328
0.00326
0.00323
0.00322
0.00319
0.00317
0.00314
0.00312
0.00308
0.00307
0.00304
0.00302
0.00299
0.00297
0.00295
0.00294
0.00293
0.00292
0.00291
0.00291
0.00291
0.00292
0.00292
0.00294
0.00294
0.00297
0.00298
0.003
0.00302
0.00305
0.00307
0.0031
0.00313
0.00316
0.00317
0.0032
0.00322
0.00325
0.00326
0.00328
0.00329
0.00332
0.00333
0.00333
0.00334
0.00334
0.00336
0.00336
0.00337
0.00337
0.00337
0.00338
0.00338
0.00339
0.00339
0.00341
0.00341
0.00343
0.00344
0.00345
0.00347
0.00348
0.00351
0.00353
0.00355
0.00359
0.0036
0.00364
0.00367
0.00371
0.00373
0.00377
0.00379
0.00383
0.00385
0.00388
0.0039
0.00393
0.00395
0.00397
0.00399
0.00401
0.00401
0.00402
0.00403
0.00403
0.00403
0.00403
0.00402
0.00402
0.00401
0.004
0.00399
0.00397
0.00396
0.00395
0.00394
0.00393
0.00391
0.00391
0.0039
0.0039
0.00389
0.00389
0.00388
0.00389
0.00389
0.0039
0.0039
0.00391
0.00392
0.00394
0.00395
0.00397
0.00398
0.00401
0.00402
0.00405
0.00406
0.00408
0.00409
0.00413
0.00414
0.00415
0.00417
0.00418
0.00419
0.00421
0.00422
0.00423
0.00422
0.00424
0.00423
0.00424
0.00423
0.00423
0.00422
0.00422
0.00421
0.0042
0.00419
0.00417
0.00416
0.00415
0.00414
0.00413
0.0041
0.00409
0.00407
0.00406
0.00404
0.00403
0.00401
0.004
0.00398
0.00396
0.00394
0.00392
0.00391
0.00389
0.00388
0.00386
0.00383
0.00382
0.0038
0.00379
0.00376
0.00375
0.00372
0.00371
0.00368
0.00366
0.00363
0.0036
0.00358
0.00356
0.00354
0.00352
0.00348
0.00347
0.00344
0.00342
0.00339
0.00337
0.00334
0.00334
0.00331
0.00329
0.00328
0.00326
0.00325
0.00324
0.00324
0.00324
0.00323
0.00323
0.00323
0.00324
0.00324
0.00325
0.00325
0.00328
0.00328
0.0033
0.00331
0.00333
0.00335
0.00337
0.0034
0.00342
0.00344
0.00346
0.00348
0.00351
0.00352
0.00355
0.00356
0.00359
0.0036
0.00362
0.00363
0.00364
0.00366
0.00368
0.00369
0.00371
0.00371
0.00373
0.00374
0.00376
0.00377
0.00378
0.00379
0.00382
0.00383
0.00385
0.00386
0.00388
0.0039
0.00393
0.00395
0.00398
0.00399
0.00403
0.00405
0.00409
0.00411
0.00414
0.00416
0.0042
0.00422
0.00425
0.00427
0.0043
0.00432
0.00435
0.00437
0.00439
0.00439
0.00442
0.00442
0.00444
0.00444
0.00445
0.00444
0.00445
0.00445
0.00445
0.00444
0.00443
0.00443
0.00443
0.00442
0.00442
0.0044
0.0044
0.00439
0.00439
0.00438
0.00438
0.00437
0.00438
0.00437
0.00437
0.00437
0.00436
0.00437
0.00437
0.00438
0.00439
0.00438
0.00439
0.00439
0.0044
0.0044
0.00442
0.00441
0.00443
0.00443
0.00443
0.00443
0.00443
0.00444
0.00445
0.00445
0.00446
0.00446
0.00447
0.00447
0.00448
0.00448
0.0045
0.0045
0.00453
0.00453
0.00455
0.00457
0.00458
0.0046
0.00463
0.00465
0.00469
0.00471
0.00474
0.00477
0.00482
0.00484
0.00489
0.00492
0.00497
0.00501
0.00505
0.00509
0.00514
0.00518
0.00523
0.00527
0.00532
0.00535
0.0054
0.00544
0.00549
0.00552
0.00556
0.00559
0.00563
0.00566
0.00569
0.00571
0.00574
0.00576
0.00578
0.0058
0.00582
0.00582
0.00584
0.00584
0.00585
0.00585
0.00585
0.00584
0.00584
0.00583
0.00582
0.0058
0.00578
0.00577
0.00575
0.00572
0.0057
0.00566
0.00564
0.00561
0.00558
0.00554
0.00551
0.00547
0.00544
0.0054
0.00536
0.00532
0.00528
0.00524
0.0052
0.00517
0.00513
0.00508
0.00505
0.00501
0.00497
0.00492
0.00489
0.00484
0.00481
0.00477
0.00473
0.00468
0.00464
0.0046
0.00456
0.00452
0.00448
0.00442
0.00438
0.00433
0.00429
0.00423
0.00419
0.00413
0.00409
0.00403
0.00398
0.00392
0.00386
0.00382
0.00377
0.00371
0.00367
0.0036
0.00356
0.00351
0.00347
0.00341
0.00337
0.00333
0.00329
0.00325
0.00322
0.00318
0.00315
0.00313
0.0031
0.00308
0.00307
0.00304
0.00304
0.00302
0.00302
0.00301
0.00301
0.003
0.00301
0.00301
0.00302
0.00302
0.00302
0.00304
0.00305
0.00307
0.00308
0.00309
0.00311
0.00312
0.00315
0.00316
0.00318
0.0032
0.00323
0.00324
0.00327
0.00329
0.00331
0.00334
0.00336
0.00339
0.00342
0.00344
0.00347
0.00349
0.00353
0.00355
0.00359
0.00361
0.00365
0.00367
0.00371
0.00374
0.00377
0.0038
0.00384
0.00387
0.00391
0.00394
0.00398
0.00401
0.00406
0.00409
0.00413
0.00416
0.00421
0.00424
0.00428
0.00431
0.00435
0.00439
0.00443
0.00446
0.0045
0.00453
0.00457
0.0046
0.00464
0.00466
0.0047
0.00471
0.00475
0.00477
0.00479
0.0048
0.00482
0.00483
0.00484
0.00485
0.00486
0.00486
0.00486
0.00485
0.00486
0.00484
0.00483
0.00481
0.0048
0.00478
0.00476
0.00473
0.00471
0.00468
0.00466
0.00464
0.00461
0.00458
0.00456
0.00453
0.00451
0.00448
0.00446
0.00443
0.00442
0.00439
0.00438
0.00436
0.00434
0.00433
0.00432
0.00431
0.00431
0.00429
0.00429
0.00428
0.00429
0.00427
0.00428
0.00427
0.00427
0.00427
0.00427
0.00426
0.00426
0.00425
0.00425
0.00424
0.00424
0.00422
0.00422
0.00421
0.00421
0.00419
0.00418
0.00416
0.00416
0.00414
0.00413
0.00411
0.0041
0.00409
0.00408
0.00407
0.00406
0.00404
0.00404
0.00403
0.00403
0.00403
0.00403
0.00402
0.00403
0.00403
0.00404
0.00404
0.00405
0.00406
0.00408
0.00409
0.00411
0.00412
0.00414
0.00416
0.00418
0.00419
0.00421
0.00422
0.00424
0.00425
0.00427
0.00427
0.00428
0.00429
0.0043
0.0043
0.0043
0.00429
0.00429
0.00428
0.00428
0.00426
0.00425
0.00422
0.00422
0.00419
0.00417
0.00415
0.00412
0.0041
0.00408
0.00405
0.00403
0.00399
0.00398
0.00395
0.00394
0.00391
0.00389
0.00387
0.00386
0.00384
0.00383
0.00382
0.00381
0.00381
0.00381
0.00381
0.00381
0.0038
0.00382
0.00382
0.00383
0.00383
0.00385
0.00385
0.00387
0.00387
0.00388
0.00389
0.0039
0.00391
0.00392
0.00393
0.00394
0.00393
0.00395
0.00395
0.00395
0.00395
0.00396
0.00395
0.00396
0.00396
0.00396
0.00396
0.00396
0.00397
0.00398
0.00399
0.004
0.004
0.00402
0.00403
0.00406
0.00407
0.0041
0.00411
0.00415
0.00417
0.00421
0.00424
0.00427
0.0043
0.00434
0.00438
0.00442
0.00444
0.00448
0.00451
0.00455
0.00457
0.0046
0.00461
0.00465
0.00466
0.00467
0.00468
0.00468
0.00468
0.00468
0.00468
0.00467
0.00465
0.00463
0.00461
0.00459
0.00456
0.00453
0.0045
0.00447
0.00443
0.0044
0.00436
0.00432
0.00429
0.00426
0.00422
0.0042
0.00416
0.00414
0.0041
0.00408
0.00405
0.00403
0.004
0.00399
0.00396
0.00394
0.00392
0.0039
0.00388
0.00386
0.00384
0.00383
0.0038
0.00378
0.00375
0.00373
0.0037
0.00368
0.00365
0.00363
0.0036
0.00357
0.00354
0.0035
0.00347
0.00345
0.00342
0.0034
0.00337
0.00335
0.00333
0.00332
0.0033
0.00329
0.00328
0.00329
0.00328
0.00329
0.0033
0.00331
0.00334
0.00336
0.00339
0.00343
0.00345
0.0035
0.00354
0.00359
0.00363
0.00368
0.00372
0.00378
0.00382
0.00387
0.00392
0.00396
0.00401
0.00405
0.00409
0.00413
0.00415
0.00419
0.00421
0.00424
0.00425
0.00426
0.00426
0.00428
0.00427
0.00427
0.00426
0.00425
0.00424
0.00422
0.0042
0.00419
0.00416
0.00414
0.00411
0.0041
0.00407
0.00405
0.00402
0.00401
0.00399
0.00398
0.00396
0.00395
0.00395
0.00395
0.00395
0.00396
0.00395
0.00397
0.00398
0.00401
0.00403
0.00406
0.00408
0.00412
0.00414
0.00418
0.00422
0.00425
0.00429
0.00434
0.00438
0.00442
0.00445
0.0045
0.00453
0.00457
0.0046
0.00463
0.00465
0.00468
0.0047
0.00472
0.00473
0.00474
0.00474
0.00475
0.00475
0.00475
0.00473
0.00473
0.00471
0.0047
0.00466
0.00465
0.00461
0.0046
0.00456
0.00453
0.00449
0.00445
0.00442
0.00439
0.00435
0.00432
0.00427
0.00424
0.0042
0.00417
0.00413
0.00411
0.00406
0.00404
0.00401
0.00398
0.00395
0.00392
0.0039
0.00388
0.00386
0.00385
0.00382
0.00382
0.0038
0.0038
0.00378
0.00378
0.00377
0.00377
0.00377
0.00377
0.00377
0.00377
0.00378
0.00379
0.0038
0.00382
0.00382
0.00384
0.00385
0.00388
0.00388
0.00391
0.00392
0.00395
0.00396
0.00399
0.00401
0.00403
0.00405
0.00407
0.00409
0.00412
0.00413
0.00416
0.00417
0.0042
0.00421
0.00424
0.00425
0.00428
0.00429
0.00431
0.00432
0.00434
0.00436
0.00438
0.0044
0.00442
0.00443
0.00446
0.00448
0.00451
0.00452
0.00455
0.00457
0.00461
0.00463
0.00466
0.00468
0.00471
0.00474
0.00478
0.00481
0.00485
0.00487
0.00491
0.00494
0.00499
0.00501
0.00505
0.00508
0.00513
0.00515
0.00519
0.00522
0.00525
0.00528
0.00531
0.00533
0.00536
0.00538
0.00541
0.00542
0.00545
0.00545
0.00547
0.00547
0.00549
0.00549
0.00549
0.00549
0.00548
0.00548
0.00548
0.00547
0.00547
0.00545
0.00545
0.00543
0.00543
0.00541
0.0054
0.00538
0.00538
0.00537
0.00536
0.00535
0.00534
0.00534
0.00534
0.00534
0.00535
0.00534
0.00536
0.00536
0.00538
0.00538
0.0054
0.0054
0.00543
0.00544
0.00546
0.00547
0.00549
0.00551
0.00553
0.00554
0.00556
0.00556
0.00558
0.00558
0.0056
0.00559
0.0056
0.00559
0.00559
0.00558
0.00557
0.00555
0.00553
0.00551
0.00549
0.00547
0.00545
0.00541
0.00538
0.00534
0.00532
0.00527
0.00524
0.0052
0.00517
0.00513
0.00509
0.00505
0.00502
0.00499
0.00496
0.00493
0.00491
0.00487
0.00485
0.00482
0.00481
0.00478
0.00477
0.00474
0.00473
0.00471
0.0047
0.00468
0.00466
0.00465
0.00464
0.00463
0.00462
0.00459
0.00458
0.00456
0.00455
0.00453
0.00451
0.00448
0.00447
0.00444
0.00442
0.00439
0.00436
0.00433
0.0043
0.00428
0.00425
0.00421
0.00419
0.00415
0.00413
0.00409
0.00406
0.00403
0.00401
0.00397
0.00395
0.00391
0.00389
0.00386
0.00384
0.00382
0.00381
0.00378
0.00377
0.00374
0.00373
0.00372
0.00371
0.00369
0.00369
0.00367
0.00367
0.00366
0.00365
0.00365
0.00365
0.00365
0.00365
0.00364
0.00365
0.00365
0.00366
0.00365
0.00366
0.00366
0.00368
0.00368
0.00368
0.00369
0.0037
0.00372
0.00373
0.00374
0.00376
0.00376
0.00378
0.0038
0.00382
0.00383
0.00385
0.00386
0.00389
0.0039
0.00391
0.00393
0.00395
0.00396
0.00398
0.004
0.00402
0.00402
0.00404
0.00404
0.00406
0.00406
0.00407
0.00407
0.00408
0.00408
0.00407
0.00407
0.00406
0.00406
0.00405
0.00404
0.00403
0.00401
0.00401
0.00398
0.00398
0.00395
0.00394
0.00392
0.00391
0.00389
0.00388
0.00386
0.00385
0.00383
0.00383
0.00382
0.00382
0.0038
0.0038
0.00379
0.0038
0.00379
0.0038
0.0038
0.00381
0.00382
0.00382
0.00383
0.00384
0.00385
0.00387
0.00388
0.0039
0.0039
0.00393
0.00394
0.00396
0.00397
0.00399
0.00399
0.00402
0.00403
0.00404
0.00405
0.00406
0.00408
0.00409
0.00411
0.00413
0.00413
0.00415
0.00416
0.00418
0.00419
0.00421
0.00422
0.00425
0.00427
0.00429
0.00431
0.00433
0.00435
0.00438
0.00441
0.00444
0.00446
0.0045
0.00452
0.00456
0.00458
0.00461
0.00463
0.00467
0.00469
0.00471
0.00473
0.00475
0.00478
0.00479
0.00481
0.00483
0.00483
0.00484
0.00484
0.00485
0.00484
0.00484
0.00482
0.00482
0.0048
0.00478
0.00476
0.00474
0.00472
0.0047
0.00467
0.00465
0.00461
0.00459
0.00455
0.00453
0.00449
0.00447
0.00443
0.00441
0.00438
0.00435
0.00432
0.0043
0.00428
0.00426
0.00424
0.00422
0.00419
0.00419
0.00417
0.00416
0.00414
0.00413
0.00411
0.00411
0.0041
0.00409
0.00408
0.00407
0.00406
0.00405
0.00404
0.00404
0.00402
0.00401
0.004
0.00399
0.00397
0.00396
0.00393
0.00392
0.0039
0.00388
0.00385
0.00382
0.00379
0.00377
0.00373
0.00371
0.00366
0.00363
0.00359
0.00356
0.00351
0.00347
0.00342
0.00339
0.00334
0.0033
0.00325
0.00321
0.00316
0.00313
0.00308
0.00305
0.003
0.00297
0.00292
0.0029
0.00286
0.00283
0.00279
0.00277
0.00274
0.00272
0.0027
0.00267
0.00266
0.00264
0.00263
0.00261
0.00259
0.00258
0.00256
0.00255
0.00253
0.00252
0.0025
0.00249
0.00247
0.00245
0.00243
0.00241
0.00239
0.00237
0.00235
0.00233
0.0023
0.00228
0.00225
0.00223
0.0022
0.00218
0.00216
0.00215
0.00212
0.00211
0.00209
0.00207
0.00207
0.00206
0.00205
0.00206
0.00205
0.00205
0.00205
0.00207
0.00207
0.00209
0.00209
0.00211
0.00212
0.00214
0.00215
0.00217
0.00218
0.0022
0.00222
0.00225
0.00225
0.00228
0.0023
0.00232
0.00233
0.00236
0.00238
0.00241
0.00243
0.00246
0.00248
0.00251
0.00254
0.00258
0.00263
0.00267
0.00271
0.00277
0.00282
0.00288
0.00293
0.00301
0.00307
0.00315
0.00321
0.00329
0.00336
0.00344
0.00352
0.0036
0.00368
0.00376
0.00382
0.0039
0.00396
0.00403
0.00408
0.00414
0.00419
0.00424
0.00427
0.00431
0.00434
0.00436
0.00438
0.0044
0.0044
0.00442
0.00441
0.00442
0.00441
0.00441
0.0044
0.0044
0.00439
0.00439
0.00438
0.00437
0.00437
0.00437
0.00437
0.00438
0.00439
0.0044
0.0044
0.00442
0.00443
0.00446
0.00447
0.00449
0.0045
0.00453
0.00455
0.00456
0.00457
0.00458
0.0046
0.0046
0.0046
0.00461
0.00459
0.00459
0.00457
0.00457
