1.46590844768998E+03

0.00411
0.00411
0.00411
0.00409
0.0041
0.00409
0.00408
0.00407
0.00406
0.00405
0.00404
0.00403
0.00403
0.004
0.004
0.00398
0.00398
0.00396
0.00395
0.00393
0.00393
0.00392
0.00391
0.0039
0.00389
0.00389
0.00388
0.00388
0.00388
0.00388
0.00388
0.00388
0.00389
0.00389
0.0039
0.0039
0.00391
0.00391
0.00392
0.00392
0.00393
0.00393
0.00394
0.00395
0.00396
0.00395
0.00396
0.00395
0.00396
0.00395
0.00395
0.00394
0.00394
0.00393
0.00392
0.0039
0.00389
0.00388
0.00387
0.00386
0.00385
0.00382
0.00382
0.0038
0.00379
0.00377
0.00376
0.00374
0.00374
0.00373
0.00372
0.00371
0.0037
0.0037
0.00371
0.00371
0.00372
0.00371
0.00372
0.00373
0.00374
0.00375
0.00377
0.00377
0.0038
0.00381
0.00383
0.00385
0.00386
0.00389
0.00391
0.00394
0.00396
0.00398
0.00401
0.00404
0.00407
0.00409
0.00412
0.00414
0.00418
0.00421
0.00423
0.00426
0.00428
0.00431
0.00434
0.00436
0.00439
0.0044
0.00443
0.00444
0.00446
0.00447
0.00448
0.00448
0.0045
0.0045
0.0045
0.0045
0.00449
0.00449
0.00448
0.00448
0.00447
0.00444
0.00444
0.00442
0.0044
0.00438
0.00437
0.00434
0.00433
0.00431
0.00429
0.00427
0.00426
0.00424
0.00424
0.00422
0.00422
0.0042
0.00421
0.0042
0.00421
0.0042
0.0042
0.0042
0.00421
0.00421
0.00422
0.00422
0.00422
0.00423
0.00424
0.00424
0.00426
0.00425
0.00426
0.00425
0.00426
0.00425
0.00425
0.00423
0.00424
0.00422
0.00421
0.00419
0.00418
0.00417
0.00415
0.00414
0.00413
0.0041
0.00409
0.00406
0.00406
0.00403
0.00402
0.00399
0.00399
0.00397
0.00396
0.00395
0.00393
0.00392
0.00391
0.0039
0.0039
0.00388
0.00388
0.00387
0.00387
0.00386
0.00385
0.00384
0.00385
0.00383
0.00382
0.00382
0.0038
0.0038
0.00379
0.00378
0.00378
0.00377
0.00377
0.00375
0.00375
0.00374
0.00374
0.00373
0.00373
0.00373
0.00373
0.00373
0.00373
0.00374
0.00375
0.00376
0.00378
0.00378
0.00381
0.00382
0.00385
0.00386
0.00389
0.0039
0.00394
0.00396
0.00399
0.00401
0.00403
0.00406
0.00409
0.00412
0.00414
0.00416
0.00419
0.0042
0.00422
0.00423
0.00424
0.00425
0.00426
0.00426
0.00426
0.00426
0.00425
0.00424
0.00423
0.00422
0.00421
0.00418
0.00417
0.00415
0.00414
0.00411
0.00409
0.00406
0.00405
0.00403
0.00401
0.00398
0.00396
0.00395
0.00395
0.00393
0.00393
0.00392
0.00392
0.00392
0.00393
0.00393
0.00395
0.00395
0.00397
0.00398
0.004
0.00402
0.00404
0.00406
0.00409
0.00412
0.00415
0.00416
0.00419
0.00422
0.00425
0.00426
0.00429
0.0043
0.00434
0.00435
0.00436
0.00438
0.00439
0.0044
0.00442
0.00443
0.00444
0.00444
0.00446
0.00446
0.00448
0.00447
0.00449
0.00448
0.0045
0.00451
0.00452
0.00453
0.00453
0.00455
0.00457
0.00458
0.0046
0.0046
0.00463
0.00464
0.00466
0.00468
0.0047
0.00471
0.00474
0.00475
0.00477
0.00479
0.0048
0.00482
0.00484
0.00485
0.00487
0.00487
0.00489
0.00489
0.00491
0.00491
0.00492
0.00492
0.00494
0.00494
0.00494
0.00495
0.00495
0.00496
0.00497
0.00498
0.005
0.005
0.00502
0.00502
0.00504
0.00505
0.00507
0.00509
0.00511
0.00513
0.00515
0.00516
0.00518
0.0052
0.00522
0.00524
0.00527
0.00527
0.00529
0.0053
0.00532
0.00531
0.00532
0.00532
0.00532
0.00531
0.0053
0.00529
0.00527
0.00525
0.00523
0.00521
0.00518
0.00514
0.00512
0.00508
0.00505
0.00501
0.00497
0.00492
0.00489
0.00485
0.00481
0.00477
0.00473
0.00469
0.00466
0.00462
0.0046
0.00455
0.00453
0.0045
0.00448
0.00445
0.00443
0.0044
0.00439
0.00436
0.00434
0.00432
0.0043
0.00429
0.00427
0.00426
0.00425
0.00422
0.00421
0.00419
0.00417
0.00415
0.00413
0.0041
0.00409
0.00406
0.00403
0.00401
0.00398
0.00395
0.00393
0.0039
0.00387
0.00383
0.00381
0.00377
0.00375
0.00371
0.00368
0.00364
0.00362
0.00359
0.00355
0.00352
0.00349
0.00346
0.00343
0.0034
0.00338
0.00334
0.00332
0.00328
0.00326
0.00323
0.0032
0.00317
0.00315
0.00312
0.0031
0.00307
0.00304
0.00302
0.003
0.00298
0.00297
0.00295
0.00294
0.00292
0.00292
0.0029
0.0029
0.00289
0.00289
0.00289
0.00289
0.00289
0.0029
0.00291
0.00292
0.00293
0.00295
0.00296
0.00299
0.003
0.00303
0.00305
0.00308
0.00309
0.00313
0.00315
0.00318
0.0032
0.00323
0.00326
0.00329
0.00331
0.00335
0.00336
0.0034
0.00342
0.00346
0.00347
0.00351
0.00352
0.00356
0.00359
0.00361
0.00364
0.00366
0.00368
0.00372
0.00374
0.00377
0.00379
0.00382
0.00384
0.00387
0.00389
0.00392
0.00394
0.00397
0.00399
0.00402
0.00404
0.00406
0.00409
0.00411
0.00413
0.00416
0.00417
0.00421
0.00422
0.00425
0.00427
0.00429
0.00431
0.00434
0.00436
0.00438
0.0044
0.00442
0.00445
0.00448
0.0045
0.00453
0.00455
0.00458
0.0046
0.00464
0.00466
0.00469
0.00471
0.00474
0.00476
0.00478
0.00481
0.00483
0.00485
0.00487
0.00489
0.00492
0.00492
0.00494
0.00496
0.00497
0.00498
0.00499
0.005
0.00501
0.00502
0.00502
0.00502
0.00502
0.00503
0.00504
0.00504
0.00504
0.00503
0.00504
0.00503
0.00504
0.00503
0.00503
0.00502
0.00502
0.00502
0.00501
0.005
0.00499
0.00498
0.00497
0.00496
0.00496
0.00493
0.00492
0.0049
0.00489
0.00486
0.00484
0.00481
0.0048
0.00477
0.00474
0.00471
0.00468
0.00466
0.00463
0.00461
0.00459
0.00455
0.00453
0.00451
0.00449
0.00447
0.00445
0.00443
0.00442
0.00441
0.0044
0.00439
0.00438
0.00437
0.00437
0.00437
0.00438
0.00437
0.00438
0.00437
0.00439
0.00438
0.00439
0.00438
0.00439
0.00439
0.00438
0.00438
0.00437
0.00437
0.00436
0.00435
0.00435
0.00432
0.00432
0.0043
0.00429
0.00426
0.00425
0.00422
0.00421
0.00419
0.00417
0.00415
0.00413
0.00411
0.0041
0.00408
0.00407
0.00405
0.00404
0.00403
0.00402
0.00401
0.004
0.00399
0.00399
0.00398
0.00398
0.00397
0.00397
0.00397
0.00397
0.00396
0.00397
0.00396
0.00396
0.00396
0.00396
0.00396
0.00396
0.00395
0.00396
0.00396
0.00396
0.00396
0.00396
0.00397
0.00398
0.00399
0.004
0.004
0.00402
0.00403
0.00405
0.00406
0.00409
0.0041
0.00413
0.00414
0.00417
0.00419
0.00421
0.00424
0.00427
0.0043
0.00433
0.00434
0.00438
0.0044
0.00443
0.00445
0.00448
0.00449
0.00452
0.00454
0.00456
0.00458
0.00459
0.00461
0.00463
0.00465
0.00467
0.00468
0.0047
0.00471
0.00474
0.00474
0.00477
0.00478
0.0048
0.00481
0.00483
0.00484
0.00486
0.00487
0.00489
0.00491
0.00492
0.00493
0.00495
0.00496
0.00497
0.00497
0.00498
0.00497
0.00499
0.00498
0.00497
0.00496
0.00495
0.00494
0.00493
0.00491
0.00489
0.00487
0.00485
0.00482
0.0048
0.00476
0.00474
0.0047
0.00468
0.00465
0.00461
0.00458
0.00454
0.00451
0.00448
0.00445
0.00443
0.00439
0.00438
0.00434
0.00433
0.0043
0.00428
0.00425
0.00424
0.00421
0.00419
0.00417
0.00415
0.00414
0.00413
0.00411
0.00409
0.00408
0.00407
0.00405
0.00404
0.00402
0.00401
0.00399
0.00398
0.00396
0.00394
0.00393
0.00391
0.00389
0.00388
0.00386
0.00384
0.00382
0.0038
0.00377
0.00375
0.00372
0.0037
0.00367
0.00364
0.00361
0.00358
0.00355
0.00351
0.00348
0.00345
0.00341
0.00338
0.00334
0.00332
0.00329
0.00326
0.00323
0.00321
0.00319
0.00318
0.00316
0.00315
0.00315
0.00316
0.00317
0.0032
0.00322
0.00326
0.0033
0.00337
0.00342
0.00351
0.00359
0.00369
0.0038
0.00392
0.00406
0.00419
0.00435
0.00452
0.00471
0.0049
0.00511
0.00533
0.00556
0.00582
0.00607
0.00635
0.00663
0.00693
0.00724
0.00757
0.00791
0.00826
0.00863
0.00901
0.00941
0.00983
0.01026
0.01071
0.01118
0.01167
0.01216
0.01269
0.01323
0.01379
0.01437
0.01498
0.01561
0.01626
0.01693
0.01763
0.01835
0.0191
0.01987
0.02067
0.0215
0.02235
0.02322
0.02413
0.02506
0.02601
0.02699
0.028
0.02904
0.03009
0.03118
0.03228
0.03342
0.03458
0.03576
0.03697
0.03819
0.03944
0.04071
0.042
0.04331
0.04463
0.04598
0.04735
0.04873
0.05012
0.05154
0.05296
0.05441
0.05587
0.05733
0.05882
0.06032
0.06183
0.06334
0.06488
0.06642
0.06797
0.06953
0.07111
0.0727
0.07428
0.07588
0.07749
0.07911
0.08073
0.08235
0.08399
0.08563
0.08728
0.08892
0.09058
0.09223
0.09388
0.09554
0.0972
0.09886
0.10051
0.10216
0.10381
0.10545
0.10709
0.10871
0.11033
0.11195
0.11356
0.11514
0.11673
0.1183
0.11985
0.1214
0.12293
0.12445
0.12595
0.12743
0.1289
0.13035
0.13179
0.1332
0.1346
0.13599
0.13735
0.13868
0.14001
0.14133
0.14261
0.14388
0.14513
0.14637
0.14758
0.14877
0.14995
0.15111
0.15224
0.15335
0.15445
0.15553
0.15659
0.15762
0.15864
0.15964
0.16061
0.16156
0.1625
0.16342
0.16431
0.16518
0.16603
0.16685
0.16766
0.16844
0.1692
0.16994
0.17066
0.17135
0.17202
0.17268
0.1733
0.17391
0.17449
0.17506
0.1756
0.17612
0.17662
0.1771
0.17755
0.17798
0.1784
0.17879
0.17916
0.17951
0.17985
0.18016
0.18045
0.18073
0.18098
0.18121
0.18143
0.18163
0.18181
0.18196
0.1821
0.18222
0.18232
0.18241
0.18248
0.18253
0.18256
0.18258
0.18258
0.18256
0.18253
0.18248
0.18242
0.18234
0.18225
0.18214
0.18201
0.18186
0.18171
0.18154
0.18135
0.18116
0.18095
0.18073
0.18049
0.18024
0.17997
0.1797
0.17941
0.17911
0.17881
0.17848
0.17814
0.17779
0.17743
0.17707
0.17668
0.1763
0.17589
0.17548
0.17506
0.17464
0.1742
0.17375
0.1733
0.17283
0.17236
0.17188
0.17139
0.17089
0.17039
0.16988
0.16936
0.16884
0.1683
0.16777
0.16723
0.16669
0.16613
0.16557
0.16502
0.16445
0.16387
0.16329
0.16271
0.16212
0.16153
0.16093
0.16032
0.15972
0.15911
0.1585
0.15788
0.15727
0.15664
0.15601
0.15538
0.15475
0.15412
0.15348
0.15284
0.15219
0.15155
0.1509
0.15024
0.1496
0.14894
0.14829
0.14763
0.14697
0.14631
0.14564
0.14498
0.14431
0.14364
0.14297
0.14229
0.14162
0.14093
0.14025
0.13956
0.13888
0.13818
0.13749
0.13679
0.13609
0.13539
0.13468
0.13397
0.13326
0.13255
0.13183
0.13111
0.13039
0.12966
0.12893
0.1282
0.12748
0.12675
0.12602
0.1253
0.12457
0.12384
0.12311
0.1224
0.12168
0.12096
0.12024
0.11952
0.11881
0.11811
0.1174
0.1167
0.11601
0.11531
0.11463
0.11395
0.11327
0.1126
0.11193
0.11127
0.11061
0.10996
0.1093
0.10866
0.10802
0.10738
0.10675
0.10612
0.10551
0.10489
0.10427
0.10367
0.10307
0.10246
0.10187
0.10128
0.1007
0.10013
0.09955
0.09898
0.09842
0.09786
0.0973
0.09675
0.09621
0.09566
0.09512
0.09459
0.09406
0.09353
0.09301
0.09249
0.09197
0.09145
0.09094
0.09042
0.08992
0.08941
0.0889
0.08839
0.08788
0.08737
0.08686
0.08636
0.08585
0.08534
0.08483
0.08433
0.08381
0.0833
0.08279
0.08228
0.08178
0.08127
0.08076
0.08025
0.07975
0.07924
0.07873
0.07824
0.07774
0.07724
0.07674
0.07625
0.07576
0.07527
0.07479
0.0743
0.07383
0.07335
0.07287
0.07239
0.07193
0.07146
0.07099
0.07052
0.07006
0.06959
0.06913
0.06867
0.0682
0.06774
0.06729
0.06682
0.06637
0.06591
0.06545
0.06499
0.06453
0.06407
0.06361
0.06316
0.0627
0.06225
0.06179
0.06134
0.06089
0.06044
0.05999
0.05954
0.0591
0.05866
0.05822
0.05779
0.05736
0.05694
0.05651
0.05609
0.05567
0.05526
0.05485
0.05444
0.05404
0.05364
0.05324
0.05285
0.05246
0.05208
0.05169
0.05131
0.05093
0.05056
0.05018
0.04983
0.04945
0.04909
0.04873
0.04838
0.04802
0.04766
0.04732
0.04697
0.04663
0.04629
0.04594
0.04561
0.04527
0.04494
0.04461
0.04428
0.04396
0.04363
0.04331
0.04299
0.04268
0.04236
0.04205
0.04174
0.04144
0.04114
0.04083
0.04053
0.04023
0.03994
0.03964
0.03935
0.03906
0.03877
0.03848
0.0382
0.03792
0.03765
0.03737
0.0371
0.03684
0.03657
0.03631
0.03605
0.0358
0.03555
0.03529
0.03505
0.0348
0.03457
0.03433
0.03409
0.03386
0.03363
0.03341
0.03319
0.03297
0.03275
0.03253
0.03232
0.0321
0.03189
0.03167
0.03146
0.03124
0.03103
0.03082
0.03061
0.03039
0.03018
0.02997
0.02975
0.02954
0.02933
0.0291
0.02889
0.02868
0.02847
0.02824
0.02803
0.02781
0.0276
0.02739
0.02717
0.02696
0.02674
0.02654
0.02633
0.02613
0.02592
0.02571
0.02552
0.02532
0.02513
0.02493
0.02474
0.02455
0.02437
0.02418
0.024
0.02382
0.02364
0.02347
0.0233
0.02314
0.02297
0.0228
0.02265
0.02248
0.02233
0.02217
0.02203
0.02187
0.02173
0.02158
0.02144
0.0213
0.02116
0.02103
0.0209
0.02077
0.02064
0.02051
0.0204
0.02027
0.02016
0.02004
0.01993
0.01981
0.01971
0.01959
0.01948
0.01937
0.01926
0.01916
0.01905
0.01895
0.01885
0.01873
0.01863
0.01851
0.01841
0.01829
0.01818
0.01806
0.01795
0.01783
0.01771
0.01759
0.01746
0.01735
0.01722
0.0171
0.01698
0.01684
0.01673
0.0166
0.01648
0.01635
0.01623
0.0161
0.01599
0.01587
0.01575
0.01564
0.01552
0.01542
0.01531
0.01521
0.01511
0.015
0.01491
0.01482
0.01473
0.01464
0.01455
0.01446
0.01439
0.01431
0.01423
0.01415
0.01407
0.014
0.01393
0.01386
0.01379
0.01372
0.01365
0.01358
0.01352
0.01345
0.01338
0.01331
0.01325
0.01318
0.01311
0.01304
0.01298
0.01291
0.01285
0.01279
0.01273
0.01265
0.0126
0.01253
0.01247
0.01241
0.01235
0.01228
0.01223
0.01216
0.01211
0.01205
0.01198
0.01193
0.01187
0.01182
0.01176
0.01169
0.01164
0.01158
0.01154
0.01147
0.01142
0.01136
0.01132
0.01126
0.0112
0.01115
0.01109
0.01105
0.011
0.01095
0.01091
0.01086
0.01082
0.01077
0.01074
0.01069
0.01066
0.01061
0.01059
0.01055
0.01052
0.01049
0.01046
0.01043
0.0104
0.01038
0.01036
0.01032
0.0103
0.01027
0.01026
0.01022
0.0102
0.01016
0.01014
0.01011
0.01008
0.01004
0.01
0.00997
0.00993
0.0099
0.00986
0.00982
0.00978
0.00973
0.0097
0.00965
0.00961
0.00956
0.00953
0.00949
0.00944
0.00941
0.00936
0.00933
0.0093
0.00927
0.00924
0.0092
0.00918
0.00916
0.00914
0.00911
0.0091
0.00907
0.00907
0.00904
0.00903
0.00901
0.00899
0.00898
0.00896
0.00894
0.00893
0.0089
0.00888
0.00885
0.00883
0.00879
0.00876
0.00871
0.00868
0.00863
0.00858
0.00853
0.00847
0.00842
0.00836
0.0083
0.00824
0.00817
0.00811
0.00804
0.00798
0.00791
0.00785
0.00778
0.00772
0.00766
0.0076
0.00754
0.00748
0.00743
0.00738
0.00734
0.00729
0.00724
0.00721
0.00717
0.00714
0.00711
0.00708
0.00704
0.00703
0.007
0.00698
0.00695
0.00693
0.00691
0.00689
0.00687
0.00686
0.00683
0.00681
0.00678
0.00677
0.00674
0.00673
0.0067
0.00668
0.00666
0.00664
0.00662
0.00659
0.00658
0.00656
0.00655
0.00654
0.00651
0.00651
0.00649
0.00649
0.00648
0.00648
0.00647
0.00647
0.00647
0.00647
0.00647
0.00647
0.00648
0.00648
0.00649
0.0065
0.00649
0.00651
0.00651
0.00652
0.00651
0.00652
0.00651
0.00652
0.00651
0.00651
0.00649
0.00648
0.00647
0.00646
0.00644
0.00643
0.0064
0.00639
0.00636
0.00634
0.00631
0.00629
0.00625
0.00623
0.0062
0.00616
0.00613
0.00609
0.00606
0.00603
0.006
0.00597
0.00593
0.0059
0.00587
0.00584
0.0058
0.00578
0.00574
0.00572
0.00569
0.00566
0.00563
0.0056
0.00558
0.00555
0.00553
0.00551
0.00547
0.00546
0.00543
0.00541
0.00538
0.00536
0.00533
0.00531
0.00528
0.00525
0.00522
0.00519
0.00517
0.00514
0.0051
0.00508
0.00503
0.00501
0.00496
0.00493
0.00488
0.00484
0.00479
0.00475
0.0047
0.00465
0.00459
0.00453
0.00448
0.00443
0.00438
0.00432
0.00426
0.00421
0.00415
0.00411
0.00404
0.004
0.00394
0.0039
0.00385
0.00381
0.00377
0.00373
0.0037
0.00367
0.00364
0.00362
0.00359
0.00358
0.00356
0.00356
0.00354
0.00354
0.00354
0.00355
0.00355
0.00355
0.00356
0.00357
0.00358
0.0036
0.00361
0.00363
0.00364
0.00366
0.00367
0.00369
0.0037
0.00372
0.00373
0.00375
0.00376
0.00377
0.00378
0.00379
0.0038
0.00381
0.00382
0.00383
0.00383
0.00385
0.00385
0.00387
0.00387
0.00388
0.00388
0.0039
0.00391
0.00392
0.00393
0.00394
0.00396
0.00397
0.00399
0.00401
0.00402
0.00405
0.00407
0.0041
0.00411
0.00414
0.00416
0.0042
0.00422
0.00425
0.00428
0.00431
0.00434
0.00438
0.00441
0.00445
0.00447
0.00451
0.00454
0.00458
0.00461
0.00465
0.00467
0.00471
0.00474
0.00478
0.00481
0.00484
0.00488
0.00492
0.00496
0.005
0.00503
0.00507
0.00511
0.00516
0.00519
0.00524
0.00528
0.00533
0.00537
0.00542
0.00546
0.00551
0.00556
0.00561
0.00566
0.00571
0.00575
0.0058
0.00584
0.00589
0.00592
0.00597
0.00599
0.00603
0.00605
0.00608
0.00609
0.0061
0.00611
0.00611
0.00611
0.00611
0.00608
0.00607
0.00604
0.00601
0.00597
0.00593
0.00588
0.00584
0.00578
0.00573
0.00567
0.00561
0.00555
0.00549
0.00544
0.00539
0.00532
0.00528
0.00523
0.0052
0.00515
0.00513
0.00509
0.00509
0.00507
0.00506
0.00506
0.00506
0.00508
0.0051
0.00512
0.00515
0.00517
0.00522
0.00525
0.0053
0.00533
0.00538
0.00542
0.00548
0.00551
0.00555
0.00559
0.00562
0.00566
0.00569
0.00571
0.00573
0.00574
0.00575
0.00575
0.00576
0.00574
0.00574
0.00572
0.00571
0.00568
0.00566
0.00563
0.0056
0.00557
0.00554
0.00551
0.00548
0.00544
0.00542
0.00538
0.00536
0.00533
0.00531
0.00528
0.00527
0.00524
0.00523
0.00521
0.0052
0.00519
0.00518
0.00518
0.00518
0.00517
0.00518
0.00517
0.00518
0.00518
0.00519
0.00518
0.0052
0.0052
0.00521
0.00522
0.00522
0.00523
0.00525
0.00526
0.00527
0.00527
0.00529
0.0053
0.00531
0.00531
0.00533
0.00533
0.00534
0.00534
0.00535
0.00535
0.00534
0.00534
0.00534
0.00533
0.00533
0.0053
0.00529
0.00527
0.00525
0.00521
0.00518
0.00514
0.00511
0.00507
0.00502
0.00497
0.00492
0.00487
0.00481
0.00476
0.00471
0.00464
0.00459
0.00453
0.00448
0.00442
0.00437
0.00432
0.00428
0.00423
0.00419
0.00415
0.00412
0.00409
0.00407
0.00405
0.00404
0.00401
0.00401
0.004
0.00401
0.004
0.00401
0.004
0.00402
0.00402
0.00403
0.00404
0.00404
0.00406
0.00407
0.00408
0.00409
0.00409
0.00411
0.00411
0.00413
0.00412
0.00413
0.00413
0.00414
0.00414
0.00414
0.00414
0.00415
0.00415
0.00416
0.00416
0.00417
0.00416
0.00418
0.00417
0.00419
0.00418
0.00419
0.00419
0.0042
0.00419
0.00419
0.00419
0.00418
0.00418
0.00417
0.00416
0.00415
0.00412
0.00411
0.00408
0.00406
0.00402
0.00399
0.00395
0.00392
0.00387
0.00383
0.00378
0.00372
0.00368
0.00363
0.00358
0.00353
0.00347
0.00343
0.00337
0.00333
0.00328
0.00325
0.0032
0.00318
0.00314
0.00311
0.00309
0.00307
0.00306
0.00305
0.00305
0.00305
0.00304
0.00305
0.00306
0.00308
0.00309
0.00311
0.00313
0.00316
0.00319
0.00321
0.00324
0.00327
0.00331
0.00334
0.00337
0.00341
0.00344
0.00348
0.00351
0.00355
0.00358
0.00362
0.00365
0.0037
0.00373
0.00377
0.0038
0.00384
0.00388
0.00392
0.00396
0.00401
0.00405
0.0041
0.00414
0.0042
0.00424
0.0043
0.00435
0.00441
0.00446
0.00452
0.00458
0.00463
0.0047
0.00476
0.00483
0.0049
0.00495
0.00502
0.00509
0.00516
0.00522
0.00529
0.00535
0.00542
0.00548
0.00554
0.0056
0.00566
0.00572
0.00578
0.00584
0.0059
0.00594
0.006
0.00604
0.00609
0.00613
0.00617
0.0062
0.00624
0.00627
0.0063
0.00632
0.00634
0.00636
0.00637
0.00639
0.0064
0.00639
0.0064
0.0064
0.0064
0.00638
0.00638
0.00636
0.00635
0.00633
0.0063
0.00627
0.00624
0.00622
0.00619
0.00615
0.00612
0.00607
0.00604
0.00599
0.00596
0.0059
0.00586
0.0058
0.00577
0.00571
0.00566
0.0056
0.00554
0.00548
0.00543
0.00536
0.00531
0.00523
0.00518
0.00511
0.00505
0.00497
0.00491
0.00484
0.00478
0.00471
0.00464
0.00457
0.0045
0.00443
0.00437
0.0043
0.00425
0.00417
0.00412
0.00406
0.00401
0.00394
0.00389
0.00383
0.00379
0.00374
0.00369
0.00365
0.0036
0.00356
0.00353
0.00349
0.00346
0.00342
0.00339
0.00336
0.00334
0.0033
0.00328
0.00325
0.00324
0.00321
0.00319
0.00317
0.00315
0.00314
0.00313
0.00312
0.00312
0.0031
0.00311
0.0031
0.00311
0.0031
0.00311
0.00311
0.00313
0.00314
0.00315
0.00316
0.00318
0.0032
0.00323
0.00325
0.00328
0.00329
0.00333
0.00335
0.00338
0.0034
0.00343
0.00345
0.00348
0.0035
0.00352
0.00353
0.00355
0.00357
0.00358
0.00359
0.00361
0.0036
0.00362
0.00361
0.00362
0.00361
0.00362
0.0036
0.00361
0.0036
0.0036
0.00359
0.00358
0.00357
0.00357
0.00356
0.00356
0.00354
0.00354
0.00353
0.00354
0.00352
0.00352
0.00351
0.00351
0.00351
0.0035
0.00349
0.00348
0.00348
0.00347
0.00346
0.00346
0.00344
0.00343
0.00341
0.00341
0.00338
0.00337
0.00334
0.00333
0.0033
0.00328
0.00325
0.00323
0.00321
0.00318
0.00316
0.00314
0.00311
0.0031
0.00307
0.00306
0.00304
0.00303
0.00301
0.00301
0.003
0.00299
0.00299
0.00298
0.00299
0.003
0.003
0.00301
0.00301
0.00303
0.00303
0.00305
0.00305
0.00307
0.00308
0.0031
0.0031
0.00311
0.00312
0.00313
0.00314
0.00315
0.00316
0.00317
0.00317
0.00318
0.00318
0.0032
0.0032
0.00321
0.00321
0.00323
0.00323
0.00324
0.00325
0.00326
0.00329
0.00331
0.00333
0.00336
0.00337
0.00341
0.00344
0.00348
0.00351
0.00355
0.00359
0.00364
0.00367
0.00371
0.00375
0.00379
0.00383
0.00388
0.00392
0.00396
0.00398
0.00403
0.00405
0.00408
0.0041
0.00413
0.00414
0.00416
0.00417
0.00418
0.00419
0.00419
0.00419
0.0042
0.0042
0.0042
0.00419
0.00419
0.00418
0.00419
0.00417
0.00418
0.00417
0.00418
0.00418
0.00418
0.00418
0.00419
0.0042
0.00421
0.00422
0.00424
0.00424
0.00426
0.00427
0.00429
0.0043
0.00432
0.00432
0.00435
0.00435
0.00436
0.00436
0.00437
0.00437
0.00437
0.00437
0.00437
0.00435
0.00435
0.00433
0.00432
0.0043
0.00429
0.00426
0.00425
0.00422
0.0042
0.00418
0.00416
0.00414
0.00413
0.00412
0.00411
0.00409
0.0041
0.00409
0.0041
0.0041
0.00411
0.00411
0.00414
0.00415
0.00417
0.00419
0.00421
0.00424
0.00427
0.00429
0.00433
0.00434
0.00438
0.0044
0.00443
0.00445
0.00447
0.00448
0.00451
0.00452
0.00453
0.00453
0.00453
0.00454
0.00454
0.00453
0.00453
0.00452
0.00452
0.0045
0.0045
0.00448
0.00447
0.00445
0.00445
0.00444
0.00443
0.00442
0.00442
0.00442
0.00442
0.00442
0.00443
0.00443
0.00445
0.00446
0.00448
0.00449
0.00452
0.00453
0.00457
0.00459
0.00462
0.00464
0.00467
0.0047
0.00473
0.00476
0.00479
0.00481
0.00484
0.00486
0.00489
0.0049
0.00492
0.00493
0.00496
0.00497
0.00499
0.005
0.00501
0.00502
0.00504
0.00505
0.00507
0.00507
0.00509
0.0051
0.00512
0.00514
0.00516
0.00517
0.00521
0.00523
0.00526
0.00528
0.00532
0.00535
0.00539
0.00542
0.00547
0.00549
0.00554
0.00558
0.00562
0.00566
0.0057
0.00573
0.00577
0.0058
0.00584
0.00587
0.00589
0.00592
0.00594
0.00597
0.00598
0.00599
0.00601
0.00602
0.00603
0.00603
0.00603
0.00603
0.00603
0.00603
0.00602
0.00602
0.00601
0.006
0.006
0.00599
0.00599
0.00598
0.00598
0.00597
0.00597
0.00596
0.00597
0.00596
0.00597
0.00597
0.00597
0.00597
0.00597
0.00597
0.00598
0.00598
0.00599
0.00598
0.00599
0.00599
0.006
0.00599
0.00599
0.00598
0.00599
0.00598
0.00598
0.00597
0.00597
0.00597
0.00596
0.00596
0.00596
0.00595
0.00595
0.00594
0.00595
0.00594
0.00595
0.00595
0.00597
0.00597
0.00598
0.00599
0.006
0.00603
0.00605
0.00608
0.00611
0.00613
0.00616
0.0062
0.00624
0.00626
0.00631
0.00634
0.00639
0.00642
0.00646
0.00649
0.00653
0.00657
0.0066
0.00664
0.00667
0.00669
0.00672
0.00674
0.00677
0.00678
0.0068
0.0068
0.00682
0.00682
0.00682
0.00681
0.0068
0.0068
0.00678
0.00677
0.00676
0.00673
0.00672
0.00668
0.00667
0.00664
0.00661
0.00657
0.00655
0.00652
0.00649
0.00646
0.00642
0.0064
0.00637
0.00634
0.00632
0.00628
0.00626
0.00624
0.00622
0.00619
0.00617
0.00614
0.00613
0.00611
0.00609
0.00607
0.00605
0.00603
0.00602
0.006
0.00599
0.00596
0.00595
0.00593
0.00592
0.00589
0.00588
0.00585
0.00585
0.00582
0.0058
0.00579
0.00576
0.00575
0.00573
0.00571
0.0057
0.00567
0.00567
0.00565
0.00564
0.00562
0.00562
0.00561
0.00561
0.0056
0.0056
0.0056
0.0056
0.00561
0.00562
0.00563
0.00565
0.00566
0.00568
0.0057
0.00573
0.00574
0.00577
0.00579
0.00583
0.00585
0.00588
0.0059
0.00592
0.00595
0.00598
0.00601
0.00603
0.00605
0.00608
0.00609
0.00611
0.00612
0.00614
0.00615
0.00617
0.00618
0.00618
0.00619
0.00619
0.0062
0.0062
0.00621
0.00621
0.0062
0.00621
0.00621
0.00621
0.00621
0.00621
0.0062
0.00621
0.0062
0.0062
0.0062
0.00619
0.00619
0.00618
0.00618
0.00618
0.00616
0.00616
0.00614
0.00614
0.00611
0.00611
0.00608
0.00607
0.00605
0.00603
0.006
0.00597
0.00595
0.00592
0.00589
0.00587
0.00583
0.0058
0.00577
0.00575
0.00571
0.00568
0.00564
0.00562
0.00559
0.00556
0.00553
0.00549
0.00547
0.00545
0.00542
0.0054
0.00536
0.00535
0.00532
0.0053
0.00527
0.00525
0.00522
0.00521
0.00518
0.00515
0.00513
0.0051
0.00507
0.00505
0.00502
0.005
0.00496
0.00493
0.0049
0.00487
0.00483
0.00481
0.00477
0.00474
0.00471
0.00468
0.00465
0.00461
0.00459
0.00457
0.00454
0.00453
0.0045
0.00448
0.00446
0.00446
0.00443
0.00443
0.00441
0.00442
0.0044
0.0044
0.0044
0.00439
0.00439
0.0044
0.0044
0.0044
0.00439
0.0044
0.0044
0.00441
0.0044
0.0044
0.0044
0.0044
0.0044
0.00439
0.00439
0.00438
0.00438
0.00437
0.00437
0.00437
0.00435
0.00435
0.00434
0.00435
0.00433
0.00434
0.00432
0.00433
0.00433
0.00433
0.00433
0.00433
0.00434
0.00435
0.00436
0.00437
0.00438
0.0044
0.00441
0.00443
0.00445
0.00447
0.00449
0.00452
0.00454
0.00457
0.00459
0.00461
0.00464
0.00467
0.0047
0.00473
0.00474
0.00478
0.0048
0.00483
0.00485
0.00487
0.00489
0.00492
0.00494
0.00496
0.00498
0.00499
0.00501
0.00503
0.00504
0.00506
0.00506
0.00508
0.00508
0.0051
0.00509
0.0051
0.00509
0.0051
0.00509
0.00508
0.00507
0.00505
0.00504
0.00503
0.00501
0.005
0.00496
0.00495
0.00492
0.00489
0.00486
0.00483
0.00479
0.00477
0.00473
0.0047
0.00466
0.00462
0.00459
0.00456
0.00453
0.0045
0.00446
0.00444
0.0044
0.00439
0.00435
0.00434
0.0043
0.0043
0.00428
0.00426
0.00425
0.00424
0.00424
0.00423
0.00423
0.00424
0.00423
0.00424
0.00425
0.00427
0.00427
0.00429
0.0043
0.00432
0.00434
0.00436
0.00438
0.0044
0.00442
0.00445
0.00448
0.00451
0.00453
0.00456
0.00458
0.00462
0.00464
0.00467
0.00469
0.00473
0.00474
0.00477
0.00479
0.0048
0.00482
0.00484
0.00485
0.00486
0.00486
0.00487
0.00487
0.00487
0.00486
0.00486
0.00483
0.00483
0.00481
0.00478
0.00476
0.00473
0.0047
0.00467
0.00464
0.00461
0.00457
0.00454
0.0045
0.00447
0.00442
0.0044
0.00435
0.00433
0.00429
0.00427
0.00423
0.00421
0.00418
0.00416
0.00414
0.00412
0.00409
0.00408
0.00405
0.00404
0.00401
0.00399
0.00396
0.00395
0.00391
0.00388
0.00385
0.00381
0.00378
0.00374
0.00369
0.00365
0.00359
0.00354
0.00348
0.00343
0.00336
0.0033
0.00323
0.00318
0.00311
0.00305
0.00298
0.00292
0.00287
0.00282
0.00277
0.00274
0.00269
0.00267
0.00264
0.00263
0.00261
0.00261
0.0026
0.00262
0.00263
0.00265
0.00267
0.00269
0.00272
0.00276
0.0028
0.00284
0.00286
0.00291
0.00293
0.00297
0.003
0.00302
0.00303
0.00306
0.00307
0.00307
0.00306
0.00305
0.00304
0.00302
0.00299
0.00297
0.00292
0.00289
0.00284
0.0028
0.00274
0.0027
0.00264
0.0026
0.00255
0.0025
0.00246
0.00242
0.00239
0.00236
0.00235
0.00233
0.00232
0.00232
0.00232
0.00234
0.00235
0.00238
0.0024
0.00245
0.00248
0.00252
0.00256
0.00261
0.00267
0.00272
0.00277
0.00283
0.00287
0.00293
0.00297
0.00302
0.00305
0.00309
0.00311
0.00315
0.00317
0.00319
0.0032
0.0032
0.00321
0.00321
0.00321
0.0032
0.00318
0.00318
0.00316
0.00315
0.00312
0.00311
0.00308
0.00308
0.00306
0.00305
0.00303
0.00302
0.00302
0.00302
0.00302
0.00303
0.00302
0.00305
0.00305
0.00308
0.0031
0.00313
0.00315
0.00319
0.00322
0.00326
0.00329
0.00333
0.00337
0.00342
0.00347
0.00352
0.00355
0.0036
0.00365
0.0037
0.00373
0.00378
0.00382
0.00387
0.0039
0.00394
0.00397
0.00401
0.00404
0.00407
0.0041
0.00413
0.00414
0.00417
0.00419
0.00422
0.00423
0.00425
0.00426
0.00428
0.00428
0.00429
0.0043
0.00431
0.00432
0.00434
0.00434
0.00436
0.00436
0.00438
0.00439
0.00441
0.00442
0.00444
0.00445
0.00448
0.0045
0.00452
0.00454
0.00457
0.0046
0.00463
0.00466
0.0047
0.00472
0.00476
0.00478
0.00483
0.00485
0.00488
0.00491
0.00494
0.00496
0.00499
0.00501
0.00502
0.00503
0.00504
0.00505
0.00505
0.00504
0.00504
0.00502
0.00502
0.00499
0.00497
0.00493
0.00491
0.00487
0.00483
0.00479
0.00474
0.0047
0.00466
0.00462
0.00458
0.00453
0.0045
0.00445
0.00442
0.00438
0.00436
0.00432
0.00432
0.00429
0.00428
0.00427
0.00426
0.00427
0.00427
0.00429
0.0043
0.00431
0.00434
0.00435
0.00439
0.00441
0.00444
0.00446
0.0045
0.00453
0.00456
0.00458
0.00461
0.00463
0.00466
0.00468
0.0047
0.00471
0.00473
0.00473
0.00474
0.00474
0.00475
0.00474
0.00475
0.00474
0.00474
0.00473
0.00472
0.00472
0.00471
0.00471
0.00471
0.0047
0.00471
0.0047
0.00471
0.00471
0.00472
0.00472
0.00474
0.00475
0.00476
0.00478
0.00479
0.00481
0.00484
0.00486
0.00489
0.00489
0.00492
0.00494
0.00497
0.00497
0.005
0.00501
0.00502
0.00503
0.00504
0.00504
0.00504
0.00503
0.00503
0.00502
0.00502
0.00499
0.00498
0.00496
0.00494
0.00491
0.00489
0.00485
0.00483
0.0048
0.00477
0.00473
0.0047
0.00467
0.00464
0.00461
0.00458
0.00454
0.00452
0.00448
0.00446
0.00443
0.00441
0.00438
0.00437
0.00434
0.00432
0.0043
0.00428
0.00427
0.00426
0.00425
0.00424
0.00422
0.00422
0.00422
0.00422
0.00421
0.00421
0.00421
0.00422
0.00422
0.00422
0.00423
0.00423
0.00424
0.00426
0.00427
0.00429
0.00429
0.00431
0.00432
0.00434
0.00435
0.00437
0.00438
0.0044
0.00441
0.00443
0.00444
0.00445
0.00447
0.00448
0.00449
0.00451
0.00451
0.00452
0.00453
0.00454
0.00454
0.00455
0.00455
0.00457
0.00457
0.00457
0.00457
0.00457
0.00458
0.00459
0.0046
0.00461
0.0046
0.00462
0.00463
0.00464
0.00465
0.00466
0.00467
0.00469
0.0047
0.00472
0.00473
0.00474
0.00476
0.00478
0.00479
0.00481
0.00482
0.00484
0.00484
0.00486
0.00486
0.00487
0.00487
0.00488
0.00487
0.00487
0.00486
0.00485
0.00484
0.00483
0.00482
0.00481
0.00478
0.00477
0.00474
0.00473
0.0047
0.00468
0.00465
0.00464
0.00461
0.00459
0.00457
0.00455
0.00453
0.00452
0.0045
0.00449
0.00447
0.00447
0.00445
0.00446
0.00444
0.00444
0.00443
0.00444
0.00443
0.00443
0.00443
0.00443
0.00444
0.00444
0.00444
0.00445
0.00444
0.00445
0.00444
0.00445
0.00443
0.00443
0.00442
0.00443
0.00442
0.00441
0.0044
0.00439
0.00439
0.00439
0.00438
0.00438
0.00436
0.00436
0.00435
0.00436
0.00435
0.00435
0.00435
0.00436
0.00435
0.00436
0.00436
0.00436
0.00437
0.00438
0.00438
0.00439
0.00439
0.00439
0.00439
0.0044
0.00439
0.00439
0.00437
0.00437
0.00435
0.00433
0.00431
0.00428
0.00425
0.00422
0.00419
0.00415
0.0041
0.00406
0.00401
0.00396
0.0039
0.00386
0.00379
0.00375
0.00369
0.00364
0.00358
0.00352
0.00348
0.00343
0.00339
0.00336
0.00331
0.00328
0.00325
0.00323
0.00321
0.0032
0.00318
0.00319
0.00318
0.00318
0.00319
0.0032
0.00321
0.00323
0.00325
0.00328
0.00329
0.00333
0.00335
0.00338
0.0034
0.00343
0.00345
0.00349
0.00351
0.00353
0.00355
0.00357
0.0036
0.00362
0.00364
0.00366
0.00366
0.00368
0.00369
0.00371
0.00372
0.00373
0.00373
0.00375
0.00376
0.00377
0.00377
0.00378
0.00378
0.0038
0.0038
0.00382
0.00381
0.00382
0.00382
0.00383
0.00383
0.00383
0.00383
0.00384
0.00383
0.00383
0.00382
0.00381
0.0038
0.00379
0.00378
0.00377
0.00375
0.00374
0.00372
0.0037
0.00368
0.00367
0.00364
0.00363
0.0036
0.00358
0.00356
0.00354
0.00352
0.00351
0.0035
0.00349
0.00347
0.00347
0.00346
0.00347
0.00346
0.00346
0.00346
0.00348
0.00348
0.0035
0.00351
0.00352
0.00355
0.00357
0.0036
0.00363
0.00365
0.00369
0.00372
0.00376
0.00379
0.00383
0.00386
0.00391
0.00395
0.00399
0.00404
0.00408
0.00413
0.00417
0.00422
0.00427
0.00431
0.00437
0.0044
0.00446
0.00449
0.00454
0.00457
0.00462
0.00466
0.00469
0.00472
0.00475
0.00478
0.0048
0.00483
0.00485
0.00485
0.00487
0.00487
0.00488
0.00487
0.00487
0.00486
0.00486
0.00483
0.00481
0.00479
0.00476
0.00474
0.00471
0.00468
0.00465
0.00461
0.00458
0.00454
0.00452
0.00447
0.00444
0.0044
0.00437
0.00434
0.00431
0.00427
0.00425
0.00422
0.00421
0.00419
0.00417
0.00414
0.00414
0.00413
0.00412
0.00411
0.00411
0.00409
0.00411
0.0041
0.0041
0.00409
0.00409
0.0041
0.0041
0.0041
0.00411
0.00409
0.0041
0.00409
0.00409
0.00408
0.00408
0.00406
0.00405
0.00403
0.00401
0.00399
0.00397
0.00395
0.00393
0.0039
0.00387
0.00383
0.00381
0.00377
0.00374
0.0037
0.00367
0.00362
0.00359
0.00355
0.00352
0.00348
0.00344
0.00341
0.00339
0.00336
0.00334
0.0033
0.00329
0.00326
0.00326
0.00324
0.00323
0.00322
0.00323
0.00323
0.00323
0.00324
0.00325
0.00327
0.00329
0.00331
0.00335
0.00337
0.00341
0.00344
0.00349
0.00352
0.00357
0.00361
0.00367
0.00371
0.00376
0.00381
0.00386
0.00391
0.00397
0.00403
0.00408
0.00412
0.00418
0.00422
0.00428
0.00432
0.00437
0.00441
0.00446
0.00449
0.00453
0.00456
0.00459
0.00462
0.00465
0.00468
0.00471
0.00472
0.00474
0.00476
0.00478
0.00478
0.0048
0.0048
0.00482
0.00482
0.00483
0.00483
0.00483
0.00483
0.00483
0.00483
0.00483
0.00481
0.00481
0.0048
0.0048
0.00478
0.00477
0.00475
0.00474
0.00471
0.00469
0.00466
0.00463
0.0046
0.00456
0.00452
0.00448
0.00442
0.00438
0.00432
0.00427
0.00421
0.00414
0.00407
0.00401
0.00393
0.00386
0.00378
0.0037
0.00363
0.00355
0.00347
0.00339
0.00331
0.00323
0.00315
0.00308
0.003
0.00293
0.00286
0.0028
0.00273
0.00267
0.00261
0.00255
0.00249
0.00245
0.0024
0.00236
0.00231
0.00228
0.00224
0.00221
0.00217
0.00215
0.00211
0.0021
0.00207
0.00204
0.00202
0.002
0.00198
0.00196
0.00194
0.00193
0.00191
0.0019
0.00188
0.00187
0.00185
0.00185
0.00183
0.00183
0.00182
0.00182
0.00181
0.00181
0.00181
0.00181
0.00182
0.00183
0.00183
0.00184
0.00185
0.00187
0.00188
0.00191
0.00192
0.00195
0.00197
0.00199
0.00202
0.00204
0.00208
0.00211
0.00214
0.00218
0.0022
0.00224
0.00227
0.00231
0.00233
0.00238
0.0024
0.00245
0.00248
0.00251
0.00255
0.00258
0.00262
0.00266
0.00269
0.00274
0.00277
0.00281
0.00284
0.00289
0.00292
0.00297
0.003
0.00305
0.00309
0.00313
0.00317
0.00321
0.00326
0.0033
0.00335
0.0034
0.00343
0.00348
0.00352
0.00357
0.00361
0.00366
0.00369
0.00375
0.00378
0.00383
0.00386
0.0039
0.00395
0.00399
0.00403
0.00407
0.00409
0.00413
0.00416
0.0042
0.00423
0.00426
0.00428
0.00432
0.00434
0.00437
0.00439
0.00441
0.00443
0.00445
0.00447
0.0045
0.0045
0.00453
0.00453
0.00456
0.00456
0.00458
0.00458
0.0046
0.00461
0.00461
0.00462
0.00463
0.00464
0.00465
0.00465
0.00466
0.00466
0.00468
0.00468
0.00469
0.00469
0.0047
0.0047
0.00472
0.00472
0.00473
0.00473
0.00473
0.00474
0.00475
0.00476
0.00477
0.00477
0.00478
0.00478
0.00479
0.00479
0.0048
0.00479
0.00481
0.00481
0.00481
0.00481
0.0048
0.0048
0.0048
0.0048
0.0048
0.00478
0.00479
0.00477
0.00478
0.00476
0.00475
0.00474
0.00474
0.00472
0.00471
0.0047
0.00468
0.00467
0.00466
0.00465
0.00465
0.00463
0.00462
0.00461
0.00461
0.00459
0.00458
0.00457
0.00457
0.00456
0.00455
0.00454
0.00453
0.00453
0.00452
0.00452
0.00452
0.0045
0.0045
0.00448
0.00448
0.00447
0.00447
0.00445
0.00445
0.00444
0.00443
0.00442
0.0044
0.00439
0.00438
0.00437
0.00436
0.00434
0.00433
0.00431
0.00431
