2.43268302221959E+02

0.00455
0.00452
0.0045
0.00447
0.00445
0.00442
0.00438
0.00434
0.0043
0.00426
0.00422
0.00417
0.00413
0.00408
0.00403
0.00398
0.00393
0.00388
0.00383
0.00377
0.00374
0.00368
0.00364
0.00359
0.00355
0.00352
0.00348
0.00345
0.00342
0.00339
0.00337
0.00334
0.00333
0.00331
0.0033
0.00328
0.00328
0.00326
0.00326
0.00325
0.00324
0.00324
0.00324
0.00324
0.00324
0.00324
0.00324
0.00324
0.00326
0.00325
0.00326
0.00326
0.00328
0.00329
0.0033
0.00332
0.00333
0.00336
0.00338
0.00341
0.00344
0.00346
0.00351
0.00354
0.00359
0.00363
0.00368
0.00372
0.00378
0.00383
0.00389
0.00394
0.004
0.00406
0.00412
0.00417
0.00423
0.00427
0.00433
0.00437
0.00442
0.00445
0.00449
0.00451
0.00455
0.00456
0.00457
0.00458
0.00458
0.00458
0.00457
0.00456
0.00455
0.00451
0.0045
0.00446
0.00443
0.00439
0.00436
0.00432
0.00429
0.00424
0.00421
0.00416
0.00413
0.00409
0.00406
0.00403
0.00401
0.00397
0.00395
0.00393
0.00392
0.00389
0.00388
0.00386
0.00387
0.00386
0.00385
0.00385
0.00384
0.00384
0.00384
0.00384
0.00384
0.00383
0.00384
0.00383
0.00383
0.00382
0.00382
0.0038
0.0038
0.00379
0.00378
0.00376
0.00374
0.00373
0.00372
0.0037
0.00368
0.00365
0.00364
0.0036
0.00359
0.00355
0.00353
0.00349
0.00347
0.00344
0.00341
0.00337
0.00333
0.00329
0.00326
0.00322
0.00318
0.00313
0.00309
0.00304
0.003
0.00294
0.0029
0.00284
0.0028
0.00274
0.00269
0.00263
0.00258
0.00253
0.00248
0.00243
0.00239
0.00233
0.0023
0.00225
0.00222
0.00218
0.00215
0.00212
0.0021
0.00208
0.00206
0.00204
0.00203
0.00203
0.00202
0.00202
0.00203
0.00203
0.00204
0.00205
0.00207
0.00208
0.0021
0.00212
0.00215
0.00216
0.00219
0.00221
0.00223
0.00227
0.0023
0.00233
0.00236
0.00239
0.00243
0.00246
0.00251
0.00254
0.00259
0.00263
0.00268
0.00273
0.00278
0.00283
0.00289
0.00295
0.00302
0.00308
0.00316
0.00322
0.0033
0.00337
0.00345
0.00352
0.00361
0.00368
0.00377
0.00385
0.00393
0.00401
0.00409
0.00418
0.00426
0.00434
0.00443
0.0045
0.00458
0.00466
0.00474
0.00481
0.00489
0.00496
0.00505
0.00512
0.0052
0.00527
0.00535
0.00543
0.00551
0.00559
0.00567
0.00574
0.00584
0.00592
0.00601
0.00609
0.00618
0.00626
0.00636
0.00644
0.00653
0.00662
0.0067
0.00678
0.00687
0.00695
0.00703
0.00709
0.00717
0.00723
0.00729
0.00734
0.00739
0.00742
0.00747
0.00749
0.00752
0.00753
0.00753
0.00754
0.00754
0.00753
0.00752
0.00749
0.00748
0.00745
0.00742
0.00738
0.00735
0.0073
0.00728
0.00723
0.00719
0.00715
0.00711
0.00707
0.00703
0.007
0.00697
0.00692
0.0069
0.00686
0.00684
0.0068
0.00678
0.00674
0.00673
0.00669
0.00667
0.00664
0.0066
0.00657
0.00654
0.00651
0.00647
0.00642
0.00639
0.00633
0.00629
0.00623
0.00618
0.00611
0.00606
0.00599
0.00592
0.00585
0.00578
0.00571
0.00564
0.00556
0.00549
0.00541
0.00535
0.00528
0.00522
0.00514
0.00509
0.00502
0.00497
0.00491
0.00486
0.00481
0.00477
0.00473
0.0047
0.00466
0.00464
0.0046
0.00459
0.00456
0.00455
0.00452
0.0045
0.00448
0.00447
0.00445
0.00442
0.0044
0.00437
0.00435
0.00432
0.00429
0.00426
0.00422
0.00419
0.00414
0.0041
0.00404
0.004
0.00394
0.00389
0.00383
0.00377
0.0037
0.00364
0.00357
0.00351
0.00345
0.00339
0.00331
0.00326
0.00319
0.00314
0.00307
0.00302
0.00295
0.00291
0.00285
0.0028
0.00276
0.00271
0.00267
0.00264
0.0026
0.00257
0.00253
0.00251
0.00248
0.00246
0.00243
0.00241
0.00238
0.00237
0.00235
0.00233
0.00232
0.0023
0.00229
0.00228
0.00227
0.00227
0.00225
0.00225
0.00224
0.00224
0.00223
0.00223
0.00223
0.00224
0.00223
0.00224
0.00225
0.00225
0.00227
0.00228
0.0023
0.00232
0.00233
0.00236
0.00238
0.00241
0.00244
0.00247
0.0025
0.00254
0.00257
0.00261
0.00264
0.00268
0.00272
0.00276
0.0028
0.00284
0.00287
0.00292
0.00295
0.00299
0.00301
0.00305
0.00307
0.00311
0.00313
0.00315
0.00317
0.00319
0.00321
0.00323
0.00324
0.00326
0.00325
0.00327
0.00327
0.00329
0.00328
0.00329
0.00329
0.0033
0.0033
0.0033
0.0033
0.0033
0.0033
0.00331
0.00331
0.00332
0.00331
0.00333
0.00333
0.00334
0.00334
0.00334
0.00334
0.00336
0.00336
0.00337
0.00337
0.00337
0.00338
0.00339
0.0034
0.00341
0.00341
0.00342
0.00343
0.00344
0.00344
0.00346
0.00346
0.00348
0.00349
0.0035
0.00351
0.00353
0.00355
0.00357
0.00359
0.00362
0.00363
0.00366
0.00368
0.00372
0.00374
0.00378
0.00381
0.00385
0.00389
0.00393
0.00396
0.004
0.00405
0.00409
0.00414
0.00419
0.00423
0.00429
0.00433
0.00439
0.00443
0.00449
0.00454
0.0046
0.00466
0.00471
0.00477
0.00483
0.00489
0.00496
0.00502
0.00509
0.00515
0.00522
0.00528
0.00536
0.00542
0.00549
0.00555
0.00562
0.00568
0.00574
0.0058
0.00585
0.0059
0.00596
0.006
0.00605
0.00608
0.00611
0.00614
0.00617
0.00618
0.00619
0.00619
0.0062
0.00619
0.00618
0.00617
0.00615
0.00613
0.0061
0.00607
0.00605
0.006
0.00597
0.00593
0.0059
0.00585
0.00581
0.00576
0.00573
0.00569
0.00565
0.00561
0.00557
0.00554
0.00551
0.00548
0.00545
0.00541
0.00539
0.00536
0.00534
0.0053
0.00528
0.00525
0.00523
0.0052
0.00517
0.00514
0.0051
0.00507
0.00504
0.005
0.00497
0.00492
0.00489
0.00484
0.00481
0.00476
0.00471
0.00466
0.00463
0.00458
0.00453
0.00448
0.00443
0.00439
0.00435
0.00431
0.00427
0.00422
0.00419
0.00415
0.00412
0.00408
0.00404
0.00401
0.00398
0.00395
0.00391
0.00388
0.00385
0.00382
0.00378
0.00375
0.00372
0.00368
0.00365
0.0036
0.00357
0.00352
0.00348
0.00342
0.00339
0.00333
0.00328
0.00323
0.00317
0.00311
0.00306
0.003
0.00295
0.00289
0.00284
0.00277
0.00273
0.00267
0.00263
0.00257
0.00253
0.00248
0.00245
0.00241
0.00237
0.00235
0.00232
0.0023
0.00229
0.00227
0.00227
0.00225
0.00226
0.00225
0.00227
0.00227
0.00229
0.0023
0.00232
0.00233
0.00236
0.00238
0.00241
0.00245
0.00248
0.0025
0.00254
0.00257
0.00262
0.00264
0.00269
0.00272
0.00276
0.0028
0.00284
0.00287
0.00291
0.00296
0.003
0.00305
0.00309
0.00313
0.00318
0.00323
0.00328
0.00333
0.00338
0.00342
0.00349
0.00354
0.0036
0.00365
0.00371
0.00377
0.00384
0.0039
0.00397
0.00403
0.0041
0.00416
0.00424
0.0043
0.00437
0.00443
0.00451
0.00457
0.00463
0.0047
0.00476
0.00482
0.00489
0.00494
0.00501
0.00505
0.00512
0.00516
0.00522
0.00526
0.00532
0.00535
0.0054
0.00544
0.00548
0.00551
0.00554
0.00558
0.00561
0.00564
0.00567
0.00569
0.00572
0.00574
0.00576
0.00577
0.00579
0.00579
0.00581
0.00581
0.00582
0.00581
0.00581
0.0058
0.0058
0.00579
0.00578
0.00575
0.00574
0.00571
0.00569
0.00566
0.00563
0.00559
0.00556
0.00552
0.00548
0.00544
0.0054
0.00536
0.00532
0.00527
0.00523
0.00518
0.00515
0.0051
0.00507
0.00503
0.005
0.00496
0.00494
0.0049
0.00487
0.00484
0.00482
0.0048
0.00478
0.00476
0.00475
0.00473
0.00472
0.0047
0.0047
0.00468
0.00467
0.00466
0.00466
0.00465
0.00464
0.00463
0.00462
0.00462
0.00461
0.00461
0.00461
0.00461
0.00461
0.00461
0.00463
0.00463
0.00465
0.00466
0.0047
0.00472
0.00476
0.00479
0.00484
0.00489
0.00495
0.00502
0.0051
0.00517
0.00527
0.00536
0.00547
0.00558
0.0057
0.00583
0.00597
0.00612
0.00627
0.00643
0.0066
0.00678
0.00697
0.00717
0.00737
0.00758
0.0078
0.00802
0.00826
0.00849
0.00874
0.00899
0.00926
0.00953
0.00981
0.01009
0.01039
0.01069
0.011
0.01132
0.01165
0.01198
0.01233
0.01268
0.01305
0.01342
0.0138
0.01418
0.01459
0.015
0.01541
0.01583
0.01626
0.0167
0.01715
0.01761
0.01807
0.01854
0.01901
0.01949
0.01999
0.02047
0.02097
0.02147
0.02198
0.02248
0.023
0.02351
0.02403
0.02455
0.02508
0.0256
0.02613
0.02665
0.02718
0.0277
0.02824
0.02876
0.0293
0.02982
0.03036
0.03089
0.03142
0.03195
0.03248
0.03301
0.03354
0.03406
0.0346
0.03511
0.03564
0.03616
0.03668
0.0372
0.03772
0.03823
0.03875
0.03925
0.03975
0.04026
0.04075
0.04124
0.04174
0.04221
0.0427
0.04317
0.04364
0.0441
0.04456
0.04501
0.04546
0.04589
0.04633
0.04675
0.04717
0.04758
0.04798
0.04839
0.04878
0.04917
0.04955
0.04992
0.0503
0.05065
0.05102
0.05136
0.05171
0.05204
0.05238
0.0527
0.05302
0.05333
0.05364
0.05394
0.05423
0.05452
0.0548
0.05507
0.05534
0.05559
0.05584
0.05608
0.05631
0.05653
0.05676
0.05696
0.05715
0.05734
0.05751
0.05768
0.05784
0.05799
0.05813
0.05825
0.05837
0.05848
0.05858
0.05866
0.05874
0.05881
0.05888
0.05893
0.05898
0.05902
0.05905
0.05908
0.0591
0.05911
0.05912
0.05912
0.05912
0.05911
0.0591
0.05908
0.05907
0.05904
0.05902
0.05899
0.05895
0.05891
0.05887
0.05883
0.05878
0.05873
0.05868
0.05861
0.05855
0.05848
0.05842
0.05834
0.05826
0.05817
0.05809
0.05799
0.0579
0.0578
0.05769
0.05758
0.05747
0.05735
0.05723
0.0571
0.05697
0.05684
0.05671
0.05657
0.05644
0.0563
0.05616
0.05601
0.05587
0.05572
0.05557
0.05543
0.05528
0.05513
0.05498
0.05482
0.05468
0.05452
0.05437
0.05421
0.05405
0.05389
0.05374
0.05357
0.05341
0.05324
0.05307
0.05291
0.05273
0.05256
0.05239
0.05221
0.05203
0.05185
0.05167
0.05149
0.05131
0.05112
0.05095
0.05076
0.05058
0.05039
0.0502
0.05002
0.04984
0.04966
0.04948
0.0493
0.04912
0.04894
0.04877
0.04859
0.04841
0.04823
0.04807
0.04789
0.04771
0.04753
0.04735
0.04718
0.047
0.04682
0.04664
0.04645
0.04627
0.04609
0.04591
0.04572
0.04553
0.04534
0.04516
0.04497
0.04477
0.04458
0.04439
0.0442
0.04402
0.04383
0.04365
0.04346
0.04328
0.04309
0.04292
0.04273
0.04256
0.04238
0.04221
0.04203
0.04186
0.04169
0.04151
0.04134
0.04117
0.04099
0.04082
0.04063
0.04045
0.04027
0.04008
0.03988
0.03968
0.03948
0.03928
0.03906
0.03884
0.03861
0.03838
0.03815
0.03791
0.03767
0.03742
0.03716
0.03691
0.03665
0.0364
0.03613
0.03587
0.03561
0.03535
0.03509
0.03483
0.03457
0.0343
0.03405
0.0338
0.03355
0.03331
0.03306
0.03282
0.03258
0.03235
0.03212
0.03189
0.03166
0.03145
0.03122
0.03101
0.03078
0.03057
0.03035
0.03014
0.02993
0.02972
0.02949
0.02928
0.02907
0.02886
0.02863
0.02842
0.0282
0.02799
0.02777
0.02755
0.02733
0.02711
0.0269
0.02669
0.02648
0.02627
0.02605
0.02586
0.02565
0.02545
0.02525
0.02506
0.02486
0.02468
0.0245
0.02432
0.02414
0.02397
0.0238
0.02364
0.02348
0.02333
0.02317
0.02303
0.02289
0.02275
0.02261
0.02248
0.02234
0.02222
0.02209
0.02197
0.02185
0.02172
0.02161
0.02149
0.02138
0.02127
0.02115
0.02104
0.02093
0.02082
0.02071
0.0206
0.02048
0.02038
0.02027
0.02016
0.02004
0.01993
0.01982
0.01971
0.0196
0.01948
0.01936
0.01926
0.01914
0.01903
0.0189
0.01879
0.01867
0.01856
0.01844
0.01833
0.01822
0.0181
0.018
0.01789
0.01778
0.01768
0.01757
0.01748
0.01738
0.01728
0.01718
0.0171
0.01701
0.01693
0.01684
0.01676
0.01668
0.0166
0.01653
0.01646
0.01639
0.01632
0.01624
0.01618
0.01611
0.01605
0.01598
0.01591
0.01584
0.01578
0.0157
0.01564
0.01556
0.01549
0.01542
0.01535
0.01527
0.0152
0.01512
0.01505
0.01497
0.0149
0.01481
0.01474
0.01466
0.01459
0.01451
0.01443
0.01436
0.01428
0.01421
0.01414
0.01407
0.01401
0.01394
0.01388
0.01381
0.01375
0.01368
0.01363
0.01356
0.01351
0.01345
0.01339
0.01333
0.01327
0.01322
0.01316
0.0131
0.01305
0.01298
0.01293
0.01287
0.01282
0.01275
0.01269
0.01262
0.01257
0.01251
0.01244
0.01238
0.01231
0.01225
0.01219
0.01213
0.01207
0.012
0.01195
0.01189
0.01183
0.01176
0.01171
0.01164
0.0116
0.01154
0.01148
0.01142
0.01137
0.01132
0.01126
0.01121
0.01116
0.0111
0.01105
0.01099
0.01094
0.01087
0.01082
0.01075
0.0107
0.01063
0.01057
0.0105
0.01042
0.01035
0.01028
0.01021
0.01013
0.01004
0.00996
0.00988
0.0098
0.0097
0.00961
0.00951
0.00943
0.00933
0.00923
0.00913
0.00903
0.00894
0.00885
0.00875
0.00866
0.00856
0.00847
0.00838
0.00829
0.0082
0.00812
0.00802
0.00795
0.00787
0.00779
0.00771
0.00763
0.00757
0.0075
0.00743
0.00737
0.0073
0.00724
0.00717
0.00712
0.00706
0.007
0.00694
0.00689
0.00683
0.00677
0.00671
0.00665
0.0066
0.00655
0.00649
0.00644
0.00638
0.00634
0.00628
0.00624
0.00618
0.00615
0.0061
0.00607
0.00602
0.00599
0.00595
0.00592
0.0059
0.00589
0.00587
0.00586
0.00584
0.00585
0.00584
0.00585
0.00585
0.00586
0.00587
0.00589
0.0059
0.00592
0.00593
0.00595
0.00598
0.006
0.00602
0.00605
0.00606
0.00608
0.0061
0.00612
0.00613
0.00614
0.00615
0.00616
0.00617
0.00618
0.00618
0.00618
0.00618
0.00619
0.00619
0.0062
0.0062
0.00621
0.00621
0.00622
0.00623
0.00624
0.00624
0.00627
0.00629
0.00631
0.00633
0.00635
0.00639
0.00642
0.00645
0.00649
0.00652
0.00657
0.0066
0.00665
0.00668
0.00673
0.00676
0.00681
0.00684
0.00688
0.00691
0.00694
0.00697
0.00699
0.00702
0.00704
0.00704
0.00706
0.00707
0.00708
0.00707
0.00708
0.00706
0.00706
0.00704
0.00703
0.00701
0.00699
0.00697
0.00695
0.00692
0.0069
0.00686
0.00684
0.0068
0.00678
0.00674
0.00672
0.00668
0.00666
0.00662
0.00659
0.00656
0.00652
0.0065
0.00647
0.00644
0.00642
0.00639
0.00637
0.00634
0.00633
0.0063
0.00628
0.00626
0.00625
0.00623
0.00622
0.00621
0.00619
0.00619
0.00618
0.00618
0.00618
0.00617
0.00618
0.00617
0.00618
0.00618
0.00618
0.00618
0.00619
0.00619
0.00619
0.00619
0.00619
0.00619
0.00619
0.00619
0.00619
0.00617
0.00616
0.00615
0.00614
0.00611
0.0061
0.00607
0.00605
0.00602
0.00598
0.00595
0.00592
0.00589
0.00585
0.00582
0.00579
0.00574
0.00572
0.00568
0.00566
0.00562
0.0056
0.00557
0.00556
0.00554
0.00552
0.00551
0.0055
0.0055
0.0055
0.0055
0.00551
0.00551
0.00553
0.00554
0.00556
0.00557
0.00559
0.00561
0.00564
0.00565
0.00567
0.00569
0.00571
0.00573
0.00575
0.00576
0.00578
0.00578
0.0058
0.0058
0.00582
0.00581
0.00582
0.00581
0.00582
0.00581
0.00581
0.0058
0.00579
0.00579
0.00579
0.00578
0.00578
0.00576
0.00576
0.00575
0.00575
0.00574
0.00574
0.00572
0.00572
0.00571
0.00571
0.0057
0.00569
0.00568
0.00568
0.00567
0.00566
0.00564
0.00563
0.00561
0.0056
0.00557
0.00555
0.00551
0.0055
0.00546
0.00543
0.0054
0.00536
0.00532
0.00528
0.00525
0.00521
0.00516
0.00513
0.00508
0.00505
0.005
0.00497
0.00492
0.0049
0.00486
0.00483
0.0048
0.00477
0.00474
0.00472
0.0047
0.00468
0.00466
0.00465
0.00463
0.00462
0.0046
0.00459
0.00457
0.00456
0.00454
0.00453
0.00451
0.0045
0.00448
0.00447
0.00445
0.00444
0.00442
0.0044
0.00438
0.00437
0.00435
0.00433
0.00431
0.0043
0.00428
0.00427
0.00426
0.00424
0.00424
0.00424
0.00424
0.00424
0.00423
0.00425
0.00425
0.00427
0.00428
0.0043
0.00431
0.00434
0.00436
0.00438
0.0044
0.00443
0.00445
0.00448
0.00451
0.00454
0.00455
0.00458
0.0046
0.00462
0.00463
0.00465
0.00465
0.00468
0.00468
0.00468
0.00468
0.00468
0.00468
0.00468
0.00467
0.00467
0.00465
0.00465
0.00464
0.00464
0.00462
0.00462
0.00461
0.00461
0.00461
0.00461
0.00461
0.00461
0.00462
0.00463
0.00465
0.00466
0.00467
0.0047
0.00472
0.00475
0.00477
0.0048
0.00483
0.00487
0.0049
0.00493
0.00496
0.005
0.00504
0.00507
0.00511
0.00515
0.00517
0.00521
0.00523
0.00527
0.00529
0.00532
0.00534
0.00537
0.00538
0.0054
0.00541
0.00542
0.00543
0.00544
0.00545
0.00546
0.00545
0.00545
0.00544
0.00545
0.00543
0.00542
0.0054
0.0054
0.00538
0.00536
0.00534
0.00532
0.0053
0.00528
0.00526
0.00524
0.00521
0.00519
0.00516
0.00514
0.0051
0.00508
0.00505
0.00503
0.005
0.00497
0.00494
0.00491
0.00488
0.00486
0.00483
0.00481
0.00477
0.00475
0.00472
0.00471
0.00468
0.00466
0.00463
0.00462
0.0046
0.00458
0.00457
0.00455
0.00455
0.00454
0.00453
0.00453
0.00452
0.00453
0.00452
0.00453
0.00453
0.00454
0.00454
0.00457
0.00457
0.00458
0.0046
0.00461
0.00463
0.00465
0.00466
0.00468
0.00469
0.00472
0.00473
0.00475
0.00476
0.00478
0.00478
0.00481
0.00481
0.00483
0.00483
0.00483
0.00484
0.00485
0.00486
0.00486
0.00485
0.00486
0.00486
0.00486
0.00485
0.00486
0.00485
0.00486
0.00485
0.00485
0.00484
0.00484
0.00484
0.00484
0.00485
0.00485
0.00484
0.00486
0.00486
0.00487
0.00486
0.00487
0.00487
0.00489
0.00489
0.0049
0.0049
0.00491
0.00492
0.00493
0.00494
0.00495
0.00495
0.00497
0.00497
0.00499
0.005
0.00502
0.00502
0.00505
0.00505
0.00507
0.00509
0.0051
0.00512
0.00514
0.00516
0.00518
0.00519
0.00521
0.00522
0.00524
0.00525
0.00526
0.00526
0.00527
0.00526
0.00525
0.00524
0.00522
0.0052
0.00518
0.00514
0.00511
0.00505
0.00501
0.00494
0.00488
0.00481
0.00474
0.00465
0.00457
0.00448
0.00439
0.00429
0.0042
0.00411
0.00401
0.00392
0.00383
0.00374
0.00366
0.00358
0.00351
0.00343
0.00337
0.00331
0.00327
0.00322
0.00318
0.00315
0.00312
0.0031
0.00308
0.00307
0.00307
0.00306
0.00306
0.00305
0.00306
0.00305
0.00305
0.00303
0.00303
0.00302
0.003
0.00297
0.00294
0.00291
0.00287
0.00282
0.00278
0.00271
0.00266
0.00259
0.00253
0.00245
0.00239
0.00231
0.00225
0.00217
0.0021
0.00203
0.00197
0.00191
0.00187
0.00183
0.00179
0.00176
0.00174
0.00173
0.00173
0.00173
0.00175
0.00177
0.00181
0.00184
0.00189
0.00194
0.00199
0.00206
0.00213
0.00219
0.00227
0.00233
0.00241
0.00247
0.00255
0.00261
0.00267
0.00272
0.00279
0.00284
0.00288
0.00292
0.00296
0.003
0.00303
0.00305
0.00308
0.00309
0.00311
0.00313
0.00315
0.00315
0.00317
0.00318
0.0032
0.00321
0.00323
0.00325
0.00327
0.00329
0.00333
0.00336
0.00339
0.00342
0.00347
0.0035
0.00355
0.00359
0.00364
0.00368
0.00375
0.00379
0.00384
0.00389
0.00394
0.00399
0.00404
0.00409
0.00414
0.00418
0.00423
0.00427
0.00432
0.00434
0.00439
0.00441
0.00445
0.00448
0.0045
0.00453
0.00455
0.00457
0.0046
0.00461
0.00463
0.00464
0.00466
0.00467
0.00469
0.00469
0.00471
0.00471
0.00473
0.00473
0.00474
0.00474
0.00475
0.00476
0.00477
0.00478
0.00479
0.00479
0.00481
0.00482
0.00484
0.00485
0.00487
0.00489
0.00492
0.00494
0.00497
0.005
0.00503
0.00507
0.0051
0.00515
0.00519
0.00523
0.00528
0.00532
0.00538
0.00542
0.00547
0.00551
0.00556
0.00561
0.00565
0.00568
0.00572
0.00575
0.00578
0.0058
0.00583
0.00583
0.00585
0.00584
0.00585
0.00584
0.00583
0.0058
0.00579
0.00576
0.00573
0.0057
0.00566
0.00563
0.00559
0.00556
0.00553
0.00548
0.00546
0.00542
0.0054
0.00537
0.00536
0.00533
0.00533
0.00532
0.00532
0.00533
0.00533
0.00535
0.00537
0.0054
0.00543
0.00545
0.00549
0.00553
0.00557
0.00561
0.00565
0.00569
0.00574
0.00577
0.00582
0.00585
0.00589
0.00592
0.00596
0.00599
0.00602
0.00603
0.00606
0.00607
0.0061
0.0061
0.00612
0.00612
0.00613
0.00614
0.00614
0.00614
0.00615
0.00615
0.00616
0.00616
0.00618
0.00617
0.00619
0.0062
0.00621
0.00622
0.00624
0.00626
0.00629
0.0063
0.00633
0.00635
0.00637
0.00641
0.00644
0.00647
0.00651
0.00653
0.00657
0.00659
0.00663
0.00665
0.00668
0.00671
0.00675
0.00677
0.00679
0.00681
0.00683
0.00685
0.00687
0.00689
0.00691
0.00691
0.00693
0.00694
0.00695
0.00695
0.00696
0.00696
0.00698
0.00698
0.00698
0.00698
0.00697
0.00698
0.00698
0.00697
0.00697
0.00696
0.00696
0.00695
0.00695
0.00694
0.00694
0.00692
0.00692
0.00691
0.0069
0.00689
0.00688
0.00687
0.00686
0.00686
0.00685
0.00683
0.00683
0.00682
0.00681
0.0068
0.00679
0.00677
0.00677
0.00675
0.00674
0.00673
0.00671
0.0067
0.00668
0.00667
0.00666
0.00663
0.00661
0.00659
0.00657
0.00654
0.00651
0.00647
0.00645
0.00641
0.00637
0.00634
0.00629
0.00626
0.00622
0.00618
0.00614
0.00609
0.00605
0.00601
0.00598
0.00593
0.0059
0.00585
0.00584
0.0058
0.00578
0.00575
0.00573
0.00572
0.00572
0.00572
0.00572
0.00572
0.00574
0.00575
0.00577
0.00579
0.00582
0.00584
0.00588
0.00591
0.00594
0.00598
0.00601
0.00605
0.00608
0.00611
0.00615
0.00616
0.00619
0.0062
0.00622
0.00622
0.00623
0.00621
0.00621
0.0062
0.00617
0.00615
0.00611
0.00608
0.00605
0.006
0.00597
0.00591
0.00587
0.00582
0.00577
0.00572
0.00568
0.00564
0.00561
0.00557
0.00554
0.00552
0.0055
0.0055
0.0055
0.0055
0.00552
0.00553
0.00556
0.00559
0.00563
0.00567
0.00572
0.00577
0.00584
0.00589
0.00595
0.00601
0.00607
0.00613
0.0062
0.00625
0.00631
0.00635
0.0064
0.00644
0.00648
0.0065
0.00652
0.00653
0.00655
0.00654
0.00654
0.00652
0.00651
0.00649
0.00646
0.00642
0.00639
0.00634
0.00631
0.00626
0.00621
0.00616
0.00611
0.00606
0.00602
0.00597
0.00593
0.00588
0.00584
0.00581
0.00578
0.00575
0.00572
0.00569
0.00567
0.00565
0.00564
0.00562
0.00562
0.0056
0.00561
0.00559
0.00559
0.00558
0.00558
0.00557
0.00557
0.00557
0.00557
0.00555
0.00555
0.00554
0.00553
0.00552
0.00551
0.00549
0.00549
0.00547
0.00545
0.00543
0.00541
0.0054
0.00539
0.00537
0.00536
0.00534
0.00533
0.00531
0.00531
0.00528
0.00528
0.00526
0.00526
0.00525
0.00524
0.00523
0.00522
0.00522
0.00522
0.00522
0.00522
0.00521
0.00522
0.00521
0.00522
0.00521
0.00522
0.00521
0.00522
0.00522
0.00522
0.00521
0.00521
0.00522
0.00522
0.00522
0.00522
0.00521
0.00522
0.00521
0.00522
0.00521
0.00521
0.0052
0.00521
0.0052
0.00519
0.00518
0.00517
0.00517
0.00516
0.00515
0.00514
0.00512
0.00512
0.0051
0.0051
0.00508
0.00507
0.00505
0.00505
0.00503
0.00502
0.00501
0.00501
0.005
0.005
0.00501
0.00501
0.00501
0.00502
0.00503
0.00505
0.00507
0.00509
0.00511
0.00515
0.00517
0.0052
0.00524
0.00527
0.00531
0.00535
0.00538
0.00543
0.00545
0.00549
0.00552
0.00556
0.00557
0.0056
0.00561
0.00563
0.00563
0.00563
0.00563
0.00562
0.00561
0.00559
0.00556
0.00554
0.00549
0.00546
0.00541
0.00538
0.00532
0.00527
0.00522
0.00517
0.00511
0.00505
0.005
0.00494
0.00489
0.00484
0.00479
0.00475
0.0047
0.00466
0.00462
0.00459
0.00455
0.00453
0.00449
0.00447
0.00445
0.00442
0.0044
0.00437
0.00436
0.00434
0.00432
0.0043
0.00427
0.00426
0.00423
0.00421
0.00418
0.00416
0.00412
0.0041
0.00407
0.00404
0.004
0.00397
0.00394
0.00391
0.00389
0.00386
0.00383
0.00382
0.00379
0.00378
0.00376
0.00375
0.00373
0.00374
0.00373
0.00374
0.00375
0.00375
0.00377
0.00379
0.00382
0.00385
0.00386
0.0039
0.00393
0.00396
0.00399
0.00403
0.00406
0.00411
0.00414
0.00417
0.00421
0.00424
0.00427
0.00431
0.00435
0.00438
0.0044
0.00444
0.00447
0.00451
0.00453
0.00457
0.00459
0.00463
0.00466
0.00469
0.00472
0.00475
0.00479
0.00483
0.00486
0.0049
0.00493
0.00497
0.00501
0.00505
0.00508
0.00512
0.00515
0.0052
0.00522
0.00525
0.00528
0.0053
0.00533
0.00535
0.00536
0.00538
0.00537
0.00538
0.00538
0.00538
0.00536
0.00535
0.00532
0.00531
0.00528
0.00525
0.00522
0.00518
0.00515
0.00511
0.00507
0.00504
0.00499
0.00496
0.00491
0.00488
0.00483
0.00479
0.00475
0.00473
0.00468
0.00465
0.00462
0.00459
0.00456
0.00454
0.00451
0.0045
0.00446
0.00445
0.00442
0.00441
0.00439
0.00437
0.00435
0.00434
0.00431
0.00429
0.00427
0.00425
0.00423
0.00421
0.00419
0.00417
0.00414
0.00413
0.0041
0.00408
0.00405
0.00403
0.004
0.00399
0.00396
0.00394
0.00391
0.00389
0.00387
0.00385
0.00384
0.00383
0.0038
0.00379
0.00378
0.00377
0.00375
0.00375
0.00374
0.00374
0.00373
0.00373
0.00373
0.00372
0.00373
0.00373
0.00373
0.00375
0.00374
0.00376
0.00376
0.00378
0.00378
0.0038
0.00381
0.00383
0.00385
0.00386
0.00388
0.0039
0.00393
0.00396
0.00398
0.00402
0.00404
0.00408
0.00411
0.00415
0.00417
0.00422
0.00425
0.0043
0.00433
0.00437
0.00441
0.00444
0.00448
0.00453
0.00457
0.00461
0.00463
0.00467
0.0047
0.00474
0.00476
0.00479
0.00481
0.00484
0.00485
0.00487
0.00488
0.00489
0.0049
0.00491
0.00491
0.00492
0.00491
0.00492
0.00491
0.00492
0.00491
0.00491
0.00489
0.0049
0.00489
0.00488
0.00488
0.00487
0.00487
0.00487
0.00487
0.00487
0.00486
0.00487
0.00487
0.00489
0.00488
0.0049
0.0049
0.00492
0.00492
0.00494
0.00494
0.00495
0.00497
0.00498
0.005
0.00501
0.00501
0.00503
0.00504
0.00505
0.00505
0.00507
0.00506
0.00508
0.00507
0.00507
0.00507
0.00507
0.00507
0.00506
0.00506
0.00505
0.00504
0.00503
0.00502
0.00502
0.005
0.00499
0.00497
0.00497
0.00495
0.00494
0.00493
0.00492
0.00491
0.00491
0.00491
0.00491
0.00489
0.0049
0.00489
0.00491
0.0049
0.00491
0.00491
0.00493
0.00493
0.00494
0.00495
0.00496
0.00497
0.00498
0.00499
0.00501
0.005
0.00502
0.00502
0.00503
0.00502
0.00502
0.00501
0.00502
0.005
0.00499
0.00496
0.00494
0.00492
0.00489
0.00486
0.00483
0.00478
0.00474
0.00469
0.00465
0.00458
0.00453
0.00446
0.00441
0.00434
0.00427
0.00421
0.00413
0.00407
0.004
0.00393
0.00387
0.00379
0.00373
0.00366
0.00361
0.00354
0.00349
0.00342
0.00338
0.00333
0.00328
0.00324
0.0032
0.00316
0.00314
0.00311
0.00309
0.00307
0.00306
0.00304
0.00305
0.00303
0.00304
0.00304
0.00306
0.00307
0.00308
0.0031
0.00312
0.00315
0.00318
0.0032
0.00324
0.00326
0.00331
0.00334
0.00338
0.00341
0.00346
0.00349
0.00354
0.00357
0.00361
0.00364
0.00368
0.00372
0.00375
0.00378
0.00382
0.00384
0.00388
0.0039
0.00393
0.00395
0.00398
0.00399
0.00402
0.00403
0.00405
0.00406
0.00408
0.0041
0.00411
0.00413
0.00415
0.00416
0.00418
0.00419
0.00421
0.00422
0.00425
0.00426
0.00429
0.0043
0.00432
0.00435
0.00437
0.00439
0.00442
0.00444
0.00447
0.00448
0.00452
0.00453
0.00457
0.00458
0.0046
0.00461
0.00464
0.00465
0.00466
0.00467
0.00468
0.00469
0.0047
0.0047
0.00471
0.0047
0.0047
0.00469
0.0047
0.00468
0.00468
0.00466
0.00466
0.00464
0.00463
0.00461
0.0046
0.00458
0.00457
0.00456
0.00455
0.00452
0.00451
0.00449
0.00448
0.00445
0.00444
0.00442
0.0044
0.00438
0.00436
0.00434
0.00431
0.00429
0.00427
0.00424
0.00422
0.00418
0.00416
0.00413
0.00411
0.00407
0.00405
0.00401
0.00399
0.00396
0.00394
0.00391
0.00388
0.00386
0.00384
0.00382
0.00381
0.00378
0.00378
0.00376
0.00376
0.00374
0.00374
0.00373
0.00374
0.00373
0.00374
0.00374
0.00375
0.00376
0.00377
0.00378
0.0038
0.00381
0.00383
0.00385
0.00388
0.00389
0.00392
0.00394
0.00398
0.004
0.00403
0.00406
0.00409
0.00413
0.00417
0.00422
0.00427
0.0043
0.00436
0.0044
0.00446
0.00451
0.00457
0.00462
0.0047
0.00475
0.00482
0.00488
0.00495
0.00502
0.00509
0.00516
0.00524
0.0053
0.00538
0.00545
0.00552
0.00558
0.00566
0.00572
0.0058
0.00586
0.00592
0.00598
0.00604
0.00611
0.00616
0.00622
0.00628
0.00633
0.00639
0.00643
0.00649
0.00653
0.00658
0.00661
0.00666
0.0067
0.00673
0.00677
0.0068
0.00684
0.00687
0.0069
0.00693
0.00695
0.00698
0.007
0.00703
0.00704
0.00706
0.00706
0.00709
0.00709
0.0071
0.00711
0.00711
0.00712
0.00713
0.00713
0.00714
0.00713
0.00713
0.00713
0.00713
0.00712
0.00712
0.00711
0.00711
0.00709
0.00709
0.00707
0.00706
0.00704
0.00703
0.00701
0.007
0.00696
0.00695
0.00691
0.00689
0.00685
0.00682
0.00677
0.00674
0.00669
0.00664
0.00659
0.00653
0.00648
0.00642
0.00636
0.00631
0.00623
0.00618
0.00611
0.00605
0.00598
0.00592
0.00585
0.0058
0.00574
0.00568
0.00563
0.00558
0.00553
0.00549
0.00545
0.00542
0.00537
0.00535
0.00532
0.0053
0.00528
0.00527
0.00524
0.00524
0.00522
0.00522
0.00521
0.0052
0.00519
0.00519
0.00518
0.00518
0.00517
0.00517
0.00516
0.00515
0.00514
0.00513
0.00511
0.00511
0.00509
0.00507
0.00505
0.00503
0.00501
0.00499
0.00497
0.00495
0.00492
0.0049
0.00487
0.00486
0.00483
0.00481
0.00478
0.00476
0.00473
0.00471
0.00469
0.00466
0.00465
0.00463
0.00461
0.0046
0.00457
0.00457
0.00455
0.00454
0.00452
0.00452
0.0045
0.00451
0.0045
0.0045
0.00449
0.00449
0.0045
0.00451
0.00452
0.00454
0.00455
0.00457
0.00459
0.00463
0.00465
0.00468
0.00471
0.00476
0.0048
0.00484
0.00488
0.00493
0.00498
0.00503
0.00509
0.00514
0.00518
0.00524
0.00529
0.00535
0.00539
0.00544
0.00548
0.00553
0.00556
0.0056
0.00563
0.00566
0.00569
0.00572
0.00574
0.00576
0.00577
0.00579
0.00579
0.0058
0.0058
0.00581
0.0058
0.00581
0.0058
0.0058
0.00579
0.00578
0.00578
0.00577
0.00577
0.00577
0.00575
0.00576
0.00575
0.00575
0.00574
0.00574
0.00574
0.00575
0.00574
0.00574
0.00574
0.00574
0.00574
0.00574
0.00574
0.00574
0.00573
0.00573
0.00572
0.00572
0.0057
0.00569
0.00567
0.00567
0.00564
0.00562
0.0056
0.00557
0.00555
0.00553
0.0055
0.00547
0.00543
0.00541
0.00537
0.00534
0.0053
0.00527
0.00523
0.0052
0.00517
0.00513
0.0051
0.00506
0.00503
0.005
0.00497
0.00494
0.0049
0.00487
0.00484
0.00482
0.00478
0.00475
0.00471
0.00469
0.00465
0.00461
0.00458
0.00453
0.0045
0.00446
0.00442
0.00439
0.00433
0.00429
0.00424
0.0042
0.00414
0.00409
0.00404
0.004
0.00394
0.00389
0.00384
0.00378
0.00374
0.0037
0.00365
0.00361
0.00356
0.00353
0.00349
0.00346
0.00342
0.00339
0.00336
0.00334
0.00332
0.0033
0.00328
0.00327
0.00326
0.00325
0.00324
0.00324
0.00323
0.00323
0.00323
0.00323
0.00323
0.00323
0.00322
0.00323
0.00323
0.00323
0.00322
0.00322
0.00322
0.00322
0.00322
0.00322
0.00321
0.00321
0.00321
0.00321
0.0032
0.0032
0.0032
0.00321
0.0032
0.0032
0.0032
0.0032
0.00321
0.00322
0.00323
0.00324
0.00324
0.00327
0.00328
0.0033
0.00331
0.00334
0.00335
0.00338
0.0034
0.00343
0.00346
0.00348
0.00352
0.00355
0.00359
0.00363
0.00365
0.0037
0.00373
0.00378
0.00382
0.00387
0.0039
0.00396
0.004
0.00405
0.00409
0.00414
0.00419
0.00425
0.0043
0.00435
0.00439
0.00444
0.00448
0.00454
0.00458
0.00463
0.00466
0.00471
0.00474
0.00477
0.0048
0.00483
0.00485
0.00488
0.0049
0.00492
0.00492
0.00494
0.00494
0.00495
0.00494
0.00494
0.00493
0.00493
0.00491
0.0049
0.00488
0.00486
0.00484
0.00482
0.0048
0.00478
0.00474
0.00472
0.00468
0.00466
0.00462
0.00459
0.00455
0.00452
0.00448
0.00444
0.0044
0.00435
0.00431
0.00427
0.00422
0.00418
0.00413
0.00408
0.00403
0.00398
0.00393
0.00388
0.00382
0.00378
0.00372
0.00367
0.00361
0.00355
0.00351
0.00346
0.00341
0.00336
0.0033
0.00326
0.00321
0.00318
0.00313
0.0031
0.00305
0.00302
0.00298
0.00295
0.00292
0.00289
0.00286
0.00284
0.00281
0.00279
0.00276
0.00274
0.00271
0.0027
0.00267
0.00266
0.00263
0.00262
0.0026
0.00258
0.00256
0.00254
0.00253
0.00251
0.0025
0.00249
0.00247
0.00247
0.00245
0.00246
0.00245
0.00245
0.00245
0.00246
0.00246
0.00248
0.00249
0.00251
0.00254
0.00257
0.0026
0.00264
0.00267
0.00272
0.00276
0.00282
0.00286
0.00292
0.00297
0.00304
0.0031
0.00316
0.00323
0.00329
0.00337
0.00344
0.00351
0.00359
0.00365
0.00372
0.00379
0.00386
0.00392
0.00399
0.00405
0.00413
0.00418
0.00424
0.00429
0.00434
0.0044
0.00445
0.0045
0.00455
0.00458
0.00463
0.00466
0.00471
0.00473
0.00477
0.00479
0.00483
0.00484
0.00487
0.00489
0.0049
0.00492
0.00494
0.00496
0.00498
0.00498
0.00501
0.00501
0.00503
0.00504
0.00505
0.00505
0.00507
0.00508
0.00509
0.0051
0.00511
0.00512
0.00514
0.00515
0.00516
0.00516
0.00518
0.00519
0.00521
0.00521
0.00523
0.00523
0.00525
0.00526
0.00527
0.00527
0.00528
0.00528
0.00529
0.0053
0.0053
0.0053
0.0053
0.0053
0.0053
0.00529
0.00529
0.00528
0.00528
0.00527
0.00526
0.00525
0.00524
0.00523
0.00522
0.00521
0.0052
0.00518
0.00518
0.00516
0.00515
0.00514
0.00513
0.00512
0.00512
0.0051
0.0051
0.00509
0.00508
0.00507
0.00507
0.00507
0.00507
0.00505
0.00506
0.00505
0.00505
0.00504
0.00505
0.00503
0.00504
0.00503
0.00502
0.00501
0.00499
0.00499
0.00497
0.00496
0.00495
0.00492
0.00491
0.00488
0.00486
0.00483
0.00481
0.00477
0.00475
0.00471
0.00468
0.00464
0.0046
0.00457
0.00453
0.00449
0.00446
0.00441
0.00438
0.00434
0.0043
0.00426
0.00422
0.00418
0.00416
0.00411
0.00408
0.00404
0.00401
0.00398
0.00395
0.00392
0.00389
0.00385
0.00383
0.0038
0.00378
0.00375
0.00373
0.0037
0.00369
0.00366
0.00364
0.00362
0.0036
0.00359
0.00357
0.00356
0.00355
0.00354
0.00354
0.00352
0.00353
0.00352
0.00352
0.00352
0.00354
0.00354
0.00355
0.00357
0.00358
0.0036
0.00363
0.00365
0.00369
0.0037
0.00374
0.00377
0.00381
0.00383
0.00387
0.0039
0.00394
0.00397
0.004
0.00403
0.00405
0.00408
0.0041
0.00412
0.00414
0.00415
0.00417
0.00417
0.00419
0.00418
0.00419
0.00418
0.00419
0.00418
0.00417
0.00416
0.00415
0.00414
0.00414
0.00413
0.00413
0.00411
0.00411
0.0041
0.00411
0.0041
0.00411
0.00411
0.00413
0.00413
0.00414
0.00416
0.00417
0.0042
0.00422
0.00424
0.00427
0.00429
0.00432
0.00435
0.00439
0.0044
0.00443
0.00445
0.00449
0.00451
0.00454
0.00456
0.00458
0.0046
0.00462
0.00464
0.00466
0.00467
0.0047
0.00471
0.00473
0.00474
0.00476
0.00476
0.00479
0.0048
0.00482
0.00483
0.00485
0.00487
0.00489
0.00492
0.00494
0.00496
0.00499
0.00501
0.00504
0.00505
0.00508
0.0051
0.00513
0.00514
0.00515
0.00517
0.00518
0.00519
0.0052
0.0052
0.0052
0.00519
0.00519
0.00517
0.00517
0.00514
0.00513
0.0051
0.00508
0.00505
0.00502
0.00499
0.00495
0.00492
0.00489
0.00486
0.00483
0.00478
0.00476
0.00472
0.0047
0.00467
0.00465
0.00462
0.00461
0.00458
0.00457
0.00455
0.00454
0.00453
0.00453
0.00452
0.00452
0.00451
0.00452
0.00451
0.00452
0.00451
0.00452
0.00451
0.00452
0.00451
0.00451
0.0045
0.0045
0.0045
0.00449
0.00448
0.00448
0.00446
0.00445
0.00443
0.00442
0.0044
0.00439
0.00435
0.00434
0.00431
0.00428
0.00425
0.00422
0.00418
0.00415
0.00411
0.00408
0.00402
0.00398
0.00393
0.00389
0.00383
0.00378
0.00371
0.00366
0.00359
0.00353
0.00346
0.00339
0.00333
0.00326
0.00319
0.00313
0.00304
0.00298
0.00291
0.00285
0.00277
0.00271
0.00264
0.00259
0.00253
0.00248
0.00243
0.00238
0.00235
0.00231
0.00228
0.00226
0.00223
0.00222
0.0022
0.0022
0.00219
0.0022
0.0022
0.00222
0.00222
0.00223
0.00225
0.00227
0.00229
0.00232
0.00235
0.00238
0.0024
0.00243
0.00245
0.00249
0.00251
0.00254
0.00256
0.0026
0.00262
0.00265
0.00267
0.00269
0.00272
0.00275
0.00278
0.00281
0.00283
0.00287
0.0029
0.00294
0.00297
0.00301
0.00304
0.00309
0.00313
0.00318
0.00322
0.00327
0.00333
0.00338
0.00344
0.00351
0.00355
0.00363
0.00369
0.00376
0.00382
0.0039
0.00396
0.00404
0.0041
0.00417
0.00424
0.00431
0.00438
0.00445
0.00452
0.00459
0.00465
0.00471
0.00478
0.00484
0.00489
0.00496
0.00501
0.00507
0.00512
0.00517
0.00522
0.00526
0.00531
0.00535
0.0054
0.00544
0.00546
0.0055
0.00553
0.00556
0.00558
0.00561
0.00562
0.00564
0.00565
0.00566
0.00566
0.00566
0.00566
0.00566
0.00565
0.00564
0.00562
0.00561
0.00559
0.00557
0.00554
0.00552
0.00549
0.00547
0.00544
0.00541
0.00538
0.00534
0.00532
0.00529
0.00527
0.00524
0.00521
0.00519
0.00517
0.00515
0.00513
0.00512
0.00509
0.00509
0.00507
0.00506
0.00505
0.00504
0.00504
0.00503
0.00502
0.00502
0.005
0.005
0.00498
0.00498
0.00496
0.00495
0.00492
0.00491
0.00489
0.00487
0.00484
0.00481
0.00478
0.00475
0.00472
0.0047
0.00465
0.00462
0.00458
0.00455
0.00451
0.00448
0.00443
0.00442
0.00438
0.00435
0.00432
0.00429
0.00427
0.00425
0.00423
0.00422
0.00419
0.00419
0.00417
0.00417
