2.87935076025002E+02

0.00362
0.00363
0.00365
0.00366
0.00369
0.00371
0.00373
0.00375
0.00377
0.00379
0.00381
0.00383
0.00385
0.00386
0.00388
0.00388
0.0039
0.0039
0.0039
0.00389
0.0039
0.00389
0.00388
0.00386
0.00385
0.00383
0.00382
0.00379
0.00378
0.00374
0.00372
0.00369
0.00367
0.00364
0.00361
0.00357
0.00356
0.00352
0.0035
0.00347
0.00344
0.00342
0.0034
0.00338
0.00337
0.00334
0.00333
0.00331
0.0033
0.00328
0.00328
0.00326
0.00327
0.00326
0.00326
0.00326
0.00326
0.00326
0.00327
0.00328
0.00329
0.00329
0.00332
0.00333
0.00336
0.00337
0.00339
0.00341
0.00344
0.00347
0.00349
0.00352
0.00355
0.00358
0.00362
0.00365
0.00369
0.00371
0.00375
0.00378
0.00383
0.00385
0.00389
0.00391
0.00395
0.00398
0.00401
0.00403
0.00405
0.00408
0.0041
0.00413
0.00415
0.00416
0.00418
0.00419
0.00421
0.00421
0.00422
0.00422
0.00424
0.00424
0.00424
0.00424
0.00424
0.00424
0.00424
0.00423
0.00424
0.00422
0.00422
0.00421
0.00421
0.00419
0.00419
0.00417
0.00417
0.00416
0.00414
0.00413
0.00412
0.00411
0.0041
0.00408
0.00408
0.00406
0.00405
0.00403
0.00403
0.00401
0.00401
0.00399
0.00399
0.00398
0.00397
0.00396
0.00395
0.00395
0.00395
0.00394
0.00394
0.00393
0.00393
0.00392
0.00393
0.00391
0.00392
0.00391
0.00391
0.0039
0.0039
0.00388
0.00387
0.00386
0.00386
0.00385
0.00384
0.00382
0.00381
0.00379
0.00378
0.00375
0.00374
0.00372
0.00371
0.00368
0.00367
0.00365
0.00363
0.00362
0.0036
0.00359
0.00359
0.00357
0.00357
0.00356
0.00356
0.00355
0.00356
0.00355
0.00357
0.00357
0.00358
0.00359
0.00359
0.00361
0.00362
0.00364
0.00365
0.00366
0.00368
0.00369
0.00371
0.00372
0.00373
0.00374
0.00376
0.00377
0.00378
0.00378
0.00378
0.00379
0.0038
0.0038
0.00382
0.0038
0.00382
0.00381
0.00382
0.00381
0.00382
0.00381
0.00382
0.00382
0.00382
0.00382
0.00382
0.00382
0.00383
0.00383
0.00385
0.00384
0.00385
0.00386
0.00387
0.00387
0.00389
0.00389
0.00391
0.00391
0.00392
0.00393
0.00393
0.00395
0.00396
0.00397
0.00398
0.00398
0.004
0.004
0.00402
0.00402
0.00403
0.00403
0.00404
0.00405
0.00405
0.00406
0.00406
0.00407
0.00408
0.00408
0.00409
0.00409
0.0041
0.00409
0.00411
0.0041
0.00411
0.0041
0.00411
0.00411
0.00411
0.00411
0.0041
0.0041
0.0041
0.0041
0.0041
0.00408
0.00409
0.00408
0.00408
0.00406
0.00406
0.00405
0.00405
0.00404
0.00404
0.00403
0.00403
0.00403
0.00403
0.00403
0.00404
0.00404
0.00405
0.00406
0.00408
0.00408
0.0041
0.00411
0.00414
0.00415
0.00417
0.00419
0.00421
0.00424
0.00426
0.00429
0.00432
0.00433
0.00436
0.00438
0.0044
0.00442
0.00444
0.00445
0.00447
0.00448
0.00449
0.0045
0.0045
0.0045
0.00451
0.00451
0.00452
0.0045
0.00451
0.0045
0.0045
0.00448
0.00448
0.00447
0.00447
0.00446
0.00445
0.00444
0.00443
0.00443
0.00443
0.00443
0.00443
0.00442
0.00442
0.00442
0.00442
0.00441
0.00442
0.00441
0.00442
0.00441
0.00441
0.00441
0.0044
0.0044
0.0044
0.00439
0.00439
0.00437
0.00437
0.00436
0.00435
0.00433
0.00432
0.0043
0.00429
0.00427
0.00425
0.00423
0.00421
0.00419
0.00417
0.00416
0.00414
0.00411
0.0041
0.00408
0.00407
0.00405
0.00404
0.00402
0.00402
0.004
0.00399
0.00398
0.00397
0.00397
0.00397
0.00396
0.00396
0.00395
0.00396
0.00395
0.00396
0.00395
0.00396
0.00395
0.00396
0.00396
0.00396
0.00396
0.00396
0.00396
0.00397
0.00397
0.00398
0.00397
0.00398
0.00398
0.00399
0.00399
0.00399
0.00399
0.00401
0.00401
0.00401
0.00402
0.00403
0.00403
0.00404
0.00406
0.00407
0.00407
0.00409
0.00409
0.00411
0.00412
0.00414
0.00414
0.00416
0.00417
0.00418
0.00419
0.0042
0.00422
0.00423
0.00424
0.00426
0.00426
0.00428
0.00428
0.0043
0.0043
0.00431
0.00431
0.00433
0.00433
0.00434
0.00434
0.00435
0.00436
0.00437
0.00438
0.0044
0.0044
0.00442
0.00443
0.00445
0.00446
0.00448
0.0045
0.00453
0.00455
0.00457
0.0046
0.00463
0.00466
0.0047
0.00474
0.00478
0.00481
0.00486
0.00489
0.00494
0.00498
0.00502
0.00506
0.00511
0.00514
0.00518
0.00522
0.00525
0.00528
0.00531
0.00534
0.00536
0.00537
0.0054
0.0054
0.00541
0.00541
0.00541
0.0054
0.0054
0.00538
0.00536
0.00533
0.00531
0.00528
0.00526
0.00523
0.0052
0.00515
0.00513
0.00509
0.00506
0.00502
0.00499
0.00495
0.00492
0.00489
0.00486
0.00483
0.0048
0.00478
0.00476
0.00474
0.00473
0.00471
0.0047
0.00468
0.00467
0.00465
0.00465
0.00463
0.00463
0.00461
0.0046
0.00458
0.00457
0.00455
0.00454
0.00452
0.00451
0.00448
0.00446
0.00443
0.00442
0.00439
0.00436
0.00433
0.00431
0.00428
0.00425
0.00422
0.00419
0.00416
0.00414
0.00411
0.00409
0.00406
0.00405
0.00402
0.00401
0.00399
0.00398
0.00396
0.00396
0.00394
0.00393
0.00393
0.00392
0.00392
0.00392
0.00393
0.00393
0.00393
0.00394
0.00394
0.00396
0.00396
0.00398
0.00398
0.004
0.00401
0.00402
0.00404
0.00405
0.00407
0.00409
0.0041
0.00413
0.00413
0.00416
0.00417
0.0042
0.00421
0.00424
0.00424
0.00427
0.00429
0.0043
0.00431
0.00432
0.00434
0.00435
0.00437
0.00438
0.00438
0.00439
0.00439
0.0044
0.0044
0.0044
0.00439
0.0044
0.00439
0.00438
0.00437
0.00435
0.00435
0.00434
0.00432
0.00432
0.00429
0.00429
0.00426
0.00426
0.00424
0.00423
0.00421
0.00421
0.00419
0.00418
0.00417
0.00416
0.00415
0.00415
0.00414
0.00415
0.00414
0.00415
0.00414
0.00416
0.00416
0.00417
0.00417
0.00419
0.0042
0.00421
0.00422
0.00423
0.00425
0.00427
0.00429
0.00431
0.00432
0.00434
0.00435
0.00438
0.00439
0.00442
0.00442
0.00445
0.00446
0.00447
0.00448
0.0045
0.00451
0.00452
0.00453
0.00455
0.00454
0.00455
0.00455
0.00456
0.00455
0.00456
0.00455
0.00455
0.00455
0.00454
0.00453
0.00452
0.00451
0.0045
0.00449
0.00448
0.00446
0.00445
0.00443
0.00442
0.0044
0.00439
0.00437
0.00436
0.00434
0.00432
0.0043
0.00429
0.00427
0.00426
0.00424
0.00423
0.00421
0.0042
0.00418
0.00418
0.00416
0.00415
0.00413
0.00413
0.00412
0.00411
0.0041
0.00409
0.00409
0.00409
0.00409
0.00409
0.00409
0.0041
0.00409
0.00411
0.00411
0.00412
0.00413
0.00414
0.00415
0.00417
0.00418
0.00419
0.00421
0.00424
0.00426
0.00428
0.00429
0.00432
0.00434
0.00437
0.00438
0.0044
0.00442
0.00445
0.00447
0.00449
0.00451
0.00453
0.00455
0.00458
0.0046
0.00462
0.00463
0.00466
0.00468
0.0047
0.00471
0.00474
0.00475
0.00478
0.0048
0.00482
0.00484
0.00486
0.00488
0.00491
0.00493
0.00496
0.00497
0.00499
0.00501
0.00504
0.00505
0.00507
0.00508
0.0051
0.00512
0.00513
0.00514
0.00514
0.00515
0.00515
0.00516
0.00516
0.00515
0.00515
0.00514
0.00514
0.00512
0.0051
0.00508
0.00507
0.00504
0.00502
0.00499
0.00496
0.00494
0.00491
0.00487
0.00485
0.00481
0.00478
0.00474
0.00471
0.00467
0.00465
0.0046
0.00458
0.00455
0.00452
0.00448
0.00445
0.00443
0.00441
0.00439
0.00437
0.00435
0.00434
0.00433
0.00433
0.00432
0.00432
0.00431
0.00433
0.00434
0.00435
0.00436
0.00438
0.00441
0.00444
0.00447
0.00452
0.00455
0.0046
0.00464
0.0047
0.00475
0.00482
0.00487
0.00495
0.00502
0.00509
0.00517
0.00525
0.00533
0.00542
0.00551
0.00561
0.0057
0.0058
0.0059
0.00601
0.00611
0.00623
0.00633
0.00646
0.00657
0.00669
0.00682
0.00694
0.00708
0.00721
0.00735
0.0075
0.00763
0.00779
0.00794
0.0081
0.00825
0.00842
0.00858
0.00876
0.00893
0.00911
0.00929
0.00947
0.00967
0.00986
0.01005
0.01026
0.01044
0.01065
0.01085
0.01106
0.01126
0.01147
0.01167
0.01189
0.01209
0.01229
0.0125
0.0127
0.0129
0.01311
0.01331
0.01351
0.0137
0.0139
0.01409
0.01428
0.01446
0.01465
0.01482
0.01501
0.01518
0.01536
0.01552
0.01569
0.01586
0.01602
0.01618
0.01634
0.01649
0.01665
0.0168
0.01696
0.0171
0.01725
0.01739
0.01754
0.01768
0.01782
0.01797
0.0181
0.01825
0.01839
0.01853
0.01867
0.01881
0.01895
0.01909
0.01923
0.01936
0.0195
0.01963
0.01978
0.01991
0.02004
0.02017
0.0203
0.02043
0.02056
0.02068
0.02081
0.02092
0.02104
0.02115
0.02127
0.02138
0.02149
0.02158
0.02169
0.02178
0.02188
0.02197
0.02206
0.02215
0.02224
0.02232
0.02241
0.02248
0.02257
0.02264
0.02272
0.02279
0.02287
0.02294
0.02303
0.0231
0.02318
0.02326
0.02334
0.02343
0.02351
0.02359
0.02369
0.02376
0.02386
0.02394
0.02404
0.02413
0.02422
0.02431
0.02441
0.0245
0.02459
0.02468
0.02478
0.02487
0.02497
0.02506
0.02516
0.02524
0.02533
0.02541
0.0255
0.02558
0.02567
0.02574
0.02583
0.0259
0.02597
0.02604
0.02611
0.02618
0.02624
0.0263
0.02636
0.02641
0.02647
0.02651
0.02656
0.02659
0.02664
0.02666
0.0267
0.02671
0.02673
0.02674
0.02675
0.02675
0.02675
0.02673
0.02672
0.02669
0.02667
0.02663
0.02659
0.02654
0.02649
0.02643
0.02638
0.0263
0.02623
0.02615
0.02607
0.02599
0.02591
0.02581
0.02573
0.02563
0.02554
0.02544
0.02535
0.02524
0.02515
0.02505
0.02496
0.02486
0.02476
0.02466
0.02456
0.02447
0.02438
0.02428
0.02418
0.02408
0.02399
0.02389
0.02379
0.02369
0.02359
0.02348
0.02339
0.02328
0.02317
0.02305
0.02294
0.02283
0.02271
0.0226
0.02248
0.02234
0.02222
0.02209
0.02197
0.02184
0.02171
0.02157
0.02146
0.02132
0.02119
0.02106
0.02092
0.0208
0.02067
0.02055
0.02043
0.0203
0.02019
0.02007
0.01996
0.01985
0.01974
0.01964
0.01955
0.01944
0.01935
0.01926
0.01917
0.01908
0.019
0.01893
0.01885
0.01877
0.01871
0.01864
0.01858
0.01851
0.01846
0.01839
0.01835
0.01829
0.01824
0.01819
0.01814
0.01809
0.01805
0.018
0.01797
0.01792
0.01788
0.01783
0.0178
0.01775
0.01771
0.01766
0.01762
0.01758
0.01753
0.01748
0.01743
0.01738
0.01733
0.01728
0.01723
0.01716
0.01711
0.01704
0.01698
0.01691
0.01685
0.01677
0.01671
0.01663
0.01655
0.01648
0.0164
0.01632
0.01624
0.01616
0.01608
0.01599
0.01591
0.01583
0.01575
0.01567
0.01559
0.0155
0.01543
0.01534
0.01527
0.01519
0.01511
0.01503
0.01496
0.01489
0.01482
0.01473
0.01467
0.01459
0.01453
0.01445
0.01439
0.01431
0.01425
0.01418
0.01411
0.01404
0.01397
0.0139
0.01384
0.01377
0.01371
0.01363
0.01357
0.0135
0.01343
0.01336
0.01329
0.01322
0.01316
0.01309
0.01302
0.01295
0.01288
0.01281
0.01274
0.01267
0.01261
0.01254
0.01247
0.01241
0.01234
0.01227
0.01221
0.01214
0.01209
0.01202
0.01195
0.01189
0.01183
0.01177
0.01171
0.01165
0.01159
0.01152
0.01146
0.0114
0.01134
0.01127
0.01121
0.01114
0.01109
0.01102
0.01095
0.01088
0.01081
0.01074
0.01067
0.0106
0.01053
0.01045
0.01038
0.0103
0.01023
0.01015
0.01008
0.00999
0.00992
0.00984
0.00977
0.00969
0.00961
0.00954
0.00947
0.0094
0.00934
0.00926
0.00921
0.00915
0.0091
0.00903
0.00898
0.00893
0.00889
0.00885
0.00881
0.00877
0.00873
0.00871
0.00868
0.00865
0.00863
0.0086
0.00859
0.00856
0.00855
0.00853
0.00852
0.00849
0.00848
0.00846
0.00845
0.00843
0.0084
0.00839
0.00837
0.00835
0.00833
0.00829
0.00827
0.00824
0.00822
0.00817
0.00815
0.0081
0.00807
0.00803
0.00799
0.00795
0.0079
0.00786
0.00782
0.00778
0.00773
0.00768
0.00764
0.00759
0.00755
0.00749
0.00745
0.0074
0.00736
0.00731
0.00727
0.00722
0.00717
0.00713
0.00709
0.00705
0.00701
0.00696
0.00693
0.00688
0.00685
0.0068
0.00677
0.00673
0.0067
0.00666
0.00663
0.00659
0.00656
0.00653
0.00651
0.00648
0.00646
0.00642
0.0064
0.00637
0.00636
0.00633
0.00632
0.00629
0.00629
0.00627
0.00626
0.00624
0.00623
0.00623
0.00622
0.00622
0.00623
0.00622
0.00623
0.00623
0.00624
0.00624
0.00626
0.00627
0.00629
0.00631
0.00632
0.00634
0.00636
0.00638
0.00641
0.00643
0.00646
0.00648
0.00651
0.00653
0.00656
0.00658
0.0066
0.00662
0.00665
0.00666
0.00667
0.00668
0.00669
0.0067
0.00671
0.00672
0.00672
0.00671
0.00671
0.0067
0.0067
0.00668
0.00667
0.00665
0.00664
0.00662
0.0066
0.00658
0.00655
0.00654
0.00652
0.00651
0.00649
0.00647
0.00646
0.00645
0.00644
0.00643
0.00643
0.00642
0.00643
0.00643
0.00643
0.00644
0.00645
0.00646
0.00648
0.00649
0.00651
0.00652
0.00655
0.00656
0.00659
0.00659
0.00662
0.00662
0.00665
0.00665
0.00667
0.00667
0.00668
0.00668
0.00668
0.00668
0.00668
0.00667
0.00667
0.00665
0.00665
0.00662
0.00661
0.00658
0.00657
0.00655
0.00652
0.0065
0.00647
0.00645
0.00643
0.00641
0.00639
0.00636
0.00634
0.00632
0.00631
0.00628
0.00627
0.00624
0.00624
0.00622
0.00621
0.0062
0.00619
0.00618
0.00618
0.00617
0.00617
0.00615
0.00615
0.00615
0.00615
0.00614
0.00614
0.00613
0.00614
0.00613
0.00613
0.00612
0.00612
0.00612
0.00612
0.00612
0.00612
0.00611
0.00611
0.00611
0.00611
0.0061
0.0061
0.00609
0.0061
0.00608
0.00608
0.00607
0.00605
0.00605
0.00603
0.00602
0.00601
0.00598
0.00597
0.00595
0.00593
0.0059
0.00589
0.00585
0.00583
0.0058
0.00577
0.00574
0.00571
0.00568
0.00566
0.00563
0.00561
0.00558
0.00556
0.00554
0.00553
0.00551
0.0055
0.00549
0.0055
0.00549
0.0055
0.00551
0.00552
0.00554
0.00557
0.0056
0.00563
0.00565
0.0057
0.00573
0.00577
0.00581
0.00585
0.00589
0.00593
0.00597
0.006
0.00603
0.00606
0.00609
0.00611
0.00613
0.00615
0.00614
0.00615
0.00614
0.00614
0.00611
0.0061
0.00607
0.00605
0.006
0.00596
0.00592
0.00587
0.00582
0.00577
0.00571
0.00566
0.0056
0.00555
0.00549
0.00545
0.00538
0.00534
0.00528
0.00525
0.0052
0.00515
0.00512
0.00508
0.00505
0.00502
0.00499
0.00497
0.00494
0.00492
0.00489
0.00488
0.00485
0.00483
0.0048
0.00479
0.00476
0.00473
0.0047
0.00466
0.00463
0.0046
0.00455
0.00452
0.00446
0.00442
0.00437
0.00432
0.00426
0.00421
0.00414
0.00409
0.00403
0.00398
0.00392
0.00386
0.00381
0.00376
0.00372
0.00367
0.00362
0.00359
0.00355
0.00353
0.00349
0.00347
0.00345
0.00344
0.00343
0.00342
0.00341
0.00341
0.00341
0.00342
0.00342
0.00344
0.00344
0.00346
0.00346
0.00348
0.00348
0.0035
0.0035
0.00352
0.00352
0.00353
0.00354
0.00354
0.00355
0.00355
0.00355
0.00356
0.00355
0.00356
0.00355
0.00356
0.00355
0.00355
0.00355
0.00356
0.00355
0.00355
0.00355
0.00355
0.00355
0.00356
0.00356
0.00357
0.00357
0.00358
0.00358
0.0036
0.00359
0.0036
0.0036
0.00362
0.00362
0.00363
0.00363
0.00364
0.00364
0.00365
0.00365
0.00365
0.00365
0.00365
0.00365
0.00365
0.00365
0.00365
0.00364
0.00365
0.00364
0.00364
0.00364
0.00363
0.00364
0.00364
0.00364
0.00365
0.00364
0.00366
0.00366
0.00368
0.00368
0.0037
0.0037
0.00373
0.00374
0.00376
0.00378
0.0038
0.00383
0.00386
0.00389
0.00392
0.00395
0.00398
0.00401
0.00406
0.00408
0.00413
0.00415
0.0042
0.00423
0.00427
0.00431
0.00434
0.00439
0.00442
0.00446
0.00451
0.00453
0.00458
0.00461
0.00465
0.00468
0.00471
0.00474
0.00478
0.0048
0.00483
0.00486
0.00488
0.00491
0.00493
0.00495
0.00497
0.00498
0.00501
0.00502
0.00504
0.00505
0.00507
0.00507
0.00509
0.0051
0.00511
0.00512
0.00513
0.00514
0.00516
0.00517
0.00519
0.0052
0.00522
0.00524
0.00527
0.00528
0.00531
0.00532
0.00536
0.00538
0.00541
0.00544
0.00546
0.0055
0.00553
0.00556
0.0056
0.00562
0.00567
0.00569
0.00573
0.00575
0.00579
0.0058
0.00584
0.00585
0.00587
0.00589
0.0059
0.00591
0.00592
0.00592
0.00593
0.00591
0.00592
0.0059
0.00589
0.00587
0.00586
0.00583
0.00582
0.00579
0.00577
0.00574
0.00571
0.00569
0.00566
0.00564
0.00562
0.00558
0.00557
0.00554
0.00553
0.00551
0.0055
0.00548
0.00548
0.00547
0.00547
0.00546
0.00546
0.00547
0.00547
0.00548
0.00549
0.00548
0.0055
0.0055
0.00552
0.00551
0.00553
0.00552
0.00554
0.00553
0.00553
0.00552
0.00551
0.00551
0.0055
0.00549
0.00548
0.00545
0.00543
0.00541
0.00539
0.00535
0.00533
0.0053
0.00528
0.00524
0.00521
0.00518
0.00515
0.00512
0.0051
0.00507
0.00505
0.00502
0.00501
0.00499
0.00498
0.00496
0.00495
0.00493
0.00493
0.00492
0.00491
0.0049
0.00489
0.00489
0.00489
0.00489
0.00489
0.00487
0.00488
0.00487
0.00487
0.00486
0.00485
0.00484
0.00483
0.00482
0.0048
0.00478
0.00476
0.00474
0.00473
0.0047
0.00468
0.00465
0.00463
0.0046
0.00457
0.00453
0.00451
0.00447
0.00445
0.00441
0.00437
0.00434
0.0043
0.00427
0.00424
0.0042
0.00417
0.00413
0.0041
0.00407
0.00404
0.004
0.00398
0.00394
0.00393
0.0039
0.00387
0.00385
0.00382
0.0038
0.00379
0.00378
0.00377
0.00375
0.00375
0.00374
0.00374
0.00373
0.00374
0.00373
0.00375
0.00375
0.00376
0.00377
0.00377
0.00379
0.0038
0.00382
0.00384
0.00384
0.00386
0.00387
0.00389
0.00389
0.00391
0.00391
0.00393
0.00393
0.00394
0.00394
0.00394
0.00395
0.00395
0.00395
0.00395
0.00394
0.00395
0.00395
0.00395
0.00394
0.00395
0.00394
0.00395
0.00395
0.00395
0.00395
0.00395
0.00396
0.00397
0.00398
0.00399
0.00399
0.004
0.00401
0.00403
0.00403
0.00405
0.00405
0.00407
0.00408
0.00408
0.00409
0.00409
0.00409
0.0041
0.0041
0.0041
0.00409
0.00409
0.00408
0.00408
0.00406
0.00405
0.00403
0.00403
0.00401
0.00399
0.00397
0.00395
0.00394
0.00392
0.00391
0.0039
0.00387
0.00386
0.00385
0.00385
0.00383
0.00382
0.00381
0.00381
0.0038
0.0038
0.0038
0.00379
0.0038
0.0038
0.0038
0.00381
0.0038
0.00381
0.00381
0.00382
0.00381
0.00382
0.00381
0.00382
0.00381
0.0038
0.0038
0.00378
0.00378
0.00377
0.00376
0.00376
0.00373
0.00373
0.00371
0.0037
0.00368
0.00367
0.00365
0.00365
0.00363
0.00362
0.00361
0.0036
0.00359
0.00359
0.00359
0.00359
0.00358
0.00359
0.0036
0.00361
0.00362
0.00364
0.00365
0.00368
0.00369
0.00372
0.00374
0.00377
0.0038
0.00383
0.00386
0.0039
0.00393
0.00397
0.004
0.00404
0.00407
0.00411
0.00413
0.00417
0.0042
0.00423
0.00425
0.00427
0.0043
0.00433
0.00435
0.00437
0.00437
0.00439
0.0044
0.00441
0.00441
0.00442
0.00441
0.00442
0.00441
0.0044
0.00439
0.00438
0.00437
0.00436
0.00434
0.00433
0.0043
0.00429
0.00426
0.00425
0.00422
0.0042
0.00417
0.00415
0.00413
0.0041
0.00408
0.00405
0.00403
0.00402
0.004
0.00399
0.00397
0.00396
0.00395
0.00395
0.00394
0.00395
0.00394
0.00395
0.00396
0.00396
0.00398
0.00399
0.00401
0.00403
0.00406
0.00409
0.0041
0.00414
0.00416
0.0042
0.00422
0.00426
0.00427
0.00431
0.00433
0.00435
0.00437
0.00439
0.0044
0.00442
0.00442
0.00443
0.00442
0.00443
0.00442
0.00442
0.00439
0.00439
0.00436
0.00435
0.00432
0.00429
0.00427
0.00424
0.00421
0.00419
0.00417
0.00415
0.00412
0.00411
0.00409
0.00408
0.00407
0.00407
0.00406
0.00408
0.00408
0.00409
0.0041
0.00412
0.00414
0.00417
0.0042
0.00424
0.00426
0.0043
0.00432
0.00437
0.00439
0.00442
0.00444
0.00448
0.0045
0.00452
0.00453
0.00454
0.00455
0.00456
0.00456
0.00456
0.00454
0.00454
0.00452
0.00451
0.00449
0.00447
0.00444
0.00443
0.0044
0.00438
0.00436
0.00434
0.00432
0.00431
0.0043
0.00429
0.00428
0.00428
0.00428
0.00429
0.00429
0.00431
0.00432
0.00435
0.00436
0.00439
0.00441
0.00444
0.00447
0.0045
0.00453
0.00457
0.00459
0.00463
0.00465
0.00468
0.0047
0.00473
0.00474
0.00477
0.00478
0.0048
0.00481
0.00481
0.00483
0.00483
0.00484
0.00484
0.00483
0.00484
0.00484
0.00484
0.00483
0.00483
0.00482
0.00483
0.00481
0.00481
0.0048
0.00479
0.00479
0.00479
0.00478
0.00478
0.00476
0.00476
0.00475
0.00475
0.00473
0.00473
0.00471
0.0047
0.00468
0.00467
0.00465
0.00463
0.00461
0.0046
0.00458
0.00457
0.00455
0.00454
0.00452
0.00452
0.0045
0.0045
0.00448
0.00449
0.00448
0.00449
0.00449
0.0045
0.00452
0.00453
0.00455
0.00457
0.00458
0.00461
0.00463
0.00467
0.00468
0.00471
0.00473
0.00476
0.00477
0.00479
0.0048
0.00481
0.00481
0.00481
0.00481
0.00481
0.00478
0.00478
0.00475
0.00473
0.00469
0.00466
0.00462
0.00459
0.00455
0.0045
0.00446
0.00441
0.00438
0.00434
0.0043
0.00427
0.00423
0.00421
0.00419
0.00418
0.00416
0.00416
0.00414
0.00416
0.00416
0.00417
0.00418
0.0042
0.00422
0.00425
0.00428
0.00431
0.00433
0.00437
0.00439
0.00442
0.00444
0.00447
0.00448
0.0045
0.00451
0.00452
0.00451
0.00451
0.0045
0.00449
0.00447
0.00446
0.00442
0.0044
0.00436
0.00433
0.00429
0.00426
0.00421
0.00417
0.00413
0.00409
0.00404
0.00401
0.00398
0.00395
0.00391
0.0039
0.00386
0.00385
0.00383
0.00383
0.00381
0.00381
0.0038
0.00382
0.00381
0.00382
0.00383
0.00384
0.00385
0.00387
0.00389
0.00391
0.00391
0.00394
0.00395
0.00397
0.00398
0.004
0.004
0.00402
0.00403
0.00403
0.00404
0.00404
0.00405
0.00405
0.00405
0.00406
0.00405
0.00406
0.00405
0.00406
0.00405
0.00405
0.00404
0.00406
0.00406
0.00406
0.00406
0.00406
0.00408
0.00409
0.0041
0.00412
0.00412
0.00414
0.00416
0.00418
0.00419
0.00422
0.00423
0.00427
0.00428
0.0043
0.00432
0.00434
0.00437
0.00439
0.0044
0.00443
0.00443
0.00445
0.00446
0.00447
0.00447
0.00448
0.00447
0.00448
0.00447
0.00446
0.00444
0.00443
0.00442
0.0044
0.00438
0.00436
0.00433
0.00431
0.00428
0.00427
0.00423
0.00421
0.00418
0.00417
0.00414
0.00412
0.0041
0.00408
0.00407
0.00406
0.00405
0.00405
0.00403
0.00404
0.00403
0.00404
0.00404
0.00405
0.00404
0.00406
0.00406
0.00407
0.00407
0.00408
0.00408
0.00408
0.00408
0.00408
0.00407
0.00406
0.00405
0.00404
0.00401
0.00399
0.00396
0.00395
0.00391
0.00387
0.00383
0.00379
0.00375
0.00372
0.00367
0.00364
0.00359
0.00355
0.00351
0.00348
0.00344
0.00341
0.00337
0.00336
0.00333
0.00331
0.00329
0.00328
0.00328
0.00328
0.00328
0.00329
0.00329
0.00331
0.00333
0.00335
0.00336
0.00339
0.00341
0.00344
0.00346
0.00349
0.00351
0.00353
0.00356
0.00358
0.0036
0.00363
0.00363
0.00365
0.00367
0.00368
0.00368
0.0037
0.0037
0.00372
0.00372
0.00372
0.00372
0.00372
0.00373
0.00374
0.00374
0.00375
0.00375
0.00377
0.00378
0.0038
0.00381
0.00383
0.00385
0.00388
0.0039
0.00393
0.00395
0.00398
0.00401
0.00405
0.00409
0.00413
0.00416
0.00421
0.00424
0.00429
0.00432
0.00437
0.0044
0.00445
0.00449
0.00453
0.00457
0.0046
0.00464
0.00468
0.00471
0.00475
0.00478
0.00481
0.00484
0.00488
0.0049
0.00494
0.00496
0.00499
0.00502
0.00504
0.00507
0.00509
0.00512
0.00514
0.00517
0.0052
0.00521
0.00524
0.00525
0.00528
0.00529
0.00532
0.00533
0.00535
0.00536
0.00538
0.00539
0.0054
0.00541
0.00543
0.00544
0.00545
0.00545
0.00546
0.00546
0.00547
0.00547
0.00548
0.00547
0.00548
0.00548
0.00548
0.00548
0.00548
0.00548
0.00548
0.00548
0.00549
0.00548
0.00549
0.00549
0.0055
0.00549
0.00551
0.0055
0.00552
0.00552
0.00552
0.00553
0.00553
0.00554
0.00554
0.00555
0.00556
0.00556
0.00557
0.00556
0.00558
0.00557
0.00558
0.00557
0.00558
0.00557
0.00556
0.00556
0.00555
0.00554
0.00554
0.00553
0.00553
0.0055
0.0055
0.00548
0.00548
0.00546
0.00545
0.00543
0.00543
0.00541
0.00539
0.00538
0.00536
0.00535
0.00534
0.00532
0.00532
0.00529
0.00528
0.00526
0.00525
0.00523
0.00521
0.00518
0.00517
0.00514
0.00512
0.00509
0.00505
0.00502
0.00499
0.00495
0.00492
0.00486
0.00482
0.00477
0.00472
0.00466
0.00461
0.00454
0.00449
0.00442
0.00436
0.00429
0.00422
0.00416
0.0041
0.00404
0.00399
0.00392
0.00387
0.00382
0.00378
0.00372
0.00369
0.00365
0.00363
0.0036
0.00358
0.00356
0.00355
0.00355
0.00355
0.00355
0.00357
0.00357
0.00359
0.00361
0.00364
0.00365
0.00368
0.0037
0.00374
0.00377
0.00379
0.00382
0.00384
0.00386
0.00389
0.00391
0.00393
0.00394
0.00396
0.00396
0.00398
0.00397
0.00398
0.00397
0.00398
0.00396
0.00396
0.00395
0.00393
0.00392
0.00391
0.0039
0.00389
0.00386
0.00386
0.00385
0.00384
0.00382
0.00382
0.0038
0.0038
0.00379
0.00378
0.00378
0.00377
0.00377
0.00377
0.00377
0.00377
0.00375
0.00376
0.00375
0.00375
0.00373
0.00373
0.00372
0.00372
0.0037
0.00369
0.00367
0.00365
0.00364
0.00362
0.0036
0.00359
0.00355
0.00354
0.00351
0.00349
0.00346
0.00344
0.00341
0.00339
0.00336
0.00334
0.00332
0.00329
0.00328
0.00326
0.00324
0.00324
0.00321
0.00321
0.0032
0.0032
0.00319
0.0032
0.00319
0.0032
0.0032
0.00321
0.00321
0.00323
0.00324
0.00326
0.00328
0.0033
0.00331
0.00334
0.00336
0.0034
0.00342
0.00346
0.00347
0.00352
0.00354
0.00358
0.0036
0.00364
0.00367
0.0037
0.00373
0.00377
0.00378
0.00382
0.00384
0.00387
0.00388
0.00391
0.00391
0.00394
0.00395
0.00395
0.00396
0.00396
0.00396
0.00396
0.00396
0.00396
0.00394
0.00394
0.00392
0.00392
0.0039
0.0039
0.00388
0.00388
0.00386
0.00385
0.00384
0.00383
0.00383
0.00383
0.00383
0.00383
0.00382
0.00383
0.00383
0.00384
0.00383
0.00385
0.00384
0.00385
0.00385
0.00385
0.00385
0.00384
0.00384
0.00383
0.00382
0.00382
0.00379
0.00377
0.00375
0.00373
0.00369
0.00366
0.00362
0.00359
0.00354
0.00351
0.00346
0.00342
0.00338
0.00334
0.0033
0.00327
0.00322
0.0032
0.00317
0.00315
0.00312
0.00311
0.00309
0.0031
0.00309
0.0031
0.0031
0.00311
0.00313
0.00315
0.00317
0.0032
0.00322
0.00326
0.00328
0.00332
0.00334
0.00338
0.0034
0.00344
0.00346
0.00349
0.00351
0.00352
0.00354
0.00355
0.00356
0.00357
0.00357
0.00357
0.00356
0.00357
0.00355
0.00355
0.00353
0.00353
0.00351
0.0035
0.00348
0.00347
0.00346
0.00345
0.00344
0.00344
0.00342
0.00342
0.00341
0.00341
0.00341
0.00341
0.0034
0.00342
0.00341
0.00342
0.00342
0.00342
0.00343
0.00344
0.00344
0.00346
0.00345
0.00346
0.00346
0.00347
0.00347
0.00348
0.00347
0.00349
0.00348
0.00348
0.00348
0.00348
0.00348
0.00349
0.00349
0.0035
0.00349
0.0035
0.0035
0.00351
0.00351
0.00352
0.00352
0.00354
0.00355
0.00356
0.00357
0.00357
0.00359
0.0036
0.00362
0.00363
0.00363
0.00365
0.00366
0.00367
0.00368
0.00369
0.00369
0.00371
0.00371
0.00371
0.00372
0.00372
0.00372
0.00372
0.00372
0.00373
0.00372
0.00372
0.00371
0.00372
0.0037
0.0037
0.00368
0.00369
0.00368
0.00367
0.00366
0.00365
0.00364
0.00364
0.00363
0.00362
0.0036
0.0036
0.00359
0.00359
0.00357
0.00357
0.00355
0.00355
0.00354
0.00353
0.00352
0.00351
0.00351
0.00351
0.00351
0.00352
0.00351
0.00352
0.00351
0.00353
0.00353
0.00354
0.00354
0.00357
0.00357
0.00359
0.0036
0.00362
0.00364
0.00365
0.00367
0.00369
0.0037
0.00372
0.00373
0.00375
0.00375
0.00377
0.00376
0.00377
0.00377
0.00377
0.00376
0.00375
0.00373
0.00372
0.0037
0.00369
0.00365
0.00364
0.0036
0.00358
0.00354
0.00352
0.00348
0.00346
0.00342
0.00339
0.00336
0.00333
0.00331
0.00329
0.00327
0.00326
0.00323
0.00323
0.00321
0.00322
0.00321
0.00321
0.00321
0.00322
0.00322
0.00323
0.00324
0.00324
0.00326
0.00328
0.00329
0.0033
0.00331
0.00332
0.00333
0.00334
0.00334
0.00335
0.00335
0.00336
0.00336
0.00336
0.00335
0.00334
0.00334
0.00334
0.00334
0.00334
0.00332
0.00333
0.00331
0.00332
0.00331
0.00332
0.00331
0.00333
0.00333
0.00334
0.00335
0.00336
0.00338
0.00341
0.00342
0.00346
0.00347
0.00351
0.00353
0.00357
0.00359
0.00362
0.00365
0.00368
0.00371
0.00374
0.00376
0.00378
0.00381
0.00384
0.00386
0.00388
0.00389
0.00391
0.00391
0.00393
0.00393
0.00395
0.00395
0.00396
0.00396
0.00396
0.00396
0.00396
0.00397
0.00398
0.00398
0.00399
0.00399
0.00401
0.00402
0.00404
0.00405
0.00408
0.00409
0.00413
0.00415
0.00419
0.00422
0.00425
0.00429
0.00433
0.00437
0.00442
0.00446
0.00451
0.00455
0.00461
0.00465
0.0047
0.00474
0.00479
0.00483
0.00488
0.00492
0.00496
0.005
0.00504
0.00507
0.0051
0.00512
0.00516
0.00518
0.0052
0.00521
0.00523
0.00523
0.00525
0.00525
0.00526
0.00525
0.00525
0.00525
0.00524
0.00523
0.00523
0.0052
0.0052
0.00518
0.00517
0.00515
0.00514
0.00511
0.0051
0.00508
0.00506
0.00504
0.00502
0.00501
0.005
0.00498
0.00497
0.00495
0.00494
0.00492
0.00492
0.0049
0.00489
0.00487
0.00487
0.00485
0.00484
0.00482
0.0048
0.00479
0.00477
0.00474
0.00473
0.00469
0.00467
0.00464
0.00461
0.00457
0.00454
0.0045
0.00447
0.00442
0.00439
0.00434
0.0043
0.00426
0.00422
0.00418
0.00415
0.0041
0.00408
0.00404
0.00402
0.00398
0.00397
0.00395
0.00394
0.00393
0.00392
0.00392
0.00392
0.00393
0.00395
0.00397
0.00399
0.00401
0.00404
0.00407
0.00411
0.00414
0.00417
0.00421
0.00425
0.00428
0.00432
0.00435
0.00439
0.00442
0.00446
0.00448
0.00452
0.00453
0.00457
0.00458
0.00461
0.00461
0.00463
0.00464
0.00466
0.00466
0.00467
0.00468
0.00468
0.00469
0.0047
0.0047
0.00471
0.00471
0.00472
0.00473
0.00474
0.00474
0.00476
0.00477
0.0048
0.00481
0.00483
0.00485
0.00487
0.0049
0.00493
0.00496
0.00499
0.00501
0.00505
0.00508
0.00512
0.00515
0.00519
0.00522
0.00527
0.0053
0.00533
0.00537
0.00541
0.00545
0.00549
0.00553
0.00557
0.0056
0.00565
0.00568
0.00572
0.00576
0.00579
0.00582
0.00587
0.0059
0.00593
0.00596
0.00598
0.00601
0.00604
0.00607
0.00609
0.0061
0.00612
0.00613
0.00615
0.00615
0.00616
0.00616
0.00618
0.00617
0.00617
0.00616
0.00615
0.00615
0.00615
0.00614
0.00613
0.00611
0.00611
0.0061
0.0061
0.00608
0.00608
0.00607
0.00607
0.00607
0.00606
0.00606
0.00606
0.00606
0.00607
0.00607
0.00608
0.00607
0.00608
0.00608
0.0061
0.0061
0.0061
0.0061
0.00611
0.0061
0.0061
0.00609
0.00608
0.00608
0.00607
0.00605
0.00604
0.00601
0.006
0.00597
0.00595
0.00591
0.00589
0.00584
0.00582
0.00578
0.00574
0.0057
0.00566
0.00562
0.00559
0.00555
0.00552
0.00547
0.00544
0.0054
0.00537
0.00533
0.0053
0.00526
0.00523
0.0052
0.00517
0.00514
0.0051
0.00507
0.00505
0.00502
0.005
0.00496
0.00494
0.00491
0.00489
0.00485
0.00483
0.0048
0.00478
0.00475
0.00473
0.00471
0.00468
0.00466
0.00465
0.00463
0.00463
0.0046
0.0046
0.00459
0.00459
0.00458
0.00459
0.00458
0.0046
0.0046
0.00461
0.00461
0.00463
0.00464
0.00466
0.00468
0.0047
0.0047
0.00473
0.00474
0.00476
0.00477
0.00478
0.00479
0.00481
0.00481
0.00481
0.00481
0.00481
0.0048
0.0048
0.00479
0.00478
0.00476
0.00475
0.00473
0.00471
0.00468
0.00466
0.00463
0.00462
0.00459
0.00456
0.00453
0.0045
0.00448
0.00445
0.00443
0.00441
0.00437
0.00436
0.00433
0.00432
0.00429
0.00427
0.00424
0.00424
0.00421
0.00419
0.00417
0.00415
0.00414
0.00412
0.0041
0.00409
0.00406
0.00405
0.00403
0.00401
0.00399
0.00397
0.00394
0.00393
0.00391
0.00388
0.00386
0.00383
0.00382
0.0038
0.00378
0.00376
0.00373
0.00372
0.0037
0.00369
0.00367
0.00366
0.00364
0.00364
0.00362
0.00362
0.00361
0.0036
0.00361
0.00361
0.00362
0.00363
0.00362
0.00364
0.00365
0.00367
0.00368
0.00371
0.00372
0.00376
0.00378
0.00381
0.00383
0.00386
0.00389
0.00392
0.00396
0.00399
0.00401
0.00405
0.00408
0.00411
0.00413
0.00416
0.00418
0.00421
0.00423
0.00425
0.00426
0.00427
0.00429
0.0043
0.0043
0.00431
0.0043
0.00431
0.0043
0.00431
0.0043
0.0043
0.00428
0.00429
0.00427
0.00426
0.00426
0.00425
0.00424
0.00424
0.00424
0.00424
0.00424
0.00425
0.00425
0.00427
0.00427
0.00429
0.00429
0.00432
0.00434
0.00436
0.00438
0.0044
0.00443
0.00446
0.00449
0.00452
0.00454
0.00457
0.0046
0.00463
0.00465
0.00468
0.0047
0.00473
0.00474
0.00476
0.00478
0.00479
0.00481
0.00482
0.00483
0.00484
0.00484
0.00485
0.00485
0.00486
0.00486
0.00486
0.00485
0.00486
0.00486
0.00485
0.00484
0.00484
0.00484
0.00483
0.00483
0.00483
0.00481
0.00481
0.00479
0.00479
0.00477
0.00476
0.00474
0.00474
0.00473
0.00471
0.0047
0.00468
0.00466
0.00465
0.00464
0.00463
0.0046
0.00459
0.00457
0.00456
0.00454
0.00453
0.00451
0.0045
0.00448
0.00447
0.00446
0.00445
0.00444
0.00443
0.00442
0.00442
0.0044
0.0044
0.00439
0.0044
0.00438
0.00438
0.00437
0.00437
0.00435
0.00435
0.00434
0.00432
0.00431
0.0043
0.00429
0.00427
0.00424
0.00423
0.00421
0.00419
0.00416
0.00414
0.00411
0.00409
0.00406
0.00403
0.004
0.00397
0.00394
0.00391
0.00389
0.00387
0.00383
0.00382
0.00379
0.00377
0.00375
0.00373
0.00371
0.0037
0.00368
0.00367
0.00366
0.00364
0.00364
0.00363
0.00362
0.00362
0.0036
0.0036
0.00359
0.00359
0.00358
0.00358
0.00356
0.00356
0.00355
0.00354
0.00352
0.00351
0.00349
0.00348
0.00346
0.00345
0.00342
0.00341
0.00339
0.00337
0.00335
0.00333
0.00331
0.00329
0.00327
0.00325
0.00323
0.00321
0.0032
0.00319
0.00318
0.00317
0.00315
0.00315
0.00313
0.00313
0.00312
0.00312
0.00311
0.00312
0.00311
0.00312
0.00311
0.00312
0.00312
0.00313
0.00314
0.00315
0.00315
0.00316
0.00317
0.00319
0.00319
0.00321
0.00321
0.00324
0.00325
0.00327
0.00329
0.0033
0.00333
0.00336
0.00338
0.00341
0.00344
0.00347
0.00351
0.00355
0.00358
0.00362
0.00366
0.00371
0.00375
0.0038
0.00385
0.00389
0.00395
0.004
0.00405
0.00411
0.00415
0.00421
0.00426
0.00432
0.00436
0.00442
0.00446
0.00452
0.00456
0.0046
0.00465
0.00468
0.00473
0.00477
0.00481
0.00485
0.00487
0.00491
0.00494
0.00497
0.00499
0.00503
0.00504
0.00508
0.0051
0.00512
0.00514
0.00515
0.00517
0.00519
0.00521
0.00523
0.00523
0.00525
0.00526
0.00527
0.00527
0.00528
0.00528
0.00529
0.00529
0.00528
0.00528
0.00527
0.00527
0.00526
0.00525
0.00524
0.00522
0.00521
0.00518
0.00517
0.00514
0.00513
0.00509
0.00508
0.00505
0.00502
0.005
0.00497
0.00494
0.00492
0.00489
0.00487
0.00483
0.00481
0.00478
0.00476
0.00473
0.0047
0.00467
0.00465
0.00462
0.00459
0.00456
0.00452
0.0045
0.00447
0.00443
0.00441
0.00436
0.00434
0.00429
0.00426
0.00422
0.00418
0.00414
0.00411
0.00406
0.00402
0.00397
0.00393
0.00389
0.00385
0.00381
0.00378
0.00373
0.0037
0.00365
0.00363
0.00359
0.00356
0.00352
0.00351
0.00348
0.00346
0.00344
0.00342
0.00341
0.0034
0.00339
0.00339
0.00337
0.00337
0.00337
0.00338
0.00337
0.00338
0.00338
0.0034
0.0034
0.00341
0.00342
0.00343
0.00344
0.00346
0.00347
0.00349
0.0035
0.00353
0.00354
0.00357
0.00358
0.00361
0.00363
0.00367
0.00369
0.00372
0.00375
0.00379
0.00383
0.00387
0.00392
0.00397
0.00401
0.00407
0.00412
0.00418
0.00423
0.0043
0.00435
0.00442
0.00448
0.00455
0.00461
0.00468
0.00475
0.00482
0.00489
0.00496
0.00501
0.00508
0.00514
0.00521
0.00526
0.00532
0.00536
0.00542
0.00546
0.00551
0.00555
0.00559
0.00562
0.00566
0.00569
0.00572
0.00574
0.00576
0.00578
0.0058
0.00581
0.00583
0.00583
0.00585
0.00586
0.00587
0.00587
0.00587
0.00588
0.00588
0.00589
0.00589
0.00589
0.00589
0.00589
0.0059
0.00589
0.00589
0.00588
0.00589
0.00588
0.00588
0.00587
0.00586
0.00586
0.00585
0.00584
0.00584
0.00582
0.00582
0.0058
0.00579
0.00577
0.00576
0.00574
0.00573
0.00571
0.00569
0.00567
0.00564
0.00562
0.00561
0.00559
0.00557
0.00554
0.00552
0.00549
0.00548
0.00545
0.00543
0.0054
0.00538
0.00535
0.00533
0.0053
0.00527
0.00524
0.00522
0.00519
0.00516
0.00512
0.00509
0.00505
0.00502
0.00498
0.00494
0.0049
0.00486
0.00482
0.00477
0.00472
0.00467
0.00463
0.00458
0.00453
0.00449
0.00443
0.00439
0.00433
0.00429
0.00424
0.00419
0.00414
0.00411
0.00406
0.00401
0.00397
0.00393
0.0039
0.00387
0.00384
0.00382
0.00378
0.00376
0.00373
0.00372
0.00369
0.00368
0.00366
0.00366
0.00364
0.00363
0.00362
0.0036
0.00359
0.00359
0.00358
0.00357
0.00355
0.00355
0.00353
0.00353
0.00351
0.0035
0.00347
0.00347
0.00345
0.00343
0.00341
0.00338
0.00336
0.00334
0.00332
0.0033
0.00326
0.00325
0.00322
0.00321
