1.63330577044836E+03

0.00275
0.00274
0.00276
0.00275
0.00276
0.00275
0.00275
0.00274
0.00273
0.00273
0.00272
0.00271
0.00271
0.00268
0.00267
0.00266
0.00265
0.00263
0.00263
0.0026
0.0026
0.00258
0.00258
0.00256
0.00255
0.00254
0.00254
0.00254
0.00254
0.00253
0.00254
0.00253
0.00254
0.00254
0.00256
0.00256
0.00258
0.00259
0.00261
0.00263
0.00264
0.00267
0.0027
0.00273
0.00277
0.00279
0.00284
0.00287
0.00292
0.00295
0.003
0.00304
0.0031
0.00315
0.0032
0.00324
0.00329
0.00334
0.00339
0.00345
0.0035
0.00354
0.0036
0.00364
0.00369
0.00373
0.00378
0.00381
0.00386
0.00389
0.00393
0.00396
0.00399
0.00402
0.00406
0.00408
0.00411
0.00413
0.00416
0.00418
0.00421
0.00422
0.00425
0.00426
0.00429
0.00431
0.00433
0.00434
0.00436
0.00439
0.00441
0.00443
0.00445
0.00446
0.00449
0.0045
0.00453
0.00454
0.00457
0.00457
0.0046
0.00461
0.00462
0.00463
0.00464
0.00466
0.00467
0.00468
0.00469
0.00468
0.00469
0.00469
0.00469
0.00468
0.00468
0.00467
0.00467
0.00466
0.00465
0.00463
0.00462
0.00461
0.00459
0.00458
0.00456
0.00453
0.00452
0.00449
0.00448
0.00445
0.00443
0.0044
0.00438
0.00435
0.00432
0.00429
0.00426
0.00424
0.00421
0.00418
0.00416
0.00413
0.00411
0.00408
0.00406
0.00403
0.00401
0.00398
0.00398
0.00395
0.00394
0.00392
0.00391
0.0039
0.00389
0.00389
0.00389
0.00388
0.00388
0.00388
0.0039
0.00389
0.00391
0.00391
0.00393
0.00394
0.00395
0.00396
0.00398
0.004
0.00402
0.00404
0.00406
0.00407
0.0041
0.00411
0.00414
0.00415
0.00418
0.00419
0.00422
0.00424
0.00425
0.00427
0.00429
0.0043
0.00432
0.00434
0.00436
0.00437
0.00439
0.0044
0.00442
0.00442
0.00443
0.00444
0.00445
0.00446
0.00446
0.00447
0.00447
0.00447
0.00447
0.00447
0.00447
0.00446
0.00446
0.00445
0.00445
0.00443
0.00442
0.00441
0.00441
0.00439
0.00438
0.00436
0.00435
0.00434
0.00434
0.00432
0.00432
0.0043
0.0043
0.00429
0.0043
0.00429
0.00429
0.00429
0.0043
0.0043
0.0043
0.0043
0.00431
0.00432
0.00433
0.00434
0.00436
0.00436
0.00437
0.00438
0.0044
0.0044
0.00441
0.00441
0.00443
0.00443
0.00443
0.00443
0.00443
0.00443
0.00443
0.00443
0.00443
0.00442
0.00443
0.00442
0.00442
0.00441
0.00441
0.0044
0.0044
0.00439
0.00439
0.00438
0.00437
0.00437
0.00437
0.00437
0.00437
0.00436
0.00437
0.00436
0.00437
0.00436
0.00437
0.00436
0.00437
0.00437
0.00437
0.00436
0.00436
0.00436
0.00436
0.00436
0.00436
0.00435
0.00435
0.00435
0.00435
0.00434
0.00434
0.00433
0.00434
0.00433
0.00433
0.00432
0.00432
0.00432
0.00432
0.00432
0.00432
0.00431
0.00431
0.0043
0.00431
0.0043
0.0043
0.00429
0.00429
0.00428
0.00427
0.00426
0.00425
0.00424
0.00422
0.00421
0.0042
0.00417
0.00416
0.00413
0.00411
0.00408
0.00406
0.00403
0.00401
0.00398
0.00396
0.00393
0.00391
0.00389
0.00388
0.00386
0.00385
0.00383
0.00383
0.00383
0.00383
0.00383
0.00384
0.00384
0.00386
0.00387
0.00389
0.00391
0.00393
0.00395
0.00398
0.004
0.00403
0.00404
0.00408
0.00409
0.00412
0.00413
0.00415
0.00416
0.00417
0.00418
0.00418
0.00418
0.00417
0.00417
0.00416
0.00415
0.00414
0.00411
0.0041
0.00408
0.00406
0.00403
0.00401
0.00399
0.00398
0.00395
0.00393
0.00391
0.0039
0.00389
0.00388
0.00388
0.00388
0.00387
0.00388
0.00388
0.0039
0.0039
0.00391
0.00392
0.00395
0.00396
0.00397
0.00398
0.00399
0.00401
0.00403
0.00404
0.00406
0.00406
0.00408
0.00408
0.0041
0.00409
0.00411
0.0041
0.00411
0.00411
0.00411
0.00411
0.00411
0.00411
0.00411
0.00412
0.00413
0.00412
0.00414
0.00414
0.00416
0.00416
0.00418
0.00419
0.00422
0.00423
0.00426
0.00427
0.00429
0.00431
0.00434
0.00435
0.00438
0.00438
0.0044
0.00441
0.00442
0.00442
0.00442
0.00441
0.00441
0.00439
0.00437
0.00435
0.00432
0.00429
0.00426
0.00422
0.00419
0.00413
0.0041
0.00404
0.00401
0.00395
0.00391
0.00385
0.00382
0.00377
0.00373
0.00369
0.00365
0.00362
0.0036
0.00358
0.00356
0.00354
0.00353
0.00352
0.00352
0.00351
0.00352
0.00352
0.00354
0.00354
0.00355
0.00356
0.00357
0.00359
0.0036
0.00361
0.00363
0.00362
0.00364
0.00364
0.00365
0.00364
0.00364
0.00363
0.00363
0.00362
0.0036
0.00359
0.00357
0.00355
0.00353
0.00351
0.0035
0.00347
0.00345
0.00342
0.00341
0.00339
0.00337
0.00335
0.00335
0.00333
0.00333
0.00332
0.00331
0.00331
0.00331
0.00332
0.00333
0.00333
0.00334
0.00335
0.00337
0.00337
0.0034
0.00341
0.00344
0.00345
0.00347
0.00349
0.0035
0.00352
0.00355
0.00357
0.00359
0.0036
0.00364
0.00365
0.00368
0.0037
0.00372
0.00374
0.00378
0.0038
0.00383
0.00385
0.00388
0.00391
0.00395
0.00398
0.00402
0.00404
0.00409
0.00412
0.00417
0.00419
0.00424
0.00427
0.00431
0.00434
0.00437
0.0044
0.00443
0.00445
0.00448
0.0045
0.00452
0.00452
0.00454
0.00454
0.00455
0.00453
0.00453
0.00451
0.00451
0.00448
0.00446
0.00443
0.0044
0.00438
0.00435
0.00432
0.0043
0.00426
0.00423
0.0042
0.00418
0.00415
0.00413
0.0041
0.00409
0.00408
0.00407
0.00406
0.00405
0.00405
0.00406
0.00407
0.00408
0.00409
0.00411
0.00412
0.00415
0.00416
0.00419
0.00421
0.00424
0.00427
0.00429
0.00431
0.00433
0.00436
0.00439
0.0044
0.00443
0.00444
0.00446
0.00447
0.00449
0.0045
0.00452
0.00452
0.00454
0.00455
0.00455
0.00456
0.00457
0.00458
0.0046
0.00461
0.00462
0.00463
0.00465
0.00466
0.00468
0.00469
0.00471
0.00472
0.00475
0.00476
0.00478
0.00479
0.00481
0.00483
0.00484
0.00486
0.00487
0.00487
0.00489
0.00489
0.0049
0.00489
0.0049
0.00488
0.00489
0.00487
0.00486
0.00484
0.00482
0.0048
0.00478
0.00475
0.00473
0.00469
0.00466
0.00463
0.0046
0.00455
0.00452
0.00448
0.00445
0.00441
0.00437
0.00434
0.00429
0.00426
0.00423
0.00419
0.00417
0.00412
0.0041
0.00406
0.00404
0.004
0.00398
0.00395
0.00393
0.0039
0.00387
0.00385
0.00382
0.0038
0.00379
0.00377
0.00375
0.00373
0.00372
0.0037
0.00369
0.00367
0.00366
0.00364
0.00364
0.00362
0.00361
0.0036
0.00359
0.00358
0.00357
0.00357
0.00356
0.00354
0.00355
0.00354
0.00354
0.00352
0.00352
0.00351
0.00352
0.00351
0.00351
0.0035
0.00349
0.00349
0.00349
0.00349
0.0035
0.00349
0.0035
0.0035
0.00351
0.00351
0.00352
0.00352
0.00353
0.00354
0.00354
0.00355
0.00356
0.00357
0.00359
0.0036
0.00362
0.00363
0.00365
0.00366
0.00368
0.00369
0.00371
0.00372
0.00374
0.00375
0.00376
0.00377
0.00378
0.00379
0.0038
0.00382
0.00383
0.00383
0.00385
0.00385
0.00386
0.00386
0.00387
0.00387
0.00389
0.00389
0.0039
0.0039
0.00391
0.00392
0.00393
0.00395
0.00396
0.00396
0.00398
0.00399
0.00401
0.00403
0.00404
0.00406
0.00408
0.0041
0.00412
0.00414
0.00415
0.00418
0.0042
0.00422
0.00425
0.00426
0.00429
0.0043
0.00433
0.00434
0.00437
0.00438
0.0044
0.00442
0.00443
0.00444
0.00445
0.00447
0.00448
0.00448
0.0045
0.0045
0.00451
0.00451
0.00452
0.00452
0.00453
0.00452
0.00453
0.00453
0.00453
0.00453
0.00453
0.00453
0.00454
0.00454
0.00455
0.00455
0.00456
0.00457
0.00458
0.00459
0.0046
0.00461
0.00464
0.00466
0.00468
0.00471
0.00474
0.00478
0.00483
0.00487
0.00492
0.00497
0.00504
0.0051
0.00517
0.00525
0.00533
0.00541
0.00551
0.00561
0.00572
0.00583
0.00594
0.00607
0.00621
0.00634
0.00649
0.00664
0.00681
0.00697
0.00715
0.00733
0.00752
0.00771
0.00792
0.00813
0.00835
0.00857
0.0088
0.00905
0.0093
0.00956
0.00983
0.0101
0.01039
0.01068
0.01099
0.0113
0.01162
0.01194
0.01229
0.01263
0.01298
0.01335
0.01372
0.01411
0.01451
0.01491
0.01533
0.01575
0.01619
0.01662
0.01709
0.01754
0.01802
0.01849
0.01899
0.01948
0.01999
0.02051
0.02103
0.02156
0.0221
0.02264
0.0232
0.02375
0.02432
0.02488
0.02546
0.02603
0.02661
0.02719
0.02778
0.02836
0.02895
0.02954
0.03013
0.03072
0.03131
0.0319
0.03249
0.03308
0.03367
0.03425
0.03484
0.03542
0.036
0.03657
0.03716
0.03773
0.0383
0.03887
0.03944
0.04001
0.04058
0.04114
0.0417
0.04226
0.04282
0.04337
0.04392
0.04447
0.04502
0.04555
0.0461
0.04664
0.04717
0.0477
0.04822
0.04874
0.04926
0.04977
0.05028
0.05077
0.05126
0.05174
0.05222
0.05268
0.05314
0.05358
0.05403
0.05446
0.05487
0.05528
0.05568
0.05606
0.05644
0.0568
0.05716
0.05749
0.05783
0.05814
0.05846
0.05875
0.05904
0.05931
0.05958
0.05983
0.06008
0.06031
0.06054
0.06075
0.06097
0.06117
0.06136
0.06154
0.06173
0.06189
0.06206
0.06222
0.06238
0.06252
0.06267
0.0628
0.06293
0.06306
0.06318
0.0633
0.06341
0.06352
0.06363
0.06372
0.06382
0.0639
0.06399
0.06407
0.06414
0.06421
0.06428
0.06433
0.06439
0.06443
0.06447
0.0645
0.06453
0.06455
0.06457
0.06457
0.06457
0.06456
0.06455
0.06452
0.0645
0.06446
0.06443
0.06437
0.06432
0.06426
0.0642
0.06413
0.06405
0.06397
0.06389
0.06379
0.0637
0.0636
0.0635
0.06339
0.06328
0.06316
0.06306
0.06293
0.06282
0.06269
0.06257
0.06244
0.06232
0.06218
0.06206
0.06192
0.06178
0.06165
0.06151
0.06137
0.06122
0.06108
0.06094
0.06078
0.06063
0.06048
0.06032
0.06016
0.06
0.05984
0.05967
0.0595
0.05933
0.05916
0.05899
0.0588
0.05863
0.05844
0.05827
0.05808
0.05789
0.0577
0.05752
0.05733
0.05714
0.05695
0.05677
0.05657
0.05638
0.05619
0.05601
0.05582
0.05563
0.05545
0.05527
0.05508
0.0549
0.05472
0.05454
0.05436
0.05419
0.05401
0.05384
0.05365
0.05348
0.0533
0.05313
0.05295
0.05277
0.05259
0.05242
0.05223
0.05204
0.05186
0.05167
0.05147
0.05128
0.05108
0.05088
0.05067
0.05046
0.05024
0.05003
0.0498
0.04958
0.04935
0.04912
0.04888
0.04864
0.0484
0.04815
0.0479
0.04766
0.0474
0.04715
0.04689
0.04664
0.04638
0.04613
0.04587
0.04562
0.04536
0.04512
0.04487
0.04462
0.04437
0.04413
0.04389
0.04365
0.04342
0.04319
0.04295
0.04272
0.0425
0.04228
0.04205
0.04183
0.04161
0.0414
0.04117
0.04096
0.04074
0.04052
0.0403
0.04009
0.03988
0.03966
0.03944
0.03922
0.039
0.03879
0.03856
0.03835
0.03812
0.03791
0.03768
0.03747
0.03724
0.03702
0.03681
0.03659
0.03638
0.03616
0.03595
0.03574
0.03553
0.03533
0.03512
0.03492
0.03471
0.03452
0.03432
0.03413
0.03393
0.03373
0.03354
0.03336
0.03316
0.03298
0.03278
0.0326
0.0324
0.03222
0.03202
0.03183
0.03163
0.03145
0.03125
0.03105
0.03085
0.03065
0.03045
0.03024
0.03004
0.02984
0.02962
0.02943
0.02922
0.02901
0.0288
0.0286
0.02839
0.02818
0.02798
0.02777
0.02757
0.02736
0.02717
0.02697
0.02678
0.02659
0.0264
0.02622
0.02603
0.02585
0.02567
0.0255
0.02532
0.02516
0.02499
0.02483
0.02467
0.02451
0.02435
0.0242
0.02405
0.02391
0.02376
0.02363
0.02348
0.02335
0.02321
0.02308
0.02295
0.02283
0.02269
0.02257
0.02244
0.02232
0.0222
0.02208
0.02196
0.02184
0.02172
0.0216
0.02148
0.02137
0.02124
0.02113
0.02101
0.0209
0.02077
0.02065
0.02053
0.02041
0.02029
0.02017
0.02004
0.01992
0.01979
0.01967
0.01954
0.01942
0.01928
0.01916
0.01902
0.0189
0.01877
0.01864
0.0185
0.01837
0.01824
0.01811
0.01797
0.01785
0.01771
0.01758
0.01744
0.01732
0.01717
0.01705
0.01691
0.01678
0.01664
0.01651
0.01637
0.01623
0.0161
0.01597
0.01583
0.0157
0.01556
0.01543
0.01529
0.01517
0.01503
0.0149
0.01476
0.01464
0.01451
0.01438
0.01425
0.01412
0.014
0.01388
0.01376
0.01365
0.01352
0.01342
0.0133
0.0132
0.01309
0.01299
0.01288
0.01278
0.01268
0.01258
0.01248
0.01239
0.01229
0.0122
0.01211
0.01202
0.01191
0.01182
0.01172
0.01164
0.01153
0.01144
0.01133
0.01124
0.01114
0.01104
0.01093
0.01083
0.01073
0.01063
0.01052
0.01043
0.01031
0.01022
0.01011
0.01002
0.00992
0.00983
0.00973
0.00964
0.00955
0.00947
0.00938
0.0093
0.00923
0.00916
0.00909
0.00903
0.00896
0.00891
0.00885
0.00881
0.00876
0.00872
0.00867
0.00864
0.00859
0.00856
0.00852
0.00849
0.00846
0.00843
0.00841
0.00838
0.00835
0.00833
0.0083
0.00828
0.00825
0.00823
0.00821
0.0082
0.00817
0.00815
0.00813
0.00812
0.0081
0.00809
0.00808
0.00808
0.00806
0.00807
0.00806
0.00807
0.00806
0.00807
0.00807
0.00809
0.00809
0.0081
0.00811
0.00812
0.00814
0.00815
0.00817
0.00819
0.00819
0.00822
0.00823
0.00825
0.00825
0.00827
0.00827
0.00829
0.00829
0.0083
0.0083
0.0083
0.0083
0.0083
0.0083
0.0083
0.00828
0.00828
0.00827
0.00827
0.00825
0.00825
0.00823
0.00823
0.00822
0.00821
0.0082
0.00819
0.00818
0.00818
0.00817
0.00817
0.00815
0.00815
0.00815
0.00815
0.00813
0.00813
0.00812
0.00812
0.0081
0.00809
0.00808
0.00807
0.00805
0.00804
0.00802
0.00801
0.00798
0.00797
0.00794
0.00792
0.00789
0.00787
0.00783
0.00781
0.00778
0.00775
0.00772
0.00768
0.00765
0.00762
0.00759
0.00757
0.00752
0.0075
0.00747
0.00744
0.00741
0.00739
0.00735
0.00733
0.0073
0.00728
0.00725
0.00722
0.00721
0.00718
0.00716
0.00714
0.00711
0.00709
0.00707
0.00705
0.00702
0.007
0.00697
0.00695
0.00692
0.00689
0.00686
0.00683
0.0068
0.00677
0.00674
0.00672
0.00667
0.00665
0.00661
0.00659
0.00655
0.00652
0.00648
0.00646
0.00642
0.0064
0.00636
0.00634
0.00631
0.00629
0.00627
0.00626
0.00623
0.00622
0.0062
0.0062
0.00618
0.00617
0.00616
0.00616
0.00616
0.00616
0.00615
0.00615
0.00616
0.00616
0.00617
0.00618
0.00618
0.00619
0.00619
0.0062
0.0062
0.0062
0.00619
0.0062
0.00619
0.00618
0.00617
0.00616
0.00615
0.00613
0.00611
0.0061
0.00607
0.00605
0.00601
0.00598
0.00595
0.00592
0.00587
0.00585
0.0058
0.00577
0.00573
0.00569
0.00566
0.00562
0.00559
0.00557
0.00553
0.00551
0.00548
0.00547
0.00545
0.00544
0.00542
0.00542
0.00541
0.00541
0.00541
0.00541
0.00542
0.00543
0.00543
0.00545
0.00545
0.00547
0.00548
0.00549
0.00549
0.00551
0.00551
0.00553
0.00553
0.00554
0.00554
0.00554
0.00554
0.00555
0.00555
0.00556
0.00554
0.00555
0.00554
0.00555
0.00554
0.00555
0.00555
0.00556
0.00557
0.00558
0.00559
0.00561
0.00563
0.00566
0.00568
0.00572
0.00574
0.00579
0.00583
0.00588
0.00592
0.00597
0.00602
0.00608
0.00613
0.00619
0.00624
0.0063
0.00636
0.00641
0.00647
0.00652
0.00656
0.00661
0.00665
0.00669
0.00672
0.00675
0.00677
0.00679
0.0068
0.00681
0.00681
0.0068
0.0068
0.00679
0.00677
0.00675
0.00672
0.0067
0.00666
0.00663
0.00658
0.00654
0.00649
0.00646
0.00641
0.00636
0.0063
0.00625
0.0062
0.00615
0.0061
0.00606
0.006
0.00595
0.0059
0.00586
0.00581
0.00577
0.00572
0.00569
0.00564
0.0056
0.00556
0.00552
0.00549
0.00546
0.00543
0.00541
0.00536
0.00535
0.00532
0.0053
0.00527
0.00525
0.00522
0.00522
0.00519
0.00518
0.00516
0.00514
0.00513
0.00512
0.00511
0.00511
0.00509
0.00509
0.00508
0.00508
0.00507
0.00507
0.00506
0.00507
0.00506
0.00506
0.00506
0.00506
0.00507
0.00508
0.00508
0.0051
0.0051
0.00511
0.00512
0.00514
0.00515
0.00517
0.00518
0.00521
0.00522
0.00525
0.00527
0.00529
0.00532
0.00535
0.00537
0.00541
0.00543
0.00546
0.00549
0.00553
0.00555
0.00559
0.00561
0.00566
0.00568
0.00572
0.00574
0.00577
0.00581
0.00584
0.00587
0.0059
0.00592
0.00596
0.00598
0.00601
0.00603
0.00606
0.00607
0.00611
0.00612
0.00614
0.00616
0.00617
0.0062
0.00621
0.00623
0.00624
0.00625
0.00627
0.00627
0.00629
0.00629
0.0063
0.0063
0.00632
0.00632
0.00632
0.00632
0.00632
0.00633
0.00633
0.00633
0.00634
0.00633
0.00634
0.00634
0.00635
0.00635
0.00636
0.00636
0.00638
0.00638
0.00639
0.00641
0.00642
0.00644
0.00646
0.00647
0.0065
0.00651
0.00654
0.00656
0.0066
0.00662
0.00665
0.00667
0.0067
0.00673
0.00675
0.00678
0.0068
0.00683
0.00685
0.00688
0.0069
0.00691
0.00694
0.00695
0.00697
0.00697
0.00698
0.00698
0.007
0.007
0.007
0.007
0.007
0.007
0.007
0.007
0.007
0.00698
0.00699
0.00698
0.00698
0.00696
0.00696
0.00695
0.00695
0.00694
0.00693
0.00692
0.00691
0.0069
0.00689
0.00687
0.00686
0.00683
0.00682
0.00679
0.00677
0.00673
0.0067
0.00666
0.00664
0.00659
0.00654
0.0065
0.00645
0.0064
0.00635
0.0063
0.00625
0.00619
0.00614
0.00608
0.00604
0.00598
0.00594
0.00589
0.00585
0.00581
0.00578
0.00574
0.00571
0.00569
0.00567
0.00566
0.00566
0.00564
0.00564
0.00564
0.00565
0.00565
0.00566
0.00567
0.00569
0.0057
0.00571
0.00572
0.00574
0.00575
0.00577
0.00578
0.00579
0.00579
0.0058
0.0058
0.00582
0.00581
0.00581
0.0058
0.0058
0.00579
0.00578
0.00577
0.00576
0.00575
0.00574
0.00573
0.00572
0.00571
0.00571
0.00569
0.00569
0.00568
0.00568
0.00567
0.00568
0.00568
0.00568
0.00568
0.00569
0.0057
0.00571
0.00572
0.00574
0.00574
0.00576
0.00577
0.00579
0.00579
0.00581
0.00582
0.00584
0.00585
0.00586
0.00587
0.00588
0.00589
0.0059
0.00591
0.00592
0.00592
0.00593
0.00594
0.00595
0.00595
0.00596
0.00596
0.00598
0.00597
0.00598
0.00598
0.00598
0.00598
0.00598
0.00598
0.00598
0.00597
0.00597
0.00596
0.00595
0.00593
0.00592
0.0059
0.00589
0.00586
0.00584
0.00581
0.00578
0.00575
0.00572
0.00569
0.00566
0.00562
0.00559
0.00555
0.00552
0.00548
0.00545
0.00541
0.0054
0.00536
0.00533
0.00531
0.00528
0.00527
0.00525
0.00524
0.00523
0.00522
0.00522
0.00521
0.00522
0.00521
0.00522
0.00521
0.00523
0.00523
0.00524
0.00524
0.00525
0.00526
0.00527
0.00528
0.00529
0.00528
0.0053
0.0053
0.0053
0.0053
0.0053
0.0053
0.0053
0.0053
0.00529
0.00528
0.00528
0.00528
0.00528
0.00527
0.00527
0.00525
0.00526
0.00525
0.00525
0.00524
0.00524
0.00523
0.00524
0.00523
0.00523
0.00522
0.00522
0.00522
0.00521
0.00521
0.00521
0.00519
0.00519
0.00518
0.00517
0.00515
0.00515
0.00513
0.00512
0.0051
0.00509
0.00507
0.00505
0.00503
0.00502
0.005
0.00499
0.00496
0.00495
0.00492
0.00491
0.00489
0.00488
0.00486
0.00486
0.00484
0.00483
0.00481
0.0048
0.00479
0.00479
0.00478
0.00478
0.00476
0.00476
0.00475
0.00475
0.00474
0.00474
0.00472
0.00473
0.00471
0.00471
0.0047
0.00469
0.00469
0.00469
0.00468
0.00469
0.00468
0.00468
0.00468
0.00469
0.00469
0.0047
0.0047
0.00472
0.00473
0.00475
0.00476
0.00478
0.00481
0.00484
0.00486
0.0049
0.00492
0.00496
0.00499
0.00503
0.00505
0.00509
0.00512
0.00516
0.00519
0.00522
0.00525
0.00528
0.00531
0.00534
0.00536
0.00539
0.0054
0.00543
0.00544
0.00546
0.00547
0.00549
0.00549
0.00551
0.00552
0.00553
0.00554
0.00554
0.00556
0.00557
0.00558
0.0056
0.00561
0.00562
0.00563
0.00566
0.00566
0.00568
0.00569
0.00571
0.00572
0.00573
0.00574
0.00574
0.00575
0.00575
0.00575
0.00575
0.00573
0.00573
0.00571
0.00569
0.00566
0.00564
0.00559
0.00557
0.00552
0.00548
0.00542
0.00537
0.00532
0.00526
0.0052
0.00515
0.00507
0.00502
0.00495
0.0049
0.00483
0.00478
0.00471
0.00467
0.00461
0.00457
0.00452
0.00448
0.00444
0.00441
0.00438
0.00436
0.00432
0.00431
0.00429
0.00429
0.00427
0.00426
0.00425
0.00426
0.00425
0.00425
0.00425
0.00425
0.00426
0.00426
0.00427
0.00428
0.00428
0.00429
0.0043
0.00431
0.00431
0.00433
0.00433
0.00435
0.00436
0.00437
0.00439
0.0044
0.00442
0.00443
0.00445
0.00448
0.00449
0.00452
0.00454
0.00457
0.00459
0.00462
0.00464
0.00468
0.0047
0.00472
0.00475
0.00477
0.0048
0.00483
0.00485
0.00488
0.00489
0.00492
0.00494
0.00497
0.00498
0.005
0.00501
0.00504
0.00504
0.00506
0.00507
0.00508
0.0051
0.00512
0.00514
0.00515
0.00517
0.00519
0.00521
0.00524
0.00526
0.00529
0.00531
0.00535
0.00538
0.00542
0.00546
0.00549
0.00554
0.00559
0.00564
0.00569
0.00573
0.00579
0.00583
0.00589
0.00593
0.00599
0.00603
0.0061
0.00614
0.00618
0.00623
0.00627
0.00631
0.00636
0.00639
0.00644
0.00646
0.0065
0.00652
0.00656
0.00658
0.00661
0.00662
0.00665
0.00667
0.00669
0.00671
0.00672
0.00674
0.00677
0.00678
0.00681
0.00682
0.00685
0.00686
0.00689
0.00691
0.00694
0.00696
0.00699
0.00702
0.00705
0.00708
0.00711
0.00715
0.00718
0.00722
0.00726
0.00729
0.00733
0.00736
0.0074
0.00743
0.00747
0.00749
0.00753
0.00756
0.00758
0.00761
0.00763
0.00765
0.00767
0.00769
0.00771
0.00771
0.00772
0.00772
0.00773
0.00773
0.00773
0.00772
0.00773
0.00772
0.00771
0.0077
0.0077
0.00769
0.00769
0.00768
0.00768
0.00767
0.00768
0.00767
0.00768
0.00768
0.0077
0.0077
0.00772
0.00773
0.00775
0.00777
0.00779
0.00781
0.00784
0.00787
0.0079
0.00792
0.00796
0.00798
0.00801
0.00803
0.00805
0.00807
0.0081
0.0081
0.00812
0.00812
0.00812
0.00812
0.00812
0.0081
0.0081
0.00807
0.00805
0.00801
0.00799
0.00794
0.00791
0.00785
0.00782
0.00776
0.00771
0.00765
0.0076
0.00754
0.00749
0.00743
0.00739
0.00732
0.00727
0.00722
0.00718
0.00712
0.00708
0.00703
0.00701
0.00696
0.00693
0.0069
0.00686
0.00684
0.00682
0.00679
0.00677
0.00674
0.00673
0.00671
0.0067
0.00668
0.00667
0.00665
0.00664
0.00662
0.00661
0.00659
0.00658
0.00657
0.00656
0.00655
0.00654
0.00652
0.00652
0.00651
0.00651
0.00649
0.00649
0.00648
0.00649
0.00649
0.00649
0.00649
0.00649
0.00649
0.0065
0.00651
0.00652
0.00652
0.00654
0.00654
0.00655
0.00655
0.00657
0.00657
0.00658
0.00657
0.00657
0.00657
0.00656
0.00655
0.00655
0.00653
0.00652
0.00649
0.00647
0.00644
0.00642
0.00637
0.00634
0.0063
0.00627
0.00622
0.00618
0.00613
0.00608
0.00605
0.006
0.00596
0.00592
0.00587
0.00584
0.0058
0.00577
0.00574
0.00572
0.00569
0.00567
0.00565
0.00564
0.00563
0.00562
0.00562
0.00562
0.00562
0.00563
0.00563
0.00564
0.00565
0.00567
0.00567
0.00569
0.0057
0.00572
0.00573
0.00574
0.00575
0.00576
0.00577
0.00577
0.00578
0.00578
0.00577
0.00577
0.00577
0.00577
0.00575
0.00574
0.00572
0.00571
0.00569
0.00567
0.00565
0.00563
0.00561
0.00559
0.00557
0.00555
0.00552
0.00551
0.00548
0.00546
0.00543
0.00542
0.00539
0.00538
0.00535
0.00533
0.00531
0.00528
0.00526
0.00524
0.00522
0.0052
0.00517
0.00515
0.00512
0.0051
0.00507
0.00504
0.00501
0.00499
0.00495
0.00492
0.00488
0.00485
0.00482
0.00478
0.00475
0.00472
0.00468
0.00465
0.00461
0.00458
0.00454
0.00451
0.00447
0.00445
0.00442
0.00439
0.00436
0.00434
0.00431
0.00429
0.00427
0.00426
0.00423
0.00422
0.0042
0.00419
0.00417
0.00417
0.00415
0.00415
0.00413
0.00413
0.00412
0.00411
0.00411
0.0041
0.0041
0.0041
0.00409
0.0041
0.00409
0.00411
0.0041
0.00411
0.00411
0.00413
0.00414
0.00416
0.00417
0.00419
0.00421
0.00424
0.00427
0.0043
0.00432
0.00437
0.0044
0.00444
0.00447
0.00452
0.00455
0.00461
0.00465
0.00469
0.00473
0.00477
0.00481
0.00486
0.0049
0.00494
0.00497
0.00501
0.00504
0.00508
0.0051
0.00513
0.00515
0.00518
0.00519
0.00521
0.00522
0.00523
0.00525
0.00527
0.00527
0.00529
0.00529
0.0053
0.00531
0.00533
0.00533
0.00534
0.00535
0.00537
0.00537
0.00539
0.0054
0.00541
0.00543
0.00545
0.00546
0.00548
0.00549
0.00551
0.00551
0.00553
0.00554
0.00555
0.00555
0.00556
0.00555
0.00555
0.00554
0.00553
0.00552
0.0055
0.00548
0.00546
0.00542
0.0054
0.00536
0.00533
0.00528
0.00525
0.0052
0.00516
0.00511
0.00507
0.00502
0.00498
0.00494
0.00491
0.00487
0.00484
0.0048
0.00479
0.00476
0.00475
0.00474
0.00474
0.00473
0.00474
0.00475
0.00477
0.00479
0.00481
0.00484
0.00488
0.00492
0.00497
0.00501
0.00506
0.00511
0.00517
0.00521
0.00527
0.00532
0.00538
0.00543
0.00549
0.00553
0.00558
0.00563
0.00568
0.00573
0.00577
0.0058
0.00585
0.00589
0.00593
0.00595
0.00599
0.00601
0.00605
0.00608
0.0061
0.00613
0.00615
0.00618
0.00621
0.00624
0.00628
0.0063
0.00634
0.00636
0.0064
0.00643
0.00647
0.00649
0.00654
0.00657
0.0066
0.00663
0.00666
0.00669
0.00672
0.00674
0.00677
0.00678
0.0068
0.00681
0.00682
0.00682
0.00682
0.0068
0.00679
0.00677
0.00674
0.00671
0.00667
0.00663
0.00659
0.00654
0.00649
0.00642
0.00636
0.00629
0.00623
0.00616
0.00609
0.00601
0.00595
0.00587
0.0058
0.00573
0.00566
0.0056
0.00554
0.00548
0.00543
0.00536
0.00532
0.00527
0.00523
0.00518
0.00515
0.00511
0.00509
0.00506
0.00503
0.00501
0.00498
0.00496
0.00494
0.00491
0.00489
0.00486
0.00484
0.00481
0.00479
0.00474
0.00472
0.00467
0.00465
0.0046
0.00456
0.00451
0.00446
0.00441
0.00436
0.00431
0.00426
0.00419
0.00415
0.00409
0.00404
0.00399
0.00394
0.00389
0.00385
0.00381
0.00377
0.00374
0.00371
0.00369
0.00367
0.00366
0.00366
0.00365
0.00366
0.00366
0.00368
0.0037
0.00372
0.00374
0.00378
0.00381
0.00385
0.00388
0.00392
0.00397
0.00401
0.00406
0.00411
0.00414
0.00419
0.00422
0.00427
0.0043
0.00434
0.00435
0.00439
0.00441
0.00443
0.00445
0.00446
0.00447
0.00448
0.00448
0.00449
0.00447
0.00448
0.00446
0.00446
0.00444
0.00443
0.0044
0.0044
0.00437
0.00435
0.00433
0.00431
0.00429
0.00428
0.00426
0.00424
0.00422
0.00421
0.00419
0.00418
0.00416
0.00415
0.00413
0.00413
0.00412
0.00411
0.00411
0.0041
0.0041
0.0041
0.00409
0.0041
0.00409
0.0041
0.0041
0.00411
0.0041
0.00411
0.00411
0.00413
0.00413
0.00413
0.00414
0.00414
0.00415
0.00416
0.00417
0.00418
0.00418
0.00419
0.0042
0.00421
0.00421
0.00422
0.00422
0.00424
0.00423
0.00424
0.00424
0.00423
0.00423
0.00423
0.00423
0.00423
0.00421
0.00421
0.00419
0.00419
0.00417
0.00416
0.00413
0.00412
0.0041
0.00408
0.00405
0.00402
0.004
0.00398
0.00395
0.00393
0.00389
0.00387
0.00384
0.00382
0.00378
0.00376
0.00373
0.00371
0.00368
0.00366
0.00363
0.0036
0.00358
0.00356
0.00354
0.00352
0.00349
0.00348
0.00345
0.00344
0.00341
0.00339
0.00336
0.00335
0.00332
0.00329
0.00326
0.00324
0.00321
0.00319
0.00316
0.00313
0.0031
0.00308
0.00304
0.00302
0.00298
0.00296
0.00293
0.00292
0.00289
0.00287
0.00285
0.00283
0.00282
0.00282
0.00281
0.00282
0.00281
0.00283
0.00284
0.00286
0.00287
0.00291
0.00293
0.00298
0.00301
0.00305
0.0031
0.00314
0.0032
0.00326
0.00331
0.00337
0.00342
0.00349
0.00355
0.00362
0.00367
0.00374
0.00379
0.00386
0.00391
0.00396
0.00401
0.00406
0.00411
0.00415
0.00419
0.00424
0.00427
0.00431
0.00434
0.00439
0.00441
0.00444
0.00447
0.0045
0.00453
0.00456
0.00458
0.00461
0.00464
0.00467
0.0047
0.00474
0.00476
0.0048
0.00483
0.00487
0.00491
0.00495
0.00497
0.00502
0.00505
0.00509
0.00513
0.00516
0.0052
0.00523
0.00526
0.0053
0.00532
0.00535
0.00536
0.00539
0.0054
0.00541
0.00542
0.00543
0.00543
0.00543
0.00543
0.00542
0.00541
0.0054
0.00539
0.00538
0.00535
0.00534
0.00532
0.00531
0.00528
0.00526
0.00523
0.00522
0.0052
0.00518
0.00516
0.00514
0.00513
0.00512
0.00511
0.0051
0.00509
0.00509
0.00508
0.00509
0.00508
0.00508
0.00508
0.00509
0.00509
0.00509
0.0051
0.0051
0.0051
0.00511
0.00512
0.00512
0.00511
0.00512
0.00511
0.00511
0.0051
0.00509
0.00507
0.00506
0.00504
0.00502
0.00499
0.00496
0.00493
0.0049
0.00486
0.00483
0.00478
0.00474
0.00469
0.00465
0.0046
0.00455
0.00449
0.00445
0.0044
0.00435
0.00429
0.00424
0.0042
0.00415
0.00411
0.00407
0.00402
0.00399
0.00395
0.00392
0.00388
0.00386
0.00382
0.00381
0.00378
0.00377
0.00375
0.00373
0.00372
0.00371
0.0037
0.0037
0.00368
0.00368
0.00368
0.00368
0.00367
0.00367
0.00367
0.00367
0.00367
0.00367
0.00366
0.00365
0.00365
0.00365
0.00365
0.00365
0.00364
0.00365
0.00364
0.00365
0.00364
0.00364
0.00363
0.00364
0.00364
0.00364
0.00364
0.00364
0.00365
0.00366
0.00367
0.00368
0.00368
0.0037
0.00371
0.00373
0.00373
0.00376
0.00377
0.0038
0.00381
0.00383
0.00384
0.00386
0.00388
0.00391
0.00393
0.00395
0.00396
0.00399
0.004
0.00403
0.00403
0.00406
0.00406
0.00409
0.00409
0.00411
0.00411
0.00412
0.00413
0.00414
0.00415
0.00416
0.00415
0.00416
0.00415
0.00416
0.00414
0.00414
0.00413
0.00413
0.00411
0.00409
0.00407
0.00404
0.00402
0.004
0.00397
0.00395
0.0039
0.00388
0.00383
0.0038
0.00375
0.00372
0.00366
0.00363
0.00358
0.00353
0.00348
0.00343
0.00339
0.00335
0.0033
0.00326
0.00321
0.00318
0.00314
0.00312
0.00308
0.00306
0.00302
0.00302
0.00299
0.00298
0.00297
0.00296
0.00295
0.00296
0.00296
0.00297
0.00297
0.00299
0.003
0.00302
0.00303
0.00305
0.00307
0.0031
0.00311
0.00313
0.00315
0.00317
0.00319
0.00321
0.00323
0.00326
0.00326
0.00329
0.0033
0.00332
0.00333
0.00334
0.00335
0.00337
0.00338
0.00339
0.00339
0.0034
0.00341
0.00342
0.00343
0.00344
0.00344
0.00346
0.00346
0.00347
0.00347
0.00349
0.00348
0.0035
0.0035
0.0035
0.0035
0.0035
0.0035
0.0035
0.00349
0.00349
0.00347
0.00347
0.00345
0.00344
0.00342
0.00341
0.00337
0.00336
0.00333
0.00331
0.00327
0.00324
0.00321
0.00318
0.00315
0.00311
0.00307
0.00304
0.00299
0.00297
0.00292
0.00289
0.00284
0.00281
0.00277
0.00273
0.00269
0.00266
0.00262
0.00259
0.00256
0.00253
0.00249
0.00246
0.00243
0.00241
0.00237
0.00235
0.00232
0.0023
0.00227
0.00225
0.00222
0.0022
0.00219
0.00217
0.00216
0.00215
0.00213
0.00213
0.00212
0.00213
0.00212
0.00214
0.00214
0.00215
0.00217
0.00218
0.0022
0.00223
0.00226
0.0023
0.00234
0.00238
0.00242
0.00247
0.00252
0.00258
0.00263
0.00269
0.00275
0.00282
0.00288
0.00295
0.00301
0.00307
0.00314
0.00321
0.00328
0.00335
0.0034
0.00347
0.00352
0.00359
0.00364
0.00369
0.00373
0.00379
0.00383
0.00387
0.0039
0.00393
0.00397
0.00399
0.00402
0.00405
0.00406
0.00408
0.00408
0.0041
0.0041
0.00411
0.00411
0.00413
0.00412
0.00412
0.00412
0.00411
0.00412
0.00412
0.00412
0.00413
0.00412
0.00413
0.00413
0.00414
0.00414
0.00415
0.00416
0.00418
0.00419
0.00421
0.00422
0.00424
0.00427
0.0043
0.00433
0.00437
0.00439
0.00443
0.00446
0.00451
0.00454
0.00458
0.00461
0.00466
0.0047
0.00474
0.00478
0.00482
0.00486
0.0049
0.00494
0.00498
0.00501
0.00505
0.00507
0.00511
0.00513
0.00517
0.00518
0.00522
0.00523
0.00526
0.00528
0.00529
0.00532
0.00533
0.00535
0.00538
0.00538
0.00541
0.00542
0.00545
0.00545
0.00548
0.00549
0.00552
0.00553
0.00555
0.00557
0.00559
0.00561
0.00564
0.00566
0.00568
0.00569
0.00572
0.00573
0.00576
0.00576
0.00578
0.00578
0.0058
0.0058
0.0058
0.0058
0.00579
0.00579
0.00578
0.00576
0.00575
0.00572
0.00571
0.00567
0.00566
0.00562
0.00559
0.00555
0.00553
0.00548
0.00545
0.00541
0.00537
0.00533
0.0053
0.00527
0.00524
0.0052
0.00517
0.00514
0.00512
0.00509
0.00507
0.00504
0.00503
0.00501
0.00499
0.00497
0.00496
0.00495
0.00494
0.00493
0.00492
0.0049
0.0049
0.00488
0.00487
0.00486
0.00485
0.00483
0.00482
0.00479
0.00478
0.00476
0.00473
0.00471
0.0047
0.00467
0.00466
0.00462
0.00461
0.00458
0.00457
0.00455
0.00453
0.00451
0.00451
0.00449
0.00448
0.00448
0.00447
0.00448
0.00448
0.0045
0.00451
0.00452
0.00454
0.00456
0.00459
0.00461
0.00465
0.00467
0.00472
0.00475
0.00479
0.00483
0.00486
0.00491
0.00495
0.00499
0.00504
0.00507
0.00511
0.00514
0.00518
0.0052
0.00523
0.00525
0.00528
0.00529
0.0053
0.00531
0.00531
0.00531
0.00531
0.0053
0.00529
0.00526
0.00525
0.00522
0.00519
0.00515
0.00512
0.00507
0.00504
0.00499
0.00494
0.00489
0.00484
0.00479
0.00474
0.00469
0.00465
0.00459
0.00455
0.0045
0.00447
0.00442
0.00439
0.00434
0.00432
0.00428
0.00425
0.00422
0.0042
0.00418
0.00416
0.00414
0.00414
0.00411
0.00411
0.00409
0.00409
0.00406
0.00406
0.00404
0.00404
0.00402
0.004
0.00398
0.00396
0.00395
0.00393
0.0039
0.00388
0.00385
0.00383
0.00379
0.00377
0.00373
0.0037
0.00366
0.00364
0.0036
0.00356
0.00352
0.00349
0.00346
0.00343
0.0034
0.00337
0.00334
0.00332
0.00329
0.00328
0.00326
0.00324
0.00323
0.00323
0.00321
0.0032
0.0032
0.00319
0.00319
0.0032
0.0032
0.00321
0.0032
0.00322
0.00322
0.00323
0.00323
0.00325
0.00325
0.00327
0.00328
0.00329
0.0033
0.00331
0.00332
0.00334
0.00335
0.00337
0.00337
0.00339
0.00341
0.00343
0.00344
0.00346
0.00347
0.00351
0.00352
0.00354
0.00357
0.00359
0.00362
0.00365
0.00368
0.00372
0.00375
0.00379
0.00382
0.00387
0.0039
0.00395
0.00399
0.00404
0.00408
0.00413
0.00417
0.00422
0.00427
0.00432
0.00437
0.00442
0.00446
0.00452
0.00456
0.00461
0.00465
0.0047
0.00473
0.00478
0.00481
0.00485
0.00487
0.00491
0.00493
0.00496
0.00498
0.00501
0.00501
0.00503
0.00504
0.00505
0.00504
0.00505
0.00504
0.00504
0.00503
0.00502
0.005
0.00498
0.00497
0.00495
0.00493
0.00491
0.00488
0.00486
0.00483
0.00481
0.00478
0.00476
0.00473
0.00471
0.00468
0.00466
0.00463
0.00461
0.0046
0.00458
0.00457
0.00455
0.00453
0.00453
0.00452
0.00452
0.0045
0.0045
0.00449
0.0045
0.0045
0.0045
0.0045
0.0045
0.00451
0.00452
0.00452
0.00454
0.00453
0.00455
0.00455
0.00457
0.00457
0.00458
0.00458
0.0046
0.00461
0.00461
0.00462
0.00463
0.00463
0.00465
0.00465
0.00467
0.00467
0.00469
0.00469
0.00471
0.00472
0.00474
0.00474
0.00478
0.00479
0.00481
0.00483
0.00485
0.00488
0.00491
0.00494
0.00498
0.005
0.00504
0.00507
0.00512
0.00515
0.00519
0.00522
0.00527
0.0053
0.00534
0.00537
0.00541
0.00545
0.00548
0.00551
0.00555
0.00557
0.0056
0.00562
0.00564
0.00566
0.00567
0.00568
0.0057
0.0057
0.00571
0.0057
0.0057
0.0057
0.00569
0.00568
0.00567
0.00565
0.00564
0.00562
0.00561
0.00558
0.00557
0.00554
0.00553
0.0055
0.00548
0.00545
0.00542
0.0054
0.00538
0.00535
0.00533
0.0053
0.00528
0.00526
0.00524
0.00521
0.00519
0.00516
0.00515
0.00512
0.0051
0.00507
0.00504
0.00502
0.005
0.00497
0.00496
0.00492
0.0049
0.00487
0.00485
0.00481
0.00479
0.00475
0.00473
0.0047
0.00466
0.00463
0.0046
0.00457
0.00454
0.00451
0.00448
0.00444
0.00442
0.00438
0.00436
0.00432
0.0043
0.00427
0.00426
0.00424
0.00422
0.0042
0.00419
0.00418
0.00417
0.00417
0.00417
0.00416
0.00417
0.00417
0.00418
0.00418
0.0042
0.0042
0.00422
0.00423
0.00424
0.00425
0.00426
0.00427
0.00428
0.00429
0.0043
0.00429
0.00429
0.00428
0.00428
0.00426
0.00425
0.00422
0.00421
0.00417
0.00414
0.00411
0.00406
0.00403
0.00399
0.00394
0.0039
0.00385
0.00381
0.00375
0.00372
0.00367
0.00363
0.00358
0.00356
0.00352
0.00349
0.00346
0.00344
0.00343
0.00342
0.00341
0.00342
0.00341
0.00343
0.00343
0.00346
0.00347
0.0035
0.00352
0.00355
0.00358
0.00361
0.00364
0.00367
0.00371
0.00374
0.00377
0.00381
0.00383
0.00386
0.00388
0.00391
0.00392
0.00394
0.00395
0.00397
0.00397
0.00398
0.00398
0.00398
0.00398
0.00398
0.00398
0.00398
0.00397
0.00397
0.00396
0.00396
0.00395
0.00396
0.00395
0.00395
0.00395
0.00395
0.00395
0.00395
0.00395
0.00396
0.00396
0.00398
0.00397
0.00398
0.00399
0.004
0.004
0.00401
0.00401
0.00403
0.00403
0.00404
0.00404
0.00404
0.00405
0.00406
0.00406
0.00407
0.00406
0.00407
0.00406
0.00407
0.00406
0.00407
0.00406
0.00408
0.00407
0.00408
0.00408
0.00408
0.00408
0.00409
0.0041
0.00412
0.00412
0.00414
0.00414
0.00417
0.00417
0.0042
0.00421
0.00424
0.00425
0.00427
0.00429
0.00431
0.00434
0.00436
0.00439
0.00442
0.00443
0.00446
0.00447
0.0045
0.00452
0.00454
0.00455
0.00458
0.00459
0.0046
0.00461
0.00462
0.00463
0.00465
0.00465
0.00466
0.00466
0.00467
0.00466
0.00467
0.00466
0.00466
0.00465
0.00466
0.00465
0.00464
0.00463
0.00462
0.00461
0.0046
0.0046
0.00459
0.00457
0.00457
0.00455
0.00455
