1.48495747707555E+03

-0.00224
-0.00231
-0.00237
-0.00243
-0.00249
-0.00256
-0.00262
-0.00268
-0.00274
-0.0028
-0.00285
-0.00291
-0.00296
-0.00302
-0.00307
-0.00312
-0.00317
-0.00322
-0.00326
-0.00331
-0.00335
-0.00339
-0.00343
-0.00347
-0.00351
-0.00354
-0.00358
-0.00361
-0.00364
-0.00368
-0.00371
-0.00374
-0.00377
-0.0038
-0.00383
-0.00386
-0.00388
-0.00391
-0.00394
-0.00397
-0.004
-0.00403
-0.00405
-0.00407
-0.00409
-0.00412
-0.00414
-0.00416
-0.00418
-0.0042
-0.00422
-0.00424
-0.00425
-0.00426
-0.00427
-0.00428
-0.00429
-0.00429
-0.00429
-0.0043
-0.00429
-0.0043
-0.00429
-0.00429
-0.00427
-0.00427
-0.00425
-0.00425
-0.00423
-0.00421
-0.0042
-0.00418
-0.00416
-0.00413
-0.00411
-0.00408
-0.00405
-0.00403
-0.00399
-0.00396
-0.00392
-0.00388
-0.00384
-0.0038
-0.00375
-0.00371
-0.00366
-0.00361
-0.00355
-0.00349
-0.00343
-0.00337
-0.0033
-0.00324
-0.00316
-0.00309
-0.00301
-0.00294
-0.00286
-0.00279
-0.0027
-0.00262
-0.00253
-0.00245
-0.00237
-0.00228
-0.0022
-0.00211
-0.00203
-0.00195
-0.00186
-0.00179
-0.00171
-0.00163
-0.00156
-0.00149
-0.00142
-0.00136
-0.0013
-0.00124
-0.00119
-0.00114
-0.00109
-0.00105
-0.001
-0.00097
-0.00094
-0.00091
-0.00088
-0.00086
-0.00083
-0.00082
-0.0008
-0.00079
-0.00077
-0.00076
-0.00076
-0.00074
-0.00074
-0.00073
-0.00072
-0.00072
-0.00071
-0.0007
-0.00069
-0.00069
-0.00068
-0.00067
-0.00066
-0.00065
-0.00064
-0.00063
-0.00062
-0.0006
-0.00058
-0.00057
-0.00055
-0.00054
-0.00051
-0.0005
-0.00047
-0.00046
-0.00043
-0.00042
-0.00039
-0.00037
-0.00034
-0.00032
-0.0003
-0.00027
-0.00024
-0.00021
-0.00017
-0.00015
-0.00011
-7e-05
-3e-05
1e-05
5e-05
9e-05
0.00015
0.0002
0.00025
0.0003
0.00036
0.00043
0.00049
0.00056
0.00063
0.0007
0.00078
0.00086
0.00094
0.00102
0.0011
0.00118
0.00127
0.00136
0.00144
0.00153
0.00162
0.00171
0.0018
0.00189
0.00198
0.00206
0.00216
0.00224
0.00233
0.00241
0.0025
0.00258
0.00267
0.00275
0.00284
0.00292
0.003
0.00308
0.00317
0.00325
0.00334
0.00342
0.0035
0.00359
0.00367
0.00376
0.00384
0.00393
0.00402
0.00411
0.0042
0.00428
0.00437
0.00446
0.00456
0.00465
0.00474
0.00483
0.00492
0.00501
0.0051
0.00518
0.00527
0.00536
0.00545
0.00553
0.00561
0.00568
0.00576
0.00584
0.00591
0.00598
0.00605
0.00611
0.00617
0.00623
0.00629
0.00633
0.00638
0.00643
0.00647
0.00651
0.00654
0.00658
0.0066
0.00663
0.00666
0.00668
0.0067
0.00671
0.00672
0.00673
0.00674
0.00674
0.00675
0.00675
0.00675
0.00675
0.00674
0.00674
0.00673
0.00672
0.00671
0.0067
0.00669
0.00667
0.00666
0.00664
0.00663
0.0066
0.00658
0.00656
0.00654
0.00651
0.00648
0.00645
0.00641
0.00638
0.00634
0.0063
0.00626
0.00621
0.00617
0.00611
0.00606
0.006
0.00594
0.00587
0.00581
0.00573
0.00566
0.00558
0.00549
0.00541
0.00532
0.00523
0.00513
0.00503
0.00493
0.00483
0.00473
0.00462
0.00451
0.00439
0.00429
0.00417
0.00405
0.00394
0.00382
0.0037
0.00358
0.00346
0.00334
0.00322
0.0031
0.00298
0.00286
0.00273
0.00261
0.00248
0.00236
0.00223
0.0021
0.00197
0.00184
0.00172
0.00159
0.00145
0.00132
0.00118
0.00105
0.00091
0.00077
0.00063
0.00049
0.00034
0.0002
5e-05
-0.0001
-0.00025
-0.0004
-0.00055
-0.0007
-0.00085
-0.001
-0.00116
-0.0013
-0.00146
-0.00161
-0.00177
-0.00191
-0.00207
-0.00221
-0.00237
-0.00251
-0.00266
-0.00281
-0.00296
-0.0031
-0.00324
-0.00338
-0.00353
-0.00366
-0.0038
-0.00393
-0.00407
-0.0042
-0.00433
-0.00446
-0.00459
-0.00471
-0.00483
-0.00495
-0.00507
-0.00518
-0.00529
-0.0054
-0.0055
-0.0056
-0.0057
-0.00579
-0.00587
-0.00595
-0.00603
-0.0061
-0.00616
-0.00622
-0.00627
-0.00631
-0.00635
-0.00638
-0.0064
-0.00641
-0.00642
-0.00641
-0.00641
-0.00639
-0.00637
-0.00633
-0.00629
-0.00624
-0.00619
-0.00612
-0.00606
-0.00598
-0.0059
-0.00581
-0.00572
-0.00562
-0.00552
-0.00541
-0.00531
-0.00519
-0.00508
-0.00496
-0.00485
-0.00472
-0.0046
-0.00448
-0.00435
-0.00423
-0.00411
-0.00398
-0.00386
-0.00373
-0.00361
-0.00349
-0.00337
-0.00324
-0.00313
-0.00301
-0.00289
-0.00277
-0.00266
-0.00254
-0.00243
-0.00232
-0.00221
-0.00209
-0.00198
-0.00187
-0.00177
-0.00166
-0.00155
-0.00144
-0.00134
-0.00124
-0.00114
-0.00104
-0.00094
-0.00085
-0.00075
-0.00066
-0.00057
-0.00048
-0.00039
-0.00031
-0.00023
-0.00015
-7e-05
0.0
7e-05
0.00014
0.0002
0.00027
0.00033
0.00038
0.00043
0.00048
0.00053
0.00057
0.00061
0.00065
0.00068
0.00071
0.00074
0.00076
0.00078
0.00079
0.0008
0.00082
0.00082
0.00082
0.00082
0.00081
0.0008
0.00079
0.00077
0.00075
0.00073
0.0007
0.00067
0.00065
0.00061
0.00058
0.00053
0.0005
0.00046
0.00042
0.00037
0.00033
0.00029
0.00025
0.0002
0.00016
0.00011
8e-05
3e-05
0.0
-4e-05
-7e-05
-0.00011
-0.00013
-0.00017
-0.00019
-0.00022
-0.00024
-0.00026
-0.00027
-0.00029
-0.0003
-0.00032
-0.00032
-0.00033
-0.00033
-0.00034
-0.00034
-0.00034
-0.00033
-0.00033
-0.00033
-0.00033
-0.00032
-0.00031
-0.0003
-0.0003
-0.00028
-0.00028
-0.00026
-0.00025
-0.00024
-0.00023
-0.00021
-0.0002
-0.00018
-0.00016
-0.00015
-0.00013
-0.00011
-9e-05
-6e-05
-4e-05
-2e-05
0.0
3e-05
5e-05
8e-05
0.0001
0.00013
0.00015
0.00018
0.00021
0.00023
0.00026
0.00028
0.00031
0.00033
0.00036
0.00038
0.0004
0.00042
0.00044
0.00046
0.00047
0.00049
0.0005
0.00051
0.00052
0.00053
0.00053
0.00053
0.00053
0.00053
0.00053
0.00053
0.00052
0.00051
0.0005
0.00049
0.00047
0.00045
0.00043
0.00042
0.0004
0.00038
0.00035
0.00033
0.00031
0.00028
0.00026
0.00024
0.00021
0.00019
0.00017
0.00015
0.00013
0.00011
9e-05
8e-05
6e-05
4e-05
3e-05
1e-05
0.0
-0.0
-1e-05
-2e-05
-3e-05
-3e-05
-3e-05
-3e-05
-4e-05
-3e-05
-4e-05
-3e-05
-3e-05
-2e-05
-2e-05
-2e-05
-1e-05
0.0
1e-05
2e-05
3e-05
4e-05
6e-05
7e-05
9e-05
0.00011
0.00012
0.00015
0.00017
0.0002
0.00023
0.00025
0.00029
0.00032
0.00036
0.0004
0.00043
0.00048
0.00052
0.00057
0.00061
0.00066
0.0007
0.00076
0.00081
0.00086
0.00091
0.00096
0.001
0.00106
0.00111
0.00116
0.0012
0.00125
0.00129
0.00134
0.00138
0.00142
0.00146
0.0015
0.00153
0.00156
0.00159
0.00162
0.00165
0.00168
0.00171
0.00173
0.00175
0.00178
0.00179
0.00181
0.00183
0.00184
0.00185
0.00187
0.00188
0.00189
0.0019
0.0019
0.00191
0.00191
0.00191
0.00191
0.00191
0.00191
0.00189
0.00189
0.00187
0.00186
0.00184
0.00182
0.0018
0.00177
0.00174
0.00171
0.00167
0.00164
0.0016
0.00155
0.0015
0.00146
0.0014
0.00135
0.00129
0.00123
0.00116
0.0011
0.00104
0.00097
0.0009
0.00083
0.00076
0.00069
0.00061
0.00054
0.00046
0.00039
0.00032
0.00025
0.00017
0.0001
3e-05
-4e-05
-0.00011
-0.00018
-0.00024
-0.00031
-0.00037
-0.00042
-0.00048
-0.00053
-0.00058
-0.00062
-0.00067
-0.0007
-0.00074
-0.00077
-0.0008
-0.00081
-0.00083
-0.00084
-0.00084
-0.00085
-0.00084
-0.00082
-0.00081
-0.00078
-0.00075
-0.00071
-0.00067
-0.00062
-0.00057
-0.0005
-0.00044
-0.00036
-0.00028
-0.00019
-0.0001
0.0
0.00011
0.00022
0.00034
0.00046
0.00058
0.00072
0.00085
0.001
0.00114
0.0013
0.00145
0.00161
0.00177
0.00194
0.00211
0.00228
0.00246
0.00264
0.00282
0.00301
0.0032
0.00339
0.00359
0.00379
0.00399
0.00419
0.0044
0.00461
0.00482
0.00504
0.00525
0.00547
0.0057
0.00592
0.00615
0.00639
0.00661
0.00685
0.00709
0.00733
0.00757
0.00781
0.00805
0.0083
0.00855
0.0088
0.00904
0.00929
0.00954
0.00979
0.01004
0.01029
0.01054
0.01079
0.01103
0.01128
0.01153
0.01177
0.01202
0.01226
0.0125
0.01274
0.01298
0.01321
0.01345
0.01368
0.01391
0.01414
0.01437
0.01459
0.01481
0.01503
0.01524
0.01546
0.01566
0.01587
0.01607
0.01627
0.01646
0.01665
0.01684
0.01702
0.01719
0.01737
0.01753
0.01769
0.01785
0.018
0.01814
0.01828
0.0184
0.01853
0.01865
0.01876
0.01887
0.01897
0.01906
0.01915
0.01923
0.01931
0.01938
0.01944
0.0195
0.01956
0.0196
0.01965
0.01969
0.01973
0.01975
0.01978
0.0198
0.01982
0.01984
0.01985
0.01985
0.01986
0.01986
0.01986
0.01985
0.01985
0.01983
0.01982
0.0198
0.01979
0.01976
0.01974
0.01971
0.01968
0.01965
0.01962
0.01958
0.01955
0.01951
0.01947
0.01943
0.01939
0.01935
0.01931
0.01927
0.01923
0.01919
0.01915
0.0191
0.01907
0.01903
0.019
0.01896
0.01893
0.01889
0.01887
0.01883
0.01881
0.01878
0.01876
0.01873
0.01871
0.01869
0.01867
0.01865
0.01863
0.01861
0.01859
0.01857
0.01855
0.01852
0.0185
0.01847
0.01845
0.01842
0.01839
0.01835
0.01832
0.01828
0.01824
0.01819
0.01815
0.0181
0.01805
0.01799
0.01794
0.01788
0.01782
0.01775
0.01769
0.01762
0.01755
0.01748
0.01741
0.01734
0.01727
0.01719
0.01711
0.01703
0.01696
0.01687
0.01679
0.01671
0.01662
0.01653
0.01645
0.01635
0.01627
0.01617
0.01607
0.01597
0.01587
0.01577
0.01566
0.01555
0.01544
0.01532
0.01521
0.01508
0.01496
0.01483
0.0147
0.01457
0.01444
0.0143
0.01417
0.01402
0.01388
0.01374
0.0136
0.01345
0.01331
0.01316
0.01302
0.01287
0.01273
0.01258
0.01244
0.01229
0.01215
0.01201
0.01187
0.01173
0.01159
0.01145
0.01131
0.01118
0.01105
0.01092
0.01079
0.01066
0.01053
0.01041
0.01029
0.01016
0.01005
0.00992
0.00981
0.0097
0.00959
0.00948
0.00938
0.00927
0.00917
0.00908
0.00899
0.00889
0.00881
0.00872
0.00864
0.00856
0.00849
0.00841
0.00835
0.00828
0.00822
0.00816
0.0081
0.00805
0.008
0.00795
0.0079
0.00785
0.00781
0.00777
0.00773
0.00769
0.00765
0.00761
0.00757
0.00753
0.00749
0.00745
0.00741
0.00738
0.00734
0.0073
0.00726
0.00722
0.00718
0.00714
0.0071
0.00706
0.00702
0.00698
0.00694
0.0069
0.00686
0.00682
0.00678
0.00675
0.00672
0.00668
0.00665
0.00661
0.00658
0.00654
0.00652
0.00648
0.00645
0.00641
0.00638
0.00635
0.00632
0.00628
0.00624
0.00621
0.00617
0.00613
0.00609
0.00605
0.006
0.00596
0.00591
0.00586
0.00581
0.00575
0.0057
0.00564
0.00558
0.00551
0.00545
0.00539
0.00532
0.00525
0.00519
0.00511
0.00505
0.00497
0.00491
0.00483
0.00476
0.00468
0.00461
0.00454
0.00446
0.00439
0.00431
0.00424
0.00416
0.00408
0.00401
0.00392
0.00385
0.00377
0.00369
0.0036
0.00352
0.00343
0.00336
0.00327
0.00318
0.0031
0.00301
0.00292
0.00284
0.00276
0.00267
0.00259
0.00251
0.00242
0.00235
0.00227
0.0022
0.00212
0.00206
0.002
0.00194
0.00188
0.00183
0.00178
0.00174
0.00171
0.00168
0.00165
0.00163
0.00161
0.0016
0.00159
0.00159
0.00158
0.00159
0.0016
0.00161
0.00163
0.00164
0.00167
0.00169
0.00172
0.00175
0.00177
0.00181
0.00184
0.00188
0.00191
0.00194
0.00197
0.00202
0.00205
0.00209
0.00212
0.00216
0.0022
0.00224
0.00228
0.00232
0.00235
0.0024
0.00244
0.00248
0.00252
0.00257
0.00261
0.00265
0.0027
0.00274
0.00279
0.00283
0.00288
0.00293
0.00298
0.00303
0.00307
0.00312
0.00316
0.00321
0.00325
0.0033
0.00333
0.00338
0.00341
0.00344
0.00347
0.0035
0.00353
0.00356
0.00358
0.0036
0.00362
0.00364
0.00365
0.00367
0.00367
0.00368
0.00369
0.00369
0.0037
0.0037
0.0037
0.0037
0.0037
0.0037
0.0037
0.0037
0.0037
0.0037
0.0037
0.00371
0.00371
0.00371
0.00371
0.00372
0.00372
0.00373
0.00373
0.00374
0.00374
0.00375
0.00375
0.00376
0.00376
0.00377
0.00377
0.00378
0.00378
0.00378
0.00378
0.00378
0.00378
0.00377
0.00377
0.00376
0.00375
0.00374
0.00372
0.00371
0.00368
0.00367
0.00364
0.00362
0.00358
0.00356
0.00352
0.00349
0.00345
0.00341
0.00336
0.00332
0.00327
0.00323
0.00318
0.00313
0.00307
0.00302
0.00296
0.00291
0.00285
0.0028
0.00274
0.00268
0.00262
0.00257
0.00251
0.00245
0.0024
0.00234
0.00229
0.00224
0.00218
0.00213
0.00208
0.00204
0.00199
0.00195
0.0019
0.00186
0.00182
0.00178
0.00174
0.0017
0.00167
0.00164
0.0016
0.00158
0.00154
0.00152
0.00149
0.00146
0.00143
0.00141
0.00138
0.00137
0.00134
0.00132
0.0013
0.00128
0.00127
0.00126
0.00124
0.00123
0.00122
0.00121
0.00121
0.00121
0.0012
0.0012
0.0012
0.00121
0.00122
0.00123
0.00124
0.00126
0.00127
0.0013
0.00132
0.00135
0.00137
0.00141
0.00144
0.00148
0.00151
0.00155
0.00159
0.00163
0.00167
0.00171
0.00176
0.0018
0.00184
0.00189
0.00193
0.00197
0.00201
0.00205
0.00208
0.00212
0.00215
0.00219
0.00221
0.00224
0.00226
0.00228
0.0023
0.00232
0.00233
0.00234
0.00235
0.00235
0.00235
0.00235
0.00234
0.00234
0.00232
0.00231
0.00229
0.00228
0.00226
0.00224
0.00221
0.00218
0.00215
0.00212
0.00209
0.00206
0.00201
0.00198
0.00193
0.0019
0.00185
0.0018
0.00175
0.00171
0.00165
0.0016
0.00154
0.00148
0.00142
0.00136
0.0013
0.00123
0.00116
0.0011
0.00102
0.00095
0.00087
0.0008
0.00072
0.00064
0.00056
0.00048
0.00039
0.00031
0.00023
0.00014
6e-05
-2e-05
-0.00011
-0.00019
-0.00028
-0.00035
-0.00044
-0.00051
-0.00059
-0.00066
-0.00074
-0.00081
-0.00088
-0.00094
-0.001
-0.00106
-0.00112
-0.00117
-0.00123
-0.00127
-0.00132
-0.00136
-0.0014
-0.00143
-0.00147
-0.00149
-0.00152
-0.00155
-0.00157
-0.00159
-0.0016
-0.00161
-0.00162
-0.00163
-0.00164
-0.00164
-0.00164
-0.00163
-0.00163
-0.00162
-0.00162
-0.0016
-0.00159
-0.00157
-0.00156
-0.00154
-0.00152
-0.00149
-0.00147
-0.00144
-0.00143
-0.00139
-0.00137
-0.00134
-0.00132
-0.00129
-0.00127
-0.00124
-0.00121
-0.00119
-0.00116
-0.00114
-0.00112
-0.0011
-0.00108
-0.00106
-0.00105
-0.00103
-0.00102
-0.001
-0.00099
-0.00098
-0.00097
-0.00096
-0.00095
-0.00095
-0.00094
-0.00094
-0.00093
-0.00093
-0.00092
-0.00091
-0.00091
-0.0009
-0.0009
-0.00089
-0.00088
-0.00087
-0.00086
-0.00084
-0.00083
-0.00081
-0.0008
-0.00078
-0.00075
-0.00072
-0.0007
-0.00067
-0.00064
-0.0006
-0.00056
-0.00052
-0.00048
-0.00044
-0.00039
-0.00034
-0.00029
-0.00023
-0.00018
-0.00012
-6e-05
1e-05
7e-05
0.00014
0.00021
0.00028
0.00035
0.00043
0.0005
0.00058
0.00065
0.00073
0.00081
0.00089
0.00096
0.00104
0.00112
0.0012
0.00127
0.00135
0.00142
0.00149
0.00156
0.00163
0.00169
0.00175
0.0018
0.00186
0.00191
0.00195
0.00199
0.00203
0.00206
0.00209
0.00211
0.00214
0.00215
0.00216
0.00216
0.00217
0.00216
0.00216
0.00214
0.00213
0.00211
0.00209
0.00206
0.00203
0.002
0.00196
0.00192
0.00188
0.00184
0.0018
0.00175
0.0017
0.00164
0.00159
0.00153
0.00148
0.00142
0.00136
0.0013
0.00124
0.00118
0.00112
0.00105
0.00099
0.00092
0.00086
0.00079
0.00073
0.00066
0.00059
0.00052
0.00046
0.00039
0.00033
0.00026
0.00019
0.00013
7e-05
1e-05
-5e-05
-0.00012
-0.00017
-0.00023
-0.00029
-0.00035
-0.0004
-0.00045
-0.0005
-0.00055
-0.0006
-0.00065
-0.00069
-0.00073
-0.00078
-0.00082
-0.00086
-0.0009
-0.00094
-0.00098
-0.00101
-0.00105
-0.00109
-0.00113
-0.00116
-0.0012
-0.00123
-0.00127
-0.00131
-0.00134
-0.00137
-0.0014
-0.00143
-0.00147
-0.00149
-0.00152
-0.00154
-0.00157
-0.00159
-0.00162
-0.00163
-0.00165
-0.00166
-0.00167
-0.00168
-0.00168
-0.00168
-0.00168
-0.00168
-0.00167
-0.00166
-0.00165
-0.00164
-0.00163
-0.00161
-0.00159
-0.00157
-0.00155
-0.00153
-0.00151
-0.00149
-0.00147
-0.00145
-0.00143
-0.00141
-0.0014
-0.00138
-0.00137
-0.00135
-0.00135
-0.00134
-0.00133
-0.00132
-0.00132
-0.00132
-0.00132
-0.00132
-0.00132
-0.00133
-0.00133
-0.00133
-0.00134
-0.00134
-0.00135
-0.00135
-0.00136
-0.00136
-0.00137
-0.00136
-0.00136
-0.00136
-0.00136
-0.00136
-0.00135
-0.00134
-0.00134
-0.00132
-0.00132
-0.0013
-0.00129
-0.00127
-0.00126
-0.00124
-0.00122
-0.0012
-0.00118
-0.00116
-0.00114
-0.00112
-0.0011
-0.00107
-0.00105
-0.00102
-0.001
-0.00097
-0.00095
-0.00092
-0.0009
-0.00087
-0.00085
-0.00081
-0.00079
-0.00076
-0.00073
-0.0007
-0.00067
-0.00064
-0.00061
-0.00057
-0.00055
-0.00051
-0.00048
-0.00044
-0.00041
-0.00038
-0.00035
-0.00031
-0.00027
-0.00023
-0.0002
-0.00016
-0.00012
-8e-05
-4e-05
0.0
4e-05
9e-05
0.00013
0.00018
0.00023
0.00028
0.00033
0.00039
0.00044
0.0005
0.00056
0.00063
0.00069
0.00076
0.00083
0.00091
0.00097
0.00105
0.00113
0.00121
0.00129
0.00137
0.00145
0.00154
0.00162
0.00171
0.0018
0.00188
0.00197
0.00206
0.00215
0.00224
0.00232
0.00241
0.00249
0.00258
0.00266
0.00274
0.00282
0.00291
0.00299
0.00307
0.00314
0.00322
0.0033
0.00338
0.00345
0.00353
0.0036
0.00367
0.00374
0.00381
0.00387
0.00394
0.004
0.00407
0.00413
0.00419
0.00424
0.00429
0.00435
0.0044
0.00444
0.00449
0.00452
0.00456
0.00459
0.00462
0.00464
0.00466
0.00467
0.00469
0.0047
0.0047
0.0047
0.0047
0.00469
0.00468
0.00466
0.00464
0.00461
0.00459
0.00455
0.00452
0.00448
0.00444
0.00439
0.00434
0.00429
0.00423
0.00418
0.00411
0.00405
0.00399
0.00392
0.00386
0.00378
0.00371
0.00364
0.00356
0.00348
0.00341
0.00333
0.00325
0.00317
0.0031
0.00302
0.00294
0.00286
0.00278
0.00271
0.00264
0.00256
0.00249
0.00242
0.00235
0.00228
0.00222
0.00215
0.0021
0.00204
0.00199
0.00193
0.00188
0.00184
0.00179
0.00175
0.00171
0.00167
0.00164
0.00161
0.00159
0.00156
0.00153
0.00151
0.0015
0.00148
0.00146
0.00145
0.00144
0.00143
0.00142
0.00142
0.00142
0.00141
0.00142
0.00142
0.00143
0.00143
0.00144
0.00145
0.00146
0.00147
0.00149
0.0015
0.00152
0.00154
0.00156
0.00158
0.00161
0.00163
0.00166
0.00168
0.00171
0.00173
0.00176
0.00178
0.00181
0.00184
0.00186
0.00188
0.00191
0.00193
0.00196
0.00198
0.002
0.00202
0.00204
0.00205
0.00207
0.00209
0.0021
0.00211
0.00213
0.00214
0.00215
0.00216
0.00217
0.00218
0.00219
0.00219
0.0022
0.00221
0.00222
0.00222
0.00223
0.00223
0.00224
0.00224
0.00224
0.00225
0.00225
0.00225
0.00225
0.00225
0.00225
0.00225
0.00225
0.00224
0.00224
0.00223
0.00223
0.00221
0.0022
0.00219
0.00218
0.00216
0.00214
0.00212
0.0021
0.00208
0.00205
0.00203
0.002
0.00197
0.00194
0.0019
0.00187
0.00183
0.00179
0.00175
0.00171
0.00166
0.00162
0.00157
0.00152
0.00147
0.00142
0.00137
0.00131
0.00126
0.0012
0.00114
0.00109
0.00103
0.00097
0.0009
0.00085
0.00078
0.00072
0.00065
0.00059
0.00053
0.00047
0.0004
0.00034
0.00027
0.00021
0.00014
8e-05
1e-05
-5e-05
-0.00012
-0.00017
-0.00024
-0.0003
-0.00037
-0.00043
-0.00049
-0.00055
-0.00062
-0.00068
-0.00074
-0.0008
-0.00086
-0.00092
-0.00099
-0.00104
-0.00111
-0.00116
-0.00122
-0.00128
-0.00134
-0.00139
-0.00144
-0.00149
-0.00154
-0.00159
-0.00164
-0.00168
-0.00172
-0.00175
-0.00179
-0.00182
-0.00185
-0.00187
-0.00189
-0.00191
-0.00192
-0.00193
-0.00193
-0.00192
-0.00192
-0.00191
-0.0019
-0.00187
-0.00186
-0.00183
-0.0018
-0.00177
-0.00173
-0.00169
-0.00165
-0.00161
-0.00157
-0.00152
-0.00147
-0.00143
-0.00138
-0.00132
-0.00128
-0.00123
-0.00118
-0.00113
-0.00108
-0.00103
-0.00099
-0.00094
-0.0009
-0.00086
-0.00082
-0.00078
-0.00074
-0.00071
-0.00067
-0.00063
-0.0006
-0.00057
-0.00054
-0.0005
-0.00048
-0.00045
-0.00042
-0.00039
-0.00036
-0.00033
-0.00031
-0.00028
-0.00026
-0.00023
-0.0002
-0.00018
-0.00016
-0.00013
-0.00011
-8e-05
-6e-05
-4e-05
-2e-05
1e-05
3e-05
5e-05
7e-05
8e-05
0.0001
0.00012
0.00014
0.00016
0.00017
0.00019
0.0002
0.00022
0.00023
0.00024
0.00025
0.00027
0.00029
0.0003
0.00031
0.00033
0.00034
0.00036
0.00038
0.0004
0.00041
0.00044
0.00046
0.00048
0.0005
0.00053
0.00055
0.00058
0.0006
0.00063
0.00066
0.00068
0.00071
0.00074
0.00077
0.00081
0.00083
0.00086
0.00089
0.00092
0.00095
0.00098
0.001
0.00103
0.00105
0.00107
0.00109
0.0011
0.00112
0.00113
0.00114
0.00116
0.00115
0.00116
0.00116
0.00116
0.00114
0.00113
0.00111
0.0011
0.00107
0.00104
0.00101
0.00097
0.00093
0.00089
0.00084
0.00079
0.00074
0.00068
0.00061
0.00055
0.00048
0.00041
0.00034
0.00027
0.00019
0.00011
3e-05
-6e-05
-0.00014
-0.00022
-0.0003
-0.00038
-0.00046
-0.00054
-0.00062
-0.00069
-0.00077
-0.00084
-0.00092
-0.00098
-0.00105
-0.00111
-0.00117
-0.00123
-0.00128
-0.00133
-0.00138
-0.00142
-0.00147
-0.0015
-0.00154
-0.00157
-0.0016
-0.00163
-0.00165
-0.00167
-0.00169
-0.00171
-0.00173
-0.00174
-0.00175
-0.00176
-0.00176
-0.00177
-0.00178
-0.00178
-0.00178
-0.00178
-0.00179
-0.00178
-0.00179
-0.00178
-0.00179
-0.00178
-0.00178
-0.00178
-0.00178
-0.00178
-0.00177
-0.00177
-0.00177
-0.00176
-0.00175
-0.00174
-0.00174
-0.00173
-0.00173
-0.00171
-0.0017
-0.00169
-0.00167
-0.00166
-0.00164
-0.00162
-0.0016
-0.00157
-0.00156
-0.00153
-0.0015
-0.00147
-0.00144
-0.00141
-0.00138
-0.00134
-0.00131
-0.00127
-0.00123
-0.00119
-0.00115
-0.00111
-0.00107
-0.00102
-0.00098
-0.00094
-0.0009
-0.00085
-0.00081
-0.00076
-0.00072
-0.00067
-0.00062
-0.00058
-0.00053
-0.00049
-0.00044
-0.00039
-0.00034
-0.00029
-0.00025
-0.0002
-0.00015
-0.0001
-6e-05
-0.0
4e-05
9e-05
0.00014
0.00019
0.00023
0.00028
0.00032
0.00037
0.00041
0.00045
0.00049
0.00053
0.00056
0.00059
0.00062
0.00064
0.00066
0.00068
0.00069
0.00071
0.00071
0.00071
0.00071
0.00071
0.0007
0.00069
0.00067
0.00066
0.00064
0.00062
0.00059
0.00056
0.00053
0.00051
0.00047
0.00044
0.00041
0.00038
0.00035
0.00033
0.0003
0.00028
0.00025
0.00023
0.00021
0.0002
0.00018
0.00017
0.00016
0.00016
0.00015
0.00015
0.00015
0.00016
0.00017
0.00018
0.0002
0.00022
0.00023
0.00026
0.00028
0.00031
0.00034
0.00037
0.0004
0.00045
0.00048
0.00053
0.00057
0.00062
0.00067
0.00073
0.00078
0.00085
0.00091
0.00098
0.00105
0.00113
0.0012
0.00128
0.00136
0.00146
0.00155
0.00164
0.00174
0.00184
0.00194
0.00205
0.00216
0.00227
0.00238
0.0025
0.00261
0.00273
0.00284
0.00296
0.00308
0.0032
0.00332
0.00344
0.00355
0.00367
0.00378
0.0039
0.00401
0.00413
0.00423
0.00434
0.00444
0.00455
0.00465
0.00474
0.00483
0.00493
0.00502
0.0051
0.00518
0.00525
0.00532
0.0054
0.00546
0.00552
0.00557
0.00562
0.00566
0.0057
0.00573
0.00576
0.00577
0.00579
0.0058
0.0058
0.00579
0.00578
0.00576
0.00573
0.0057
0.00567
0.00562
0.00557
0.00551
0.00545
0.00537
0.0053
0.00521
0.00513
0.00504
0.00494
0.00484
0.00473
0.00462
0.00451
0.00439
0.00427
0.00414
0.00402
0.00388
0.00375
0.00361
0.00348
0.00333
0.0032
0.00305
0.0029
0.00275
0.0026
0.00245
0.0023
0.00215
0.002
0.00184
0.00169
0.00154
0.00139
0.00123
0.00109
0.00093
0.00079
0.00064
0.0005
0.00036
0.00022
9e-05
-4e-05
-0.00017
-0.00029
-0.00041
-0.00052
-0.00063
-0.00073
-0.00083
-0.00092
-0.00102
-0.00109
-0.00117
-0.00125
-0.00131
-0.00138
-0.00143
-0.00148
-0.00153
-0.00157
-0.00161
-0.00164
-0.00168
-0.0017
-0.00172
-0.00174
-0.00176
-0.00176
-0.00177
-0.00178
-0.00178
-0.00178
-0.00177
-0.00176
-0.00175
-0.00173
-0.00172
-0.00169
-0.00167
-0.00165
-0.00162
-0.00158
-0.00155
-0.00151
-0.00147
-0.00143
-0.00139
-0.00134
-0.00129
-0.00124
-0.00119
-0.00113
-0.00108
-0.00102
-0.00097
-0.0009
-0.00085
-0.00079
-0.00074
-0.00068
-0.00063
-0.00057
-0.00052
-0.00047
-0.00042
-0.00037
-0.00032
-0.00028
-0.00024
-0.00019
-0.00015
-0.00011
-8e-05
-4e-05
-1e-05
3e-05
5e-05
8e-05
0.00011
0.00014
0.00017
0.0002
0.00023
0.00026
0.00029
0.00032
0.00034
0.00038
0.0004
0.00044
0.00046
0.0005
0.00053
0.00056
0.00059
0.00062
0.00066
0.00069
0.00073
0.00076
0.00079
0.00083
0.00086
0.0009
0.00093
0.00097
0.001
0.00104
0.00107
0.0011
0.00113
0.00116
0.0012
0.00123
0.00126
0.0013
0.00133
0.00137
0.0014
0.00144
0.00147
0.0015
0.00154
0.00158
0.00161
0.00165
0.00169
0.00173
0.00177
0.00181
0.00185
0.0019
0.00194
0.00199
0.00203
0.00208
0.00212
0.00217
0.00221
0.00227
0.00231
0.00236
0.00241
0.00246
0.00251
0.00256
0.00261
0.00266
0.00271
0.00276
0.00281
0.00286
0.0029
0.00295
0.00299
0.00304
0.00308
0.00313
0.00317
0.00321
0.00325
0.00329
0.00333
0.00337
0.0034
0.00344
0.00347
0.00351
0.00354
0.00358
0.0036
0.00364
0.00366
0.00369
0.00371
0.00374
0.00376
0.00379
0.00381
0.00383
0.00385
0.00387
0.00388
0.0039
0.00391
0.00393
0.00393
0.00395
0.00395
0.00395
0.00395
0.00395
0.00394
0.00394
0.00393
0.00391
0.00389
0.00387
0.00385
0.00382
0.00379
0.00376
0.00372
0.00368
0.00363
0.00358
0.00353
0.00347
0.00342
0.00336
0.00329
0.00323
0.00315
0.00309
0.00301
0.00294
0.00285
0.00277
0.00269
0.00261
0.00252
0.00243
0.00233
0.00224
0.00215
0.00205
0.00195
0.00186
0.00175
0.00165
0.00154
0.00144
0.00132
0.00121
0.0011
0.00099
0.00087
0.00075
0.00063
0.00051
0.00039
0.00028
0.00015
3e-05
-9e-05
-0.00021
-0.00033
-0.00045
-0.00058
-0.00069
-0.00081
-0.00093
-0.00104
-0.00116
-0.00127
-0.00138
-0.00148
-0.00158
-0.00168
-0.00178
-0.00188
-0.00196
-0.00205
-0.00213
-0.00222
-0.00229
-0.00237
-0.00244
-0.00251
-0.00257
-0.00263
-0.00269
-0.00274
-0.00279
-0.00283
-0.00287
-0.00291
-0.00294
-0.00297
-0.003
-0.00302
-0.00303
-0.00305
-0.00306
-0.00306
-0.00306
-0.00306
-0.00305
-0.00304
-0.00301
-0.00299
-0.00296
-0.00293
-0.00289
-0.00286
-0.00281
-0.00276
-0.0027
-0.00265
-0.00258
-0.00251
-0.00244
-0.00237
-0.00229
-0.00221
-0.00212
-0.00203
-0.00194
-0.00185
-0.00175
-0.00165
-0.00155
-0.00145
-0.00134
-0.00124
-0.00112
-0.00102
-0.00091
-0.0008
-0.00069
-0.00057
-0.00046
-0.00035
-0.00023
-0.00013
-2e-05
9e-05
0.0002
0.0003
0.0004
0.00049
0.0006
0.00069
0.00078
0.00086
0.00094
0.00102
0.0011
0.00117
0.00124
0.00129
0.00135
0.0014
0.00145
0.00149
0.00153
0.00156
0.00159
0.00161
0.00163
0.00164
0.00165
0.00165
0.00165
0.00164
0.00163
0.00161
0.00159
0.00157
0.00154
0.0015
0.00146
0.00142
0.00137
0.00132
0.00126
0.0012
0.00113
0.00106
0.00098
0.00091
0.00082
0.00073
0.00064
0.00054
0.00044
0.00033
0.00023
0.00011
-0.0
-0.00012
-0.00025
-0.00037
-0.0005
-0.00063
-0.00076
-0.0009
-0.00103
-0.00117
-0.0013
-0.00144
-0.00157
-0.00171
-0.00184
-0.00198
-0.00211
-0.00224
-0.00237
-0.0025
-0.00263
-0.00275
-0.00287
-0.00299
-0.00311
-0.00323
-0.00333
-0.00344
-0.00354
-0.00365
-0.00375
-0.00385
-0.00393
-0.00402
-0.00411
-0.00419
-0.00427
-0.00435
-0.00442
-0.00449
-0.00455
-0.00461
-0.00466
-0.00472
-0.00476
-0.00481
-0.00484
-0.00487
-0.00489
-0.00492
-0.00493
-0.00494
-0.00494
-0.00493
-0.00492
-0.0049
-0.00487
-0.00484
-0.00479
-0.00474
-0.00468
-0.00462
-0.00454
-0.00446
-0.00437
-0.00427
-0.00417
-0.00406
-0.00394
-0.00382
-0.00369
-0.00355
-0.00341
-0.00327
-0.00311
-0.00296
-0.00279
-0.00263
-0.00247
-0.0023
-0.00212
-0.00195
-0.00177
-0.00159
-0.00141
-0.00123
-0.00105
-0.00087
-0.00068
-0.0005
-0.00031
-0.00013
5e-05
0.00023
0.00042
0.0006
0.00078
0.00096
0.00114
0.00132
0.00149
0.00167
0.00185
0.00202
0.00219
0.00236
0.00253
0.00269
0.00286
0.00301
0.00317
0.00332
0.00348
0.00362
0.00376
0.0039
0.00403
0.00416
0.00429
0.0044
0.00452
0.00462
0.00472
0.00482
0.00491
0.00498
0.00506
0.00513
0.00519
0.00525
0.00529
0.00533
0.00537
0.0054
0.00542
0.00544
0.00546
0.00546
0.00546
0.00545
0.00545
0.00543
0.00541
0.00538
0.00536
0.00533
0.00529
0.00525
0.00521
0.00516
0.00511
0.00506
0.005
0.00494
0.00488
0.00481
0.00475
0.00467
0.0046
0.00452
0.00444
0.00436
0.00427
0.00419
0.00409
0.004
0.00391
0.00381
0.00372
0.00361
0.00351
0.00341
0.0033
0.00319
0.00309
0.00298
0.00287
0.00276
0.00265
0.00254
0.00242
0.00232
0.00221
0.0021
0.00199
0.00188
0.00177
0.00166
0.00156
0.00145
0.00135
0.00124
0.00114
0.00104
0.00094
0.00084
0.00074
0.00064
0.00054
0.00044
0.00035
0.00024
0.00015
5e-05
-5e-05
-0.00015
-0.00025
-0.00036
-0.00045
-0.00056
-0.00066
-0.00077
-0.00087
-0.00098
-0.00109
-0.0012
-0.0013
-0.00142
-0.00153
-0.00164
-0.00175
-0.00187
-0.00198
-0.0021
-0.00221
-0.00233
-0.00244
-0.00256
-0.00268
-0.00279
-0.0029
-0.00301
-0.00312
-0.00324
-0.00334
-0.00345
-0.00355
-0.00365
-0.00375
-0.00385
-0.00394
-0.00403
-0.00412
-0.0042
-0.00429
-0.00436
-0.00443
-0.00451
-0.00457
-0.00464
-0.0047
-0.00476
-0.00481
-0.00487
-0.00491
-0.00496
-0.00499
-0.00503
-0.00507
-0.0051
-0.00513
-0.00515
-0.00517
-0.00518
-0.00519
-0.00521
-0.00521
-0.00521
-0.00521
-0.00521
-0.00519
-0.00518
-0.00516
-0.00514
-0.00511
-0.00508
-0.00505
-0.00501
-0.00496
-0.00491
-0.00486
-0.0048
-0.00474
-0.00468
-0.0046
-0.00453
-0.00445
-0.00437
-0.00428
-0.0042
-0.00411
-0.00402
-0.00392
-0.00382
-0.00372
-0.00362
-0.00352
-0.00342
-0.00331
-0.00321
-0.0031
-0.003
-0.00289
-0.00279
-0.00268
-0.00258
-0.00247
-0.00237
-0.00227
-0.00216
-0.00206
-0.00195
-0.00185
-0.00175
-0.00165
-0.00155
-0.00144
-0.00134
-0.00123
-0.00113
-0.00102
-0.00092
-0.00081
-0.0007
-0.0006
-0.00049
-0.00038
-0.00027
-0.00015
-5e-05
7e-05
0.00018
0.00029
0.0004
0.00051
0.00062
0.00074
0.00084
0.00095
0.00105
0.00115
0.00126
0.00135
0.00145
0.00155
0.00163
0.00173
0.00181
0.00189
0.00197
0.00205
0.00211
0.00219
0.00225
0.00232
0.00238
0.00243
0.00249
0.00255
0.00259
0.00265
0.00269
0.00274
0.00278
0.00283
0.00286
0.00291
0.00294
0.00299
0.00302
0.00306
0.0031
0.00313
0.00317
0.0032
0.00324
0.00327
0.0033
0.00333
0.00336
0.00339
0.00341
0.00344
0.00346
0.00348
0.00349
0.00351
0.00352
0.00352
0.00353
0.00353
0.00352
0.00352
0.0035
0.00349
0.00347
0.00345
0.00342
0.00339
0.00335
0.00332
0.00328
0.00323
0.00318
0.00313
0.00307
0.00301
0.00295
0.00289
0.00282
0.00275
0.00268
0.00261
0.00253
0.00245
0.00236
0.00229
0.0022
0.00211
0.00202
0.00193
0.00184
0.00175
0.00165
0.00156
0.00146
0.00136
0.00126
0.00116
0.00106
0.00096
0.00085
0.00075
0.00064
0.00054
0.00043
0.00033
0.00022
0.00012
2e-05
-8e-05
-0.00019
-0.00028
-0.00038
-0.00047
-0.00057
-0.00066
-0.00075
-0.00083
-0.00092
-0.001
-0.00108
-0.00116
-0.00123
-0.0013
-0.00137
-0.00143
-0.0015
-0.00156
-0.00161
-0.00166
-0.00172
-0.00177
-0.00181
-0.00185
-0.00189
-0.00193
-0.00196
-0.00199
-0.00202
-0.00204
-0.00206
-0.00208
-0.0021
-0.00211
-0.00212
-0.00212
-0.00213
-0.00212
-0.00212
-0.00211
-0.0021
-0.00209
-0.00207
-0.00205
-0.00203
-0.002
-0.00198
-0.00195
-0.00192
-0.00188
-0.00185
-0.00181
-0.00178
-0.00173
-0.0017
-0.00165
-0.00161
-0.00157
-0.00153
-0.00149
-0.00145
-0.00141
-0.00137
-0.00132
-0.00129
-0.00124
-0.0012
-0.00115
-0.00112
-0.00107
-0.00103
-0.00098
-0.00094
-0.0009
-0.00085
-0.00081
-0.00076
-0.00071
-0.00066
-0.00061
-0.00056
-0.0005
-0.00045
-0.00039
-0.00033
-0.00027
-0.00022
-0.00015
-9e-05
-3e-05
3e-05
9e-05
0.00016
0.00022
0.00029
0.00035
0.00041
0.00048
0.00054
0.0006
0.00066
0.00072
0.00077
0.00084
0.00089
0.00094
0.001
0.00105
0.0011
0.00115
0.0012
0.00125
0.00129
0.00133
0.00137
0.00142
0.00145
0.00149
0.00152
0.00156
0.00159
0.00162
0.00164
0.00166
0.00168
0.0017
0.00171
0.00173
0.00173
0.00173
0.00173
0.00173
0.00171
0.00171
0.00168
0.00167
0.00164
0.00161
0.00157
0.00153
0.0015
0.00145
0.00141
0.00136
0.0013
0.00125
0.00119
0.00114
0.00107
0.00102
0.00095
0.0009
0.00083
0.00078
0.00071
0.00065
0.0006
0.00055
0.00049
0.00044
0.00039
0.00034
0.00029
0.00025
0.00021
0.00017
0.00012
9e-05
5e-05
2e-05
-1e-05
-5e-05
-8e-05
-0.0001
-0.00014
-0.00016
-0.00019
-0.00022
-0.00025
-0.00027
-0.0003
-0.00032
-0.00036
-0.00038
-0.00041
-0.00043
-0.00046
-0.00048
-0.0005
-0.00053
-0.00055
-0.00057
-0.00059
-0.00061
-0.00063
-0.00064
-0.00066
-0.00068
-0.00069
-0.0007
-0.00071
-0.00072
-0.00073
-0.00074
-0.00074
-0.00075
-0.00075
-0.00075
-0.00076
-0.00076
-0.00076
-0.00076
-0.00077
-0.00077
-0.00077
-0.00077
-0.00078
-0.00078
-0.00079
-0.0008
-0.0008
-0.00081
-0.00082
-0.00083
-0.00085
-0.00086
-0.00087
-0.00089
-0.00091
-0.00092
-0.00094
-0.00096
-0.00098
-0.001
-0.00103
-0.00105
-0.00107
-0.0011
-0.00112
-0.00115
-0.00118
-0.0012
-0.00123
-0.00125
-0.00129
-0.00131
-0.00135
-0.00137
-0.00141
-0.00144
-0.00148
-0.00152
-0.00155
-0.00159
-0.00163
-0.00167
-0.00172
-0.00176
-0.00181
-0.00186
-0.00191
-0.00196
-0.00202
-0.00207
-0.00213
-0.00219
-0.00225
-0.00232
-0.00238
-0.00244
-0.0025
-0.00256
-0.00263
-0.00269
-0.00275
-0.00281
-0.00287
-0.00293
-0.00299
-0.00304
-0.00309
-0.00314
-0.00319
-0.00324
-0.00328
-0.00332
-0.00336
-0.00339
-0.00343
-0.00345
-0.00348
-0.0035
-0.00353
-0.00354
-0.00356
-0.00357
-0.00358
-0.00359
-0.00359
-0.0036
-0.00359
-0.00359
-0.00359
-0.00358
-0.00358
-0.00356
-0.00355
-0.00353
-0.00352
-0.0035
-0.00349
-0.00346
-0.00344
-0.00341
-0.00339
-0.00336
-0.00333
-0.0033
-0.00327
-0.00323
-0.0032
-0.00316
-0.00312
-0.00307
-0.00303
-0.00298
-0.00294
-0.00289
-0.00284
-0.00279
-0.00274
-0.00269
-0.00263
-0.00257
-0.00251
-0.00245
-0.0024
-0.00234
-0.00228
-0.00221
-0.00215
-0.00209
-0.00203
-0.00196
-0.0019
-0.00184
-0.00178
-0.00171
-0.00165
-0.00158
-0.00152
-0.00145
-0.00139
-0.00132
-0.00125
-0.00118
-0.00112
-0.00105
-0.00098
-0.00091
-0.00084
-0.00077
-0.0007
-0.00063
-0.00056
-0.00048
-0.00041
-0.00034
-0.00027
-0.0002
-0.00013
-6e-05
1e-05
7e-05
0.00013
0.0002
0.00026
0.00032
0.00037
0.00043
0.00048
0.00053
0.00057
0.00062
0.00065
0.00069
0.00072
0.00075
0.00077
0.0008
0.00082
0.00084
0.00085
0.00087
0.00088
0.00088
0.00089
0.0009
0.00091
0.00091
0.00091
0.00092
0.00091
0.00092
0.00092
0.00092
0.00091
0.00092
0.00092
0.00092
0.00092
0.00092
0.00092
0.00092
0.00092
0.00092
0.00092
0.00092
0.00092
0.00092
0.00092
0.00092
0.00091
0.00092
0.00091
0.00091
0.00091
0.0009
0.0009
0.0009
0.0009
0.00091
0.0009
0.0009
0.0009
0.00091
0.00091
0.00091
0.00091
0.00093
0.00093
0.00094
0.00095
0.00096
0.00097
0.00098
0.00099
0.00101
0.00101
0.00103
0.00104
0.00106
0.00107
0.00109
0.0011
0.00112
0.00113
0.00114
0.00115
0.00117
0.00118
0.00119
0.0012
0.00122
0.00123
0.00124
0.00125
0.00127
0.00128
0.0013
0.00131
0.00133
0.00135
0.00137
0.00139
0.00141
0.00143
0.00146
0.00149
0.00152
0.00154
0.00158
0.00161
0.00165
0.00168
0.00171
0.00175
0.00179
0.00182
0.00186
0.00189
0.00193
0.00196
0.00199
0.00203
0.00206
0.00208
0.00211
0.00214
0.00217
0.00219
0.00221
0.00223
0.00226
0.00228
0.0023
0.00231
0.00233
0.00235
0.00237
0.00239
0.00241
0.00243
0.00246
0.00248
0.0025
0.00253
0.00256
0.00258
0.00262
0.00264
0.00268
0.00271
0.00275
0.00278
0.00282
0.00286
0.0029
0.00293
0.00298
0.00301
0.00306
0.00309
0.00313
0.00316
0.0032
0.00323
0.00327
0.0033
0.00332
0.00335
0.00338
0.0034
0.00343
0.00344
0.00347
0.00348
0.0035
0.00351
0.00352
0.00353
0.00354
0.00355
0.00355
0.00355
0.00355
0.00355
0.00355
0.00354
0.00354
0.00352
0.00352
0.0035
0.00349
0.00346
0.00344
0.00341
0.00339
0.00336
0.00332
0.00328
0.00323
0.00319
0.00314
0.00308
0.00303
0.00296
0.0029
0.00282
0.00275
0.00267
0.00259
0.0025
0.00242
0.00232
0.00223
0.00213
0.00203
0.00193
0.00183
0.00173
0.00162
0.00151
0.00141
0.0013
0.00119
0.00108
0.00097
0.00086
0.00076
0.00065
0.00054
0.00044
0.00033
0.00023
0.00013
3e-05
-7e-05
-0.00017
-0.00027
-0.00037
-0.00046
-0.00056
-0.00065
-0.00074
-0.00083
-0.00093
-0.00102
-0.00111
-0.0012
-0.00128
-0.00137
-0.00146
-0.00154
-0.00163
-0.00171
-0.0018
-0.00188
-0.00197
-0.00205
-0.00213
-0.00221
-0.0023
-0.00238
-0.00246
-0.00254
-0.00261
-0.00268
-0.00276
-0.00283
-0.0029
-0.00297
-0.00303
-0.00309
-0.00316
-0.00321
-0.00327
-0.00332
-0.00337
-0.00341
-0.00345
-0.00349
-0.00352
-0.00355
-0.00357
-0.00359
-0.00361
-0.00362
-0.00363
-0.00363
-0.00363
-0.00362
-0.00362
-0.00359
-0.00358
-0.00356
-0.00353
-0.0035
-0.00347
-0.00343
-0.00339
-0.00334
-0.0033
-0.00324
-0.00319
-0.00313
-0.00308
-0.00301
-0.00295
-0.00288
-0.00282
-0.00275
-0.00267
-0.0026
-0.00252
-0.00244
-0.00236
-0.00228
-0.0022
-0.00211
-0.00203
-0.00194
-0.00185
-0.00176
-0.00168
-0.00158
-0.00149
-0.0014
-0.00131
-0.00122
-0.00113
-0.00103
-0.00094
-0.00085
-0.00076
-0.00067
-0.00058
-0.00049
-0.00041
-0.00032
-0.00024
-0.00015
-8e-05
0.0
7e-05
0.00015
0.00022
0.00029
0.00036
0.00043
0.00048
0.00055
0.0006
0.00066
0.00071
0.00077
0.00081
0.00087
0.00091
0.00096
0.001
0.00104
0.00108
0.00112
0.00115
0.00119
0.00122
0.00125
0.00128
0.00132
