1.01622246477918E+03

-0.00199
-0.00194
-0.00188
-0.00182
-0.00175
-0.00168
-0.00161
-0.00154
-0.00146
-0.00138
-0.00129
-0.00121
-0.00112
-0.00103
-0.00094
-0.00085
-0.00075
-0.00066
-0.00056
-0.00047
-0.00037
-0.00027
-0.00017
-8e-05
1e-05
0.00011
0.00021
0.0003
0.00039
0.00048
0.00057
0.00065
0.00074
0.00082
0.0009
0.00097
0.00105
0.00113
0.0012
0.00126
0.00133
0.00139
0.00145
0.00151
0.00157
0.00162
0.00168
0.00172
0.00177
0.00181
0.00185
0.00188
0.00193
0.00195
0.00198
0.00201
0.00203
0.00205
0.00207
0.00209
0.0021
0.0021
0.00211
0.00212
0.00212
0.00212
0.00212
0.00211
0.0021
0.00209
0.00208
0.00206
0.00204
0.00202
0.002
0.00197
0.00195
0.00192
0.00189
0.00185
0.00182
0.00177
0.00174
0.00169
0.00165
0.0016
0.00155
0.00149
0.00143
0.00138
0.00132
0.00126
0.00119
0.00112
0.00106
0.00098
0.00091
0.00083
0.00076
0.00068
0.0006
0.00052
0.00044
0.00036
0.00027
0.00019
0.00011
3e-05
-5e-05
-0.00014
-0.00022
-0.0003
-0.00037
-0.00045
-0.00052
-0.0006
-0.00067
-0.00074
-0.0008
-0.00087
-0.00093
-0.00098
-0.00104
-0.00109
-0.00113
-0.00118
-0.00122
-0.00126
-0.00129
-0.00132
-0.00134
-0.00137
-0.00138
-0.0014
-0.0014
-0.00141
-0.00141
-0.00141
-0.0014
-0.00138
-0.00136
-0.00135
-0.00132
-0.00129
-0.00125
-0.00121
-0.00117
-0.00112
-0.00107
-0.00101
-0.00095
-0.00089
-0.00082
-0.00075
-0.00067
-0.00059
-0.00051
-0.00043
-0.00034
-0.00025
-0.00016
-7e-05
3e-05
0.00012
0.00022
0.00031
0.00041
0.0005
0.00059
0.00069
0.00078
0.00087
0.00096
0.00104
0.00113
0.0012
0.00128
0.00135
0.00142
0.00148
0.00154
0.0016
0.00164
0.00169
0.00173
0.00176
0.0018
0.00182
0.00184
0.00185
0.00187
0.00187
0.00188
0.00188
0.00187
0.00186
0.00186
0.00184
0.00182
0.0018
0.00178
0.00175
0.00173
0.0017
0.00168
0.00164
0.00162
0.00158
0.00156
0.00152
0.00149
0.00145
0.00142
0.00139
0.00135
0.00132
0.00128
0.00125
0.00122
0.00118
0.00115
0.00111
0.00108
0.00105
0.00101
0.00097
0.00094
0.0009
0.00087
0.00084
0.0008
0.00077
0.00073
0.00069
0.00066
0.00063
0.0006
0.00056
0.00053
0.00049
0.00046
0.00043
0.0004
0.00036
0.00034
0.0003
0.00027
0.00025
0.00022
0.00019
0.00017
0.00014
0.00012
9e-05
7e-05
5e-05
3e-05
1e-05
-1e-05
-3e-05
-4e-05
-6e-05
-7e-05
-9e-05
-0.0001
-0.00011
-0.00012
-0.00013
-0.00013
-0.00014
-0.00015
-0.00015
-0.00015
-0.00016
-0.00016
-0.00016
-0.00016
-0.00016
-0.00016
-0.00016
-0.00016
-0.00016
-0.00016
-0.00016
-0.00016
-0.00016
-0.00016
-0.00016
-0.00016
-0.00017
-0.00017
-0.00018
-0.00018
-0.00019
-0.0002
-0.00021
-0.00022
-0.00023
-0.00024
-0.00025
-0.00025
-0.00027
-0.00027
-0.00028
-0.00028
-0.00029
-0.0003
-0.0003
-0.0003
-0.0003
-0.0003
-0.0003
-0.00029
-0.00028
-0.00027
-0.00026
-0.00025
-0.00024
-0.00022
-0.00021
-0.00019
-0.00018
-0.00016
-0.00014
-0.00012
-0.00011
-0.0001
-8e-05
-7e-05
-6e-05
-5e-05
-4e-05
-4e-05
-4e-05
-3e-05
-4e-05
-4e-05
-4e-05
-5e-05
-6e-05
-7e-05
-8e-05
-0.0001
-0.00011
-0.00013
-0.00015
-0.00016
-0.00018
-0.00019
-0.00022
-0.00023
-0.00025
-0.00027
-0.00029
-0.0003
-0.00032
-0.00033
-0.00035
-0.00037
-0.00038
-0.0004
-0.00041
-0.00042
-0.00043
-0.00044
-0.00046
-0.00046
-0.00048
-0.00049
-0.0005
-0.00051
-0.00053
-0.00054
-0.00055
-0.00056
-0.00058
-0.00059
-0.00061
-0.00062
-0.00064
-0.00065
-0.00067
-0.00069
-0.00071
-0.00072
-0.00074
-0.00076
-0.00079
-0.0008
-0.00082
-0.00085
-0.00087
-0.0009
-0.00092
-0.00094
-0.00096
-0.00098
-0.00102
-0.00104
-0.00107
-0.00109
-0.00112
-0.00114
-0.00117
-0.00119
-0.00122
-0.00125
-0.00127
-0.0013
-0.00132
-0.00134
-0.00136
-0.00138
-0.0014
-0.00141
-0.00143
-0.00143
-0.00145
-0.00145
-0.00146
-0.00145
-0.00145
-0.00145
-0.00144
-0.00144
-0.00142
-0.0014
-0.00138
-0.00136
-0.00134
-0.00131
-0.00128
-0.00125
-0.00122
-0.00118
-0.00115
-0.0011
-0.00106
-0.00102
-0.00098
-0.00093
-0.00088
-0.00084
-0.00079
-0.00074
-0.00069
-0.00064
-0.00059
-0.00054
-0.0005
-0.00045
-0.0004
-0.00035
-0.0003
-0.00026
-0.00021
-0.00017
-0.00012
-7e-05
-3e-05
2e-05
5e-05
0.0001
0.00014
0.00018
0.00021
0.00025
0.00029
0.00033
0.00036
0.00039
0.00042
0.00044
0.00047
0.0005
0.00052
0.00055
0.00056
0.00058
0.0006
0.00061
0.00062
0.00064
0.00064
0.00065
0.00065
0.00066
0.00066
0.00065
0.00065
0.00065
0.00065
0.00065
0.00063
0.00063
0.00061
0.00061
0.00059
0.00058
0.00056
0.00055
0.00053
0.00052
0.0005
0.00047
0.00046
0.00043
0.00041
0.00039
0.00036
0.00034
0.00031
0.00028
0.00025
0.00022
0.00018
0.00015
0.00011
8e-05
4e-05
-0.0
-4e-05
-8e-05
-0.00013
-0.00017
-0.00022
-0.00026
-0.0003
-0.00035
-0.0004
-0.00044
-0.00049
-0.00053
-0.00058
-0.00063
-0.00067
-0.00072
-0.00076
-0.0008
-0.00085
-0.00088
-0.00093
-0.00096
-0.001
-0.00104
-0.00108
-0.00111
-0.00115
-0.00117
-0.0012
-0.00123
-0.00126
-0.00129
-0.00131
-0.00133
-0.00136
-0.00137
-0.0014
-0.00141
-0.00143
-0.00144
-0.00146
-0.00147
-0.00149
-0.0015
-0.00151
-0.00152
-0.00153
-0.00154
-0.00154
-0.00155
-0.00155
-0.00155
-0.00156
-0.00155
-0.00155
-0.00155
-0.00155
-0.00154
-0.00153
-0.00152
-0.00151
-0.00149
-0.00148
-0.00146
-0.00144
-0.00142
-0.00139
-0.00136
-0.00134
-0.0013
-0.00127
-0.00122
-0.00119
-0.00114
-0.00109
-0.00104
-0.00098
-0.00093
-0.00087
-0.0008
-0.00073
-0.00066
-0.00059
-0.00051
-0.00044
-0.00035
-0.00027
-0.00018
-9e-05
0.0
9e-05
0.00019
0.00028
0.00037
0.00047
0.00056
0.00065
0.00075
0.00084
0.00094
0.00102
0.00112
0.0012
0.00129
0.00137
0.00146
0.00153
0.00161
0.00168
0.00175
0.00182
0.00188
0.00194
0.002
0.00206
0.00211
0.00215
0.0022
0.00224
0.00228
0.00232
0.00235
0.00238
0.00241
0.00243
0.00245
0.00247
0.00248
0.00249
0.0025
0.0025
0.00251
0.0025
0.0025
0.00248
0.00247
0.00245
0.00243
0.0024
0.00237
0.00233
0.00229
0.00224
0.00219
0.00214
0.00208
0.00202
0.00196
0.00188
0.00182
0.00174
0.00166
0.00158
0.00149
0.0014
0.00131
0.00122
0.00113
0.00103
0.00093
0.00084
0.00074
0.00065
0.00055
0.00045
0.00036
0.00026
0.00017
7e-05
-1e-05
-0.00011
-0.00019
-0.00028
-0.00037
-0.00046
-0.00054
-0.00062
-0.0007
-0.00078
-0.00085
-0.00093
-0.001
-0.00107
-0.00114
-0.00121
-0.00127
-0.00134
-0.00139
-0.00145
-0.00151
-0.00156
-0.00162
-0.00166
-0.00171
-0.00175
-0.00178
-0.00182
-0.00185
-0.00189
-0.00191
-0.00193
-0.00195
-0.00197
-0.00197
-0.00198
-0.00199
-0.00199
-0.00199
-0.00198
-0.00196
-0.00195
-0.00193
-0.00191
-0.00188
-0.00186
-0.00182
-0.00179
-0.00175
-0.00172
-0.00167
-0.00162
-0.00158
-0.00152
-0.00147
-0.00142
-0.00135
-0.00129
-0.00123
-0.00117
-0.00109
-0.00103
-0.00095
-0.00088
-0.0008
-0.00073
-0.00064
-0.00057
-0.00049
-0.0004
-0.00032
-0.00023
-0.00015
-6e-05
2e-05
0.0001
0.00019
0.00027
0.00036
0.00043
0.00052
0.00059
0.00067
0.00074
0.00081
0.00088
0.00094
0.001
0.00107
0.00112
0.00118
0.00122
0.00127
0.00131
0.00135
0.00139
0.00142
0.00145
0.00149
0.00151
0.00154
0.00157
0.00159
0.00162
0.00164
0.00167
0.0017
0.00172
0.00175
0.00179
0.00183
0.00186
0.00191
0.00195
0.00201
0.00206
0.00212
0.00219
0.00226
0.00234
0.00243
0.00252
0.00262
0.00272
0.00284
0.00296
0.00309
0.00323
0.00337
0.00352
0.00368
0.00384
0.00402
0.00419
0.00438
0.00457
0.00477
0.00498
0.00519
0.00541
0.00564
0.00586
0.0061
0.00634
0.00658
0.00683
0.00709
0.00734
0.0076
0.00786
0.00813
0.0084
0.00867
0.00894
0.00921
0.00948
0.00976
0.01004
0.01032
0.01059
0.01087
0.01115
0.01142
0.0117
0.01197
0.01224
0.01251
0.01278
0.01305
0.01331
0.01357
0.01383
0.01408
0.01433
0.01458
0.01482
0.01506
0.01529
0.01552
0.01574
0.01596
0.01617
0.01638
0.01658
0.01678
0.01697
0.01715
0.01733
0.0175
0.01767
0.01783
0.01799
0.01814
0.01828
0.01842
0.01855
0.01868
0.0188
0.01891
0.01903
0.01913
0.01923
0.01933
0.01942
0.01951
0.0196
0.01968
0.01975
0.01983
0.01989
0.01996
0.02002
0.02008
0.02013
0.02018
0.02022
0.02027
0.0203
0.02034
0.02037
0.0204
0.02042
0.02044
0.02046
0.02047
0.02047
0.02048
0.02048
0.02048
0.02047
0.02046
0.02045
0.02044
0.02042
0.0204
0.02037
0.02035
0.02032
0.02029
0.02026
0.02023
0.02019
0.02016
0.02012
0.02009
0.02005
0.02001
0.01998
0.01995
0.01991
0.01988
0.01984
0.01981
0.01978
0.01975
0.01972
0.01969
0.01966
0.01964
0.01961
0.01958
0.01955
0.01953
0.0195
0.01948
0.01945
0.01943
0.0194
0.01937
0.01935
0.01932
0.01929
0.01927
0.01923
0.01921
0.01917
0.01914
0.01911
0.01908
0.01904
0.01901
0.01897
0.01893
0.01889
0.01885
0.01881
0.01877
0.01872
0.01868
0.01863
0.01858
0.01853
0.01848
0.01842
0.01837
0.01831
0.01825
0.01818
0.01812
0.01805
0.01798
0.01791
0.01783
0.01775
0.01767
0.01759
0.0175
0.01741
0.01732
0.01722
0.01712
0.01702
0.01692
0.01681
0.01671
0.01659
0.01648
0.01637
0.01625
0.01613
0.01601
0.01588
0.01576
0.01563
0.0155
0.01537
0.01524
0.01511
0.01497
0.01483
0.0147
0.01455
0.01441
0.01427
0.01413
0.01398
0.01384
0.01369
0.01354
0.01339
0.01324
0.01309
0.01293
0.01278
0.01263
0.01248
0.01233
0.01217
0.01202
0.01187
0.01172
0.01157
0.01143
0.01128
0.01114
0.011
0.01086
0.01072
0.01059
0.01046
0.01033
0.01021
0.01009
0.00996
0.00985
0.00974
0.00963
0.00952
0.00942
0.00931
0.00921
0.00911
0.00901
0.00892
0.00882
0.00873
0.00863
0.00854
0.00845
0.00835
0.00826
0.00816
0.00806
0.00797
0.00787
0.00777
0.00767
0.00757
0.00746
0.00736
0.00726
0.00715
0.00705
0.00694
0.00684
0.00673
0.00663
0.00652
0.00642
0.00632
0.00622
0.00612
0.00603
0.00593
0.00584
0.00575
0.00566
0.00558
0.0055
0.00542
0.00535
0.00527
0.00521
0.00514
0.00507
0.00501
0.00495
0.00489
0.00483
0.00478
0.00472
0.00466
0.00461
0.00456
0.00451
0.00446
0.00441
0.00435
0.0043
0.00425
0.0042
0.00415
0.0041
0.00405
0.004
0.00396
0.00391
0.00387
0.00382
0.00378
0.00375
0.00372
0.00369
0.00366
0.00364
0.00362
0.00361
0.0036
0.0036
0.00359
0.0036
0.00361
0.00363
0.00365
0.00368
0.00371
0.00374
0.00378
0.00383
0.00387
0.00392
0.00397
0.00403
0.00408
0.00414
0.00419
0.00425
0.0043
0.00435
0.00441
0.00445
0.0045
0.00455
0.00459
0.00463
0.00466
0.0047
0.00472
0.00475
0.00476
0.00478
0.00479
0.0048
0.0048
0.0048
0.00479
0.00478
0.00477
0.00476
0.00474
0.00473
0.0047
0.00468
0.00466
0.00463
0.0046
0.00458
0.00455
0.00452
0.00449
0.00446
0.00443
0.0044
0.00437
0.00434
0.00431
0.00429
0.00425
0.00422
0.00419
0.00417
0.00413
0.00411
0.00408
0.00405
0.00402
0.004
0.00397
0.00394
0.00392
0.00389
0.00387
0.00385
0.00383
0.00381
0.00379
0.00378
0.00376
0.00374
0.00373
0.00372
0.00371
0.0037
0.00369
0.00369
0.00369
0.00368
0.00368
0.00369
0.00369
0.00369
0.0037
0.00371
0.00371
0.00373
0.00373
0.00375
0.00376
0.00378
0.00379
0.00381
0.00383
0.00385
0.00387
0.00389
0.00391
0.00394
0.00396
0.00399
0.00402
0.00405
0.00408
0.00411
0.00414
0.00418
0.00421
0.00424
0.00428
0.00431
0.00435
0.00439
0.00442
0.00445
0.00448
0.00452
0.00455
0.00458
0.0046
0.00463
0.00465
0.00467
0.00468
0.0047
0.00471
0.00472
0.00472
0.00472
0.00472
0.00471
0.0047
0.00469
0.00467
0.00466
0.00463
0.00462
0.00459
0.00456
0.00453
0.0045
0.00447
0.00443
0.0044
0.00436
0.00432
0.00429
0.00425
0.00422
0.00418
0.00414
0.0041
0.00406
0.00402
0.00398
0.00394
0.0039
0.00386
0.00382
0.00377
0.00373
0.00368
0.00364
0.00359
0.00354
0.00348
0.00343
0.00337
0.00332
0.00326
0.0032
0.00313
0.00307
0.003
0.00294
0.00287
0.0028
0.00273
0.00266
0.00259
0.00252
0.00245
0.00238
0.00231
0.00225
0.00218
0.00211
0.00205
0.00199
0.00193
0.00187
0.00182
0.00177
0.00172
0.00168
0.00163
0.0016
0.00156
0.00153
0.00149
0.00147
0.00144
0.00143
0.00141
0.00139
0.00138
0.00137
0.00137
0.00137
0.00136
0.00137
0.00137
0.00139
0.00139
0.00141
0.00142
0.00144
0.00146
0.00148
0.0015
0.00153
0.00156
0.00159
0.00162
0.00166
0.00169
0.00172
0.00176
0.0018
0.00184
0.00188
0.00191
0.00196
0.00199
0.00203
0.00207
0.00211
0.00215
0.00219
0.00223
0.00227
0.0023
0.00234
0.00237
0.0024
0.00243
0.00246
0.00248
0.00251
0.00253
0.00255
0.00256
0.00258
0.00259
0.0026
0.00261
0.00261
0.00261
0.00261
0.0026
0.0026
0.00259
0.00258
0.00255
0.00254
0.00252
0.0025
0.00247
0.00244
0.00241
0.00237
0.00234
0.0023
0.00226
0.00222
0.00217
0.00213
0.00208
0.00203
0.00198
0.00193
0.00188
0.00182
0.00176
0.00171
0.00165
0.0016
0.00154
0.00149
0.00142
0.00137
0.00131
0.00126
0.0012
0.00115
0.00109
0.00104
0.00098
0.00093
0.00088
0.00083
0.00078
0.00074
0.00069
0.00065
0.0006
0.00056
0.00051
0.00047
0.00043
0.00039
0.00035
0.00032
0.00028
0.00024
0.0002
0.00016
0.00012
8e-05
4e-05
0.0
-4e-05
-8e-05
-0.00013
-0.00017
-0.00023
-0.00027
-0.00033
-0.00037
-0.00043
-0.00049
-0.00055
-0.00061
-0.00067
-0.00073
-0.00079
-0.00085
-0.00092
-0.00098
-0.00105
-0.00111
-0.00118
-0.00124
-0.00131
-0.00137
-0.00143
-0.00149
-0.00155
-0.0016
-0.00165
-0.0017
-0.00175
-0.0018
-0.00185
-0.00188
-0.00193
-0.00196
-0.002
-0.00203
-0.00207
-0.0021
-0.00213
-0.00216
-0.00218
-0.00221
-0.00224
-0.00226
-0.00229
-0.00231
-0.00234
-0.00236
-0.00238
-0.0024
-0.00243
-0.00245
-0.00247
-0.00249
-0.00251
-0.00253
-0.00255
-0.00257
-0.00259
-0.0026
-0.00261
-0.00262
-0.00263
-0.00263
-0.00264
-0.00264
-0.00264
-0.00263
-0.00262
-0.00261
-0.0026
-0.00258
-0.00256
-0.00254
-0.00251
-0.00248
-0.00245
-0.00241
-0.00238
-0.00234
-0.0023
-0.00225
-0.00221
-0.00216
-0.00212
-0.00206
-0.00201
-0.00196
-0.00191
-0.00185
-0.0018
-0.00173
-0.00168
-0.00161
-0.00156
-0.00149
-0.00143
-0.00136
-0.0013
-0.00123
-0.00116
-0.00109
-0.00103
-0.00096
-0.00089
-0.00082
-0.00075
-0.00068
-0.00061
-0.00054
-0.00048
-0.00041
-0.00035
-0.00028
-0.00022
-0.00016
-0.00011
-5e-05
0.0
5e-05
0.0001
0.00014
0.00018
0.00022
0.00026
0.00029
0.00032
0.00035
0.00037
0.00039
0.00041
0.00042
0.00043
0.00045
0.00046
0.00047
0.00047
0.00047
0.00048
0.00048
0.00049
0.00049
0.00049
0.0005
0.0005
0.0005
0.0005
0.00051
0.00051
0.00052
0.00052
0.00052
0.00053
0.00054
0.00055
0.00056
0.00057
0.00059
0.0006
0.00062
0.00063
0.00065
0.00067
0.00069
0.00071
0.00074
0.00076
0.00078
0.00081
0.00084
0.00087
0.0009
0.00093
0.00096
0.00099
0.00103
0.00107
0.00111
0.00114
0.00118
0.00122
0.00126
0.0013
0.00134
0.00138
0.00143
0.00147
0.00152
0.00157
0.00162
0.00166
0.00171
0.00176
0.00181
0.00186
0.00192
0.00196
0.00202
0.00208
0.00213
0.00219
0.00224
0.0023
0.00236
0.00242
0.00248
0.00253
0.00259
0.00265
0.00271
0.00277
0.00282
0.00288
0.00293
0.00298
0.00303
0.00308
0.00312
0.00317
0.00321
0.00325
0.00329
0.00332
0.00336
0.00338
0.00341
0.00343
0.00345
0.00347
0.00349
0.0035
0.00351
0.00352
0.00353
0.00354
0.00354
0.00355
0.00355
0.00355
0.00356
0.00356
0.00356
0.00356
0.00356
0.00356
0.00356
0.00356
0.00355
0.00355
0.00355
0.00354
0.00354
0.00353
0.00353
0.00351
0.00351
0.00349
0.00348
0.00346
0.00344
0.00341
0.00339
0.00336
0.00332
0.00329
0.00325
0.00321
0.00316
0.00311
0.00307
0.00301
0.00295
0.0029
0.00284
0.00278
0.00272
0.00265
0.00259
0.00253
0.00246
0.0024
0.00234
0.00228
0.00222
0.00216
0.00211
0.00205
0.002
0.00195
0.00191
0.00186
0.00182
0.00177
0.00174
0.0017
0.00167
0.00164
0.00161
0.00158
0.00156
0.00154
0.00152
0.0015
0.00148
0.00146
0.00145
0.00144
0.00143
0.00141
0.00141
0.0014
0.0014
0.00139
0.00138
0.00138
0.00138
0.00139
0.00139
0.00139
0.0014
0.0014
0.00142
0.00142
0.00144
0.00145
0.00147
0.00149
0.0015
0.00152
0.00154
0.00156
0.00159
0.00161
0.00163
0.00165
0.00168
0.0017
0.00172
0.00174
0.00176
0.00177
0.00179
0.0018
0.00181
0.00182
0.00182
0.00183
0.00183
0.00182
0.00182
0.0018
0.0018
0.00178
0.00176
0.00174
0.00172
0.00169
0.00167
0.00164
0.00161
0.00158
0.00155
0.00152
0.00149
0.00145
0.00143
0.00139
0.00136
0.00133
0.0013
0.00127
0.00124
0.00121
0.00119
0.00117
0.00114
0.00112
0.00109
0.00108
0.00106
0.00104
0.00102
0.001
0.00098
0.00096
0.00095
0.00092
0.00091
0.00089
0.00087
0.00085
0.00083
0.00081
0.00079
0.00077
0.00075
0.00073
0.00072
0.00069
0.00068
0.00065
0.00064
0.00062
0.0006
0.00058
0.00057
0.00056
0.00054
0.00053
0.00052
0.00051
0.0005
0.00049
0.00048
0.00047
0.00046
0.00045
0.00045
0.00044
0.00043
0.00042
0.00042
0.00041
0.0004
0.00039
0.00038
0.00038
0.00037
0.00036
0.00035
0.00034
0.00033
0.00032
0.00031
0.0003
0.00029
0.00028
0.00027
0.00026
0.00026
0.00025
0.00025
0.00024
0.00024
0.00024
0.00024
0.00024
0.00024
0.00024
0.00025
0.00025
0.00025
0.00025
0.00025
0.00025
0.00025
0.00025
0.00025
0.00025
0.00025
0.00024
0.00024
0.00022
0.00021
0.0002
0.00019
0.00017
0.00016
0.00014
0.00012
0.0001
8e-05
7e-05
4e-05
3e-05
1e-05
-1e-05
-2e-05
-4e-05
-5e-05
-6e-05
-7e-05
-8e-05
-8e-05
-9e-05
-9e-05
-9e-05
-9e-05
-9e-05
-9e-05
-8e-05
-7e-05
-7e-05
-6e-05
-6e-05
-5e-05
-5e-05
-4e-05
-4e-05
-3e-05
-4e-05
-3e-05
-4e-05
-4e-05
-5e-05
-5e-05
-6e-05
-7e-05
-7e-05
-8e-05
-0.0001
-0.0001
-0.00011
-0.00012
-0.00013
-0.00013
-0.00014
-0.00014
-0.00014
-0.00014
-0.00014
-0.00013
-0.00012
-0.00011
-9e-05
-7e-05
-6e-05
-3e-05
-1e-05
2e-05
5e-05
8e-05
0.00011
0.00015
0.00017
0.00021
0.00024
0.00027
0.0003
0.00033
0.00036
0.00039
0.00041
0.00043
0.00045
0.00047
0.00048
0.0005
0.00051
0.00052
0.00052
0.00052
0.00052
0.00052
0.00052
0.00052
0.00051
0.0005
0.00049
0.00048
0.00047
0.00046
0.00044
0.00043
0.00041
0.0004
0.00038
0.00036
0.00034
0.00032
0.0003
0.00029
0.00026
0.00024
0.00021
0.00019
0.00016
0.00014
0.00011
8e-05
5e-05
2e-05
-2e-05
-5e-05
-9e-05
-0.00013
-0.00016
-0.0002
-0.00023
-0.00027
-0.00032
-0.00035
-0.00039
-0.00042
-0.00046
-0.0005
-0.00054
-0.00056
-0.0006
-0.00063
-0.00066
-0.00069
-0.00071
-0.00073
-0.00075
-0.00077
-0.00079
-0.00081
-0.00082
-0.00083
-0.00085
-0.00085
-0.00086
-0.00086
-0.00087
-0.00087
-0.00088
-0.00088
-0.00088
-0.00087
-0.00087
-0.00086
-0.00086
-0.00085
-0.00085
-0.00083
-0.00083
-0.00081
-0.0008
-0.00078
-0.00077
-0.00075
-0.00074
-0.00072
-0.0007
-0.00068
-0.00066
-0.00063
-0.00062
-0.00059
-0.00057
-0.00054
-0.00053
-0.0005
-0.00048
-0.00046
-0.00044
-0.00042
-0.00041
-0.0004
-0.00038
-0.00037
-0.00036
-0.00035
-0.00035
-0.00035
-0.00035
-0.00035
-0.00035
-0.00036
-0.00037
-0.00037
-0.00038
-0.00039
-0.00041
-0.00042
-0.00043
-0.00044
-0.00046
-0.00047
-0.00048
-0.00049
-0.0005
-0.00051
-0.00052
-0.00052
-0.00053
-0.00052
-0.00052
-0.00052
-0.00052
-0.00051
-0.0005
-0.00049
-0.00048
-0.00046
-0.00045
-0.00044
-0.00042
-0.0004
-0.00039
-0.00036
-0.00035
-0.00032
-0.00031
-0.00029
-0.00027
-0.00025
-0.00023
-0.0002
-0.00018
-0.00016
-0.00014
-0.00011
-9e-05
-6e-05
-4e-05
-1e-05
2e-05
5e-05
8e-05
0.00012
0.00016
0.0002
0.00024
0.00029
0.00034
0.0004
0.00045
0.00051
0.00057
0.00064
0.0007
0.00077
0.00084
0.00092
0.00099
0.00107
0.00114
0.00122
0.0013
0.00138
0.00146
0.00154
0.00162
0.0017
0.00177
0.00185
0.00192
0.00199
0.00206
0.00213
0.00219
0.00226
0.00232
0.00237
0.00243
0.00248
0.00253
0.00258
0.00262
0.00267
0.00271
0.00275
0.00278
0.00282
0.00285
0.00288
0.00291
0.00294
0.00296
0.00299
0.00301
0.00303
0.00305
0.00307
0.00307
0.00309
0.00309
0.0031
0.0031
0.00311
0.0031
0.00309
0.00308
0.00307
0.00304
0.00302
0.00299
0.00296
0.00293
0.00289
0.00284
0.00279
0.00273
0.00268
0.00261
0.00254
0.00247
0.0024
0.00232
0.00223
0.00215
0.00206
0.00197
0.00188
0.00178
0.00169
0.00159
0.00149
0.00139
0.00129
0.00119
0.00109
0.00098
0.00089
0.00078
0.00068
0.00058
0.00047
0.00038
0.00028
0.00018
8e-05
-3e-05
-0.00012
-0.00023
-0.00032
-0.00042
-0.00052
-0.00062
-0.00072
-0.00081
-0.00091
-0.00101
-0.0011
-0.0012
-0.00129
-0.00138
-0.00146
-0.00156
-0.00164
-0.00172
-0.0018
-0.00188
-0.00195
-0.00203
-0.00209
-0.00216
-0.00222
-0.00228
-0.00234
-0.00239
-0.00244
-0.00249
-0.00253
-0.00258
-0.00262
-0.00266
-0.00269
-0.00273
-0.00275
-0.00279
-0.00282
-0.00285
-0.00288
-0.00291
-0.00294
-0.00297
-0.003
-0.00302
-0.00305
-0.00309
-0.00311
-0.00315
-0.00317
-0.00321
-0.00323
-0.00327
-0.0033
-0.00333
-0.00336
-0.00339
-0.00342
-0.00344
-0.00346
-0.00349
-0.0035
-0.00353
-0.00354
-0.00356
-0.00357
-0.00358
-0.00359
-0.00359
-0.00359
-0.00359
-0.00359
-0.00358
-0.00357
-0.00356
-0.00354
-0.00353
-0.0035
-0.00349
-0.00346
-0.00344
-0.00341
-0.00338
-0.00334
-0.00332
-0.00327
-0.00324
-0.0032
-0.00316
-0.00312
-0.00308
-0.00304
-0.00299
-0.00294
-0.0029
-0.00285
-0.00281
-0.00275
-0.00271
-0.00266
-0.00261
-0.00255
-0.0025
-0.00245
-0.0024
-0.00235
-0.00229
-0.00224
-0.00218
-0.00213
-0.00208
-0.00202
-0.00197
-0.00191
-0.00187
-0.00181
-0.00176
-0.00171
-0.00166
-0.00161
-0.00156
-0.00151
-0.00146
-0.0014
-0.00135
-0.0013
-0.00125
-0.0012
-0.00115
-0.00109
-0.00105
-0.00099
-0.00094
-0.00088
-0.00083
-0.00078
-0.00072
-0.00067
-0.00061
-0.00055
-0.0005
-0.00044
-0.00039
-0.00033
-0.00027
-0.00021
-0.00016
-0.0001
-5e-05
1e-05
7e-05
0.00012
0.00017
0.00023
0.00028
0.00034
0.00039
0.00044
0.00048
0.00054
0.00058
0.00064
0.00068
0.00073
0.00077
0.00082
0.00086
0.00091
0.00095
0.00099
0.00103
0.00107
0.00111
0.00116
0.00119
0.00123
0.00127
0.00131
0.00134
0.00138
0.00141
0.00145
0.00148
0.00152
0.00154
0.00157
0.0016
0.00163
0.00166
0.00168
0.0017
0.00173
0.00174
0.00177
0.00178
0.00179
0.0018
0.00182
0.00182
0.00183
0.00183
0.00184
0.00184
0.00184
0.00183
0.00183
0.00182
0.00182
0.0018
0.0018
0.00178
0.00176
0.00174
0.00173
0.00171
0.00169
0.00166
0.00164
0.00161
0.00159
0.00156
0.00154
0.0015
0.00148
0.00145
0.00142
0.00139
0.00136
0.00133
0.00131
0.00128
0.00125
0.00122
0.00119
0.00117
0.00115
0.00113
0.00111
0.00108
0.00107
0.00105
0.00103
0.00101
0.001
0.00098
0.00098
0.00096
0.00096
0.00095
0.00094
0.00093
0.00093
0.00092
0.00092
0.00091
0.00091
0.00091
0.00091
0.0009
0.0009
0.00089
0.00089
0.00088
0.00087
0.00086
0.00085
0.00084
0.00083
0.00082
0.0008
0.00078
0.00077
0.00074
0.00073
0.0007
0.00068
0.00065
0.00063
0.0006
0.00057
0.00054
0.00051
0.00047
0.00044
0.00041
0.00037
0.00033
0.0003
0.00026
0.00022
0.00018
0.00014
0.0001
6e-05
2e-05
-3e-05
-7e-05
-0.00012
-0.00016
-0.00021
-0.00025
-0.0003
-0.00035
-0.0004
-0.00045
-0.0005
-0.00056
-0.00061
-0.00068
-0.00073
-0.00079
-0.00085
-0.00092
-0.00098
-0.00105
-0.00112
-0.00118
-0.00125
-0.00133
-0.0014
-0.00147
-0.00155
-0.00163
-0.0017
-0.00178
-0.00185
-0.00193
-0.00201
-0.00208
-0.00216
-0.00223
-0.0023
-0.00238
-0.00244
-0.00252
-0.00258
-0.00265
-0.0027
-0.00277
-0.00282
-0.00288
-0.00293
-0.00298
-0.00303
-0.00307
-0.00312
-0.00315
-0.00319
-0.00322
-0.00325
-0.00328
-0.0033
-0.00332
-0.00334
-0.00336
-0.00337
-0.00338
-0.00339
-0.0034
-0.0034
-0.0034
-0.0034
-0.0034
-0.00339
-0.00338
-0.00337
-0.00336
-0.00334
-0.00333
-0.0033
-0.00328
-0.00326
-0.00323
-0.0032
-0.00317
-0.00313
-0.00309
-0.00305
-0.00301
-0.00296
-0.0029
-0.00285
-0.00279
-0.00273
-0.00267
-0.0026
-0.00253
-0.00245
-0.00238
-0.00229
-0.00221
-0.00213
-0.00204
-0.00195
-0.00185
-0.00175
-0.00165
-0.00155
-0.00145
-0.00134
-0.00124
-0.00112
-0.00102
-0.0009
-0.0008
-0.00068
-0.00057
-0.00046
-0.00034
-0.00023
-0.00012
-1e-05
0.00011
0.00022
0.00032
0.00044
0.00054
0.00065
0.00075
0.00086
0.00096
0.00106
0.00116
0.00126
0.00135
0.00144
0.00153
0.00163
0.00171
0.0018
0.00188
0.00197
0.00205
0.00213
0.0022
0.00228
0.00235
0.00242
0.00249
0.00255
0.00262
0.00268
0.00273
0.00279
0.00284
0.00289
0.00293
0.00297
0.003
0.00304
0.00307
0.00309
0.00311
0.00313
0.00314
0.00315
0.00315
0.00315
0.00315
0.00314
0.00313
0.00311
0.00309
0.00307
0.00304
0.00302
0.00298
0.00295
0.00291
0.00288
0.00284
0.0028
0.00276
0.00272
0.00268
0.00265
0.00261
0.00258
0.00254
0.00251
0.00248
0.00246
0.00243
0.00241
0.00238
0.00237
0.00236
0.00235
0.00234
0.00234
0.00234
0.00235
0.00235
0.00237
0.00237
0.0024
0.00241
0.00243
0.00245
0.00248
0.0025
0.00253
0.00255
0.00258
0.0026
0.00263
0.00265
0.00268
0.0027
0.00272
0.00273
0.00275
0.00277
0.00278
0.00278
0.00279
0.00278
0.00278
0.00277
0.00276
0.00274
0.00272
0.0027
0.00267
0.00264
0.00261
0.00256
0.00252
0.00247
0.00242
0.00237
0.00231
0.00224
0.00219
0.00211
0.00204
0.00197
0.00189
0.00181
0.00173
0.00164
0.00156
0.00146
0.00137
0.00127
0.00118
0.00107
0.00097
0.00086
0.00076
0.00065
0.00053
0.00042
0.0003
0.00018
7e-05
-6e-05
-0.00017
-0.0003
-0.00042
-0.00055
-0.00067
-0.0008
-0.00093
-0.00105
-0.00117
-0.0013
-0.00142
-0.00154
-0.00166
-0.00177
-0.00188
-0.00198
-0.00209
-0.00219
-0.00228
-0.00237
-0.00245
-0.00254
-0.00261
-0.00268
-0.00274
-0.00279
-0.00284
-0.00289
-0.00293
-0.00296
-0.00298
-0.003
-0.00301
-0.00302
-0.00301
-0.00301
-0.003
-0.00299
-0.00296
-0.00294
-0.00291
-0.00288
-0.00284
-0.00281
-0.00277
-0.00272
-0.00267
-0.00262
-0.00257
-0.00252
-0.00247
-0.00242
-0.00236
-0.00231
-0.00225
-0.0022
-0.00214
-0.00209
-0.00203
-0.00198
-0.00193
-0.00187
-0.00182
-0.00177
-0.00171
-0.00167
-0.00161
-0.00157
-0.00151
-0.00147
-0.00142
-0.00137
-0.00132
-0.00127
-0.00123
-0.00118
-0.00113
-0.00108
-0.00103
-0.00098
-0.00093
-0.00089
-0.00084
-0.00079
-0.00074
-0.00069
-0.00064
-0.0006
-0.00054
-0.0005
-0.00045
-0.0004
-0.00035
-0.0003
-0.00025
-0.00021
-0.00016
-0.00012
-7e-05
-3e-05
2e-05
6e-05
0.00011
0.00015
0.00019
0.00023
0.00027
0.00031
0.00035
0.00039
0.00043
0.00047
0.00051
0.00055
0.00059
0.00062
0.00067
0.0007
0.00074
0.00078
0.00082
0.00085
0.00089
0.00093
0.00097
0.00101
0.00105
0.00109
0.00113
0.00117
0.00122
0.00126
0.0013
0.00134
0.00138
0.00142
0.00147
0.00151
0.00156
0.0016
0.00165
0.0017
0.00175
0.00179
0.00184
0.00189
0.00195
0.002
0.00206
0.00211
0.00217
0.00222
0.00229
0.00235
0.00241
0.00248
0.00255
0.00262
0.00269
0.00276
0.00284
0.00291
0.00299
0.00306
0.00314
0.00321
0.0033
0.00337
0.00345
0.00352
0.0036
0.00367
0.00374
0.00381
0.00387
0.00393
0.004
0.00404
0.0041
0.00414
0.00419
0.00422
0.00425
0.00427
0.0043
0.00431
0.00432
0.00432
0.00431
0.00431
0.00429
0.00427
0.00425
0.00421
0.00418
0.00414
0.00409
0.00404
0.00399
0.00392
0.00387
0.0038
0.00373
0.00365
0.00357
0.00349
0.00341
0.00332
0.00324
0.00314
0.00305
0.00295
0.00285
0.00275
0.00264
0.00253
0.00243
0.00232
0.00221
0.00209
0.00197
0.00186
0.00174
0.00162
0.0015
0.00137
0.00125
0.00113
0.00101
0.00088
0.00076
0.00064
0.00052
0.0004
0.00028
0.00016
5e-05
-6e-05
-0.00017
-0.00027
-0.00037
-0.00047
-0.00056
-0.00065
-0.00074
-0.00082
-0.0009
-0.00097
-0.00103
-0.0011
-0.00116
-0.00122
-0.00127
-0.00131
-0.00136
-0.0014
-0.00143
-0.00147
-0.00149
-0.00152
-0.00154
-0.00157
-0.00159
-0.00161
-0.00162
-0.00164
-0.00165
-0.00166
-0.00167
-0.00168
-0.00169
-0.00169
-0.00169
-0.0017
-0.0017
-0.0017
-0.00169
-0.00169
-0.00168
-0.00168
-0.00166
-0.00165
-0.00163
-0.00162
-0.0016
-0.00157
-0.00155
-0.00152
-0.00149
-0.00147
-0.00143
-0.0014
-0.00136
-0.00132
-0.00128
-0.00125
-0.0012
-0.00116
-0.00112
-0.00109
-0.00105
-0.00101
-0.00097
-0.00093
-0.0009
-0.00087
-0.00084
-0.00081
-0.00078
-0.00076
-0.00074
-0.00072
-0.0007
-0.00069
-0.00068
-0.00067
-0.00066
-0.00065
-0.00065
-0.00064
-0.00064
-0.00064
-0.00064
-0.00064
-0.00064
-0.00064
-0.00064
-0.00065
-0.00064
-0.00065
-0.00065
-0.00065
-0.00065
-0.00065
-0.00064
-0.00064
-0.00063
-0.00063
-0.00062
-0.00062
-0.00061
-0.0006
-0.00059
-0.00059
-0.00057
-0.00056
-0.00055
-0.00054
-0.00053
-0.00052
-0.0005
-0.00049
-0.00047
-0.00046
-0.00044
-0.00043
-0.00041
-0.00039
-0.00037
-0.00035
-0.00032
-0.00031
-0.00028
-0.00026
-0.00023
-0.0002
-0.00017
-0.00014
-0.00011
-8e-05
-4e-05
-1e-05
3e-05
6e-05
0.0001
0.00013
0.00018
0.00021
0.00025
0.00029
0.00033
0.00037
0.0004
0.00044
0.00048
0.00052
0.00056
0.00059
0.00063
0.00066
0.00069
0.00072
0.00076
0.00079
0.00082
0.00085
0.00088
0.00091
0.00094
0.00097
0.001
0.00102
0.00105
0.00107
0.0011
0.00112
0.00115
0.00116
0.00119
0.00121
0.00123
0.00124
0.00126
0.00127
0.00129
0.0013
0.00131
0.00131
0.00132
0.00131
0.00132
0.00131
0.0013
0.00129
0.00128
0.00126
0.00124
0.00122
0.00119
0.00116
0.00113
0.0011
0.00106
0.00102
0.00098
0.00093
0.00089
0.00083
0.00078
0.00073
0.00068
0.00062
0.00056
0.0005
0.00044
0.00039
0.00033
0.00028
0.00022
0.00016
0.00011
6e-05
1e-05
-5e-05
-9e-05
-0.00014
-0.00018
-0.00022
-0.00026
-0.00029
-0.00033
-0.00035
-0.00038
-0.0004
-0.00042
-0.00044
-0.00045
-0.00047
-0.00047
-0.00048
-0.00048
-0.00049
-0.00049
-0.00049
-0.00048
-0.00048
-0.00047
-0.00046
-0.00045
-0.00044
-0.00043
-0.00042
-0.0004
-0.00039
-0.00037
-0.00036
-0.00035
-0.00033
-0.00031
-0.0003
-0.00028
-0.00026
-0.00024
-0.00022
-0.00019
-0.00017
-0.00014
-0.00011
-8e-05
-5e-05
-1e-05
3e-05
7e-05
0.00011
0.00016
0.00021
0.00026
0.00032
0.00037
0.00044
0.0005
0.00057
0.00064
0.0007
0.00078
0.00085
0.00093
0.001
0.00108
0.00115
0.00123
0.00131
0.00138
0.00145
0.00152
0.00159
0.00166
0.00172
0.00179
0.00184
0.0019
0.00195
0.002
0.00204
0.00209
0.00212
0.00216
0.00219
0.00222
0.00225
0.00227
0.00229
0.00231
0.00233
0.00235
0.00236
0.00237
0.00238
0.00239
0.0024
0.00241
0.00241
0.00242
0.00243
0.00244
0.00244
0.00245
0.00246
0.00247
0.00248
0.00249
0.00249
0.00251
0.00251
0.00253
0.00253
0.00255
0.00255
0.00257
0.00257
0.00258
0.00259
0.00259
0.0026
0.00261
0.00261
0.00262
0.00261
0.00262
0.00261
0.00262
0.00261
0.00261
0.0026
0.0026
0.00259
0.00259
0.00258
0.00257
0.00257
0.00256
0.00255
0.00255
0.00254
0.00254
0.00253
0.00253
0.00252
0.00253
0.00252
0.00253
0.00253
0.00253
0.00253
0.00254
0.00255
0.00256
0.00257
0.00259
0.0026
0.00262
0.00264
0.00266
0.00268
0.00271
0.00273
0.00276
0.00279
0.00282
0.00285
0.00289
0.00292
0.00296
0.003
0.00305
0.00308
0.00313
0.00317
0.00322
0.00327
0.00332
0.00337
0.00342
0.00347
0.00353
0.00358
0.00364
0.00369
0.00375
0.00381
0.00387
0.00393
0.00399
0.00405
0.00412
0.00418
0.00424
0.0043
0.00437
0.00443
0.00449
0.00455
0.00462
0.00468
0.00474
0.00481
0.00487
0.00493
0.005
0.00506
0.00512
0.00518
0.00524
0.0053
0.00536
0.00542
0.00547
0.00553
0.00558
0.00564
0.00569
0.00574
0.0058
0.00584
0.00589
0.00593
0.00598
0.00601
0.00605
0.00608
0.00611
0.00614
0.00616
0.00618
0.00619
0.00621
0.00622
0.00622
0.00622
0.00621
0.0062
0.00618
0.00617
0.00614
0.00611
0.00607
0.00604
0.00599
0.00594
0.00589
0.00583
0.00577
0.00571
0.00564
0.00557
0.00548
0.00541
0.00532
0.00524
0.00514
0.00505
0.00495
0.00486
0.00475
0.00465
0.00455
0.00444
0.00433
0.00422
0.00411
0.004
0.00388
0.00376
0.00364
0.00353
0.0034
0.00328
0.00316
0.00304
0.00291
0.00279
0.00266
0.00253
0.00241
0.00228
0.00215
0.00203
0.0019
0.00178
0.00166
0.00154
0.00142
0.00131
0.00119
0.00109
0.00098
0.00087
0.00077
0.00068
0.00059
0.0005
0.00042
0.00034
0.00027
0.0002
0.00014
8e-05
3e-05
-2e-05
-7e-05
-0.0001
-0.00014
-0.00018
-0.00021
-0.00023
-0.00025
-0.00027
-0.00028
-0.00029
-0.00031
-0.00031
-0.00032
-0.00032
-0.00032
-0.00032
-0.00032
-0.0003
-0.0003
-0.00028
-0.00027
-0.00026
-0.00024
-0.00022
-0.00019
-0.00016
-0.00014
-0.00011
-8e-05
-4e-05
-0.0
4e-05
8e-05
0.00012
0.00017
0.00021
0.00026
0.0003
0.00035
0.0004
0.00044
0.00049
0.00053
0.00057
0.0006
0.00064
0.00067
0.0007
0.00072
0.00075
0.00076
0.00077
0.00078
0.00078
0.00078
0.00077
0.00076
0.00075
0.00073
0.00071
0.00068
0.00066
0.00062
0.00059
0.00055
0.00052
0.00048
0.00044
0.0004
0.00036
0.00032
0.00028
0.00024
0.0002
0.00015
0.00012
7e-05
4e-05
-0.0
-4e-05
-8e-05
-0.00011
-0.00015
-0.00019
-0.00023
-0.00027
-0.00031
-0.00034
-0.00038
-0.00042
-0.00046
-0.0005
-0.00054
-0.00057
-0.00062
-0.00065
-0.00069
-0.00072
-0.00076
-0.00079
-0.00082
-0.00085
-0.00087
-0.00089
-0.00091
-0.00092
-0.00094
-0.00094
-0.00094
-0.00094
-0.00094
-0.00092
-0.00091
-0.00089
-0.00087
-0.00085
-0.00082
-0.00079
-0.00075
-0.00072
-0.00068
-0.00063
-0.0006
-0.00055
-0.00051
-0.00047
-0.00043
-0.00039
-0.00036
-0.00031
-0.00028
-0.00025
-0.00022
-0.00019
-0.00016
-0.00014
-0.00012
-9e-05
-8e-05
-6e-05
-5e-05
-4e-05
-3e-05
-2e-05
-2e-05
-1e-05
-1e-05
-0.0
-0.0
0.0
1e-05
1e-05
1e-05
2e-05
2e-05
3e-05
3e-05
4e-05
4e-05
5e-05
5e-05
6e-05
7e-05
7e-05
8e-05
8e-05
9e-05
0.0001
0.0001
0.00011
0.00011
0.00012
0.00012
0.00013
0.00013
0.00014
0.00013
0.00014
0.00014
0.00015
0.00015
0.00015
0.00016
0.00016
0.00016
0.00017
0.00017
0.00018
0.00019
0.0002
0.00021
0.00022
0.00023
0.00025
0.00027
0.00029
0.0003
0.00032
0.00034
0.00037
0.0004
0.00043
0.00045
0.00048
0.00051
0.00055
0.00058
0.00062
0.00066
0.00071
0.00075
0.00079
0.00084
0.00088
0.00094
0.00099
0.00105
0.0011
0.00116
0.00122
0.00128
0.00135
0.00141
0.00148
0.00155
0.00162
0.00169
0.00177
0.00184
0.00191
0.00199
0.00207
0.00214
0.00222
0.00229
0.00237
0.00244
0.00252
0.00259
0.00266
0.00273
0.0028
0.00287
0.00293
0.00299
0.00305
0.00311
0.00316
0.00322
0.00327
0.00331
0.00337
0.00341
0.00346
0.00349
0.00354
0.00357
0.00361
0.00365
0.00369
0.00372
0.00375
0.00379
0.00382
0.00386
0.0039
0.00393
0.00396
0.004
0.00404
0.00407
0.00411
0.00414
0.00418
0.00422
0.00425
0.00428
0.00432
0.00435
0.00439
0.00442
0.00445
0.00447
0.0045
0.00452
0.00454
0.00455
0.00457
0.00457
0.00458
0.00458
0.00458
0.00457
0.00455
0.00454
0.00452
0.00449
0.00446
0.00441
0.00437
0.00432
0.00427
0.00421
0.00415
0.00408
0.00401
0.00392
0.00384
0.00375
0.00366
0.00357
0.00347
0.00337
0.00326
0.00315
0.00304
0.00292
0.00281
0.00268
0.00256
0.00243
0.00231
0.00218
0.00205
0.00192
0.00179
0.00165
0.00152
0.00138
0.00125
0.0011
0.00097
0.00083
0.00069
0.00055
0.00041
0.00027
0.00013
-1e-05
-0.00015
-0.00029
-0.00043
-0.00057
-0.0007
-0.00084
-0.00097
-0.0011
-0.00123
-0.00136
-0.00148
-0.00161
-0.00172
-0.00184
-0.00195
-0.00206
-0.00217
-0.00227
-0.00237
-0.00246
-0.00255
-0.00264
-0.00272
-0.0028
-0.00287
-0.00294
-0.00301
-0.00307
-0.00313
-0.00318
-0.00323
-0.00328
-0.00332
-0.00337
-0.0034
-0.00344
-0.00347
-0.0035
-0.00352
-0.00355
-0.00357
-0.00359
-0.00361
-0.00363
-0.00364
-0.00365
-0.00366
-0.00367
-0.00367
-0.00368
-0.00368
-0.00368
-0.00367
-0.00367
-0.00365
-0.00365
-0.00363
-0.00362
-0.00359
-0.00358
-0.00355
-0.00353
-0.00349
-0.00346
-0.00343
-0.0034
-0.00336
-0.00332
-0.00327
-0.00323
-0.00318
-0.00313
-0.00308
-0.00303
-0.00297
-0.00292
-0.00286
-0.00281
-0.00274
-0.00268
-0.00262
-0.00256
-0.00249
-0.00243
-0.00236
-0.00229
-0.00221
-0.00215
-0.00207
-0.00199
-0.00191
-0.00183
-0.00175
-0.00167
-0.00157
-0.00149
-0.00139
-0.0013
-0.0012
-0.00111
-0.001
-0.0009
-0.00079
-0.00069
-0.00058
-0.00048
-0.00036
-0.00026
-0.00015
-4e-05
7e-05
0.00018
0.00028
0.00039
0.00049
0.00059
0.00069
0.00078
0.00088
0.00096
0.00105
0.00113
0.00121
0.00128
0.00136
0.00142
0.00149
0.00154
0.0016
0.00164
0.00169
0.00173
0.00177
0.00181
0.00184
0.00186
0.00189
0.00191
0.00193
