2.20259952330116E+03

0.00348
0.00343
0.00338
0.00332
0.00326
0.0032
0.00313
0.00306
0.00298
0.00291
0.00283
0.00275
0.00267
0.00259
0.0025
0.00242
0.00233
0.00225
0.00216
0.00207
0.002
0.00191
0.00183
0.00175
0.00167
0.0016
0.00153
0.00146
0.0014
0.00133
0.00128
0.00122
0.00117
0.00111
0.00107
0.00102
0.00098
0.00094
0.0009
0.00086
0.00082
0.00079
0.00076
0.00073
0.00071
0.00067
0.00065
0.00062
0.0006
0.00057
0.00054
0.00052
0.0005
0.00047
0.00044
0.00042
0.00039
0.00037
0.00035
0.00033
0.00031
0.00028
0.00026
0.00025
0.00023
0.00021
0.0002
0.00018
0.00018
0.00017
0.00016
0.00016
0.00015
0.00015
0.00015
0.00015
0.00016
0.00016
0.00017
0.00017
0.00018
0.00019
0.0002
0.0002
0.00021
0.00022
0.00023
0.00023
0.00024
0.00025
0.00025
0.00026
0.00026
0.00026
0.00026
0.00025
0.00026
0.00025
0.00024
0.00023
0.00023
0.00022
0.00021
0.00019
0.00018
0.00016
0.00015
0.00013
0.00012
0.0001
8e-05
6e-05
4e-05
1e-05
-1e-05
-3e-05
-6e-05
-8e-05
-0.00011
-0.00014
-0.00017
-0.0002
-0.00023
-0.00026
-0.00029
-0.00033
-0.00037
-0.00041
-0.00044
-0.00048
-0.00051
-0.00056
-0.00059
-0.00063
-0.00067
-0.0007
-0.00074
-0.00077
-0.0008
-0.00083
-0.00086
-0.00089
-0.00091
-0.00094
-0.00095
-0.00098
-0.00099
-0.001
-0.001
-0.00101
-0.00102
-0.00102
-0.00101
-0.00101
-0.001
-0.00098
-0.00097
-0.00096
-0.00094
-0.00092
-0.00089
-0.00087
-0.00084
-0.00081
-0.00078
-0.00075
-0.00071
-0.00068
-0.00064
-0.0006
-0.00056
-0.00052
-0.00047
-0.00043
-0.00038
-0.00033
-0.00028
-0.00023
-0.00017
-0.00012
-6e-05
-0.0
6e-05
0.00012
0.00018
0.00025
0.00032
0.00039
0.00046
0.00053
0.0006
0.00067
0.00075
0.00082
0.0009
0.00097
0.00106
0.00113
0.00121
0.00128
0.00136
0.00144
0.00152
0.00159
0.00167
0.00174
0.00182
0.00189
0.00197
0.00204
0.00212
0.00219
0.00227
0.00235
0.00242
0.0025
0.00257
0.00265
0.00272
0.0028
0.00288
0.00295
0.00303
0.0031
0.00318
0.00326
0.00334
0.00341
0.00349
0.00356
0.00364
0.00371
0.00378
0.00385
0.00393
0.004
0.00407
0.00413
0.0042
0.00426
0.00432
0.00438
0.00444
0.00449
0.00454
0.00459
0.00463
0.00467
0.00471
0.00475
0.00479
0.00482
0.00485
0.00487
0.00489
0.00491
0.00493
0.00493
0.00494
0.00494
0.00495
0.00494
0.00493
0.00492
0.00491
0.00489
0.00487
0.00484
0.00482
0.00478
0.00475
0.00471
0.00468
0.00463
0.00459
0.00453
0.00449
0.00443
0.00438
0.00432
0.00426
0.0042
0.00414
0.00407
0.00401
0.00394
0.00387
0.0038
0.00373
0.00365
0.00358
0.0035
0.00343
0.00335
0.00327
0.00318
0.0031
0.00301
0.00293
0.00284
0.00275
0.00265
0.00255
0.00245
0.00235
0.00225
0.00214
0.00203
0.00192
0.00181
0.00169
0.00157
0.00145
0.00133
0.00121
0.00108
0.00096
0.00082
0.0007
0.00057
0.00044
0.00031
0.00018
5e-05
-7e-05
-0.0002
-0.00032
-0.00045
-0.00057
-0.00069
-0.00081
-0.00093
-0.00104
-0.00116
-0.00126
-0.00138
-0.00148
-0.00158
-0.00168
-0.00178
-0.00187
-0.00197
-0.00206
-0.00215
-0.00224
-0.00232
-0.0024
-0.00248
-0.00255
-0.00263
-0.0027
-0.00277
-0.00284
-0.0029
-0.00296
-0.00302
-0.00307
-0.00312
-0.00317
-0.00322
-0.00326
-0.0033
-0.00333
-0.00336
-0.00338
-0.00341
-0.00342
-0.00344
-0.00345
-0.00346
-0.00346
-0.00346
-0.00345
-0.00345
-0.00344
-0.00343
-0.00341
-0.00339
-0.00336
-0.00333
-0.0033
-0.00328
-0.00323
-0.0032
-0.00315
-0.00311
-0.00306
-0.00302
-0.00296
-0.00291
-0.00285
-0.00279
-0.00273
-0.00266
-0.00259
-0.00252
-0.00245
-0.00238
-0.0023
-0.00222
-0.00213
-0.00206
-0.00197
-0.00189
-0.00179
-0.0017
-0.00161
-0.00152
-0.00143
-0.00134
-0.00125
-0.00115
-0.00106
-0.00097
-0.00088
-0.00079
-0.0007
-0.00062
-0.00053
-0.00045
-0.00037
-0.00029
-0.00021
-0.00014
-7e-05
0.0
7e-05
0.00013
0.0002
0.00025
0.00031
0.00037
0.00043
0.00047
0.00052
0.00057
0.00062
0.00066
0.0007
0.00074
0.00077
0.00081
0.00085
0.00088
0.00091
0.00093
0.00096
0.00099
0.00101
0.00103
0.00105
0.00107
0.00109
0.0011
0.00111
0.00112
0.00113
0.00114
0.00115
0.00115
0.00116
0.00116
0.00117
0.00118
0.00119
0.00119
0.0012
0.00121
0.00122
0.00123
0.00125
0.00126
0.00128
0.0013
0.00132
0.00135
0.00138
0.0014
0.00144
0.00146
0.0015
0.00153
0.00157
0.0016
0.00163
0.00167
0.0017
0.00173
0.00176
0.00179
0.00182
0.00185
0.00188
0.00189
0.00191
0.00193
0.00194
0.00195
0.00196
0.00196
0.00197
0.00196
0.00196
0.00195
0.00194
0.00194
0.00193
0.00191
0.0019
0.00188
0.00187
0.00185
0.00184
0.00181
0.0018
0.00177
0.00176
0.00173
0.00171
0.00169
0.00166
0.00164
0.00161
0.00158
0.00156
0.00152
0.00149
0.00146
0.00142
0.00138
0.00134
0.0013
0.00126
0.00121
0.00116
0.0011
0.00105
0.001
0.00094
0.00088
0.00083
0.00076
0.0007
0.00064
0.00059
0.00052
0.00047
0.0004
0.00035
0.00029
0.00024
0.00019
0.00014
9e-05
5e-05
1e-05
-3e-05
-7e-05
-0.0001
-0.00013
-0.00016
-0.00019
-0.00021
-0.00023
-0.00025
-0.00027
-0.00028
-0.0003
-0.00031
-0.00032
-0.00033
-0.00034
-0.00035
-0.00036
-0.00037
-0.00037
-0.00038
-0.00039
-0.00039
-0.0004
-0.0004
-0.00041
-0.00042
-0.00043
-0.00043
-0.00044
-0.00044
-0.00045
-0.00045
-0.00046
-0.00046
-0.00047
-0.00047
-0.00048
-0.00048
-0.00049
-0.00049
-0.0005
-0.00051
-0.00052
-0.00053
-0.00053
-0.00054
-0.00055
-0.00056
-0.00059
-0.0006
-0.00062
-0.00063
-0.00066
-0.00068
-0.0007
-0.00072
-0.00075
-0.00078
-0.00082
-0.00085
-0.00088
-0.00092
-0.00096
-0.001
-0.00104
-0.00108
-0.00113
-0.00118
-0.00123
-0.00128
-0.00134
-0.00139
-0.00145
-0.0015
-0.00156
-0.00163
-0.00169
-0.00175
-0.00182
-0.00189
-0.00196
-0.00203
-0.0021
-0.00217
-0.00226
-0.00233
-0.00241
-0.00249
-0.00257
-0.00265
-0.00273
-0.00282
-0.0029
-0.00298
-0.00306
-0.00313
-0.00322
-0.00329
-0.00337
-0.00344
-0.00351
-0.00357
-0.00364
-0.0037
-0.00375
-0.00381
-0.00385
-0.0039
-0.00393
-0.00396
-0.00399
-0.00401
-0.00403
-0.00403
-0.00404
-0.00403
-0.00403
-0.00402
-0.004
-0.00397
-0.00395
-0.00391
-0.00387
-0.00383
-0.00378
-0.00373
-0.00367
-0.00361
-0.00356
-0.00349
-0.00342
-0.00335
-0.00328
-0.00321
-0.00314
-0.00305
-0.00298
-0.0029
-0.00283
-0.00275
-0.00267
-0.00259
-0.00251
-0.00243
-0.00236
-0.00228
-0.00221
-0.00213
-0.00206
-0.00198
-0.00192
-0.00184
-0.00178
-0.00171
-0.00165
-0.00158
-0.00152
-0.00146
-0.0014
-0.00134
-0.00129
-0.00124
-0.00119
-0.00113
-0.00109
-0.00104
-0.001
-0.00095
-0.00091
-0.00088
-0.00084
-0.0008
-0.00077
-0.00073
-0.0007
-0.00066
-0.00064
-0.0006
-0.00058
-0.00054
-0.00052
-0.00048
-0.00046
-0.00043
-0.0004
-0.00037
-0.00034
-0.00031
-0.00028
-0.00025
-0.00021
-0.00018
-0.00015
-0.00011
-8e-05
-4e-05
-0.0
4e-05
8e-05
0.00012
0.00016
0.00021
0.00025
0.0003
0.00034
0.0004
0.00045
0.0005
0.00055
0.00061
0.00066
0.00073
0.00078
0.00085
0.00091
0.00098
0.00105
0.00112
0.0012
0.00127
0.00136
0.00144
0.00153
0.00162
0.00171
0.00181
0.00191
0.00202
0.00213
0.00224
0.00236
0.00248
0.0026
0.00273
0.00286
0.00299
0.00314
0.00328
0.00343
0.00358
0.00373
0.00389
0.00404
0.00421
0.00437
0.00454
0.00471
0.00489
0.00507
0.00525
0.00543
0.00562
0.00581
0.006
0.00619
0.00639
0.00659
0.00679
0.007
0.00721
0.00741
0.00763
0.00784
0.00806
0.00827
0.00849
0.00871
0.00893
0.00916
0.00938
0.0096
0.00983
0.01005
0.01028
0.0105
0.01073
0.01094
0.01117
0.01138
0.0116
0.01182
0.01203
0.01224
0.01245
0.01265
0.01285
0.01305
0.01325
0.01344
0.01363
0.01381
0.014
0.01417
0.01435
0.01452
0.01469
0.01486
0.01502
0.01518
0.01534
0.01549
0.01565
0.01579
0.01594
0.01608
0.01623
0.01636
0.0165
0.01664
0.01677
0.01689
0.01702
0.01715
0.01727
0.01738
0.01749
0.0176
0.01771
0.01781
0.01792
0.01801
0.0181
0.01819
0.01828
0.01835
0.01843
0.0185
0.01857
0.01863
0.01869
0.01875
0.0188
0.01885
0.0189
0.01894
0.01897
0.019
0.01904
0.01906
0.01909
0.01911
0.01913
0.01914
0.01916
0.01917
0.01917
0.01918
0.01918
0.01918
0.01918
0.01917
0.01917
0.01915
0.01915
0.01913
0.01912
0.0191
0.01908
0.01906
0.01904
0.01902
0.01899
0.01897
0.01894
0.01891
0.01889
0.01886
0.01883
0.0188
0.01877
0.01874
0.01871
0.01868
0.01865
0.01862
0.01859
0.01856
0.01853
0.0185
0.01847
0.01844
0.01841
0.01838
0.01835
0.01831
0.01828
0.01824
0.01821
0.01817
0.01814
0.01809
0.01806
0.01801
0.01797
0.01792
0.01787
0.01782
0.01777
0.01771
0.01766
0.01759
0.01753
0.01747
0.01741
0.01733
0.01727
0.01719
0.01713
0.01705
0.01698
0.0169
0.01683
0.01675
0.01668
0.0166
0.01653
0.01645
0.01637
0.0163
0.01622
0.01614
0.01607
0.01599
0.01592
0.01584
0.01576
0.01568
0.0156
0.01552
0.01544
0.01536
0.01528
0.01519
0.0151
0.01501
0.01492
0.01483
0.01473
0.01463
0.01454
0.01443
0.01432
0.01421
0.0141
0.01399
0.01387
0.01375
0.01364
0.01351
0.01339
0.01326
0.01313
0.013
0.01287
0.01274
0.01261
0.01248
0.01235
0.01221
0.01208
0.01195
0.01182
0.01169
0.01157
0.01144
0.01132
0.01119
0.01107
0.01095
0.01084
0.01072
0.01061
0.0105
0.01039
0.01028
0.01018
0.01008
0.00998
0.00989
0.00979
0.0097
0.00961
0.00952
0.00944
0.00935
0.00927
0.00919
0.00912
0.00904
0.00897
0.00889
0.00882
0.00875
0.00869
0.00862
0.00856
0.00849
0.00843
0.00837
0.00832
0.00826
0.0082
0.00815
0.0081
0.00804
0.00799
0.00794
0.00789
0.00785
0.0078
0.00776
0.00771
0.00766
0.00762
0.00758
0.00754
0.00749
0.00745
0.00741
0.00737
0.00733
0.00729
0.00724
0.0072
0.00716
0.00712
0.00708
0.00704
0.007
0.00696
0.00692
0.00689
0.00684
0.00681
0.00677
0.00674
0.0067
0.00666
0.00663
0.00659
0.00656
0.00653
0.0065
0.00647
0.00643
0.00641
0.00638
0.00635
0.00632
0.0063
0.00627
0.00625
0.00622
0.00619
0.00616
0.00613
0.00611
0.00608
0.00605
0.00603
0.00599
0.00596
0.00593
0.0059
0.00586
0.00583
0.0058
0.00577
0.00572
0.00569
0.00565
0.00561
0.00557
0.00553
0.00549
0.00545
0.0054
0.00537
0.00532
0.00528
0.00524
0.00519
0.00515
0.00511
0.00507
0.00502
0.00498
0.00494
0.0049
0.00486
0.00482
0.00479
0.00474
0.00471
0.00467
0.00464
0.0046
0.00457
0.00453
0.0045
0.00447
0.00444
0.00441
0.00438
0.00435
0.00432
0.0043
0.00427
0.00424
0.00422
0.00419
0.00417
0.00414
0.00413
0.0041
0.00408
0.00406
0.00403
0.00401
0.00399
0.00396
0.00394
0.00392
0.0039
0.00387
0.00384
0.00381
0.00379
0.00376
0.00373
0.0037
0.00367
0.00364
0.00361
0.00357
0.00354
0.00351
0.00348
0.00345
0.00342
0.00338
0.00335
0.00332
0.0033
0.00326
0.00324
0.00321
0.0032
0.00317
0.00316
0.00314
0.00312
0.00312
0.00311
0.0031
0.0031
0.0031
0.0031
0.00311
0.00312
0.00312
0.00314
0.00315
0.00317
0.00318
0.0032
0.00322
0.00323
0.00325
0.00327
0.00329
0.00331
0.00332
0.00334
0.00335
0.00337
0.00338
0.00339
0.00339
0.0034
0.0034
0.0034
0.00339
0.00339
0.00338
0.00337
0.00335
0.00334
0.00331
0.00329
0.00327
0.00324
0.00321
0.00318
0.00314
0.00311
0.00306
0.00302
0.00298
0.00293
0.00289
0.00284
0.00279
0.00274
0.00268
0.00263
0.00258
0.00252
0.00246
0.00241
0.00234
0.00228
0.00222
0.00215
0.00209
0.00202
0.00195
0.00188
0.00181
0.00175
0.00167
0.0016
0.00152
0.00144
0.00136
0.00129
0.0012
0.00113
0.00104
0.00096
0.00088
0.00079
0.00071
0.00063
0.00055
0.00047
0.00038
0.00031
0.00023
0.00015
7e-05
-0.0
-8e-05
-0.00014
-0.00021
-0.00028
-0.00035
-0.00041
-0.00046
-0.00052
-0.00057
-0.00061
-0.00067
-0.0007
-0.00074
-0.00077
-0.00081
-0.00083
-0.00086
-0.00087
-0.00089
-0.0009
-0.00091
-0.00092
-0.00092
-0.00091
-0.00091
-0.0009
-0.00089
-0.00087
-0.00085
-0.00083
-0.00081
-0.00078
-0.00076
-0.00073
-0.0007
-0.00067
-0.00064
-0.0006
-0.00057
-0.00053
-0.0005
-0.00046
-0.00043
-0.00039
-0.00035
-0.00031
-0.00028
-0.00025
-0.00022
-0.00018
-0.00015
-0.00012
-9e-05
-6e-05
-4e-05
-1e-05
2e-05
4e-05
7e-05
9e-05
0.00011
0.00014
0.00016
0.00019
0.00021
0.00024
0.00026
0.00028
0.00031
0.00033
0.00036
0.00039
0.00042
0.00046
0.00048
0.00052
0.00055
0.00059
0.00062
0.00065
0.00069
0.00073
0.00076
0.00079
0.00082
0.00085
0.00088
0.00091
0.00094
0.00096
0.00098
0.001
0.00101
0.00102
0.00103
0.00103
0.00103
0.00103
0.00102
0.00101
0.001
0.00098
0.00096
0.00094
0.00091
0.00088
0.00085
0.00082
0.00078
0.00075
0.00071
0.00068
0.00064
0.0006
0.00056
0.00053
0.00049
0.00045
0.00042
0.00039
0.00036
0.00033
0.0003
0.00027
0.00024
0.00022
0.0002
0.00018
0.00016
0.00014
0.00012
0.00011
9e-05
8e-05
7e-05
6e-05
5e-05
4e-05
3e-05
2e-05
2e-05
2e-05
1e-05
1e-05
1e-05
2e-05
2e-05
3e-05
3e-05
4e-05
6e-05
8e-05
0.0001
0.00012
0.00014
0.00017
0.0002
0.00024
0.00027
0.00031
0.00035
0.0004
0.00044
0.00049
0.00054
0.00059
0.00064
0.0007
0.00075
0.00081
0.00086
0.00091
0.00097
0.00102
0.00107
0.00113
0.00117
0.00122
0.00127
0.00132
0.00136
0.0014
0.00144
0.00149
0.00153
0.00157
0.0016
0.00164
0.00167
0.00171
0.00175
0.00179
0.00182
0.00186
0.00189
0.00193
0.00197
0.00201
0.00205
0.0021
0.00214
0.00219
0.00223
0.00228
0.00232
0.00238
0.00242
0.00247
0.00252
0.00257
0.00262
0.00267
0.00272
0.00276
0.00281
0.00285
0.0029
0.00294
0.00298
0.00302
0.00305
0.00309
0.00312
0.00315
0.00317
0.00321
0.00323
0.00325
0.00327
0.00329
0.00331
0.00333
0.00335
0.00337
0.00338
0.0034
0.00341
0.00343
0.00345
0.00347
0.00348
0.00351
0.00352
0.00355
0.00357
0.00359
0.00362
0.00365
0.00367
0.0037
0.00373
0.00376
0.00378
0.00382
0.00384
0.00387
0.0039
0.00393
0.00395
0.00397
0.00399
0.00401
0.00403
0.00404
0.00405
0.00407
0.00407
0.00407
0.00407
0.00407
0.00406
0.00405
0.00403
0.00402
0.004
0.00397
0.00394
0.00391
0.00387
0.00384
0.0038
0.00376
0.0037
0.00366
0.0036
0.00356
0.00349
0.00344
0.00338
0.00332
0.00325
0.00319
0.00312
0.00305
0.00298
0.00291
0.00284
0.00277
0.00269
0.00262
0.00254
0.00246
0.00238
0.00231
0.00223
0.00215
0.00207
0.00199
0.00191
0.00183
0.00176
0.00168
0.0016
0.00153
0.00145
0.00138
0.0013
0.00123
0.00116
0.00109
0.00102
0.00096
0.00089
0.00083
0.00076
0.0007
0.00065
0.00059
0.00054
0.00049
0.00044
0.00039
0.00034
0.00031
0.00026
0.00022
0.00018
0.00015
0.00012
8e-05
5e-05
2e-05
-1e-05
-3e-05
-6e-05
-8e-05
-0.00011
-0.00014
-0.00016
-0.00018
-0.00021
-0.00023
-0.00026
-0.00028
-0.0003
-0.00033
-0.00035
-0.00038
-0.0004
-0.00042
-0.00045
-0.00047
-0.0005
-0.00052
-0.00055
-0.00057
-0.00059
-0.00061
-0.00064
-0.00066
-0.00068
-0.0007
-0.00072
-0.00074
-0.00075
-0.00077
-0.00078
-0.00079
-0.00081
-0.00082
-0.00083
-0.00083
-0.00085
-0.00085
-0.00086
-0.00086
-0.00087
-0.00087
-0.00087
-0.00088
-0.00088
-0.00088
-0.00088
-0.00088
-0.00088
-0.00088
-0.00088
-0.00088
-0.00088
-0.00088
-0.00089
-0.00088
-0.00088
-0.00088
-0.00088
-0.00087
-0.00087
-0.00086
-0.00085
-0.00084
-0.00083
-0.00081
-0.0008
-0.00078
-0.00076
-0.00074
-0.00072
-0.00068
-0.00065
-0.00062
-0.00058
-0.00054
-0.0005
-0.00046
-0.00041
-0.00036
-0.00031
-0.00025
-0.0002
-0.00014
-9e-05
-3e-05
3e-05
0.0001
0.00015
0.00021
0.00028
0.00034
0.0004
0.00046
0.00052
0.00058
0.00064
0.0007
0.00076
0.00082
0.00087
0.00094
0.00099
0.00105
0.0011
0.00116
0.00121
0.00127
0.00132
0.00138
0.00143
0.00149
0.00153
0.00159
0.00163
0.00169
0.00173
0.00178
0.00182
0.00187
0.00191
0.00195
0.00199
0.00202
0.00205
0.00208
0.00211
0.00213
0.00215
0.00217
0.00217
0.00219
0.00218
0.00219
0.00218
0.00217
0.00216
0.00214
0.00212
0.0021
0.00207
0.00204
0.00201
0.00197
0.00193
0.0019
0.00185
0.00181
0.00176
0.00172
0.00167
0.00163
0.00158
0.00153
0.00148
0.00143
0.00139
0.00134
0.0013
0.00126
0.00121
0.00117
0.00113
0.00109
0.00105
0.00101
0.00098
0.00095
0.00091
0.00088
0.00086
0.00083
0.00081
0.00079
0.00077
0.00076
0.00074
0.00073
0.00072
0.00072
0.00072
0.00072
0.00072
0.00074
0.00075
0.00076
0.00078
0.0008
0.00082
0.00085
0.00088
0.00092
0.00095
0.00099
0.00103
0.00108
0.00113
0.00118
0.00122
0.00128
0.00133
0.00138
0.00144
0.00149
0.00155
0.00161
0.00166
0.00172
0.00177
0.00183
0.00187
0.00193
0.00197
0.00202
0.00206
0.0021
0.00214
0.00218
0.00221
0.00223
0.00226
0.00228
0.0023
0.00232
0.00233
0.00234
0.00234
0.00235
0.00235
0.00234
0.00233
0.00233
0.00231
0.0023
0.00228
0.00226
0.00224
0.00221
0.00219
0.00216
0.00213
0.0021
0.00207
0.00204
0.002
0.00197
0.00193
0.0019
0.00187
0.00183
0.00179
0.00175
0.00172
0.00168
0.00165
0.00161
0.00157
0.00153
0.00149
0.00145
0.0014
0.00136
0.00132
0.00128
0.00123
0.00118
0.00113
0.00108
0.00102
0.00097
0.00091
0.00086
0.0008
0.00074
0.00068
0.00062
0.00055
0.00049
0.00042
0.00035
0.00028
0.00021
0.00014
7e-05
0.0
-7e-05
-0.00014
-0.0002
-0.00028
-0.00034
-0.00041
-0.00048
-0.00055
-0.00061
-0.00068
-0.00074
-0.0008
-0.00086
-0.00093
-0.00098
-0.00104
-0.00109
-0.00115
-0.00119
-0.00125
-0.00129
-0.00133
-0.00137
-0.00141
-0.00144
-0.00148
-0.00151
-0.00153
-0.00156
-0.00158
-0.00159
-0.0016
-0.00161
-0.00161
-0.00161
-0.00161
-0.0016
-0.0016
-0.00158
-0.00156
-0.00154
-0.00152
-0.00149
-0.00146
-0.00143
-0.0014
-0.00137
-0.00133
-0.00129
-0.00125
-0.0012
-0.00117
-0.00112
-0.00108
-0.00103
-0.00099
-0.00095
-0.00091
-0.00086
-0.00082
-0.00077
-0.00073
-0.00069
-0.00064
-0.0006
-0.00055
-0.0005
-0.00046
-0.00041
-0.00037
-0.00032
-0.00027
-0.00022
-0.00017
-0.00011
-6e-05
-0.0
5e-05
0.00011
0.00017
0.00023
0.00029
0.00036
0.00041
0.00048
0.00054
0.0006
0.00066
0.00072
0.00078
0.00084
0.0009
0.00095
0.001
0.00106
0.00111
0.00116
0.00121
0.00126
0.00129
0.00134
0.00138
0.00142
0.00146
0.0015
0.00153
0.00157
0.00161
0.00164
0.00167
0.00171
0.00175
0.00178
0.00182
0.00186
0.00189
0.00193
0.00197
0.00201
0.00204
0.00208
0.00212
0.00216
0.0022
0.00223
0.00227
0.0023
0.00234
0.00237
0.0024
0.00243
0.00245
0.00248
0.0025
0.00252
0.00254
0.00256
0.00257
0.00259
0.00259
0.0026
0.00261
0.00261
0.00262
0.00262
0.00263
0.00263
0.00263
0.00264
0.00264
0.00265
0.00266
0.00267
0.00267
0.00269
0.0027
0.00272
0.00273
0.00275
0.00277
0.0028
0.00282
0.00285
0.00287
0.0029
0.00293
0.00297
0.003
0.00303
0.00307
0.00311
0.00314
0.00318
0.00322
0.00325
0.00329
0.00334
0.00337
0.00342
0.00345
0.00349
0.00353
0.00358
0.00361
0.00366
0.0037
0.00374
0.00378
0.00383
0.00387
0.00391
0.00396
0.004
0.00405
0.00409
0.00413
0.00418
0.00422
0.00427
0.00431
0.00435
0.00439
0.00443
0.00447
0.00451
0.00454
0.00457
0.00461
0.00464
0.00466
0.00469
0.00471
0.00474
0.00475
0.00477
0.00478
0.0048
0.0048
0.00481
0.00481
0.00481
0.00481
0.0048
0.00479
0.00478
0.00477
0.00475
0.00473
0.00471
0.00468
0.00465
0.00462
0.00458
0.00454
0.0045
0.00444
0.00439
0.00434
0.00427
0.00421
0.00414
0.00407
0.004
0.00391
0.00383
0.00374
0.00365
0.00355
0.00346
0.00335
0.00325
0.00314
0.00303
0.00291
0.00279
0.00268
0.00256
0.00244
0.00231
0.00218
0.00206
0.00193
0.0018
0.00167
0.00154
0.0014
0.00128
0.00114
0.00101
0.00087
0.00074
0.0006
0.00047
0.00033
0.0002
6e-05
-8e-05
-0.00021
-0.00035
-0.00049
-0.00062
-0.00076
-0.00089
-0.00102
-0.00115
-0.00128
-0.00141
-0.00154
-0.00166
-0.00178
-0.0019
-0.00202
-0.00213
-0.00224
-0.00235
-0.00245
-0.00255
-0.00264
-0.00273
-0.00282
-0.0029
-0.00297
-0.00304
-0.00311
-0.00317
-0.00322
-0.00327
-0.00332
-0.00336
-0.0034
-0.00342
-0.00345
-0.00347
-0.0035
-0.0035
-0.00351
-0.00351
-0.00351
-0.00351
-0.0035
-0.00348
-0.00346
-0.00344
-0.00341
-0.00338
-0.00334
-0.0033
-0.00325
-0.0032
-0.00315
-0.00308
-0.00302
-0.00296
-0.00288
-0.00281
-0.00272
-0.00264
-0.00255
-0.00245
-0.00236
-0.00225
-0.00215
-0.00203
-0.00192
-0.00181
-0.00169
-0.00157
-0.00145
-0.00132
-0.0012
-0.00107
-0.00094
-0.00081
-0.00068
-0.00054
-0.00042
-0.00028
-0.00016
-2e-05
0.0001
0.00023
0.00035
0.00048
0.0006
0.00072
0.00083
0.00095
0.00106
0.00117
0.00128
0.00139
0.00149
0.00159
0.00169
0.00179
0.00188
0.00197
0.00206
0.00215
0.00224
0.00232
0.0024
0.00248
0.00256
0.00264
0.00271
0.00279
0.00285
0.00292
0.00299
0.00306
0.00312
0.00318
0.00324
0.0033
0.00335
0.00341
0.00345
0.0035
0.00355
0.00359
0.00363
0.00367
0.0037
0.00373
0.00376
0.00378
0.0038
0.00382
0.00383
0.00384
0.00385
0.00385
0.00385
0.00385
0.00384
0.00384
0.00382
0.00381
0.00379
0.00378
0.00375
0.00373
0.0037
0.00368
0.00364
0.00362
0.00358
0.00355
0.00351
0.00347
0.00343
0.00339
0.00335
0.00331
0.00326
0.00322
0.00317
0.00312
0.00306
0.00301
0.00295
0.0029
0.00283
0.00277
0.0027
0.00263
0.00256
0.00248
0.00241
0.00233
0.00224
0.00216
0.00207
0.00198
0.00188
0.00179
0.00169
0.00159
0.00149
0.00139
0.00128
0.00118
0.00107
0.00097
0.00086
0.00076
0.00065
0.00055
0.00044
0.00034
0.00024
0.00014
4e-05
-5e-05
-0.00015
-0.00024
-0.00034
-0.00043
-0.00052
-0.0006
-0.00069
-0.00077
-0.00085
-0.00093
-0.00101
-0.00109
-0.00116
-0.00124
-0.00131
-0.00138
-0.00145
-0.00152
-0.00159
-0.00165
-0.00171
-0.00177
-0.00183
-0.00188
-0.00194
-0.00198
-0.00203
-0.00207
-0.00212
-0.00215
-0.00219
-0.00222
-0.00225
-0.00227
-0.00229
-0.00231
-0.00232
-0.00233
-0.00234
-0.00234
-0.00234
-0.00233
-0.00233
-0.00231
-0.0023
-0.00228
-0.00226
-0.00224
-0.00221
-0.00219
-0.00216
-0.00213
-0.00209
-0.00206
-0.00202
-0.00198
-0.00194
-0.0019
-0.00186
-0.00181
-0.00176
-0.00171
-0.00166
-0.00161
-0.00156
-0.0015
-0.00144
-0.00138
-0.00132
-0.00126
-0.00119
-0.00112
-0.00105
-0.00098
-0.0009
-0.00082
-0.00075
-0.00067
-0.00059
-0.0005
-0.00042
-0.00034
-0.00025
-0.00017
-8e-05
0.0
9e-05
0.00018
0.00026
0.00034
0.00042
0.00051
0.00058
0.00066
0.00074
0.00081
0.00088
0.00095
0.00102
0.00108
0.00115
0.00121
0.00127
0.00132
0.00137
0.00143
0.00148
0.00153
0.00157
0.00162
0.00166
0.0017
0.00174
0.00178
0.00181
0.00184
0.00188
0.00191
0.00194
0.00197
0.00199
0.00201
0.00203
0.00205
0.00206
0.00208
0.00209
0.0021
0.00211
0.00211
0.00211
0.0021
0.0021
0.00209
0.00208
0.00207
0.00204
0.00202
0.00199
0.00197
0.00193
0.0019
0.00185
0.00182
0.00177
0.00171
0.00166
0.0016
0.00154
0.00148
0.00142
0.00135
0.00127
0.0012
0.00112
0.00105
0.00096
0.00088
0.00079
0.00071
0.00061
0.00052
0.00043
0.00034
0.00025
0.00015
6e-05
-3e-05
-0.00013
-0.00022
-0.00031
-0.00039
-0.00049
-0.00057
-0.00066
-0.00073
-0.00081
-0.00089
-0.00096
-0.00103
-0.0011
-0.00116
-0.00121
-0.00126
-0.00132
-0.00136
-0.0014
-0.00143
-0.00146
-0.00148
-0.0015
-0.00151
-0.00152
-0.00153
-0.00153
-0.00153
-0.00151
-0.0015
-0.00148
-0.00146
-0.00143
-0.0014
-0.00137
-0.00132
-0.00129
-0.00124
-0.0012
-0.00114
-0.00109
-0.00103
-0.00098
-0.00092
-0.00085
-0.00079
-0.00072
-0.00065
-0.00059
-0.00051
-0.00044
-0.00036
-0.00029
-0.00021
-0.00014
-5e-05
3e-05
0.00011
0.00019
0.00027
0.00035
0.00044
0.00053
0.00061
0.0007
0.00079
0.00087
0.00096
0.00104
0.00113
0.00121
0.0013
0.00138
0.00146
0.00153
0.00161
0.00169
0.00176
0.00183
0.0019
0.00195
0.00202
0.00207
0.00212
0.00216
0.00221
0.00224
0.00228
0.00231
0.00233
0.00235
0.00237
0.00237
0.00238
0.00238
0.00238
0.00237
0.00236
0.00234
0.00232
0.0023
0.00227
0.00224
0.00221
0.00217
0.00213
0.00209
0.00204
0.002
0.00195
0.0019
0.00186
0.0018
0.00175
0.0017
0.00164
0.00158
0.00153
0.00147
0.00142
0.00136
0.00131
0.00125
0.00119
0.00114
0.00108
0.00103
0.00097
0.00091
0.00086
0.0008
0.00075
0.00069
0.00064
0.00058
0.00054
0.00048
0.00043
0.00038
0.00032
0.00028
0.00023
0.00018
0.00013
8e-05
3e-05
-1e-05
-6e-05
-0.0001
-0.00015
-0.00019
-0.00023
-0.00028
-0.00032
-0.00036
-0.0004
-0.00044
-0.00048
-0.00052
-0.00055
-0.00059
-0.00062
-0.00066
-0.00069
-0.00073
-0.00076
-0.00079
-0.00081
-0.00084
-0.00087
-0.0009
-0.00092
-0.00095
-0.00097
-0.00099
-0.00101
-0.00103
-0.00105
-0.00107
-0.00108
-0.0011
-0.00111
-0.00113
-0.00114
-0.00115
-0.00116
-0.00117
-0.00118
-0.00119
-0.0012
-0.0012
-0.0012
-0.00121
-0.00121
-0.00121
-0.00121
-0.00121
-0.00121
-0.00121
-0.00119
-0.00119
-0.00118
-0.00117
-0.00116
-0.00114
-0.00112
-0.0011
-0.00107
-0.00105
-0.00102
-0.001
-0.00096
-0.00093
-0.0009
-0.00086
-0.00082
-0.00078
-0.00074
-0.0007
-0.00066
-0.00062
-0.00057
-0.00053
-0.00048
-0.00044
-0.00039
-0.00036
-0.00031
-0.00028
-0.00023
-0.0002
-0.00016
-0.00013
-0.0001
-7e-05
-4e-05
-2e-05
1e-05
3e-05
5e-05
6e-05
8e-05
0.0001
0.00011
0.00012
0.00013
0.00013
0.00015
0.00015
0.00016
0.00016
0.00016
0.00016
0.00016
0.00016
0.00016
0.00015
0.00015
0.00014
0.00014
0.00012
0.00012
0.0001
9e-05
7e-05
5e-05
3e-05
0.0
-2e-05
-5e-05
-8e-05
-0.00011
-0.00015
-0.00019
-0.00023
-0.00027
-0.00031
-0.00036
-0.0004
-0.00044
-0.00049
-0.00054
-0.00059
-0.00063
-0.00067
-0.00071
-0.00075
-0.00079
-0.00083
-0.00086
-0.0009
-0.00092
-0.00095
-0.00097
-0.00099
-0.001
-0.00102
-0.00103
-0.00104
-0.00105
-0.00105
-0.00105
-0.00105
-0.00104
-0.00104
-0.00104
-0.00103
-0.00103
-0.00103
-0.00102
-0.00102
-0.00101
-0.00101
-0.00101
-0.00101
-0.00102
-0.00102
-0.00102
-0.00103
-0.00104
-0.00105
-0.00106
-0.00107
-0.00108
-0.0011
-0.00111
-0.00113
-0.00114
-0.00116
-0.00117
-0.00118
-0.0012
-0.00121
-0.00121
-0.00122
-0.00123
-0.00124
-0.00124
-0.00124
-0.00123
-0.00123
-0.00122
-0.00122
-0.0012
-0.00119
-0.00117
-0.00115
-0.00113
-0.0011
-0.00107
-0.00104
-0.00101
-0.00098
-0.00094
-0.0009
-0.00085
-0.00081
-0.00076
-0.00072
-0.00066
-0.00061
-0.00056
-0.0005
-0.00045
-0.00039
-0.00032
-0.00026
-0.00019
-0.00014
-7e-05
-1e-05
7e-05
0.00013
0.0002
0.00026
0.00033
0.00039
0.00045
0.00051
0.00057
0.00063
0.00069
0.00074
0.0008
0.00085
0.0009
0.00095
0.001
0.00104
0.00108
0.00112
0.00117
0.0012
0.00124
0.00127
0.0013
0.00134
0.00137
0.0014
0.00144
0.00146
0.0015
0.00152
0.00156
0.00158
0.00162
0.00164
0.00167
0.0017
0.00173
0.00176
0.00178
0.00181
0.00184
0.00186
0.00189
0.00191
0.00193
0.00195
0.00197
0.00199
0.00201
0.00201
0.00203
0.00204
0.00204
0.00205
0.00205
0.00205
0.00205
0.00205
0.00205
0.00204
0.00204
0.00203
0.00202
0.00201
0.002
0.00198
0.00198
0.00196
0.00195
0.00194
0.00193
0.00192
0.00191
0.0019
0.00189
0.00187
0.00187
0.00185
0.00185
0.00183
0.00183
0.00181
0.0018
0.00179
0.00178
0.00176
0.00175
0.00173
0.00172
0.0017
0.00168
0.00165
0.00163
0.0016
0.00158
0.00154
0.00151
0.00147
0.00144
0.0014
0.00135
0.00131
0.00126
0.00121
0.00115
0.0011
0.00104
0.00098
0.00092
0.00085
0.00079
0.00071
0.00065
0.00057
0.0005
0.00042
0.00034
0.00026
0.00018
0.0001
2e-05
-6e-05
-0.00014
-0.00023
-0.00031
-0.0004
-0.00049
-0.00058
-0.00066
-0.00076
-0.00084
-0.00094
-0.00103
-0.00112
-0.00121
-0.0013
-0.0014
-0.00149
-0.00158
-0.00168
-0.00177
-0.00187
-0.00196
-0.00206
-0.00215
-0.00225
-0.00233
-0.00243
-0.00252
-0.00261
-0.0027
-0.00279
-0.00287
-0.00296
-0.00304
-0.00312
-0.0032
-0.00328
-0.00334
-0.00342
-0.00348
-0.00355
-0.00361
-0.00367
-0.00372
-0.00377
-0.00382
-0.00387
-0.0039
-0.00394
-0.00397
-0.00401
-0.00403
-0.00406
-0.00407
-0.00409
-0.0041
-0.00412
-0.00412
-0.00412
-0.00413
-0.00413
-0.00412
-0.00412
-0.0041
-0.00409
-0.00407
-0.00406
-0.00403
-0.00402
-0.00398
-0.00396
-0.00393
-0.0039
-0.00385
-0.00381
-0.00377
-0.00373
-0.00368
-0.00363
-0.00357
-0.00351
-0.00345
-0.00339
-0.00331
-0.00325
-0.00317
-0.0031
-0.00301
-0.00293
-0.00284
-0.00276
-0.00267
-0.00258
-0.00248
-0.00239
-0.00229
-0.00219
-0.00208
-0.00198
-0.00187
-0.00177
-0.00166
-0.00155
-0.00144
-0.00133
-0.00122
-0.00111
-0.00099
-0.00088
-0.00077
-0.00065
-0.00054
-0.00042
-0.00031
-0.0002
-8e-05
3e-05
0.00015
0.00025
0.00037
0.00047
0.00059
0.00069
0.0008
0.0009
0.001
0.0011
0.0012
0.0013
0.0014
0.00148
0.00157
0.00165
0.00174
0.00181
0.00189
0.00195
0.00202
0.00209
0.00214
0.0022
0.00224
0.00229
0.00233
0.00237
0.00241
0.00243
0.00246
0.00247
0.00249
0.0025
0.0025
0.0025
0.0025
0.00249
0.00248
0.00246
0.00243
0.00241
0.00238
0.00234
0.0023
0.00225
0.00221
0.00215
0.0021
0.00204
0.00197
0.0019
0.00184
0.00176
0.00169
0.00161
0.00152
0.00144
0.00136
0.00127
0.00119
0.0011
0.00101
0.00092
0.00084
0.00074
0.00066
0.00057
0.00048
0.0004
0.00031
0.00023
0.00014
6e-05
-1e-05
-9e-05
-0.00017
-0.00025
-0.00031
-0.00039
-0.00045
-0.00053
-0.00059
-0.00066
-0.00072
-0.00078
-0.00084
-0.0009
-0.00096
-0.00102
-0.00107
-0.00112
-0.00116
-0.00122
-0.00126
-0.0013
-0.00134
-0.00138
-0.00141
-0.00145
-0.00147
-0.0015
-0.00152
-0.00154
-0.00155
-0.00156
-0.00157
-0.00157
-0.00157
-0.00157
-0.00156
-0.00155
-0.00154
-0.00153
-0.00151
-0.0015
-0.00147
-0.00146
-0.00144
-0.00142
-0.0014
-0.00138
-0.00136
-0.00134
-0.00133
-0.00132
-0.0013
-0.0013
-0.00129
-0.00129
-0.00128
-0.00129
-0.00128
-0.00129
-0.0013
-0.00131
-0.00133
-0.00134
-0.00135
-0.00137
-0.00138
-0.00141
-0.00142
-0.00145
-0.00146
-0.00148
-0.0015
-0.00152
-0.00154
-0.00156
-0.00157
-0.00159
-0.0016
-0.00162
-0.00163
-0.00164
-0.00165
-0.00167
-0.00167
-0.00169
-0.0017
-0.00171
-0.00172
-0.00174
-0.00175
-0.00177
-0.00179
-0.00181
-0.00183
-0.00186
-0.00188
-0.0019
-0.00193
-0.00196
-0.00199
-0.00202
-0.00205
-0.00209
-0.00211
-0.00215
-0.00218
-0.00221
-0.00224
-0.00227
-0.0023
-0.00233
-0.00235
-0.00237
-0.00239
-0.00241
-0.00242
-0.00243
-0.00244
-0.00244
-0.00244
-0.00244
-0.00243
-0.00243
-0.00242
-0.0024
-0.00238
-0.00236
-0.00233
-0.00231
-0.00227
-0.00224
-0.0022
-0.00217
-0.00212
-0.00208
-0.00203
-0.00198
-0.00192
-0.00186
-0.0018
-0.00174
-0.00168
-0.0016
-0.00153
-0.00145
-0.00137
-0.00129
-0.0012
-0.00111
-0.00101
-0.00091
-0.00081
-0.0007
-0.00058
-0.00047
-0.00035
-0.00023
-0.0001
3e-05
0.00016
0.00029
0.00043
0.00056
0.00071
0.00085
0.00099
0.00113
0.00128
0.00141
0.00156
0.0017
0.00184
0.00197
0.0021
0.00223
0.00236
0.00248
0.0026
0.0027
0.00281
0.00291
0.00302
0.0031
0.00319
0.00327
0.00334
0.00341
0.00347
0.00352
0.00357
0.00361
0.00365
0.00368
0.0037
0.00371
0.00373
0.00373
0.00374
0.00373
0.00372
0.0037
0.00368
0.00365
0.00362
0.00359
0.00355
0.00351
0.00346
0.00341
0.00336
0.0033
0.00324
0.00317
0.00311
0.00304
0.00297
0.0029
0.00283
0.00275
0.00267
0.00259
0.00251
0.00244
0.00236
0.00228
0.0022
0.00212
0.00205
0.00197
0.0019
0.00182
0.00175
0.00168
0.00162
0.00155
0.00149
0.00143
0.00137
0.00132
0.00128
0.00123
0.00119
0.00115
0.00112
0.00109
0.00107
0.00105
0.00103
0.00101
0.00101
0.001
0.001
0.001
0.001
0.00101
0.00102
0.00104
0.00106
0.00108
0.00111
0.00113
0.00117
0.00119
0.00123
0.00127
0.00132
0.00136
0.0014
0.00145
0.0015
0.00156
0.00161
0.00167
0.00173
0.00179
0.00185
0.00191
0.00198
0.00204
0.00211
0.00217
0.00224
0.00231
0.00237
0.00244
0.0025
0.00257
0.00263
0.0027
0.00276
0.00282
0.00288
0.00294
0.00299
0.00304
0.0031
0.00314
0.0032
0.00324
0.00328
0.00332
0.00336
0.00339
0.00343
0.00345
0.00348
0.0035
0.00353
0.00355
0.00356
0.00357
0.00359
0.00359
0.0036
0.0036
0.0036
0.0036
0.00359
0.00358
0.00356
0.00355
0.00353
0.0035
0.00348
0.00344
0.00342
0.00337
0.00334
0.00329
0.00325
0.00319
0.00314
0.00308
0.00302
0.00296
0.0029
0.00283
0.00277
0.00269
0.00263
0.00255
0.00248
0.00241
0.00233
0.00226
0.00219
0.00211
0.00204
0.00196
0.00189
0.00182
0.00175
0.00167
0.00161
0.00153
0.00147
0.0014
0.00134
0.00127
0.00121
0.00114
0.00109
0.00102
0.00096
0.0009
0.00084
0.00078
0.00073
0.00067
0.00061
0.00056
0.00051
0.00045
0.0004
0.00035
0.0003
0.00025
0.00022
0.00017
0.00014
0.0001
7e-05
4e-05
2e-05
-1e-05
-2e-05
-4e-05
-4e-05
-5e-05
-5e-05
-5e-05
-4e-05
-3e-05
-1e-05
0.0
2e-05
4e-05
7e-05
0.0001
0.00013
0.00017
0.00021
0.00024
0.00028
0.00032
0.00036
0.0004
0.00044
0.00048
0.00052
0.00056
0.0006
0.00064
0.00068
0.00073
0.00077
0.00081
0.00085
0.00088
0.00093
0.00097
0.00101
0.00105
0.0011
0.00114
0.00119
0.00123
0.00128
0.00133
0.00138
0.00143
0.00149
0.00154
0.0016
0.00165
0.00171
0.00177
0.00183
0.00189
0.00195
0.00201
0.00207
0.00213
0.00219
0.00225
0.00231
0.00237
0.00242
0.00247
0.00253
0.00257
0.00263
0.00267
0.00271
0.00275
0.00279
0.00282
0.00286
0.00289
0.00291
0.00294
0.00296
0.00298
0.00299
0.00301
0.00302
0.00302
0.00303
0.00303
0.00303
0.00303
0.00303
0.00301
0.00301
0.00299
0.00297
0.00295
0.00293
0.0029
0.00288
0.00285
0.00281
0.00277
0.00274
0.00269
0.00265
0.0026
0.00255
0.00249
0.00244
0.00238
0.00232
0.00225
0.00219
0.00212
0.00205
0.00198
0.00191
0.00183
0.00176
0.00168
0.00161
0.00153
0.00145
0.00137
0.0013
0.00122
0.00114
0.00106
0.00098
0.00091
0.00083
0.00076
0.00069
0.00061
0.00054
0.00047
0.0004
0.00033
0.00026
0.0002
0.00014
7e-05
2e-05
-4e-05
-0.0001
-0.00015
-0.0002
-0.00025
-0.0003
-0.00035
-0.00038
-0.00043
-0.00046
-0.0005
-0.00053
-0.00057
-0.00059
-0.00063
-0.00065
-0.00068
-0.0007
-0.00072
-0.00074
-0.00076
-0.00078
-0.0008
-0.00081
-0.00083
-0.00084
-0.00085
-0.00086
-0.00087
-0.00088
-0.00089
-0.0009
-0.0009
-0.00091
-0.00091
-0.00092
-0.00092
-0.00092
-0.00092
-0.00092
-0.00092
-0.00091
-0.00091
-0.00091
-0.0009
-0.00089
-0.00089
-0.00088
-0.00087
-0.00086
-0.00085
-0.00084
-0.00083
-0.00081
-0.00081
-0.00079
-0.00079
-0.00077
-0.00077
-0.00076
-0.00076
-0.00075
-0.00075
-0.00075
-0.00076
-0.00076
-0.00077
-0.00078
-0.00079
-0.00081
-0.00083
-0.00085
-0.00087
-0.0009
-0.00093
-0.00095
-0.00099
-0.00102
-0.00105
-0.00109
-0.00112
-0.00116
-0.0012
-0.00123
-0.00127
-0.0013
-0.00134
-0.00136
-0.0014
-0.00142
-0.00145
-0.00147
-0.0015
-0.00151
-0.00154
-0.00155
-0.00157
-0.00158
-0.00159
-0.00159
-0.0016
-0.0016
-0.0016
-0.00159
-0.00159
-0.00158
-0.00158
-0.00156
-0.00155
-0.00153
-0.00152
-0.0015
-0.00148
-0.00145
-0.00142
-0.00139
-0.00136
-0.00132
-0.00128
-0.00123
-0.00119
-0.00113
-0.00108
-0.00101
-0.00095
-0.00087
-0.0008
-0.00072
-0.00064
-0.00055
-0.00046
-0.00036
-0.00026
-0.00015
-4e-05
8e-05
0.00019
0.00032
0.00043
0.00056
0.00068
0.00082
0.00094
0.00107
0.00119
0.00132
0.00145
0.00157
0.0017
0.00182
0.00193
0.00205
0.00215
0.00226
0.00236
0.00246
0.00255
0.00264
0.00272
0.0028
0.00287
0.00294
0.003
0.00307
0.00312
0.00318
0.00322
0.00326
0.0033
0.00334
0.00337
0.0034
0.00343
0.00345
0.00347
0.00349
0.00351
0.00352
0.00353
0.00354
0.00355
0.00356
0.00356
0.00357
0.00356
0.00357
0.00356
0.00355
0.00354
0.00354
0.00352
0.0035
0.00348
0.00346
0.00344
0.00341
0.00338
0.00335
0.00331
0.00327
0.00323
0.00319
0.00313
0.00309
0.00303
0.00298
0.00292
0.00286
0.0028
0.00273
0.00267
0.0026
0.00253
0.00247
0.00239
0.00232
0.00225
0.00218
0.0021
0.00203
0.00196
0.00189
0.00181
0.00173
0.00166
0.00158
0.0015
0.00143
0.00135
0.00127
0.00118
0.0011
0.00101
0.00093
0.00084
0.00075
0.00065
0.00056
0.00046
0.00036
0.00026
0.00016
5e-05
-5e-05
-0.00016
-0.00026
-0.00038
-0.00049
-0.0006
-0.0007
-0.00081
-0.00092
-0.00103
-0.00113
-0.00123
-0.00133
-0.00142
-0.00152
-0.0016
-0.00168
-0.00176
-0.00183
-0.00191
-0.00197
-0.00203
-0.00208
-0.00213
-0.00217
-0.00222
-0.00225
-0.00228
-0.00231
-0.00233
-0.00235
-0.00236
-0.00237
-0.00237
-0.00237
-0.00237
-0.00237
-0.00236
-0.00235
-0.00233
-0.00231
-0.0023
-0.00227
-0.00224
-0.00221
-0.00218
-0.00214
-0.0021
-0.00205
-0.002
-0.00194
-0.00189
-0.00182
-0.00176
-0.00168
