1.70827096122092E+03

-0.00051
-0.00045
-0.00037
-0.00029
-0.0002
-0.00011
-1e-05
9e-05
0.0002
0.00032
0.00045
0.00058
0.00071
0.00085
0.001
0.00114
0.0013
0.00145
0.00161
0.00176
0.00193
0.00209
0.00225
0.00241
0.00258
0.00274
0.0029
0.00305
0.00321
0.00336
0.00351
0.00365
0.0038
0.00393
0.00406
0.00419
0.00432
0.00444
0.00455
0.00466
0.00476
0.00487
0.00497
0.00506
0.00515
0.00523
0.00531
0.00538
0.00546
0.00552
0.00559
0.00564
0.0057
0.00574
0.00579
0.00582
0.00586
0.00589
0.00591
0.00593
0.00595
0.00595
0.00596
0.00595
0.00595
0.00593
0.00591
0.00588
0.00586
0.00582
0.00577
0.00572
0.00567
0.00561
0.00554
0.00547
0.00539
0.00531
0.00523
0.00513
0.00504
0.00494
0.00484
0.00473
0.00463
0.00451
0.0044
0.00428
0.00417
0.00405
0.00393
0.00381
0.00369
0.00356
0.00345
0.00332
0.00321
0.00308
0.00296
0.00284
0.00273
0.00261
0.00249
0.00238
0.00226
0.00215
0.00205
0.00194
0.00184
0.00173
0.00164
0.00154
0.00145
0.00136
0.00127
0.00118
0.00111
0.00102
0.00095
0.00087
0.0008
0.00074
0.00067
0.00061
0.00055
0.00049
0.00044
0.00039
0.00034
0.00029
0.00025
0.00021
0.00017
0.00014
0.0001
7e-05
4e-05
1e-05
-1e-05
-3e-05
-5e-05
-7e-05
-8e-05
-0.0001
-0.0001
-0.00011
-0.00011
-0.00012
-0.00011
-0.0001
-0.0001
-8e-05
-7e-05
-5e-05
-2e-05
0.0
4e-05
6e-05
0.00011
0.00014
0.00019
0.00023
0.00029
0.00033
0.00039
0.00045
0.00051
0.00057
0.00063
0.00069
0.00076
0.00083
0.0009
0.00096
0.00103
0.0011
0.00117
0.00123
0.0013
0.00136
0.00143
0.00149
0.00155
0.00161
0.00166
0.00172
0.00178
0.00183
0.00188
0.00192
0.00197
0.00201
0.00206
0.00209
0.00213
0.00216
0.00219
0.00222
0.00225
0.00227
0.00229
0.00231
0.00233
0.00234
0.00235
0.00236
0.00237
0.00237
0.00237
0.00236
0.00236
0.00235
0.00234
0.00232
0.00231
0.00228
0.00226
0.00224
0.00221
0.00218
0.00215
0.00212
0.00209
0.00205
0.00201
0.00197
0.00193
0.00189
0.00185
0.00181
0.00177
0.00172
0.00168
0.00164
0.0016
0.00156
0.00153
0.00148
0.00145
0.00141
0.00138
0.00135
0.00132
0.00128
0.00126
0.00123
0.0012
0.00117
0.00114
0.00112
0.0011
0.00107
0.00105
0.00102
0.001
0.00098
0.00096
0.00093
0.00091
0.00088
0.00086
0.00083
0.0008
0.00077
0.00074
0.00071
0.00068
0.00064
0.00061
0.00056
0.00053
0.00049
0.00045
0.00041
0.00037
0.00032
0.00028
0.00023
0.00018
0.00013
9e-05
4e-05
-1e-05
-6e-05
-0.0001
-0.00015
-0.0002
-0.00025
-0.00029
-0.00034
-0.00039
-0.00043
-0.00047
-0.00052
-0.00056
-0.0006
-0.00064
-0.00068
-0.00072
-0.00076
-0.00079
-0.00083
-0.00085
-0.00089
-0.00091
-0.00094
-0.00097
-0.001
-0.00101
-0.00104
-0.00106
-0.00108
-0.0011
-0.00111
-0.00112
-0.00114
-0.00114
-0.00116
-0.00116
-0.00117
-0.00117
-0.00117
-0.00117
-0.00117
-0.00116
-0.00116
-0.00116
-0.00115
-0.00114
-0.00112
-0.00111
-0.00109
-0.00107
-0.00106
-0.00104
-0.00102
-0.001
-0.00098
-0.00095
-0.00094
-0.00091
-0.00089
-0.00086
-0.00084
-0.00082
-0.00079
-0.00077
-0.00075
-0.00072
-0.00071
-0.00069
-0.00067
-0.00065
-0.00064
-0.00062
-0.00061
-0.0006
-0.00059
-0.00058
-0.00057
-0.00057
-0.00056
-0.00055
-0.00055
-0.00054
-0.00055
-0.00054
-0.00054
-0.00054
-0.00054
-0.00054
-0.00055
-0.00054
-0.00054
-0.00054
-0.00055
-0.00055
-0.00055
-0.00055
-0.00055
-0.00054
-0.00055
-0.00054
-0.00054
-0.00054
-0.00054
-0.00054
-0.00054
-0.00054
-0.00054
-0.00054
-0.00054
-0.00054
-0.00054
-0.00054
-0.00054
-0.00054
-0.00054
-0.00054
-0.00055
-0.00055
-0.00056
-0.00057
-0.00058
-0.00058
-0.0006
-0.00061
-0.00062
-0.00064
-0.00065
-0.00067
-0.00068
-0.0007
-0.00072
-0.00074
-0.00076
-0.00077
-0.0008
-0.00082
-0.00084
-0.00085
-0.00088
-0.0009
-0.00092
-0.00094
-0.00095
-0.00097
-0.00098
-0.00099
-0.00101
-0.00102
-0.00103
-0.00103
-0.00104
-0.00105
-0.00105
-0.00105
-0.00105
-0.00105
-0.00105
-0.00105
-0.00104
-0.00103
-0.00102
-0.00101
-0.00101
-0.00099
-0.00098
-0.00097
-0.00096
-0.00094
-0.00094
-0.00092
-0.0009
-0.00089
-0.00087
-0.00086
-0.00084
-0.00082
-0.00081
-0.00079
-0.00077
-0.00075
-0.00074
-0.00071
-0.0007
-0.00067
-0.00066
-0.00063
-0.00061
-0.00059
-0.00056
-0.00054
-0.00051
-0.00049
-0.00046
-0.00044
-0.00042
-0.00039
-0.00037
-0.00034
-0.00032
-0.0003
-0.00028
-0.00025
-0.00023
-0.00021
-0.0002
-0.00018
-0.00016
-0.00014
-0.00013
-0.00011
-0.0001
-8e-05
-7e-05
-6e-05
-5e-05
-4e-05
-3e-05
-1e-05
-1e-05
0.0
1e-05
2e-05
3e-05
4e-05
4e-05
5e-05
5e-05
6e-05
6e-05
7e-05
7e-05
7e-05
6e-05
6e-05
5e-05
4e-05
2e-05
0.0
-2e-05
-4e-05
-7e-05
-0.0001
-0.00014
-0.00018
-0.00022
-0.00027
-0.00032
-0.00038
-0.00044
-0.0005
-0.00057
-0.00064
-0.00072
-0.0008
-0.00088
-0.00096
-0.00104
-0.00112
-0.00122
-0.0013
-0.00139
-0.00148
-0.00157
-0.00166
-0.00175
-0.00183
-0.00192
-0.00201
-0.0021
-0.00218
-0.00226
-0.00234
-0.00242
-0.00249
-0.00257
-0.00264
-0.00271
-0.00278
-0.00285
-0.00291
-0.00298
-0.00303
-0.0031
-0.00315
-0.00321
-0.00327
-0.00332
-0.00337
-0.00341
-0.00346
-0.00351
-0.00354
-0.00359
-0.00362
-0.00366
-0.00369
-0.00372
-0.00374
-0.00377
-0.00379
-0.00381
-0.00382
-0.00383
-0.00383
-0.00383
-0.00382
-0.00382
-0.0038
-0.00379
-0.00376
-0.00373
-0.00369
-0.00366
-0.00361
-0.00356
-0.0035
-0.00344
-0.00337
-0.0033
-0.00322
-0.00314
-0.00305
-0.00296
-0.00286
-0.00276
-0.00264
-0.00254
-0.00242
-0.00231
-0.00218
-0.00206
-0.00193
-0.0018
-0.00167
-0.00154
-0.0014
-0.00126
-0.00112
-0.00099
-0.00085
-0.00071
-0.00056
-0.00043
-0.00029
-0.00015
-1e-05
0.00013
0.00026
0.0004
0.00053
0.00066
0.0008
0.00093
0.00106
0.00118
0.00131
0.00143
0.00155
0.00166
0.00178
0.00189
0.002
0.00211
0.00221
0.00231
0.00241
0.0025
0.00259
0.00268
0.00277
0.00284
0.00292
0.00299
0.00306
0.00312
0.00318
0.00323
0.00328
0.00333
0.00337
0.0034
0.00343
0.00346
0.00348
0.0035
0.00352
0.00352
0.00353
0.00353
0.00353
0.00352
0.00352
0.0035
0.00349
0.00346
0.00344
0.00341
0.00338
0.00335
0.00331
0.00327
0.00324
0.00319
0.00314
0.00309
0.00305
0.00299
0.00294
0.00288
0.00282
0.00276
0.0027
0.00263
0.00257
0.0025
0.00244
0.00237
0.0023
0.00223
0.00216
0.00209
0.00203
0.00196
0.00189
0.00182
0.00176
0.00169
0.00163
0.00157
0.0015
0.00145
0.00139
0.00134
0.00129
0.00124
0.00119
0.00115
0.00111
0.00107
0.00104
0.001
0.00098
0.00095
0.00093
0.00091
0.00089
0.00087
0.00086
0.00085
0.00085
0.00084
0.00084
0.00084
0.00084
0.00084
0.00085
0.00086
0.00087
0.00088
0.0009
0.00091
0.00093
0.00096
0.00098
0.00101
0.00104
0.00106
0.0011
0.00113
0.00117
0.00121
0.00125
0.00129
0.00134
0.00139
0.00144
0.00149
0.00154
0.0016
0.00166
0.00173
0.00179
0.00185
0.00193
0.00199
0.00207
0.00214
0.00221
0.00229
0.00237
0.00245
0.00253
0.00261
0.00269
0.00277
0.00286
0.00295
0.00304
0.00312
0.00321
0.0033
0.0034
0.00349
0.00359
0.00369
0.00379
0.00389
0.00399
0.0041
0.00421
0.00432
0.00443
0.00455
0.00467
0.00478
0.00491
0.00503
0.00516
0.00529
0.00542
0.00555
0.0057
0.00584
0.00598
0.00612
0.00627
0.00642
0.00657
0.00672
0.00688
0.00703
0.00719
0.00735
0.00751
0.00768
0.00784
0.00801
0.00818
0.00835
0.00853
0.0087
0.00888
0.00907
0.00925
0.00944
0.00963
0.00982
0.01002
0.01022
0.01042
0.01063
0.01084
0.01105
0.01127
0.01149
0.01171
0.01194
0.01217
0.0124
0.01264
0.01288
0.01313
0.01337
0.01362
0.01387
0.01413
0.01438
0.01464
0.0149
0.01516
0.01543
0.01569
0.01595
0.01622
0.01648
0.01675
0.01702
0.01729
0.01755
0.01782
0.01808
0.01836
0.01862
0.01889
0.01915
0.01942
0.01969
0.01995
0.02021
0.02048
0.02074
0.021
0.02126
0.02152
0.02178
0.02203
0.02228
0.02254
0.02278
0.02303
0.02327
0.0235
0.02374
0.02396
0.02418
0.0244
0.02461
0.02481
0.02501
0.0252
0.02538
0.02556
0.02572
0.02588
0.02603
0.02617
0.0263
0.02643
0.02654
0.02665
0.02674
0.02683
0.02691
0.02699
0.02705
0.02711
0.02716
0.0272
0.02723
0.02727
0.02729
0.0273
0.02731
0.02732
0.02732
0.02732
0.02731
0.02729
0.02727
0.02725
0.02722
0.02719
0.02715
0.02711
0.02706
0.02701
0.02695
0.02689
0.02682
0.02675
0.02667
0.02659
0.02649
0.0264
0.0263
0.02619
0.02608
0.02596
0.02584
0.02571
0.02557
0.02544
0.02529
0.02514
0.02498
0.02483
0.02466
0.02449
0.02432
0.02415
0.02397
0.02379
0.02361
0.02343
0.02324
0.02306
0.02286
0.02268
0.02248
0.02229
0.0221
0.02191
0.02171
0.02152
0.02132
0.02112
0.02093
0.02073
0.02053
0.02034
0.02013
0.01994
0.01974
0.01954
0.01934
0.01914
0.01894
0.01874
0.01854
0.01834
0.01814
0.01794
0.01774
0.01755
0.01735
0.01716
0.01696
0.01678
0.01658
0.0164
0.01621
0.01603
0.01585
0.01568
0.01551
0.01534
0.01517
0.01501
0.01485
0.01469
0.01454
0.0144
0.01424
0.01411
0.01397
0.01384
0.0137
0.01357
0.01345
0.01333
0.01321
0.01309
0.01298
0.01287
0.01276
0.01266
0.01256
0.01246
0.01236
0.01226
0.01217
0.01209
0.012
0.01192
0.01183
0.01176
0.01168
0.01161
0.01154
0.01147
0.01141
0.01135
0.01129
0.01124
0.01118
0.01114
0.01109
0.01104
0.011
0.01096
0.01092
0.01089
0.01085
0.01082
0.01079
0.01076
0.01073
0.01071
0.01068
0.01066
0.01063
0.01061
0.01059
0.01057
0.01054
0.01053
0.0105
0.01049
0.01046
0.01044
0.01043
0.01041
0.01039
0.01038
0.01036
0.01035
0.01033
0.01032
0.01031
0.0103
0.01028
0.01028
0.01027
0.01026
0.01025
0.01025
0.01024
0.01024
0.01024
0.01024
0.01024
0.01024
0.01023
0.01023
0.01023
0.01023
0.01022
0.01022
0.01021
0.01021
0.0102
0.01019
0.01018
0.01016
0.01015
0.01013
0.01011
0.01009
0.01006
0.01004
0.01
0.00997
0.00993
0.00989
0.00985
0.0098
0.00975
0.0097
0.00965
0.00959
0.00952
0.00946
0.00939
0.00933
0.00925
0.00917
0.00909
0.00901
0.00892
0.00884
0.00874
0.00865
0.00855
0.00844
0.00834
0.00823
0.00812
0.008
0.00788
0.00777
0.00764
0.00752
0.00739
0.00726
0.00713
0.007
0.00686
0.00673
0.0066
0.00646
0.00633
0.00619
0.00606
0.00593
0.0058
0.00567
0.00554
0.00542
0.0053
0.00519
0.00507
0.00496
0.00485
0.00475
0.00465
0.00455
0.00446
0.00437
0.00428
0.0042
0.00412
0.00404
0.00396
0.0039
0.00383
0.00376
0.00369
0.00364
0.00357
0.00352
0.00346
0.0034
0.00335
0.00329
0.00324
0.00319
0.00314
0.0031
0.00305
0.00301
0.00296
0.00292
0.00288
0.00284
0.0028
0.00277
0.00274
0.00271
0.00269
0.00266
0.00265
0.00263
0.00262
0.00261
0.0026
0.00261
0.00261
0.00262
0.00262
0.00264
0.00265
0.00268
0.0027
0.00273
0.00276
0.00279
0.00282
0.00286
0.0029
0.00295
0.00299
0.00303
0.00308
0.00313
0.00317
0.00322
0.00326
0.00331
0.00336
0.0034
0.00344
0.00348
0.00353
0.00357
0.0036
0.00364
0.00367
0.00371
0.00374
0.00377
0.00379
0.00382
0.00383
0.00386
0.00388
0.00389
0.00391
0.00392
0.00393
0.00395
0.00396
0.00397
0.00397
0.00399
0.00399
0.004
0.00401
0.00402
0.00402
0.00404
0.00404
0.00405
0.00406
0.00407
0.00408
0.0041
0.00411
0.00412
0.00413
0.00415
0.00416
0.00418
0.00419
0.00421
0.00422
0.00423
0.00424
0.00425
0.00426
0.00427
0.00427
0.00428
0.00428
0.00428
0.00427
0.00426
0.00425
0.00423
0.00421
0.00419
0.00416
0.00414
0.0041
0.00406
0.00402
0.00398
0.00393
0.00388
0.00382
0.00377
0.00371
0.00365
0.00358
0.00352
0.00345
0.00338
0.00331
0.00325
0.00317
0.0031
0.00303
0.00296
0.00289
0.00282
0.00275
0.00269
0.00261
0.00255
0.00248
0.00242
0.00235
0.00228
0.00222
0.00216
0.00209
0.00203
0.00196
0.0019
0.00184
0.00177
0.00171
0.00165
0.00158
0.00152
0.00146
0.0014
0.00133
0.00127
0.00121
0.00115
0.00109
0.00104
0.00098
0.00092
0.00087
0.00082
0.00077
0.00073
0.00069
0.00065
0.00061
0.00058
0.00055
0.00053
0.00051
0.0005
0.00049
0.00048
0.00048
0.00048
0.00049
0.00051
0.00052
0.00055
0.00057
0.0006
0.00064
0.00068
0.00072
0.00077
0.00082
0.00088
0.00094
0.001
0.00106
0.00113
0.0012
0.00127
0.00134
0.00142
0.00149
0.00158
0.00166
0.00174
0.00182
0.00191
0.00198
0.00207
0.00215
0.00224
0.00232
0.00241
0.00249
0.00257
0.00266
0.00274
0.00282
0.0029
0.00298
0.00307
0.00314
0.00322
0.0033
0.00338
0.00345
0.00353
0.0036
0.00368
0.00376
0.00383
0.00391
0.00399
0.00406
0.00414
0.00421
0.0043
0.00437
0.00445
0.00452
0.0046
0.00468
0.00475
0.00483
0.0049
0.00498
0.00506
0.00513
0.0052
0.00526
0.00533
0.0054
0.00546
0.00552
0.00557
0.00562
0.00567
0.00571
0.00575
0.00578
0.00581
0.00583
0.00585
0.00587
0.00588
0.00587
0.00587
0.00586
0.00585
0.00582
0.0058
0.00576
0.00573
0.00568
0.00563
0.00558
0.00551
0.00545
0.00538
0.00531
0.00524
0.00515
0.00507
0.00497
0.00488
0.00478
0.00469
0.00458
0.00448
0.00437
0.00426
0.00414
0.00402
0.00391
0.00379
0.00367
0.00355
0.00342
0.0033
0.00317
0.00305
0.00292
0.00279
0.00266
0.00254
0.0024
0.00228
0.00215
0.00202
0.00189
0.00176
0.00163
0.00151
0.00138
0.00126
0.00113
0.00101
0.00088
0.00076
0.00063
0.00051
0.00039
0.00027
0.00015
3e-05
-9e-05
-0.0002
-0.00032
-0.00043
-0.00055
-0.00066
-0.00078
-0.00088
-0.001
-0.0011
-0.00121
-0.00131
-0.00142
-0.00152
-0.00162
-0.00172
-0.00182
-0.00191
-0.002
-0.00208
-0.00217
-0.00225
-0.00234
-0.00241
-0.00249
-0.00256
-0.00263
-0.00269
-0.00276
-0.00282
-0.00287
-0.00293
-0.00297
-0.00302
-0.00306
-0.00309
-0.00313
-0.00316
-0.00319
-0.00321
-0.00323
-0.00324
-0.00325
-0.00326
-0.00326
-0.00326
-0.00325
-0.00324
-0.00323
-0.0032
-0.00318
-0.00315
-0.00312
-0.00308
-0.00304
-0.00299
-0.00295
-0.00289
-0.00284
-0.00277
-0.00271
-0.00265
-0.00258
-0.00251
-0.00243
-0.00235
-0.00227
-0.00219
-0.00211
-0.00203
-0.00195
-0.00186
-0.00178
-0.00169
-0.00161
-0.00151
-0.00143
-0.00135
-0.00127
-0.00119
-0.0011
-0.00102
-0.00094
-0.00086
-0.00079
-0.00071
-0.00064
-0.00056
-0.00049
-0.00042
-0.00035
-0.00028
-0.00021
-0.00014
-8e-05
-1e-05
6e-05
0.00013
0.0002
0.00027
0.00033
0.0004
0.00047
0.00054
0.0006
0.00068
0.00074
0.00082
0.00088
0.00095
0.00102
0.00109
0.00117
0.00124
0.00131
0.00138
0.00145
0.00152
0.00159
0.00166
0.00173
0.0018
0.00187
0.00194
0.00201
0.00208
0.00215
0.00221
0.00228
0.00235
0.00241
0.00249
0.00255
0.00262
0.00268
0.00275
0.00281
0.00288
0.00294
0.00301
0.00308
0.00314
0.0032
0.00326
0.00333
0.00339
0.00346
0.00352
0.00357
0.00364
0.00369
0.00375
0.0038
0.00385
0.0039
0.00396
0.004
0.00404
0.00408
0.00412
0.00416
0.0042
0.00423
0.00426
0.00428
0.00431
0.00433
0.00435
0.00437
0.00438
0.00439
0.00441
0.00442
0.00442
0.00443
0.00443
0.00444
0.00444
0.00444
0.00445
0.00444
0.00444
0.00444
0.00444
0.00444
0.00444
0.00444
0.00444
0.00443
0.00443
0.00443
0.00442
0.00442
0.00442
0.00442
0.00441
0.0044
0.0044
0.00439
0.00439
0.00438
0.00437
0.00436
0.00435
0.00434
0.00432
0.00431
0.00429
0.00427
0.00426
0.00424
0.00422
0.0042
0.00419
0.00416
0.00415
0.00412
0.00411
0.00408
0.00407
0.00405
0.00403
0.00401
0.00399
0.00397
0.00396
0.00394
0.00393
0.00391
0.0039
0.00388
0.00387
0.00385
0.00383
0.00381
0.0038
0.00378
0.00376
0.00374
0.00372
0.0037
0.00368
0.00365
0.00362
0.00359
0.00356
0.00352
0.00349
0.00344
0.0034
0.00335
0.00331
0.00326
0.00321
0.00315
0.00309
0.00303
0.00297
0.0029
0.00284
0.00276
0.00269
0.00262
0.00254
0.00246
0.00238
0.0023
0.00222
0.00213
0.00205
0.00196
0.00187
0.00179
0.0017
0.00161
0.00153
0.00144
0.00135
0.00126
0.00118
0.00109
0.00101
0.00093
0.00085
0.00077
0.00069
0.00062
0.00054
0.00047
0.00041
0.00034
0.00028
0.00021
0.00016
0.0001
5e-05
-0.0
-5e-05
-0.0001
-0.00014
-0.00019
-0.00023
-0.00027
-0.00031
-0.00035
-0.00038
-0.00042
-0.00045
-0.00049
-0.00052
-0.00055
-0.00058
-0.00061
-0.00063
-0.00066
-0.00068
-0.00071
-0.00073
-0.00075
-0.00077
-0.00079
-0.0008
-0.00081
-0.00082
-0.00083
-0.00083
-0.00084
-0.00083
-0.00083
-0.00083
-0.00082
-0.00081
-0.0008
-0.00079
-0.00077
-0.00076
-0.00074
-0.00072
-0.00069
-0.00067
-0.00066
-0.00063
-0.00062
-0.00059
-0.00058
-0.00056
-0.00055
-0.00054
-0.00053
-0.00052
-0.00052
-0.00052
-0.00051
-0.00052
-0.00052
-0.00053
-0.00054
-0.00055
-0.00056
-0.00058
-0.00059
-0.00061
-0.00063
-0.00065
-0.00067
-0.00069
-0.00071
-0.00073
-0.00075
-0.00077
-0.00078
-0.0008
-0.00082
-0.00083
-0.00085
-0.00086
-0.00088
-0.00089
-0.0009
-0.00091
-0.00092
-0.00094
-0.00095
-0.00096
-0.00097
-0.00098
-0.00099
-0.001
-0.00102
-0.00103
-0.00105
-0.00106
-0.00108
-0.00109
-0.00111
-0.00112
-0.00115
-0.00117
-0.00119
-0.00121
-0.00123
-0.00125
-0.00128
-0.00129
-0.00133
-0.00135
-0.00137
-0.0014
-0.00143
-0.00145
-0.00148
-0.00151
-0.00154
-0.00157
-0.0016
-0.00164
-0.00167
-0.00171
-0.00174
-0.00178
-0.00183
-0.00186
-0.00191
-0.00195
-0.002
-0.00204
-0.00209
-0.00213
-0.00219
-0.00223
-0.00228
-0.00233
-0.00238
-0.00243
-0.00247
-0.00251
-0.00256
-0.0026
-0.00264
-0.00267
-0.00271
-0.00274
-0.00277
-0.00279
-0.00281
-0.00284
-0.00285
-0.00287
-0.00288
-0.00289
-0.0029
-0.00291
-0.00292
-0.00292
-0.00292
-0.00292
-0.00293
-0.00293
-0.00293
-0.00293
-0.00293
-0.00293
-0.00294
-0.00294
-0.00294
-0.00295
-0.00295
-0.00295
-0.00296
-0.00296
-0.00297
-0.00297
-0.00298
-0.00298
-0.00299
-0.00298
-0.00299
-0.00298
-0.00298
-0.00298
-0.00297
-0.00295
-0.00294
-0.00292
-0.0029
-0.00288
-0.00285
-0.00282
-0.00279
-0.00275
-0.00272
-0.00267
-0.00263
-0.00258
-0.00253
-0.00248
-0.00242
-0.00237
-0.00231
-0.00225
-0.00219
-0.00212
-0.00206
-0.00199
-0.00193
-0.00186
-0.00179
-0.00172
-0.00165
-0.00157
-0.0015
-0.00143
-0.00135
-0.00126
-0.00118
-0.0011
-0.00102
-0.00092
-0.00084
-0.00074
-0.00065
-0.00055
-0.00045
-0.00035
-0.00024
-0.00014
-3e-05
8e-05
0.00019
0.00031
0.00043
0.00055
0.00066
0.00078
0.0009
0.00102
0.00113
0.00126
0.00137
0.00149
0.0016
0.00171
0.00182
0.00193
0.00204
0.00214
0.00224
0.00233
0.00242
0.00251
0.00259
0.00267
0.00274
0.00281
0.00287
0.00293
0.00299
0.00303
0.00308
0.00312
0.00316
0.00319
0.00322
0.00325
0.00326
0.00328
0.00329
0.0033
0.00331
0.00331
0.00331
0.00331
0.00331
0.0033
0.00329
0.00327
0.00326
0.00325
0.00323
0.00321
0.00319
0.00317
0.00314
0.00312
0.00309
0.00307
0.00303
0.003
0.00297
0.00293
0.0029
0.00285
0.00282
0.00278
0.00273
0.00269
0.00264
0.0026
0.00255
0.0025
0.00244
0.00239
0.00233
0.00228
0.00223
0.00217
0.00211
0.00205
0.00199
0.00194
0.00188
0.00182
0.00176
0.00171
0.00165
0.0016
0.00155
0.0015
0.00144
0.0014
0.00135
0.00131
0.00127
0.00122
0.00119
0.00115
0.00112
0.00109
0.00106
0.00103
0.001
0.00098
0.00096
0.00094
0.00091
0.0009
0.00088
0.00087
0.00085
0.00084
0.00083
0.00082
0.00081
0.0008
0.00079
0.00078
0.00078
0.00078
0.00077
0.00077
0.00076
0.00076
0.00076
0.00076
0.00076
0.00076
0.00077
0.00077
0.00078
0.00078
0.00078
0.00079
0.0008
0.00081
0.00081
0.00082
0.00082
0.00083
0.00083
0.00084
0.00084
0.00084
0.00084
0.00085
0.00084
0.00085
0.00084
0.00084
0.00083
0.00083
0.00082
0.00081
0.0008
0.0008
0.00079
0.00078
0.00077
0.00077
0.00076
0.00076
0.00075
0.00076
0.00075
0.00076
0.00076
0.00077
0.00078
0.00079
0.0008
0.00082
0.00083
0.00085
0.00087
0.0009
0.00092
0.00095
0.00098
0.00101
0.00104
0.00107
0.0011
0.00113
0.00116
0.0012
0.00122
0.00126
0.00129
0.00132
0.00134
0.00137
0.0014
0.00143
0.00145
0.00148
0.0015
0.00153
0.00154
0.00157
0.00159
0.00161
0.00163
0.00166
0.00167
0.00169
0.00171
0.00173
0.00175
0.00177
0.00179
0.00181
0.00182
0.00184
0.00185
0.00187
0.00188
0.00189
0.0019
0.00192
0.00192
0.00193
0.00193
0.00193
0.00194
0.00194
0.00193
0.00193
0.00192
0.00192
0.00191
0.0019
0.00189
0.00188
0.00186
0.00185
0.00183
0.00182
0.0018
0.00178
0.00177
0.00175
0.00174
0.00172
0.0017
0.00168
0.00166
0.00165
0.00163
0.00161
0.00159
0.00158
0.00155
0.00153
0.00151
0.00149
0.00147
0.00145
0.00143
0.0014
0.00138
0.00135
0.00133
0.0013
0.00127
0.00125
0.00122
0.0012
0.00117
0.00114
0.00111
0.00108
0.00106
0.00104
0.00101
0.00099
0.00096
0.00095
0.00092
0.00091
0.00088
0.00087
0.00085
0.00084
0.00082
0.0008
0.00078
0.00077
0.00075
0.00073
0.00072
0.0007
0.00067
0.00065
0.00063
0.00061
0.00058
0.00055
0.00052
0.00049
0.00046
0.00042
0.00038
0.00034
0.0003
0.00026
0.00022
0.00018
0.00013
9e-05
4e-05
-0.0
-5e-05
-9e-05
-0.00014
-0.00018
-0.00023
-0.00027
-0.00032
-0.00036
-0.0004
-0.00044
-0.00047
-0.00051
-0.00055
-0.00058
-0.00062
-0.00064
-0.00068
-0.00071
-0.00074
-0.00076
-0.00079
-0.00082
-0.00084
-0.00087
-0.00089
-0.00091
-0.00093
-0.00095
-0.00097
-0.00099
-0.00101
-0.00102
-0.00103
-0.00104
-0.00106
-0.00106
-0.00107
-0.00108
-0.00108
-0.00109
-0.00109
-0.00109
-0.00109
-0.00109
-0.00109
-0.00108
-0.00108
-0.00108
-0.00108
-0.00107
-0.00107
-0.00107
-0.00107
-0.00107
-0.00107
-0.00107
-0.00107
-0.00108
-0.00108
-0.00109
-0.0011
-0.00111
-0.00112
-0.00113
-0.00115
-0.00116
-0.00118
-0.00119
-0.00121
-0.00123
-0.00125
-0.00127
-0.00128
-0.00129
-0.00131
-0.00132
-0.00134
-0.00134
-0.00135
-0.00136
-0.00137
-0.00137
-0.00137
-0.00136
-0.00136
-0.00135
-0.00135
-0.00134
-0.00132
-0.0013
-0.00129
-0.00126
-0.00125
-0.00122
-0.0012
-0.00116
-0.00114
-0.00111
-0.00108
-0.00104
-0.00101
-0.00097
-0.00094
-0.0009
-0.00086
-0.00081
-0.00077
-0.00073
-0.00069
-0.00064
-0.0006
-0.00054
-0.0005
-0.00045
-0.00041
-0.00035
-0.0003
-0.00025
-0.0002
-0.00015
-9e-05
-4e-05
2e-05
7e-05
0.00012
0.00018
0.00023
0.00029
0.00034
0.00039
0.00044
0.00049
0.00054
0.00059
0.00063
0.00067
0.00072
0.00076
0.0008
0.00084
0.00087
0.00091
0.00094
0.00097
0.001
0.00103
0.00105
0.00108
0.00109
0.00111
0.00113
0.00114
0.00115
0.00117
0.00117
0.00118
0.00118
0.00119
0.00119
0.00119
0.00118
0.00118
0.00116
0.00116
0.00114
0.00113
0.00111
0.00109
0.00106
0.00104
0.00101
0.00098
0.00094
0.00091
0.00087
0.00084
0.00079
0.00075
0.00069
0.00065
0.0006
0.00054
0.00048
0.00042
0.00037
0.0003
0.00024
0.00018
0.00011
4e-05
-3e-05
-9e-05
-0.00017
-0.00023
-0.00031
-0.00038
-0.00045
-0.00053
-0.0006
-0.00068
-0.00075
-0.00083
-0.0009
-0.00097
-0.00105
-0.00112
-0.0012
-0.00127
-0.00134
-0.00141
-0.00149
-0.00156
-0.00163
-0.0017
-0.00177
-0.00183
-0.0019
-0.00196
-0.00202
-0.00208
-0.00214
-0.0022
-0.00225
-0.0023
-0.00235
-0.0024
-0.00245
-0.00248
-0.00253
-0.00256
-0.0026
-0.00263
-0.00266
-0.00268
-0.0027
-0.00271
-0.00273
-0.00274
-0.00275
-0.00275
-0.00275
-0.00275
-0.00275
-0.00274
-0.00273
-0.00272
-0.0027
-0.00268
-0.00266
-0.00264
-0.00261
-0.00258
-0.00256
-0.00253
-0.0025
-0.00246
-0.00243
-0.00239
-0.00236
-0.00232
-0.00228
-0.00225
-0.00221
-0.00217
-0.00213
-0.0021
-0.00206
-0.00202
-0.00199
-0.00195
-0.00191
-0.00187
-0.00184
-0.0018
-0.00178
-0.00173
-0.0017
-0.00167
-0.00164
-0.00161
-0.00158
-0.00155
-0.00152
-0.00149
-0.00147
-0.00144
-0.00142
-0.00139
-0.00137
-0.00134
-0.00132
-0.0013
-0.00128
-0.00126
-0.00124
-0.00122
-0.0012
-0.00118
-0.00117
-0.00115
-0.00114
-0.00112
-0.00111
-0.00109
-0.00107
-0.00106
-0.00105
-0.00103
-0.00102
-0.001
-0.00099
-0.00098
-0.00096
-0.00094
-0.00093
-0.00091
-0.0009
-0.00088
-0.00087
-0.00085
-0.00084
-0.00082
-0.00081
-0.00078
-0.00077
-0.00076
-0.00074
-0.00073
-0.00072
-0.0007
-0.00069
-0.00067
-0.00067
-0.00065
-0.00065
-0.00063
-0.00063
-0.00062
-0.00062
-0.00061
-0.00061
-0.0006
-0.0006
-0.0006
-0.00059
-0.00059
-0.00058
-0.00057
-0.00057
-0.00056
-0.00056
-0.00054
-0.00054
-0.00053
-0.00052
-0.0005
-0.00048
-0.00046
-0.00045
-0.00042
-0.0004
-0.00037
-0.00034
-0.00031
-0.00028
-0.00024
-0.00021
-0.00017
-0.00014
-9e-05
-6e-05
-1e-05
3e-05
7e-05
0.00011
0.00015
0.0002
0.00024
0.00029
0.00033
0.00037
0.00042
0.00045
0.0005
0.00053
0.00058
0.00061
0.00066
0.00069
0.00073
0.00076
0.0008
0.00084
0.00087
0.00091
0.00095
0.00097
0.00101
0.00104
0.00108
0.00111
0.00114
0.00117
0.00121
0.00124
0.00127
0.0013
0.00133
0.00136
0.00139
0.00142
0.00145
0.00147
0.0015
0.00152
0.00155
0.00157
0.0016
0.00162
0.00164
0.00166
0.00168
0.0017
0.00171
0.00173
0.00174
0.00176
0.00177
0.00178
0.0018
0.0018
0.00182
0.00182
0.00184
0.00184
0.00185
0.00186
0.00186
0.00187
0.00187
0.00188
0.00189
0.00189
0.0019
0.0019
0.0019
0.00191
0.00191
0.00191
0.00192
0.00192
0.00193
0.00193
0.00193
0.00193
0.00193
0.00194
0.00194
0.00194
0.00195
0.00195
0.00196
0.00196
0.00197
0.00197
0.00198
0.00199
0.002
0.00201
0.00202
0.00203
0.00204
0.00205
0.00207
0.00208
0.0021
0.00211
0.00213
0.00215
0.00217
0.00218
0.0022
0.00222
0.00224
0.00226
0.00228
0.0023
0.00232
0.00234
0.00236
0.00238
0.0024
0.00241
0.00244
0.00245
0.00247
0.00248
0.0025
0.00251
0.00254
0.00255
0.00256
0.00257
0.00259
0.0026
0.00261
0.00262
0.00264
0.00264
0.00266
0.00267
0.00268
0.00269
0.0027
0.00271
0.00273
0.00273
0.00274
0.00275
0.00276
0.00277
0.00278
0.00279
0.0028
0.0028
0.00281
0.00281
0.00282
0.00282
0.00282
0.00282
0.00282
0.00282
0.00281
0.00281
0.0028
0.00279
0.00278
0.00276
0.00275
0.00273
0.00271
0.00269
0.00267
0.00264
0.00262
0.00259
0.00257
0.00254
0.00252
0.00249
0.00246
0.00243
0.0024
0.00237
0.00235
0.00232
0.00229
0.00226
0.00224
0.00221
0.00219
0.00216
0.00214
0.00211
0.00209
0.00206
0.00204
0.00202
0.002
0.00197
0.00195
0.00192
0.0019
0.00187
0.00185
0.00181
0.00179
0.00175
0.00172
0.00168
0.00165
0.00161
0.00156
0.00152
0.00148
0.00143
0.00139
0.00133
0.00128
0.00123
0.00118
0.00112
0.00106
0.001
0.00095
0.00089
0.00083
0.00077
0.00071
0.00065
0.0006
0.00054
0.00048
0.00042
0.00037
0.00031
0.00026
0.00021
0.00016
0.00011
6e-05
1e-05
-3e-05
-8e-05
-0.00013
-0.00017
-0.00021
-0.00025
-0.00029
-0.00034
-0.00037
-0.00042
-0.00046
-0.0005
-0.00054
-0.00059
-0.00062
-0.00067
-0.00071
-0.00075
-0.0008
-0.00084
-0.00088
-0.00093
-0.00097
-0.00102
-0.00106
-0.00111
-0.00115
-0.0012
-0.00124
-0.00128
-0.00132
-0.00136
-0.0014
-0.00144
-0.00148
-0.00152
-0.00155
-0.00158
-0.00161
-0.00165
-0.00167
-0.0017
-0.00172
-0.00175
-0.00177
-0.00179
-0.00181
-0.00183
-0.00184
-0.00186
-0.00187
-0.00188
-0.00189
-0.00191
-0.00191
-0.00192
-0.00193
-0.00194
-0.00194
-0.00195
-0.00195
-0.00196
-0.00196
-0.00196
-0.00196
-0.00196
-0.00196
-0.00196
-0.00196
-0.00195
-0.00195
-0.00195
-0.00193
-0.00193
-0.00191
-0.00191
-0.00189
-0.00188
-0.00186
-0.00184
-0.00183
-0.00181
-0.00179
-0.00177
-0.00174
-0.00172
-0.00169
-0.00168
-0.00165
-0.00162
-0.00159
-0.00157
-0.00154
-0.00152
-0.00149
-0.00147
-0.00144
-0.00142
-0.00139
-0.00137
-0.00134
-0.00132
-0.00129
-0.00127
-0.00124
-0.00122
-0.00119
-0.00117
-0.00114
-0.00112
-0.00108
-0.00106
-0.00103
-0.00101
-0.00098
-0.00095
-0.00092
-0.00089
-0.00086
-0.00083
-0.0008
-0.00078
-0.00074
-0.00072
-0.00069
-0.00067
-0.00064
-0.00063
-0.00061
-0.00059
-0.00058
-0.00057
-0.00056
-0.00055
-0.00055
-0.00056
-0.00056
-0.00057
-0.00058
-0.00059
-0.00061
-0.00063
-0.00065
-0.00068
-0.00071
-0.00075
-0.00079
-0.00082
-0.00086
-0.0009
-0.00094
-0.00099
-0.00103
-0.00108
-0.00112
-0.00117
-0.00121
-0.00127
-0.00131
-0.00136
-0.0014
-0.00145
-0.00149
-0.00154
-0.00158
-0.00162
-0.00166
-0.00171
-0.00175
-0.00179
-0.00182
-0.00187
-0.00191
-0.00195
-0.00198
-0.00202
-0.00206
-0.0021
-0.00214
-0.00217
-0.00221
-0.00225
-0.00228
-0.00232
-0.00235
-0.00239
-0.00242
-0.00246
-0.00249
-0.00253
-0.00256
-0.0026
-0.00263
-0.00266
-0.0027
-0.00273
-0.00276
-0.00279
-0.00282
-0.00285
-0.00288
-0.00291
-0.00293
-0.00296
-0.00298
-0.00301
-0.00303
-0.00306
-0.00308
-0.00311
-0.00313
-0.00315
-0.00317
-0.00319
-0.0032
-0.00322
-0.00323
-0.00324
-0.00324
-0.00325
-0.00325
-0.00326
-0.00325
-0.00324
-0.00323
-0.00322
-0.0032
-0.00318
-0.00315
-0.00312
-0.00308
-0.00305
-0.003
-0.00295
-0.00289
-0.00284
-0.00277
-0.00271
-0.00263
-0.00255
-0.00247
-0.00239
-0.0023
-0.0022
-0.0021
-0.002
-0.0019
-0.00179
-0.00168
-0.00157
-0.00145
-0.00134
-0.00121
-0.0011
-0.00097
-0.00085
-0.00072
-0.0006
-0.00047
-0.00034
-0.00021
-8e-05
5e-05
0.00018
0.00031
0.00044
0.00058
0.00071
0.00084
0.00097
0.00111
0.00124
0.00137
0.0015
0.00163
0.00177
0.0019
0.00203
0.00216
0.00228
0.00242
0.00254
0.00267
0.00279
0.00291
0.00302
0.00314
0.00325
0.00336
0.00346
0.00356
0.00366
0.00376
0.00384
0.00393
0.004
0.00408
0.00415
0.00421
0.00427
0.00432
0.00436
0.0044
0.00443
0.00446
0.00448
0.0045
0.00451
0.00451
0.00451
0.00451
0.00449
0.00448
0.00446
0.00444
0.00441
0.00438
0.00434
0.00431
0.00427
0.00422
0.00418
0.00413
0.00408
0.00403
0.00398
0.00393
0.00387
0.00382
0.00377
0.00372
0.00366
0.0036
0.00355
0.0035
0.00344
0.00339
0.00334
0.00329
0.00324
0.0032
0.00315
0.00311
0.00306
0.00303
0.00299
0.00296
0.00292
0.00289
0.00286
0.00284
0.00281
0.00278
0.00276
0.00274
0.00273
0.00272
0.0027
0.00269
0.00268
0.00267
0.00266
0.00266
0.00265
0.00264
0.00263
0.00263
0.00262
0.00262
0.00261
0.0026
0.00259
0.00258
0.00257
0.00256
0.00254
0.00252
0.0025
0.00249
0.00247
0.00245
0.00243
0.00241
0.00239
0.00237
0.00234
0.00232
0.00231
0.00229
0.00227
0.00226
0.00224
0.00223
0.00221
0.00221
0.0022
0.0022
0.00219
0.00219
0.00219
0.0022
0.0022
0.0022
0.00221
0.00223
0.00224
0.00225
0.00226
0.00227
0.00228
0.0023
0.00231
0.00232
0.00233
0.00235
0.00236
0.00237
0.00237
0.00238
0.00239
0.00239
0.00239
0.0024
0.00239
0.00239
0.00238
0.00238
0.00237
0.00236
0.00235
0.00234
0.00232
0.0023
0.00228
0.00226
0.00224
0.00222
0.00219
0.00216
0.00212
0.00209
0.00205
0.00202
0.00197
0.00193
0.00187
0.00183
0.00177
0.00171
0.00165
0.00158
0.00152
0.00145
0.00138
0.0013
0.00122
0.00114
0.00106
0.00098
0.00089
0.00081
0.00072
0.00064
0.00055
0.00046
0.00037
0.00028
0.0002
0.00012
3e-05
-5e-05
-0.00013
-0.00021
-0.00028
-0.00035
-0.00043
-0.0005
-0.00057
-0.00063
-0.0007
-0.00076
-0.00082
-0.00088
-0.00094
-0.00099
-0.00104
-0.00109
-0.00114
-0.00118
-0.00123
-0.00127
-0.00131
-0.00135
-0.00139
-0.00142
-0.00145
-0.00148
-0.0015
-0.00152
-0.00154
-0.00156
-0.00157
-0.00157
-0.00158
-0.00158
-0.00157
-0.00156
-0.00155
-0.00153
-0.00152
-0.00149
-0.00147
-0.00143
-0.0014
-0.00137
-0.00133
-0.00129
-0.00125
-0.0012
-0.00116
-0.00111
-0.00107
-0.00102
-0.00098
-0.00094
-0.0009
-0.00085
-0.00082
-0.00078
-0.00075
-0.00072
-0.00069
-0.00066
-0.00063
-0.00061
-0.00059
-0.00057
-0.00056
-0.00054
-0.00054
-0.00052
-0.00052
-0.0005
-0.0005
-0.0005
-0.0005
-0.00049
-0.00049
-0.00049
-0.00049
-0.00049
-0.0005
-0.0005
-0.00051
-0.00051
-0.00053
-0.00054
-0.00056
-0.00057
-0.0006
-0.00062
-0.00066
-0.00069
-0.00073
-0.00077
-0.00082
-0.00087
-0.00094
-0.001
-0.00107
-0.00114
-0.00123
-0.00131
-0.0014
-0.00149
-0.00159
-0.00169
-0.00179
-0.0019
-0.002
-0.00211
-0.00222
-0.00232
-0.00244
-0.00254
-0.00265
-0.00275
-0.00286
-0.00296
-0.00306
-0.00316
-0.00325
-0.00335
-0.00344
-0.00352
-0.0036
-0.00368
-0.00376
-0.00383
-0.00391
-0.00398
-0.00405
-0.00411
-0.00417
-0.00423
-0.0043
-0.00435
-0.00441
-0.00446
-0.00452
-0.00457
-0.00462
-0.00467
-0.00471
-0.00475
-0.0048
-0.00484
-0.00488
-0.00491
-0.00495
-0.00497
-0.005
-0.00502
-0.00504
-0.00506
-0.00507
-0.00508
-0.00508
-0.00507
-0.00506
-0.00505
-0.00504
-0.00501
-0.00499
-0.00496
-0.00493
-0.00489
-0.00486
-0.00481
-0.00476
-0.00471
-0.00466
-0.00461
-0.00455
-0.00449
-0.00443
-0.00436
-0.0043
-0.00422
-0.00416
-0.00408
-0.00401
-0.00393
-0.00386
-0.00377
-0.00369
-0.00361
-0.00352
-0.00344
-0.00334
-0.00325
-0.00315
-0.00305
-0.00296
-0.00285
-0.00275
-0.00263
-0.00253
-0.00241
-0.0023
-0.00217
-0.00206
-0.00194
-0.00182
-0.00169
-0.00157
-0.00144
-0.00131
-0.00119
-0.00107
-0.00094
-0.00081
-0.00068
-0.00056
-0.00044
-0.00032
-0.00019
-7e-05
5e-05
0.00017
0.00028
0.0004
0.00052
0.00063
0.00075
0.00086
0.00098
0.00109
0.00121
0.00132
0.00144
0.00155
0.00167
0.00178
0.00189
0.00201
0.00212
0.00224
0.00236
0.00248
0.0026
0.00271
0.00283
0.00294
0.00306
0.00317
0.00328
0.00338
0.0035
0.0036
0.0037
0.0038
0.00389
0.00398
0.00407
0.00415
0.00423
0.0043
0.00437
0.00444
0.0045
0.00455
0.0046
0.00464
0.00469
0.00472
0.00475
0.00477
0.00479
0.00481
0.00483
0.00483
0.00484
0.00484
0.00484
0.00483
0.00482
0.0048
0.00479
0.00477
0.00475
0.00473
0.0047
0.00467
0.00463
0.0046
0.00456
0.00452
0.00448
0.00443
0.00439
0.00434
0.00429
0.00423
0.00418
0.00411
0.00405
0.00399
0.00392
0.00385
0.00378
0.0037
0.00363
0.00355
0.00348
0.00339
0.00331
0.00323
0.00315
0.00306
0.00298
0.00289
0.0028
0.00271
0.00263
0.00254
0.00245
0.00236
0.00227
0.00218
0.0021
0.00201
0.00192
0.00184
0.00175
0.00166
0.00158
0.00149
0.00141
0.00133
0.00125
0.00116
0.00108
0.001
0.00092
0.00084
0.00077
0.00069
0.00061
0.00053
0.00046
0.00038
0.00031
0.00024
0.00017
0.0001
3e-05
-5e-05
-0.00011
-0.00018
-0.00024
-0.00031
-0.00037
-0.00043
-0.00049
-0.00055
-0.00061
-0.00067
-0.00072
-0.00078
-0.00082
-0.00088
-0.00093
-0.00098
-0.00102
-0.00107
-0.00111
-0.00115
-0.00119
-0.00123
-0.00126
-0.00129
-0.00132
-0.00135
-0.00137
-0.0014
-0.00141
-0.00143
-0.00144
-0.00145
-0.00145
-0.00145
-0.00145
-0.00144
-0.00143
-0.00142
-0.00139
-0.00137
-0.00134
-0.00131
-0.00127
-0.00124
-0.00119
-0.00115
-0.0011
-0.00104
-0.00099
-0.00093
-0.00087
-0.0008
-0.00073
-0.00067
-0.0006
-0.00053
-0.00046
-0.00039
-0.00032
-0.00025
-0.00017
-0.0001
-3e-05
4e-05
0.00011
0.00019
0.00026
0.00033
0.0004
0.00047
0.00054
0.0006
0.00068
0.00074
0.00081
0.00087
0.00094
0.001
0.00107
0.00113
0.0012
0.00126
0.00132
0.00139
0.00145
0.00151
0.00157
0.00163
0.00169
0.00174
0.0018
0.00185
0.00191
0.00196
0.00201
0.00206
0.0021
0.00215
0.0022
0.00224
0.00229
0.00232
0.00237
0.0024
0.00244
0.00247
0.00251
0.00254
0.00257
0.0026
0.00263
0.00265
0.00267
0.0027
0.00272
0.00274
0.00276
0.00277
0.00279
0.00279
0.00281
0.00281
0.00281
0.00281
0.00281
0.00281
0.0028
0.00279
0.00278
0.00276
0.00274
0.00272
0.0027
0.00267
0.00264
0.00261
0.00258
0.00254
0.0025
0.00246
0.00242
0.00237
0.00233
0.00228
0.00223
0.00218
0.00214
0.00209
0.00204
0.00198
0.00194
0.00189
0.00184
0.00179
0.00174
0.00169
0.00165
0.0016
0.00155
0.0015
0.00145
0.0014
0.00135
0.00131
0.00126
0.0012
0.00115
0.0011
0.00105
0.00099
0.00093
0.00087
0.00082
0.00075
0.00069
0.00062
0.00056
0.00049
0.00042
0.00035
0.00029
0.00021
0.00015
7e-05
0.0
-7e-05
-0.00014
-0.00021
-0.00028
-0.00034
-0.00041
-0.00048
-0.00054
-0.0006
-0.00066
-0.00071
-0.00076
-0.00082
-0.00087
-0.00091
-0.00095
-0.00099
-0.00103
-0.00106
-0.00109
-0.00111
-0.00113
-0.00115
-0.00117
-0.00118
-0.00118
-0.00119
-0.00118
-0.00118
-0.00117
-0.00116
-0.00114
-0.00113
-0.00111
-0.00108
-0.00105
-0.00102
-0.00098
-0.00094
-0.0009
-0.00086
-0.00081
-0.00076
-0.0007
-0.00065
-0.00059
-0.00054
-0.00047
-0.00041
-0.00034
-0.00028
-0.00021
-0.00014
-7e-05
-0.0
7e-05
0.00014
0.00021
0.00029
0.00036
0.00043
0.00051
0.00058
0.00066
0.00073
0.0008
0.00087
0.00094
0.00101
0.00108
0.00115
0.00122
0.00129
0.00136
0.00143
0.00149
0.00155
0.00162
0.00168
0.00175
0.00181
0.00187
0.00193
0.002
0.00205
0.00211
0.00217
0.00222
0.00228
0.00233
0.00239
0.00244
0.00249
0.00255
0.00259
0.00265
0.00269
0.00274
0.00278
0.00284
0.00288
0.00292
0.00296
0.00301
0.00305
0.00309
0.00313
0.00317
0.0032
0.00324
0.00327
0.00331
0.00334
0.00337
0.00339
0.00342
0.00344
0.00346
0.00348
0.0035
0.00351
0.00352
0.00353
0.00354
0.00354
0.00354
0.00353
0.00353
