2.46714725861805E+02

-0.00067
-0.00063
-0.00058
-0.00054
-0.0005
-0.00046
-0.00042
-0.00039
-0.00036
-0.00032
-0.0003
-0.00027
-0.00025
-0.00024
-0.00022
-0.00021
-0.0002
-0.0002
-0.0002
-0.00021
-0.00021
-0.00023
-0.00024
-0.00027
-0.00029
-0.00032
-0.00034
-0.00038
-0.00041
-0.00045
-0.00049
-0.00054
-0.00058
-0.00063
-0.00067
-0.00072
-0.00077
-0.00082
-0.00088
-0.00093
-0.00098
-0.00103
-0.00109
-0.00114
-0.00119
-0.00125
-0.00129
-0.00134
-0.00139
-0.00144
-0.00149
-0.00154
-0.00158
-0.00163
-0.00167
-0.00172
-0.00176
-0.0018
-0.00184
-0.00188
-0.00191
-0.00195
-0.00199
-0.00202
-0.00205
-0.00209
-0.00212
-0.00215
-0.00217
-0.0022
-0.00223
-0.00226
-0.00228
-0.0023
-0.00232
-0.00234
-0.00235
-0.00237
-0.00238
-0.0024
-0.00241
-0.00242
-0.00243
-0.00244
-0.00244
-0.00244
-0.00245
-0.00245
-0.00246
-0.00246
-0.00246
-0.00246
-0.00245
-0.00246
-0.00246
-0.00246
-0.00246
-0.00246
-0.00246
-0.00247
-0.00246
-0.00247
-0.00248
-0.00248
-0.00249
-0.00249
-0.0025
-0.00251
-0.00251
-0.00252
-0.00253
-0.00254
-0.00254
-0.00255
-0.00255
-0.00256
-0.00255
-0.00256
-0.00255
-0.00255
-0.00254
-0.00253
-0.00252
-0.00251
-0.00248
-0.00247
-0.00244
-0.00241
-0.00238
-0.00234
-0.0023
-0.00226
-0.00221
-0.00216
-0.00211
-0.00205
-0.00199
-0.00192
-0.00185
-0.00178
-0.0017
-0.00163
-0.00155
-0.00147
-0.00138
-0.00129
-0.0012
-0.00112
-0.00102
-0.00092
-0.00083
-0.00073
-0.00063
-0.00053
-0.00043
-0.00033
-0.00023
-0.00013
-2e-05
8e-05
0.00018
0.00028
0.00038
0.00048
0.00059
0.00068
0.00078
0.00087
0.00096
0.00106
0.00115
0.00123
0.00132
0.0014
0.00148
0.00156
0.00163
0.0017
0.00177
0.00183
0.0019
0.00195
0.002
0.00205
0.0021
0.00214
0.00218
0.00222
0.00225
0.00228
0.00231
0.00233
0.00235
0.00237
0.00238
0.00239
0.00241
0.00241
0.00241
0.00241
0.00241
0.00241
0.00241
0.0024
0.0024
0.00239
0.00238
0.00237
0.00236
0.00234
0.00233
0.00232
0.00231
0.00229
0.00227
0.00225
0.00224
0.00222
0.0022
0.00219
0.00217
0.00215
0.00214
0.00212
0.0021
0.00209
0.00207
0.00205
0.00204
0.00203
0.00201
0.002
0.00198
0.00197
0.00197
0.00196
0.00195
0.00194
0.00194
0.00193
0.00193
0.00192
0.00192
0.00192
0.00192
0.00192
0.00192
0.00192
0.00192
0.00192
0.00193
0.00193
0.00194
0.00193
0.00194
0.00194
0.00195
0.00195
0.00196
0.00195
0.00196
0.00196
0.00196
0.00196
0.00196
0.00196
0.00196
0.00196
0.00195
0.00195
0.00194
0.00194
0.00193
0.00193
0.00192
0.00191
0.00191
0.00189
0.00188
0.00187
0.00186
0.00185
0.00184
0.00183
0.00182
0.0018
0.00179
0.00177
0.00176
0.00174
0.00173
0.00171
0.00169
0.00167
0.00165
0.00163
0.00161
0.00159
0.00157
0.00155
0.00153
0.00151
0.00149
0.00146
0.00144
0.00142
0.0014
0.00138
0.00136
0.00134
0.00132
0.0013
0.00128
0.00126
0.00125
0.00123
0.00122
0.00121
0.0012
0.00119
0.00118
0.00118
0.00118
0.00117
0.00118
0.00118
0.00118
0.00118
0.00119
0.0012
0.00121
0.00123
0.00124
0.00125
0.00127
0.00129
0.00131
0.00133
0.00135
0.00137
0.0014
0.00142
0.00145
0.00147
0.0015
0.00153
0.00155
0.00158
0.00161
0.00163
0.00166
0.00169
0.00172
0.00175
0.00178
0.0018
0.00184
0.00187
0.0019
0.00193
0.00196
0.002
0.00204
0.00207
0.00212
0.00215
0.0022
0.00224
0.00228
0.00233
0.00238
0.00242
0.00248
0.00253
0.00258
0.00263
0.00269
0.00274
0.0028
0.00286
0.00292
0.00297
0.00303
0.00308
0.00314
0.00319
0.00324
0.00329
0.00334
0.00338
0.00343
0.00347
0.00351
0.00355
0.00359
0.00362
0.00366
0.00369
0.00372
0.00374
0.00377
0.00379
0.00381
0.00383
0.00386
0.00387
0.00389
0.00391
0.00393
0.00395
0.00397
0.00399
0.00401
0.00403
0.00405
0.00407
0.0041
0.00412
0.00414
0.00416
0.00419
0.00422
0.00424
0.00426
0.00428
0.00431
0.00433
0.00435
0.00438
0.00439
0.00441
0.00442
0.00443
0.00444
0.00445
0.00444
0.00445
0.00444
0.00444
0.00443
0.00441
0.0044
0.00438
0.00436
0.00434
0.00431
0.00429
0.00426
0.00423
0.00419
0.00416
0.00411
0.00408
0.00404
0.004
0.00396
0.00391
0.00387
0.00383
0.00378
0.00374
0.00369
0.00365
0.0036
0.00355
0.0035
0.00344
0.00338
0.00333
0.00327
0.00321
0.00314
0.00307
0.003
0.00293
0.00285
0.00278
0.00269
0.0026
0.00251
0.00242
0.00232
0.00222
0.00211
0.00201
0.0019
0.00179
0.00167
0.00156
0.00144
0.00133
0.00121
0.00109
0.00097
0.00085
0.00073
0.00061
0.00049
0.00037
0.00025
0.00014
2e-05
-0.0001
-0.00021
-0.00032
-0.00044
-0.00054
-0.00066
-0.00076
-0.00088
-0.00098
-0.00109
-0.00119
-0.0013
-0.0014
-0.00151
-0.00161
-0.00171
-0.00181
-0.00191
-0.00201
-0.00211
-0.0022
-0.0023
-0.00239
-0.00248
-0.00257
-0.00265
-0.00273
-0.00282
-0.00289
-0.00297
-0.00303
-0.0031
-0.00316
-0.00322
-0.00328
-0.00333
-0.00337
-0.00341
-0.00345
-0.00349
-0.00352
-0.00355
-0.00358
-0.00361
-0.00363
-0.00365
-0.00366
-0.00368
-0.00369
-0.00371
-0.00372
-0.00373
-0.00374
-0.00376
-0.00376
-0.00378
-0.00379
-0.0038
-0.00381
-0.00382
-0.00383
-0.00384
-0.00385
-0.00386
-0.00386
-0.00387
-0.00388
-0.00388
-0.00388
-0.00387
-0.00386
-0.00386
-0.00385
-0.00383
-0.00381
-0.00379
-0.00376
-0.00374
-0.0037
-0.00366
-0.00362
-0.00358
-0.00353
-0.00347
-0.00341
-0.00335
-0.00329
-0.00323
-0.00315
-0.00309
-0.00301
-0.00294
-0.00286
-0.00279
-0.0027
-0.00263
-0.00255
-0.00247
-0.00239
-0.00231
-0.00223
-0.00215
-0.00207
-0.002
-0.00191
-0.00184
-0.00176
-0.00168
-0.0016
-0.00153
-0.00145
-0.00138
-0.0013
-0.00122
-0.00115
-0.00107
-0.00099
-0.00091
-0.00083
-0.00075
-0.00067
-0.00059
-0.0005
-0.00042
-0.00033
-0.00025
-0.00016
-7e-05
2e-05
0.0001
0.00019
0.00028
0.00037
0.00046
0.00055
0.00063
0.00073
0.00081
0.0009
0.00098
0.00106
0.00114
0.00123
0.0013
0.00138
0.00145
0.00152
0.0016
0.00167
0.00173
0.0018
0.00186
0.00192
0.00198
0.00204
0.00209
0.00214
0.00218
0.00224
0.00228
0.00232
0.00236
0.00239
0.00242
0.00246
0.00249
0.00251
0.00253
0.00255
0.00257
0.00259
0.00259
0.0026
0.0026
0.0026
0.0026
0.00259
0.00258
0.00256
0.00254
0.00252
0.0025
0.00247
0.00243
0.0024
0.00236
0.00232
0.00227
0.00222
0.00216
0.00211
0.00206
0.002
0.00193
0.00187
0.00181
0.00175
0.00168
0.00162
0.00155
0.00149
0.00142
0.00135
0.00129
0.00122
0.00116
0.0011
0.00104
0.00098
0.00092
0.00086
0.00081
0.00076
0.00071
0.00066
0.00061
0.00057
0.00053
0.00049
0.00045
0.00042
0.00038
0.00034
0.00031
0.00028
0.00025
0.00021
0.00019
0.00016
0.00013
0.00011
7e-05
5e-05
2e-05
0.0
-3e-05
-6e-05
-9e-05
-0.00011
-0.00014
-0.00018
-0.00021
-0.00024
-0.00027
-0.0003
-0.00034
-0.00037
-0.00041
-0.00044
-0.00047
-0.0005
-0.00054
-0.00058
-0.00061
-0.00065
-0.00068
-0.00071
-0.00074
-0.00077
-0.0008
-0.00082
-0.00085
-0.00087
-0.00089
-0.0009
-0.00092
-0.00093
-0.00094
-0.00094
-0.00095
-0.00095
-0.00094
-0.00094
-0.00093
-0.00092
-0.0009
-0.00088
-0.00086
-0.00084
-0.00081
-0.00078
-0.00075
-0.00072
-0.00068
-0.00064
-0.00061
-0.00056
-0.00052
-0.00048
-0.00043
-0.00039
-0.00033
-0.00028
-0.00023
-0.00018
-0.00013
-7e-05
-1e-05
5e-05
0.00011
0.00017
0.00024
0.00031
0.00038
0.00046
0.00054
0.00062
0.00071
0.00081
0.00091
0.00101
0.00113
0.00125
0.00138
0.00152
0.00167
0.00182
0.00199
0.00218
0.00237
0.00258
0.0028
0.00304
0.00329
0.00356
0.00384
0.00415
0.00447
0.00481
0.00516
0.00554
0.00593
0.00634
0.00678
0.00723
0.00771
0.00819
0.00871
0.00924
0.00979
0.01037
0.01096
0.01158
0.01221
0.01287
0.01355
0.01425
0.01498
0.01572
0.01648
0.01728
0.01809
0.01893
0.01979
0.02068
0.02159
0.02253
0.02349
0.02448
0.02549
0.02653
0.02759
0.02868
0.02979
0.03092
0.03207
0.03325
0.03445
0.03567
0.0369
0.03816
0.03943
0.04071
0.04199
0.0433
0.04461
0.04593
0.04725
0.04858
0.04992
0.05124
0.05258
0.05391
0.05525
0.05658
0.05791
0.05924
0.06056
0.06188
0.0632
0.06452
0.06585
0.06716
0.06848
0.0698
0.07112
0.07243
0.07375
0.07508
0.0764
0.07772
0.07905
0.08037
0.08169
0.08301
0.08431
0.08562
0.08691
0.08819
0.08945
0.09069
0.09192
0.0931
0.09427
0.0954
0.0965
0.09755
0.09856
0.09953
0.10044
0.1013
0.1021
0.10285
0.10355
0.10418
0.10475
0.10527
0.10573
0.10613
0.10647
0.10676
0.107
0.1072
0.10721
0.10721
0.10721
0.10721
0.10721
0.10721
0.10721
0.10721
0.10721
0.10721
0.10721
0.10712
0.10704
0.10697
0.10689
0.10683
0.10678
0.10674
0.10671
0.1067
0.10669
0.10669
0.10671
0.10674
0.10677
0.10681
0.10686
0.10691
0.10697
0.10702
0.10707
0.10712
0.10716
0.1072
0.10721
0.10721
0.10721
0.10721
0.10721
0.10721
0.10721
0.1072
0.10717
0.10713
0.1071
0.10705
0.107
0.10696
0.10692
0.10688
0.10684
0.10681
0.10679
0.10677
0.10676
0.10676
0.10677
0.10679
0.10682
0.10685
0.1069
0.10694
0.10699
0.10704
0.10709
0.10715
0.10719
0.10721
0.10721
0.10721
0.10721
0.10721
0.1072
0.10714
0.10706
0.10694
0.10681
0.10664
0.10643
0.1062
0.10593
0.10564
0.1053
0.10493
0.10453
0.1041
0.10363
0.10313
0.10261
0.10206
0.10149
0.10089
0.10028
0.09965
0.09899
0.09833
0.09766
0.09698
0.09629
0.0956
0.0949
0.09421
0.09351
0.09282
0.09213
0.09145
0.09077
0.0901
0.08945
0.08879
0.08814
0.08751
0.08688
0.08626
0.08564
0.08503
0.08443
0.08383
0.08324
0.08264
0.08206
0.08148
0.0809
0.08032
0.07975
0.07918
0.07861
0.07804
0.07747
0.07691
0.07634
0.07578
0.07522
0.07466
0.0741
0.07355
0.07301
0.07246
0.07192
0.07139
0.07087
0.07034
0.06983
0.06932
0.06882
0.06832
0.06784
0.06735
0.06688
0.06641
0.06595
0.06549
0.06505
0.0646
0.06416
0.06373
0.0633
0.06287
0.06245
0.06204
0.06162
0.06121
0.0608
0.06039
0.05999
0.05959
0.05919
0.05879
0.0584
0.058
0.05761
0.05723
0.05685
0.05646
0.05609
0.05571
0.05534
0.05497
0.05461
0.05425
0.0539
0.05354
0.05319
0.05284
0.0525
0.05216
0.05183
0.05149
0.05116
0.05083
0.05051
0.05019
0.04986
0.04954
0.04922
0.0489
0.04858
0.04826
0.04794
0.04762
0.0473
0.04698
0.04666
0.04633
0.04601
0.04569
0.04536
0.04504
0.04471
0.04438
0.04406
0.04372
0.0434
0.04307
0.04274
0.04241
0.04208
0.04175
0.04141
0.04109
0.04075
0.04042
0.04009
0.03976
0.03942
0.03909
0.03875
0.03841
0.03808
0.03774
0.0374
0.03706
0.03672
0.03637
0.03603
0.03568
0.03534
0.03499
0.03464
0.03429
0.03394
0.03359
0.03324
0.03289
0.03254
0.03219
0.03184
0.03149
0.03114
0.03079
0.03045
0.03011
0.02976
0.02942
0.02909
0.02875
0.02842
0.02809
0.02777
0.02744
0.02712
0.02681
0.02649
0.02618
0.02587
0.02556
0.02525
0.02495
0.02465
0.02435
0.02405
0.02376
0.02347
0.02317
0.02288
0.0226
0.02231
0.02203
0.02174
0.02146
0.02118
0.0209
0.02062
0.02035
0.02007
0.0198
0.01953
0.01927
0.019
0.01874
0.01849
0.01823
0.01799
0.01774
0.0175
0.01727
0.01704
0.01681
0.01659
0.01638
0.01617
0.01597
0.01577
0.01559
0.0154
0.01523
0.01506
0.0149
0.01474
0.01459
0.01445
0.01431
0.01418
0.01406
0.01394
0.01382
0.01371
0.01361
0.01351
0.01342
0.01332
0.01324
0.01316
0.01308
0.013
0.01293
0.01286
0.0128
0.01274
0.01268
0.01262
0.01257
0.01252
0.01247
0.01243
0.01239
0.01235
0.01232
0.01229
0.01226
0.01224
0.01222
0.0122
0.01219
0.01218
0.01218
0.01217
0.01217
0.01217
0.01218
0.01218
0.01219
0.01221
0.01222
0.01223
0.01225
0.01227
0.01229
0.01231
0.01233
0.01235
0.01238
0.01239
0.01242
0.01244
0.01246
0.01248
0.0125
0.01252
0.01254
0.01257
0.01259
0.01261
0.01263
0.01265
0.01267
0.01269
0.01272
0.01273
0.01276
0.01278
0.0128
0.01282
0.01284
0.01286
0.01288
0.0129
0.01291
0.01293
0.01295
0.01296
0.01297
0.01298
0.01298
0.01298
0.01298
0.01297
0.01297
0.01295
0.01293
0.01291
0.01287
0.01284
0.0128
0.01275
0.0127
0.01264
0.01258
0.01251
0.01244
0.01235
0.01227
0.01217
0.01208
0.01198
0.01188
0.01177
0.01165
0.01154
0.01142
0.0113
0.01117
0.01104
0.01092
0.01078
0.01066
0.01052
0.01039
0.01025
0.01012
0.00999
0.00985
0.00972
0.00959
0.00946
0.00933
0.0092
0.00907
0.00894
0.00882
0.0087
0.00859
0.00846
0.00835
0.00824
0.00813
0.00802
0.00792
0.00782
0.00772
0.00763
0.00753
0.00745
0.00736
0.00727
0.0072
0.00712
0.00704
0.00696
0.0069
0.00682
0.00676
0.00669
0.00662
0.00656
0.00649
0.00643
0.00636
0.0063
0.00624
0.00617
0.00611
0.00604
0.00598
0.00591
0.00585
0.00578
0.00572
0.00565
0.00559
0.00552
0.00546
0.00539
0.00533
0.00527
0.00522
0.00515
0.0051
0.00505
0.005
0.00495
0.0049
0.00485
0.00482
0.00477
0.00474
0.0047
0.00466
0.00463
0.0046
0.00457
0.00453
0.0045
0.00447
0.00443
0.00439
0.00435
0.00431
0.00426
0.00421
0.00416
0.0041
0.00404
0.00397
0.0039
0.00382
0.00374
0.00366
0.00356
0.00348
0.00338
0.00328
0.00317
0.00307
0.00296
0.00286
0.00275
0.00264
0.00254
0.00243
0.00233
0.00223
0.00214
0.00205
0.00195
0.00187
0.00179
0.00172
0.00165
0.00159
0.00153
0.00149
0.00144
0.0014
0.00136
0.00133
0.00131
0.00129
0.00127
0.00125
0.00124
0.00123
0.00122
0.00121
0.0012
0.00119
0.00118
0.00117
0.00116
0.00114
0.00113
0.00111
0.00109
0.00106
0.00104
0.00101
0.00097
0.00094
0.0009
0.00087
0.00082
0.00078
0.00073
0.00069
0.00064
0.0006
0.00055
0.0005
0.00046
0.00041
0.00037
0.00034
0.00029
0.00026
0.00023
0.0002
0.00018
0.00016
0.00014
0.00013
0.00012
0.00012
0.00012
0.00013
0.00014
0.00016
0.00018
0.00021
0.00024
0.00028
0.00032
0.00037
0.00041
0.00047
0.00052
0.00058
0.00064
0.00071
0.00078
0.00084
0.00092
0.00099
0.00107
0.00115
0.00122
0.0013
0.00138
0.00146
0.00154
0.00162
0.00169
0.00178
0.00185
0.00193
0.00201
0.00209
0.00216
0.00224
0.00232
0.00239
0.00246
0.00253
0.0026
0.00267
0.00273
0.0028
0.00286
0.00292
0.00298
0.00304
0.00309
0.00314
0.00319
0.00324
0.00328
0.00332
0.00335
0.00339
0.00342
0.00345
0.00347
0.0035
0.00351
0.00353
0.00354
0.00355
0.00356
0.00356
0.00356
0.00356
0.00355
0.00354
0.00353
0.00352
0.0035
0.00349
0.00347
0.00346
0.00343
0.00342
0.00339
0.00337
0.00335
0.00333
0.00331
0.00329
0.00327
0.00325
0.00322
0.0032
0.00318
0.00316
0.00313
0.00312
0.00309
0.00307
0.00305
0.00303
0.003
0.00297
0.00295
0.00292
0.0029
0.00287
0.00283
0.00281
0.00277
0.00274
0.0027
0.00266
0.00262
0.00258
0.00254
0.00249
0.00245
0.0024
0.00235
0.00231
0.00226
0.00221
0.00215
0.0021
0.00205
0.002
0.00194
0.00189
0.00183
0.00178
0.00172
0.00166
0.00161
0.00155
0.00149
0.00144
0.00138
0.00132
0.00126
0.0012
0.00114
0.00108
0.00101
0.00095
0.00089
0.00083
0.00076
0.00069
0.00063
0.00056
0.00049
0.00043
0.00036
0.0003
0.00023
0.00016
0.0001
3e-05
-3e-05
-9e-05
-0.00016
-0.00021
-0.00027
-0.00032
-0.00038
-0.00043
-0.00048
-0.00052
-0.00056
-0.0006
-0.00064
-0.00067
-0.0007
-0.00072
-0.00075
-0.00077
-0.00079
-0.0008
-0.00081
-0.00082
-0.00082
-0.00083
-0.00083
-0.00082
-0.00082
-0.00081
-0.0008
-0.00078
-0.00077
-0.00075
-0.00074
-0.00072
-0.0007
-0.00068
-0.00066
-0.00063
-0.00061
-0.00058
-0.00056
-0.00053
-0.0005
-0.00047
-0.00045
-0.00041
-0.00038
-0.00035
-0.00032
-0.00029
-0.00027
-0.00023
-0.0002
-0.00017
-0.00014
-0.00011
-7e-05
-4e-05
-1e-05
3e-05
5e-05
9e-05
0.00012
0.00016
0.00019
0.00023
0.00026
0.0003
0.00033
0.00037
0.0004
0.00043
0.00047
0.00051
0.00054
0.00058
0.0006
0.00064
0.00067
0.00071
0.00074
0.00077
0.0008
0.00083
0.00085
0.00088
0.0009
0.00092
0.00095
0.00097
0.00099
0.00101
0.00102
0.00104
0.00105
0.00107
0.00107
0.00109
0.00109
0.0011
0.00111
0.00111
0.00111
0.00112
0.00112
0.00113
0.00113
0.00113
0.00113
0.00113
0.00113
0.00113
0.00112
0.00112
0.00111
0.00112
0.00111
0.0011
0.00109
0.00109
0.00108
0.00107
0.00106
0.00105
0.00103
0.00102
0.001
0.00099
0.00097
0.00096
0.00094
0.00092
0.0009
0.00088
0.00086
0.00084
0.00082
0.0008
0.00078
0.00077
0.00074
0.00073
0.00071
0.0007
0.00068
0.00067
0.00065
0.00064
0.00063
0.00062
0.0006
0.00059
0.00058
0.00057
0.00056
0.00056
0.00054
0.00054
0.00052
0.00051
0.0005
0.00049
0.00047
0.00046
0.00044
0.00042
0.0004
0.00038
0.00037
0.00035
0.00033
0.00031
0.00029
0.00027
0.00025
0.00024
0.00022
0.0002
0.00018
0.00018
0.00016
0.00015
0.00014
0.00014
0.00014
0.00014
0.00014
0.00014
0.00014
0.00016
0.00016
0.00018
0.00019
0.00021
0.00022
0.00024
0.00026
0.00028
0.0003
0.00031
0.00034
0.00036
0.00038
0.0004
0.00042
0.00045
0.00046
0.00049
0.00051
0.00053
0.00055
0.00058
0.0006
0.00062
0.00064
0.00067
0.00069
0.00072
0.00075
0.00078
0.00081
0.00085
0.00088
0.00092
0.00096
0.001
0.00104
0.00108
0.00113
0.00117
0.00122
0.00126
0.00131
0.00136
0.00141
0.00146
0.0015
0.00155
0.00159
0.00164
0.00167
0.00171
0.00175
0.00178
0.00181
0.00183
0.00185
0.00187
0.00188
0.00189
0.0019
0.0019
0.00189
0.00188
0.00187
0.00185
0.00183
0.0018
0.00177
0.00174
0.0017
0.00166
0.00162
0.00157
0.00153
0.00148
0.00142
0.00137
0.00131
0.00126
0.0012
0.00115
0.00109
0.00103
0.00097
0.00092
0.00086
0.00081
0.00075
0.0007
0.00065
0.0006
0.00055
0.00051
0.00046
0.00042
0.00038
0.00035
0.00031
0.00028
0.00024
0.00022
0.00019
0.00016
0.00014
0.00012
0.0001
8e-05
7e-05
6e-05
5e-05
4e-05
4e-05
4e-05
3e-05
4e-05
4e-05
6e-05
7e-05
9e-05
0.0001
0.00013
0.00015
0.00019
0.00022
0.00026
0.0003
0.00034
0.00039
0.00044
0.0005
0.00056
0.00062
0.00069
0.00075
0.00082
0.0009
0.00097
0.00105
0.00113
0.00121
0.00129
0.00137
0.00145
0.00153
0.00161
0.00169
0.00177
0.00184
0.00192
0.00198
0.00205
0.00212
0.00218
0.00224
0.0023
0.00235
0.0024
0.00244
0.00249
0.00253
0.00257
0.0026
0.00264
0.00266
0.0027
0.00272
0.00275
0.00277
0.00279
0.00281
0.00284
0.00286
0.00288
0.0029
0.00292
0.00294
0.00296
0.00298
0.003
0.00302
0.00305
0.00307
0.00309
0.00312
0.00314
0.00316
0.00319
0.00321
0.00324
0.00326
0.00328
0.0033
0.00333
0.00334
0.00336
0.00338
0.0034
0.00341
0.00343
0.00344
0.00345
0.00347
0.00348
0.00348
0.0035
0.0035
0.00351
0.00351
0.00351
0.00351
0.00351
0.00351
0.00351
0.00351
0.0035
0.0035
0.00349
0.00348
0.00348
0.00347
0.00346
0.00344
0.00343
0.00341
0.0034
0.00338
0.00336
0.00333
0.00332
0.00329
0.00326
0.00323
0.0032
0.00317
0.00314
0.0031
0.00307
0.00302
0.00299
0.00294
0.0029
0.00285
0.00281
0.00276
0.00271
0.00266
0.00261
0.00255
0.0025
0.00245
0.00239
0.00233
0.00228
0.00221
0.00216
0.00209
0.00204
0.00197
0.00191
0.00184
0.00178
0.00171
0.00164
0.00158
0.00151
0.00144
0.00137
0.0013
0.00124
0.00116
0.00109
0.00102
0.00096
0.00088
0.00081
0.00074
0.00068
0.0006
0.00053
0.00046
0.00039
0.00033
0.00026
0.00019
0.00013
6e-05
-1e-05
-7e-05
-0.00014
-0.00021
-0.00027
-0.00034
-0.0004
-0.00047
-0.00054
-0.0006
-0.00067
-0.00074
-0.00081
-0.00088
-0.00095
-0.00103
-0.0011
-0.00118
-0.00125
-0.00133
-0.00141
-0.0015
-0.00157
-0.00166
-0.00175
-0.00184
-0.00192
-0.00201
-0.0021
-0.00219
-0.00227
-0.00237
-0.00245
-0.00254
-0.00262
-0.00271
-0.00279
-0.00288
-0.00295
-0.00303
-0.00311
-0.00318
-0.00325
-0.00331
-0.00337
-0.00343
-0.00348
-0.00353
-0.00357
-0.00362
-0.00365
-0.00369
-0.00371
-0.00374
-0.00376
-0.00378
-0.00379
-0.0038
-0.00381
-0.00381
-0.00381
-0.00381
-0.0038
-0.00379
-0.00378
-0.00377
-0.00375
-0.00373
-0.00371
-0.00369
-0.00366
-0.00363
-0.0036
-0.00357
-0.00354
-0.0035
-0.00346
-0.00342
-0.00337
-0.00333
-0.00328
-0.00323
-0.00317
-0.00312
-0.00306
-0.003
-0.00293
-0.00287
-0.0028
-0.00273
-0.00266
-0.00258
-0.0025
-0.00242
-0.00234
-0.00226
-0.00218
-0.00209
-0.002
-0.00192
-0.00183
-0.00175
-0.00166
-0.00157
-0.00148
-0.0014
-0.00131
-0.00122
-0.00113
-0.00104
-0.00095
-0.00087
-0.00078
-0.00069
-0.0006
-0.00052
-0.00043
-0.00034
-0.00024
-0.00015
-6e-05
3e-05
0.00013
0.00023
0.00033
0.00043
0.00054
0.00064
0.00075
0.00086
0.00098
0.0011
0.00122
0.00134
0.00147
0.0016
0.00173
0.00186
0.00199
0.00213
0.00227
0.00241
0.00256
0.0027
0.00285
0.00299
0.00314
0.00328
0.00343
0.00357
0.00372
0.00387
0.00401
0.00415
0.00429
0.00443
0.00457
0.00471
0.00484
0.00497
0.0051
0.00522
0.00535
0.00546
0.00558
0.00568
0.0058
0.0059
0.006
0.00609
0.00618
0.00627
0.00635
0.00643
0.0065
0.00656
0.00663
0.00668
0.00673
0.00678
0.00682
0.00685
0.00688
0.00691
0.00692
0.00694
0.00694
0.00695
0.00695
0.00694
0.00693
0.0069
0.00688
0.00685
0.00682
0.00678
0.00674
0.00669
0.00664
0.00658
0.00652
0.00645
0.00638
0.0063
0.00622
0.00614
0.00605
0.00596
0.00586
0.00576
0.00566
0.00555
0.00545
0.00533
0.00523
0.00511
0.00499
0.00487
0.00475
0.00463
0.00451
0.00439
0.00427
0.00414
0.00402
0.0039
0.00378
0.00366
0.00355
0.00343
0.00332
0.0032
0.00309
0.00298
0.00287
0.00277
0.00266
0.00256
0.00246
0.00236
0.00227
0.00217
0.00209
0.00199
0.00191
0.00182
0.00174
0.00166
0.00158
0.0015
0.00142
0.00135
0.00128
0.00121
0.00115
0.00108
0.00102
0.00096
0.00091
0.00086
0.00081
0.00076
0.00072
0.00068
0.00064
0.00061
0.00057
0.00055
0.00052
0.0005
0.00049
0.00046
0.00045
0.00044
0.00043
0.00042
0.00042
0.00041
0.00041
0.00041
0.0004
0.0004
0.0004
0.0004
0.00041
0.00041
0.00041
0.00041
0.00042
0.00042
0.00042
0.00042
0.00043
0.00043
0.00044
0.00044
0.00045
0.00046
0.00047
0.00048
0.00049
0.0005
0.00052
0.00053
0.00055
0.00057
0.00059
0.00061
0.00064
0.00066
0.00069
0.00071
0.00074
0.00077
0.0008
0.00083
0.00087
0.0009
0.00093
0.00096
0.00099
0.00102
0.00106
0.00108
0.00112
0.00114
0.00118
0.0012
0.00123
0.00126
0.00128
0.00131
0.00134
0.00137
0.0014
0.00142
0.00145
0.00147
0.00151
0.00153
0.00156
0.00159
0.00162
0.00165
0.00169
0.00172
0.00175
0.00179
0.00183
0.00186
0.0019
0.00194
0.00198
0.00202
0.00206
0.0021
0.00214
0.00218
0.00223
0.00227
0.00231
0.00235
0.00239
0.00244
0.00248
0.00253
0.00257
0.00261
0.00266
0.0027
0.00275
0.00278
0.00283
0.00287
0.00292
0.00295
0.00299
0.00303
0.00307
0.0031
0.00314
0.00317
0.0032
0.00322
0.00325
0.00327
0.00329
0.00329
0.0033
0.0033
0.0033
0.00329
0.00328
0.00326
0.00323
0.0032
0.00317
0.00312
0.00308
0.00302
0.00296
0.0029
0.00283
0.00275
0.00267
0.00258
0.00249
0.00239
0.00229
0.00219
0.00208
0.00197
0.00185
0.00174
0.00162
0.00149
0.00137
0.00125
0.00112
0.00099
0.00086
0.00073
0.0006
0.00046
0.00033
0.00019
5e-05
-8e-05
-0.00022
-0.00035
-0.00049
-0.00063
-0.00076
-0.0009
-0.00104
-0.00118
-0.00131
-0.00145
-0.00158
-0.00172
-0.00185
-0.00198
-0.00211
-0.00223
-0.00236
-0.00248
-0.0026
-0.00272
-0.00283
-0.00294
-0.00305
-0.00316
-0.00326
-0.00336
-0.00345
-0.00354
-0.00363
-0.00371
-0.00379
-0.00386
-0.00394
-0.004
-0.00406
-0.00413
-0.00418
-0.00423
-0.00428
-0.00432
-0.00436
-0.0044
-0.00443
-0.00446
-0.00448
-0.00451
-0.00453
-0.00454
-0.00455
-0.00456
-0.00456
-0.00456
-0.00455
-0.00455
-0.00453
-0.00452
-0.0045
-0.00448
-0.00445
-0.00442
-0.00439
-0.00435
-0.00432
-0.00427
-0.00422
-0.00417
-0.00411
-0.00406
-0.00399
-0.00393
-0.00386
-0.00379
-0.00371
-0.00363
-0.00354
-0.00345
-0.00337
-0.00327
-0.00317
-0.00307
-0.00296
-0.00285
-0.00274
-0.00263
-0.0025
-0.00239
-0.00226
-0.00213
-0.002
-0.00187
-0.00173
-0.0016
-0.00146
-0.00133
-0.00119
-0.00104
-0.0009
-0.00076
-0.00061
-0.00048
-0.00033
-0.00019
-5e-05
9e-05
0.00023
0.00036
0.0005
0.00063
0.00076
0.00089
0.00101
0.00114
0.00126
0.00138
0.0015
0.00161
0.00172
0.00183
0.00194
0.00204
0.00214
0.00224
0.00234
0.00243
0.00251
0.0026
0.00268
0.00276
0.00284
0.00292
0.00299
0.00305
0.00312
0.00318
0.00324
0.00329
0.00335
0.00339
0.00344
0.00348
0.00352
0.00355
0.00358
0.0036
0.00363
0.00365
0.00367
0.00368
0.00369
0.0037
0.00371
0.0037
0.00371
0.0037
0.0037
0.00369
0.00368
0.00366
0.00365
0.00364
0.00362
0.0036
0.00358
0.00356
0.00354
0.00352
0.0035
0.00347
0.00345
0.00342
0.0034
0.00337
0.00335
0.00332
0.0033
0.00328
0.00325
0.00323
0.00322
0.00319
0.00317
0.00315
0.00314
0.00312
0.00311
0.00309
0.00308
0.00307
0.00306
0.00305
0.00304
0.00303
0.00303
0.00302
0.00302
0.00302
0.00302
0.00301
0.00302
0.00302
0.00302
0.00302
0.00303
0.00303
0.00304
0.00304
0.00305
0.00306
0.00308
0.00309
0.0031
0.00311
0.00313
0.00315
0.00317
0.00319
0.00322
0.00324
0.00328
0.0033
0.00334
0.00337
0.00341
0.00345
0.00349
0.00354
0.00358
0.00363
0.00368
0.00373
0.00378
0.00383
0.00388
0.00393
0.00398
0.00403
0.00408
0.00413
0.00417
0.00422
0.00426
0.0043
0.00433
0.00436
0.00439
0.00441
0.00443
0.00444
0.00445
0.00445
0.00446
0.00445
0.00444
0.00441
0.00439
0.00436
0.00433
0.00428
0.00424
0.00418
0.00413
0.00406
0.004
0.00392
0.00385
0.00376
0.00368
0.00358
0.00349
0.00339
0.00329
0.00318
0.00308
0.00297
0.00286
0.00274
0.00263
0.00251
0.00239
0.00227
0.00215
0.00203
0.00191
0.00179
0.00167
0.00155
0.00144
0.00132
0.00121
0.0011
0.00099
0.00088
0.00078
0.00067
0.00057
0.00047
0.00038
0.00028
0.0002
0.00011
2e-05
-6e-05
-0.00014
-0.00022
-0.0003
-0.00037
-0.00044
-0.00052
-0.00059
-0.00066
-0.00073
-0.0008
-0.00087
-0.00094
-0.001
-0.00107
-0.00114
-0.00121
-0.00128
-0.00134
-0.00141
-0.00148
-0.00154
-0.00161
-0.00168
-0.00174
-0.0018
-0.00187
-0.00193
-0.00199
-0.00204
-0.0021
-0.00215
-0.00221
-0.00225
-0.0023
-0.00234
-0.00237
-0.0024
-0.00244
-0.00246
-0.00249
-0.00251
-0.00253
-0.00254
-0.00255
-0.00255
-0.00255
-0.00255
-0.00255
-0.00254
-0.00253
-0.00251
-0.00249
-0.00247
-0.00245
-0.00242
-0.0024
-0.00236
-0.00233
-0.00229
-0.00225
-0.00221
-0.00216
-0.00211
-0.00206
-0.00201
-0.00195
-0.00189
-0.00183
-0.00176
-0.00169
-0.00162
-0.00155
-0.00147
-0.00139
-0.0013
-0.00122
-0.00113
-0.00104
-0.00095
-0.00086
-0.00077
-0.00067
-0.00058
-0.00048
-0.00039
-0.0003
-0.0002
-0.00011
-1e-05
7e-05
0.00016
0.00024
0.00032
0.00039
0.00047
0.00054
0.0006
0.00066
0.00072
0.00077
0.00082
0.00086
0.0009
0.00093
0.00096
0.00099
0.00101
0.00102
0.00104
0.00104
0.00105
0.00105
0.00104
0.00104
0.00103
0.00102
0.00101
0.00099
0.00097
0.00095
0.00093
0.00091
0.00088
0.00085
0.00083
0.0008
0.00078
0.00074
0.00071
0.00069
0.00066
0.00063
0.0006
0.00057
0.00054
0.00051
0.00048
0.00045
0.00043
0.0004
0.00038
0.00035
0.00033
0.0003
0.00028
0.00026
0.00025
0.00023
0.00022
0.0002
0.00019
0.00017
0.00017
0.00016
0.00016
0.00015
0.00015
0.00015
0.00015
0.00016
0.00016
0.00017
0.00018
0.0002
0.00021
0.00023
0.00025
0.00027
0.0003
0.00032
0.00035
0.00037
0.00041
0.00044
0.00047
0.00051
0.00054
0.00058
0.00062
0.00066
0.00071
0.00074
0.00079
0.00083
0.00087
0.00091
0.00095
0.00099
0.00103
0.00106
0.0011
0.00113
0.00116
0.00118
0.00121
0.00123
0.00125
0.00126
0.00128
0.00129
0.0013
0.00129
0.00129
0.00128
0.00128
0.00127
0.00125
0.00123
0.00121
0.00118
0.00116
0.00113
0.0011
0.00106
0.00104
0.001
0.00097
0.00093
0.00089
0.00086
0.00082
0.00079
0.00075
0.00072
0.00069
0.00065
0.00063
0.0006
0.00057
0.00054
0.00052
0.00049
0.00047
0.00045
0.00043
0.0004
0.00039
0.00036
0.00034
0.00032
0.0003
0.00027
0.00025
0.00023
0.00021
0.00017
0.00015
0.00012
0.0001
6e-05
3e-05
-1e-05
-3e-05
-7e-05
-0.00011
-0.00015
-0.00018
-0.00022
-0.00025
-0.00029
-0.00033
-0.00037
-0.0004
-0.00044
-0.00048
-0.00052
-0.00055
-0.00059
-0.00062
-0.00065
-0.00068
-0.00072
-0.00075
-0.00077
-0.0008
-0.00083
-0.00086
-0.00089
-0.00091
-0.00094
-0.00097
-0.001
-0.00102
-0.00105
-0.00107
-0.0011
-0.00113
-0.00116
-0.00119
-0.00121
-0.00124
-0.00127
-0.00129
-0.00133
-0.00135
-0.00138
-0.0014
-0.00143
-0.00146
-0.00149
-0.00151
-0.00153
-0.00156
-0.00158
-0.0016
-0.00162
-0.00164
-0.00165
-0.00167
-0.00169
-0.00169
-0.00171
-0.00171
-0.00172
-0.00173
-0.00173
-0.00173
-0.00173
-0.00172
-0.00172
-0.00171
-0.0017
-0.00168
-0.00167
-0.00165
-0.00163
-0.0016
-0.00158
-0.00154
-0.00151
-0.00148
-0.00144
-0.0014
-0.00136
-0.00131
-0.00127
-0.00122
-0.00117
-0.00111
-0.00106
-0.001
-0.00095
-0.00089
-0.00084
-0.00077
-0.00072
-0.00066
-0.0006
-0.00054
-0.00049
-0.00043
-0.00038
-0.00032
-0.00027
-0.00022
-0.00017
-0.00011
-7e-05
-2e-05
2e-05
7e-05
0.00011
0.00016
0.0002
0.00025
0.00028
0.00032
0.00036
0.0004
0.00044
0.00048
0.00052
0.00056
0.0006
0.00064
0.00067
0.00072
0.00075
0.00079
0.00082
0.00086
0.00089
0.00093
0.00096
0.00099
0.00102
0.00105
0.00107
0.0011
0.00112
0.00114
0.00115
0.00117
0.00118
0.00119
0.00119
0.0012
0.0012
0.00119
0.00119
0.00118
0.00117
0.00115
0.00113
0.00111
0.00108
0.00106
0.00103
0.001
0.00096
0.00092
0.00088
0.00084
0.00079
0.00074
0.00069
0.00064
0.00058
0.00053
0.00047
0.00041
0.00034
0.00028
0.00021
0.00015
7e-05
1e-05
-7e-05
-0.00013
-0.00021
-0.00028
-0.00035
-0.00043
-0.0005
-0.00057
-0.00064
-0.0007
-0.00078
-0.00084
-0.00091
-0.00097
-0.00103
-0.00109
-0.00115
-0.0012
-0.00125
-0.0013
-0.00135
-0.00139
-0.00143
-0.00147
-0.00151
-0.00154
-0.00157
-0.0016
-0.00163
-0.00165
-0.00167
-0.00168
-0.0017
-0.00171
-0.00172
-0.00172
-0.00173
-0.00173
-0.00172
-0.00172
-0.00171
-0.00169
-0.00168
-0.00166
-0.00163
-0.0016
-0.00157
-0.00153
-0.0015
-0.00145
-0.0014
-0.00134
-0.00128
-0.00122
-0.00115
-0.00107
-0.00099
-0.0009
-0.00082
-0.00072
-0.00063
-0.00052
-0.00041
-0.0003
-0.00019
-7e-05
5e-05
0.00017
0.00029
0.00041
0.00053
0.00066
0.00078
0.00091
0.00102
0.00114
0.00126
0.00137
0.00148
0.00159
0.00168
0.00179
0.00188
0.00196
0.00204
0.00212
0.00219
0.00226
0.00231
0.00237
0.00241
0.00246
0.00249
0.00252
0.00254
0.00256
0.00257
0.00258
0.00258
0.00258
0.00257
0.00256
0.00254
0.00252
0.0025
0.00247
0.00243
0.0024
0.00236
0.00232
0.00227
0.00223
0.00217
0.00212
0.00206
0.002
0.00194
0.00188
0.00181
0.00175
0.00168
0.00161
0.00153
0.00146
0.00138
0.00131
0.00123
0.00116
0.00108
0.00101
0.00093
0.00086
0.00078
0.00071
0.00064
0.00057
0.0005
0.00044
0.00037
0.00031
0.00025
0.00019
0.00013
8e-05
3e-05
-1e-05
-6e-05
-0.0001
-0.00014
-0.00018
-0.00022
-0.00025
-0.00028
-0.00031
-0.00034
-0.00036
-0.00039
-0.00041
-0.00043
-0.00045
-0.00047
-0.00049
-0.0005
-0.00052
-0.00054
-0.00055
-0.00056
-0.00057
-0.00058
-0.00059
-0.0006
-0.00061
-0.00062
-0.00062
-0.00063
-0.00063
-0.00063
-0.00063
-0.00063
-0.00063
-0.00063
-0.00063
-0.00062
-0.00061
-0.00061
-0.0006
-0.00059
-0.00058
-0.00058
-0.00056
-0.00056
-0.00054
-0.00054
-0.00052
-0.00051
-0.0005
-0.0005
-0.00049
-0.00047
-0.00046
-0.00045
-0.00043
-0.00043
-0.00041
-0.0004
-0.00038
-0.00036
-0.00034
-0.00032
-0.0003
-0.00028
-0.00025
-0.00023
-0.0002
-0.00017
-0.00013
-9e-05
-5e-05
-2e-05
3e-05
7e-05
0.00012
0.00016
0.00022
0.00026
0.00032
0.00037
0.00042
0.00047
0.00053
0.00058
0.00063
0.00069
0.00074
0.00078
0.00083
0.00087
0.00092
0.00096
0.001
0.00103
0.00107
0.00109
0.00112
0.00114
0.00116
0.00118
0.00119
0.00121
0.00122
0.00122
0.00122
0.00122
0.00122
0.00121
0.0012
0.00118
0.00118
0.00116
0.00114
0.00111
0.00109
0.00106
0.00104
0.001
0.00098
0.00094
0.00091
0.00087
0.00084
0.00079
0.00076
0.00072
0.00068
0.00064
0.0006
0.00056
0.00052
0.00048
0.00045
0.00041
0.00038
0.00034
0.00031
0.00028
0.00025
0.00022
0.0002
0.00017
0.00016
0.00014
0.00012
0.00011
0.0001
9e-05
8e-05
8e-05
8e-05
8e-05
9e-05
0.0001
0.00012
0.00012
0.00015
0.00016
0.00019
0.00021
0.00025
0.00028
0.00031
0.00035
0.00039
0.00044
0.00049
0.00054
0.0006
0.00065
0.00071
0.00077
0.00084
0.0009
0.00098
0.00105
0.00112
0.00119
0.00127
0.00134
0.00142
0.00149
0.00157
0.00164
0.00172
0.0018
0.00187
0.00194
0.00201
0.00208
0.00215
0.00221
0.00228
0.00234
0.00239
0.00245
0.00251
0.00256
0.00262
0.00266
0.00271
0.00276
0.00281
0.00285
0.00289
0.00293
0.00298
0.00302
0.00306
0.00309
0.00313
0.00317
0.00321
0.00324
0.00328
0.00331
0.00334
0.00337
0.0034
0.00343
0.00345
0.00347
0.00349
0.00351
0.00352
0.00352
0.00353
0.00353
0.00352
0.00352
0.00351
0.00348
0.00347
0.00344
0.00341
0.00337
0.00334
0.00329
0.00325
0.0032
0.00315
0.00309
0.00304
0.00298
0.00292
0.00286
0.00281
0.00274
0.00269
0.00263
0.00257
0.00251
0.00245
0.00239
0.00234
0.00229
0.00223
0.00218
0.00213
0.00208
0.00203
0.00198
0.00193
0.00188
0.00183
0.00178
0.00173
0.00167
0.00162
0.00156
0.00151
0.00145
0.00139
0.00133
0.00126
0.0012
0.00113
0.00106
0.001
0.00092
0.00086
0.00078
0.00071
0.00064
0.00057
0.0005
0.00043
0.00036
0.0003
0.00023
0.00017
0.00012
6e-05
1e-05
-4e-05
-9e-05
-0.00013
-0.00017
-0.0002
-0.00023
-0.00026
-0.00029
-0.00031
-0.00033
-0.00035
-0.00036
-0.00037
-0.00038
-0.00039
-0.00039
-0.00039
-0.0004
-0.00039
-0.00039
-0.00038
-0.00038
-0.00037
-0.00036
-0.00034
-0.00032
-0.0003
-0.00028
-0.00026
-0.00023
-0.00019
-0.00015
-0.0001
-6e-05
-0.0
5e-05
0.00012
0.00019
0.00027
0.00035
0.00045
0.00055
0.00066
0.00078
0.0009
0.00103
0.00117
0.00132
0.00148
0.00164
0.00181
0.00198
0.00217
0.00236
0.00256
0.00276
0.00297
0.00319
0.0034
0.00363
0.00386
0.00409
0.00432
0.00456
0.00481
0.00505
0.0053
0.00555
0.0058
0.00605
0.0063
0.00655
0.00681
0.00706
0.00732
0.00757
0.00783
0.00808
0.00834
0.0086
0.00885
0.00911
0.00936
0.00961
0.00987
0.01012
0.01038
0.01063
0.01089
0.01114
0.01139
0.01164
0.01189
0.01214
0.01239
0.01264
0.01288
0.01313
0.01337
0.01361
0.01386
0.01409
0.01433
0.01456
0.0148
0.01502
0.01525
0.01547
0.01569
0.0159
0.01611
0.01631
0.01652
0.01671
0.0169
0.01708
0.01726
0.01743
0.0176
0.01776
0.01791
0.01806
0.0182
0.01834
0.01846
0.01859
0.0187
0.01881
0.01892
0.01901
0.01911
0.01919
0.01927
0.01935
0.01942
0.01948
0.01954
0.01959
0.01964
0.01968
0.01972
0.01975
0.01978
0.0198
0.01982
0.01983
0.01984
0.01984
0.01985
0.01984
0.01983
0.01981
0.0198
0.01977
0.01975
0.01971
0.01968
0.01964
0.01959
0.01954
0.01949
0.01943
0.01937
0.0193
0.01924
0.01916
0.01909
0.01901
0.01894
0.01885
0.01877
0.01868
0.01859
0.0185
0.01842
0.01832
0.01824
0.01814
0.01805
0.01796
0.01787
0.01777
0.01769
0.01759
0.01751
0.01742
0.01733
0.01724
0.01716
0.01708
0.017
0.01692
0.01684
0.01676
0.01669
0.01661
0.01654
0.01647
0.0164
0.01634
0.01628
0.01622
0.01616
0.0161
0.01605
0.016
0.01595
0.01591
0.01587
0.01583
0.0158
0.01576
0.01574
0.01571
0.01569
0.01567
0.01566
0.01564
0.01563
0.01562
0.01562
0.01561
0.01562
0.01562
0.01563
0.01563
0.01564
0.01565
0.01566
0.01567
0.01568
0.01569
0.01571
0.01573
0.01574
0.01576
0.01577
0.01579
0.01581
0.01582
0.01584
0.01586
0.01587
0.01589
0.01591
0.01592
0.01594
0.01595
0.01597
0.01598
0.01599
0.016
0.01601
0.01602
0.01603
0.01604
0.01604
0.01604
0.01604
0.01604
0.01604
0.01602
0.01602
0.016
0.01599
0.01596
0.01594
0.01591
0.01588
0.01584
0.0158
0.01576
0.01571
0.01566
0.0156
0.01554
0.01548
0.01541
0.01534
0.01526
0.01518
0.01509
0.01501
0.01491
0.01482
0.01472
0.01462
0.01452
0.01441
0.01429
0.01418
0.01407
0.01395
0.01382
0.0137
0.01357
0.01344
0.01331
0.01317
0.01303
0.01289
0.01275
0.01261
0.01246
0.01232
0.01216
0.01201
0.01186
0.01171
0.01155
0.0114
0.01124
0.01109
0.01094
0.01078
0.01063
0.01048
0.01033
0.01018
0.01004
0.00989
0.00974
0.00961
0.00947
0.00934
