1.01220321433568E+03

-0.00185
-0.00189
-0.00192
-0.00195
-0.00197
-0.002
-0.00203
-0.00205
-0.00207
-0.00209
-0.0021
-0.00211
-0.00212
-0.00213
-0.00213
-0.00214
-0.00214
-0.00214
-0.00213
-0.00213
-0.00212
-0.00211
-0.0021
-0.00209
-0.00207
-0.00205
-0.00204
-0.00202
-0.00199
-0.00198
-0.00195
-0.00193
-0.0019
-0.00188
-0.00185
-0.00182
-0.00179
-0.00176
-0.00173
-0.0017
-0.00167
-0.00163
-0.0016
-0.00156
-0.00152
-0.00149
-0.00145
-0.00142
-0.00138
-0.00134
-0.0013
-0.00127
-0.00122
-0.00119
-0.00115
-0.00112
-0.00108
-0.00105
-0.00101
-0.00098
-0.00094
-0.00092
-0.00088
-0.00086
-0.00083
-0.00081
-0.00078
-0.00076
-0.00073
-0.00071
-0.00069
-0.00068
-0.00066
-0.00065
-0.00063
-0.00062
-0.0006
-0.00059
-0.00057
-0.00056
-0.00054
-0.00054
-0.00052
-0.00051
-0.00049
-0.00047
-0.00045
-0.00044
-0.00042
-0.00039
-0.00037
-0.00035
-0.00032
-0.0003
-0.00027
-0.00025
-0.00021
-0.00019
-0.00016
-0.00014
-0.0001
-8e-05
-5e-05
-3e-05
-0.0
2e-05
4e-05
6e-05
8e-05
9e-05
0.00011
0.00012
0.00013
0.00014
0.00014
0.00014
0.00014
0.00013
0.00013
0.00012
0.0001
9e-05
7e-05
5e-05
3e-05
0.0
-2e-05
-5e-05
-7e-05
-0.00011
-0.00014
-0.00017
-0.0002
-0.00024
-0.00028
-0.00031
-0.00035
-0.00039
-0.00043
-0.00046
-0.0005
-0.00055
-0.00059
-0.00063
-0.00067
-0.00071
-0.00075
-0.0008
-0.00083
-0.00088
-0.00092
-0.00096
-0.00101
-0.00105
-0.00109
-0.00113
-0.00117
-0.00122
-0.00125
-0.00129
-0.00133
-0.00137
-0.00141
-0.00145
-0.00148
-0.00152
-0.00155
-0.00158
-0.00161
-0.00164
-0.00167
-0.00169
-0.00171
-0.00173
-0.00175
-0.00177
-0.00177
-0.00179
-0.00179
-0.0018
-0.0018
-0.0018
-0.0018
-0.00179
-0.00179
-0.00178
-0.00176
-0.00175
-0.00173
-0.00171
-0.00169
-0.00167
-0.00164
-0.00161
-0.00158
-0.00156
-0.00152
-0.00149
-0.00146
-0.00143
-0.0014
-0.00137
-0.00133
-0.0013
-0.00126
-0.00123
-0.0012
-0.00116
-0.00113
-0.0011
-0.00106
-0.00104
-0.001
-0.00097
-0.00094
-0.00091
-0.00088
-0.00085
-0.00082
-0.00079
-0.00075
-0.00073
-0.00069
-0.00067
-0.00063
-0.0006
-0.00057
-0.00054
-0.00051
-0.00048
-0.00045
-0.00042
-0.00039
-0.00036
-0.00033
-0.0003
-0.00027
-0.00025
-0.00022
-0.0002
-0.00018
-0.00016
-0.00014
-0.00013
-0.0001
-0.0001
-9e-05
-8e-05
-8e-05
-7e-05
-7e-05
-7e-05
-7e-05
-8e-05
-9e-05
-0.0001
-0.00011
-0.00013
-0.00014
-0.00016
-0.00017
-0.00019
-0.00022
-0.00024
-0.00026
-0.00028
-0.0003
-0.00033
-0.00035
-0.00038
-0.0004
-0.00042
-0.00044
-0.00047
-0.00049
-0.00052
-0.00054
-0.00056
-0.00058
-0.00061
-0.00063
-0.00065
-0.00067
-0.00069
-0.00071
-0.00074
-0.00076
-0.00078
-0.0008
-0.00082
-0.00084
-0.00087
-0.00089
-0.00091
-0.00093
-0.00096
-0.00098
-0.001
-0.00102
-0.00104
-0.00106
-0.00108
-0.00109
-0.00112
-0.00113
-0.00115
-0.00116
-0.00118
-0.00119
-0.0012
-0.00121
-0.00123
-0.00124
-0.00124
-0.00124
-0.00125
-0.00125
-0.00125
-0.00125
-0.00124
-0.00123
-0.00123
-0.00121
-0.0012
-0.00118
-0.00116
-0.00114
-0.00112
-0.00109
-0.00106
-0.00103
-0.00099
-0.00095
-0.00091
-0.00086
-0.00082
-0.00076
-0.00071
-0.00065
-0.00059
-0.00053
-0.00046
-0.00039
-0.00032
-0.00025
-0.00017
-9e-05
-0.0
9e-05
0.00017
0.00027
0.00036
0.00046
0.00055
0.00065
0.00075
0.00086
0.00096
0.00107
0.00118
0.00129
0.0014
0.00151
0.00163
0.00175
0.00186
0.00197
0.00209
0.00221
0.00232
0.00244
0.00255
0.00267
0.00278
0.00289
0.003
0.00311
0.00322
0.00332
0.00343
0.00353
0.00362
0.00372
0.0038
0.00389
0.00397
0.00405
0.00413
0.0042
0.00427
0.00433
0.00438
0.00444
0.00449
0.00453
0.00457
0.00461
0.00464
0.00466
0.00468
0.0047
0.00471
0.00472
0.00472
0.00472
0.00471
0.0047
0.00468
0.00466
0.00464
0.00461
0.00458
0.00454
0.00449
0.00444
0.00439
0.00434
0.00427
0.00421
0.00414
0.00407
0.00399
0.00391
0.00383
0.00374
0.00366
0.00357
0.00347
0.00338
0.00328
0.00319
0.00309
0.00299
0.00289
0.0028
0.00269
0.0026
0.0025
0.0024
0.0023
0.00221
0.00211
0.00202
0.00193
0.00185
0.00175
0.00167
0.00158
0.00151
0.00142
0.00134
0.00126
0.00119
0.00111
0.00103
0.00096
0.00088
0.00081
0.00074
0.00067
0.00061
0.00053
0.00047
0.0004
0.00034
0.00027
0.00021
0.00014
9e-05
3e-05
-3e-05
-9e-05
-0.00014
-0.00019
-0.00024
-0.00029
-0.00033
-0.00038
-0.00041
-0.00045
-0.00048
-0.00052
-0.00054
-0.00057
-0.00059
-0.00061
-0.00063
-0.00065
-0.00067
-0.00068
-0.00068
-0.00069
-0.00069
-0.00071
-0.00071
-0.00071
-0.00071
-0.00072
-0.00071
-0.00072
-0.00072
-0.00072
-0.00072
-0.00072
-0.00073
-0.00073
-0.00073
-0.00074
-0.00074
-0.00076
-0.00076
-0.00077
-0.00078
-0.0008
-0.00081
-0.00082
-0.00083
-0.00085
-0.00087
-0.00089
-0.00091
-0.00092
-0.00094
-0.00096
-0.00098
-0.00101
-0.00102
-0.00104
-0.00106
-0.00108
-0.0011
-0.00112
-0.00113
-0.00115
-0.00117
-0.00118
-0.0012
-0.0012
-0.00121
-0.00122
-0.00122
-0.00122
-0.00122
-0.00121
-0.0012
-0.0012
-0.00118
-0.00117
-0.00115
-0.00113
-0.0011
-0.00108
-0.00105
-0.00101
-0.00098
-0.00094
-0.00089
-0.00085
-0.00081
-0.00076
-0.0007
-0.00065
-0.0006
-0.00054
-0.00048
-0.00042
-0.00035
-0.00029
-0.00022
-0.00015
-8e-05
-1e-05
7e-05
0.00014
0.00022
0.0003
0.00038
0.00046
0.00054
0.00062
0.00072
0.0008
0.00089
0.00097
0.00106
0.00115
0.00125
0.00134
0.00143
0.00152
0.00161
0.0017
0.00179
0.00187
0.00197
0.00205
0.00214
0.00222
0.0023
0.00237
0.00245
0.00252
0.00259
0.00266
0.00273
0.00278
0.00285
0.0029
0.00295
0.00299
0.00304
0.00307
0.00311
0.00314
0.00316
0.00318
0.00319
0.00321
0.00321
0.00322
0.00322
0.00321
0.0032
0.00318
0.00316
0.00313
0.00311
0.00307
0.00304
0.003
0.00296
0.00291
0.00286
0.00281
0.00276
0.0027
0.00264
0.00257
0.00251
0.00244
0.00238
0.00231
0.00224
0.00216
0.0021
0.00202
0.00194
0.00186
0.00179
0.00171
0.00163
0.00155
0.00147
0.00138
0.00131
0.00122
0.00114
0.00105
0.00096
0.00087
0.00079
0.0007
0.00061
0.00052
0.00043
0.00034
0.00025
0.00016
8e-05
-1e-05
-0.0001
-0.00018
-0.00026
-0.00034
-0.00042
-0.00049
-0.00056
-0.00062
-0.00068
-0.00074
-0.00079
-0.00084
-0.00088
-0.00091
-0.00094
-0.00097
-0.00098
-0.001
-0.001
-0.00101
-0.001
-0.001
-0.00098
-0.00097
-0.00095
-0.00092
-0.0009
-0.00087
-0.00083
-0.0008
-0.00076
-0.00073
-0.00068
-0.00065
-0.00061
-0.00057
-0.00053
-0.0005
-0.00046
-0.00042
-0.00039
-0.00036
-0.00033
-0.0003
-0.00027
-0.00024
-0.00022
-0.0002
-0.00017
-0.00016
-0.00013
-0.00012
-0.0001
-9e-05
-8e-05
-7e-05
-6e-05
-6e-05
-5e-05
-5e-05
-4e-05
-5e-05
-5e-05
-6e-05
-6e-05
-7e-05
-8e-05
-0.0001
-0.00011
-0.00013
-0.00015
-0.00017
-0.00019
-0.00022
-0.00025
-0.00028
-0.0003
-0.00033
-0.00036
-0.0004
-0.00043
-0.00046
-0.00049
-0.00052
-0.00055
-0.00058
-0.0006
-0.00063
-0.00065
-0.00067
-0.00069
-0.0007
-0.00071
-0.00072
-0.00073
-0.00074
-0.00073
-0.00074
-0.00073
-0.00072
-0.00071
-0.0007
-0.00068
-0.00067
-0.00065
-0.00063
-0.00061
-0.00058
-0.00054
-0.00051
-0.00048
-0.00044
-0.0004
-0.00036
-0.00031
-0.00026
-0.0002
-0.00015
-8e-05
-1e-05
6e-05
0.00013
0.00021
0.0003
0.00039
0.00048
0.00059
0.00069
0.0008
0.00091
0.00104
0.00116
0.0013
0.00143
0.00158
0.00172
0.00187
0.00202
0.00217
0.00233
0.0025
0.00267
0.00284
0.00301
0.00319
0.00336
0.00355
0.00373
0.00391
0.0041
0.00429
0.00448
0.00468
0.00488
0.00508
0.00528
0.00549
0.0057
0.00592
0.00613
0.00635
0.00658
0.00681
0.00704
0.00728
0.00751
0.00776
0.00801
0.00826
0.00852
0.00877
0.00903
0.0093
0.00957
0.00984
0.0101
0.01037
0.01064
0.01092
0.01119
0.01146
0.01172
0.01199
0.01226
0.01252
0.01278
0.01304
0.01329
0.01354
0.01379
0.01403
0.01427
0.01451
0.01473
0.01496
0.01518
0.0154
0.01561
0.01582
0.01603
0.01623
0.01643
0.01662
0.01681
0.017
0.01718
0.01737
0.01755
0.01772
0.0179
0.01807
0.01824
0.01841
0.01857
0.01874
0.0189
0.01906
0.01922
0.01938
0.01953
0.01969
0.01984
0.01999
0.02013
0.02028
0.02042
0.02056
0.02069
0.02083
0.02096
0.02109
0.02121
0.02134
0.02146
0.02157
0.02169
0.0218
0.0219
0.02201
0.0221
0.0222
0.02229
0.02239
0.02247
0.02255
0.02263
0.02271
0.02278
0.02285
0.02291
0.02297
0.02303
0.02309
0.02314
0.02319
0.02323
0.02327
0.02331
0.02335
0.02338
0.02341
0.02343
0.02346
0.02347
0.02349
0.0235
0.02351
0.02352
0.02352
0.02352
0.02352
0.02351
0.02351
0.02349
0.02348
0.02346
0.02343
0.02341
0.02338
0.02334
0.02331
0.02327
0.02322
0.02318
0.02313
0.02307
0.02302
0.02295
0.02289
0.02282
0.02276
0.02268
0.02261
0.02252
0.02244
0.02236
0.02227
0.02218
0.02208
0.02199
0.02189
0.02178
0.02168
0.02157
0.02146
0.02135
0.02123
0.02111
0.02099
0.02087
0.02075
0.02062
0.02049
0.02035
0.02022
0.02008
0.01994
0.0198
0.01966
0.0195
0.01936
0.01921
0.01906
0.0189
0.01875
0.01859
0.01844
0.01828
0.01812
0.01796
0.0178
0.01764
0.01749
0.01733
0.01717
0.01702
0.01686
0.01671
0.01656
0.01641
0.01627
0.01612
0.01598
0.01584
0.01571
0.01558
0.01545
0.01532
0.0152
0.01508
0.01497
0.01485
0.01474
0.01463
0.01453
0.01442
0.01432
0.01423
0.01413
0.01404
0.01395
0.01386
0.01377
0.01368
0.01359
0.01351
0.01343
0.01334
0.01326
0.01318
0.01309
0.01301
0.01293
0.01285
0.01277
0.01269
0.01261
0.01253
0.01245
0.01237
0.01229
0.01221
0.01214
0.01206
0.01199
0.01191
0.01184
0.01177
0.0117
0.01163
0.01156
0.01149
0.01142
0.01136
0.01129
0.01122
0.01115
0.01109
0.01102
0.01095
0.01088
0.01081
0.01073
0.01065
0.01058
0.01049
0.01041
0.01031
0.01022
0.01012
0.01002
0.00991
0.0098
0.00968
0.00956
0.00943
0.0093
0.00916
0.00902
0.00887
0.00872
0.00856
0.0084
0.00824
0.00807
0.0079
0.00772
0.00755
0.00737
0.00719
0.007
0.00682
0.00663
0.00644
0.00625
0.00606
0.00587
0.00567
0.00548
0.00528
0.00509
0.00489
0.00469
0.00449
0.00429
0.00409
0.00389
0.00369
0.00349
0.00328
0.00308
0.00287
0.00266
0.00245
0.00225
0.00204
0.00183
0.00162
0.00141
0.00121
0.00101
0.00081
0.00061
0.00041
0.00022
3e-05
-0.00015
-0.00033
-0.0005
-0.00067
-0.00082
-0.00098
-0.00112
-0.00126
-0.00139
-0.00151
-0.00162
-0.00172
-0.00181
-0.00189
-0.00196
-0.00203
-0.00208
-0.00212
-0.00215
-0.00218
-0.00219
-0.0022
-0.00219
-0.00218
-0.00216
-0.00213
-0.00209
-0.00205
-0.002
-0.00195
-0.00188
-0.00182
-0.00174
-0.00167
-0.00159
-0.00151
-0.00141
-0.00133
-0.00123
-0.00114
-0.00105
-0.00095
-0.00085
-0.00075
-0.00065
-0.00055
-0.00045
-0.00035
-0.00025
-0.00015
-5e-05
5e-05
0.00015
0.00025
0.00035
0.00045
0.00055
0.00065
0.00075
0.00085
0.00096
0.00105
0.00116
0.00126
0.00136
0.00146
0.00157
0.00166
0.00177
0.00187
0.00197
0.00207
0.00216
0.00226
0.00236
0.00245
0.00255
0.00263
0.00272
0.0028
0.00288
0.00295
0.00303
0.0031
0.00316
0.00322
0.00328
0.00333
0.00338
0.00343
0.00347
0.00351
0.00355
0.00357
0.0036
0.00363
0.00365
0.00367
0.00369
0.00371
0.00373
0.00374
0.00376
0.00377
0.00378
0.0038
0.00382
0.00383
0.00385
0.00387
0.00389
0.00391
0.00393
0.00395
0.00397
0.00399
0.00402
0.00405
0.00407
0.00409
0.00412
0.00415
0.00417
0.0042
0.00423
0.00425
0.00427
0.0043
0.00432
0.00434
0.00436
0.00438
0.00441
0.00443
0.00445
0.00447
0.00449
0.00451
0.00453
0.00455
0.00458
0.0046
0.00463
0.00466
0.00469
0.00471
0.00475
0.00478
0.00482
0.00486
0.0049
0.00494
0.00498
0.00502
0.00506
0.00511
0.00516
0.00519
0.00524
0.00528
0.00533
0.00536
0.0054
0.00544
0.00547
0.0055
0.00553
0.00555
0.00558
0.00559
0.00561
0.00562
0.00563
0.00563
0.00564
0.00563
0.00563
0.00562
0.00561
0.00559
0.00558
0.00556
0.00554
0.00552
0.00549
0.00547
0.00544
0.00541
0.00538
0.00535
0.00532
0.00528
0.00525
0.00521
0.00518
0.00514
0.0051
0.00506
0.00502
0.00498
0.00493
0.00489
0.00484
0.0048
0.00475
0.00469
0.00464
0.00458
0.00453
0.00446
0.00441
0.00434
0.00428
0.00421
0.00414
0.00408
0.00401
0.00394
0.00387
0.0038
0.00373
0.00365
0.00359
0.00351
0.00345
0.00338
0.00331
0.00324
0.00318
0.00311
0.00305
0.00298
0.00292
0.00286
0.00281
0.00275
0.0027
0.00264
0.00259
0.00254
0.0025
0.00245
0.00241
0.00236
0.00233
0.00228
0.00225
0.00221
0.00217
0.00214
0.00211
0.00208
0.00206
0.00203
0.00201
0.00198
0.00196
0.00194
0.00192
0.0019
0.00189
0.00187
0.00186
0.00184
0.00183
0.00182
0.00181
0.0018
0.00179
0.00177
0.00176
0.00175
0.00174
0.00172
0.00171
0.00169
0.00168
0.00166
0.00164
0.00161
0.00159
0.00157
0.00154
0.00152
0.00149
0.00146
0.00143
0.0014
0.00137
0.00133
0.0013
0.00126
0.00124
0.0012
0.00117
0.00113
0.0011
0.00108
0.00105
0.00103
0.001
0.00098
0.00096
0.00095
0.00094
0.00092
0.00092
0.00091
0.00091
0.00091
0.00091
0.00092
0.00093
0.00094
0.00096
0.00098
0.001
0.00102
0.00105
0.00107
0.0011
0.00113
0.00116
0.00119
0.00123
0.00126
0.00129
0.00133
0.00136
0.0014
0.00144
0.00148
0.00152
0.00155
0.00159
0.00163
0.00167
0.00171
0.00175
0.00179
0.00184
0.00188
0.00192
0.00196
0.002
0.00205
0.0021
0.00215
0.0022
0.00224
0.00229
0.00234
0.0024
0.00245
0.0025
0.00255
0.00261
0.00266
0.00271
0.00277
0.00282
0.00287
0.00292
0.00297
0.00303
0.00307
0.00312
0.00316
0.00321
0.00325
0.00329
0.00332
0.00336
0.00339
0.00342
0.00345
0.00347
0.00349
0.00351
0.00353
0.00355
0.00355
0.00356
0.00357
0.00358
0.00357
0.00357
0.00357
0.00356
0.00355
0.00354
0.00353
0.00351
0.00349
0.00347
0.00345
0.00343
0.00339
0.00336
0.00333
0.00329
0.00325
0.00321
0.00316
0.00312
0.00306
0.003
0.00294
0.00288
0.00282
0.00275
0.00268
0.0026
0.00252
0.00244
0.00236
0.00227
0.00218
0.00209
0.00198
0.00189
0.00179
0.00168
0.00157
0.00146
0.00135
0.00124
0.00113
0.00101
0.00089
0.00077
0.00065
0.00053
0.0004
0.00028
0.00014
2e-05
-0.00011
-0.00024
-0.00038
-0.00052
-0.00065
-0.00079
-0.00093
-0.00106
-0.00121
-0.00135
-0.00149
-0.00163
-0.00178
-0.00192
-0.00207
-0.00221
-0.00236
-0.0025
-0.00265
-0.00279
-0.00293
-0.00308
-0.00322
-0.00335
-0.0035
-0.00363
-0.00376
-0.00389
-0.00402
-0.00415
-0.00427
-0.00439
-0.00451
-0.00462
-0.00473
-0.00484
-0.00494
-0.00504
-0.00513
-0.00522
-0.00531
-0.0054
-0.00548
-0.00555
-0.00562
-0.00569
-0.00575
-0.00581
-0.00586
-0.00591
-0.00596
-0.006
-0.00603
-0.00606
-0.00608
-0.00609
-0.00611
-0.00611
-0.00611
-0.0061
-0.00609
-0.00607
-0.00605
-0.00601
-0.00597
-0.00593
-0.00588
-0.00582
-0.00575
-0.00568
-0.0056
-0.00552
-0.00544
-0.00534
-0.00524
-0.00513
-0.00503
-0.00491
-0.0048
-0.00468
-0.00456
-0.00444
-0.00431
-0.00419
-0.00406
-0.00392
-0.00379
-0.00366
-0.00353
-0.0034
-0.00327
-0.00313
-0.00301
-0.00288
-0.00275
-0.00262
-0.0025
-0.00238
-0.00226
-0.00214
-0.00202
-0.0019
-0.00179
-0.00167
-0.00156
-0.00145
-0.00134
-0.00123
-0.00113
-0.00102
-0.00092
-0.00081
-0.00072
-0.00062
-0.00052
-0.00043
-0.00033
-0.00024
-0.00015
-5e-05
3e-05
0.00012
0.00021
0.00029
0.00037
0.00045
0.00053
0.00061
0.00068
0.00076
0.00083
0.0009
0.00097
0.00104
0.0011
0.00117
0.00122
0.00129
0.00135
0.00141
0.00146
0.00151
0.00156
0.00162
0.00166
0.00171
0.00175
0.00179
0.00182
0.00186
0.00189
0.00192
0.00194
0.00197
0.00199
0.00201
0.00202
0.00202
0.00202
0.00203
0.00202
0.00202
0.002
0.00199
0.00197
0.00195
0.00192
0.00189
0.00185
0.00182
0.00177
0.00173
0.00168
0.00163
0.00157
0.00152
0.00145
0.00139
0.00133
0.00126
0.00119
0.00112
0.00105
0.00098
0.0009
0.00082
0.00074
0.00067
0.00058
0.0005
0.00041
0.00033
0.00025
0.00016
7e-05
-2e-05
-0.00011
-0.0002
-0.0003
-0.00039
-0.00049
-0.00058
-0.00068
-0.00077
-0.00087
-0.00097
-0.00107
-0.00116
-0.00126
-0.00136
-0.00146
-0.00155
-0.00165
-0.00174
-0.00183
-0.00192
-0.00202
-0.0021
-0.00219
-0.00227
-0.00236
-0.00244
-0.00252
-0.00259
-0.00267
-0.00274
-0.00281
-0.00288
-0.00294
-0.003
-0.00306
-0.00311
-0.00317
-0.00321
-0.00326
-0.0033
-0.00334
-0.00337
-0.00341
-0.00344
-0.00347
-0.00349
-0.00352
-0.00354
-0.00356
-0.00357
-0.00358
-0.00359
-0.0036
-0.00361
-0.00361
-0.00361
-0.00362
-0.00361
-0.00361
-0.0036
-0.0036
-0.0036
-0.00359
-0.00359
-0.00358
-0.00357
-0.00356
-0.00355
-0.00354
-0.00353
-0.00352
-0.00351
-0.0035
-0.00349
-0.00349
-0.00347
-0.00347
-0.00346
-0.00345
-0.00344
-0.00343
-0.00342
-0.00341
-0.00339
-0.00339
-0.00337
-0.00336
-0.00334
-0.00333
-0.00331
-0.00329
-0.00327
-0.00325
-0.00323
-0.0032
-0.00318
-0.00315
-0.00311
-0.00308
-0.00304
-0.00301
-0.00297
-0.00293
-0.00289
-0.00285
-0.0028
-0.00276
-0.00271
-0.00266
-0.00261
-0.00256
-0.00251
-0.00246
-0.00241
-0.00235
-0.00229
-0.00224
-0.00218
-0.00213
-0.00207
-0.00201
-0.00195
-0.00189
-0.00183
-0.00177
-0.0017
-0.00164
-0.00157
-0.00151
-0.00143
-0.00136
-0.00129
-0.00122
-0.00114
-0.00106
-0.00098
-0.0009
-0.00081
-0.00072
-0.00063
-0.00054
-0.00045
-0.00036
-0.00026
-0.00016
-6e-05
4e-05
0.00014
0.00024
0.00034
0.00044
0.00055
0.00064
0.00074
0.00084
0.00094
0.00103
0.00112
0.00121
0.0013
0.00138
0.00147
0.00154
0.00162
0.00169
0.00176
0.00182
0.00188
0.00193
0.00198
0.00203
0.00207
0.00211
0.00214
0.00217
0.0022
0.00222
0.00224
0.00226
0.00228
0.00228
0.00229
0.00229
0.00229
0.00228
0.00228
0.00227
0.00226
0.00224
0.00223
0.00221
0.00218
0.00216
0.00213
0.0021
0.00207
0.00203
0.002
0.00196
0.00193
0.00188
0.00184
0.00179
0.00174
0.00169
0.00164
0.00159
0.00153
0.00148
0.00143
0.00138
0.00133
0.00127
0.00122
0.00116
0.00111
0.00106
0.00101
0.00096
0.00092
0.00087
0.00082
0.00078
0.00074
0.0007
0.00066
0.00063
0.0006
0.00056
0.00053
0.0005
0.00048
0.00045
0.00043
0.00041
0.00039
0.00037
0.00035
0.00033
0.00031
0.0003
0.00028
0.00027
0.00026
0.00024
0.00023
0.00022
0.00021
0.0002
0.0002
0.00018
0.00018
0.00017
0.00017
0.00016
0.00016
0.00016
0.00016
0.00017
0.00017
0.00017
0.00018
0.00019
0.0002
0.0002
0.00021
0.00022
0.00024
0.00025
0.00026
0.00027
0.00028
0.0003
0.00031
0.00032
0.00034
0.00034
0.00036
0.00037
0.00038
0.00039
0.0004
0.0004
0.00041
0.00041
0.00042
0.00042
0.00042
0.00042
0.00042
0.00042
0.00042
0.00041
0.00041
0.0004
0.00039
0.00038
0.00037
0.00035
0.00034
0.00033
0.00031
0.00029
0.00026
0.00024
0.00022
0.00019
0.00016
0.00013
0.0001
6e-05
2e-05
-2e-05
-6e-05
-0.00011
-0.00016
-0.00021
-0.00026
-0.00032
-0.00038
-0.00044
-0.0005
-0.00056
-0.00062
-0.00069
-0.00075
-0.00082
-0.00088
-0.00095
-0.00101
-0.00108
-0.00114
-0.00121
-0.00127
-0.00133
-0.00139
-0.00145
-0.00151
-0.00156
-0.00161
-0.00167
-0.00171
-0.00176
-0.0018
-0.00185
-0.00188
-0.00192
-0.00195
-0.00199
-0.00202
-0.00205
-0.00208
-0.00211
-0.00213
-0.00215
-0.00217
-0.00219
-0.00221
-0.00222
-0.00223
-0.00225
-0.00226
-0.00227
-0.00227
-0.00228
-0.00228
-0.00229
-0.00229
-0.00228
-0.00227
-0.00226
-0.00225
-0.00224
-0.00222
-0.0022
-0.00217
-0.00215
-0.00212
-0.00209
-0.00205
-0.00202
-0.00198
-0.00194
-0.0019
-0.00185
-0.0018
-0.00175
-0.00169
-0.00165
-0.00159
-0.00154
-0.00148
-0.00143
-0.00137
-0.00132
-0.00126
-0.00121
-0.00116
-0.00112
-0.00107
-0.00103
-0.00098
-0.00094
-0.0009
-0.00088
-0.00084
-0.00081
-0.00078
-0.00076
-0.00074
-0.00072
-0.0007
-0.00069
-0.00068
-0.00066
-0.00066
-0.00064
-0.00063
-0.00063
-0.00062
-0.00062
-0.0006
-0.0006
-0.00059
-0.00059
-0.00058
-0.00057
-0.00056
-0.00055
-0.00054
-0.00054
-0.00053
-0.00051
-0.0005
-0.00049
-0.00048
-0.00047
-0.00046
-0.00045
-0.00044
-0.00044
-0.00043
-0.00043
-0.00042
-0.00041
-0.00041
-0.00041
-0.00041
-0.00042
-0.00042
-0.00042
-0.00042
-0.00044
-0.00044
-0.00045
-0.00045
-0.00046
-0.00047
-0.00048
-0.00048
-0.00049
-0.0005
-0.0005
-0.00051
-0.00051
-0.00051
-0.00051
-0.00051
-0.00051
-0.0005
-0.0005
-0.00049
-0.00049
-0.00047
-0.00046
-0.00044
-0.00043
-0.00041
-0.0004
-0.00038
-0.00035
-0.00033
-0.0003
-0.00027
-0.00025
-0.00022
-0.00019
-0.00015
-0.00013
-9e-05
-6e-05
-1e-05
3e-05
7e-05
0.00011
0.00016
0.0002
0.00025
0.00031
0.00036
0.00041
0.00047
0.00053
0.0006
0.00065
0.00072
0.00078
0.00086
0.00092
0.00099
0.00106
0.00113
0.00121
0.00128
0.00135
0.00142
0.00149
0.00156
0.00163
0.0017
0.00176
0.00183
0.00188
0.00195
0.002
0.00206
0.00211
0.00215
0.0022
0.00225
0.00229
0.00233
0.00236
0.0024
0.00243
0.00246
0.00248
0.00251
0.00252
0.00255
0.00256
0.00258
0.00259
0.0026
0.00261
0.00262
0.00263
0.00264
0.00264
0.00265
0.00265
0.00265
0.00265
0.00265
0.00265
0.00265
0.00264
0.00263
0.00263
0.00262
0.00261
0.0026
0.00259
0.00257
0.00255
0.00254
0.00251
0.0025
0.00246
0.00244
0.00241
0.00238
0.00234
0.00231
0.00226
0.00222
0.00218
0.00213
0.00208
0.00202
0.00196
0.00191
0.00184
0.00178
0.00171
0.00164
0.00156
0.00149
0.00141
0.00133
0.00125
0.00116
0.00107
0.00099
0.00089
0.0008
0.0007
0.00061
0.00051
0.00042
0.00031
0.00021
0.00011
1e-05
-0.0001
-0.0002
-0.0003
-0.00041
-0.00051
-0.00062
-0.00072
-0.00083
-0.00094
-0.00104
-0.00114
-0.00124
-0.00135
-0.00145
-0.00155
-0.00164
-0.00174
-0.00183
-0.00193
-0.00202
-0.00211
-0.00219
-0.00227
-0.00235
-0.00243
-0.00249
-0.00256
-0.00262
-0.00268
-0.00274
-0.00279
-0.00283
-0.00287
-0.00291
-0.00294
-0.00297
-0.00299
-0.00301
-0.00302
-0.00302
-0.00303
-0.00302
-0.00302
-0.003
-0.00299
-0.00297
-0.00295
-0.00292
-0.00289
-0.00285
-0.00282
-0.00278
-0.00273
-0.00268
-0.00263
-0.00258
-0.00253
-0.00247
-0.00241
-0.00235
-0.00229
-0.00222
-0.00216
-0.00209
-0.00203
-0.00196
-0.00189
-0.00182
-0.00175
-0.00168
-0.00161
-0.00153
-0.00147
-0.00139
-0.00132
-0.00124
-0.00117
-0.00109
-0.00102
-0.00094
-0.00087
-0.00079
-0.00072
-0.00065
-0.00057
-0.00049
-0.00042
-0.00034
-0.00027
-0.00019
-0.00012
-4e-05
3e-05
0.0001
0.00017
0.00025
0.00032
0.00039
0.00046
0.00052
0.00059
0.00066
0.00073
0.00079
0.00085
0.00092
0.00097
0.00103
0.00109
0.00114
0.00119
0.00124
0.00129
0.00133
0.00137
0.00141
0.00144
0.00148
0.00151
0.00154
0.00156
0.00158
0.0016
0.00162
0.00162
0.00164
0.00164
0.00165
0.00165
0.00164
0.00164
0.00163
0.00162
0.00161
0.0016
0.00159
0.00156
0.00155
0.00153
0.00151
0.00148
0.00146
0.00144
0.00142
0.00139
0.00136
0.00133
0.00131
0.00128
0.00126
0.00123
0.00121
0.00118
0.00115
0.00113
0.00111
0.00108
0.00106
0.00103
0.00102
0.00099
0.00097
0.00096
0.00094
0.00092
0.00091
0.00089
0.00088
0.00086
0.00085
0.00084
0.00083
0.00082
0.00081
0.00079
0.00079
0.00078
0.00077
0.00076
0.00075
0.00075
0.00074
0.00073
0.00072
0.00071
0.0007
0.00069
0.00069
0.00067
0.00067
0.00065
0.00065
0.00063
0.00062
0.00061
0.0006
0.00059
0.00058
0.00058
0.00057
0.00056
0.00056
0.00055
0.00055
0.00054
0.00054
0.00053
0.00054
0.00054
0.00054
0.00054
0.00055
0.00055
0.00056
0.00057
0.00058
0.00058
0.00059
0.0006
0.00061
0.00061
0.00062
0.00062
0.00064
0.00064
0.00064
0.00064
0.00064
0.00064
0.00064
0.00064
0.00063
0.00062
0.00062
0.0006
0.0006
0.00058
0.00057
0.00055
0.00054
0.00052
0.00051
0.00049
0.00047
0.00045
0.00044
0.00042
0.0004
0.00038
0.00037
0.00035
0.00034
0.00032
0.00031
0.00029
0.00028
0.00026
0.00025
0.00023
0.00022
0.00021
0.00019
0.00018
0.00017
0.00015
0.00014
0.00013
0.00012
0.0001
9e-05
7e-05
6e-05
5e-05
3e-05
2e-05
0.0
-1e-05
-1e-05
-2e-05
-3e-05
-4e-05
-5e-05
-6e-05
-6e-05
-6e-05
-6e-05
-7e-05
-6e-05
-6e-05
-6e-05
-5e-05
-5e-05
-4e-05
-3e-05
-2e-05
-1e-05
0.0
2e-05
3e-05
5e-05
6e-05
8e-05
9e-05
0.00011
0.00013
0.00015
0.00016
0.00018
0.00021
0.00023
0.00025
0.00028
0.0003
0.00033
0.00036
0.00039
0.00042
0.00045
0.00048
0.00052
0.00055
0.00058
0.00062
0.00065
0.00069
0.00073
0.00077
0.00081
0.00084
0.00089
0.00092
0.00096
0.00099
0.00102
0.00105
0.00109
0.00111
0.00114
0.00116
0.00118
0.0012
0.00122
0.00123
0.00124
0.00125
0.00126
0.00126
0.00127
0.00126
0.00126
0.00126
0.00126
0.00125
0.00124
0.00123
0.00122
0.00122
0.00121
0.0012
0.00119
0.00118
0.00117
0.00116
0.00115
0.00114
0.00113
0.00112
0.00111
0.0011
0.00109
0.00108
0.00106
0.00105
0.00104
0.00103
0.00102
0.001
0.00099
0.00097
0.00096
0.00093
0.00092
0.00089
0.00088
0.00085
0.00083
0.00081
0.00078
0.00076
0.00074
0.00071
0.00069
0.00066
0.00063
0.0006
0.00058
0.00055
0.00053
0.0005
0.00048
0.00045
0.00043
0.0004
0.00038
0.00035
0.00033
0.00031
0.00028
0.00025
0.00023
0.00021
0.00019
0.00016
0.00013
0.00011
8e-05
5e-05
3e-05
-0.0
-3e-05
-6e-05
-9e-05
-0.00012
-0.00014
-0.00018
-0.00021
-0.00024
-0.00027
-0.0003
-0.00033
-0.00037
-0.00039
-0.00043
-0.00046
-0.00049
-0.00052
-0.00054
-0.00057
-0.0006
-0.00062
-0.00065
-0.00067
-0.00069
-0.00071
-0.00073
-0.00075
-0.00077
-0.00078
-0.0008
-0.00082
-0.00083
-0.00085
-0.00086
-0.00087
-0.00088
-0.00089
-0.00091
-0.00092
-0.00093
-0.00094
-0.00096
-0.00097
-0.00098
-0.00099
-0.00101
-0.00103
-0.00105
-0.00107
-0.00108
-0.0011
-0.00112
-0.00114
-0.00117
-0.00119
-0.00121
-0.00123
-0.00126
-0.00128
-0.0013
-0.00132
-0.00134
-0.00137
-0.00139
-0.00141
-0.00142
-0.00144
-0.00145
-0.00147
-0.00148
-0.00149
-0.0015
-0.0015
-0.00151
-0.00151
-0.00152
-0.00151
-0.00152
-0.00151
-0.00151
-0.00151
-0.0015
-0.00149
-0.00147
-0.00146
-0.00145
-0.00143
-0.00142
-0.0014
-0.00138
-0.00136
-0.00134
-0.00131
-0.00129
-0.00126
-0.00124
-0.0012
-0.00117
-0.00113
-0.00109
-0.00105
-0.00101
-0.00096
-0.00092
-0.00086
-0.00081
-0.00075
-0.0007
-0.00063
-0.00057
-0.0005
-0.00043
-0.00037
-0.00029
-0.00022
-0.00014
-6e-05
1e-05
9e-05
0.00016
0.00024
0.00031
0.00039
0.00046
0.00054
0.0006
0.00067
0.00074
0.0008
0.00087
0.00093
0.00099
0.00105
0.0011
0.00115
0.0012
0.00125
0.0013
0.00134
0.00138
0.00143
0.00147
0.0015
0.00154
0.00157
0.00161
0.00164
0.00167
0.00171
0.00173
0.00176
0.00179
0.00181
0.00183
0.00186
0.00187
0.0019
0.00191
0.00193
0.00194
0.00195
0.00196
0.00197
0.00198
0.00199
0.00199
0.00199
0.00199
0.002
0.00199
0.00199
0.00198
0.00198
0.00198
0.00197
0.00196
0.00195
0.00195
0.00194
0.00193
0.00193
0.00191
0.0019
0.00189
0.00188
0.00187
0.00185
0.00184
0.00183
0.0018
0.00179
0.00176
0.00174
0.00171
0.00169
0.00166
0.00163
0.00159
0.00155
0.00151
0.00147
0.00142
0.00138
0.00132
0.00127
0.00122
0.00116
0.0011
0.00103
0.00097
0.00091
0.00085
0.00078
0.00071
0.00065
0.00059
0.00052
0.00046
0.0004
0.00033
0.00027
0.00021
0.00015
0.0001
4e-05
-1e-05
-6e-05
-0.00012
-0.00016
-0.00022
-0.00026
-0.00031
-0.00035
-0.0004
-0.00044
-0.00049
-0.00053
-0.00058
-0.00062
-0.00067
-0.00072
-0.00076
-0.00081
-0.00085
-0.0009
-0.00096
-0.001
-0.00106
-0.00111
-0.00117
-0.00122
-0.00128
-0.00134
-0.0014
-0.00146
-0.00152
-0.00159
-0.00165
-0.00171
-0.00178
-0.00184
-0.00191
-0.00197
-0.00204
-0.0021
-0.00217
-0.00224
-0.00231
-0.00237
-0.00243
-0.0025
-0.00256
-0.00262
-0.00268
-0.00274
-0.0028
-0.00285
-0.00291
-0.00296
-0.00302
-0.00306
-0.00311
-0.00315
-0.0032
-0.00324
-0.00328
-0.00331
-0.00335
-0.00338
-0.0034
-0.00343
-0.00345
-0.00346
-0.00349
-0.0035
-0.00351
-0.00351
-0.00352
-0.00352
-0.00352
-0.00351
-0.00351
-0.0035
-0.00349
-0.00348
-0.00346
-0.00344
-0.00341
-0.00339
-0.00336
-0.00333
-0.0033
-0.00326
-0.00323
-0.00319
-0.00315
-0.0031
-0.00306
-0.00301
-0.00297
-0.00292
-0.00287
-0.00281
-0.00276
-0.0027
-0.00265
-0.00259
-0.00253
-0.00247
-0.00242
-0.00235
-0.0023
-0.00223
-0.00217
-0.00211
-0.00204
-0.00198
-0.00191
-0.00185
-0.00178
-0.00172
-0.00166
-0.00159
-0.00152
-0.00145
-0.00139
-0.00132
-0.00126
-0.00118
-0.00112
-0.00105
-0.00098
-0.00091
-0.00084
-0.00077
-0.0007
-0.00063
-0.00056
-0.00049
-0.00042
-0.00035
-0.00028
-0.00021
-0.00014
-7e-05
-0.0
7e-05
0.00013
0.0002
0.00026
0.00033
0.00039
0.00045
0.00051
0.00057
0.00062
0.00068
0.00073
0.00078
0.00083
0.00088
0.00092
0.00096
0.001
0.00104
0.00108
0.00111
0.00114
0.00118
0.0012
0.00123
0.00125
0.00128
0.0013
0.00132
0.00133
0.00136
0.00137
0.00139
0.0014
0.00141
0.00142
0.00144
0.00145
0.00146
0.00146
0.00148
0.00148
0.00149
0.0015
0.00151
0.00151
0.00152
0.00152
0.00152
0.00152
0.00153
0.00153
0.00153
0.00153
0.00153
0.00152
0.00153
0.00152
0.00152
0.00151
0.00151
0.0015
0.0015
0.00149
0.00149
0.00148
0.00148
0.00147
0.00147
0.00146
0.00146
0.00145
0.00146
0.00145
0.00145
0.00145
0.00145
0.00145
0.00145
0.00145
0.00146
0.00146
0.00146
0.00147
0.00148
0.00148
0.00149
0.00149
0.0015
0.00151
0.00152
0.00152
0.00153
0.00154
0.00155
0.00155
0.00156
0.00156
0.00157
0.00157
0.00158
0.00158
0.00158
0.00158
0.00158
0.00157
0.00158
0.00157
0.00156
0.00155
0.00155
0.00154
0.00153
0.00151
0.0015
0.00148
0.00146
0.00144
0.00143
0.0014
0.00137
0.00134
0.00132
0.00128
0.00125
0.00121
0.00118
0.00113
0.00109
0.00105
0.001
0.00095
0.0009
0.00085
0.0008
0.00074
0.00069
0.00063
0.00058
0.00052
0.00047
0.00041
0.00036
0.0003
0.00025
0.00019
0.00014
9e-05
5e-05
0.0
-4e-05
-9e-05
-0.00012
-0.00016
-0.00019
-0.00022
-0.00025
-0.00028
-0.00029
-0.00032
-0.00033
-0.00035
-0.00036
-0.00037
-0.00038
-0.00039
-0.00039
-0.0004
-0.00039
-0.0004
-0.00039
-0.00039
-0.00039
-0.00039
-0.00038
-0.00038
-0.00037
-0.00037
-0.00037
-0.00036
-0.00035
-0.00035
-0.00034
-0.00034
-0.00033
-0.00033
-0.00032
-0.00032
-0.00031
-0.00031
-0.00029
-0.00029
-0.00028
-0.00027
-0.00027
-0.00025
-0.00024
-0.00023
-0.00022
-0.00021
-0.00019
-0.00018
-0.00016
-0.00015
-0.00012
-0.00011
-8e-05
-6e-05
-4e-05
-2e-05
1e-05
4e-05
7e-05
0.0001
0.00013
0.00016
0.0002
0.00023
0.00027
0.00031
0.00035
0.00039
0.00044
0.00048
0.00052
0.00057
0.00062
0.00067
0.00072
0.00077
0.00083
0.00088
0.00094
0.00099
0.00105
0.00111
0.00117
0.00122
0.00129
0.00135
0.00142
0.00148
0.00154
0.00161
0.00168
0.00175
0.00182
0.00189
0.00196
0.00203
0.00211
0.00218
0.00225
0.00232
0.00241
0.00248
0.00256
0.00263
0.00271
0.00278
0.00286
0.00294
0.00301
0.00308
0.00316
0.00323
0.0033
0.00337
0.00344
0.0035
0.00356
0.00362
0.00368
0.00373
0.00378
0.00383
0.00387
0.00391
0.00395
0.00398
0.00402
0.00404
0.00407
0.00408
0.0041
0.00411
0.00413
0.00413
0.00414
0.00414
0.00414
0.00414
0.00414
0.00413
0.00413
0.00411
0.0041
0.00409
0.00408
0.00406
0.00405
0.00403
0.00402
0.004
0.00399
0.00397
0.00395
0.00393
0.00391
0.00389
0.00387
0.00384
0.00382
0.00379
0.00377
0.00374
0.00371
0.00367
0.00364
0.0036
0.00357
0.00353
0.00348
0.00344
0.0034
0.00335
0.0033
0.00324
0.00319
0.00313
0.00308
0.00301
0.00295
0.00288
0.00282
0.00275
0.00268
0.0026
0.00253
0.00245
0.00238
0.0023
0.00222
0.00214
0.00206
0.00198
0.0019
0.00181
0.00173
0.00164
0.00156
0.00148
0.00139
0.00131
0.00122
0.00114
0.00106
0.00098
0.00091
0.00082
0.00075
0.00068
0.00061
0.00053
0.00047
0.0004
0.00035
0.00029
0.00023
0.00018
0.00013
9e-05
5e-05
1e-05
-2e-05
-5e-05
-7e-05
-0.0001
-0.00011
-0.00012
-0.00013
-0.00014
-0.00013
-0.00014
-0.00013
-0.00012
-0.00011
-0.0001
-8e-05
-6e-05
-4e-05
-2e-05
1e-05
3e-05
7e-05
9e-05
0.00012
0.00015
0.00018
0.00021
0.00024
0.00027
0.0003
0.00033
0.00036
0.00038
0.00042
0.00044
0.00047
0.00049
0.00052
0.00054
0.00056
0.00058
0.0006
0.00062
0.00064
0.00066
0.00068
0.00069
0.00071
0.00073
0.00075
0.00076
0.00078
0.00079
0.00081
0.00082
0.00083
0.00085
0.00087
0.00088
0.00089
0.00091
0.00092
0.00093
0.00095
0.00096
0.00098
0.00099
0.00101
0.00102
0.00103
0.00104
0.00105
0.00106
0.00107
0.00108
0.00109
0.00109
0.00109
0.00109
0.00109
0.00109
0.00109
0.00108
0.00107
0.00106
0.00105
0.00103
0.00102
0.001
0.00098
0.00096
0.00094
0.00092
0.00089
0.00087
0.00085
0.00083
0.00081
0.00078
0.00076
0.00074
0.00072
0.00069
0.00068
0.00066
0.00065
0.00063
0.00062
0.00061
0.0006
0.0006
0.0006
0.00059
0.00059
0.00059
0.0006
0.0006
0.0006
0.0006
0.00061
0.00062
0.00063
0.00063
0.00064
0.00065
0.00065
0.00066
0.00066
0.00067
0.00067
0.00067
0.00067
0.00067
0.00067
0.00067
0.00066
0.00065
0.00065
0.00064
0.00063
0.00061
0.0006
0.00059
0.00057
0.00055
0.00053
0.00051
0.00049
0.00046
0.00044
0.00041
0.00038
0.00035
0.00033
0.00029
0.00026
0.00022
0.00019
0.00015
0.00012
7e-05
4e-05
-1e-05
-5e-05
-9e-05
-0.00013
-0.00018
-0.00022
-0.00026
-0.0003
-0.00035
-0.00039
-0.00043
-0.00048
-0.00052
-0.00056
-0.00059
-0.00063
-0.00067
-0.00071
-0.00074
-0.00077
-0.00081
-0.00083
-0.00086
-0.00089
-0.00091
-0.00094
-0.00096
-0.00098
-0.00099
-0.00101
-0.00103
-0.00103
-0.00105
-0.00106
-0.00107
-0.00107
-0.00108
-0.00108
-0.00109
-0.00108
-0.00109
-0.00108
-0.00108
-0.00108
-0.00107
-0.00106
-0.00105
-0.00103
-0.00102
-0.001
-0.00098
-0.00096
-0.00094
-0.00092
-0.00089
-0.00086
-0.00083
-0.0008
-0.00077
-0.00073
-0.0007
-0.00066
-0.00062
-0.00057
-0.00054
-0.00049
-0.00045
-0.0004
-0.00036
-0.00031
-0.00027
-0.00022
-0.00018
-0.00013
-9e-05
-5e-05
-0.0
4e-05
8e-05
0.00013
0.00016
0.0002
0.00024
0.00028
0.00031
0.00034
0.00037
0.00041
0.00043
0.00046
0.00049
0.00051
0.00053
0.00056
0.00057
0.00059
0.0006
0.00062
0.00063
0.00065
0.00065
0.00066
0.00066
0.00067
0.00067
0.00068
0.00067
0.00067
0.00067
0.00067
0.00067
0.00067
0.00066
0.00066
0.00065
0.00065
0.00065
0.00065
0.00064
0.00064
0.00064
0.00064
0.00063
0.00063
0.00063
0.00064
0.00064
0.00065
0.00064
0.00065
0.00065
0.00066
0.00066
0.00067
0.00067
0.00069
0.00069
0.00069
0.00069
0.00069
0.0007
0.0007
0.0007
0.0007
0.0007
0.0007
0.00069
0.00069
0.00068
0.00068
0.00066
0.00066
0.00064
0.00063
0.00061
0.0006
0.00058
0.00057
0.00055
0.00054
0.00052
0.0005
0.00048
0.00047
0.00045
0.00043
0.00041
0.00039
0.00037
0.00035
0.00034
0.00031
0.0003
0.00028
0.00026
0.00025
0.00022
0.00021
0.00018
0.00016
0.00014
0.00012
9e-05
8e-05
5e-05
3e-05
0.0
-3e-05
-5e-05
-8e-05
-0.0001
-0.00013
-0.00016
-0.00019
-0.00022
-0.00024
-0.00027
-0.0003
-0.00033
-0.00035
-0.00038
-0.0004
-0.00043
-0.00045
-0.00047
-0.00049
-0.00051
-0.00053
-0.00055
-0.00056
-0.00058
-0.00059
-0.00061
-0.00062
-0.00063
-0.00064
-0.00065
-0.00066
-0.00067
-0.00068
-0.00069
-0.0007
-0.00071
-0.00072
-0.00074
-0.00075
-0.00076
-0.00077
-0.0008
-0.00081
-0.00083
-0.00085
-0.00087
-0.0009
-0.00093
-0.00095
-0.00098
-0.00101
-0.00104
-0.00107
-0.00111
-0.00114
-0.00118
-0.00121
-0.00125
-0.00129
-0.00133
-0.00136
-0.0014
-0.00143
-0.00147
-0.00151
-0.00154
-0.00157
-0.0016
-0.00163
-0.00167
-0.00169
-0.00173
-0.00175
-0.00178
-0.00181
-0.00184
-0.00186
-0.00189
-0.00191
-0.00194
-0.00196
-0.00199
-0.00201
-0.00203
-0.00205
-0.00208
-0.0021
-0.00212
-0.00214
-0.00216
-0.00218
-0.0022
-0.00222
-0.00223
-0.00225
-0.00226
-0.00228
-0.00229
-0.00229
-0.0023
-0.0023
-0.00231
-0.00231
-0.00231
-0.0023
-0.00229
-0.00228
-0.00227
-0.00226
-0.00224
-0.00222
-0.00221
-0.00219
-0.00216
-0.00214
-0.00211
-0.00208
-0.00206
-0.00203
-0.002
-0.00197
-0.00195
-0.00191
-0.00189
-0.00186
-0.00183
-0.0018
-0.00178
-0.00175
-0.00173
-0.0017
-0.00168
-0.00165
-0.00164
-0.00161
-0.00159
-0.00157
-0.00155
-0.00153
-0.00152
-0.0015
-0.00149
-0.00147
-0.00146
-0.00145
-0.00144
-0.00142
-0.00141
-0.0014
-0.0014
-0.00139
-0.00139
-0.00138
-0.00138
-0.00138
-0.00138
-0.00138
-0.00139
-0.00139
-0.0014
-0.00141
-0.00142
-0.00143
-0.00144
-0.00146
-0.00148
-0.00149
-0.00151
-0.00152
-0.00155
-0.00157
-0.0016
-0.00161
-0.00164
-0.00167
-0.0017
-0.00173
-0.00175
-0.00178
-0.00181
-0.00184
-0.00187
-0.0019
-0.00193
-0.00196
-0.002
-0.00203
-0.00207
-0.00209
-0.00213
-0.00217
-0.0022
-0.00224
-0.00228
-0.00231
-0.00235
-0.00238
-0.00242
-0.00246
-0.0025
-0.00253
