2.04616193141321E+03

0.0007
0.00068
0.00065
0.00063
0.00061
0.00058
0.00055
0.00052
0.00049
0.00047
0.00044
0.00041
0.00038
0.00034
0.00031
0.00028
0.00025
0.00021
0.00018
0.00015
0.00012
8e-05
5e-05
2e-05
-1e-05
-3e-05
-6e-05
-8e-05
-0.0001
-0.00013
-0.00014
-0.00016
-0.00017
-0.00019
-0.00019
-0.0002
-0.0002
-0.00021
-0.00021
-0.0002
-0.0002
-0.00019
-0.00017
-0.00016
-0.00014
-0.00013
-0.0001
-8e-05
-5e-05
-2e-05
1e-05
4e-05
8e-05
0.00011
0.00015
0.00019
0.00023
0.00028
0.00032
0.00037
0.00042
0.00046
0.00052
0.00057
0.00062
0.00067
0.00073
0.00078
0.00084
0.00089
0.00094
0.001
0.00105
0.0011
0.00115
0.0012
0.00126
0.0013
0.00135
0.00139
0.00144
0.00147
0.00152
0.00155
0.00159
0.00162
0.00165
0.00168
0.00171
0.00174
0.00176
0.00179
0.00181
0.00182
0.00185
0.00186
0.00189
0.0019
0.00192
0.00193
0.00195
0.00196
0.00198
0.00199
0.002
0.00201
0.00203
0.00204
0.00205
0.00205
0.00206
0.00207
0.00207
0.00207
0.00207
0.00207
0.00207
0.00205
0.00204
0.00202
0.002
0.00198
0.00196
0.00193
0.00189
0.00185
0.00181
0.00176
0.00171
0.00166
0.0016
0.00154
0.00148
0.00141
0.00135
0.00127
0.0012
0.00113
0.00106
0.00098
0.00091
0.00083
0.00076
0.00068
0.00061
0.00053
0.00046
0.00038
0.00031
0.00024
0.00017
0.0001
3e-05
-4e-05
-0.00011
-0.00017
-0.00024
-0.00031
-0.00038
-0.00045
-0.00051
-0.00059
-0.00065
-0.00073
-0.00079
-0.00087
-0.00094
-0.00102
-0.0011
-0.00117
-0.00125
-0.00132
-0.0014
-0.00148
-0.00156
-0.00164
-0.00171
-0.0018
-0.00187
-0.00195
-0.00202
-0.0021
-0.00217
-0.00224
-0.00231
-0.00238
-0.00244
-0.0025
-0.00256
-0.00262
-0.00267
-0.00273
-0.00277
-0.00282
-0.00286
-0.00291
-0.00294
-0.00298
-0.00301
-0.00304
-0.00307
-0.00309
-0.00311
-0.00313
-0.00315
-0.00317
-0.00318
-0.00319
-0.00319
-0.0032
-0.0032
-0.00321
-0.0032
-0.0032
-0.0032
-0.0032
-0.00319
-0.00318
-0.00317
-0.00316
-0.00315
-0.00314
-0.00312
-0.0031
-0.00309
-0.00307
-0.00305
-0.00304
-0.00302
-0.003
-0.00299
-0.00297
-0.00296
-0.00294
-0.00292
-0.00291
-0.00289
-0.00288
-0.00287
-0.00286
-0.00285
-0.00284
-0.00283
-0.00282
-0.00281
-0.00281
-0.0028
-0.00279
-0.00279
-0.00278
-0.00277
-0.00276
-0.00275
-0.00274
-0.00273
-0.00272
-0.0027
-0.00269
-0.00268
-0.00266
-0.00264
-0.00262
-0.0026
-0.00258
-0.00256
-0.00254
-0.00251
-0.00248
-0.00246
-0.00244
-0.0024
-0.00238
-0.00234
-0.00232
-0.00229
-0.00226
-0.00222
-0.00219
-0.00216
-0.00213
-0.0021
-0.00207
-0.00203
-0.00199
-0.00195
-0.00192
-0.00188
-0.00184
-0.00179
-0.00175
-0.0017
-0.00165
-0.00159
-0.00153
-0.00147
-0.0014
-0.00134
-0.00126
-0.00118
-0.0011
-0.00101
-0.00092
-0.00083
-0.00073
-0.00062
-0.00052
-0.00041
-0.0003
-0.00018
-6e-05
6e-05
0.00018
0.0003
0.00043
0.00056
0.00069
0.00082
0.00094
0.00107
0.00119
0.00132
0.00144
0.00156
0.00168
0.0018
0.00192
0.00203
0.00214
0.00225
0.00235
0.00246
0.00256
0.00266
0.00276
0.00285
0.00294
0.00304
0.00312
0.00321
0.00329
0.00338
0.00346
0.00354
0.00361
0.00369
0.00376
0.00383
0.0039
0.00397
0.00403
0.00409
0.00415
0.00421
0.00425
0.00431
0.00435
0.0044
0.00444
0.00447
0.0045
0.00453
0.00456
0.00458
0.0046
0.00462
0.00462
0.00463
0.00463
0.00464
0.00463
0.00463
0.00461
0.0046
0.00458
0.00457
0.00454
0.00452
0.00449
0.00446
0.00443
0.0044
0.00436
0.00433
0.00428
0.00425
0.0042
0.00416
0.00411
0.00407
0.00402
0.00397
0.00391
0.00386
0.0038
0.00375
0.00369
0.00364
0.00357
0.00351
0.00345
0.00338
0.00331
0.00325
0.00318
0.00311
0.00304
0.00296
0.00289
0.00281
0.00273
0.00266
0.00258
0.0025
0.00241
0.00233
0.00225
0.00217
0.00208
0.00199
0.0019
0.00182
0.00173
0.00164
0.00155
0.00145
0.00136
0.00127
0.00118
0.00109
0.00099
0.0009
0.00081
0.00072
0.00062
0.00053
0.00043
0.00034
0.00025
0.00016
7e-05
-2e-05
-0.00011
-0.00019
-0.00028
-0.00036
-0.00045
-0.00052
-0.0006
-0.00067
-0.00075
-0.00082
-0.00089
-0.00095
-0.00102
-0.00108
-0.00114
-0.0012
-0.00125
-0.0013
-0.00134
-0.00139
-0.00144
-0.00147
-0.00151
-0.00155
-0.00159
-0.00162
-0.00165
-0.00168
-0.00171
-0.00173
-0.00176
-0.00178
-0.0018
-0.00182
-0.00184
-0.00185
-0.00188
-0.00189
-0.0019
-0.00191
-0.00192
-0.00193
-0.00194
-0.00194
-0.00195
-0.00195
-0.00195
-0.00195
-0.00195
-0.00195
-0.00194
-0.00193
-0.00193
-0.00192
-0.00191
-0.00189
-0.00188
-0.00187
-0.00185
-0.00183
-0.00181
-0.00179
-0.00178
-0.00176
-0.00173
-0.00171
-0.00169
-0.00166
-0.00164
-0.00161
-0.00159
-0.00157
-0.00155
-0.00152
-0.0015
-0.00147
-0.00145
-0.00143
-0.00141
-0.00138
-0.00136
-0.00134
-0.00132
-0.00129
-0.00128
-0.00125
-0.00124
-0.00121
-0.0012
-0.00117
-0.00116
-0.00114
-0.00112
-0.0011
-0.00108
-0.00107
-0.00105
-0.00103
-0.00101
-0.00099
-0.00098
-0.00095
-0.00094
-0.00091
-0.0009
-0.00087
-0.00086
-0.00083
-0.00081
-0.00079
-0.00077
-0.00074
-0.00072
-0.00069
-0.00066
-0.00063
-0.00061
-0.00058
-0.00055
-0.00051
-0.00048
-0.00045
-0.00041
-0.00037
-0.00033
-0.00029
-0.00025
-0.00021
-0.00017
-0.00012
-7e-05
-2e-05
2e-05
7e-05
0.00012
0.00018
0.00023
0.00028
0.00033
0.00038
0.00043
0.00049
0.00053
0.00058
0.00063
0.00068
0.00073
0.00078
0.00082
0.00086
0.0009
0.00094
0.00097
0.001
0.00103
0.00106
0.00108
0.00111
0.00112
0.00113
0.00115
0.00116
0.00117
0.00117
0.00117
0.00117
0.00116
0.00115
0.00114
0.00113
0.00111
0.00109
0.00107
0.00104
0.00101
0.00098
0.00095
0.00092
0.00088
0.00085
0.0008
0.00076
0.00072
0.00067
0.00062
0.00057
0.00051
0.00046
0.0004
0.00034
0.00027
0.00021
0.00014
7e-05
-1e-05
-8e-05
-0.00016
-0.00024
-0.00033
-0.00041
-0.00051
-0.00059
-0.00069
-0.00078
-0.00088
-0.00098
-0.00108
-0.00119
-0.00129
-0.00139
-0.00149
-0.00159
-0.0017
-0.00179
-0.0019
-0.00199
-0.00209
-0.00218
-0.00227
-0.00235
-0.00244
-0.00251
-0.00259
-0.00266
-0.00272
-0.00277
-0.00282
-0.00286
-0.0029
-0.00293
-0.00296
-0.00297
-0.00298
-0.00298
-0.00298
-0.00296
-0.00294
-0.00292
-0.00288
-0.00285
-0.0028
-0.00275
-0.00269
-0.00262
-0.00256
-0.00248
-0.00241
-0.00232
-0.00224
-0.00215
-0.00206
-0.00196
-0.00187
-0.00177
-0.00168
-0.00158
-0.00148
-0.00138
-0.00128
-0.00118
-0.00109
-0.00099
-0.0009
-0.00081
-0.00072
-0.00064
-0.00056
-0.00047
-0.0004
-0.00032
-0.00025
-0.00019
-0.00012
-6e-05
-1e-05
5e-05
0.0001
0.00015
0.00019
0.00023
0.00027
0.0003
0.00033
0.00036
0.00039
0.00041
0.00043
0.00044
0.00046
0.00047
0.00048
0.00049
0.00049
0.0005
0.00049
0.0005
0.00049
0.00049
0.00047
0.00047
0.00045
0.00044
0.00042
0.0004
0.00038
0.00037
0.00034
0.00032
0.00029
0.00027
0.00024
0.00022
0.00019
0.00016
0.00013
0.00011
8e-05
6e-05
3e-05
0.0
-1e-05
-3e-05
-5e-05
-6e-05
-8e-05
-9e-05
-0.0001
-0.0001
-0.0001
-0.0001
-9e-05
-8e-05
-6e-05
-4e-05
-2e-05
1e-05
5e-05
9e-05
0.00013
0.00018
0.00023
0.0003
0.00036
0.00043
0.0005
0.00058
0.00066
0.00075
0.00085
0.00095
0.00105
0.00116
0.00127
0.00139
0.00152
0.00165
0.00178
0.00192
0.00206
0.00221
0.00236
0.00252
0.00268
0.00285
0.00303
0.0032
0.00338
0.00356
0.00375
0.00395
0.00414
0.00434
0.00454
0.00475
0.00496
0.00517
0.00538
0.0056
0.00581
0.00604
0.00626
0.00648
0.0067
0.00693
0.00715
0.00738
0.0076
0.00783
0.00805
0.00828
0.0085
0.00873
0.00895
0.00917
0.00939
0.00961
0.00983
0.01005
0.01026
0.01047
0.01068
0.01089
0.0111
0.01131
0.0115
0.01171
0.0119
0.0121
0.01229
0.01249
0.01267
0.01286
0.01304
0.01322
0.0134
0.01357
0.01374
0.01391
0.01408
0.01424
0.01439
0.01455
0.0147
0.01485
0.01499
0.01513
0.01526
0.0154
0.01553
0.01565
0.01577
0.01589
0.016
0.01611
0.01622
0.01632
0.01641
0.01651
0.0166
0.0167
0.01678
0.01686
0.01694
0.01702
0.0171
0.01717
0.01724
0.0173
0.01737
0.01743
0.01749
0.01755
0.0176
0.01766
0.01771
0.01776
0.01781
0.01785
0.0179
0.01794
0.01798
0.01801
0.01805
0.01808
0.01811
0.01814
0.01817
0.0182
0.01822
0.01825
0.01826
0.01829
0.0183
0.01832
0.01834
0.01836
0.01838
0.01839
0.01841
0.01843
0.01845
0.01847
0.01849
0.01852
0.01853
0.01856
0.01859
0.01862
0.01864
0.01867
0.0187
0.01874
0.01877
0.01881
0.01884
0.01887
0.01891
0.01895
0.01898
0.01902
0.01905
0.01908
0.01911
0.01914
0.01917
0.01919
0.01921
0.01923
0.01924
0.01925
0.01926
0.01926
0.01927
0.01926
0.01926
0.01925
0.01923
0.01921
0.01919
0.01917
0.01913
0.0191
0.01907
0.01903
0.01899
0.01895
0.0189
0.01885
0.0188
0.01875
0.0187
0.01864
0.01858
0.01852
0.01846
0.01839
0.01832
0.01825
0.01818
0.0181
0.01802
0.01794
0.01785
0.01777
0.01768
0.01758
0.01748
0.01738
0.01728
0.01717
0.01706
0.01695
0.01683
0.01671
0.01658
0.01646
0.01634
0.01621
0.01608
0.01594
0.01581
0.01568
0.01554
0.01541
0.01526
0.01513
0.01499
0.01486
0.01472
0.01458
0.01444
0.01431
0.01417
0.01403
0.0139
0.01376
0.01363
0.01349
0.01336
0.01322
0.01309
0.01296
0.01282
0.01269
0.01255
0.01242
0.01228
0.01215
0.01201
0.01187
0.01174
0.0116
0.01147
0.01134
0.01121
0.01108
0.01095
0.01083
0.0107
0.01058
0.01046
0.01035
0.01023
0.01012
0.01001
0.00991
0.0098
0.0097
0.00961
0.00952
0.00943
0.00934
0.00925
0.00917
0.0091
0.00902
0.00894
0.00888
0.0088
0.00874
0.00867
0.00861
0.00855
0.00848
0.00842
0.00836
0.0083
0.00825
0.00819
0.00813
0.00808
0.00802
0.00797
0.00792
0.00786
0.00782
0.00777
0.00772
0.00767
0.00763
0.00759
0.00755
0.00751
0.00748
0.00744
0.00741
0.00738
0.00736
0.00733
0.00732
0.00729
0.00728
0.00727
0.00725
0.00724
0.00723
0.00723
0.00723
0.00723
0.00723
0.00722
0.00723
0.00723
0.00724
0.00725
0.00726
0.00727
0.00728
0.00729
0.00731
0.00732
0.00733
0.00735
0.00737
0.00739
0.00741
0.00743
0.00746
0.00748
0.00751
0.00754
0.00757
0.0076
0.00763
0.00766
0.0077
0.00773
0.00777
0.0078
0.00784
0.00788
0.00792
0.00796
0.008
0.00803
0.00807
0.00811
0.00815
0.00818
0.00821
0.00824
0.00827
0.0083
0.00833
0.00835
0.00837
0.00839
0.00841
0.00842
0.00844
0.00845
0.00846
0.00846
0.00846
0.00846
0.00846
0.00846
0.00845
0.00844
0.00843
0.00841
0.0084
0.00839
0.00837
0.00835
0.00833
0.00831
0.00829
0.00827
0.00825
0.00822
0.0082
0.00817
0.00814
0.00811
0.00808
0.00805
0.00802
0.00799
0.00795
0.00791
0.00787
0.00783
0.00779
0.00774
0.00769
0.00763
0.00758
0.00752
0.00745
0.00738
0.00731
0.00724
0.00716
0.00708
0.00699
0.0069
0.00681
0.00671
0.00661
0.00651
0.00641
0.00629
0.00619
0.00607
0.00596
0.00584
0.00572
0.00561
0.00549
0.00538
0.00526
0.00514
0.00503
0.00491
0.0048
0.00468
0.00457
0.00445
0.00435
0.00424
0.00413
0.00403
0.00392
0.00382
0.00372
0.00362
0.00352
0.00342
0.00333
0.00323
0.00314
0.00304
0.00295
0.00285
0.00277
0.00268
0.00259
0.0025
0.00241
0.00233
0.00225
0.00217
0.00209
0.00201
0.00194
0.00186
0.0018
0.00173
0.00167
0.00161
0.00156
0.00151
0.00146
0.00142
0.00138
0.00135
0.00132
0.0013
0.00128
0.00127
0.00126
0.00125
0.00125
0.00125
0.00125
0.00126
0.00127
0.00128
0.00129
0.0013
0.00131
0.00133
0.00135
0.00136
0.00138
0.00139
0.0014
0.00141
0.00143
0.00143
0.00144
0.00144
0.00145
0.00144
0.00144
0.00143
0.00142
0.00142
0.0014
0.00139
0.00137
0.00135
0.00133
0.00131
0.00129
0.00126
0.00123
0.0012
0.00118
0.00115
0.00112
0.00109
0.00106
0.00103
0.001
0.00098
0.00095
0.00092
0.00091
0.00088
0.00086
0.00084
0.00083
0.00081
0.0008
0.00079
0.00079
0.00078
0.00078
0.00078
0.00079
0.0008
0.00082
0.00082
0.00085
0.00087
0.00089
0.00092
0.00095
0.00098
0.00103
0.00106
0.00111
0.00115
0.0012
0.00126
0.00131
0.00137
0.00143
0.00149
0.00156
0.00162
0.00169
0.00176
0.00183
0.0019
0.00198
0.00205
0.00213
0.0022
0.00228
0.00236
0.00243
0.00251
0.00259
0.00266
0.00274
0.00281
0.00289
0.00295
0.00303
0.00309
0.00316
0.00322
0.00328
0.00334
0.00339
0.00344
0.00349
0.00354
0.00359
0.00362
0.00366
0.00369
0.00373
0.00375
0.00378
0.0038
0.00382
0.00383
0.00385
0.00386
0.00386
0.00387
0.00387
0.00387
0.00387
0.00386
0.00386
0.00384
0.00383
0.00382
0.0038
0.00378
0.00376
0.00374
0.00371
0.00368
0.00365
0.00362
0.00359
0.00356
0.00352
0.00348
0.00344
0.0034
0.00336
0.00331
0.00327
0.00322
0.00318
0.00313
0.00308
0.00303
0.00298
0.00294
0.00289
0.00285
0.00281
0.00276
0.00272
0.00268
0.00265
0.00261
0.00258
0.00254
0.00252
0.00249
0.00247
0.00244
0.00242
0.00241
0.00239
0.00238
0.00237
0.00235
0.00235
0.00233
0.00233
0.00232
0.00232
0.00231
0.00231
0.00231
0.0023
0.0023
0.0023
0.00229
0.00229
0.00229
0.00229
0.00229
0.00229
0.00228
0.00229
0.00228
0.00229
0.00228
0.00229
0.00228
0.00228
0.00228
0.00228
0.00228
0.00228
0.00228
0.00229
0.00228
0.00228
0.00228
0.00228
0.00227
0.00226
0.00225
0.00224
0.00223
0.00221
0.00219
0.00217
0.00215
0.00212
0.00209
0.00206
0.00202
0.00199
0.00195
0.00191
0.00186
0.00182
0.00176
0.00172
0.00166
0.00161
0.00155
0.0015
0.00144
0.00139
0.00133
0.00127
0.00121
0.00115
0.00109
0.00104
0.00097
0.00092
0.00086
0.0008
0.00074
0.00068
0.00062
0.00056
0.00051
0.00045
0.00039
0.00034
0.00027
0.00021
0.00015
9e-05
3e-05
-3e-05
-0.0001
-0.00016
-0.00023
-0.00029
-0.00036
-0.00042
-0.00049
-0.00055
-0.00061
-0.00067
-0.00074
-0.00079
-0.00085
-0.0009
-0.00096
-0.00101
-0.00106
-0.0011
-0.00115
-0.00119
-0.00123
-0.00126
-0.00129
-0.00132
-0.00134
-0.00136
-0.00138
-0.00139
-0.0014
-0.00141
-0.00142
-0.00142
-0.00142
-0.00141
-0.0014
-0.00139
-0.00138
-0.00137
-0.00135
-0.00133
-0.00131
-0.00128
-0.00126
-0.00123
-0.0012
-0.00116
-0.00113
-0.00109
-0.00106
-0.00101
-0.00097
-0.00093
-0.00089
-0.00084
-0.00079
-0.00074
-0.00069
-0.00063
-0.00059
-0.00053
-0.00048
-0.00042
-0.00037
-0.00031
-0.00025
-0.00019
-0.00014
-8e-05
-2e-05
3e-05
9e-05
0.00015
0.00021
0.00027
0.00032
0.00038
0.00043
0.00049
0.00054
0.00059
0.00064
0.0007
0.00075
0.0008
0.00085
0.0009
0.00095
0.001
0.00105
0.0011
0.00114
0.0012
0.00124
0.00129
0.00133
0.00138
0.00142
0.00147
0.00151
0.00155
0.00159
0.00163
0.00167
0.00171
0.00174
0.00177
0.0018
0.00183
0.00185
0.00188
0.0019
0.00192
0.00194
0.00196
0.00197
0.00198
0.00199
0.00199
0.002
0.00201
0.00201
0.00201
0.00201
0.00201
0.00201
0.00201
0.002
0.002
0.00199
0.00199
0.00199
0.00198
0.00197
0.00197
0.00197
0.00196
0.00196
0.00195
0.00194
0.00194
0.00193
0.00193
0.00192
0.00192
0.00191
0.00191
0.0019
0.00189
0.00188
0.00187
0.00186
0.00185
0.00184
0.00183
0.00181
0.0018
0.00178
0.00177
0.00175
0.00174
0.00171
0.0017
0.00168
0.00166
0.00163
0.00161
0.00159
0.00157
0.00155
0.00153
0.0015
0.00148
0.00146
0.00144
0.00141
0.00139
0.00136
0.00134
0.00132
0.00129
0.00127
0.00124
0.00122
0.0012
0.00118
0.00115
0.00112
0.0011
0.00107
0.00105
0.00102
0.00099
0.00096
0.00094
0.00091
0.00088
0.00085
0.00082
0.00079
0.00076
0.00074
0.00071
0.00067
0.00065
0.00062
0.0006
0.00056
0.00054
0.00051
0.00049
0.00047
0.00044
0.00042
0.0004
0.00038
0.00036
0.00034
0.00033
0.0003
0.00029
0.00027
0.00026
0.00024
0.00023
0.00021
0.0002
0.00018
0.00016
0.00015
0.00013
0.00012
0.0001
8e-05
7e-05
4e-05
3e-05
1e-05
-1e-05
-3e-05
-5e-05
-7e-05
-9e-05
-0.00011
-0.00013
-0.00015
-0.00017
-0.00019
-0.00021
-0.00023
-0.00024
-0.00027
-0.00028
-0.0003
-0.00031
-0.00033
-0.00034
-0.00035
-0.00036
-0.00037
-0.00039
-0.0004
-0.00041
-0.00042
-0.00043
-0.00043
-0.00044
-0.00045
-0.00046
-0.00047
-0.00047
-0.00049
-0.00049
-0.0005
-0.00051
-0.00052
-0.00052
-0.00053
-0.00054
-0.00054
-0.00054
-0.00054
-0.00054
-0.00055
-0.00054
-0.00054
-0.00053
-0.00052
-0.00051
-0.0005
-0.00047
-0.00045
-0.00043
-0.0004
-0.00037
-0.00034
-0.0003
-0.00026
-0.00021
-0.00017
-0.00011
-6e-05
0.0
6e-05
0.00012
0.00018
0.00025
0.00032
0.00039
0.00046
0.00053
0.0006
0.00068
0.00076
0.00084
0.00091
0.00099
0.00106
0.00114
0.00121
0.00129
0.00136
0.00144
0.00151
0.00158
0.00165
0.00171
0.00178
0.00185
0.00191
0.00198
0.00203
0.00209
0.00214
0.0022
0.00225
0.0023
0.00233
0.00238
0.00242
0.00245
0.00248
0.00251
0.00254
0.00256
0.00257
0.00259
0.00259
0.0026
0.0026
0.00261
0.0026
0.00259
0.00257
0.00256
0.00254
0.00251
0.00249
0.00245
0.00242
0.00238
0.00234
0.0023
0.00224
0.00219
0.00214
0.00208
0.00202
0.00195
0.00188
0.00181
0.00174
0.00166
0.00158
0.00149
0.00141
0.00132
0.00123
0.00114
0.00104
0.00095
0.00085
0.00075
0.00064
0.00054
0.00043
0.00033
0.00022
0.00011
0.0
-0.00011
-0.00021
-0.00032
-0.00043
-0.00053
-0.00064
-0.00073
-0.00083
-0.00093
-0.00103
-0.00111
-0.0012
-0.00128
-0.00137
-0.00144
-0.00152
-0.00159
-0.00166
-0.00172
-0.00178
-0.00183
-0.00188
-0.00193
-0.00197
-0.00201
-0.00205
-0.00208
-0.00212
-0.00214
-0.00217
-0.00219
-0.00222
-0.00224
-0.00225
-0.00226
-0.00228
-0.00229
-0.0023
-0.00231
-0.00232
-0.00232
-0.00233
-0.00233
-0.00234
-0.00233
-0.00233
-0.00233
-0.00233
-0.00233
-0.00232
-0.00231
-0.0023
-0.00228
-0.00228
-0.00226
-0.00224
-0.00222
-0.0022
-0.00218
-0.00216
-0.00212
-0.00209
-0.00206
-0.00203
-0.00199
-0.00195
-0.00191
-0.00186
-0.00181
-0.00177
-0.00171
-0.00166
-0.0016
-0.00154
-0.00148
-0.00142
-0.00135
-0.00129
-0.00122
-0.00115
-0.00108
-0.001
-0.00093
-0.00085
-0.00078
-0.00071
-0.00063
-0.00055
-0.00047
-0.0004
-0.00032
-0.00025
-0.00017
-0.0001
-2e-05
5e-05
0.00012
0.00018
0.00025
0.00032
0.00038
0.00044
0.00051
0.00056
0.00062
0.00067
0.00073
0.00077
0.00082
0.00087
0.00091
0.00096
0.00099
0.00103
0.00107
0.00111
0.00115
0.00117
0.00121
0.00123
0.00127
0.00129
0.00132
0.00134
0.00136
0.00138
0.0014
0.00142
0.00143
0.00144
0.00146
0.00147
0.00148
0.00148
0.00148
0.00148
0.00148
0.00148
0.00147
0.00146
0.00145
0.00144
0.00142
0.0014
0.00138
0.00136
0.00134
0.00131
0.00129
0.00125
0.00122
0.00119
0.00116
0.00112
0.00108
0.00104
0.001
0.00096
0.00092
0.00087
0.00083
0.00078
0.00074
0.00069
0.00065
0.0006
0.00055
0.0005
0.00045
0.0004
0.00035
0.00029
0.00024
0.00018
0.00012
6e-05
0.0
-6e-05
-0.00012
-0.00018
-0.00024
-0.00031
-0.00037
-0.00044
-0.0005
-0.00058
-0.00064
-0.00071
-0.00077
-0.00084
-0.00091
-0.00097
-0.00104
-0.0011
-0.00116
-0.00122
-0.00127
-0.00133
-0.00138
-0.00143
-0.00148
-0.00153
-0.00157
-0.00161
-0.00164
-0.00168
-0.00171
-0.00173
-0.00176
-0.00178
-0.0018
-0.00181
-0.00182
-0.00184
-0.00184
-0.00184
-0.00184
-0.00184
-0.00183
-0.00183
-0.00181
-0.0018
-0.00178
-0.00177
-0.00175
-0.00172
-0.00169
-0.00166
-0.00162
-0.00159
-0.00155
-0.00151
-0.00146
-0.00142
-0.00136
-0.00131
-0.00125
-0.00119
-0.00113
-0.00107
-0.001
-0.00093
-0.00085
-0.00078
-0.0007
-0.00062
-0.00054
-0.00045
-0.00037
-0.00028
-0.00019
-0.0001
-0.0
9e-05
0.00018
0.00028
0.00038
0.00047
0.00057
0.00067
0.00077
0.00086
0.00096
0.00105
0.00115
0.00124
0.00134
0.00142
0.00152
0.0016
0.00169
0.00177
0.00185
0.00193
0.00201
0.00209
0.00216
0.00223
0.0023
0.00236
0.00243
0.00249
0.00255
0.0026
0.00265
0.0027
0.00275
0.00279
0.00283
0.00287
0.0029
0.00294
0.00297
0.00299
0.00301
0.00303
0.00305
0.00306
0.00307
0.00307
0.00308
0.00308
0.00307
0.00307
0.00305
0.00304
0.00303
0.00301
0.00299
0.00295
0.00293
0.0029
0.00287
0.00282
0.00279
0.00274
0.0027
0.00265
0.00261
0.00255
0.0025
0.00245
0.0024
0.00235
0.00229
0.00223
0.00218
0.00212
0.00207
0.00201
0.00195
0.00189
0.00184
0.00178
0.00173
0.00167
0.00161
0.00156
0.0015
0.00145
0.0014
0.00134
0.00129
0.00124
0.00119
0.00113
0.00109
0.00104
0.00099
0.00094
0.00089
0.00085
0.0008
0.00076
0.00072
0.00068
0.00064
0.0006
0.00056
0.00052
0.0005
0.00046
0.00043
0.0004
0.00038
0.00035
0.00033
0.00031
0.00028
0.00026
0.00025
0.00023
0.00021
0.00019
0.00017
0.00015
0.00013
0.0001
8e-05
5e-05
3e-05
-1e-05
-4e-05
-8e-05
-0.00012
-0.00016
-0.0002
-0.00025
-0.0003
-0.00036
-0.00041
-0.00048
-0.00054
-0.00061
-0.00067
-0.00075
-0.00081
-0.00089
-0.00096
-0.00103
-0.00111
-0.00118
-0.00125
-0.00133
-0.0014
-0.00147
-0.00154
-0.0016
-0.00167
-0.00173
-0.00179
-0.00185
-0.0019
-0.00195
-0.002
-0.00205
-0.00209
-0.00213
-0.00217
-0.0022
-0.00223
-0.00226
-0.00229
-0.00231
-0.00233
-0.00235
-0.00236
-0.00238
-0.00238
-0.00239
-0.00239
-0.00239
-0.00239
-0.00238
-0.00236
-0.00235
-0.00232
-0.0023
-0.00226
-0.00223
-0.00219
-0.00215
-0.00209
-0.00204
-0.00198
-0.00191
-0.00184
-0.00177
-0.00169
-0.0016
-0.00151
-0.00142
-0.00132
-0.00123
-0.00112
-0.00102
-0.0009
-0.0008
-0.00068
-0.00057
-0.00045
-0.00033
-0.00022
-0.0001
2e-05
0.00013
0.00025
0.00037
0.00049
0.0006
0.00072
0.00083
0.00094
0.00105
0.00116
0.00127
0.00138
0.00149
0.00159
0.0017
0.0018
0.00191
0.00201
0.00211
0.00222
0.00231
0.00241
0.00251
0.00261
0.0027
0.00279
0.00288
0.00297
0.00305
0.00313
0.0032
0.00327
0.00334
0.0034
0.00346
0.00352
0.00356
0.0036
0.00363
0.00366
0.00368
0.00369
0.0037
0.0037
0.00369
0.00368
0.00366
0.00363
0.0036
0.00357
0.00353
0.00348
0.00342
0.00337
0.0033
0.00324
0.00317
0.0031
0.00302
0.00295
0.00286
0.00278
0.0027
0.00261
0.00253
0.00244
0.00235
0.00226
0.00217
0.00208
0.00198
0.00189
0.0018
0.00171
0.0016
0.00151
0.00141
0.00131
0.00121
0.00111
0.00101
0.00091
0.0008
0.0007
0.00059
0.00049
0.00038
0.00028
0.00017
7e-05
-3e-05
-0.00013
-0.00023
-0.00033
-0.00043
-0.00052
-0.00061
-0.0007
-0.00079
-0.00087
-0.00095
-0.00102
-0.00109
-0.00116
-0.00122
-0.00128
-0.00134
-0.00138
-0.00143
-0.00148
-0.00152
-0.00156
-0.0016
-0.00163
-0.00166
-0.00168
-0.00172
-0.00174
-0.00176
-0.00178
-0.00181
-0.00183
-0.00186
-0.00188
-0.00191
-0.00194
-0.00197
-0.002
-0.00203
-0.00206
-0.00209
-0.00212
-0.00216
-0.0022
-0.00224
-0.00227
-0.00231
-0.00235
-0.0024
-0.00243
-0.00248
-0.00252
-0.00256
-0.0026
-0.00264
-0.00268
-0.00272
-0.00276
-0.0028
-0.00283
-0.00287
-0.0029
-0.00294
-0.00297
-0.003
-0.00303
-0.00306
-0.00309
-0.00312
-0.00315
-0.00317
-0.0032
-0.00322
-0.00325
-0.00328
-0.0033
-0.00333
-0.00335
-0.00338
-0.0034
-0.00343
-0.00345
-0.00348
-0.00351
-0.00354
-0.00357
-0.00359
-0.00362
-0.00365
-0.00367
-0.00371
-0.00373
-0.00376
-0.00378
-0.00381
-0.00383
-0.00385
-0.00387
-0.00389
-0.0039
-0.00392
-0.00394
-0.00394
-0.00395
-0.00396
-0.00396
-0.00396
-0.00395
-0.00395
-0.00394
-0.00393
-0.00391
-0.0039
-0.00387
-0.00384
-0.00381
-0.00378
-0.00375
-0.00371
-0.00366
-0.00362
-0.00356
-0.00352
-0.00346
-0.00341
-0.00334
-0.00328
-0.00322
-0.00316
-0.00308
-0.00302
-0.00295
-0.00288
-0.0028
-0.00273
-0.00265
-0.00258
-0.0025
-0.00242
-0.00234
-0.00227
-0.00218
-0.00211
-0.00203
-0.00195
-0.00187
-0.00179
-0.00171
-0.00163
-0.00155
-0.00147
-0.00139
-0.00131
-0.00123
-0.00115
-0.00107
-0.00099
-0.00091
-0.00083
-0.00075
-0.00068
-0.00059
-0.00052
-0.00044
-0.00036
-0.00029
-0.00021
-0.00014
-6e-05
1e-05
8e-05
0.00015
0.00021
0.00028
0.00034
0.0004
0.00045
0.00052
0.00056
0.00061
0.00066
0.0007
0.00074
0.00078
0.00082
0.00085
0.00088
0.00091
0.00093
0.00095
0.00097
0.00098
0.00099
0.00101
0.00101
0.00102
0.00102
0.00102
0.00102
0.00102
0.00102
0.00102
0.001
0.001
0.00099
0.00098
0.00096
0.00095
0.00093
0.00092
0.0009
0.00088
0.00086
0.00084
0.00082
0.0008
0.00078
0.00075
0.00073
0.0007
0.00068
0.00066
0.00063
0.00061
0.00058
0.00057
0.00055
0.00053
0.00051
0.00049
0.00048
0.00047
0.00046
0.00046
0.00045
0.00046
0.00046
0.00047
0.00047
0.00048
0.00049
0.00052
0.00054
0.00056
0.00059
0.00061
0.00065
0.00068
0.00072
0.00076
0.00079
0.00083
0.00087
0.00092
0.00096
0.001
0.00104
0.00109
0.00113
0.00118
0.00122
0.00127
0.00131
0.00136
0.0014
0.00145
0.00149
0.00154
0.00158
0.00163
0.00167
0.00172
0.00176
0.00181
0.00185
0.0019
0.00195
0.00199
0.00204
0.00209
0.00214
0.00219
0.00224
0.00229
0.00234
0.0024
0.00244
0.00249
0.00254
0.00259
0.00264
0.00268
0.00273
0.00277
0.00282
0.00286
0.00291
0.00295
0.00298
0.00303
0.00306
0.0031
0.00313
0.00317
0.0032
0.00323
0.00326
0.00329
0.00332
0.00334
0.00337
0.0034
0.00343
0.00345
0.00347
0.0035
0.00352
0.00354
0.00355
0.00357
0.00358
0.0036
0.00361
0.00362
0.00362
0.00363
0.00363
0.00363
0.00362
0.00361
0.0036
0.00358
0.00356
0.00354
0.00351
0.00347
0.00343
0.0034
0.00335
0.0033
0.00325
0.00319
0.00313
0.00308
0.00301
0.00294
0.00287
0.0028
0.00273
0.00266
0.00258
0.0025
0.00242
0.00235
0.00227
0.00219
0.00211
0.00203
0.00196
0.00188
0.00181
0.00174
0.00166
0.00159
0.00152
0.00145
0.00138
0.00131
0.00124
0.00118
0.00112
0.00105
0.00099
0.00092
0.00086
0.0008
0.00074
0.00067
0.00061
0.00055
0.00048
0.00042
0.00035
0.00029
0.00022
0.00016
0.0001
3e-05
-4e-05
-0.0001
-0.00017
-0.00023
-0.0003
-0.00036
-0.00042
-0.00048
-0.00055
-0.0006
-0.00066
-0.00072
-0.00077
-0.00082
-0.00087
-0.00091
-0.00095
-0.00099
-0.00103
-0.00105
-0.00108
-0.0011
-0.00112
-0.00113
-0.00115
-0.00115
-0.00115
-0.00115
-0.00114
-0.00112
-0.00111
-0.00109
-0.00107
-0.00104
-0.00101
-0.00097
-0.00094
-0.00089
-0.00085
-0.00081
-0.00076
-0.0007
-0.00065
-0.0006
-0.00054
-0.00048
-0.00042
-0.00036
-0.0003
-0.00024
-0.00017
-0.0001
-4e-05
3e-05
0.0001
0.00017
0.00024
0.00031
0.00038
0.00046
0.00052
0.0006
0.00068
0.00075
0.00082
0.0009
0.00098
0.00106
0.00114
0.00122
0.00129
0.00138
0.00145
0.00154
0.00161
0.0017
0.00177
0.00186
0.00194
0.00202
0.0021
0.00218
0.00226
0.00234
0.00242
0.0025
0.00257
0.00266
0.00273
0.00281
0.00288
0.00296
0.00303
0.00311
0.00318
0.00325
0.00332
0.00339
0.00346
0.00353
0.00359
0.00366
0.00371
0.00378
0.00383
0.00389
0.00394
0.00399
0.00403
0.00408
0.00412
0.00415
0.00419
0.00422
0.00424
0.00427
0.00429
0.00431
0.00431
0.00432
0.00432
0.00433
0.00432
0.00431
0.0043
0.00429
0.00427
0.00424
0.00421
0.00418
0.00415
0.00411
0.00407
0.00402
0.00397
0.00392
0.00386
0.0038
0.00373
0.00366
0.00359
0.00352
0.00343
0.00335
0.00326
0.00316
0.00307
0.00297
0.00287
0.00276
0.00264
0.00253
0.00241
0.00229
0.00216
0.00203
0.00189
0.00176
0.00162
0.00148
0.00134
0.00119
0.00104
0.0009
0.00075
0.0006
0.00044
0.0003
0.00014
-1e-05
-0.00016
-0.00031
-0.00046
-0.00061
-0.00076
-0.0009
-0.00105
-0.0012
-0.00134
-0.00147
-0.00161
-0.00174
-0.00188
-0.00201
-0.00214
-0.00226
-0.00239
-0.0025
-0.00263
-0.00274
-0.00285
-0.00297
-0.00307
-0.00318
-0.00328
-0.00338
-0.00348
-0.00357
-0.00366
-0.00375
-0.00383
-0.00391
-0.00399
-0.00406
-0.00413
-0.00419
-0.00425
-0.00431
-0.00436
-0.00441
-0.00445
-0.00449
-0.00453
-0.00455
-0.00459
-0.0046
-0.00462
-0.00463
-0.00465
-0.00465
-0.00466
-0.00465
-0.00465
-0.00464
-0.00463
-0.00461
-0.00459
-0.00457
-0.00454
-0.00451
-0.00448
-0.00445
-0.00441
-0.00437
-0.00433
-0.00428
-0.00424
-0.00419
-0.00414
-0.00408
-0.00403
-0.00397
-0.00391
-0.00385
-0.00378
-0.00372
-0.00365
-0.00358
-0.00351
-0.00343
-0.00336
-0.00328
-0.00321
-0.00312
-0.00304
-0.00296
-0.00288
-0.00279
-0.00271
-0.00262
-0.00253
-0.00244
-0.00236
-0.00227
-0.00218
-0.00209
-0.00201
-0.00192
-0.00183
-0.00174
-0.00166
-0.00157
-0.00149
-0.00141
-0.00133
-0.00125
-0.00117
-0.0011
-0.00103
-0.00095
-0.00089
-0.00081
-0.00075
-0.00069
-0.00063
-0.00057
-0.00051
-0.00046
-0.00041
-0.00036
-0.00031
-0.00026
-0.00022
-0.00017
-0.00014
-0.0001
-6e-05
-2e-05
1e-05
5e-05
7e-05
0.00011
0.00014
0.00017
0.00019
0.00022
0.00025
0.00027
0.0003
0.00033
0.00034
0.00037
0.00039
0.00041
0.00043
0.00045
0.00046
0.00048
0.0005
0.00051
0.00052
0.00053
0.00055
0.00056
0.00057
0.00058
0.00058
0.00059
0.00059
0.0006
0.0006
0.00061
0.00061
0.00062
0.00062
0.00063
0.00063
0.00064
0.00065
0.00065
0.00066
0.00067
0.00068
0.00069
0.0007
0.00072
0.00072
0.00074
0.00075
0.00077
0.00078
0.0008
0.00082
0.00083
0.00085
0.00087
0.00088
0.00091
0.00091
0.00094
0.00095
0.00097
0.00098
0.001
0.00101
0.00103
0.00104
0.00105
0.00106
0.00107
0.00109
0.0011
0.00111
0.00113
0.00113
0.00115
0.00116
0.00117
0.00118
0.00119
0.0012
0.00122
0.00123
0.00124
0.00125
0.00126
0.00127
0.00128
0.00128
0.00129
0.00129
0.00129
0.00129
0.00129
0.00128
0.00127
0.00125
0.00124
0.00122
0.00119
0.00116
0.00113
0.00109
0.00105
0.001
0.00096
0.0009
0.00084
0.00078
0.00072
0.00064
0.00057
0.0005
0.00042
0.00034
0.00026
0.00018
9e-05
1e-05
-8e-05
-0.00017
-0.00025
-0.00034
-0.00043
-0.00052
-0.0006
-0.00069
-0.00077
-0.00086
-0.00094
-0.00103
-0.00111
-0.0012
-0.00128
-0.00136
-0.00144
-0.00152
-0.0016
-0.00169
-0.00176
-0.00184
-0.00192
-0.002
-0.00208
-0.00217
-0.00224
-0.00232
-0.0024
-0.00248
-0.00256
-0.00264
-0.00271
-0.00279
-0.00286
-0.00294
-0.003
-0.00307
-0.00314
-0.0032
-0.00326
-0.00332
-0.00337
-0.00343
-0.00347
-0.00352
-0.00356
-0.00359
-0.00362
-0.00365
-0.00367
-0.00369
-0.0037
-0.00372
-0.00372
-0.00372
-0.00372
-0.00372
-0.00371
-0.0037
-0.00369
-0.00367
-0.00366
-0.00364
-0.00362
-0.0036
-0.00358
-0.00356
-0.00354
-0.00352
-0.0035
-0.00348
-0.00346
-0.00345
-0.00343
-0.00342
-0.00341
-0.00341
-0.0034
-0.00339
-0.00339
-0.00339
-0.00338
-0.00339
-0.00339
-0.00339
-0.00339
-0.0034
-0.00341
-0.00342
-0.00342
-0.00343
-0.00343
-0.00344
-0.00345
-0.00346
-0.00346
-0.00347
-0.00347
-0.00348
-0.00348
-0.00349
-0.00349
-0.00349
-0.00349
-0.0035
-0.00349
-0.0035
-0.0035
-0.0035
-0.0035
-0.00349
-0.00349
-0.00348
-0.00348
-0.00347
-0.00346
-0.00346
-0.00344
-0.00344
-0.00342
-0.00341
-0.00338
-0.00337
-0.00334
-0.00332
-0.00329
-0.00326
-0.00322
-0.00318
-0.00313
-0.00309
-0.00304
-0.00298
-0.00292
-0.00286
-0.00279
-0.00272
-0.00264
-0.00257
-0.00248
-0.0024
-0.00231
-0.00222
-0.00213
-0.00203
-0.00192
-0.00183
-0.00172
-0.00162
-0.00151
-0.00141
-0.00129
-0.00119
-0.00108
-0.00097
-0.00086
-0.00075
-0.00064
-0.00054
-0.00042
-0.00032
-0.00021
-0.0001
1e-05
0.00011
0.00022
0.00032
0.00043
0.00053
0.00064
0.00074
0.00084
0.00094
0.00104
0.00114
0.00124
0.00134
0.00144
0.00154
0.00164
0.00173
0.00183
0.00192
0.00201
0.0021
0.00219
0.00227
0.00236
0.00244
0.00252
0.0026
0.00267
0.00275
0.00282
0.00288
0.00295
0.00301
0.00307
0.00313
0.00318
0.00323
0.00328
0.00332
0.00336
0.0034
0.00343
0.00347
0.0035
0.00352
0.00355
0.00357
0.00359
0.0036
0.00362
0.00363
0.00364
0.00364
0.00365
0.00365
0.00365
0.00365
0.00365
0.00365
0.00364
0.00364
0.00363
0.00362
0.00361
0.0036
0.00359
0.00357
0.00356
0.00355
0.00354
0.00352
0.0035
0.00349
0.00347
0.00345
0.00343
0.00341
0.00339
0.00336
0.00334
0.00331
0.00329
0.00325
0.00322
0.00319
0.00315
0.00311
0.00307
0.00303
0.00298
0.00293
0.00288
0.00283
0.00278
0.00271
0.00266
0.00259
0.00253
0.00246
0.00239
0.00232
0.00225
0.00218
0.0021
0.00202
0.00195
0.00187
0.0018
0.00172
0.00165
0.00156
0.00149
0.00141
0.00134
0.00126
0.00119
0.00111
0.00104
0.00097
0.0009
0.00083
0.00076
0.00069
0.00063
0.00056
0.0005
0.00043
0.00037
0.0003
0.00024
0.00018
0.00012
6e-05
0.0
-6e-05
-0.00011
-0.00017
-0.00023
-0.00028
-0.00033
-0.00038
-0.00043
-0.00048
-0.00053
-0.00057
-0.00061
-0.00066
-0.0007
-0.00074
-0.00077
-0.00081
-0.00084
-0.00087
-0.0009
-0.00093
-0.00095
-0.00097
-0.00099
-0.00101
-0.00102
-0.00103
-0.00104
-0.00106
-0.00106
-0.00107
-0.00107
-0.00107
-0.00107
-0.00107
-0.00107
-0.00107
-0.00106
-0.00105
-0.00104
-0.00104
-0.00103
-0.00102
-0.001
-0.001
-0.00098
-0.00098
-0.00096
-0.00095
-0.00094
-0.00093
-0.00092
-0.0009
-0.00089
-0.00088
-0.00086
-0.00086
-0.00085
-0.00084
-0.00082
-0.00082
-0.00081
-0.0008
-0.00079
-0.00079
-0.00078
-0.00077
-0.00077
-0.00076
-0.00075
-0.00075
-0.00074
-0.00074
-0.00073
-0.00073
-0.00072
-0.00072
-0.00071
-0.00071
-0.00071
-0.0007
-0.0007
-0.0007
-0.0007
-0.0007
-0.00069
-0.00069
-0.00069
-0.0007
-0.0007
-0.0007
-0.00071
-0.00072
-0.00072
-0.00073
-0.00074
-0.00075
-0.00077
-0.00078
-0.0008
-0.00082
-0.00083
-0.00085
-0.00087
-0.0009
-0.00092
-0.00095
-0.00097
-0.001
-0.00102
-0.00105
-0.00107
-0.00109
-0.00112
-0.00114
-0.00116
-0.00118
-0.0012
-0.00121
-0.00123
-0.00125
-0.00125
-0.00126
-0.00127
-0.00128
-0.00128
-0.00128
-0.00127
-0.00127
-0.00127
-0.00126
-0.00125
-0.00124
-0.00123
-0.00121
-0.00119
-0.00118
-0.00116
-0.00114
-0.00112
-0.0011
-0.00107
-0.00105
-0.00102
-0.00099
-0.00096
-0.00094
-0.00091
-0.00087
-0.00084
-0.0008
-0.00076
-0.00073
-0.00068
-0.00064
-0.00059
-0.00055
-0.0005
-0.00046
-0.0004
-0.00035
-0.00029
-0.00023
-0.00017
-0.00011
-5e-05
2e-05
9e-05
0.00015
0.00023
0.0003
0.00037
0.00044
0.00052
0.00059
0.00067
0.00074
0.00082
0.00089
0.00096
0.00104
0.00112
0.00119
0.00127
0.00133
0.00141
0.00148
0.00155
0.00162
0.00169
0.00175
0.00183
0.00189
0.00195
0.00202
0.00207
0.00214
0.00219
0.00225
0.00231
0.00235
0.00241
0.00245
0.0025
0.00253
0.00258
0.0026
0.00264
0.00267
0.00269
0.00271
0.00272
0.00273
0.00274
0.00275
0.00275
0.00274
0.00273
0.00271
0.0027
0.00267
0.00265
0.00261
0.00258
0.00254
0.0025
0.00245
0.0024
0.00235
0.0023
0.00225
0.00219
0.00213
0.00207
0.00201
0.00195
0.00188
0.00182
0.00175
0.00169
0.00162
0.00156
0.00149
0.00143
0.00137
0.00131
0.00124
0.00118
0.00112
0.00107
0.00101
0.00096
0.0009
0.00085
0.0008
0.00075
0.0007
0.00066
0.00062
0.00058
0.00054
0.00051
0.00048
0.00045
0.00043
0.00041
0.00038
0.00037
0.00035
0.00035
0.00034
0.00034
0.00033
0.00033
0.00033
0.00034
0.00035
0.00036
0.00037
0.00038
0.00039
0.00041
0.00042
0.00044
0.00045
0.00047
0.00048
0.0005
0.00052
0.00053
0.00054
0.00055
0.00056
0.00057
0.00058
0.00058
0.00058
0.00059
0.00059
0.00059
0.00059
0.00059
0.00058
0.00058
0.00057
0.00057
0.00056
0.00055
0.00055
0.00054
0.00053
0.00053
0.00051
0.00051
0.0005
0.00049
0.00048
0.00047
0.00046
0.00046
0.00045
0.00044
0.00043
0.00041
0.0004
0.00039
0.00038
0.00037
0.00035
0.00034
0.00032
0.0003
0.00028
0.00026
0.00024
0.00022
0.0002
0.00018
0.00015
0.00013
0.00011
9e-05
7e-05
5e-05
3e-05
1e-05
-1e-05
-2e-05
-4e-05
-5e-05
-6e-05
-6e-05
-7e-05
-7e-05
-7e-05
-7e-05
-6e-05
-5e-05
-4e-05
-2e-05
-1e-05
1e-05
3e-05
5e-05
7e-05
0.00011
0.00013
0.00017
0.0002
0.00023
0.00026
0.0003
0.00034
0.00038
0.00042
0.00046
0.00049
0.00054
0.00058
0.00063
0.00067
0.00071
0.00075
0.00081
0.00085
0.0009
0.00095
0.00099
0.00105
0.0011
0.00115
0.00121
0.00126
0.00132
0.00137
0.00143
0.00148
0.00154
0.0016
0.00166
0.00172
0.00178
0.00183
0.00189
0.00195
0.002
0.00206
0.00211
0.00216
0.00221
0.00225
0.0023
0.00233
0.00237
0.0024
0.00244
0.00246
0.00248
0.0025
0.00251
0.00252
0.00252
0.00252
0.00252
0.0025
0.00249
0.00246
0.00244
0.00241
0.00237
0.00232
0.00228
0.00223
0.00217
0.00211
0.00204
0.00197
0.0019
0.00182
0.00174
0.00164
0.00156
0.00146
0.00136
0.00126
0.00116
0.00105
0.00094
0.00083
0.00071
0.0006
0.00048
0.00037
0.00025
0.00014
3e-05
-9e-05
-0.0002
-0.00031
-0.00041
-0.00052
-0.00062
-0.00072
-0.00081
-0.00091
-0.001
-0.00108
-0.00116
-0.00123
-0.0013
-0.00136
-0.00141
-0.00147
-0.00151
-0.00156
-0.00159
-0.00162
-0.00165
-0.00167
-0.00168
-0.00169
-0.0017
-0.0017
-0.0017
-0.00169
-0.00168
-0.00166
-0.00164
-0.00162
-0.00159
-0.00156
-0.00152
-0.00148
-0.00144
-0.0014
-0.00135
-0.0013
-0.00125
-0.00119
-0.00113
-0.00107
-0.001
-0.00094
-0.00086
-0.0008
-0.00072
-0.00065
-0.00056
