2.05916396240838E+03

-0.00028
-0.00033
-0.00037
-0.00042
-0.00047
-0.00052
-0.00057
-0.00063
-0.00068
-0.00073
-0.00078
-0.00084
-0.00089
-0.00094
-0.00099
-0.00105
-0.00109
-0.00114
-0.00119
-0.00124
-0.00127
-0.00131
-0.00135
-0.00138
-0.00142
-0.00144
-0.00147
-0.00149
-0.00151
-0.00153
-0.00154
-0.00155
-0.00156
-0.00156
-0.00156
-0.00157
-0.00156
-0.00156
-0.00156
-0.00155
-0.00155
-0.00154
-0.00152
-0.00151
-0.0015
-0.0015
-0.00148
-0.00147
-0.00146
-0.00145
-0.00143
-0.00143
-0.00141
-0.0014
-0.00139
-0.00138
-0.00137
-0.00135
-0.00134
-0.00132
-0.0013
-0.00129
-0.00127
-0.00126
-0.00123
-0.00122
-0.00119
-0.00117
-0.00114
-0.00112
-0.00109
-0.00106
-0.00103
-0.001
-0.00096
-0.00093
-0.00089
-0.00085
-0.00081
-0.00077
-0.00072
-0.00068
-0.00063
-0.00059
-0.00054
-0.0005
-0.00045
-0.0004
-0.00035
-0.00029
-0.00024
-0.00019
-0.00013
-8e-05
-2e-05
3e-05
0.0001
0.00015
0.00021
0.00026
0.00033
0.00038
0.00044
0.0005
0.00056
0.00062
0.00068
0.00074
0.0008
0.00085
0.00091
0.00096
0.00102
0.00106
0.00112
0.00116
0.00121
0.00125
0.00129
0.00133
0.00137
0.0014
0.00143
0.00146
0.00149
0.00151
0.00153
0.00155
0.00157
0.00157
0.00158
0.00159
0.0016
0.00159
0.00159
0.00159
0.00158
0.00158
0.00157
0.00155
0.00154
0.00152
0.00151
0.00149
0.00147
0.00144
0.00142
0.00139
0.00137
0.00134
0.00131
0.00127
0.00124
0.00121
0.00117
0.00114
0.0011
0.00106
0.00102
0.00098
0.00094
0.0009
0.00086
0.00081
0.00077
0.00072
0.00067
0.00063
0.00058
0.00053
0.00048
0.00044
0.00039
0.00034
0.0003
0.00025
0.0002
0.00015
0.00011
6e-05
2e-05
-3e-05
-7e-05
-0.00011
-0.00016
-0.00019
-0.00023
-0.00027
-0.0003
-0.00034
-0.00037
-0.00041
-0.00043
-0.00047
-0.00049
-0.00053
-0.00054
-0.00057
-0.0006
-0.00062
-0.00064
-0.00067
-0.00068
-0.0007
-0.00072
-0.00074
-0.00075
-0.00077
-0.00078
-0.0008
-0.00081
-0.00083
-0.00084
-0.00085
-0.00086
-0.00087
-0.00088
-0.00088
-0.00089
-0.00089
-0.00089
-0.0009
-0.0009
-0.0009
-0.0009
-0.0009
-0.00089
-0.00089
-0.00088
-0.00087
-0.00086
-0.00086
-0.00085
-0.00084
-0.00083
-0.00081
-0.0008
-0.0008
-0.00078
-0.00078
-0.00076
-0.00076
-0.00075
-0.00075
-0.00074
-0.00074
-0.00073
-0.00073
-0.00074
-0.00074
-0.00074
-0.00075
-0.00075
-0.00076
-0.00077
-0.00078
-0.00079
-0.00081
-0.00082
-0.00084
-0.00085
-0.00087
-0.00089
-0.00091
-0.00093
-0.00094
-0.00096
-0.00098
-0.00099
-0.00102
-0.00103
-0.00106
-0.00107
-0.00109
-0.00111
-0.00114
-0.00115
-0.00117
-0.0012
-0.00122
-0.00124
-0.00126
-0.00129
-0.00131
-0.00133
-0.00136
-0.00138
-0.0014
-0.00142
-0.00145
-0.00147
-0.00149
-0.00151
-0.00153
-0.00154
-0.00156
-0.00157
-0.00158
-0.00158
-0.00158
-0.00158
-0.00158
-0.00157
-0.00156
-0.00154
-0.00152
-0.0015
-0.00147
-0.00143
-0.0014
-0.00136
-0.00131
-0.00126
-0.00121
-0.00115
-0.00109
-0.00103
-0.00097
-0.0009
-0.00083
-0.00076
-0.00069
-0.00061
-0.00054
-0.00046
-0.00038
-0.00031
-0.00023
-0.00015
-7e-05
1e-05
8e-05
0.00016
0.00024
0.00032
0.00039
0.00047
0.00054
0.00062
0.00069
0.00077
0.00084
0.00091
0.00098
0.00105
0.00113
0.0012
0.00126
0.00133
0.00139
0.00146
0.00152
0.00159
0.00164
0.0017
0.00175
0.00181
0.00186
0.00191
0.00195
0.002
0.00204
0.00208
0.00211
0.00215
0.00218
0.00221
0.00223
0.00226
0.00228
0.0023
0.00231
0.00233
0.00234
0.00235
0.00236
0.00236
0.00237
0.00237
0.00237
0.00237
0.00237
0.00237
0.00236
0.00235
0.00234
0.00233
0.00232
0.00231
0.00229
0.00228
0.00226
0.00224
0.00222
0.00221
0.00219
0.00217
0.00214
0.00212
0.0021
0.00208
0.00206
0.00204
0.00201
0.00199
0.00197
0.00195
0.00193
0.00191
0.00189
0.00188
0.00186
0.00185
0.00183
0.00182
0.0018
0.0018
0.00178
0.00178
0.00176
0.00176
0.00175
0.00175
0.00175
0.00175
0.00175
0.00175
0.00175
0.00176
0.00176
0.00177
0.00177
0.00179
0.00179
0.00181
0.00182
0.00184
0.00186
0.00188
0.0019
0.00193
0.00195
0.00198
0.00202
0.00205
0.00208
0.00213
0.00216
0.00221
0.00225
0.0023
0.00234
0.00239
0.00244
0.00249
0.00253
0.00258
0.00263
0.00268
0.00273
0.00278
0.00282
0.00287
0.00291
0.00295
0.00299
0.00302
0.00305
0.00309
0.00312
0.00314
0.00316
0.00318
0.0032
0.00321
0.00323
0.00324
0.00324
0.00324
0.00324
0.00324
0.00323
0.00322
0.00321
0.0032
0.00318
0.00316
0.00313
0.0031
0.00308
0.00304
0.00301
0.00297
0.00293
0.00289
0.00283
0.00279
0.00273
0.00267
0.00261
0.00255
0.00247
0.0024
0.00232
0.00224
0.00216
0.00208
0.00199
0.0019
0.0018
0.00171
0.0016
0.0015
0.00139
0.00128
0.00117
0.00106
0.00094
0.00082
0.0007
0.00058
0.00046
0.00034
0.00021
9e-05
-4e-05
-0.00016
-0.00029
-0.00041
-0.00055
-0.00067
-0.0008
-0.00092
-0.00105
-0.00118
-0.0013
-0.00143
-0.00154
-0.00166
-0.00178
-0.00189
-0.00201
-0.00211
-0.00222
-0.00231
-0.00241
-0.0025
-0.0026
-0.00267
-0.00275
-0.00283
-0.0029
-0.00296
-0.00301
-0.00306
-0.00311
-0.00314
-0.00318
-0.0032
-0.00322
-0.00323
-0.00325
-0.00324
-0.00324
-0.00323
-0.00322
-0.0032
-0.00318
-0.00315
-0.00312
-0.00308
-0.00304
-0.00299
-0.00295
-0.0029
-0.00285
-0.00279
-0.00274
-0.00268
-0.00262
-0.00256
-0.0025
-0.00244
-0.00237
-0.00231
-0.00224
-0.00217
-0.0021
-0.00203
-0.00197
-0.00189
-0.00182
-0.00175
-0.00168
-0.0016
-0.00153
-0.00145
-0.00138
-0.0013
-0.00123
-0.00115
-0.00107
-0.00099
-0.00091
-0.00083
-0.00076
-0.00067
-0.00059
-0.0005
-0.00042
-0.00034
-0.00026
-0.00017
-9e-05
-1e-05
7e-05
0.00016
0.00024
0.00032
0.0004
0.00048
0.00055
0.00062
0.00069
0.00077
0.00083
0.0009
0.00095
0.00102
0.00107
0.00112
0.00117
0.00121
0.00125
0.00129
0.00132
0.00135
0.00137
0.0014
0.00141
0.00143
0.00143
0.00144
0.00144
0.00144
0.00143
0.00142
0.0014
0.00138
0.00136
0.00134
0.00131
0.00128
0.00125
0.00122
0.00118
0.00114
0.00109
0.00105
0.001
0.00096
0.00091
0.00086
0.0008
0.00075
0.00069
0.00064
0.00058
0.00052
0.00046
0.0004
0.00034
0.00028
0.00021
0.00014
7e-05
1e-05
-6e-05
-0.00014
-0.00021
-0.00028
-0.00035
-0.00042
-0.0005
-0.00057
-0.00064
-0.00071
-0.00079
-0.00086
-0.00093
-0.001
-0.00107
-0.00114
-0.00121
-0.00128
-0.00134
-0.00141
-0.00147
-0.00153
-0.00159
-0.00165
-0.00171
-0.00176
-0.00181
-0.00186
-0.00191
-0.00196
-0.00201
-0.00205
-0.00209
-0.00214
-0.00218
-0.00222
-0.00225
-0.00229
-0.00232
-0.00235
-0.00239
-0.00241
-0.00245
-0.00247
-0.0025
-0.00253
-0.00255
-0.00257
-0.00259
-0.00262
-0.00263
-0.00265
-0.00266
-0.00268
-0.00269
-0.0027
-0.00271
-0.00271
-0.00271
-0.00271
-0.00271
-0.0027
-0.0027
-0.00268
-0.00267
-0.00265
-0.00263
-0.00261
-0.00258
-0.00255
-0.00251
-0.00247
-0.00244
-0.00239
-0.00234
-0.00229
-0.00224
-0.00217
-0.00212
-0.00205
-0.00198
-0.00191
-0.00184
-0.00177
-0.00169
-0.0016
-0.00152
-0.00143
-0.00135
-0.00126
-0.00117
-0.00107
-0.00098
-0.00088
-0.00079
-0.00069
-0.00059
-0.00049
-0.00039
-0.00028
-0.00018
-7e-05
4e-05
0.00015
0.00026
0.00038
0.00049
0.00061
0.00073
0.00085
0.00097
0.00111
0.00124
0.00137
0.0015
0.00164
0.00178
0.00193
0.00208
0.00223
0.00238
0.00254
0.00269
0.00286
0.00302
0.00319
0.00336
0.00353
0.00371
0.00388
0.00406
0.00424
0.00443
0.00461
0.0048
0.00499
0.00517
0.00537
0.00556
0.00576
0.00595
0.00615
0.00634
0.00655
0.00674
0.00695
0.00715
0.00735
0.00756
0.00777
0.00798
0.0082
0.00841
0.00863
0.00884
0.00907
0.00929
0.00951
0.00973
0.00996
0.01018
0.01041
0.01063
0.01086
0.01109
0.01132
0.01154
0.01177
0.01199
0.01222
0.01244
0.01266
0.01288
0.0131
0.01331
0.01353
0.01374
0.01395
0.01415
0.01435
0.01455
0.01475
0.01495
0.01514
0.01533
0.01552
0.0157
0.01588
0.01606
0.01623
0.0164
0.01658
0.01675
0.01692
0.01708
0.01724
0.0174
0.01756
0.01771
0.01787
0.01801
0.01816
0.01831
0.01845
0.01859
0.01873
0.01886
0.01899
0.01911
0.01923
0.01935
0.01947
0.01958
0.01968
0.01978
0.01988
0.01997
0.02006
0.02014
0.02022
0.02029
0.02036
0.02041
0.02048
0.02053
0.02057
0.02061
0.02065
0.02068
0.02071
0.02073
0.02075
0.02075
0.02076
0.02076
0.02077
0.02076
0.02075
0.02073
0.02072
0.02069
0.02067
0.02063
0.0206
0.02056
0.02052
0.02048
0.02044
0.02038
0.02033
0.02028
0.02022
0.02016
0.02009
0.02003
0.01996
0.01989
0.01982
0.01975
0.01967
0.01959
0.01951
0.01943
0.01935
0.01927
0.01919
0.0191
0.01902
0.01893
0.01884
0.01875
0.01866
0.01857
0.01848
0.01839
0.0183
0.01821
0.01813
0.01804
0.01795
0.01786
0.01777
0.01768
0.0176
0.01751
0.01743
0.01734
0.01726
0.01717
0.01709
0.01701
0.01693
0.01685
0.01677
0.01669
0.01662
0.01653
0.01646
0.01638
0.01631
0.01623
0.01616
0.01608
0.016
0.01592
0.01585
0.01577
0.01569
0.01561
0.01554
0.01546
0.01538
0.01529
0.01521
0.01513
0.01505
0.01497
0.01489
0.0148
0.01472
0.01463
0.01455
0.01446
0.01437
0.01429
0.0142
0.01412
0.01403
0.01394
0.01385
0.01376
0.01368
0.01358
0.01349
0.0134
0.01331
0.01322
0.01312
0.01302
0.01293
0.01283
0.01273
0.01263
0.01253
0.01242
0.01231
0.01221
0.0121
0.01199
0.01188
0.01176
0.01165
0.01154
0.01143
0.01131
0.01119
0.01108
0.01097
0.01086
0.01075
0.01063
0.01053
0.01042
0.01032
0.01021
0.01012
0.01002
0.00992
0.00983
0.00974
0.00965
0.00957
0.00949
0.00941
0.00933
0.00926
0.00918
0.00912
0.00905
0.00899
0.00892
0.00886
0.0088
0.00875
0.00869
0.00864
0.00859
0.00854
0.00849
0.00845
0.00841
0.00837
0.00832
0.00828
0.00825
0.00822
0.00818
0.00815
0.00812
0.00809
0.00806
0.00804
0.00802
0.00799
0.00797
0.00795
0.00793
0.00792
0.00789
0.00788
0.00785
0.00783
0.0078
0.00778
0.00775
0.00772
0.00769
0.00765
0.0076
0.00756
0.00751
0.00745
0.00739
0.00733
0.00725
0.00718
0.00709
0.00701
0.00691
0.00682
0.00671
0.0066
0.00648
0.00637
0.00624
0.00611
0.00598
0.00584
0.0057
0.00556
0.0054
0.00526
0.0051
0.00495
0.00478
0.00462
0.00446
0.0043
0.00413
0.00396
0.00379
0.00362
0.00344
0.00327
0.00309
0.00292
0.00273
0.00256
0.00237
0.00219
0.00201
0.00182
0.00163
0.00145
0.00126
0.00107
0.00087
0.00068
0.00049
0.0003
0.00012
-7e-05
-0.00026
-0.00044
-0.00062
-0.0008
-0.00098
-0.00114
-0.00131
-0.00147
-0.00162
-0.00177
-0.00191
-0.00204
-0.00216
-0.00228
-0.00239
-0.00248
-0.00258
-0.00265
-0.00273
-0.00278
-0.00284
-0.00288
-0.00292
-0.00294
-0.00296
-0.00297
-0.00297
-0.00296
-0.00295
-0.00293
-0.0029
-0.00287
-0.00284
-0.00279
-0.00275
-0.0027
-0.00265
-0.00259
-0.00254
-0.00248
-0.00242
-0.00236
-0.0023
-0.00223
-0.00217
-0.0021
-0.00204
-0.00197
-0.00191
-0.00184
-0.00177
-0.00169
-0.00163
-0.00155
-0.00148
-0.0014
-0.00132
-0.00124
-0.00116
-0.00107
-0.00098
-0.00089
-0.0008
-0.0007
-0.00061
-0.0005
-0.0004
-0.00029
-0.00019
-8e-05
3e-05
0.00014
0.00025
0.00036
0.00047
0.00058
0.0007
0.00081
0.00092
0.00102
0.00112
0.00123
0.00133
0.00143
0.00152
0.00161
0.00169
0.00178
0.00186
0.00193
0.00201
0.00207
0.00214
0.0022
0.00226
0.00232
0.00237
0.00241
0.00246
0.0025
0.00253
0.00256
0.00259
0.00262
0.00263
0.00265
0.00266
0.00266
0.00267
0.00267
0.00266
0.00265
0.00262
0.0026
0.00257
0.00254
0.0025
0.00245
0.0024
0.00235
0.00228
0.00221
0.00214
0.00205
0.00197
0.00188
0.00179
0.00169
0.00158
0.00148
0.00136
0.00125
0.00113
0.00102
0.00089
0.00077
0.00065
0.00052
0.00039
0.00027
0.00014
2e-05
-0.00011
-0.00023
-0.00036
-0.00047
-0.0006
-0.00071
-0.00083
-0.00094
-0.00106
-0.00116
-0.00127
-0.00138
-0.00148
-0.00158
-0.00167
-0.00176
-0.00185
-0.00193
-0.00202
-0.00209
-0.00217
-0.00224
-0.00231
-0.00236
-0.00243
-0.00247
-0.00252
-0.00256
-0.0026
-0.00263
-0.00265
-0.00267
-0.00268
-0.00268
-0.00268
-0.00267
-0.00266
-0.00263
-0.00261
-0.00257
-0.00253
-0.00248
-0.00242
-0.00236
-0.0023
-0.00222
-0.00214
-0.00205
-0.00196
-0.00186
-0.00177
-0.00166
-0.00155
-0.00144
-0.00132
-0.0012
-0.00108
-0.00096
-0.00083
-0.00071
-0.00058
-0.00045
-0.00032
-0.00019
-7e-05
7e-05
0.00019
0.00032
0.00044
0.00057
0.00069
0.00081
0.00092
0.00105
0.00116
0.00127
0.00138
0.00149
0.0016
0.00171
0.00182
0.00193
0.00202
0.00213
0.00223
0.00233
0.00243
0.00253
0.00262
0.00272
0.00281
0.00291
0.003
0.00309
0.00318
0.00328
0.00337
0.00346
0.00354
0.00364
0.00372
0.00381
0.00389
0.00398
0.00406
0.00415
0.00422
0.00431
0.00438
0.00446
0.00453
0.00461
0.00468
0.00475
0.00482
0.00489
0.00495
0.00502
0.00507
0.00514
0.00519
0.00525
0.0053
0.00535
0.00539
0.00543
0.00548
0.00552
0.00555
0.00559
0.00562
0.00565
0.00567
0.0057
0.00572
0.00573
0.00574
0.00576
0.00576
0.00577
0.00577
0.00576
0.00576
0.00575
0.00574
0.00573
0.00571
0.0057
0.00567
0.00565
0.00562
0.0056
0.00556
0.00554
0.0055
0.00546
0.00543
0.00538
0.00535
0.0053
0.00526
0.00522
0.00516
0.00512
0.00506
0.00502
0.00496
0.00491
0.00484
0.00479
0.00473
0.00466
0.0046
0.00453
0.00446
0.00439
0.00432
0.00425
0.00417
0.00409
0.00401
0.00394
0.00385
0.00378
0.00369
0.00361
0.00353
0.00344
0.00336
0.00328
0.00319
0.00311
0.00303
0.00295
0.00287
0.0028
0.00272
0.00265
0.00257
0.0025
0.00242
0.00236
0.00229
0.00222
0.00215
0.00209
0.00202
0.00196
0.0019
0.00184
0.00177
0.00172
0.00165
0.0016
0.00153
0.00148
0.00141
0.00136
0.0013
0.00124
0.00118
0.00112
0.00106
0.001
0.00095
0.00089
0.00083
0.00077
0.00071
0.00066
0.0006
0.00055
0.00049
0.00044
0.00039
0.00033
0.00028
0.00023
0.00018
0.00013
7e-05
3e-05
-3e-05
-8e-05
-0.00013
-0.00018
-0.00023
-0.00028
-0.00034
-0.00039
-0.00044
-0.0005
-0.00055
-0.0006
-0.00066
-0.00071
-0.00076
-0.00081
-0.00087
-0.00092
-0.00097
-0.00102
-0.00107
-0.00111
-0.00116
-0.0012
-0.00124
-0.00128
-0.00132
-0.00135
-0.00138
-0.00141
-0.00144
-0.00146
-0.00148
-0.00149
-0.00151
-0.00152
-0.00153
-0.00154
-0.00155
-0.00154
-0.00155
-0.00155
-0.00155
-0.00154
-0.00154
-0.00153
-0.00152
-0.00151
-0.00151
-0.0015
-0.00149
-0.00148
-0.00147
-0.00146
-0.00146
-0.00144
-0.00143
-0.00142
-0.00141
-0.00141
-0.00139
-0.00138
-0.00137
-0.00135
-0.00134
-0.00133
-0.00132
-0.00129
-0.00128
-0.00126
-0.00125
-0.00122
-0.0012
-0.00117
-0.00115
-0.00112
-0.00109
-0.00106
-0.00103
-0.00099
-0.00096
-0.00092
-0.00088
-0.00084
-0.0008
-0.00075
-0.00071
-0.00065
-0.00061
-0.00055
-0.0005
-0.00045
-0.00039
-0.00033
-0.00027
-0.0002
-0.00014
-7e-05
-0.0
7e-05
0.00014
0.00021
0.00028
0.00036
0.00044
0.00052
0.0006
0.00068
0.00077
0.00085
0.00094
0.00103
0.00111
0.00121
0.0013
0.0014
0.00149
0.00159
0.00168
0.00179
0.00188
0.00198
0.00208
0.00218
0.00229
0.00239
0.0025
0.0026
0.0027
0.00281
0.0029
0.00301
0.00311
0.00321
0.0033
0.0034
0.00349
0.00358
0.00366
0.00374
0.00382
0.0039
0.00397
0.00404
0.00409
0.00415
0.0042
0.00425
0.00428
0.00432
0.00434
0.00437
0.00439
0.0044
0.0044
0.0044
0.00439
0.00438
0.00437
0.00435
0.00432
0.00429
0.00425
0.00422
0.00417
0.00413
0.00407
0.00402
0.00397
0.00391
0.00385
0.00378
0.00372
0.00365
0.00358
0.00351
0.00343
0.00336
0.00328
0.00321
0.00312
0.00305
0.00296
0.00288
0.00279
0.00271
0.00262
0.00252
0.00243
0.00234
0.00225
0.00215
0.00205
0.00196
0.00186
0.00176
0.00166
0.00156
0.00145
0.00135
0.00125
0.00115
0.00105
0.00094
0.00084
0.00074
0.00064
0.00054
0.00044
0.00035
0.00025
0.00016
6e-05
-3e-05
-0.00012
-0.0002
-0.00029
-0.00037
-0.00046
-0.00054
-0.00062
-0.00069
-0.00076
-0.00083
-0.00091
-0.00098
-0.00104
-0.00111
-0.00117
-0.00123
-0.00129
-0.00135
-0.00141
-0.00146
-0.00151
-0.00157
-0.00162
-0.00166
-0.00171
-0.00175
-0.0018
-0.00184
-0.00188
-0.00192
-0.00196
-0.00199
-0.00203
-0.00206
-0.00209
-0.00213
-0.00216
-0.00219
-0.00222
-0.00224
-0.00227
-0.00229
-0.00232
-0.00234
-0.00237
-0.00239
-0.00242
-0.00244
-0.00247
-0.00248
-0.00251
-0.00253
-0.00256
-0.00258
-0.0026
-0.00262
-0.00265
-0.00267
-0.00269
-0.00271
-0.00273
-0.00275
-0.00277
-0.00279
-0.00281
-0.00282
-0.00284
-0.00285
-0.00287
-0.00288
-0.00289
-0.0029
-0.0029
-0.0029
-0.00291
-0.00291
-0.00291
-0.00291
-0.00291
-0.0029
-0.0029
-0.00288
-0.00288
-0.00287
-0.00286
-0.00285
-0.00284
-0.00282
-0.00281
-0.00279
-0.00278
-0.00276
-0.00275
-0.00274
-0.00272
-0.00271
-0.0027
-0.00268
-0.00267
-0.00266
-0.00265
-0.00263
-0.00262
-0.00261
-0.0026
-0.00258
-0.00257
-0.00256
-0.00255
-0.00253
-0.00253
-0.00251
-0.00251
-0.00249
-0.00248
-0.00247
-0.00246
-0.00245
-0.00244
-0.00243
-0.00241
-0.0024
-0.0024
-0.00238
-0.00238
-0.00236
-0.00236
-0.00235
-0.00234
-0.00233
-0.00232
-0.00231
-0.00231
-0.0023
-0.00229
-0.00228
-0.00226
-0.00225
-0.00225
-0.00223
-0.00222
-0.0022
-0.00219
-0.00217
-0.00215
-0.00212
-0.0021
-0.00208
-0.00205
-0.00202
-0.00199
-0.00195
-0.00192
-0.00188
-0.00185
-0.0018
-0.00176
-0.00171
-0.00167
-0.00163
-0.00158
-0.00153
-0.00149
-0.00144
-0.00139
-0.00135
-0.0013
-0.00125
-0.0012
-0.00115
-0.00111
-0.00106
-0.00101
-0.00096
-0.00092
-0.00087
-0.00083
-0.00077
-0.00072
-0.00068
-0.00063
-0.00057
-0.00052
-0.00046
-0.0004
-0.00033
-0.00028
-0.0002
-0.00014
-6e-05
2e-05
0.0001
0.00018
0.00028
0.00037
0.00046
0.00056
0.00066
0.00077
0.00088
0.001
0.00112
0.00123
0.00136
0.00149
0.00162
0.00175
0.00189
0.00203
0.00217
0.00231
0.00246
0.0026
0.00275
0.00291
0.00306
0.00321
0.00337
0.00352
0.00369
0.00384
0.004
0.00416
0.00432
0.00447
0.00464
0.00479
0.00495
0.0051
0.00526
0.00541
0.00556
0.00571
0.00585
0.00599
0.00613
0.00626
0.00639
0.00651
0.00663
0.00674
0.00686
0.00696
0.00705
0.00714
0.00722
0.0073
0.00737
0.00743
0.00749
0.00753
0.00758
0.00761
0.00764
0.00766
0.00767
0.00767
0.00768
0.00767
0.00766
0.00763
0.0076
0.00757
0.00753
0.00748
0.00743
0.00736
0.0073
0.00722
0.00715
0.00705
0.00696
0.00686
0.00675
0.00663
0.00651
0.00638
0.00624
0.0061
0.00595
0.0058
0.00564
0.00546
0.00529
0.00511
0.00493
0.00474
0.00455
0.00435
0.00415
0.00395
0.00374
0.00353
0.00332
0.00312
0.00291
0.0027
0.0025
0.00228
0.00208
0.00188
0.00168
0.00148
0.00129
0.0011
0.00092
0.00074
0.00056
0.00038
0.00021
5e-05
-0.00011
-0.00026
-0.00041
-0.00056
-0.0007
-0.00084
-0.00097
-0.00111
-0.00123
-0.00136
-0.00147
-0.00159
-0.0017
-0.00181
-0.00191
-0.00201
-0.00211
-0.0022
-0.00228
-0.00237
-0.00245
-0.00253
-0.0026
-0.00267
-0.00273
-0.0028
-0.00285
-0.0029
-0.00295
-0.00299
-0.00303
-0.00307
-0.00309
-0.00312
-0.00314
-0.00316
-0.00317
-0.00318
-0.00319
-0.00319
-0.00319
-0.00319
-0.00318
-0.00317
-0.00316
-0.00315
-0.00313
-0.00311
-0.00309
-0.00307
-0.00305
-0.00303
-0.003
-0.00297
-0.00294
-0.00291
-0.00287
-0.00284
-0.0028
-0.00277
-0.00273
-0.00269
-0.00265
-0.0026
-0.00255
-0.0025
-0.00245
-0.00241
-0.00235
-0.0023
-0.00224
-0.00218
-0.00212
-0.00207
-0.002
-0.00194
-0.00188
-0.00182
-0.00175
-0.00169
-0.00162
-0.00155
-0.00148
-0.00142
-0.00135
-0.00128
-0.00121
-0.00115
-0.00107
-0.00101
-0.00093
-0.00086
-0.00079
-0.00072
-0.00065
-0.00057
-0.0005
-0.00042
-0.00034
-0.00027
-0.00019
-0.00012
-4e-05
3e-05
0.00011
0.00018
0.00026
0.00033
0.0004
0.00047
0.00053
0.0006
0.00066
0.00072
0.00078
0.00082
0.00087
0.00091
0.00096
0.00098
0.00101
0.00103
0.00106
0.00107
0.00107
0.00107
0.00107
0.00106
0.00105
0.00103
0.00101
0.00097
0.00095
0.00091
0.00087
0.00082
0.00078
0.00073
0.00069
0.00063
0.00057
0.00052
0.00046
0.0004
0.00034
0.00028
0.00022
0.00015
9e-05
3e-05
-3e-05
-0.0001
-0.00016
-0.00023
-0.00028
-0.00035
-0.00041
-0.00048
-0.00054
-0.0006
-0.00066
-0.00072
-0.00078
-0.00084
-0.00089
-0.00095
-0.00099
-0.00105
-0.00109
-0.00114
-0.00117
-0.0012
-0.00124
-0.00126
-0.00128
-0.0013
-0.0013
-0.00131
-0.0013
-0.0013
-0.00128
-0.00127
-0.00124
-0.00121
-0.00117
-0.00113
-0.00107
-0.00102
-0.00097
-0.0009
-0.00084
-0.00076
-0.00069
-0.00061
-0.00053
-0.00045
-0.00036
-0.00028
-0.00019
-0.0001
-1e-05
7e-05
0.00017
0.00025
0.00034
0.00043
0.00052
0.00061
0.0007
0.00079
0.00088
0.00097
0.00106
0.00115
0.00125
0.00133
0.00143
0.00152
0.00162
0.00171
0.00181
0.00191
0.002
0.0021
0.00221
0.00231
0.00241
0.00251
0.00262
0.00272
0.00282
0.00291
0.00302
0.00311
0.00321
0.00329
0.00338
0.00346
0.00354
0.00362
0.00369
0.00375
0.00382
0.00387
0.00392
0.00396
0.00401
0.00404
0.00407
0.00409
0.00412
0.00413
0.00414
0.00414
0.00414
0.00414
0.00414
0.00413
0.00413
0.00411
0.0041
0.00408
0.00406
0.00404
0.00401
0.00399
0.00397
0.00394
0.00391
0.00388
0.00384
0.00381
0.00378
0.00374
0.00371
0.00366
0.00362
0.00358
0.00353
0.00348
0.00343
0.00338
0.00333
0.00326
0.0032
0.00314
0.00308
0.00301
0.00294
0.00288
0.00281
0.00274
0.00267
0.0026
0.00254
0.00246
0.0024
0.00233
0.00228
0.00221
0.00216
0.0021
0.00205
0.002
0.00196
0.00192
0.00188
0.00184
0.00181
0.00178
0.00176
0.00173
0.00171
0.00169
0.00167
0.00166
0.00164
0.00163
0.00161
0.0016
0.00159
0.00158
0.00157
0.00155
0.00154
0.00153
0.00152
0.0015
0.00148
0.00146
0.00145
0.00143
0.00141
0.00139
0.00136
0.00134
0.00132
0.0013
0.00128
0.00125
0.00124
0.00121
0.00119
0.00117
0.00115
0.00113
0.00111
0.00109
0.00107
0.00105
0.00103
0.00101
0.001
0.00098
0.00096
0.00093
0.00092
0.00089
0.00088
0.00085
0.00083
0.0008
0.00078
0.00075
0.00072
0.00069
0.00065
0.00062
0.00059
0.00055
0.00052
0.00047
0.00044
0.0004
0.00037
0.00032
0.00029
0.00025
0.00021
0.00018
0.00014
0.00011
7e-05
5e-05
2e-05
-1e-05
-3e-05
-5e-05
-7e-05
-9e-05
-0.0001
-0.00011
-0.00012
-0.00013
-0.00012
-0.00013
-0.00013
-0.00012
-0.00012
-0.00011
-0.0001
-9e-05
-7e-05
-6e-05
-5e-05
-3e-05
-1e-05
1e-05
3e-05
5e-05
7e-05
0.0001
0.00012
0.00015
0.00017
0.0002
0.00023
0.00026
0.00029
0.00032
0.00035
0.00038
0.00042
0.00045
0.00049
0.00052
0.00057
0.0006
0.00064
0.00068
0.00072
0.00076
0.0008
0.00084
0.00088
0.00091
0.00096
0.00099
0.00103
0.00106
0.0011
0.00113
0.00116
0.00119
0.00122
0.00124
0.00126
0.00128
0.0013
0.00132
0.00134
0.00135
0.00136
0.00137
0.00138
0.00138
0.00139
0.00139
0.0014
0.0014
0.0014
0.00139
0.00139
0.00139
0.00139
0.00139
0.00138
0.00137
0.00137
0.00136
0.00136
0.00135
0.00135
0.00133
0.00133
0.00131
0.0013
0.00128
0.00127
0.00125
0.00123
0.00121
0.00119
0.00117
0.00114
0.00111
0.00109
0.00105
0.00103
0.00099
0.00096
0.00092
0.00089
0.00085
0.00082
0.00078
0.00075
0.00071
0.00068
0.00064
0.00061
0.00057
0.00055
0.00052
0.00049
0.00046
0.00044
0.00041
0.00039
0.00037
0.00035
0.00033
0.00032
0.0003
0.00029
0.00027
0.00026
0.00024
0.00023
0.00022
0.00021
0.00019
0.00018
0.00017
0.00015
0.00014
0.00012
0.00011
9e-05
8e-05
7e-05
4e-05
3e-05
1e-05
0.0
-2e-05
-3e-05
-5e-05
-6e-05
-8e-05
-9e-05
-0.0001
-0.00011
-0.00012
-0.00013
-0.00014
-0.00015
-0.00016
-0.00016
-0.00017
-0.00017
-0.00018
-0.00018
-0.00019
-0.00018
-0.00019
-0.00019
-0.00019
-0.0002
-0.0002
-0.0002
-0.0002
-0.0002
-0.00021
-0.00021
-0.00022
-0.00022
-0.00023
-0.00023
-0.00023
-0.00023
-0.00024
-0.00024
-0.00024
-0.00025
-0.00025
-0.00025
-0.00024
-0.00024
-0.00024
-0.00023
-0.00023
-0.00022
-0.00022
-0.00021
-0.0002
-0.00019
-0.00018
-0.00017
-0.00015
-0.00014
-0.00013
-0.00011
-0.0001
-8e-05
-8e-05
-6e-05
-5e-05
-3e-05
-3e-05
-1e-05
-1e-05
1e-05
1e-05
2e-05
2e-05
2e-05
3e-05
3e-05
3e-05
3e-05
2e-05
2e-05
1e-05
1e-05
-1e-05
-1e-05
-3e-05
-4e-05
-6e-05
-8e-05
-0.0001
-0.00013
-0.00015
-0.00018
-0.00022
-0.00025
-0.00029
-0.00033
-0.00038
-0.00043
-0.00048
-0.00054
-0.0006
-0.00066
-0.00073
-0.0008
-0.00088
-0.00096
-0.00104
-0.00112
-0.0012
-0.00129
-0.00138
-0.00147
-0.00156
-0.00165
-0.00175
-0.00183
-0.00193
-0.00201
-0.0021
-0.00219
-0.00227
-0.00235
-0.00243
-0.0025
-0.00257
-0.00263
-0.0027
-0.00275
-0.0028
-0.00285
-0.0029
-0.00293
-0.00297
-0.003
-0.00303
-0.00306
-0.00308
-0.0031
-0.00311
-0.00313
-0.00314
-0.00314
-0.00315
-0.00315
-0.00316
-0.00316
-0.00316
-0.00316
-0.00316
-0.00316
-0.00316
-0.00315
-0.00315
-0.00315
-0.00314
-0.00313
-0.00313
-0.00311
-0.00311
-0.0031
-0.00309
-0.00307
-0.00306
-0.00304
-0.00303
-0.003
-0.00299
-0.00297
-0.00294
-0.00292
-0.0029
-0.00287
-0.00285
-0.00282
-0.0028
-0.00277
-0.00275
-0.00272
-0.0027
-0.00267
-0.00265
-0.00263
-0.00261
-0.00259
-0.00258
-0.00257
-0.00255
-0.00254
-0.00254
-0.00253
-0.00253
-0.00253
-0.00253
-0.00253
-0.00255
-0.00255
-0.00257
-0.00257
-0.00259
-0.00261
-0.00263
-0.00265
-0.00267
-0.0027
-0.00272
-0.00274
-0.00277
-0.0028
-0.00283
-0.00286
-0.00289
-0.00292
-0.00296
-0.00298
-0.00302
-0.00306
-0.00309
-0.00313
-0.00316
-0.0032
-0.00324
-0.00327
-0.00332
-0.00336
-0.0034
-0.00344
-0.00348
-0.00352
-0.00357
-0.0036
-0.00365
-0.00369
-0.00374
-0.00378
-0.00382
-0.00386
-0.0039
-0.00394
-0.00399
-0.00402
-0.00406
-0.0041
-0.00414
-0.00417
-0.0042
-0.00423
-0.00426
-0.00429
-0.00432
-0.00434
-0.00436
-0.00438
-0.00439
-0.00441
-0.00442
-0.00443
-0.00444
-0.00443
-0.00444
-0.00443
-0.00443
-0.00442
-0.00441
-0.0044
-0.00438
-0.00436
-0.00434
-0.00431
-0.00429
-0.00425
-0.00422
-0.00418
-0.00415
-0.0041
-0.00407
-0.00402
-0.00398
-0.00392
-0.00387
-0.00382
-0.00377
-0.00372
-0.00366
-0.0036
-0.00354
-0.00348
-0.00343
-0.00337
-0.00331
-0.00324
-0.00319
-0.00313
-0.00307
-0.00301
-0.00295
-0.0029
-0.00284
-0.00279
-0.00273
-0.00267
-0.00262
-0.00257
-0.00252
-0.00246
-0.00242
-0.00236
-0.00232
-0.00227
-0.00222
-0.00217
-0.00213
-0.00208
-0.00203
-0.00198
-0.00193
-0.00188
-0.00183
-0.00178
-0.00173
-0.00168
-0.00163
-0.00157
-0.00152
-0.00146
-0.0014
-0.00134
-0.00128
-0.00121
-0.00115
-0.00108
-0.00102
-0.00094
-0.00087
-0.0008
-0.00073
-0.00065
-0.00058
-0.0005
-0.00043
-0.00035
-0.00028
-0.0002
-0.00012
-5e-05
3e-05
0.0001
0.00018
0.00025
0.00033
0.0004
0.00047
0.00054
0.00061
0.00068
0.00074
0.00081
0.00087
0.00094
0.001
0.00105
0.00111
0.00116
0.00122
0.00127
0.00132
0.00137
0.00142
0.00147
0.00151
0.00155
0.00159
0.00163
0.00167
0.00171
0.00174
0.00178
0.00181
0.00184
0.00187
0.0019
0.00193
0.00196
0.00198
0.00201
0.00203
0.00205
0.00207
0.00209
0.00211
0.00213
0.00214
0.00216
0.00217
0.00218
0.00219
0.0022
0.00221
0.00222
0.00221
0.00222
0.00222
0.00223
0.00222
0.00222
0.00221
0.00221
0.0022
0.0022
0.00219
0.00217
0.00216
0.00215
0.00214
0.00212
0.0021
0.00209
0.00207
0.00205
0.00202
0.00201
0.00198
0.00196
0.00193
0.0019
0.00187
0.00184
0.00181
0.00178
0.00175
0.00172
0.00168
0.00164
0.0016
0.00157
0.00152
0.00148
0.00143
0.00139
0.00134
0.0013
0.00125
0.00119
0.00114
0.00109
0.00104
0.00099
0.00093
0.00089
0.00083
0.00078
0.00073
0.00068
0.00063
0.00059
0.00054
0.0005
0.00045
0.00042
0.00038
0.00035
0.00032
0.0003
0.00027
0.00026
0.00025
0.00024
0.00023
0.00023
0.00023
0.00025
0.00026
0.00027
0.00029
0.00031
0.00034
0.00038
0.00041
0.00045
0.00049
0.00053
0.00058
0.00063
0.00068
0.00073
0.00078
0.00084
0.00089
0.00095
0.00101
0.00106
0.00112
0.00118
0.00124
0.0013
0.00135
0.00141
0.00146
0.00152
0.00156
0.00161
0.00165
0.0017
0.00174
0.00178
0.00181
0.00184
0.00186
0.00189
0.00191
0.00192
0.00193
0.00194
0.00194
0.00194
0.00193
0.00192
0.00191
0.00189
0.00187
0.00184
0.00182
0.00178
0.00175
0.00171
0.00167
0.00164
0.00159
0.00155
0.0015
0.00146
0.0014
0.00136
0.00131
0.00127
0.00122
0.00117
0.00112
0.00107
0.00103
0.00098
0.00094
0.0009
0.00085
0.00081
0.00077
0.00074
0.00069
0.00066
0.00062
0.00058
0.00055
0.00051
0.00047
0.00044
0.0004
0.00037
0.00034
0.00031
0.00027
0.00024
0.00021
0.00018
0.00015
0.00012
9e-05
6e-05
3e-05
1e-05
-2e-05
-4e-05
-6e-05
-8e-05
-0.0001
-0.00011
-0.00013
-0.00014
-0.00016
-0.00016
-0.00018
-0.00019
-0.0002
-0.0002
-0.00021
-0.00021
-0.00022
-0.00022
-0.00022
-0.00022
-0.00023
-0.00023
-0.00023
-0.00023
-0.00024
-0.00024
-0.00025
-0.00025
-0.00026
-0.00026
-0.00027
-0.00028
-0.00029
-0.0003
-0.00031
-0.00032
-0.00033
-0.00034
-0.00036
-0.00036
-0.00038
-0.00038
-0.0004
-0.00041
-0.00042
-0.00043
-0.00045
-0.00045
-0.00047
-0.00048
-0.00049
-0.0005
-0.00051
-0.00052
-0.00053
-0.00054
-0.00055
-0.00056
-0.00057
-0.00058
-0.00059
-0.0006
-0.00061
-0.00062
-0.00063
-0.00064
-0.00065
-0.00066
-0.00067
-0.00068
-0.00069
-0.0007
-0.00071
-0.00072
-0.00073
-0.00073
-0.00074
-0.00074
-0.00075
-0.00076
-0.00076
-0.00077
-0.00077
-0.00077
-0.00077
-0.00077
-0.00078
-0.00077
-0.00077
-0.00077
-0.00077
-0.00076
-0.00076
-0.00076
-0.00076
-0.00075
-0.00075
-0.00075
-0.00075
-0.00075
-0.00074
-0.00074
-0.00075
-0.00075
-0.00075
-0.00075
-0.00076
-0.00077
-0.00078
-0.00079
-0.0008
-0.00081
-0.00083
-0.00085
-0.00087
-0.00088
-0.0009
-0.00092
-0.00095
-0.00097
-0.001
-0.00102
-0.00104
-0.00107
-0.00109
-0.00111
-0.00114
-0.00116
-0.00118
-0.0012
-0.00121
-0.00123
-0.00124
-0.00125
-0.00127
-0.00127
-0.00128
-0.00127
-0.00128
-0.00127
-0.00127
-0.00126
-0.00126
-0.00125
-0.00124
-0.00123
-0.00121
-0.0012
-0.00118
-0.00116
-0.00116
-0.00114
-0.00113
-0.00111
-0.0011
-0.00109
-0.00109
-0.00108
-0.00108
-0.00108
-0.00109
-0.00109
-0.0011
-0.00111
-0.00113
-0.00114
-0.00117
-0.00119
-0.00122
-0.00125
-0.00128
-0.00132
-0.00136
-0.00139
-0.00144
-0.00148
-0.00153
-0.00157
-0.00162
-0.00167
-0.00172
-0.00177
-0.00183
-0.00188
-0.00194
-0.00199
-0.00205
-0.0021
-0.00217
-0.00222
-0.00228
-0.00235
-0.00241
-0.00248
-0.00254
-0.0026
-0.00267
-0.00274
-0.00281
-0.00288
-0.00295
-0.00302
-0.00309
-0.00316
-0.00324
-0.0033
-0.00338
-0.00345
-0.00352
-0.00359
-0.00365
-0.00371
-0.00377
-0.00382
-0.00388
-0.00393
-0.00398
-0.00402
-0.00406
-0.00409
-0.00413
-0.00415
-0.00417
-0.00419
-0.0042
-0.00421
-0.00421
-0.00421
-0.00421
-0.00419
-0.00418
-0.00416
-0.00414
-0.00411
-0.00409
-0.00405
-0.00402
-0.00398
-0.00394
-0.00389
-0.00385
-0.0038
-0.00374
-0.00369
-0.00363
-0.00357
-0.00351
-0.00344
-0.00338
-0.00331
-0.00324
-0.00316
-0.00309
-0.00301
-0.00293
-0.00285
-0.00276
-0.00268
-0.00259
-0.0025
-0.00241
-0.00231
-0.00222
-0.00212
-0.00203
-0.00193
-0.00183
-0.00173
-0.00164
-0.00154
-0.00144
-0.00135
-0.00125
-0.00116
-0.00107
-0.00098
-0.00089
-0.0008
-0.00072
-0.00064
-0.00056
-0.00049
-0.00042
-0.00035
-0.00029
-0.00022
-0.00017
-0.00011
-6e-05
-2e-05
3e-05
7e-05
0.00011
0.00015
0.00018
0.00021
0.00024
0.00027
0.00029
0.00032
0.00033
0.00036
0.00038
0.00039
0.00041
0.00042
0.00044
0.00046
0.00047
0.00049
0.0005
0.00052
0.00053
0.00055
0.00056
0.00058
0.0006
0.00062
0.00064
0.00066
0.00068
0.0007
0.00072
0.00074
0.00077
0.0008
0.00082
0.00085
0.00087
0.0009
0.00092
0.00096
0.00098
0.00102
0.00104
0.00107
0.0011
0.00113
0.00116
0.0012
0.00123
0.00126
0.00128
0.00132
0.00134
0.00138
0.0014
0.00143
0.00145
0.00148
0.0015
0.00152
0.00154
0.00156
0.00158
0.00159
0.00161
0.00162
0.00162
0.00163
0.00164
0.00164
0.00164
0.00164
0.00163
0.00163
0.00162
0.00161
0.00159
0.00158
0.00156
0.00154
0.00153
0.00151
0.00148
0.00146
0.00144
0.00142
0.00139
0.00137
0.00134
0.00132
0.00129
0.00127
0.00124
0.00122
0.0012
0.00118
0.00116
0.00114
0.00111
0.00109
0.00107
0.00105
0.00103
0.00101
0.00099
0.00098
0.00095
0.00093
0.00091
0.00089
0.00087
0.00085
0.00083
0.00081
0.00078
0.00077
0.00074
0.00072
0.00069
0.00067
0.00065
0.00063
0.00061
0.00058
0.00056
0.00054
0.00052
0.00051
0.00049
0.00048
0.00046
0.00045
0.00044
0.00043
0.00042
0.00042
0.00041
0.00041
0.0004
0.0004
0.0004
0.0004
0.0004
0.0004
0.0004
0.00041
0.0004
0.00041
0.00041
0.00042
0.00042
0.00042
0.00042
0.00043
0.00042
0.00042
0.00042
0.00042
0.00042
0.00042
0.00042
0.00042
0.00041
0.00042
0.00041
0.00041
0.00041
0.00041
0.0004
0.0004
0.0004
0.00039
0.00039
0.00038
0.00038
0.00038
0.00037
0.00037
0.00035
0.00034
0.00033
0.00032
0.0003
0.00029
0.00026
0.00025
0.00022
0.00019
0.00016
0.00013
9e-05
6e-05
1e-05
-3e-05
-8e-05
-0.00012
-0.00017
-0.00022
-0.00027
-0.00032
-0.00038
-0.00043
-0.00049
-0.00054
-0.00059
-0.00064
-0.00069
-0.00074
-0.00078
-0.00082
-0.00086
-0.0009
-0.00093
-0.00095
-0.00098
-0.001
-0.00102
-0.00102
-0.00103
-0.00103
-0.00103
-0.00102
-0.00101
-0.00099
-0.00097
-0.00094
-0.00091
-0.00087
-0.00084
-0.00079
-0.00075
-0.00069
-0.00064
-0.00058
-0.00052
-0.00045
-0.00039
-0.00032
-0.00025
-0.00017
-9e-05
-1e-05
7e-05
0.00016
0.00025
0.00034
0.00043
0.00052
0.00061
0.00071
0.0008
0.0009
0.001
0.00109
0.00119
0.00129
0.00139
0.00149
0.00158
0.00167
0.00177
0.00186
0.00195
0.00204
0.00212
0.00221
0.00229
0.00237
0.00244
0.00251
0.00259
0.00265
0.00272
0.00278
0.00284
0.0029
0.00295
0.003
0.00304
0.00309
0.00312
0.00317
0.0032
0.00323
0.00326
0.00328
0.00331
0.00333
0.00334
0.00336
0.00337
0.00338
0.00338
0.00339
0.00338
0.00338
0.00337
0.00336
0.00335
0.00333
0.00331
0.00328
0.00325
0.00322
0.00319
0.00316
0.00311
0.00307
0.00302
0.00297
0.00291
0.00286
0.0028
0.00274
0.00267
0.0026
0.00253
0.00246
0.00239
0.00231
0.00224
0.00216
0.00207
0.00199
0.0019
0.00182
0.00173
0.00164
0.00155
0.00146
0.00137
0.00128
0.00118
0.00109
0.00099
0.0009
0.0008
0.00071
0.00061
0.00052
0.00042
0.00033
0.00023
0.00013
3e-05
-6e-05
-0.00015
-0.00024
-0.00033
-0.00042
-0.00051
-0.00059
-0.00068
-0.00075
-0.00084
-0.00091
-0.00098
-0.00105
-0.00112
-0.00118
-0.00125
-0.0013
-0.00135
-0.00141
-0.00145
-0.0015
-0.00154
-0.00157
-0.0016
-0.00163
-0.00166
-0.00168
-0.0017
-0.00171
-0.00173
-0.00173
-0.00174
-0.00174
-0.00174
-0.00174
-0.00173
-0.00172
-0.00171
-0.00169
-0.00167
-0.00164
-0.00162
-0.00159
-0.00156
-0.00152
-0.00148
-0.00144
-0.0014
-0.00135
-0.0013
-0.00125
-0.0012
-0.00114
-0.00108
-0.00102
-0.00096
-0.00089
-0.00083
-0.00076
-0.00069
-0.00062
-0.00055
-0.00047
-0.0004
-0.00032
-0.00025
-0.00017
-9e-05
-1e-05
7e-05
0.00015
0.00023
0.00032
0.0004
0.00049
0.00057
0.00067
0.00075
0.00085
0.00094
0.00104
0.00113
0.00123
0.00132
0.00142
0.00153
0.00163
0.00174
0.00185
0.00195
0.00206
0.00217
0.00228
0.00239
0.00251
0.00261
0.00273
0.00284
0.00295
0.00306
0.00316
0.00327
0.00337
0.00347
0.00357
0.00366
0.00375
0.00383
0.00391
0.00398
0.00405
0.00411
0.00418
0.00422
0.00427
0.00431
0.00434
0.00436
0.00438
0.0044
0.0044
0.0044
0.00439
0.00438
0.00436
0.00433
0.0043
0.00426
0.00422
0.00418
0.00412
0.00407
0.004
0.00394
0.00387
0.0038
0.00373
0.00365
0.00357
0.00349
0.00341
0.00331
0.00323
0.00313
0.00304
0.00294
0.00285
0.00275
0.00265
0.00255
0.00244
0.00234
0.00223
0.00212
0.00202
0.0019
0.00179
0.00168
0.00157
0.00145
0.00134
0.00122
0.0011
0.00099
0.00087
0.00075
0.00064
0.00053
0.00042
0.0003
0.0002
9e-05
-1e-05
-0.00011
-0.00021
-0.00031
-0.00039
-0.00048
-0.00057
-0.00065
-0.00073
-0.0008
-0.00087
-0.00093
-0.00099
-0.00106
-0.00111
-0.00116
-0.00121
-0.00126
-0.0013
-0.00135
-0.00138
-0.00142
-0.00146
-0.00149
-0.00153
-0.00156
-0.00159
-0.00162
-0.00165
-0.00168
-0.0017
-0.00174
-0.00176
-0.00179
-0.00182
-0.00185
-0.00187
-0.00191
-0.00193
-0.00196
-0.00199
-0.00202
-0.00204
-0.00207
-0.00209
-0.00212
-0.00214
-0.00216
-0.00218
-0.0022
-0.00222
-0.00224
-0.00225
-0.00226
-0.00227
-0.00229
-0.0023
-0.0023
-0.0023
-0.0023
-0.0023
-0.0023
-0.00229
-0.00229
-0.00227
-0.00227
-0.00225
-0.00223
-0.00221
-0.00219
-0.00216
-0.00213
-0.0021
-0.00207
-0.00203
-0.00199
-0.00194
-0.0019
-0.00184
-0.00179
-0.00173
-0.00167
-0.00161
-0.00154
-0.00147
-0.0014
-0.00133
-0.00125
-0.00117
-0.00109
-0.00101
-0.00092
-0.00083
-0.00075
-0.00066
-0.00057
-0.00047
-0.00038
-0.00028
-0.00019
-9e-05
1e-05
0.0001
0.0002
0.0003
0.0004
0.0005
0.0006
0.00071
0.0008
0.00091
0.00101
0.00112
