8.97766077626269E+02

0.0037
0.00365
0.0036
0.00355
0.0035
0.00345
0.0034
0.00335
0.00331
0.00326
0.00322
0.00317
0.00313
0.00308
0.00304
0.00299
0.00295
0.00291
0.00287
0.00283
0.0028
0.00277
0.00273
0.0027
0.00267
0.00264
0.00262
0.0026
0.00259
0.00256
0.00255
0.00254
0.00254
0.00252
0.00252
0.00252
0.00252
0.00252
0.00253
0.00253
0.00253
0.00254
0.00255
0.00256
0.00257
0.00257
0.00258
0.00259
0.00259
0.00259
0.0026
0.0026
0.0026
0.00259
0.00259
0.00258
0.00257
0.00256
0.00255
0.00254
0.00252
0.0025
0.00248
0.00246
0.00244
0.00241
0.00239
0.00236
0.00234
0.00232
0.00229
0.00227
0.00224
0.00222
0.00219
0.00217
0.00215
0.00212
0.0021
0.00208
0.00206
0.00203
0.00201
0.00199
0.00197
0.00194
0.00191
0.00188
0.00185
0.00182
0.00179
0.00176
0.00172
0.00167
0.00163
0.00158
0.00153
0.00147
0.00142
0.00135
0.00129
0.00122
0.00115
0.00107
0.00099
0.00091
0.00083
0.00074
0.00065
0.00056
0.00047
0.00037
0.00028
0.00017
8e-05
-2e-05
-0.00012
-0.00022
-0.00032
-0.00042
-0.00052
-0.00062
-0.00071
-0.00081
-0.0009
-0.001
-0.00109
-0.00119
-0.00128
-0.00137
-0.00146
-0.00155
-0.00163
-0.00171
-0.0018
-0.00188
-0.00196
-0.00203
-0.00211
-0.00218
-0.00224
-0.00232
-0.00238
-0.00244
-0.0025
-0.00256
-0.00261
-0.00266
-0.0027
-0.00275
-0.00278
-0.00282
-0.00285
-0.00288
-0.0029
-0.00292
-0.00293
-0.00295
-0.00296
-0.00296
-0.00296
-0.00296
-0.00295
-0.00295
-0.00293
-0.00292
-0.00291
-0.00289
-0.00287
-0.00284
-0.00282
-0.00279
-0.00276
-0.00273
-0.0027
-0.00267
-0.00263
-0.0026
-0.00256
-0.00253
-0.00248
-0.00245
-0.00241
-0.00237
-0.00233
-0.00229
-0.00224
-0.0022
-0.00215
-0.00211
-0.00206
-0.00202
-0.00197
-0.00192
-0.00187
-0.00183
-0.00177
-0.00173
-0.00168
-0.00163
-0.00157
-0.00152
-0.00147
-0.00142
-0.00136
-0.00131
-0.00126
-0.00121
-0.00115
-0.0011
-0.00105
-0.001
-0.00094
-0.00089
-0.00084
-0.00079
-0.00074
-0.00068
-0.00063
-0.00057
-0.00052
-0.00047
-0.00041
-0.00036
-0.0003
-0.00024
-0.00018
-0.00013
-6e-05
-1e-05
5e-05
0.00011
0.00017
0.00023
0.0003
0.00036
0.00042
0.00048
0.00054
0.0006
0.00066
0.00071
0.00077
0.00082
0.00088
0.00092
0.00097
0.00102
0.00106
0.0011
0.00114
0.00118
0.00121
0.00124
0.00127
0.00129
0.00132
0.00134
0.00135
0.00137
0.00139
0.00139
0.0014
0.00141
0.00141
0.00141
0.00142
0.00142
0.00142
0.00141
0.00141
0.0014
0.0014
0.00139
0.00138
0.00137
0.00137
0.00135
0.00134
0.00133
0.00132
0.00131
0.0013
0.00128
0.00127
0.00125
0.00124
0.00123
0.00122
0.0012
0.00119
0.00117
0.00116
0.00115
0.00113
0.00112
0.00111
0.0011
0.00109
0.00109
0.00108
0.00107
0.00108
0.00107
0.00108
0.00108
0.00109
0.00109
0.00111
0.00112
0.00113
0.00115
0.00117
0.0012
0.00123
0.00126
0.00129
0.00133
0.00137
0.00141
0.00146
0.00151
0.00156
0.00162
0.00168
0.00174
0.0018
0.00187
0.00194
0.00202
0.00209
0.00217
0.00225
0.00233
0.00242
0.0025
0.0026
0.00268
0.00277
0.00286
0.00296
0.00305
0.00314
0.00322
0.00331
0.0034
0.00349
0.00357
0.00366
0.00373
0.00381
0.00388
0.00395
0.00401
0.00408
0.00413
0.00419
0.00423
0.00428
0.00432
0.00435
0.00438
0.00441
0.00443
0.00445
0.00446
0.00447
0.00448
0.00449
0.00448
0.00448
0.00447
0.00447
0.00446
0.00445
0.00444
0.00442
0.00441
0.0044
0.00438
0.00437
0.00435
0.00434
0.00432
0.00431
0.00429
0.00428
0.00426
0.00425
0.00423
0.00421
0.00419
0.00418
0.00416
0.00414
0.00412
0.0041
0.00407
0.00405
0.00402
0.004
0.00396
0.00393
0.00389
0.00386
0.00381
0.00377
0.00372
0.00367
0.00362
0.00357
0.00352
0.00347
0.0034
0.00335
0.00328
0.00323
0.00316
0.0031
0.00303
0.00297
0.0029
0.00283
0.00277
0.0027
0.00263
0.00256
0.0025
0.00243
0.00236
0.0023
0.00223
0.00217
0.0021
0.00203
0.00196
0.0019
0.00183
0.00176
0.00169
0.00162
0.00155
0.00148
0.00141
0.00134
0.00126
0.00119
0.00111
0.00104
0.00096
0.00089
0.00081
0.00074
0.00067
0.00059
0.00052
0.00044
0.00037
0.0003
0.00023
0.00016
9e-05
3e-05
-3e-05
-9e-05
-0.00015
-0.00021
-0.00027
-0.00031
-0.00037
-0.00041
-0.00046
-0.0005
-0.00054
-0.00057
-0.00061
-0.00064
-0.00067
-0.0007
-0.00072
-0.00074
-0.00077
-0.00079
-0.00081
-0.00082
-0.00084
-0.00086
-0.00087
-0.00089
-0.0009
-0.00091
-0.00093
-0.00094
-0.00095
-0.00096
-0.00098
-0.00099
-0.001
-0.00102
-0.00104
-0.00105
-0.00107
-0.00108
-0.00111
-0.00113
-0.00115
-0.00117
-0.0012
-0.00122
-0.00125
-0.00128
-0.00131
-0.00134
-0.00138
-0.00141
-0.00145
-0.00149
-0.00153
-0.00157
-0.00162
-0.00166
-0.00171
-0.00175
-0.0018
-0.00184
-0.00189
-0.00193
-0.00198
-0.00202
-0.00207
-0.00211
-0.00216
-0.00219
-0.00224
-0.00227
-0.00231
-0.00234
-0.00237
-0.0024
-0.00242
-0.00244
-0.00247
-0.00248
-0.00249
-0.0025
-0.00252
-0.00252
-0.00253
-0.00252
-0.00252
-0.00252
-0.00252
-0.00251
-0.0025
-0.00249
-0.00248
-0.00247
-0.00246
-0.00244
-0.00243
-0.00241
-0.0024
-0.00237
-0.00236
-0.00234
-0.00232
-0.0023
-0.00228
-0.00225
-0.00223
-0.0022
-0.00217
-0.00214
-0.00211
-0.00208
-0.00204
-0.002
-0.00196
-0.00192
-0.00188
-0.00182
-0.00178
-0.00173
-0.00167
-0.00162
-0.00156
-0.0015
-0.00144
-0.00137
-0.00131
-0.00125
-0.00119
-0.00112
-0.00106
-0.00099
-0.00093
-0.00086
-0.0008
-0.00074
-0.00068
-0.00062
-0.00055
-0.00049
-0.00043
-0.00037
-0.00032
-0.00026
-0.00021
-0.00015
-0.0001
-4e-05
1e-05
7e-05
0.00013
0.00018
0.00024
0.0003
0.00036
0.00042
0.00048
0.00055
0.00061
0.00068
0.00074
0.00081
0.00088
0.00095
0.00101
0.00109
0.00115
0.00122
0.00128
0.00135
0.00142
0.00148
0.00154
0.00161
0.00166
0.00172
0.00178
0.00183
0.00188
0.00193
0.00198
0.00203
0.00207
0.00211
0.00215
0.00219
0.00223
0.00228
0.00231
0.00235
0.00239
0.00243
0.00247
0.00251
0.00255
0.00259
0.00263
0.00268
0.00272
0.00276
0.00281
0.00285
0.0029
0.00294
0.00299
0.00303
0.00307
0.00312
0.00315
0.00319
0.00322
0.00326
0.00328
0.00331
0.00333
0.00335
0.00336
0.00336
0.00337
0.00337
0.00336
0.00335
0.00333
0.00331
0.00328
0.00325
0.00321
0.00317
0.00312
0.00308
0.00303
0.00297
0.00291
0.00284
0.00278
0.00271
0.00264
0.00257
0.00249
0.00242
0.00235
0.00227
0.00219
0.00212
0.00204
0.00196
0.00188
0.00181
0.00173
0.00165
0.00157
0.0015
0.00142
0.00135
0.00127
0.00119
0.00112
0.00104
0.00096
0.00089
0.00081
0.00074
0.00066
0.00059
0.00051
0.00043
0.00036
0.00029
0.00021
0.00014
6e-05
-0.0
-8e-05
-0.00015
-0.00022
-0.00029
-0.00036
-0.00042
-0.00049
-0.00055
-0.00062
-0.00068
-0.00074
-0.0008
-0.00086
-0.00091
-0.00098
-0.00103
-0.00108
-0.00113
-0.00119
-0.00124
-0.00129
-0.00134
-0.00139
-0.00144
-0.00149
-0.00154
-0.00158
-0.00162
-0.00167
-0.00171
-0.00175
-0.00179
-0.00183
-0.00187
-0.00191
-0.00194
-0.00197
-0.00199
-0.00202
-0.00204
-0.00205
-0.00207
-0.00207
-0.00207
-0.00207
-0.00206
-0.00204
-0.00202
-0.00199
-0.00195
-0.00191
-0.00186
-0.0018
-0.00173
-0.00166
-0.00157
-0.00148
-0.00138
-0.00127
-0.00116
-0.00103
-0.0009
-0.00076
-0.00061
-0.00046
-0.00029
-0.00012
6e-05
0.00023
0.00043
0.00062
0.00082
0.00103
0.00124
0.00146
0.00169
0.00191
0.00215
0.00238
0.00263
0.00287
0.00312
0.00338
0.00364
0.0039
0.00417
0.00444
0.00471
0.00499
0.00527
0.00555
0.00585
0.00614
0.00643
0.00673
0.00704
0.00734
0.00765
0.00796
0.00827
0.00858
0.0089
0.00922
0.00954
0.00985
0.01017
0.01049
0.01082
0.01114
0.01146
0.01177
0.01209
0.0124
0.01272
0.01303
0.01334
0.01365
0.01396
0.01426
0.01455
0.01485
0.01514
0.01543
0.01572
0.016
0.01629
0.01656
0.01684
0.01711
0.01738
0.01765
0.01791
0.01817
0.01843
0.01869
0.01894
0.01919
0.01944
0.01968
0.01993
0.02017
0.0204
0.02063
0.02087
0.02109
0.02132
0.02153
0.02175
0.02196
0.02217
0.02236
0.02256
0.02275
0.02293
0.02311
0.02329
0.02345
0.02361
0.02376
0.02391
0.02404
0.02417
0.02429
0.02441
0.02451
0.02461
0.02469
0.02478
0.02485
0.02491
0.02496
0.02501
0.02505
0.02508
0.0251
0.02512
0.02513
0.02513
0.02512
0.02511
0.02509
0.02507
0.02504
0.025
0.02496
0.02491
0.02486
0.0248
0.02474
0.02467
0.0246
0.02453
0.02445
0.02437
0.02428
0.02419
0.0241
0.024
0.0239
0.0238
0.02369
0.02358
0.02347
0.02336
0.02324
0.02312
0.02299
0.02286
0.02273
0.0226
0.02246
0.02232
0.02218
0.02204
0.02189
0.02174
0.02159
0.02144
0.02129
0.02113
0.02098
0.02083
0.02067
0.02051
0.02036
0.0202
0.02004
0.01989
0.01973
0.01959
0.01943
0.01928
0.01913
0.01898
0.01884
0.01869
0.01855
0.01841
0.01826
0.01812
0.01798
0.01785
0.01771
0.01757
0.01744
0.01731
0.01717
0.01704
0.0169
0.01677
0.01664
0.01651
0.01638
0.01625
0.01612
0.016
0.01587
0.01575
0.01562
0.0155
0.01538
0.01527
0.01515
0.01504
0.01493
0.01482
0.01472
0.01462
0.01452
0.01443
0.01433
0.01424
0.01415
0.01407
0.01399
0.01391
0.01384
0.01376
0.01369
0.01362
0.01355
0.01348
0.01341
0.01335
0.01328
0.01321
0.01314
0.01307
0.013
0.01292
0.01285
0.01277
0.01269
0.01261
0.01253
0.01244
0.01236
0.01227
0.01218
0.01209
0.01199
0.0119
0.0118
0.0117
0.0116
0.01151
0.01141
0.01131
0.01121
0.01111
0.01101
0.01091
0.01082
0.01072
0.01062
0.01053
0.01043
0.01034
0.01024
0.01015
0.01005
0.00996
0.00987
0.00978
0.00968
0.00959
0.00949
0.0094
0.0093
0.00921
0.00911
0.00901
0.00892
0.00882
0.00872
0.00862
0.00852
0.00842
0.00832
0.00822
0.00812
0.00803
0.00793
0.00783
0.00773
0.00763
0.00754
0.00745
0.00735
0.00727
0.00717
0.00709
0.007
0.00692
0.00683
0.00675
0.00667
0.00659
0.00651
0.00643
0.00636
0.00628
0.00621
0.00613
0.00606
0.00599
0.00592
0.00585
0.00578
0.00571
0.00564
0.00557
0.0055
0.00544
0.00537
0.00531
0.00525
0.00519
0.00513
0.00507
0.00502
0.00497
0.00491
0.00487
0.00482
0.00478
0.00473
0.00469
0.00465
0.00462
0.00459
0.00456
0.00453
0.0045
0.00447
0.00445
0.00442
0.0044
0.00437
0.00435
0.00433
0.00431
0.00428
0.00426
0.00423
0.00421
0.00418
0.00415
0.00412
0.00409
0.00406
0.00403
0.004
0.00396
0.00393
0.0039
0.00386
0.00383
0.00379
0.00376
0.00372
0.0037
0.00366
0.00364
0.00361
0.00358
0.00356
0.00354
0.00353
0.00352
0.0035
0.00349
0.00348
0.00348
0.00347
0.00348
0.00347
0.00348
0.00348
0.00349
0.00349
0.0035
0.00351
0.00352
0.00352
0.00353
0.00354
0.00355
0.00355
0.00356
0.00356
0.00356
0.00356
0.00357
0.00356
0.00356
0.00356
0.00355
0.00354
0.00354
0.00353
0.00352
0.00351
0.0035
0.00348
0.00347
0.00346
0.00345
0.00343
0.00342
0.0034
0.00339
0.00337
0.00335
0.00334
0.00333
0.00331
0.0033
0.00328
0.00327
0.00326
0.00325
0.00323
0.00322
0.00321
0.0032
0.00319
0.00317
0.00316
0.00315
0.00314
0.00313
0.00312
0.00311
0.0031
0.00309
0.00308
0.00307
0.00306
0.00305
0.00303
0.00303
0.00301
0.003
0.00299
0.00297
0.00296
0.00294
0.00293
0.00292
0.00289
0.00288
0.00286
0.00285
0.00282
0.00281
0.00279
0.00277
0.00275
0.00273
0.00271
0.00269
0.00268
0.00266
0.00264
0.00263
0.00261
0.00259
0.00258
0.00257
0.00255
0.00254
0.00252
0.00251
0.0025
0.00249
0.00247
0.00246
0.00245
0.00244
0.00242
0.00241
0.00239
0.00238
0.00236
0.00235
0.00233
0.00231
0.00229
0.00227
0.00224
0.00222
0.00219
0.00217
0.00214
0.00212
0.00209
0.00206
0.00203
0.002
0.00197
0.00194
0.00191
0.00188
0.00185
0.00182
0.00179
0.00177
0.00174
0.00171
0.00169
0.00166
0.00164
0.00162
0.0016
0.00158
0.00156
0.00155
0.00153
0.00151
0.00149
0.00148
0.00147
0.00145
0.00144
0.00143
0.00142
0.00141
0.0014
0.00139
0.00138
0.00137
0.00136
0.00136
0.00136
0.00136
0.00135
0.00136
0.00136
0.00136
0.00137
0.00137
0.00139
0.0014
0.00141
0.00143
0.00145
0.00147
0.00149
0.00152
0.00154
0.00158
0.0016
0.00164
0.00167
0.0017
0.00173
0.00177
0.0018
0.00184
0.00187
0.00191
0.00194
0.00198
0.00201
0.00204
0.00207
0.0021
0.00212
0.00215
0.00218
0.0022
0.00222
0.00224
0.00226
0.00228
0.0023
0.00232
0.00233
0.00235
0.00237
0.00238
0.00239
0.00241
0.00242
0.00244
0.00244
0.00246
0.00246
0.00247
0.00248
0.00249
0.0025
0.0025
0.0025
0.00251
0.00251
0.00251
0.0025
0.0025
0.00249
0.00249
0.00247
0.00246
0.00244
0.00242
0.0024
0.00238
0.00235
0.00232
0.00229
0.00226
0.00222
0.00218
0.00214
0.0021
0.00205
0.002
0.00195
0.0019
0.00184
0.00179
0.00173
0.00167
0.00161
0.00155
0.00148
0.00142
0.00135
0.00129
0.00122
0.00115
0.00107
0.001
0.00092
0.00084
0.00076
0.00068
0.0006
0.00052
0.00043
0.00034
0.00025
0.00016
7e-05
-2e-05
-0.00012
-0.00022
-0.00032
-0.00042
-0.00052
-0.00062
-0.00072
-0.00083
-0.00093
-0.00103
-0.00113
-0.00123
-0.00134
-0.00144
-0.00154
-0.00164
-0.00174
-0.00184
-0.00194
-0.00204
-0.00213
-0.00223
-0.00232
-0.00242
-0.0025
-0.00259
-0.00268
-0.00276
-0.00285
-0.00292
-0.003
-0.00307
-0.00315
-0.00322
-0.00329
-0.00335
-0.00341
-0.00346
-0.00352
-0.00357
-0.00361
-0.00365
-0.00368
-0.00371
-0.00374
-0.00376
-0.00377
-0.00378
-0.00379
-0.00378
-0.00378
-0.00377
-0.00375
-0.00373
-0.00371
-0.00368
-0.00365
-0.00361
-0.00357
-0.00352
-0.00348
-0.00342
-0.00337
-0.00332
-0.00327
-0.0032
-0.00315
-0.00308
-0.00303
-0.00296
-0.0029
-0.00284
-0.00278
-0.00271
-0.00265
-0.00258
-0.00252
-0.00245
-0.00239
-0.00232
-0.00226
-0.00219
-0.00213
-0.00205
-0.00198
-0.00191
-0.00184
-0.00176
-0.00169
-0.00161
-0.00153
-0.00144
-0.00137
-0.00128
-0.0012
-0.00111
-0.00103
-0.00094
-0.00086
-0.00076
-0.00068
-0.00059
-0.0005
-0.00042
-0.00033
-0.00025
-0.00016
-8e-05
0.0
8e-05
0.00016
0.00025
0.00032
0.0004
0.00047
0.00055
0.00062
0.00069
0.00077
0.00084
0.00091
0.00099
0.00106
0.00113
0.0012
0.00128
0.00135
0.00143
0.0015
0.00157
0.00164
0.00172
0.00179
0.00186
0.00193
0.002
0.00207
0.00213
0.0022
0.00226
0.00232
0.00238
0.00243
0.00249
0.00253
0.00258
0.00261
0.00265
0.00268
0.00272
0.00274
0.00276
0.00278
0.0028
0.00281
0.00282
0.00283
0.00283
0.00283
0.00284
0.00283
0.00283
0.00281
0.00281
0.0028
0.00278
0.00277
0.00275
0.00273
0.00271
0.00269
0.00267
0.00263
0.00261
0.00257
0.00254
0.0025
0.00246
0.00241
0.00237
0.00231
0.00226
0.00219
0.00213
0.00206
0.002
0.00192
0.00185
0.00176
0.00168
0.00159
0.00151
0.00142
0.00133
0.00123
0.00114
0.00104
0.00094
0.00084
0.00074
0.00065
0.00055
0.00046
0.00037
0.00027
0.00018
9e-05
1e-05
-8e-05
-0.00016
-0.00025
-0.00032
-0.0004
-0.00048
-0.00055
-0.00063
-0.0007
-0.00076
-0.00083
-0.00089
-0.00096
-0.00102
-0.00109
-0.00114
-0.00121
-0.00126
-0.00132
-0.00137
-0.00143
-0.00148
-0.00153
-0.00158
-0.00163
-0.00167
-0.00171
-0.00175
-0.00179
-0.00182
-0.00186
-0.00188
-0.00191
-0.00193
-0.00195
-0.00195
-0.00197
-0.00197
-0.00197
-0.00197
-0.00196
-0.00195
-0.00194
-0.00191
-0.0019
-0.00187
-0.00184
-0.0018
-0.00177
-0.00173
-0.00169
-0.00164
-0.00159
-0.00155
-0.0015
-0.00144
-0.00139
-0.00134
-0.00128
-0.00122
-0.00117
-0.00111
-0.00106
-0.001
-0.00095
-0.00089
-0.00085
-0.00079
-0.00074
-0.0007
-0.00065
-0.00061
-0.00056
-0.00052
-0.00049
-0.00045
-0.00042
-0.00039
-0.00036
-0.00033
-0.00031
-0.00029
-0.00027
-0.00025
-0.00024
-0.00023
-0.00022
-0.00022
-0.00021
-0.00021
-0.00021
-0.00021
-0.00021
-0.00022
-0.00023
-0.00023
-0.00025
-0.00026
-0.00027
-0.00028
-0.0003
-0.00032
-0.00034
-0.00037
-0.00039
-0.00041
-0.00043
-0.00045
-0.00049
-0.00051
-0.00054
-0.00057
-0.0006
-0.00063
-0.00066
-0.00069
-0.00072
-0.00075
-0.00079
-0.00082
-0.00085
-0.00088
-0.00091
-0.00094
-0.00098
-0.00101
-0.00105
-0.00107
-0.00111
-0.00114
-0.00117
-0.0012
-0.00123
-0.00126
-0.00129
-0.00132
-0.00135
-0.00137
-0.0014
-0.00142
-0.00145
-0.00147
-0.00149
-0.00151
-0.00153
-0.00154
-0.00156
-0.00157
-0.00158
-0.00159
-0.0016
-0.0016
-0.0016
-0.00159
-0.00159
-0.00157
-0.00157
-0.00155
-0.00153
-0.0015
-0.00148
-0.00145
-0.00142
-0.00138
-0.00134
-0.0013
-0.00125
-0.00121
-0.00116
-0.0011
-0.00105
-0.00099
-0.00094
-0.00087
-0.00081
-0.00075
-0.00069
-0.00062
-0.00056
-0.0005
-0.00043
-0.00037
-0.00031
-0.00025
-0.00018
-0.00012
-6e-05
1e-05
6e-05
0.00012
0.00018
0.00024
0.0003
0.00036
0.00041
0.00047
0.00052
0.00057
0.00062
0.00068
0.00073
0.00078
0.00083
0.00088
0.00092
0.00097
0.00101
0.00106
0.00109
0.00114
0.00117
0.00122
0.00125
0.00128
0.00131
0.00134
0.00137
0.0014
0.00142
0.00144
0.00146
0.00148
0.00149
0.00151
0.00152
0.00153
0.00154
0.00155
0.00155
0.00156
0.00156
0.00155
0.00155
0.00155
0.00154
0.00154
0.00153
0.00152
0.0015
0.00149
0.00147
0.00145
0.00143
0.0014
0.00138
0.00135
0.00131
0.00127
0.00124
0.0012
0.00116
0.00111
0.00106
0.00101
0.00096
0.00091
0.00084
0.00079
0.00072
0.00067
0.0006
0.00054
0.00047
0.00041
0.00035
0.00029
0.00023
0.00017
0.00011
5e-05
-1e-05
-5e-05
-0.00011
-0.00015
-0.0002
-0.00024
-0.00028
-0.00032
-0.00035
-0.00038
-0.00041
-0.00043
-0.00045
-0.00047
-0.00049
-0.0005
-0.00051
-0.00051
-0.00053
-0.00053
-0.00053
-0.00053
-0.00053
-0.00053
-0.00053
-0.00052
-0.00051
-0.0005
-0.00049
-0.00048
-0.00047
-0.00045
-0.00044
-0.00042
-0.00041
-0.00038
-0.00037
-0.00034
-0.00032
-0.00029
-0.00026
-0.00023
-0.0002
-0.00017
-0.00014
-0.0001
-7e-05
-3e-05
0.0
4e-05
8e-05
0.00012
0.00016
0.0002
0.00024
0.00028
0.00031
0.00035
0.00039
0.00043
0.00047
0.00051
0.00054
0.00058
0.00062
0.00066
0.00069
0.00073
0.00076
0.0008
0.00083
0.00086
0.0009
0.00093
0.00096
0.001
0.00103
0.00107
0.0011
0.00114
0.00117
0.00121
0.00123
0.00127
0.0013
0.00134
0.00137
0.0014
0.00143
0.00146
0.00149
0.00151
0.00154
0.00156
0.00158
0.0016
0.00161
0.00163
0.00164
0.00165
0.00165
0.00166
0.00165
0.00165
0.00164
0.00163
0.00162
0.00161
0.00159
0.00157
0.00154
0.00152
0.00149
0.00146
0.00143
0.0014
0.00135
0.00132
0.00128
0.00125
0.00121
0.00116
0.00113
0.00109
0.00104
0.001
0.00096
0.00092
0.00088
0.00084
0.0008
0.00076
0.00071
0.00068
0.00064
0.0006
0.00056
0.00052
0.00048
0.00045
0.00041
0.00037
0.00033
0.0003
0.00026
0.00023
0.00019
0.00016
0.00012
9e-05
6e-05
3e-05
-1e-05
-3e-05
-6e-05
-8e-05
-0.0001
-0.00012
-0.00015
-0.00016
-0.00017
-0.00018
-0.00019
-0.00019
-0.00019
-0.00018
-0.00017
-0.00015
-0.00014
-0.00012
-9e-05
-5e-05
-2e-05
3e-05
7e-05
0.00012
0.00017
0.00023
0.00029
0.00035
0.00042
0.00049
0.00056
0.00064
0.00071
0.00079
0.00087
0.00095
0.00103
0.00111
0.00118
0.00127
0.00134
0.00142
0.00148
0.00156
0.00162
0.00169
0.00175
0.0018
0.00185
0.0019
0.00195
0.00199
0.00203
0.00207
0.0021
0.00213
0.00215
0.00218
0.00219
0.00221
0.00222
0.00224
0.00225
0.00225
0.00226
0.00226
0.00226
0.00226
0.00226
0.00227
0.00226
0.00226
0.00225
0.00225
0.00225
0.00224
0.00224
0.00224
0.00223
0.00222
0.00222
0.00221
0.0022
0.0022
0.00219
0.00219
0.00218
0.00217
0.00216
0.00216
0.00215
0.00214
0.00213
0.00212
0.00211
0.0021
0.00209
0.00208
0.00207
0.00206
0.00204
0.00203
0.00202
0.00201
0.00199
0.00198
0.00196
0.00195
0.00193
0.00192
0.00189
0.00188
0.00186
0.00183
0.00181
0.00179
0.00177
0.00175
0.00171
0.00169
0.00166
0.00163
0.00159
0.00156
0.00152
0.00148
0.00144
0.0014
0.00135
0.0013
0.00125
0.0012
0.00114
0.00109
0.00102
0.00096
0.00089
0.00083
0.00076
0.00069
0.00061
0.00055
0.00047
0.00039
0.00031
0.00023
0.00015
7e-05
-1e-05
-0.0001
-0.00019
-0.00027
-0.00036
-0.00044
-0.00053
-0.00062
-0.00071
-0.00079
-0.00089
-0.00098
-0.00107
-0.00116
-0.00125
-0.00134
-0.00143
-0.00151
-0.00161
-0.00169
-0.00178
-0.00187
-0.00196
-0.00204
-0.00213
-0.00222
-0.0023
-0.00238
-0.00246
-0.00254
-0.00262
-0.00269
-0.00277
-0.00284
-0.00291
-0.00297
-0.00304
-0.00309
-0.00316
-0.00321
-0.00327
-0.00331
-0.00336
-0.0034
-0.00345
-0.00348
-0.00352
-0.00355
-0.00358
-0.0036
-0.00363
-0.00365
-0.00367
-0.00368
-0.0037
-0.00371
-0.00372
-0.00372
-0.00373
-0.00373
-0.00373
-0.00373
-0.00372
-0.00371
-0.0037
-0.00368
-0.00367
-0.00365
-0.00363
-0.0036
-0.00357
-0.00354
-0.00351
-0.00346
-0.00342
-0.00338
-0.00334
-0.00329
-0.00323
-0.00318
-0.00312
-0.00305
-0.00299
-0.00292
-0.00285
-0.00278
-0.0027
-0.00263
-0.00255
-0.00246
-0.00238
-0.0023
-0.00222
-0.00213
-0.00204
-0.00195
-0.00186
-0.00176
-0.00168
-0.00158
-0.00149
-0.00139
-0.0013
-0.0012
-0.00111
-0.00101
-0.00091
-0.00082
-0.00072
-0.00063
-0.00053
-0.00043
-0.00033
-0.00023
-0.00014
-4e-05
6e-05
0.00016
0.00025
0.00034
0.00043
0.00053
0.00061
0.0007
0.00079
0.00087
0.00095
0.00103
0.00111
0.00119
0.00125
0.00132
0.00139
0.00145
0.00151
0.00157
0.00161
0.00167
0.00171
0.00175
0.00179
0.00182
0.00186
0.00189
0.00191
0.00194
0.00196
0.00198
0.002
0.00202
0.00202
0.00204
0.00205
0.00206
0.00207
0.00207
0.00208
0.00208
0.00209
0.00209
0.00209
0.0021
0.0021
0.0021
0.0021
0.0021
0.0021
0.0021
0.0021
0.0021
0.0021
0.0021
0.0021
0.0021
0.0021
0.00209
0.00209
0.00209
0.00208
0.00208
0.00208
0.00208
0.00207
0.00207
0.00206
0.00206
0.00205
0.00205
0.00204
0.00203
0.00203
0.00203
0.00202
0.00202
0.00201
0.00201
0.002
0.002
0.00199
0.00199
0.00198
0.00199
0.00198
0.00198
0.00198
0.00197
0.00197
0.00197
0.00197
0.00198
0.00197
0.00197
0.00197
0.00198
0.00197
0.00198
0.00197
0.00198
0.00198
0.00198
0.00197
0.00197
0.00197
0.00197
0.00196
0.00196
0.00195
0.00195
0.00193
0.00193
0.00191
0.0019
0.00189
0.00188
0.00186
0.00184
0.00182
0.0018
0.00178
0.00176
0.00174
0.00172
0.00169
0.00167
0.00164
0.00162
0.00159
0.00157
0.00154
0.00152
0.00149
0.00146
0.00143
0.0014
0.00138
0.00135
0.00132
0.0013
0.00127
0.00124
0.00121
0.00118
0.00115
0.00112
0.00108
0.00105
0.00102
0.00098
0.00094
0.0009
0.00087
0.00082
0.00078
0.00074
0.00069
0.00065
0.0006
0.00056
0.00051
0.00047
0.00042
0.00038
0.00033
0.00028
0.00024
0.00019
0.00015
0.00011
7e-05
4e-05
-0.0
-3e-05
-6e-05
-8e-05
-0.00011
-0.00013
-0.00016
-0.00017
-0.00019
-0.0002
-0.00021
-0.00022
-0.00023
-0.00023
-0.00023
-0.00024
-0.00024
-0.00024
-0.00025
-0.00024
-0.00025
-0.00025
-0.00026
-0.00026
-0.00026
-0.00027
-0.00028
-0.00028
-0.00029
-0.0003
-0.00031
-0.00032
-0.00033
-0.00034
-0.00035
-0.00036
-0.00038
-0.00039
-0.00041
-0.00041
-0.00042
-0.00044
-0.00045
-0.00045
-0.00046
-0.00047
-0.00047
-0.00047
-0.00048
-0.00047
-0.00047
-0.00047
-0.00047
-0.00046
-0.00046
-0.00044
-0.00044
-0.00043
-0.00042
-0.00041
-0.0004
-0.00038
-0.00037
-0.00036
-0.00035
-0.00034
-0.00033
-0.00032
-0.00031
-0.0003
-0.00029
-0.00028
-0.00028
-0.00027
-0.00027
-0.00026
-0.00025
-0.00025
-0.00024
-0.00023
-0.00023
-0.00023
-0.00022
-0.00021
-0.00021
-0.00019
-0.00019
-0.00017
-0.00016
-0.00015
-0.00013
-0.00012
-0.0001
-7e-05
-5e-05
-2e-05
-0.0
3e-05
6e-05
0.0001
0.00013
0.00017
0.0002
0.00025
0.00029
0.00033
0.00037
0.00042
0.00047
0.00052
0.00056
0.00062
0.00066
0.00071
0.00076
0.00082
0.00086
0.00091
0.00096
0.00101
0.00105
0.0011
0.00114
0.00118
0.00122
0.00126
0.0013
0.00134
0.00136
0.0014
0.00142
0.00145
0.00147
0.00149
0.00151
0.00153
0.00153
0.00154
0.00155
0.00155
0.00155
0.00155
0.00155
0.00154
0.00153
0.00153
0.00151
0.0015
0.00148
0.00146
0.00144
0.00142
0.0014
0.00137
0.00135
0.00132
0.00129
0.00127
0.00124
0.00121
0.00118
0.00116
0.00112
0.0011
0.00107
0.00104
0.00101
0.00099
0.00096
0.00093
0.00091
0.00088
0.00086
0.00084
0.00082
0.0008
0.00078
0.00076
0.00074
0.00074
0.00072
0.00071
0.0007
0.00069
0.00069
0.00068
0.00068
0.00067
0.00068
0.00068
0.00068
0.00069
0.00069
0.0007
0.00071
0.00073
0.00073
0.00075
0.00076
0.00078
0.0008
0.00081
0.00083
0.00085
0.00087
0.00089
0.00092
0.00094
0.00096
0.00099
0.00101
0.00104
0.00106
0.00109
0.00111
0.00114
0.00117
0.00119
0.00122
0.00124
0.00127
0.0013
0.00132
0.00135
0.00137
0.0014
0.00142
0.00144
0.00146
0.00148
0.00149
0.00152
0.00153
0.00154
0.00156
0.00157
0.00158
0.00159
0.0016
0.00161
0.0016
0.00161
0.00161
0.00162
0.00161
0.00161
0.00161
0.00161
0.00161
0.0016
0.0016
0.00159
0.00159
0.00159
0.00158
0.00158
0.00157
0.00157
0.00157
0.00157
0.00156
0.00156
0.00156
0.00156
0.00156
0.00156
0.00156
0.00156
0.00156
0.00156
0.00156
0.00157
0.00156
0.00157
0.00156
0.00157
0.00156
0.00156
0.00156
0.00156
0.00156
0.00155
0.00155
0.00154
0.00154
0.00154
0.00154
0.00153
0.00153
0.00153
0.00152
0.00152
0.00151
0.00151
0.0015
0.00151
0.0015
0.0015
0.0015
0.0015
0.00151
0.00151
0.00152
0.00152
0.00152
0.00153
0.00154
0.00155
0.00156
0.00157
0.00158
0.00159
0.0016
0.00161
0.00162
0.00164
0.00165
0.00166
0.00168
0.00169
0.0017
0.00171
0.00173
0.00174
0.00175
0.00176
0.00177
0.00179
0.0018
0.00181
0.00182
0.00183
0.00185
0.00186
0.00187
0.00189
0.00189
0.00191
0.00192
0.00194
0.00195
0.00196
0.00197
0.00199
0.002
0.00201
0.00202
0.00203
0.00204
0.00206
0.00207
0.00208
0.00209
0.0021
0.00211
0.00212
0.00213
0.00214
0.00215
0.00216
0.00217
0.00218
0.00219
0.0022
0.00221
0.00223
0.00224
0.00226
0.00227
0.00229
0.0023
0.00233
0.00234
0.00237
0.00239
0.00242
0.00244
0.00247
0.0025
0.00252
0.00255
0.00259
0.00262
0.00265
0.00268
0.00271
0.00274
0.00277
0.0028
0.00283
0.00285
0.00288
0.0029
0.00292
0.00294
0.00296
0.00298
0.003
0.00301
0.00303
0.00303
0.00305
0.00305
0.00307
0.00307
0.00308
0.00308
0.00309
0.00309
0.00309
0.0031
0.0031
0.0031
0.00311
0.00311
0.00311
0.00311
0.00312
0.00311
0.00312
0.00311
0.00311
0.00311
0.00311
0.0031
0.00309
0.00308
0.00307
0.00305
0.00303
0.00301
0.00299
0.00296
0.00293
0.0029
0.00286
0.00282
0.00278
0.00272
0.00268
0.00262
0.00257
0.00251
0.00244
0.00238
0.00232
0.00225
0.00219
0.00211
0.00204
0.00197
0.00191
0.00183
0.00177
0.00169
0.00163
0.00156
0.0015
0.00144
0.00137
0.00132
0.00126
0.00121
0.00116
0.0011
0.00106
0.00101
0.00097
0.00092
0.00089
0.00085
0.00082
0.00078
0.00075
0.00071
0.00068
0.00066
0.00063
0.00061
0.00059
0.00056
0.00054
0.00051
0.0005
0.00047
0.00045
0.00043
0.00041
0.00039
0.00037
0.00035
0.00033
0.00031
0.00029
0.00026
0.00025
0.00022
0.0002
0.00017
0.00016
0.00013
0.00011
8e-05
6e-05
3e-05
1e-05
-1e-05
-4e-05
-6e-05
-8e-05
-0.0001
-0.00012
-0.00015
-0.00016
-0.00018
-0.00019
-0.00021
-0.00022
-0.00024
-0.00024
-0.00025
-0.00026
-0.00027
-0.00027
-0.00028
-0.00028
-0.00028
-0.00028
-0.00028
-0.00028
-0.00028
-0.00028
-0.00028
-0.00028
-0.00028
-0.00028
-0.00029
-0.00029
-0.0003
-0.00031
-0.00032
-0.00033
-0.00035
-0.00037
-0.0004
-0.00042
-0.00045
-0.00048
-0.00052
-0.00056
-0.00061
-0.00065
-0.0007
-0.00076
-0.00081
-0.00088
-0.00094
-0.001
-0.00107
-0.00114
-0.00123
-0.0013
-0.00138
-0.00146
-0.00155
-0.00163
-0.00172
-0.0018
-0.0019
-0.00199
-0.00208
-0.00217
-0.00226
-0.00235
-0.00244
-0.00253
-0.00263
-0.00271
-0.00281
-0.00289
-0.00298
-0.00307
-0.00316
-0.00323
-0.00332
-0.0034
-0.00348
-0.00356
-0.00363
-0.0037
-0.00377
-0.00383
-0.0039
-0.00396
-0.00403
-0.00408
-0.00414
-0.00418
-0.00424
-0.00427
-0.00432
-0.00436
-0.00439
-0.00442
-0.00445
-0.00447
-0.00449
-0.0045
-0.00452
-0.00452
-0.00453
-0.00452
-0.00452
-0.00451
-0.0045
-0.00448
-0.00446
-0.00443
-0.0044
-0.00437
-0.00433
-0.00429
-0.00424
-0.00419
-0.00414
-0.00408
-0.00403
-0.00396
-0.0039
-0.00383
-0.00376
-0.00369
-0.00362
-0.00354
-0.00347
-0.0034
-0.00332
-0.00324
-0.00316
-0.00308
-0.00301
-0.00292
-0.00285
-0.00277
-0.00269
-0.00262
-0.00254
-0.00246
-0.00239
-0.00232
-0.00225
-0.00218
-0.0021
-0.00203
-0.00196
-0.00189
-0.00182
-0.00175
-0.00169
-0.00161
-0.00155
-0.00147
-0.00141
-0.00133
-0.00126
-0.00119
-0.00112
-0.00105
-0.00097
-0.0009
-0.00082
-0.00074
-0.00067
-0.00059
-0.00051
-0.00043
-0.00035
-0.00027
-0.0002
-0.00011
-4e-05
4e-05
0.00012
0.00019
0.00027
0.00035
0.00042
0.0005
0.00056
0.00064
0.0007
0.00078
0.00084
0.00091
0.00097
0.00103
0.00109
0.00115
0.00121
0.00126
0.00132
0.00137
0.00143
0.00148
0.00153
0.00158
0.00163
0.00168
0.00173
0.00177
0.00182
0.00187
0.00191
0.00195
0.002
0.00204
0.00208
0.00212
0.00216
0.0022
0.00223
0.00226
0.00229
0.00232
0.00235
0.00237
0.00239
0.00242
0.00243
0.00245
0.00246
0.00246
0.00247
0.00247
0.00247
0.00248
0.00247
0.00247
0.00246
0.00245
0.00244
0.00243
0.00241
0.00241
0.00239
0.00238
0.00237
0.00236
0.00235
0.00235
0.00234
0.00234
0.00233
0.00234
0.00234
0.00235
0.00235
0.00236
0.00237
0.00239
0.0024
0.00241
0.00243
0.00245
0.00247
0.00249
0.00251
0.00254
0.00255
0.00258
0.0026
0.00262
0.00264
0.00266
0.00267
0.00269
0.0027
0.00271
0.00272
0.00273
0.00274
0.00274
0.00275
0.00275
0.00275
0.00275
0.00275
0.00275
0.00274
0.00274
0.00273
0.00273
0.00272
0.00272
0.00271
0.0027
0.0027
0.00269
0.00268
0.00268
0.00267
0.00266
0.00265
0.00265
0.00263
0.00263
0.00261
0.0026
0.00259
0.00257
0.00255
0.00253
0.00251
0.00249
0.00246
0.00244
0.0024
0.00237
0.00233
0.0023
0.00225
0.00221
0.00216
0.00212
0.00207
0.00202
0.00196
0.0019
0.00184
0.00179
0.00172
0.00166
0.00159
0.00153
0.00146
0.00139
0.00132
0.00125
0.00117
0.0011
0.00103
0.00095
0.00087
0.00078
0.0007
0.00062
0.00054
0.00045
0.00036
0.00027
0.00017
8e-05
-2e-05
-0.00012
-0.00022
-0.00032
-0.00043
-0.00054
-0.00065
-0.00076
-0.00087
-0.00098
-0.0011
-0.00121
-0.00133
-0.00144
-0.00156
-0.00167
-0.00179
-0.0019
-0.00202
-0.00212
-0.00224
-0.00235
-0.00245
-0.00256
-0.00266
-0.00276
-0.00285
-0.00294
-0.00304
-0.00312
-0.0032
-0.00328
-0.00335
-0.00342
-0.00349
-0.00354
-0.00359
-0.00364
-0.00368
-0.00372
-0.00375
-0.00377
-0.00379
-0.0038
-0.00381
-0.0038
-0.00379
-0.00377
-0.00375
-0.00372
-0.00369
-0.00364
-0.00359
-0.00354
-0.00348
-0.00341
-0.00333
-0.00325
-0.00316
-0.00307
-0.00298
-0.00287
-0.00277
-0.00265
-0.00254
-0.00242
-0.00231
-0.00218
-0.00205
-0.00193
-0.0018
-0.00167
-0.00153
-0.0014
-0.00126
-0.00112
-0.00099
-0.00085
-0.00072
-0.00058
-0.00044
-0.0003
-0.00017
-3e-05
0.00011
0.00025
0.00038
0.00052
0.00066
0.0008
0.00094
0.00108
0.00121
0.00135
0.00148
0.00162
0.00176
0.00189
0.00202
0.00216
0.00229
0.00242
0.00255
0.00267
0.00279
0.00291
0.00303
0.00315
0.00325
0.00336
0.00346
0.00356
0.00365
0.00374
0.00382
0.00391
0.00398
0.00405
0.00411
0.00417
0.00422
0.00427
0.00431
0.00435
0.00438
0.00442
0.00444
0.00446
0.00448
0.00449
0.0045
0.00451
0.00451
0.00451
0.00451
0.0045
0.00449
0.00448
0.00447
0.00446
0.00443
0.00442
0.00439
0.00437
0.00434
0.00431
0.00427
0.00424
0.0042
0.00415
0.00411
0.00405
0.004
0.00395
0.00389
0.00383
0.00375
0.00369
0.00361
0.00353
0.00345
0.00336
0.00327
0.00318
0.00308
0.00299
0.00288
0.00278
0.00267
0.00257
0.00246
0.00235
0.00224
0.00213
0.00201
0.0019
0.00179
0.00168
0.00157
0.00146
0.00135
0.00124
0.00114
0.00103
0.00093
0.00083
0.00074
0.00065
0.00055
0.00046
0.00037
0.00029
0.0002
0.00012
4e-05
-3e-05
-0.0001
-0.00017
-0.00024
-0.00031
-0.00037
-0.00042
-0.00048
-0.00053
-0.00058
-0.00063
-0.00067
-0.00071
-0.00075
-0.00078
-0.00082
-0.00084
-0.00087
-0.00089
-0.0009
-0.00092
-0.00093
-0.00094
-0.00094
-0.00094
-0.00094
-0.00093
-0.00093
-0.00091
-0.0009
-0.00088
-0.00087
-0.00084
-0.00082
-0.00079
-0.00077
-0.00074
-0.00071
-0.00068
-0.00064
-0.0006
-0.00057
-0.00053
-0.0005
-0.00045
-0.00042
-0.00038
-0.00034
-0.00029
-0.00026
-0.00022
-0.00018
-0.00013
-9e-05
-5e-05
-0.0
4e-05
8e-05
0.00013
0.00017
0.00022
0.00026
0.00031
0.00035
0.0004
0.00045
0.00049
0.00054
0.00058
0.00063
0.00068
0.00072
0.00077
0.00081
0.00086
0.0009
0.00094
0.00098
0.00102
0.00105
0.0011
0.00113
0.00116
0.00119
0.00122
0.00125
0.00128
0.00131
0.00133
0.00135
0.00137
0.00138
0.0014
0.00141
0.00142
0.00142
0.00143
0.00142
0.00142
0.00141
0.0014
0.00138
0.00137
0.00135
0.00132
0.00129
0.00126
0.00122
0.00119
0.00114
0.00109
0.00104
0.00099
0.00094
0.00088
0.00082
0.00075
0.00069
0.00062
0.00056
0.00049
0.00042
0.00035
0.00028
0.00022
0.00015
8e-05
2e-05
-4e-05
-0.0001
-0.00016
-0.00021
-0.00026
-0.00031
-0.00035
-0.00039
-0.00043
-0.00047
-0.0005
-0.00053
-0.00055
-0.00057
-0.00059
-0.00061
-0.00062
-0.00064
-0.00065
-0.00066
-0.00068
-0.00068
-0.00069
-0.0007
-0.0007
-0.00071
-0.00071
-0.00072
-0.00072
-0.00073
-0.00074
-0.00075
-0.00074
-0.00075
-0.00076
-0.00076
-0.00076
-0.00076
-0.00076
-0.00076
-0.00076
-0.00076
-0.00075
-0.00075
-0.00073
-0.00073
-0.00071
-0.00071
-0.00068
-0.00067
-0.00066
-0.00064
-0.00062
-0.0006
-0.00058
-0.00056
-0.00054
-0.00052
-0.0005
-0.00048
-0.00046
-0.00044
-0.00042
-0.00041
-0.00039
-0.00038
-0.00037
-0.00036
-0.00035
-0.00034
-0.00034
-0.00033
-0.00032
-0.00033
-0.00032
-0.00032
-0.00032
-0.00032
-0.00032
-0.00032
-0.00032
-0.00032
-0.00032
-0.00032
-0.00032
-0.00032
-0.00032
-0.00032
-0.00032
-0.00032
-0.00032
-0.00032
-0.00031
-0.00032
-0.00031
-0.00032
-0.00031
-0.00032
-0.00032
-0.00032
-0.00033
-0.00033
-0.00034
-0.00035
-0.00036
-0.00038
-0.00039
-0.00041
-0.00042
-0.00045
-0.00047
-0.0005
-0.00053
-0.00056
-0.0006
-0.00063
-0.00068
-0.00071
-0.00075
-0.0008
-0.00084
-0.00089
-0.00094
-0.00099
-0.00103
-0.00108
-0.00113
-0.00118
-0.00123
-0.00128
-0.00132
-0.00137
-0.00142
-0.00146
-0.00149
-0.00153
-0.00156
-0.0016
-0.00162
-0.00165
-0.00167
-0.00169
-0.0017
-0.00172
-0.00172
-0.00173
-0.00173
-0.00173
-0.00172
-0.00171
-0.0017
-0.00169
-0.00167
-0.00165
-0.00163
-0.00161
-0.00158
-0.00156
-0.00153
-0.00151
-0.00148
-0.00146
-0.00143
-0.00141
-0.00139
-0.00136
-0.00134
-0.00132
-0.0013
-0.00129
-0.00127
-0.00126
-0.00124
-0.00124
-0.00122
-0.00122
-0.0012
-0.0012
-0.00119
-0.00118
-0.00117
-0.00116
-0.00115
-0.00114
-0.00112
-0.00112
-0.0011
-0.00108
-0.00106
-0.00105
-0.00103
-0.00101
-0.00098
-0.00096
-0.00094
-0.00092
-0.0009
-0.00087
-0.00084
-0.00082
-0.00079
-0.00078
-0.00075
-0.00073
-0.00071
-0.0007
-0.00068
-0.00068
-0.00066
-0.00066
-0.00066
-0.00066
-0.00066
-0.00066
-0.00067
-0.00068
-0.00069
-0.00072
-0.00073
-0.00075
-0.00077
-0.0008
-0.00083
-0.00086
-0.00089
-0.00092
-0.00095
-0.00099
-0.00102
-0.00106
-0.00109
-0.00112
-0.00116
-0.0012
-0.00123
-0.00127
-0.0013
-0.00134
-0.00137
-0.00141
-0.00143
-0.00147
-0.00151
-0.00154
-0.00157
-0.0016
-0.00164
-0.00167
-0.00169
-0.00173
-0.00176
-0.00179
-0.00181
-0.00184
-0.00187
-0.0019
-0.00192
-0.00194
-0.00196
-0.00198
-0.002
-0.00201
-0.00203
-0.00204
-0.00204
-0.00205
-0.00205
-0.00205
-0.00204
-0.00204
-0.00202
-0.00201
-0.00199
-0.00197
-0.00195
-0.00192
-0.00189
-0.00185
-0.00181
-0.00177
-0.00172
-0.00168
-0.00162
-0.00157
-0.00151
-0.00146
-0.00139
-0.00133
-0.00126
-0.0012
-0.00113
-0.00106
-0.00099
-0.00091
-0.00084
-0.00076
-0.00068
-0.00061
-0.00053
-0.00046
-0.00038
-0.00031
-0.00023
-0.00015
-7e-05
-0.0
7e-05
0.00015
0.00022
0.00029
0.00036
0.00043
0.0005
0.00056
0.00063
0.00069
0.00076
0.00082
0.00088
0.00093
0.001
0.00105
0.0011
0.00115
0.0012
0.00125
0.00129
0.00133
0.00138
0.00141
0.00145
0.00148
0.00152
0.00155
0.00158
0.0016
0.00163
0.00165
0.00166
0.00168
0.00169
0.00171
0.00172
0.00173
0.00174
0.00174
0.00175
0.00175
0.00175
0.00175
0.00175
0.00174
0.00174
0.00173
0.00172
0.00171
0.0017
0.00169
0.00167
0.00166
0.00165
0.00163
0.00162
0.0016
0.00158
0.00156
0.00154
0.00152
0.00151
0.00148
0.00146
0.00144
0.00141
0.00139
0.00137
0.00134
0.00132
0.00129
0.00127
0.00124
0.00122
0.00119
0.00117
0.00114
0.00112
0.00109
0.00107
0.00105
0.00102
0.001
0.00098
0.00096
0.00095
0.00092
0.00091
0.00089
0.00088
