1.22254991711909E+03

-0.00117
-0.00121
-0.00124
-0.00127
-0.00129
-0.00132
-0.00134
-0.00137
-0.00139
-0.0014
-0.00142
-0.00143
-0.00144
-0.00146
-0.00147
-0.00148
-0.00148
-0.00149
-0.0015
-0.00151
-0.00151
-0.00151
-0.00152
-0.00152
-0.00153
-0.00153
-0.00153
-0.00153
-0.00153
-0.00154
-0.00153
-0.00153
-0.00153
-0.00153
-0.00152
-0.00152
-0.00151
-0.0015
-0.00149
-0.00148
-0.00147
-0.00146
-0.00144
-0.00142
-0.0014
-0.00138
-0.00136
-0.00134
-0.0013
-0.00128
-0.00125
-0.00122
-0.00118
-0.00115
-0.00111
-0.00107
-0.00103
-0.00099
-0.00095
-0.00091
-0.00086
-0.00082
-0.00077
-0.00073
-0.00068
-0.00064
-0.0006
-0.00056
-0.00051
-0.00047
-0.00043
-0.00039
-0.00035
-0.00032
-0.00028
-0.00025
-0.00022
-0.00019
-0.00016
-0.00014
-0.00012
-0.0001
-8e-05
-7e-05
-6e-05
-5e-05
-5e-05
-4e-05
-4e-05
-4e-05
-4e-05
-5e-05
-5e-05
-6e-05
-7e-05
-8e-05
-9e-05
-0.00011
-0.00012
-0.00014
-0.00015
-0.00016
-0.00018
-0.00019
-0.00021
-0.00022
-0.00023
-0.00024
-0.00025
-0.00027
-0.00028
-0.00029
-0.0003
-0.00032
-0.00032
-0.00034
-0.00035
-0.00036
-0.00037
-0.00039
-0.0004
-0.00042
-0.00043
-0.00045
-0.00046
-0.00049
-0.0005
-0.00053
-0.00055
-0.00058
-0.0006
-0.00063
-0.00065
-0.00068
-0.00071
-0.00075
-0.00078
-0.00081
-0.00084
-0.00087
-0.0009
-0.00093
-0.00096
-0.00099
-0.00101
-0.00104
-0.00106
-0.00109
-0.00111
-0.00113
-0.00115
-0.00117
-0.00118
-0.0012
-0.0012
-0.00122
-0.00122
-0.00123
-0.00124
-0.00124
-0.00124
-0.00125
-0.00125
-0.00126
-0.00125
-0.00126
-0.00126
-0.00126
-0.00126
-0.00126
-0.00126
-0.00127
-0.00127
-0.00128
-0.00128
-0.00129
-0.00129
-0.0013
-0.0013
-0.00131
-0.00131
-0.00132
-0.00133
-0.00134
-0.00135
-0.00135
-0.00136
-0.00136
-0.00136
-0.00137
-0.00137
-0.00137
-0.00137
-0.00137
-0.00137
-0.00137
-0.00136
-0.00135
-0.00134
-0.00134
-0.00133
-0.00131
-0.0013
-0.00129
-0.00127
-0.00125
-0.00123
-0.00122
-0.0012
-0.00118
-0.00116
-0.00114
-0.00112
-0.0011
-0.00107
-0.00105
-0.00103
-0.00101
-0.00098
-0.00096
-0.00094
-0.00092
-0.00089
-0.00087
-0.00084
-0.00082
-0.00079
-0.00077
-0.00073
-0.00071
-0.00068
-0.00065
-0.00062
-0.00059
-0.00055
-0.00052
-0.00048
-0.00045
-0.0004
-0.00036
-0.00031
-0.00027
-0.00021
-0.00017
-0.0001
-5e-05
1e-05
7e-05
0.00014
0.00021
0.00029
0.00036
0.00044
0.00052
0.00061
0.00069
0.00079
0.00088
0.00098
0.00108
0.00119
0.00129
0.0014
0.00151
0.00162
0.00174
0.00186
0.00197
0.0021
0.00221
0.00233
0.00245
0.00258
0.00269
0.00281
0.00292
0.00305
0.00316
0.00327
0.00337
0.00348
0.00358
0.00368
0.00378
0.00387
0.00395
0.00403
0.00411
0.00418
0.00424
0.00431
0.00436
0.00441
0.00445
0.00449
0.00453
0.00455
0.00458
0.0046
0.00461
0.00462
0.00462
0.00462
0.00462
0.00461
0.00459
0.00458
0.00455
0.00453
0.00451
0.00448
0.00444
0.0044
0.00436
0.00432
0.00428
0.00424
0.00418
0.00414
0.00409
0.00404
0.00398
0.00392
0.00386
0.0038
0.00374
0.00367
0.00361
0.00354
0.00347
0.00341
0.00334
0.00327
0.00319
0.00312
0.00305
0.00298
0.0029
0.00283
0.00275
0.00268
0.00261
0.00254
0.00246
0.00239
0.00232
0.00225
0.00218
0.00212
0.00205
0.00199
0.00193
0.00187
0.00181
0.00176
0.00171
0.00166
0.00161
0.00157
0.00152
0.00148
0.00144
0.00141
0.00137
0.00135
0.00131
0.00128
0.00125
0.00123
0.00119
0.00117
0.00114
0.00112
0.00109
0.00106
0.00103
0.001
0.00097
0.00094
0.0009
0.00087
0.00083
0.00079
0.00075
0.00071
0.00066
0.00061
0.00056
0.00051
0.00046
0.0004
0.00034
0.00028
0.00022
0.00016
0.0001
4e-05
-2e-05
-8e-05
-0.00015
-0.00021
-0.00028
-0.00033
-0.0004
-0.00046
-0.00052
-0.00058
-0.00064
-0.0007
-0.00075
-0.0008
-0.00086
-0.00091
-0.00096
-0.00101
-0.00106
-0.00111
-0.00116
-0.0012
-0.00125
-0.00129
-0.00134
-0.00139
-0.00143
-0.00148
-0.00152
-0.00156
-0.0016
-0.00164
-0.00169
-0.00172
-0.00177
-0.0018
-0.00184
-0.00187
-0.00191
-0.00194
-0.00197
-0.002
-0.00203
-0.00205
-0.00207
-0.00209
-0.0021
-0.00211
-0.00213
-0.00213
-0.00213
-0.00212
-0.00212
-0.00211
-0.0021
-0.00208
-0.00206
-0.00204
-0.00202
-0.00199
-0.00195
-0.00192
-0.00188
-0.00184
-0.00181
-0.00176
-0.00172
-0.00167
-0.00163
-0.00158
-0.00154
-0.00149
-0.00144
-0.0014
-0.00135
-0.0013
-0.00126
-0.00121
-0.00116
-0.00112
-0.00108
-0.00103
-0.00099
-0.00094
-0.0009
-0.00086
-0.00082
-0.00077
-0.00073
-0.00068
-0.00064
-0.0006
-0.00055
-0.0005
-0.00046
-0.00041
-0.00037
-0.00032
-0.00027
-0.00022
-0.00017
-0.00012
-8e-05
-2e-05
2e-05
7e-05
0.00012
0.00016
0.00021
0.00025
0.0003
0.00034
0.00038
0.00042
0.00045
0.00049
0.00052
0.00055
0.00058
0.00061
0.00063
0.00065
0.00067
0.00069
0.00071
0.00072
0.00074
0.00075
0.00076
0.00077
0.00078
0.00079
0.00079
0.0008
0.0008
0.00081
0.00081
0.00082
0.00082
0.00082
0.00083
0.00083
0.00083
0.00084
0.00083
0.00084
0.00084
0.00084
0.00084
0.00084
0.00083
0.00083
0.00082
0.00081
0.0008
0.00079
0.00078
0.00076
0.00075
0.00073
0.0007
0.00069
0.00066
0.00063
0.0006
0.00057
0.00053
0.0005
0.00046
0.00042
0.00037
0.00033
0.00029
0.00024
0.00019
0.00014
8e-05
3e-05
-2e-05
-7e-05
-0.00013
-0.00019
-0.00025
-0.00031
-0.00037
-0.00043
-0.0005
-0.00056
-0.00062
-0.00068
-0.00075
-0.00081
-0.00089
-0.00095
-0.00102
-0.00108
-0.00115
-0.00122
-0.00129
-0.00135
-0.00142
-0.00149
-0.00156
-0.00162
-0.00168
-0.00174
-0.0018
-0.00186
-0.00192
-0.00197
-0.00203
-0.00207
-0.00213
-0.00217
-0.00221
-0.00224
-0.00228
-0.00231
-0.00233
-0.00235
-0.00237
-0.00238
-0.00239
-0.00239
-0.0024
-0.00239
-0.00238
-0.00236
-0.00235
-0.00232
-0.0023
-0.00226
-0.00222
-0.00218
-0.00214
-0.00209
-0.00204
-0.00198
-0.00193
-0.00186
-0.0018
-0.00173
-0.00166
-0.00159
-0.00152
-0.00144
-0.00136
-0.00128
-0.0012
-0.00112
-0.00103
-0.00095
-0.00086
-0.00078
-0.00069
-0.0006
-0.00052
-0.00043
-0.00034
-0.00025
-0.00016
-7e-05
1e-05
0.0001
0.00019
0.00027
0.00036
0.00044
0.00053
0.00062
0.0007
0.00079
0.00087
0.00096
0.00104
0.00112
0.0012
0.00128
0.00136
0.00144
0.00152
0.0016
0.00167
0.00175
0.00183
0.0019
0.00197
0.00205
0.00211
0.00218
0.00224
0.00231
0.00237
0.00243
0.00248
0.00254
0.00259
0.00264
0.00268
0.00272
0.00276
0.00279
0.00282
0.00285
0.00287
0.00289
0.0029
0.00291
0.00291
0.00292
0.00291
0.0029
0.00289
0.00287
0.00285
0.00282
0.0028
0.00277
0.00273
0.00269
0.00264
0.0026
0.00255
0.0025
0.00245
0.00239
0.00233
0.00228
0.00221
0.00215
0.00208
0.00202
0.00195
0.00189
0.00182
0.00176
0.00169
0.00162
0.00155
0.00149
0.00142
0.00136
0.00129
0.00123
0.00116
0.0011
0.00104
0.00097
0.00091
0.00086
0.0008
0.00074
0.00068
0.00063
0.00057
0.00052
0.00046
0.00041
0.00036
0.00031
0.00026
0.00021
0.00016
0.00012
7e-05
3e-05
-1e-05
-5e-05
-9e-05
-0.00013
-0.00017
-0.0002
-0.00023
-0.00026
-0.00029
-0.00031
-0.00034
-0.00036
-0.00038
-0.00039
-0.0004
-0.00041
-0.00041
-0.00041
-0.00041
-0.0004
-0.00039
-0.00037
-0.00035
-0.00032
-0.00029
-0.00024
-0.0002
-0.00015
-0.0001
-4e-05
3e-05
0.00011
0.00019
0.00027
0.00036
0.00046
0.00056
0.00067
0.00079
0.00091
0.00103
0.00117
0.0013
0.00144
0.00158
0.00173
0.00188
0.00205
0.00221
0.00238
0.00254
0.00272
0.00289
0.00308
0.00326
0.00345
0.00364
0.00384
0.00404
0.00424
0.00444
0.00465
0.00486
0.00508
0.00529
0.00552
0.00574
0.00597
0.00619
0.00643
0.00666
0.0069
0.00714
0.00739
0.00763
0.00787
0.00812
0.00837
0.00862
0.00887
0.00912
0.00938
0.00963
0.00989
0.01014
0.0104
0.01065
0.01091
0.01116
0.01142
0.01167
0.01192
0.01217
0.01243
0.01268
0.01293
0.01318
0.01344
0.01369
0.01394
0.01419
0.01444
0.01469
0.01494
0.01518
0.01543
0.01568
0.01593
0.01617
0.01641
0.01666
0.0169
0.01714
0.01737
0.0176
0.01784
0.01806
0.01829
0.01851
0.01873
0.01894
0.01915
0.01935
0.01954
0.01974
0.01992
0.0201
0.02028
0.02045
0.02061
0.02077
0.02092
0.02106
0.02121
0.02134
0.02147
0.02159
0.02171
0.02182
0.02193
0.02203
0.02212
0.02221
0.0223
0.02238
0.02246
0.02253
0.0226
0.02266
0.02272
0.02277
0.02281
0.02285
0.02289
0.02292
0.02295
0.02297
0.02298
0.02299
0.02299
0.02299
0.02298
0.02296
0.02294
0.02291
0.02288
0.02284
0.0228
0.02275
0.0227
0.02264
0.02258
0.02251
0.02244
0.02237
0.0223
0.02222
0.02214
0.02206
0.02198
0.02189
0.02181
0.02172
0.02163
0.02154
0.02146
0.02137
0.02128
0.02119
0.0211
0.02102
0.02093
0.02084
0.02075
0.02065
0.02056
0.02047
0.02037
0.02027
0.02017
0.02007
0.01997
0.01986
0.01975
0.01964
0.01952
0.0194
0.01928
0.01916
0.01903
0.0189
0.01877
0.01863
0.0185
0.01836
0.01822
0.01808
0.01794
0.0178
0.01766
0.01752
0.01737
0.01724
0.0171
0.01696
0.01683
0.01669
0.01656
0.01642
0.0163
0.01617
0.01605
0.01592
0.01581
0.01569
0.01557
0.01546
0.01534
0.01523
0.01512
0.01501
0.0149
0.01479
0.01468
0.01457
0.01446
0.01434
0.01423
0.01412
0.01401
0.01389
0.01377
0.01365
0.01353
0.01341
0.01329
0.01317
0.01304
0.01291
0.01279
0.01266
0.01254
0.01241
0.01229
0.01216
0.01204
0.01192
0.0118
0.01168
0.01156
0.01145
0.01134
0.01123
0.01112
0.01102
0.01092
0.01082
0.01073
0.01063
0.01055
0.01046
0.01038
0.0103
0.01022
0.01015
0.01007
0.01
0.00994
0.00987
0.00981
0.00975
0.00969
0.00963
0.00958
0.00952
0.00947
0.00942
0.00937
0.00932
0.00928
0.00924
0.00919
0.00916
0.00912
0.00909
0.00906
0.00902
0.009
0.00897
0.00895
0.00893
0.00892
0.0089
0.0089
0.00889
0.00889
0.00888
0.00888
0.00889
0.0089
0.00891
0.00892
0.00893
0.00895
0.00897
0.00899
0.00901
0.00903
0.00905
0.00908
0.0091
0.00913
0.00915
0.00918
0.00921
0.00923
0.00925
0.00928
0.0093
0.00932
0.00934
0.00936
0.00937
0.00938
0.00939
0.0094
0.0094
0.0094
0.00939
0.00938
0.00937
0.00935
0.00933
0.00931
0.00927
0.00924
0.00919
0.00915
0.00909
0.00903
0.00897
0.0089
0.00882
0.00874
0.00865
0.00856
0.00847
0.00837
0.00826
0.00815
0.00803
0.00792
0.0078
0.00768
0.00755
0.00742
0.00729
0.00716
0.00703
0.0069
0.00677
0.00663
0.00651
0.00638
0.00625
0.00612
0.00599
0.00587
0.00575
0.00563
0.00551
0.0054
0.00528
0.00517
0.00506
0.00495
0.00484
0.00473
0.00462
0.00452
0.00441
0.00431
0.0042
0.0041
0.00399
0.00389
0.00379
0.00369
0.00358
0.00348
0.00338
0.00328
0.00318
0.00308
0.00298
0.00289
0.0028
0.00271
0.00262
0.00254
0.00246
0.00239
0.00232
0.00226
0.00219
0.00215
0.0021
0.00206
0.00202
0.00199
0.00197
0.00196
0.00195
0.00195
0.00195
0.00196
0.00198
0.002
0.00202
0.00206
0.00209
0.00213
0.00217
0.00222
0.00226
0.00231
0.00236
0.00241
0.00247
0.00252
0.00257
0.00262
0.00267
0.00272
0.00277
0.00281
0.00285
0.0029
0.00293
0.00297
0.003
0.00303
0.00306
0.00309
0.00312
0.00314
0.00316
0.00319
0.00321
0.00323
0.00325
0.00327
0.00328
0.00331
0.00333
0.00335
0.00337
0.00339
0.00342
0.00345
0.00348
0.00351
0.00354
0.00358
0.00361
0.00365
0.00369
0.00373
0.00377
0.00382
0.00387
0.00391
0.00396
0.00401
0.00406
0.00411
0.00416
0.00422
0.00427
0.00432
0.00437
0.00443
0.00448
0.00453
0.00458
0.00464
0.00469
0.00475
0.0048
0.00485
0.0049
0.00496
0.00501
0.00506
0.0051
0.00516
0.0052
0.00525
0.00529
0.00534
0.00538
0.00542
0.00546
0.00549
0.00552
0.00555
0.00557
0.00559
0.00561
0.00563
0.00563
0.00564
0.00564
0.00564
0.00563
0.00562
0.00559
0.00558
0.00555
0.00552
0.00548
0.00544
0.00539
0.00535
0.0053
0.00524
0.00518
0.00512
0.00506
0.00499
0.00492
0.00485
0.00478
0.00471
0.00463
0.00456
0.00448
0.0044
0.00432
0.00424
0.00416
0.00409
0.004
0.00392
0.00383
0.00375
0.00367
0.00358
0.00349
0.00341
0.00332
0.00323
0.00314
0.00304
0.00295
0.00286
0.00276
0.00267
0.00257
0.00247
0.00237
0.00228
0.00217
0.00208
0.00197
0.00188
0.00178
0.00168
0.00159
0.00149
0.0014
0.00131
0.00122
0.00114
0.00105
0.00098
0.0009
0.00082
0.00075
0.00069
0.00062
0.00057
0.00051
0.00046
0.00041
0.00036
0.00033
0.00029
0.00026
0.00024
0.00021
0.00019
0.00017
0.00017
0.00016
0.00015
0.00015
0.00016
0.00016
0.00017
0.00018
0.00019
0.00021
0.00023
0.00025
0.00027
0.00029
0.00032
0.00034
0.00037
0.00039
0.00041
0.00043
0.00046
0.00048
0.0005
0.00051
0.00053
0.00054
0.00055
0.00056
0.00057
0.00057
0.00058
0.00058
0.00058
0.00057
0.00057
0.00056
0.00056
0.00055
0.00054
0.00052
0.00051
0.0005
0.0005
0.00049
0.00048
0.00047
0.00047
0.00046
0.00046
0.00046
0.00046
0.00046
0.00047
0.00048
0.00049
0.0005
0.00051
0.00052
0.00053
0.00055
0.00057
0.00058
0.00059
0.0006
0.00062
0.00063
0.00064
0.00065
0.00066
0.00066
0.00066
0.00066
0.00065
0.00065
0.00064
0.00063
0.00062
0.0006
0.00059
0.00056
0.00055
0.00052
0.00049
0.00046
0.00044
0.00041
0.00038
0.00035
0.00032
0.00029
0.00027
0.00024
0.00021
0.00018
0.00016
0.00013
0.00011
9e-05
7e-05
4e-05
3e-05
1e-05
-1e-05
-3e-05
-5e-05
-6e-05
-8e-05
-9e-05
-0.00011
-0.00013
-0.00014
-0.00016
-0.00017
-0.00019
-0.0002
-0.00022
-0.00023
-0.00025
-0.00027
-0.00028
-0.0003
-0.00032
-0.00033
-0.00034
-0.00036
-0.00037
-0.00038
-0.0004
-0.0004
-0.00041
-0.00042
-0.00043
-0.00043
-0.00044
-0.00044
-0.00044
-0.00044
-0.00044
-0.00043
-0.00042
-0.00041
-0.00041
-0.0004
-0.00039
-0.00037
-0.00037
-0.00035
-0.00034
-0.00032
-0.0003
-0.00029
-0.00027
-0.00025
-0.00023
-0.00021
-0.00019
-0.00017
-0.00015
-0.00012
-0.0001
-7e-05
-5e-05
-2e-05
0.0
4e-05
7e-05
0.0001
0.00013
0.00016
0.00019
0.00023
0.00027
0.00031
0.00034
0.00039
0.00043
0.00048
0.00052
0.00057
0.00061
0.00066
0.00071
0.00076
0.00081
0.00086
0.00091
0.00096
0.00101
0.00107
0.00111
0.00117
0.00121
0.00127
0.00131
0.00136
0.0014
0.00145
0.00149
0.00153
0.00157
0.00161
0.00165
0.00168
0.00171
0.00175
0.00177
0.00179
0.00181
0.00183
0.00184
0.00186
0.00186
0.00188
0.00188
0.00188
0.00187
0.00187
0.00186
0.00185
0.00183
0.00182
0.00179
0.00177
0.00174
0.00172
0.00168
0.00165
0.00161
0.00158
0.00153
0.00149
0.00144
0.0014
0.00135
0.0013
0.00124
0.00119
0.00113
0.00107
0.00101
0.00095
0.00088
0.00082
0.00075
0.00069
0.00061
0.00054
0.00047
0.0004
0.00033
0.00025
0.00018
0.00011
3e-05
-4e-05
-0.00012
-0.00019
-0.00027
-0.00035
-0.00042
-0.00049
-0.00057
-0.00064
-0.00072
-0.00079
-0.00086
-0.00093
-0.001
-0.00107
-0.00114
-0.0012
-0.00126
-0.00132
-0.00138
-0.00144
-0.0015
-0.00155
-0.0016
-0.00165
-0.0017
-0.00174
-0.00178
-0.00182
-0.00185
-0.00188
-0.00191
-0.00193
-0.00195
-0.00197
-0.00198
-0.00199
-0.002
-0.00199
-0.00199
-0.00198
-0.00197
-0.00196
-0.00194
-0.00191
-0.00189
-0.00186
-0.00183
-0.00179
-0.00176
-0.00172
-0.00168
-0.00164
-0.0016
-0.00155
-0.00151
-0.00146
-0.00142
-0.00138
-0.00133
-0.00128
-0.00124
-0.0012
-0.00116
-0.00112
-0.00108
-0.00103
-0.001
-0.00096
-0.00093
-0.00088
-0.00085
-0.00081
-0.00078
-0.00075
-0.00071
-0.00067
-0.00063
-0.00059
-0.00056
-0.00052
-0.00049
-0.00044
-0.00041
-0.00037
-0.00033
-0.00029
-0.00025
-0.00021
-0.00017
-0.00014
-0.0001
-6e-05
-2e-05
1e-05
4e-05
7e-05
0.0001
0.00013
0.00015
0.00017
0.00019
0.00021
0.00022
0.00023
0.00024
0.00025
0.00025
0.00026
0.00026
0.00026
0.00025
0.00025
0.00024
0.00024
0.00022
0.00022
0.0002
0.0002
0.00018
0.00017
0.00016
0.00015
0.00014
0.00013
0.00012
0.00011
0.0001
9e-05
8e-05
8e-05
7e-05
7e-05
5e-05
5e-05
4e-05
4e-05
3e-05
3e-05
2e-05
2e-05
1e-05
1e-05
0.0
0.0
-1e-05
-1e-05
-1e-05
-2e-05
-2e-05
-2e-05
-3e-05
-4e-05
-4e-05
-5e-05
-5e-05
-6e-05
-6e-05
-7e-05
-8e-05
-8e-05
-9e-05
-0.0001
-0.00011
-0.00012
-0.00013
-0.00014
-0.00015
-0.00016
-0.00018
-0.00019
-0.00021
-0.00022
-0.00023
-0.00025
-0.00027
-0.00028
-0.0003
-0.00031
-0.00033
-0.00034
-0.00036
-0.00036
-0.00038
-0.00039
-0.0004
-0.00041
-0.00041
-0.00041
-0.00041
-0.00041
-0.00042
-0.00041
-0.00041
-0.0004
-0.00039
-0.00038
-0.00037
-0.00035
-0.00034
-0.00033
-0.00032
-0.0003
-0.00028
-0.00027
-0.00025
-0.00023
-0.00022
-0.0002
-0.00019
-0.00017
-0.00016
-0.00014
-0.00013
-0.00011
-0.0001
-9e-05
-8e-05
-7e-05
-6e-05
-5e-05
-4e-05
-3e-05
-2e-05
-1e-05
-0.0
1e-05
2e-05
3e-05
4e-05
5e-05
6e-05
7e-05
8e-05
9e-05
0.0001
0.00011
0.00012
0.00012
0.00012
0.00013
0.00012
0.00013
0.00012
0.00011
0.0001
9e-05
7e-05
5e-05
2e-05
-1e-05
-4e-05
-8e-05
-0.00012
-0.00016
-0.00022
-0.00027
-0.00033
-0.00038
-0.00045
-0.00052
-0.00059
-0.00066
-0.00074
-0.00081
-0.0009
-0.00098
-0.00106
-0.00115
-0.00123
-0.00131
-0.00141
-0.00149
-0.00158
-0.00166
-0.00175
-0.00183
-0.00191
-0.00199
-0.00207
-0.00215
-0.00223
-0.00231
-0.00238
-0.00244
-0.00251
-0.00258
-0.00265
-0.0027
-0.00276
-0.00281
-0.00287
-0.00292
-0.00297
-0.003
-0.00304
-0.00308
-0.00311
-0.00314
-0.00317
-0.00319
-0.0032
-0.00322
-0.00323
-0.00323
-0.00323
-0.00323
-0.00322
-0.00321
-0.0032
-0.00317
-0.00315
-0.00312
-0.00309
-0.00306
-0.00301
-0.00297
-0.00292
-0.00287
-0.00282
-0.00276
-0.0027
-0.00264
-0.00258
-0.00251
-0.00245
-0.00237
-0.0023
-0.00223
-0.00216
-0.00209
-0.00201
-0.00194
-0.00187
-0.00179
-0.00172
-0.00165
-0.00158
-0.00151
-0.00144
-0.00137
-0.00131
-0.00124
-0.00118
-0.00112
-0.00107
-0.00102
-0.00096
-0.00091
-0.00086
-0.00081
-0.00078
-0.00073
-0.0007
-0.00066
-0.00063
-0.0006
-0.00058
-0.00054
-0.00052
-0.0005
-0.00048
-0.00047
-0.00045
-0.00043
-0.00042
-0.0004
-0.00039
-0.00038
-0.00037
-0.00035
-0.00034
-0.00032
-0.00032
-0.00029
-0.00028
-0.00026
-0.00024
-0.00022
-0.00019
-0.00017
-0.00014
-0.0001
-7e-05
-3e-05
0.0
5e-05
9e-05
0.00014
0.00018
0.00024
0.00029
0.00034
0.0004
0.00046
0.00052
0.00058
0.00064
0.00071
0.00076
0.00083
0.00089
0.00096
0.00102
0.00109
0.00115
0.00122
0.00128
0.00134
0.0014
0.00146
0.00152
0.00158
0.00163
0.00169
0.00174
0.00179
0.00184
0.00189
0.00193
0.00198
0.00202
0.00206
0.0021
0.00214
0.00217
0.0022
0.00223
0.00225
0.00227
0.00229
0.00231
0.00232
0.00233
0.00234
0.00234
0.00234
0.00233
0.00232
0.00231
0.00229
0.00226
0.00224
0.0022
0.00217
0.00213
0.00209
0.00204
0.00199
0.00193
0.00187
0.0018
0.00174
0.00166
0.00159
0.00151
0.00143
0.00134
0.00125
0.00117
0.00107
0.00098
0.00088
0.00078
0.00068
0.00058
0.00047
0.00036
0.00026
0.00015
4e-05
-7e-05
-0.00018
-0.00029
-0.00041
-0.00052
-0.00063
-0.00074
-0.00085
-0.00097
-0.00108
-0.0012
-0.0013
-0.00142
-0.00152
-0.00164
-0.00173
-0.00184
-0.00195
-0.00205
-0.00215
-0.00224
-0.00233
-0.00242
-0.0025
-0.00259
-0.00267
-0.00274
-0.00281
-0.00288
-0.00294
-0.003
-0.00305
-0.0031
-0.00315
-0.00319
-0.00322
-0.00325
-0.00327
-0.00329
-0.0033
-0.00332
-0.00332
-0.00333
-0.00332
-0.00332
-0.0033
-0.00329
-0.00327
-0.00325
-0.00322
-0.00319
-0.00316
-0.00313
-0.00309
-0.00305
-0.003
-0.00296
-0.00291
-0.00286
-0.00281
-0.00276
-0.0027
-0.00264
-0.00257
-0.00252
-0.00245
-0.00238
-0.00231
-0.00224
-0.00217
-0.00209
-0.00201
-0.00193
-0.00184
-0.00176
-0.00167
-0.00158
-0.00149
-0.00139
-0.00129
-0.00119
-0.00109
-0.00099
-0.00088
-0.00077
-0.00066
-0.00055
-0.00044
-0.00033
-0.00021
-0.0001
2e-05
0.00014
0.00025
0.00037
0.00049
0.0006
0.00072
0.00083
0.00094
0.00105
0.00116
0.00127
0.00138
0.00147
0.00158
0.00167
0.00177
0.00186
0.00195
0.00203
0.00212
0.0022
0.00227
0.00235
0.00242
0.00249
0.00255
0.00262
0.00268
0.00273
0.00279
0.00284
0.0029
0.00294
0.00299
0.00303
0.00308
0.00312
0.00315
0.00319
0.00322
0.00326
0.00329
0.00332
0.00335
0.00337
0.0034
0.00342
0.00344
0.00346
0.00348
0.00349
0.0035
0.00351
0.00352
0.00352
0.00352
0.00352
0.00352
0.00351
0.0035
0.00348
0.00347
0.00344
0.00343
0.00339
0.00337
0.00333
0.0033
0.00325
0.00321
0.00316
0.00311
0.00306
0.003
0.00294
0.00288
0.00281
0.00274
0.00267
0.00259
0.00251
0.00243
0.00234
0.00225
0.00215
0.00206
0.00195
0.00184
0.00174
0.00162
0.0015
0.00139
0.00126
0.00113
0.00099
0.00086
0.00072
0.00058
0.00043
0.00028
0.00013
-2e-05
-0.00018
-0.00034
-0.0005
-0.00065
-0.00081
-0.00097
-0.00114
-0.00129
-0.00145
-0.0016
-0.00176
-0.00191
-0.00206
-0.0022
-0.00235
-0.00248
-0.00262
-0.00275
-0.00288
-0.003
-0.00311
-0.00322
-0.00333
-0.00343
-0.00353
-0.00362
-0.00371
-0.00378
-0.00386
-0.00393
-0.004
-0.00406
-0.00412
-0.00417
-0.00422
-0.00426
-0.0043
-0.00433
-0.00436
-0.00438
-0.00441
-0.00442
-0.00444
-0.00444
-0.00445
-0.00445
-0.00444
-0.00444
-0.00443
-0.00441
-0.00439
-0.00436
-0.00433
-0.00429
-0.00426
-0.00422
-0.00417
-0.00412
-0.00407
-0.00402
-0.00396
-0.00389
-0.00383
-0.00376
-0.00369
-0.00362
-0.00354
-0.00346
-0.00338
-0.0033
-0.00322
-0.00313
-0.00305
-0.00296
-0.00287
-0.00278
-0.00269
-0.00259
-0.0025
-0.00241
-0.00231
-0.00222
-0.00212
-0.00202
-0.00192
-0.00182
-0.00173
-0.00162
-0.00152
-0.00142
-0.00132
-0.00122
-0.00112
-0.00101
-0.00091
-0.0008
-0.0007
-0.0006
-0.00049
-0.00039
-0.00028
-0.00018
-8e-05
3e-05
0.00012
0.00022
0.00032
0.00042
0.0005
0.0006
0.00069
0.00077
0.00086
0.00093
0.00101
0.00109
0.00116
0.00123
0.00129
0.00136
0.00142
0.00147
0.00152
0.00157
0.00161
0.00166
0.00169
0.00172
0.00175
0.00178
0.0018
0.00182
0.00184
0.00185
0.00186
0.00187
0.00187
0.00187
0.00187
0.00186
0.00185
0.00184
0.00183
0.00181
0.00179
0.00177
0.00175
0.00172
0.0017
0.00167
0.00164
0.00161
0.00158
0.00154
0.00151
0.00147
0.00144
0.0014
0.00137
0.00133
0.00129
0.00126
0.00122
0.00119
0.00116
0.00113
0.00109
0.00107
0.00104
0.00102
0.001
0.00098
0.00096
0.00095
0.00094
0.00093
0.00092
0.00092
0.00093
0.00093
0.00094
0.00096
0.00097
0.00099
0.00101
0.00104
0.00106
0.00109
0.00112
0.00116
0.0012
0.00124
0.00128
0.00132
0.00136
0.00141
0.00145
0.0015
0.00154
0.0016
0.00164
0.00169
0.00174
0.00179
0.00183
0.00189
0.00193
0.00198
0.00203
0.00208
0.00213
0.00218
0.00223
0.00229
0.00234
0.0024
0.00245
0.00251
0.00256
0.00263
0.00268
0.00275
0.00281
0.00288
0.00294
0.00301
0.00308
0.00315
0.00321
0.00328
0.00335
0.00342
0.00348
0.00355
0.0036
0.00366
0.00371
0.00377
0.00382
0.00386
0.0039
0.00394
0.00397
0.00399
0.00401
0.00403
0.00404
0.00405
0.00404
0.00404
0.00403
0.00401
0.00399
0.00397
0.00394
0.00391
0.00387
0.00383
0.00379
0.00375
0.0037
0.00365
0.0036
0.00355
0.0035
0.00345
0.00339
0.00334
0.00328
0.00323
0.00318
0.00312
0.00307
0.00301
0.00295
0.0029
0.00284
0.00279
0.00272
0.00267
0.0026
0.00254
0.00247
0.00241
0.00234
0.00227
0.00219
0.00212
0.00204
0.00196
0.00188
0.0018
0.00172
0.00163
0.00154
0.00146
0.00136
0.00128
0.00118
0.00109
0.001
0.00091
0.00082
0.00073
0.00064
0.00056
0.00047
0.0004
0.00032
0.00025
0.00017
0.0001
3e-05
-2e-05
-8e-05
-0.00014
-0.00019
-0.00023
-0.00028
-0.00031
-0.00035
-0.00038
-0.00041
-0.00043
-0.00045
-0.00047
-0.00049
-0.0005
-0.00051
-0.00051
-0.00052
-0.00052
-0.00052
-0.00051
-0.00051
-0.00051
-0.0005
-0.0005
-0.00048
-0.00047
-0.00046
-0.00044
-0.00043
-0.00041
-0.0004
-0.00037
-0.00036
-0.00033
-0.00031
-0.00028
-0.00026
-0.00023
-0.00021
-0.00018
-0.00015
-0.00011
-8e-05
-5e-05
-2e-05
2e-05
5e-05
9e-05
0.00012
0.00016
0.00019
0.00023
0.00026
0.0003
0.00033
0.00035
0.00039
0.00042
0.00044
0.00047
0.00049
0.00052
0.00054
0.00056
0.00057
0.00059
0.0006
0.00062
0.00062
0.00063
0.00064
0.00064
0.00065
0.00065
0.00066
0.00066
0.00066
0.00066
0.00066
0.00066
0.00066
0.00066
0.00065
0.00066
0.00065
0.00065
0.00065
0.00064
0.00064
0.00064
0.00064
0.00063
0.00062
0.00062
0.00061
0.00061
0.00059
0.00059
0.00057
0.00056
0.00055
0.00053
0.00052
0.0005
0.00048
0.00046
0.00044
0.00043
0.0004
0.00038
0.00035
0.00034
0.00031
0.00029
0.00026
0.00024
0.00021
0.00019
0.00016
0.00014
0.00012
0.0001
8e-05
6e-05
3e-05
1e-05
-1e-05
-2e-05
-5e-05
-6e-05
-9e-05
-0.0001
-0.00013
-0.00015
-0.00017
-0.0002
-0.00022
-0.00024
-0.00027
-0.00029
-0.00033
-0.00035
-0.00039
-0.00041
-0.00045
-0.00048
-0.00052
-0.00056
-0.0006
-0.00064
-0.00068
-0.00072
-0.00076
-0.0008
-0.00085
-0.00089
-0.00093
-0.00097
-0.00102
-0.00105
-0.0011
-0.00113
-0.00118
-0.00121
-0.00125
-0.00128
-0.00132
-0.00135
-0.00138
-0.00141
-0.00144
-0.00147
-0.0015
-0.00152
-0.00155
-0.00157
-0.0016
-0.00162
-0.00164
-0.00166
-0.00168
-0.0017
-0.00173
-0.00175
-0.00177
-0.00179
-0.00181
-0.00182
-0.00185
-0.00187
-0.00189
-0.00191
-0.00193
-0.00195
-0.00197
-0.00199
-0.00201
-0.00203
-0.00205
-0.00207
-0.00209
-0.0021
-0.00212
-0.00213
-0.00215
-0.00216
-0.00217
-0.00217
-0.00218
-0.00219
-0.0022
-0.00219
-0.0022
-0.0022
-0.0022
-0.0022
-0.00219
-0.00218
-0.00218
-0.00217
-0.00216
-0.00215
-0.00214
-0.00213
-0.00212
-0.0021
-0.00209
-0.00208
-0.00207
-0.00205
-0.00204
-0.00203
-0.00201
-0.002
-0.00199
-0.00197
-0.00196
-0.00194
-0.00193
-0.00191
-0.00189
-0.00187
-0.00185
-0.00183
-0.00181
-0.00178
-0.00176
-0.00173
-0.0017
-0.00167
-0.00164
-0.0016
-0.00157
-0.00152
-0.00148
-0.00144
-0.00139
-0.00134
-0.0013
-0.00124
-0.00119
-0.00114
-0.00108
-0.00103
-0.00097
-0.0009
-0.00084
-0.00078
-0.00072
-0.00065
-0.00059
-0.00052
-0.00046
-0.00039
-0.00033
-0.00025
-0.00019
-0.00012
-5e-05
3e-05
0.0001
0.00018
0.00025
0.00034
0.00041
0.0005
0.00058
0.00066
0.00075
0.00084
0.00092
0.00102
0.00111
0.00121
0.0013
0.0014
0.0015
0.0016
0.0017
0.0018
0.00189
0.002
0.00209
0.00219
0.00228
0.00238
0.00247
0.00256
0.00265
0.00273
0.00281
0.00289
0.00296
0.00303
0.0031
0.00316
0.00322
0.00328
0.00333
0.00338
0.00343
0.00347
0.00351
0.00355
0.00358
0.00361
0.00363
0.00366
0.00368
0.0037
0.00372
0.00374
0.00374
0.00376
0.00376
0.00377
0.00377
0.00377
0.00376
0.00376
0.00375
0.00374
0.00372
0.0037
0.00368
0.00366
0.00363
0.0036
0.00356
0.00352
0.00347
0.00343
0.00337
0.00332
0.00325
0.0032
0.00313
0.00306
0.00299
0.00291
0.00284
0.00277
0.00269
0.00261
0.00252
0.00245
0.00236
0.00229
0.0022
0.00212
0.00204
0.00197
0.00189
0.00181
0.00174
0.00166
0.00159
0.00152
0.00145
0.00139
0.00132
0.00126
0.0012
0.00114
0.00108
0.00103
0.00097
0.00092
0.00087
0.00082
0.00077
0.00072
0.00068
0.00064
0.00061
0.00058
0.00054
0.00052
0.00049
0.00048
0.00046
0.00045
0.00044
0.00045
0.00045
0.00046
0.00047
0.00049
0.00052
0.00055
0.00058
0.00063
0.00067
0.00072
0.00077
0.00083
0.00089
0.00096
0.00102
0.0011
0.00117
0.00124
0.00132
0.00139
0.00147
0.00155
0.00163
0.00171
0.00177
0.00185
0.00192
0.002
0.00206
0.00213
0.00219
0.00226
0.00231
0.00237
0.00243
0.00248
0.00253
0.00258
0.00263
0.00267
0.00271
0.00275
0.00279
0.00283
0.00286
0.00289
0.00292
0.00295
0.00298
0.003
0.00302
0.00304
0.00305
0.00307
0.00308
0.00309
0.00309
0.0031
0.00309
0.00309
0.00308
0.00308
0.00306
0.00304
0.00302
0.003
0.00297
0.00294
0.00291
0.00288
0.00284
0.0028
0.00276
0.00272
0.00267
0.00263
0.00258
0.00254
0.00248
0.00244
0.00239
0.00234
0.00229
0.00225
0.0022
0.00216
0.00211
0.00207
0.00202
0.00199
0.00194
0.00191
0.00186
0.00183
0.00179
0.00176
0.00172
0.00169
0.00165
0.00162
0.00159
0.00156
0.00153
0.00151
0.00147
0.00145
0.00143
0.00141
0.00138
0.00136
0.00134
0.00133
0.00132
0.00131
0.0013
0.00129
0.00129
0.00129
0.00129
0.0013
0.0013
0.00132
0.00133
0.00135
0.00137
0.0014
0.00142
0.00145
0.00148
0.00151
0.00154
0.00158
0.00162
0.00166
0.0017
0.00174
0.00177
0.00182
0.00185
0.00189
0.00193
0.00197
0.002
0.00204
0.00207
0.0021
0.00213
0.00215
0.00218
0.00221
0.00223
0.00225
0.00226
0.00228
0.00229
0.00231
0.00232
0.00233
0.00233
0.00234
0.00234
0.00234
0.00234
0.00233
0.00233
0.00232
0.00232
0.00231
0.00229
0.00228
0.00226
0.00224
0.00222
0.00219
0.00216
0.00213
0.0021
0.00206
0.00202
0.00197
0.00193
0.00188
0.00182
0.00177
0.00171
0.00165
0.00158
0.00152
0.00144
0.00137
0.0013
0.00123
0.00115
0.00107
0.00099
0.00091
0.00083
0.00075
0.00067
0.00059
0.00051
0.00043
0.00035
0.00028
0.00019
0.00012
4e-05
-3e-05
-0.00011
-0.00018
-0.00025
-0.00033
-0.0004
-0.00047
-0.00054
-0.0006
-0.00067
-0.00073
-0.0008
-0.00086
-0.00093
-0.00099
-0.00105
-0.00111
-0.00117
-0.00122
-0.00128
-0.00133
-0.00138
-0.00143
-0.00147
-0.00151
-0.00155
-0.00158
-0.00161
-0.00164
-0.00166
-0.00168
-0.0017
-0.0017
-0.00171
-0.00171
-0.00171
-0.00171
-0.00169
-0.00168
-0.00166
-0.00163
-0.00161
-0.00157
-0.00154
-0.0015
-0.00146
-0.00141
-0.00137
-0.00131
-0.00126
-0.00121
-0.00115
-0.0011
-0.00103
-0.00097
-0.0009
-0.00083
-0.00077
-0.0007
-0.00063
-0.00055
-0.00048
-0.0004
-0.00032
-0.00023
-0.00015
-7e-05
2e-05
0.00011
0.0002
0.0003
0.0004
0.0005
0.0006
0.0007
0.00081
0.00092
0.00102
0.00114
0.00125
0.00137
0.00148
0.00159
0.00171
0.00182
0.00194
0.00206
0.00217
0.00228
0.00239
0.00251
0.00261
0.00272
0.00282
0.00293
0.00302
0.00312
0.00322
0.00331
0.00339
0.00347
0.00356
0.00364
0.00371
0.00378
0.00384
0.00391
0.00397
0.00403
0.00408
0.00413
0.00417
0.00422
0.00426
0.00429
0.00432
0.00435
0.00438
0.0044
0.00442
0.00444
0.00444
0.00445
0.00446
0.00446
0.00445
0.00445
0.00444
0.00443
0.00441
0.00439
0.00437
0.00434
0.00431
0.00428
0.00424
0.00421
0.00416
0.00412
0.00407
0.00402
0.00396
0.00391
0.00385
0.0038
0.00374
0.00367
0.00361
0.00355
0.00348
0.00342
0.00336
0.0033
0.00323
0.00317
0.00311
0.00306
0.00299
0.00294
0.00288
0.00283
0.00278
0.00273
0.00268
0.00263
0.00259
0.00255
0.00251
0.00248
0.00243
0.0024
0.00236
0.00233
0.0023
0.00227
0.00223
0.0022
0.00217
0.00213
0.0021
0.00206
0.00202
0.00199
0.00195
0.00191
0.00186
0.00182
0.00177
0.00172
0.00167
0.00162
0.00156
0.00151
0.00145
0.00139
0.00132
0.00126
0.0012
0.00113
0.00107
0.00101
0.00093
0.00087
0.00081
0.00074
0.00068
0.00062
0.00055
0.0005
0.00044
0.00038
0.00032
0.00027
0.00022
0.00017
0.00013
8e-05
3e-05
-0.0
-4e-05
-8e-05
-0.00012
-0.00015
-0.00019
-0.00021
-0.00024
-0.00027
-0.0003
-0.00033
-0.00036
-0.00038
-0.00041
-0.00043
-0.00046
-0.00049
-0.00051
-0.00054
-0.00056
-0.00059
-0.00062
-0.00064
-0.00067
-0.00069
-0.00072
-0.00074
-0.00077
-0.00079
-0.00082
-0.00084
-0.00087
-0.00089
-0.00091
-0.00093
-0.00096
-0.00098
-0.001
-0.00102
-0.00104
-0.00106
-0.00107
-0.00109
-0.00111
-0.00112
-0.00113
-0.00114
-0.00116
-0.00116
-0.00118
-0.00118
-0.00119
-0.0012
-0.00121
-0.00121
-0.00122
-0.00122
-0.00123
-0.00123
-0.00124
-0.00124
-0.00125
-0.00125
-0.00126
-0.00126
-0.00127
-0.00127
-0.00128
-0.00128
-0.0013
-0.0013
-0.00131
-0.00133
-0.00134
-0.00135
-0.00137
-0.00138
-0.0014
-0.00141
-0.00144
-0.00145
-0.00148
-0.00149
-0.00152
-0.00154
-0.00157
-0.00159
-0.00161
-0.00164
-0.00166
-0.00169
-0.00171
-0.00173
-0.00175
-0.00177
-0.0018
-0.00182
-0.00184
-0.00185
-0.00187
-0.00188
-0.0019
-0.00191
-0.00192
-0.00193
-0.00194
-0.00195
-0.00195
-0.00195
-0.00194
-0.00194
-0.00194
-0.00192
-0.00191
-0.00189
-0.00188
-0.00186
-0.00184
-0.00181
-0.00178
-0.00175
-0.00171
-0.00168
-0.00163
-0.00159
-0.00154
-0.00149
-0.00144
-0.00138
-0.00132
-0.00125
-0.0012
-0.00113
-0.00106
-0.00099
-0.00092
-0.00084
-0.00077
-0.0007
-0.00062
-0.00054
-0.00046
-0.00039
-0.00032
-0.00023
-0.00016
-9e-05
-2e-05
6e-05
0.00012
0.0002
0.00026
0.00033
0.00039
0.00045
0.00051
0.00057
0.00062
0.00068
0.00072
0.00078
0.00082
0.00087
0.00091
0.00096
0.001
0.00105
0.00108
0.00112
0.00116
0.00119
0.00123
0.00127
0.0013
0.00133
0.00136
0.00139
0.00141
0.00144
0.00146
0.00149
0.0015
0.00152
0.00153
0.00155
0.00155
0.00156
0.00156
0.00156
0.00155
0.00155
0.00153
0.00151
0.00149
0.00147
0.00143
0.0014
0.00136
0.00132
0.00127
0.00122
0.00117
0.00111
0.00105
0.00098
0.00091
0.00084
0.00076
0.00069
0.00061
0.00053
0.00044
0.00036
0.00027
0.00019
0.0001
1e-05
-8e-05
-0.00018
-0.00027
-0.00036
-0.00045
-0.00053
-0.00063
-0.00072
-0.00081
-0.0009
-0.00099
-0.00107
-0.00116
-0.00124
-0.00133
-0.00142
-0.0015
-0.00158
-0.00166
-0.00173
-0.00181
-0.00188
-0.00195
-0.00202
-0.00209
-0.00215
-0.00221
-0.00226
-0.00232
-0.00237
-0.00242
-0.00246
-0.0025
-0.00253
-0.00257
-0.00259
-0.00261
-0.00262
-0.00264
-0.00264
-0.00265
-0.00264
-0.00263
-0.00262
-0.0026
-0.00257
-0.00254
-0.00251
-0.00247
-0.00242
-0.00237
-0.00231
-0.00225
-0.00217
-0.00211
-0.00203
-0.00195
-0.00186
-0.00177
-0.00167
-0.00158
-0.00147
-0.00137
-0.00126
-0.00115
-0.00104
-0.00092
-0.0008
-0.00068
-0.00055
-0.00043
-0.00031
-0.00018
-5e-05
7e-05
0.0002
0.00033
0.00046
0.00058
0.00071
0.00083
0.00096
0.00108
0.0012
0.00132
0.00144
0.00155
0.00167
0.00178
0.00189
0.00199
0.0021
0.0022
0.0023
0.00239
0.00248
0.00257
0.00265
0.00273
0.00281
0.00289
0.00296
0.00302
0.00309
0.00314
0.0032
0.00325
0.0033
0.00334
0.00338
0.00341
0.00344
0.00347
0.00349
0.00351
0.00352
0.00353
0.00353
0.00353
0.00353
0.00352
0.00351
0.00349
0.00347
0.00344
0.00342
0.00338
0.00334
0.0033
0.00325
0.00321
0.00316
0.0031
0.00304
0.00298
0.00292
0.00285
0.00278
0.0027
0.00263
0.00255
0.00247
0.00239
0.0023
0.00222
0.00213
0.00204
0.00195
0.00186
0.00177
0.00168
0.00159
0.00149
0.0014
0.0013
0.00121
0.00111
0.00102
0.00093
0.00083
0.00074
0.00064
0.00055
0.00046
0.00037
0.00028
0.00019
0.00011
2e-05
-6e-05
-0.00015
-0.00023
-0.00032
-0.00039
-0.00047
-0.00054
-0.00062
-0.00069
-0.00076
-0.00083
-0.00089
-0.00095
-0.00102
-0.00107
-0.00113
-0.00118
-0.00123
-0.00128
-0.00133
-0.00137
-0.00141
-0.00145
-0.00149
-0.00153
-0.00156
-0.00159
-0.00162
-0.00164
-0.00167
-0.00169
-0.00172
-0.00173
-0.00176
-0.00177
-0.00179
-0.0018
-0.00181
-0.00182
-0.00183
-0.00184
-0.00184
-0.00185
-0.00185
-0.00185
-0.00186
-0.00185
-0.00185
-0.00185
-0.00185
-0.00184
-0.00183
-0.00182
-0.00182
-0.00181
-0.0018
-0.00179
-0.00177
-0.00176
-0.00174
-0.00173
-0.00172
-0.00169
-0.00168
-0.00166
-0.00164
-0.00162
-0.0016
-0.00158
-0.00156
-0.00153
-0.00151
-0.00149
-0.00146
-0.00143
-0.00141
-0.00138
-0.00135
-0.00132
-0.00129
-0.00125
-0.00123
-0.00119
-0.00116
-0.00112
-0.00109
-0.00105
-0.00102
-0.00098
-0.00094
-0.0009
-0.00087
-0.00083
-0.00079
-0.00075
-0.00072
-0.00068
-0.00064
-0.0006
-0.00057
-0.00053
-0.0005
-0.00046
-0.00043
-0.0004
-0.00036
-0.00033
-0.00029
-0.00026
-0.00023
-0.00019
-0.00016
-0.00013
-0.0001
-6e-05
-3e-05
1e-05
5e-05
9e-05
0.00012
0.00016
0.00021
0.00025
0.0003
0.00035
0.00039
0.00045
0.0005
0.00056
0.0006
0.00066
0.00072
0.00078
0.00083
0.00089
0.00095
0.001
0.00106
0.00112
0.00118
0.00124
0.00129
0.00134
0.00139
0.00145
0.00149
0.00154
0.00158
0.00163
0.00167
0.00171
0.00175
0.00178
0.00181
0.00185
0.00188
0.00191
0.00193
0.00196
0.00198
0.00201
0.00202
0.00204
0.00206
0.00208
0.00209
0.00211
0.00212
0.00213
0.00214
0.00215
0.00215
0.00216
0.00216
0.00216
0.00216
0.00216
0.00215
0.00214
0.00213
0.00212
0.0021
0.00208
0.00206
0.00204
0.00201
0.00199
0.00196
0.00193
0.00189
0.00186
0.00182
0.00179
0.00175
0.00172
0.00167
0.00164
0.0016
0.00156
0.00153
0.00149
0.00146
0.00142
0.00139
0.00137
0.00133
0.00131
0.00128
0.00127
0.00124
0.00123
0.00121
0.0012
0.00119
0.00118
0.00117
0.00116
0.00116
0.00116
0.00116
0.00116
0.00116
0.00116
0.00116
0.00117
0.00117
0.00118
0.00118
0.0012
0.0012
0.00121
0.00122
0.00122
0.00123
0.00125
0.00126
0.00127
0.00127
0.00129
0.0013
0.00131
0.00132
0.00133
0.00134
0.00136
0.00137
0.00139
0.0014
0.00141
0.00143
0.00145
0.00146
0.00148
0.00149
0.00151
0.00152
0.00154
