1.24477725103617E+03

0.00285
0.00284
0.00283
0.00281
0.00281
0.00279
0.00278
0.00277
0.00276
0.00276
0.00275
0.00274
0.00273
0.00272
0.00272
0.0027
0.0027
0.00268
0.00268
0.00266
0.00265
0.00263
0.00262
0.0026
0.00258
0.00256
0.00255
0.00252
0.0025
0.00248
0.00246
0.00243
0.00241
0.00239
0.00237
0.00234
0.00232
0.0023
0.00228
0.00226
0.00223
0.00222
0.0022
0.00218
0.00217
0.00215
0.00214
0.00212
0.00211
0.0021
0.00209
0.00208
0.00207
0.00206
0.00206
0.00205
0.00205
0.00205
0.00204
0.00204
0.00204
0.00204
0.00204
0.00204
0.00205
0.00204
0.00205
0.00205
0.00206
0.00206
0.00207
0.00207
0.00208
0.00208
0.00209
0.0021
0.00211
0.00211
0.00212
0.00213
0.00214
0.00215
0.00216
0.00216
0.00217
0.00218
0.00218
0.00219
0.00219
0.0022
0.0022
0.0022
0.00221
0.00221
0.00221
0.00221
0.00221
0.00221
0.00221
0.00221
0.00221
0.00221
0.00221
0.00221
0.00221
0.00221
0.00222
0.00222
0.00223
0.00223
0.00224
0.00224
0.00225
0.00226
0.00227
0.00228
0.0023
0.00231
0.00232
0.00234
0.00236
0.00238
0.0024
0.00242
0.00244
0.00246
0.00249
0.00251
0.00254
0.00255
0.00258
0.0026
0.00263
0.00266
0.00268
0.00271
0.00273
0.00276
0.00278
0.00281
0.00283
0.00285
0.00288
0.0029
0.00293
0.00295
0.00297
0.00299
0.00301
0.00303
0.00304
0.00306
0.00307
0.00309
0.0031
0.00311
0.00312
0.00311
0.00312
0.00312
0.00312
0.00311
0.0031
0.00308
0.00307
0.00305
0.00303
0.003
0.00297
0.00294
0.00291
0.00287
0.00283
0.00278
0.00274
0.00268
0.00263
0.00257
0.00252
0.00245
0.00239
0.00232
0.00225
0.00218
0.0021
0.00203
0.00195
0.00187
0.00179
0.00171
0.00162
0.00153
0.00145
0.00135
0.00126
0.00117
0.00108
0.00098
0.00088
0.00078
0.00068
0.00058
0.00048
0.00038
0.00029
0.00018
8e-05
-2e-05
-0.00011
-0.00021
-0.00031
-0.00041
-0.0005
-0.00059
-0.00068
-0.00077
-0.00086
-0.00094
-0.00102
-0.0011
-0.00117
-0.00125
-0.00132
-0.00138
-0.00144
-0.0015
-0.00156
-0.00161
-0.00165
-0.0017
-0.00174
-0.00178
-0.00181
-0.00184
-0.00186
-0.00189
-0.0019
-0.00192
-0.00193
-0.00194
-0.00194
-0.00194
-0.00193
-0.00193
-0.00191
-0.0019
-0.00188
-0.00186
-0.00184
-0.00181
-0.00177
-0.00174
-0.00169
-0.00166
-0.00161
-0.00156
-0.00151
-0.00146
-0.0014
-0.00135
-0.00129
-0.00123
-0.00116
-0.0011
-0.00103
-0.00097
-0.0009
-0.00083
-0.00076
-0.00069
-0.00062
-0.00055
-0.00048
-0.00041
-0.00034
-0.00028
-0.00021
-0.00014
-8e-05
-1e-05
5e-05
0.00012
0.00018
0.00025
0.00031
0.00037
0.00043
0.00049
0.00056
0.00062
0.00069
0.00074
0.00082
0.00088
0.00094
0.00101
0.00108
0.00114
0.00122
0.00129
0.00136
0.00143
0.0015
0.00157
0.00165
0.00171
0.00179
0.00185
0.00193
0.00199
0.00206
0.00212
0.00219
0.00225
0.00231
0.00236
0.00241
0.00246
0.0025
0.00254
0.00258
0.00261
0.00263
0.00265
0.00268
0.00268
0.00269
0.00269
0.00269
0.00268
0.00267
0.00265
0.00264
0.00261
0.00258
0.00255
0.00251
0.00247
0.00243
0.00238
0.00234
0.00229
0.00224
0.00218
0.00213
0.00207
0.00202
0.00196
0.00191
0.00185
0.0018
0.00175
0.0017
0.00164
0.0016
0.00154
0.0015
0.00145
0.00141
0.00137
0.00133
0.00129
0.00126
0.00122
0.00119
0.00115
0.00113
0.00109
0.00107
0.00103
0.00101
0.00098
0.00095
0.00092
0.00089
0.00087
0.00083
0.00081
0.00078
0.00075
0.00072
0.00068
0.00066
0.00062
0.0006
0.00056
0.00053
0.00049
0.00047
0.00043
0.0004
0.00037
0.00034
0.00032
0.00029
0.00027
0.00025
0.00023
0.00021
0.00019
0.00018
0.00017
0.00016
0.00015
0.00015
0.00014
0.00014
0.00014
0.00014
0.00014
0.00014
0.00015
0.00015
0.00015
0.00016
0.00016
0.00016
0.00016
0.00016
0.00015
0.00016
0.00015
0.00014
0.00013
0.00012
0.00012
0.00011
9e-05
8e-05
6e-05
5e-05
3e-05
1e-05
-1e-05
-3e-05
-5e-05
-6e-05
-9e-05
-0.0001
-0.00012
-0.00014
-0.00016
-0.00017
-0.00019
-0.0002
-0.00022
-0.00023
-0.00024
-0.00025
-0.00027
-0.00028
-0.00029
-0.0003
-0.00031
-0.00032
-0.00033
-0.00034
-0.00035
-0.00037
-0.00038
-0.00039
-0.00041
-0.00042
-0.00044
-0.00045
-0.00047
-0.00049
-0.00051
-0.00053
-0.00055
-0.00058
-0.0006
-0.00063
-0.00065
-0.00067
-0.0007
-0.00072
-0.00075
-0.00077
-0.0008
-0.00083
-0.00085
-0.00088
-0.00091
-0.00093
-0.00096
-0.00098
-0.00101
-0.00103
-0.00106
-0.00108
-0.0011
-0.00112
-0.00115
-0.00117
-0.0012
-0.00122
-0.00125
-0.00127
-0.0013
-0.00132
-0.00134
-0.00137
-0.00139
-0.00142
-0.00144
-0.00146
-0.00148
-0.0015
-0.00153
-0.00155
-0.00157
-0.00158
-0.00161
-0.00162
-0.00164
-0.00165
-0.00166
-0.00167
-0.00168
-0.00168
-0.00168
-0.00168
-0.00168
-0.00167
-0.00167
-0.00165
-0.00164
-0.00162
-0.00161
-0.00159
-0.00157
-0.00154
-0.00151
-0.00148
-0.00145
-0.00142
-0.00138
-0.00134
-0.00129
-0.00125
-0.00121
-0.00116
-0.00112
-0.00106
-0.00102
-0.00096
-0.00092
-0.00086
-0.00081
-0.00075
-0.00069
-0.00064
-0.00058
-0.00052
-0.00046
-0.0004
-0.00034
-0.00028
-0.00022
-0.00016
-0.0001
-3e-05
3e-05
9e-05
0.00015
0.00022
0.00028
0.00034
0.0004
0.00047
0.00053
0.00059
0.00065
0.00072
0.00077
0.00084
0.00089
0.00096
0.00101
0.00107
0.00113
0.00118
0.00124
0.00129
0.00134
0.00139
0.00144
0.00149
0.00153
0.00158
0.00162
0.00166
0.0017
0.00174
0.00177
0.0018
0.00183
0.00186
0.00188
0.0019
0.00192
0.00193
0.00194
0.00195
0.00195
0.00196
0.00196
0.00195
0.00194
0.00193
0.00192
0.0019
0.00188
0.00186
0.00183
0.0018
0.00177
0.00174
0.0017
0.00167
0.00162
0.00159
0.00154
0.00151
0.00146
0.00142
0.00137
0.00134
0.00129
0.00125
0.00121
0.00117
0.00113
0.0011
0.00106
0.00103
0.001
0.00097
0.00095
0.00092
0.0009
0.00088
0.00086
0.00085
0.00083
0.00082
0.00081
0.00079
0.00079
0.00078
0.00078
0.00077
0.00076
0.00076
0.00076
0.00076
0.00075
0.00075
0.00074
0.00075
0.00074
0.00074
0.00073
0.00072
0.00072
0.00072
0.00071
0.00071
0.0007
0.0007
0.00069
0.00069
0.00068
0.00068
0.00067
0.00067
0.00066
0.00066
0.00065
0.00065
0.00065
0.00065
0.00065
0.00066
0.00066
0.00066
0.00066
0.00067
0.00067
0.00068
0.00068
0.00068
0.00069
0.00069
0.00069
0.00069
0.00069
0.00069
0.00068
0.00068
0.00067
0.00067
0.00066
0.00065
0.00064
0.00062
0.0006
0.00059
0.00057
0.00055
0.00053
0.00051
0.00049
0.00046
0.00044
0.00041
0.00038
0.00036
0.00033
0.0003
0.00027
0.00025
0.00021
0.00019
0.00016
0.00013
9e-05
6e-05
3e-05
-0.0
-4e-05
-7e-05
-0.00011
-0.00014
-0.00019
-0.00022
-0.00027
-0.00032
-0.00037
-0.00041
-0.00047
-0.00052
-0.00058
-0.00064
-0.00071
-0.00077
-0.00084
-0.0009
-0.00098
-0.00105
-0.00113
-0.00121
-0.00129
-0.00137
-0.00146
-0.00153
-0.00162
-0.0017
-0.00178
-0.00187
-0.00195
-0.00203
-0.00211
-0.00218
-0.00226
-0.00232
-0.0024
-0.00246
-0.00252
-0.00258
-0.00264
-0.00268
-0.00273
-0.00277
-0.0028
-0.00283
-0.00286
-0.00287
-0.00288
-0.00289
-0.00289
-0.00288
-0.00287
-0.00284
-0.00282
-0.00278
-0.00274
-0.00269
-0.00263
-0.00257
-0.0025
-0.00242
-0.00233
-0.00223
-0.00213
-0.00201
-0.0019
-0.00177
-0.00164
-0.0015
-0.00135
-0.0012
-0.00104
-0.00086
-0.00069
-0.00051
-0.00033
-0.00014
6e-05
0.00026
0.00047
0.00069
0.0009
0.00113
0.00135
0.00158
0.00182
0.00206
0.00229
0.00255
0.00279
0.00304
0.0033
0.00356
0.00382
0.00409
0.00435
0.00462
0.00489
0.00517
0.00544
0.00573
0.00601
0.00629
0.00657
0.00686
0.00714
0.00743
0.00772
0.00801
0.0083
0.00859
0.00888
0.00917
0.00946
0.00975
0.01004
0.01033
0.01062
0.01091
0.01119
0.01148
0.01176
0.01204
0.01232
0.0126
0.01288
0.01316
0.01344
0.01372
0.01399
0.01426
0.01453
0.0148
0.01507
0.01533
0.01559
0.01586
0.01612
0.01638
0.01664
0.01689
0.01715
0.0174
0.01764
0.01789
0.01813
0.01838
0.01861
0.01885
0.01908
0.01931
0.01954
0.01976
0.01998
0.0202
0.02041
0.02061
0.02082
0.02102
0.02121
0.02141
0.02159
0.02178
0.02195
0.02213
0.02229
0.02246
0.02262
0.02278
0.02292
0.02307
0.02321
0.02334
0.02347
0.02359
0.02371
0.02383
0.02393
0.02403
0.02413
0.02422
0.0243
0.02438
0.02445
0.02452
0.02457
0.02463
0.02467
0.02471
0.02474
0.02477
0.02479
0.0248
0.0248
0.02481
0.0248
0.02479
0.02477
0.02474
0.02471
0.02467
0.02463
0.02458
0.02452
0.02446
0.02439
0.02432
0.02424
0.02416
0.02407
0.02397
0.02387
0.02376
0.02365
0.02353
0.0234
0.02327
0.02313
0.02299
0.02284
0.02268
0.02252
0.02235
0.02218
0.022
0.0218
0.02161
0.02141
0.02121
0.02099
0.02078
0.02056
0.02033
0.0201
0.01987
0.01963
0.01938
0.01914
0.01889
0.01864
0.01839
0.01814
0.01789
0.01763
0.01738
0.01712
0.01687
0.01662
0.01637
0.01612
0.01587
0.01562
0.01538
0.01514
0.0149
0.01467
0.01444
0.0142
0.01398
0.01376
0.01354
0.01332
0.01311
0.0129
0.01269
0.01248
0.01229
0.01208
0.01189
0.0117
0.01151
0.01132
0.01115
0.01096
0.01079
0.01061
0.01044
0.01028
0.01012
0.00996
0.00981
0.00965
0.00951
0.00936
0.00922
0.00909
0.00897
0.00884
0.00872
0.00861
0.0085
0.0084
0.0083
0.0082
0.00812
0.00803
0.00796
0.00788
0.00781
0.00775
0.00769
0.00763
0.00758
0.00754
0.0075
0.00746
0.00743
0.0074
0.00738
0.00735
0.00734
0.00732
0.00731
0.00731
0.0073
0.0073
0.0073
0.00731
0.00731
0.00732
0.00734
0.00735
0.00737
0.00739
0.00741
0.00743
0.00746
0.00749
0.00752
0.00755
0.00758
0.00762
0.00765
0.00769
0.00773
0.00777
0.00781
0.00784
0.00788
0.00792
0.00797
0.008
0.00804
0.00808
0.00812
0.00815
0.00819
0.00822
0.00825
0.00828
0.00831
0.00834
0.00836
0.00838
0.0084
0.00842
0.00844
0.00845
0.00846
0.00846
0.00847
0.00848
0.00848
0.00848
0.00847
0.00847
0.00846
0.00846
0.00845
0.00843
0.00842
0.0084
0.00839
0.00836
0.00834
0.00831
0.00829
0.00825
0.00822
0.00818
0.00814
0.0081
0.00805
0.008
0.00794
0.00788
0.00782
0.00775
0.00768
0.0076
0.00752
0.00743
0.00734
0.00724
0.00714
0.00703
0.00692
0.00681
0.00669
0.00657
0.00644
0.00631
0.00618
0.00604
0.0059
0.00575
0.00561
0.00546
0.00531
0.00515
0.005
0.00484
0.00468
0.00453
0.00437
0.00421
0.00405
0.00388
0.00372
0.00355
0.00339
0.00322
0.00306
0.00289
0.00273
0.00256
0.0024
0.00223
0.00206
0.0019
0.00173
0.00157
0.00141
0.00124
0.00108
0.00092
0.00077
0.00061
0.00047
0.00032
0.00018
4e-05
-0.0001
-0.00023
-0.00035
-0.00047
-0.00058
-0.00068
-0.00078
-0.00087
-0.00095
-0.00103
-0.00109
-0.00116
-0.0012
-0.00125
-0.00129
-0.00132
-0.00134
-0.00135
-0.00136
-0.00136
-0.00135
-0.00134
-0.00132
-0.0013
-0.00126
-0.00123
-0.00119
-0.00115
-0.0011
-0.00105
-0.00099
-0.00094
-0.00088
-0.00081
-0.00075
-0.00068
-0.00061
-0.00054
-0.00046
-0.00039
-0.00031
-0.00023
-0.00015
-7e-05
2e-05
0.0001
0.00019
0.00027
0.00036
0.00045
0.00053
0.00063
0.00072
0.00081
0.0009
0.00099
0.00108
0.00117
0.00127
0.00135
0.00144
0.00152
0.00162
0.0017
0.00178
0.00186
0.00194
0.00202
0.0021
0.00217
0.00224
0.00231
0.00238
0.00245
0.00251
0.00257
0.00264
0.00269
0.00276
0.00281
0.00287
0.00292
0.00298
0.00303
0.00309
0.00314
0.0032
0.00324
0.0033
0.00335
0.0034
0.00345
0.0035
0.00355
0.0036
0.00365
0.00369
0.00374
0.00379
0.00383
0.00388
0.00392
0.00397
0.00401
0.00405
0.00409
0.00413
0.00417
0.00421
0.00424
0.00428
0.00431
0.00435
0.00438
0.00441
0.00444
0.00447
0.0045
0.00453
0.00456
0.00459
0.00461
0.00464
0.00466
0.00468
0.0047
0.00473
0.00474
0.00476
0.00478
0.00479
0.00481
0.00482
0.00483
0.00484
0.00484
0.00484
0.00484
0.00484
0.00483
0.00483
0.00481
0.0048
0.00478
0.00475
0.00473
0.0047
0.00467
0.00464
0.0046
0.00456
0.00451
0.00447
0.00442
0.00438
0.00432
0.00427
0.00421
0.00416
0.0041
0.00405
0.00399
0.00393
0.00387
0.00382
0.00376
0.0037
0.00364
0.00359
0.00354
0.00349
0.00343
0.00338
0.00333
0.00329
0.00324
0.00319
0.00315
0.0031
0.00306
0.00302
0.00297
0.00293
0.00289
0.00285
0.0028
0.00276
0.00272
0.00267
0.00262
0.00258
0.00253
0.00248
0.00243
0.00238
0.00233
0.00228
0.00222
0.00217
0.0021
0.00205
0.00199
0.00193
0.00186
0.0018
0.00174
0.00168
0.00161
0.00155
0.00149
0.00142
0.00136
0.0013
0.00124
0.00118
0.00112
0.00107
0.00101
0.00096
0.0009
0.00085
0.00079
0.00074
0.00069
0.00064
0.0006
0.00055
0.0005
0.00046
0.00042
0.00038
0.00033
0.0003
0.00026
0.00022
0.00018
0.00015
0.00012
9e-05
6e-05
3e-05
0.0
-2e-05
-5e-05
-6e-05
-8e-05
-9e-05
-0.00011
-0.00011
-0.00012
-0.00011
-0.00011
-0.0001
-0.0001
-8e-05
-6e-05
-4e-05
-1e-05
2e-05
6e-05
0.00011
0.00015
0.00021
0.00025
0.00032
0.00038
0.00045
0.00052
0.0006
0.00067
0.00076
0.00084
0.00093
0.00101
0.0011
0.0012
0.0013
0.0014
0.0015
0.00159
0.00169
0.00179
0.00189
0.00199
0.00209
0.00218
0.00228
0.00237
0.00246
0.00254
0.00262
0.0027
0.00278
0.00285
0.00292
0.00298
0.00304
0.0031
0.00315
0.00319
0.00323
0.00325
0.00329
0.0033
0.00332
0.00333
0.00333
0.00333
0.00332
0.0033
0.00328
0.00325
0.00322
0.00318
0.00314
0.00309
0.00303
0.00297
0.00291
0.00283
0.00276
0.00267
0.00258
0.00249
0.0024
0.00229
0.00219
0.00207
0.00196
0.00184
0.00171
0.00158
0.00145
0.00131
0.00118
0.00103
0.00089
0.00074
0.00059
0.00045
0.0003
0.00015
0.0
-0.00015
-0.00029
-0.00044
-0.00058
-0.00072
-0.00085
-0.00099
-0.00111
-0.00123
-0.00135
-0.00147
-0.00157
-0.00167
-0.00177
-0.00185
-0.00193
-0.00201
-0.00208
-0.00215
-0.0022
-0.00225
-0.0023
-0.00234
-0.00237
-0.0024
-0.00243
-0.00244
-0.00246
-0.00247
-0.00248
-0.00248
-0.00248
-0.00248
-0.00246
-0.00246
-0.00244
-0.00243
-0.0024
-0.00238
-0.00235
-0.00233
-0.0023
-0.00226
-0.00223
-0.00218
-0.00214
-0.00209
-0.00204
-0.00199
-0.00193
-0.00188
-0.00181
-0.00175
-0.00168
-0.00161
-0.00154
-0.00147
-0.00139
-0.00131
-0.00124
-0.00115
-0.00107
-0.00099
-0.0009
-0.00083
-0.00074
-0.00067
-0.00058
-0.00051
-0.00043
-0.00036
-0.00028
-0.00021
-0.00014
-7e-05
-1e-05
6e-05
0.00012
0.00018
0.00024
0.00029
0.00035
0.0004
0.00046
0.00051
0.00056
0.00061
0.00066
0.00071
0.00076
0.00081
0.00086
0.00091
0.00097
0.00102
0.00108
0.00113
0.00119
0.00125
0.00131
0.00136
0.00143
0.00148
0.00155
0.00161
0.00167
0.00173
0.00179
0.00185
0.00192
0.00197
0.00204
0.00209
0.00215
0.0022
0.00226
0.00231
0.00237
0.00241
0.00246
0.00251
0.00255
0.00259
0.00263
0.00266
0.0027
0.00273
0.00276
0.00278
0.00281
0.00283
0.00286
0.00287
0.00289
0.0029
0.00292
0.00293
0.00294
0.00294
0.00294
0.00294
0.00294
0.00294
0.00294
0.00293
0.00292
0.0029
0.00289
0.00287
0.00285
0.00282
0.0028
0.00276
0.00273
0.00268
0.00264
0.00259
0.00254
0.00249
0.00243
0.00236
0.00229
0.00221
0.00214
0.00205
0.00196
0.00186
0.00177
0.00166
0.00156
0.00145
0.00133
0.00122
0.0011
0.00098
0.00085
0.00072
0.0006
0.00046
0.00033
0.0002
7e-05
-7e-05
-0.0002
-0.00033
-0.00047
-0.0006
-0.00073
-0.00086
-0.00098
-0.00111
-0.00123
-0.00135
-0.00147
-0.00158
-0.00169
-0.00181
-0.00191
-0.00202
-0.00212
-0.00222
-0.00231
-0.00241
-0.0025
-0.00259
-0.00267
-0.00276
-0.00283
-0.00292
-0.00299
-0.00306
-0.00312
-0.00319
-0.00325
-0.00331
-0.00336
-0.00341
-0.00345
-0.0035
-0.00354
-0.00357
-0.00359
-0.00362
-0.00363
-0.00365
-0.00365
-0.00365
-0.00365
-0.00364
-0.00362
-0.0036
-0.00357
-0.00354
-0.0035
-0.00346
-0.00341
-0.00336
-0.00329
-0.00323
-0.00315
-0.00309
-0.003
-0.00292
-0.00283
-0.00274
-0.00264
-0.00254
-0.00243
-0.00232
-0.00222
-0.0021
-0.00199
-0.00187
-0.00174
-0.00162
-0.00149
-0.00137
-0.00124
-0.00112
-0.00098
-0.00085
-0.00072
-0.00059
-0.00045
-0.00032
-0.00019
-6e-05
7e-05
0.00021
0.00034
0.00047
0.0006
0.00072
0.00085
0.00097
0.00109
0.00121
0.00133
0.00144
0.00155
0.00166
0.00176
0.00186
0.00196
0.00205
0.00214
0.00223
0.00231
0.00238
0.00246
0.00252
0.00259
0.00265
0.00271
0.00276
0.00281
0.00285
0.00289
0.00292
0.00295
0.00298
0.00301
0.00303
0.00304
0.00305
0.00306
0.00306
0.00306
0.00305
0.00305
0.00303
0.00302
0.003
0.00297
0.00294
0.00291
0.00288
0.00284
0.0028
0.00276
0.0027
0.00266
0.0026
0.00255
0.00249
0.00243
0.00236
0.00231
0.00224
0.00217
0.00211
0.00204
0.00197
0.00191
0.00185
0.00179
0.00172
0.00166
0.0016
0.00155
0.00149
0.00144
0.00139
0.00134
0.0013
0.00126
0.00122
0.00118
0.00115
0.00113
0.0011
0.00109
0.00106
0.00105
0.00104
0.00104
0.00103
0.00103
0.00102
0.00103
0.00104
0.00104
0.00105
0.00106
0.00108
0.00109
0.00111
0.00113
0.00114
0.00117
0.00118
0.00121
0.00123
0.00126
0.00128
0.00131
0.00134
0.00136
0.00139
0.00142
0.00145
0.00149
0.00152
0.00155
0.00158
0.00162
0.00165
0.00169
0.00173
0.00177
0.0018
0.00185
0.00188
0.00192
0.00196
0.002
0.00204
0.00209
0.00213
0.00217
0.00221
0.00225
0.00229
0.00233
0.00236
0.0024
0.00243
0.00247
0.0025
0.00253
0.00256
0.00258
0.0026
0.00263
0.00264
0.00266
0.00267
0.00268
0.00269
0.0027
0.0027
0.0027
0.00269
0.00269
0.00268
0.00267
0.00266
0.00264
0.00262
0.0026
0.00258
0.00256
0.00253
0.00251
0.00248
0.00245
0.00241
0.00238
0.00235
0.00232
0.00228
0.00224
0.0022
0.00216
0.00212
0.00208
0.00203
0.00199
0.00194
0.0019
0.00185
0.00181
0.00175
0.00171
0.00165
0.0016
0.00155
0.00149
0.00144
0.00138
0.00133
0.00127
0.00122
0.00117
0.00111
0.00106
0.001
0.00095
0.0009
0.00085
0.0008
0.00076
0.00071
0.00067
0.00063
0.0006
0.00057
0.00054
0.00051
0.00049
0.00047
0.00046
0.00044
0.00043
0.00043
0.00043
0.00042
0.00043
0.00043
0.00044
0.00046
0.00047
0.00049
0.00051
0.00053
0.00056
0.00057
0.0006
0.00063
0.00066
0.00068
0.00071
0.00074
0.00077
0.00079
0.00082
0.00085
0.00087
0.0009
0.00092
0.00095
0.00097
0.00098
0.00101
0.00102
0.00104
0.00105
0.00106
0.00106
0.00107
0.00107
0.00107
0.00106
0.00105
0.00105
0.00103
0.00102
0.001
0.00097
0.00095
0.00091
0.00088
0.00084
0.0008
0.00075
0.0007
0.00065
0.00059
0.00053
0.00047
0.0004
0.00034
0.00026
0.00019
0.00011
4e-05
-4e-05
-0.00012
-0.00021
-0.00029
-0.00037
-0.00045
-0.00054
-0.00063
-0.00072
-0.00081
-0.0009
-0.00098
-0.00107
-0.00116
-0.00125
-0.00134
-0.00143
-0.00152
-0.00162
-0.00171
-0.0018
-0.00189
-0.00199
-0.00208
-0.00218
-0.00227
-0.00237
-0.00246
-0.00256
-0.00265
-0.00275
-0.00284
-0.00293
-0.00302
-0.00311
-0.00319
-0.00328
-0.00335
-0.00343
-0.0035
-0.00357
-0.00364
-0.00369
-0.00374
-0.00379
-0.00383
-0.00387
-0.00389
-0.00391
-0.00393
-0.00394
-0.00394
-0.00393
-0.00392
-0.0039
-0.00388
-0.00385
-0.00381
-0.00377
-0.00373
-0.00368
-0.00362
-0.00357
-0.0035
-0.00344
-0.00337
-0.00331
-0.00323
-0.00317
-0.00309
-0.00302
-0.00294
-0.00286
-0.00279
-0.00271
-0.00263
-0.00254
-0.00246
-0.00238
-0.00229
-0.00221
-0.00212
-0.00203
-0.00194
-0.00185
-0.00175
-0.00166
-0.00156
-0.00146
-0.00136
-0.00125
-0.00114
-0.00104
-0.00092
-0.00082
-0.0007
-0.00059
-0.00047
-0.00036
-0.00025
-0.00014
-2e-05
9e-05
0.0002
0.00031
0.00042
0.00052
0.00063
0.00073
0.00083
0.00092
0.00101
0.0011
0.00119
0.00127
0.00135
0.00142
0.0015
0.00157
0.00163
0.0017
0.00176
0.00182
0.00188
0.00193
0.00199
0.00203
0.00209
0.00213
0.00218
0.00223
0.00227
0.00231
0.00235
0.00239
0.00243
0.00246
0.00249
0.00252
0.00255
0.00258
0.0026
0.00262
0.00264
0.00265
0.00266
0.00266
0.00267
0.00266
0.00266
0.00264
0.00263
0.00261
0.00258
0.00255
0.00252
0.00248
0.00244
0.00239
0.00234
0.00228
0.00223
0.00216
0.0021
0.00202
0.00196
0.00188
0.0018
0.00172
0.00164
0.00156
0.00148
0.00139
0.00131
0.00122
0.00114
0.00105
0.00097
0.00088
0.00079
0.00071
0.00063
0.00054
0.00046
0.00038
0.0003
0.00022
0.00014
7e-05
-1e-05
-9e-05
-0.00016
-0.00023
-0.0003
-0.00037
-0.00044
-0.00051
-0.00058
-0.00065
-0.00071
-0.00078
-0.00085
-0.00091
-0.00097
-0.00103
-0.00109
-0.00115
-0.00121
-0.00127
-0.00132
-0.00138
-0.00143
-0.00149
-0.00153
-0.00159
-0.00163
-0.00168
-0.00173
-0.00177
-0.0018
-0.00184
-0.00187
-0.00191
-0.00194
-0.00197
-0.002
-0.00202
-0.00204
-0.00207
-0.00208
-0.0021
-0.00212
-0.00213
-0.00215
-0.00216
-0.00217
-0.00218
-0.00218
-0.0022
-0.00221
-0.00222
-0.00223
-0.00224
-0.00225
-0.00227
-0.00228
-0.0023
-0.00231
-0.00233
-0.00235
-0.00237
-0.00239
-0.00241
-0.00244
-0.00247
-0.00249
-0.00252
-0.00254
-0.00257
-0.00259
-0.00262
-0.00264
-0.00266
-0.00268
-0.00271
-0.00273
-0.00274
-0.00275
-0.00277
-0.00277
-0.00279
-0.00279
-0.00279
-0.00279
-0.00279
-0.00278
-0.00277
-0.00275
-0.00274
-0.00272
-0.0027
-0.00268
-0.00265
-0.00263
-0.0026
-0.00256
-0.00254
-0.0025
-0.00246
-0.00242
-0.00239
-0.00235
-0.00231
-0.00226
-0.00222
-0.00217
-0.00212
-0.00208
-0.00202
-0.00197
-0.00191
-0.00185
-0.0018
-0.00173
-0.00167
-0.0016
-0.00153
-0.00146
-0.00139
-0.00131
-0.00123
-0.00115
-0.00107
-0.00098
-0.0009
-0.00081
-0.00071
-0.00062
-0.00053
-0.00043
-0.00034
-0.00024
-0.00015
-5e-05
4e-05
0.00014
0.00023
0.00032
0.00041
0.0005
0.00059
0.00068
0.00076
0.00085
0.00092
0.00101
0.00108
0.00116
0.00123
0.00131
0.00137
0.00145
0.00151
0.00158
0.00165
0.00171
0.00178
0.00184
0.0019
0.00197
0.00202
0.00209
0.00215
0.00221
0.00227
0.00232
0.00238
0.00244
0.00249
0.00255
0.0026
0.00264
0.00269
0.00274
0.00279
0.00283
0.00287
0.00291
0.00294
0.00298
0.00301
0.00304
0.00306
0.00309
0.00311
0.00312
0.00314
0.00315
0.00316
0.00317
0.00317
0.00318
0.00318
0.00318
0.00317
0.00317
0.00317
0.00316
0.00315
0.00315
0.00314
0.00313
0.00311
0.0031
0.00309
0.00308
0.00306
0.00305
0.00303
0.00302
0.003
0.00299
0.00297
0.00296
0.00294
0.00292
0.0029
0.00288
0.00286
0.00284
0.00282
0.0028
0.00277
0.00275
0.00272
0.0027
0.00267
0.00264
0.0026
0.00258
0.00254
0.00251
0.00247
0.00243
0.00238
0.00234
0.00229
0.00225
0.00219
0.00215
0.00208
0.00203
0.00196
0.0019
0.00183
0.00176
0.00168
0.00161
0.00153
0.00144
0.00136
0.00127
0.00118
0.00109
0.001
0.0009
0.0008
0.00071
0.00061
0.00051
0.00041
0.00032
0.00022
0.00013
3e-05
-6e-05
-0.00015
-0.00024
-0.00032
-0.0004
-0.00048
-0.00055
-0.00062
-0.00068
-0.00075
-0.0008
-0.00085
-0.0009
-0.00095
-0.00098
-0.00102
-0.00105
-0.00107
-0.0011
-0.00111
-0.00112
-0.00113
-0.00114
-0.00114
-0.00114
-0.00113
-0.00112
-0.00111
-0.00108
-0.00107
-0.00104
-0.00101
-0.00098
-0.00094
-0.0009
-0.00086
-0.00081
-0.00076
-0.0007
-0.00065
-0.00058
-0.00051
-0.00044
-0.00037
-0.00029
-0.00021
-0.00012
-3e-05
6e-05
0.00016
0.00025
0.00036
0.00047
0.00058
0.00069
0.0008
0.00092
0.00103
0.00116
0.00127
0.0014
0.00152
0.00164
0.00176
0.00189
0.00201
0.00213
0.00225
0.00237
0.00249
0.00261
0.00272
0.00284
0.00295
0.00306
0.00316
0.00326
0.00336
0.00346
0.00355
0.00364
0.00372
0.0038
0.00388
0.00395
0.00402
0.00408
0.00413
0.00419
0.00424
0.00429
0.00432
0.00436
0.00438
0.00441
0.00443
0.00444
0.00445
0.00445
0.00445
0.00445
0.00444
0.00443
0.0044
0.00438
0.00435
0.00432
0.00429
0.00425
0.0042
0.00416
0.00411
0.00406
0.004
0.00394
0.00388
0.00382
0.00376
0.00369
0.00362
0.00355
0.00348
0.00341
0.00334
0.00326
0.00319
0.00312
0.00304
0.00296
0.00289
0.00281
0.00274
0.00267
0.00259
0.00252
0.00245
0.00238
0.00231
0.00224
0.00217
0.0021
0.00204
0.00198
0.00191
0.00185
0.00179
0.00173
0.00168
0.00162
0.00157
0.00152
0.00146
0.00142
0.00137
0.00132
0.00127
0.00123
0.00118
0.00115
0.0011
0.00106
0.00102
0.00098
0.00094
0.0009
0.00086
0.00083
0.00078
0.00075
0.00071
0.00068
0.00064
0.0006
0.00056
0.00053
0.00049
0.00045
0.00041
0.00037
0.00033
0.00029
0.00025
0.00021
0.00017
0.00013
8e-05
4e-05
-1e-05
-5e-05
-0.0001
-0.00015
-0.0002
-0.00025
-0.00031
-0.00036
-0.00041
-0.00047
-0.00053
-0.00059
-0.00065
-0.00071
-0.00077
-0.00083
-0.0009
-0.00097
-0.00104
-0.0011
-0.00117
-0.00124
-0.0013
-0.00137
-0.00144
-0.00151
-0.00157
-0.00164
-0.00171
-0.00177
-0.00183
-0.00189
-0.00195
-0.00201
-0.00207
-0.00212
-0.00217
-0.00222
-0.00227
-0.00232
-0.00236
-0.0024
-0.00243
-0.00247
-0.0025
-0.00253
-0.00256
-0.00258
-0.0026
-0.00262
-0.00264
-0.00264
-0.00266
-0.00266
-0.00267
-0.00267
-0.00267
-0.00266
-0.00266
-0.00265
-0.00264
-0.00262
-0.00261
-0.00258
-0.00257
-0.00254
-0.00252
-0.00248
-0.00246
-0.00242
-0.00239
-0.00235
-0.00231
-0.00227
-0.00222
-0.00217
-0.00213
-0.00208
-0.00202
-0.00196
-0.00191
-0.00185
-0.00179
-0.00172
-0.00165
-0.00158
-0.00151
-0.00144
-0.00136
-0.00128
-0.0012
-0.00111
-0.00103
-0.00094
-0.00085
-0.00076
-0.00067
-0.00058
-0.00048
-0.00038
-0.00029
-0.00019
-9e-05
0.0
0.0001
0.0002
0.0003
0.0004
0.00049
0.00059
0.00068
0.00078
0.00086
0.00095
0.00104
0.00113
0.00121
0.00129
0.00137
0.00144
0.00152
0.00159
0.00166
0.00173
0.0018
0.00186
0.00192
0.00199
0.00204
0.0021
0.00216
0.00222
0.00227
0.00232
0.00237
0.00242
0.00247
0.00252
0.00256
0.00261
0.00265
0.00269
0.00273
0.00277
0.0028
0.00284
0.00287
0.0029
0.00292
0.00295
0.00297
0.00299
0.003
0.00302
0.00302
0.00303
0.00303
0.00303
0.00303
0.00302
0.00301
0.00299
0.00297
0.00296
0.00293
0.0029
0.00287
0.00284
0.0028
0.00277
0.00272
0.00268
0.00263
0.00259
0.00254
0.00249
0.00243
0.00238
0.00232
0.00226
0.0022
0.00214
0.00207
0.002
0.00193
0.00186
0.00179
0.00171
0.00163
0.00156
0.00147
0.00139
0.00129
0.00121
0.00111
0.00102
0.00091
0.00081
0.00071
0.0006
0.00049
0.00038
0.00027
0.00016
3e-05
-8e-05
-0.0002
-0.00032
-0.00044
-0.00056
-0.00068
-0.0008
-0.00092
-0.00104
-0.00116
-0.00127
-0.00138
-0.0015
-0.0016
-0.00171
-0.00182
-0.00191
-0.00201
-0.0021
-0.0022
-0.00228
-0.00237
-0.00244
-0.00252
-0.00259
-0.00266
-0.00273
-0.00279
-0.00285
-0.0029
-0.00295
-0.00301
-0.00305
-0.0031
-0.00313
-0.00318
-0.00321
-0.00325
-0.00327
-0.0033
-0.00333
-0.00336
-0.00338
-0.0034
-0.00341
-0.00343
-0.00344
-0.00345
-0.00346
-0.00347
-0.00346
-0.00347
-0.00346
-0.00346
-0.00345
-0.00344
-0.00343
-0.00342
-0.0034
-0.00338
-0.00335
-0.00332
-0.00329
-0.00327
-0.00323
-0.0032
-0.00316
-0.00312
-0.00308
-0.00304
-0.00299
-0.00295
-0.00291
-0.00286
-0.00282
-0.00277
-0.00272
-0.00267
-0.00262
-0.00258
-0.00253
-0.00249
-0.00244
-0.0024
-0.00235
-0.00231
-0.00226
-0.00222
-0.00217
-0.00213
-0.00209
-0.00204
-0.002
-0.00196
-0.00191
-0.00187
-0.00183
-0.00178
-0.00174
-0.0017
-0.00165
-0.00161
-0.00156
-0.00152
-0.00147
-0.00143
-0.00138
-0.00134
-0.00129
-0.00125
-0.0012
-0.00116
-0.00112
-0.00107
-0.00103
-0.00099
-0.00095
-0.00092
-0.00088
-0.00084
-0.00081
-0.00078
-0.00075
-0.00072
-0.00069
-0.00066
-0.00063
-0.00061
-0.00058
-0.00056
-0.00054
-0.00052
-0.0005
-0.00048
-0.00046
-0.00045
-0.00043
-0.00042
-0.00041
-0.00039
-0.00038
-0.00037
-0.00036
-0.00036
-0.00035
-0.00035
-0.00034
-0.00035
-0.00035
-0.00036
-0.00036
-0.00037
-0.00038
-0.0004
-0.00041
-0.00043
-0.00045
-0.00047
-0.00049
-0.00052
-0.00054
-0.00057
-0.00059
-0.00062
-0.00065
-0.00068
-0.00071
-0.00074
-0.00077
-0.0008
-0.00083
-0.00085
-0.00088
-0.0009
-0.00092
-0.00095
-0.00096
-0.00098
-0.001
-0.00102
-0.00103
-0.00104
-0.00105
-0.00106
-0.00106
-0.00107
-0.00107
-0.00107
-0.00107
-0.00107
-0.00106
-0.00106
-0.00105
-0.00104
-0.00103
-0.00102
-0.001
-0.00098
-0.00096
-0.00094
-0.00091
-0.00089
-0.00086
-0.00082
-0.00078
-0.00074
-0.0007
-0.00066
-0.0006
-0.00055
-0.00049
-0.00043
-0.00037
-0.0003
-0.00023
-0.00016
-8e-05
-1e-05
7e-05
0.00016
0.00024
0.00032
0.00041
0.00049
0.00058
0.00066
0.00075
0.00083
0.00091
0.00099
0.00108
0.00115
0.00122
0.0013
0.00136
0.00143
0.0015
0.00156
0.00162
0.00168
0.00173
0.00178
0.00184
0.00188
0.00193
0.00197
0.00202
0.00205
0.00209
0.00212
0.00215
0.00219
0.00222
0.00224
0.00227
0.00229
0.00232
0.00233
0.00236
0.00237
0.00238
0.00239
0.0024
0.0024
0.0024
0.00239
0.00239
0.00238
0.00236
0.00234
0.00232
0.00229
0.00226
0.00223
0.00219
0.00215
0.0021
0.00205
0.002
0.00194
0.00188
0.00182
0.00176
0.0017
0.00163
0.00156
0.0015
0.00142
0.00136
0.00128
0.00122
0.00114
0.00107
0.001
0.00093
0.00086
0.00079
0.00072
0.00065
0.00058
0.00051
0.00044
0.00038
0.0003
0.00023
0.00016
9e-05
1e-05
-7e-05
-0.00015
-0.00023
-0.00031
-0.0004
-0.00048
-0.00058
-0.00067
-0.00076
-0.00085
-0.00095
-0.00105
-0.00115
-0.00126
-0.00136
-0.00147
-0.00157
-0.00169
-0.00179
-0.0019
-0.00201
-0.00212
-0.00223
-0.00234
-0.00244
-0.00255
-0.00265
-0.00276
-0.00286
-0.00296
-0.00306
-0.00316
-0.00325
-0.00334
-0.00343
-0.00352
-0.0036
-0.00369
-0.00377
-0.00385
-0.00392
-0.00399
-0.00406
-0.00413
-0.0042
-0.00426
-0.00431
-0.00437
-0.00442
-0.00448
-0.00451
-0.00456
-0.0046
-0.00463
-0.00466
-0.00468
-0.0047
-0.00471
-0.00472
-0.00473
-0.00472
-0.00472
-0.0047
-0.00469
-0.00466
-0.00464
-0.0046
-0.00456
-0.00452
-0.00447
-0.00442
-0.00436
-0.0043
-0.00424
-0.00417
-0.00411
-0.00403
-0.00396
-0.00389
-0.00381
-0.00374
-0.00367
-0.00359
-0.00351
-0.00344
-0.00337
-0.0033
-0.00322
-0.00315
-0.00309
-0.00302
-0.00296
-0.0029
-0.00284
-0.00278
-0.00273
-0.00267
-0.00263
-0.00257
-0.00253
-0.00249
-0.00245
-0.00241
-0.00237
-0.00233
-0.0023
-0.00226
-0.00224
-0.00221
-0.00218
-0.00216
-0.00214
-0.00211
-0.0021
-0.00208
-0.00207
-0.00205
-0.00204
-0.00204
-0.00203
-0.00203
-0.00203
-0.00202
-0.00203
-0.00204
-0.00205
-0.00205
-0.00207
-0.00208
-0.0021
-0.00211
-0.00213
-0.00215
-0.00218
-0.0022
-0.00222
-0.00224
-0.00227
-0.00229
-0.00232
-0.00234
-0.00236
-0.00238
-0.0024
-0.00242
-0.00245
-0.00246
-0.00248
-0.00249
-0.0025
-0.00252
-0.00252
-0.00253
-0.00253
-0.00253
-0.00253
-0.00252
-0.00252
-0.0025
-0.0025
-0.00248
-0.00246
-0.00244
-0.00241
-0.00239
-0.00236
-0.00232
-0.00228
-0.00224
-0.0022
-0.00214
-0.0021
-0.00204
-0.00198
-0.00192
-0.00186
-0.00178
-0.00172
-0.00164
-0.00156
-0.00148
-0.0014
-0.00132
-0.00123
-0.00114
-0.00105
-0.00095
-0.00087
-0.00077
-0.00067
-0.00057
-0.00048
-0.00037
-0.00028
-0.00017
-7e-05
3e-05
0.00013
0.00023
0.00033
0.00044
0.00054
0.00065
0.00074
0.00085
0.00095
0.00106
0.00115
0.00126
0.00135
0.00146
0.00156
0.00166
0.00176
0.00186
0.00195
0.00205
0.00215
0.00224
0.00233
0.00242
0.00251
0.00259
0.00267
0.00275
0.00283
0.0029
0.00297
0.00304
0.0031
0.00315
0.00321
0.00326
0.00331
0.00335
0.00338
0.00342
0.00345
0.00348
0.0035
0.00352
0.00353
0.00355
0.00355
0.00356
0.00356
0.00356
0.00355
0.00355
0.00354
0.00353
0.00351
0.0035
0.00347
0.00346
0.00343
0.00341
0.00337
0.00335
0.00331
0.00328
0.00324
0.0032
0.00316
0.00311
0.00307
0.00302
0.00296
0.00291
0.00285
0.00279
0.00273
0.00266
0.00259
0.00253
0.00245
0.00238
0.0023
0.00222
0.00214
0.00206
0.00198
0.0019
0.00181
0.00173
0.00164
0.00156
0.00146
0.00138
0.00129
0.00121
0.00112
0.00104
0.00095
0.00087
0.00079
0.00071
0.00063
0.00056
0.00048
0.00041
0.00034
0.00027
0.0002
0.00014
7e-05
2e-05
-4e-05
-9e-05
-0.00015
-0.00019
-0.00024
-0.00028
-0.00032
-0.00036
-0.0004
-0.00043
-0.00046
-0.00048
-0.00051
-0.00053
-0.00055
-0.00056
-0.00057
-0.00058
-0.00059
-0.00059
-0.00059
-0.00059
-0.00059
-0.00058
-0.00057
-0.00056
-0.00054
-0.00052
-0.00051
-0.00049
-0.00047
-0.00044
-0.00042
-0.00039
-0.00037
-0.00034
-0.00031
-0.00028
-0.00025
-0.00022
-0.0002
-0.00017
-0.00014
-0.00011
-9e-05
-6e-05
-4e-05
-2e-05
0.0
2e-05
3e-05
5e-05
6e-05
7e-05
8e-05
9e-05
9e-05
0.0001
0.0001
0.0001
0.0001
0.0001
9e-05
9e-05
8e-05
7e-05
6e-05
5e-05
5e-05
4e-05
3e-05
2e-05
1e-05
0.0
-1e-05
-1e-05
-2e-05
-3e-05
-4e-05
-5e-05
-6e-05
-7e-05
-8e-05
-9e-05
-0.0001
-0.00011
-0.00012
-0.00013
-0.00015
-0.00016
-0.00018
-0.00019
-0.00022
-0.00024
-0.00026
-0.00028
-0.00031
-0.00033
-0.00036
-0.00039
-0.00041
-0.00044
-0.00046
-0.00049
-0.00052
-0.00054
-0.00057
-0.00058
-0.00061
-0.00062
-0.00064
-0.00065
-0.00066
-0.00067
-0.00068
-0.00068
-0.00068
-0.00067
-0.00067
-0.00065
-0.00064
-0.00062
-0.00061
-0.00058
-0.00056
-0.00053
-0.00051
-0.00047
-0.00044
-0.00041
-0.00038
-0.00035
-0.00031
-0.00027
-0.00023
-0.00019
-0.00016
-0.00012
-8e-05
-4e-05
-1e-05
3e-05
7e-05
0.00011
0.00015
0.00019
0.00023
0.00027
0.00031
0.00036
0.0004
0.00045
0.00049
0.00054
0.00058
0.00063
0.00067
0.00072
0.00077
0.00082
0.00086
0.00091
0.00095
0.001
0.00104
0.00109
0.00113
0.00117
0.0012
0.00123
0.00126
0.00129
0.00131
0.00134
0.00135
0.00138
0.00139
0.0014
0.0014
0.00141
0.00141
0.00141
0.00141
0.00141
0.0014
0.00139
0.00138
0.00137
0.00136
0.00135
0.00133
0.00132
0.00131
0.00129
0.00128
0.00126
0.00125
0.00124
0.00122
0.00121
0.00119
0.00118
0.00116
0.00114
0.00112
0.00111
0.00108
0.00107
0.00104
0.00102
0.00099
0.00096
0.00093
0.0009
0.00087
0.00084
0.0008
0.00076
0.00072
0.00069
0.00064
0.0006
0.00056
0.00052
0.00047
0.00043
0.00039
0.00035
0.00031
0.00027
0.00024
0.00021
0.00017
0.00014
0.00011
9e-05
6e-05
5e-05
3e-05
1e-05
-0.0
-1e-05
-2e-05
-3e-05
-4e-05
-4e-05
-5e-05
-5e-05
-6e-05
-6e-05
-6e-05
-6e-05
-7e-05
-7e-05
-8e-05
-8e-05
-0.0001
-0.0001
-0.00012
-0.00013
-0.00014
-0.00015
-0.00017
-0.00018
-0.0002
-0.00021
-0.00023
-0.00024
-0.00025
-0.00027
-0.00028
-0.00028
-0.0003
-0.0003
-0.00031
-0.00031
-0.00031
-0.0003
-0.0003
-0.00028
-0.00028
-0.00026
-0.00024
-0.00022
-0.0002
-0.00018
-0.00015
-0.00012
-9e-05
-6e-05
-2e-05
1e-05
5e-05
9e-05
0.00013
0.00017
0.0002
0.00025
0.00029
0.00033
0.00037
0.00041
0.00045
0.0005
0.00054
0.00058
0.00062
0.00067
0.00071
0.00076
0.00081
0.00085
0.0009
0.00095
0.00099
0.00105
0.00109
0.00114
0.00118
0.00124
0.00128
0.00133
0.00138
0.00142
0.00147
0.00152
0.00156
0.0016
0.00163
0.00167
0.0017
0.00173
0.00175
0.00178
0.00179
0.00181
0.00182
0.00183
0.00183
0.00182
0.00182
0.00181
0.0018
0.00179
0.00176
0.00175
0.00172
0.00169
0.00166
0.00163
0.00159
0.00157
0.00153
0.00149
0.00145
0.00142
0.00138
0.00135
0.00131
0.00127
0.00123
0.0012
0.00117
0.00114
0.0011
0.00107
0.00103
0.00101
0.00097
0.00094
0.00091
0.00087
0.00084
0.00081
0.00078
0.00075
0.00071
0.00067
0.00064
0.0006
0.00056
0.00052
0.00048
0.00044
0.0004
0.00035
0.00031
0.00026
0.00022
0.00018
0.00013
9e-05
4e-05
0.0
-5e-05
-9e-05
-0.00013
-0.00017
-0.00022
-0.00026
-0.0003
-0.00034
-0.00038
-0.00042
-0.00046
-0.0005
-0.00054
-0.00057
-0.00061
-0.00065
-0.00069
-0.00072
-0.00077
-0.00081
-0.00085
-0.00088
-0.00093
-0.00097
-0.00101
-0.00105
-0.00109
-0.00113
-0.00117
-0.00121
-0.00126
-0.00129
-0.00133
-0.00137
-0.00141
-0.00144
-0.00148
-0.0015
-0.00153
-0.00156
-0.00159
-0.00161
-0.00163
-0.00165
-0.00167
-0.00168
-0.0017
-0.0017
-0.00172
-0.00172
-0.00173
-0.00173
-0.00174
-0.00174
-0.00175
-0.00175
-0.00176
-0.00176
-0.00177
-0.00177
-0.00178
-0.00178
-0.00179
-0.0018
-0.00181
-0.00182
-0.00183
-0.00184
-0.00185
-0.00186
-0.00187
-0.00188
-0.0019
-0.00191
-0.00192
-0.00193
-0.00193
-0.00194
-0.00195
-0.00195
-0.00195
-0.00195
-0.00195
-0.00194
-0.00194
-0.00192
-0.00191
-0.0019
-0.00189
-0.00187
-0.00185
-0.00183
-0.00181
-0.00178
-0.00176
-0.00173
-0.00171
-0.00168
-0.00165
-0.00162
-0.0016
-0.00156
-0.00154
-0.00151
-0.00148
-0.00145
-0.00142
-0.00139
-0.00136
-0.00132
-0.0013
-0.00126
-0.00124
-0.0012
-0.00117
-0.00114
-0.00111
-0.00107
-0.00104
-0.00101
-0.00097
-0.00094
-0.0009
-0.00086
-0.00082
-0.00078
-0.00075
-0.00071
-0.00067
-0.00063
-0.00059
-0.00055
-0.00051
-0.00047
-0.00043
-0.00039
-0.00035
-0.00032
-0.00028
-0.00024
-0.0002
-0.00016
-0.00013
-9e-05
-6e-05
-2e-05
1e-05
5e-05
8e-05
0.00012
0.00015
0.00018
0.00021
0.00024
0.00027
0.00031
0.00034
0.00038
0.00041
0.00045
0.00048
0.00052
