2.01798864081571E+03

0.00343
0.00341
0.00339
0.00337
0.00335
0.00333
0.00331
0.00329
0.00327
0.00325
0.00323
0.00321
0.00319
0.00316
0.00314
0.00311
0.00308
0.00305
0.00302
0.00299
0.00296
0.00292
0.00289
0.00285
0.00281
0.00277
0.00273
0.00269
0.00265
0.0026
0.00256
0.00251
0.00247
0.00242
0.00238
0.00233
0.00229
0.00224
0.00219
0.00215
0.0021
0.00205
0.00201
0.00196
0.00192
0.00187
0.00183
0.00178
0.00173
0.00168
0.00164
0.00158
0.00154
0.00149
0.00143
0.00138
0.00132
0.00126
0.00121
0.00114
0.00108
0.00101
0.00095
0.00088
0.00081
0.00073
0.00066
0.00058
0.00051
0.00043
0.00034
0.00026
0.00018
9e-05
1e-05
-8e-05
-0.00016
-0.00025
-0.00033
-0.00042
-0.0005
-0.00059
-0.00068
-0.00077
-0.00085
-0.00093
-0.00102
-0.0011
-0.00118
-0.00126
-0.00134
-0.00142
-0.00149
-0.00157
-0.00165
-0.00172
-0.00179
-0.00186
-0.00193
-0.002
-0.00206
-0.00212
-0.00218
-0.00224
-0.0023
-0.00235
-0.0024
-0.00245
-0.00249
-0.00254
-0.00257
-0.00261
-0.00264
-0.00267
-0.00269
-0.00272
-0.00273
-0.00275
-0.00276
-0.00276
-0.00277
-0.00276
-0.00276
-0.00275
-0.00273
-0.00272
-0.0027
-0.00268
-0.00265
-0.00262
-0.00259
-0.00256
-0.00252
-0.00248
-0.00243
-0.00239
-0.00234
-0.00229
-0.00223
-0.00218
-0.00212
-0.00206
-0.00199
-0.00193
-0.00185
-0.00178
-0.00171
-0.00164
-0.00155
-0.00147
-0.00139
-0.0013
-0.00121
-0.00112
-0.00102
-0.00092
-0.00082
-0.00072
-0.00062
-0.00051
-0.0004
-0.0003
-0.00019
-8e-05
3e-05
0.00014
0.00025
0.00036
0.00047
0.00058
0.00069
0.0008
0.00091
0.001
0.00111
0.00121
0.00131
0.0014
0.00149
0.00158
0.00167
0.00176
0.00184
0.00192
0.002
0.00207
0.00215
0.00222
0.00229
0.00235
0.00242
0.00249
0.00255
0.00261
0.00267
0.00273
0.00279
0.00285
0.0029
0.00295
0.003
0.00305
0.0031
0.00315
0.0032
0.00324
0.00328
0.00332
0.00336
0.00339
0.00343
0.00345
0.00349
0.00351
0.00353
0.00355
0.00357
0.00358
0.0036
0.00361
0.00362
0.00362
0.00363
0.00363
0.00363
0.00362
0.00362
0.00362
0.00362
0.00361
0.0036
0.0036
0.00359
0.00358
0.00358
0.00357
0.00356
0.00355
0.00355
0.00354
0.00353
0.00352
0.00352
0.0035
0.0035
0.00348
0.00347
0.00345
0.00344
0.00342
0.0034
0.00338
0.00336
0.00332
0.0033
0.00326
0.00323
0.00319
0.00315
0.0031
0.00305
0.003
0.00294
0.00288
0.00282
0.00276
0.00269
0.00262
0.00255
0.00246
0.00239
0.00231
0.00223
0.00214
0.00205
0.00196
0.00188
0.00178
0.00169
0.00159
0.00149
0.00139
0.0013
0.0012
0.0011
0.00099
0.00089
0.00078
0.00068
0.00057
0.00047
0.00036
0.00025
0.00014
3e-05
-8e-05
-0.00019
-0.0003
-0.00041
-0.00052
-0.00063
-0.00074
-0.00085
-0.00096
-0.00107
-0.00118
-0.00129
-0.0014
-0.0015
-0.0016
-0.00171
-0.00181
-0.00191
-0.00201
-0.0021
-0.00219
-0.00228
-0.00238
-0.00246
-0.00254
-0.00262
-0.0027
-0.00277
-0.00285
-0.00292
-0.00299
-0.00305
-0.00311
-0.00318
-0.00323
-0.00328
-0.00333
-0.00338
-0.00343
-0.00347
-0.00351
-0.00355
-0.00359
-0.00361
-0.00365
-0.00367
-0.00369
-0.00371
-0.00373
-0.00374
-0.00375
-0.00375
-0.00375
-0.00375
-0.00374
-0.00373
-0.00372
-0.0037
-0.00368
-0.00366
-0.00363
-0.0036
-0.00357
-0.00353
-0.0035
-0.00345
-0.00341
-0.00337
-0.00332
-0.00327
-0.00323
-0.00318
-0.00313
-0.00307
-0.00303
-0.00298
-0.00293
-0.00288
-0.00283
-0.00278
-0.00274
-0.00269
-0.00265
-0.0026
-0.00256
-0.00251
-0.00248
-0.00243
-0.00239
-0.00235
-0.00231
-0.00227
-0.00223
-0.00219
-0.00215
-0.00211
-0.00207
-0.00203
-0.00198
-0.00194
-0.00189
-0.00184
-0.0018
-0.00174
-0.0017
-0.00164
-0.00159
-0.00153
-0.00148
-0.00142
-0.00137
-0.00131
-0.00125
-0.0012
-0.00114
-0.00108
-0.00102
-0.00096
-0.00091
-0.00085
-0.00079
-0.00073
-0.00068
-0.00063
-0.00058
-0.00052
-0.00047
-0.00042
-0.00037
-0.00032
-0.00027
-0.00022
-0.00018
-0.00013
-9e-05
-4e-05
0.0
5e-05
8e-05
0.00013
0.00016
0.00021
0.00024
0.00028
0.00031
0.00034
0.00038
0.00041
0.00044
0.00047
0.00049
0.00052
0.00054
0.00056
0.00058
0.0006
0.0006
0.00062
0.00063
0.00063
0.00063
0.00063
0.00063
0.00063
0.00062
0.00061
0.0006
0.00058
0.00056
0.00055
0.00052
0.0005
0.00047
0.00045
0.00042
0.00039
0.00036
0.00033
0.0003
0.00027
0.00024
0.00021
0.00017
0.00014
0.0001
7e-05
3e-05
0.0
-3e-05
-6e-05
-9e-05
-0.00012
-0.00015
-0.00019
-0.00021
-0.00024
-0.00027
-0.00029
-0.00032
-0.00035
-0.00037
-0.0004
-0.00042
-0.00045
-0.00047
-0.00049
-0.00051
-0.00054
-0.00056
-0.00058
-0.00059
-0.00061
-0.00063
-0.00064
-0.00066
-0.00066
-0.00068
-0.00068
-0.00069
-0.00069
-0.0007
-0.00069
-0.00068
-0.00068
-0.00067
-0.00065
-0.00063
-0.00061
-0.00059
-0.00055
-0.00053
-0.00049
-0.00045
-0.0004
-0.00036
-0.00031
-0.00026
-0.0002
-0.00014
-8e-05
-2e-05
4e-05
0.00011
0.00018
0.00025
0.00032
0.00038
0.00045
0.00052
0.00058
0.00064
0.00071
0.00076
0.00083
0.00088
0.00093
0.00098
0.00102
0.00107
0.00111
0.00114
0.00118
0.0012
0.00123
0.00126
0.00128
0.0013
0.00131
0.00132
0.00134
0.00135
0.00135
0.00135
0.00136
0.00136
0.00136
0.00136
0.00136
0.00136
0.00136
0.00135
0.00135
0.00134
0.00134
0.00133
0.00133
0.00132
0.00131
0.00131
0.0013
0.00129
0.00128
0.00128
0.00127
0.00126
0.00125
0.00124
0.00124
0.00122
0.00122
0.0012
0.0012
0.00119
0.00118
0.00117
0.00116
0.00115
0.00114
0.00113
0.00113
0.00112
0.00111
0.0011
0.0011
0.00109
0.00109
0.00108
0.00109
0.00108
0.00108
0.00108
0.00107
0.00108
0.00108
0.00108
0.00108
0.00108
0.00109
0.00109
0.00109
0.00109
0.0011
0.0011
0.00111
0.00111
0.00111
0.00112
0.00112
0.00113
0.00113
0.00114
0.00114
0.00114
0.00115
0.00114
0.00115
0.00114
0.00114
0.00114
0.00114
0.00113
0.00112
0.0011
0.00109
0.00107
0.00105
0.00103
0.001
0.00097
0.00094
0.0009
0.00086
0.00081
0.00076
0.00071
0.00065
0.00059
0.00052
0.00044
0.00037
0.00029
0.0002
0.00012
3e-05
-8e-05
-0.00017
-0.00028
-0.00038
-0.00049
-0.00059
-0.00071
-0.00082
-0.00093
-0.00105
-0.00116
-0.00128
-0.00139
-0.00151
-0.00162
-0.00173
-0.00185
-0.00195
-0.00207
-0.00217
-0.00228
-0.00238
-0.00249
-0.00259
-0.00269
-0.00279
-0.00288
-0.00298
-0.00307
-0.00316
-0.00325
-0.00334
-0.00343
-0.0035
-0.00359
-0.00366
-0.00374
-0.00381
-0.00388
-0.00394
-0.00401
-0.00407
-0.00412
-0.00418
-0.00422
-0.00426
-0.0043
-0.00433
-0.00436
-0.00438
-0.00441
-0.00442
-0.00443
-0.00444
-0.00445
-0.00445
-0.00445
-0.00445
-0.00445
-0.00445
-0.00444
-0.00443
-0.00443
-0.00442
-0.00441
-0.0044
-0.00439
-0.00438
-0.00438
-0.00437
-0.00436
-0.00435
-0.00434
-0.00432
-0.0043
-0.00429
-0.00426
-0.00423
-0.0042
-0.00416
-0.00412
-0.00406
-0.00401
-0.00395
-0.00388
-0.00381
-0.00374
-0.00365
-0.00357
-0.00348
-0.00339
-0.0033
-0.0032
-0.00311
-0.00302
-0.00293
-0.00284
-0.00275
-0.00268
-0.0026
-0.00253
-0.00246
-0.0024
-0.00234
-0.00228
-0.00224
-0.00219
-0.00215
-0.0021
-0.00205
-0.00201
-0.00196
-0.00191
-0.00185
-0.00179
-0.00172
-0.00165
-0.00156
-0.00147
-0.00137
-0.00126
-0.00115
-0.00103
-0.0009
-0.00077
-0.00063
-0.0005
-0.00037
-0.00023
-0.0001
1e-05
0.00013
0.00023
0.00032
0.0004
0.00047
0.00052
0.00055
0.00057
0.00058
0.00057
0.00056
0.00053
0.00049
0.00046
0.00042
0.00037
0.00034
0.0003
0.00028
0.00027
0.00028
0.0003
0.00034
0.00041
0.0005
0.00061
0.00074
0.00089
0.00107
0.00126
0.00148
0.0017
0.00194
0.00218
0.00243
0.00268
0.00293
0.00318
0.00342
0.00365
0.00387
0.00409
0.00429
0.00449
0.00468
0.00488
0.00508
0.00529
0.00553
0.0058
0.0061
0.00645
0.00687
0.00736
0.00794
0.00862
0.00941
0.01033
0.01138
0.01257
0.01393
0.01546
0.01715
0.01901
0.02106
0.02328
0.02568
0.02825
0.031
0.0339
0.03694
0.04012
0.04341
0.04681
0.05029
0.05382
0.0574
0.061
0.06459
0.06814
0.07165
0.07509
0.07842
0.08164
0.08473
0.08766
0.09042
0.09301
0.0954
0.0976
0.09959
0.10137
0.10294
0.10432
0.10548
0.10645
0.10721
0.10721
0.10721
0.10721
0.10721
0.10721
0.10721
0.10721
0.10721
0.10721
0.10721
0.10721
0.10721
0.1069
0.10658
0.10629
0.10603
0.1058
0.10561
0.10547
0.10538
0.10533
0.10532
0.10535
0.10543
0.10553
0.10566
0.10581
0.10599
0.10618
0.10637
0.10656
0.10674
0.10692
0.10708
0.10721
0.10721
0.10721
0.10721
0.10721
0.10721
0.10721
0.10721
0.10721
0.10721
0.10721
0.10721
0.10721
0.1071
0.107
0.1069
0.1068
0.10671
0.10663
0.10656
0.10651
0.10647
0.10644
0.10643
0.10643
0.10644
0.10648
0.10652
0.10657
0.10663
0.1067
0.10677
0.10685
0.10692
0.10699
0.10706
0.10712
0.10718
0.10721
0.10721
0.10721
0.10721
0.10721
0.10721
0.10721
0.10721
0.10721
0.10721
0.1072
0.10716
0.10712
0.10707
0.10703
0.10699
0.10695
0.10691
0.10688
0.10685
0.10684
0.10682
0.10682
0.10681
0.10682
0.10683
0.10685
0.10687
0.10689
0.10692
0.10695
0.10698
0.10701
0.10704
0.10707
0.10709
0.10712
0.10714
0.10716
0.10716
0.10718
0.10718
0.10719
0.10718
0.10718
0.10717
0.10716
0.10715
0.10713
0.10712
0.1071
0.10708
0.10707
0.10705
0.10704
0.10702
0.10702
0.10701
0.10701
0.107
0.107
0.10701
0.10701
0.10702
0.10703
0.10704
0.10705
0.10706
0.10708
0.10709
0.10711
0.10712
0.10714
0.10715
0.10717
0.10717
0.10719
0.10719
0.10721
0.10721
0.10721
0.10721
0.10721
0.10721
0.10721
0.10721
0.10721
0.10721
0.10721
0.10721
0.10721
0.10721
0.10721
0.10721
0.10721
0.10721
0.10721
0.10721
0.1072
0.1072
0.10721
0.1072
0.10721
0.1072
0.10721
0.10721
0.10721
0.10721
0.10721
0.10721
0.10721
0.10721
0.10721
0.10721
0.10721
0.10721
0.10721
0.10721
0.10721
0.10721
0.10721
0.10721
0.10721
0.1072
0.10721
0.10721
0.10721
0.10721
0.10721
0.1072
0.1072
0.1072
0.10721
0.1072
0.10721
0.1072
0.10721
0.10721
0.10721
0.10721
0.10721
0.10721
0.10721
0.10721
0.10721
0.10721
0.10721
0.10721
0.10721
0.10721
0.10721
0.10721
0.10721
0.10721
0.10721
0.1072
0.10721
0.10721
0.10721
0.10721
0.10721
0.10721
0.10721
0.1072
0.10721
0.10721
0.10721
0.1072
0.10721
0.10721
0.10721
0.1072
0.10721
0.10721
0.10721
0.10721
0.10721
0.10721
0.10721
0.10721
0.10721
0.10721
0.10721
0.10721
0.10721
0.10721
0.10721
0.10721
0.10721
0.10721
0.10721
0.10721
0.10721
0.10721
0.10721
0.10721
0.10721
0.10721
0.10721
0.1072
0.10721
0.1072
0.10721
0.1072
0.1072
0.1072
0.1072
0.1072
0.10719
0.10719
0.10719
0.10718
0.10719
0.10718
0.10718
0.10717
0.10718
0.10717
0.10717
0.10717
0.10717
0.10717
0.10717
0.10717
0.10717
0.10717
0.10717
0.10717
0.10718
0.10718
0.10718
0.10718
0.10719
0.10719
0.10719
0.10719
0.10719
0.10719
0.10719
0.10719
0.10719
0.10719
0.10718
0.10718
0.10718
0.10717
0.10717
0.10715
0.10716
0.10715
0.10715
0.10714
0.10713
0.10713
0.10713
0.10713
0.10712
0.10712
0.10712
0.10712
0.10713
0.10713
0.10714
0.10714
0.10715
0.10716
0.10717
0.10717
0.10718
0.10719
0.1072
0.10721
0.10721
0.10721
0.10721
0.10721
0.10721
0.10721
0.10721
0.1072
0.1072
0.10719
0.10718
0.10717
0.10715
0.10714
0.10713
0.10712
0.1071
0.10709
0.10708
0.10707
0.10707
0.10706
0.10706
0.10706
0.10707
0.10708
0.1071
0.1071
0.10712
0.10714
0.10716
0.10719
0.10721
0.10721
0.10721
0.10721
0.10721
0.10721
0.10721
0.10721
0.10721
0.10721
0.10721
0.10721
0.10721
0.10721
0.10721
0.10721
0.10718
0.10714
0.1071
0.10707
0.10704
0.107
0.10697
0.10694
0.10693
0.10691
0.10691
0.1069
0.10691
0.10693
0.10696
0.10699
0.10703
0.10707
0.10713
0.10718
0.10721
0.10721
0.10721
0.10721
0.10721
0.10721
0.10721
0.10721
0.10721
0.10721
0.10721
0.10721
0.10718
0.10702
0.10682
0.10658
0.10631
0.106
0.10565
0.10525
0.10481
0.10433
0.10382
0.10326
0.10267
0.10205
0.1014
0.10072
0.10001
0.09929
0.09854
0.09778
0.09702
0.09624
0.09547
0.09469
0.09391
0.09315
0.09239
0.09164
0.09091
0.09019
0.08949
0.0888
0.08813
0.08748
0.08685
0.08624
0.08565
0.08506
0.0845
0.08395
0.08341
0.08289
0.08238
0.08187
0.08137
0.08088
0.0804
0.07991
0.07943
0.07895
0.07847
0.078
0.07752
0.07705
0.07658
0.0761
0.07562
0.07515
0.07469
0.07422
0.07375
0.0733
0.07285
0.0724
0.07196
0.07152
0.0711
0.07068
0.07028
0.06988
0.0695
0.06912
0.06875
0.0684
0.06805
0.06771
0.06739
0.06708
0.06678
0.06648
0.06619
0.06591
0.06564
0.06538
0.06513
0.06488
0.06464
0.0644
0.06417
0.06394
0.06373
0.06351
0.0633
0.0631
0.0629
0.0627
0.06251
0.06232
0.06214
0.06196
0.06179
0.06162
0.06146
0.0613
0.06114
0.06099
0.06085
0.0607
0.06056
0.06043
0.0603
0.06017
0.06005
0.05993
0.05981
0.0597
0.05959
0.05948
0.05938
0.05927
0.05917
0.05908
0.05899
0.05889
0.0588
0.05872
0.05863
0.05855
0.05847
0.05839
0.05832
0.05824
0.05817
0.0581
0.05803
0.05796
0.0579
0.05784
0.05778
0.05771
0.05765
0.05759
0.05753
0.05747
0.05742
0.05736
0.0573
0.05724
0.05719
0.05712
0.05707
0.057
0.05694
0.05688
0.05682
0.05676
0.05669
0.05663
0.05656
0.05649
0.05642
0.05635
0.05629
0.05621
0.05614
0.05607
0.056
0.05592
0.05585
0.05577
0.0557
0.05562
0.05554
0.05546
0.05538
0.0553
0.05521
0.05513
0.05504
0.05495
0.05486
0.05477
0.05467
0.05458
0.05447
0.05437
0.05427
0.05416
0.05405
0.05393
0.05381
0.05369
0.05357
0.05344
0.0533
0.05317
0.05303
0.05288
0.05274
0.05259
0.05243
0.05227
0.05211
0.05194
0.05177
0.0516
0.05143
0.05124
0.05106
0.05087
0.05068
0.05048
0.05028
0.05008
0.04988
0.04967
0.04945
0.04924
0.04902
0.04879
0.04856
0.04833
0.0481
0.04786
0.04762
0.04738
0.04714
0.04689
0.04663
0.04638
0.04613
0.04587
0.04561
0.04535
0.04508
0.04482
0.04455
0.04429
0.04402
0.04375
0.04348
0.04321
0.04294
0.04267
0.0424
0.04212
0.04185
0.04158
0.04131
0.04104
0.04077
0.04049
0.04022
0.03995
0.03968
0.03941
0.03914
0.03887
0.03861
0.03834
0.03807
0.0378
0.03753
0.03727
0.037
0.03674
0.03647
0.03621
0.03594
0.03568
0.03542
0.03516
0.0349
0.03464
0.03438
0.03413
0.03387
0.03361
0.03336
0.0331
0.03284
0.03259
0.03233
0.03208
0.03183
0.03157
0.03132
0.03106
0.03081
0.03056
0.0303
0.03005
0.02979
0.02954
0.02928
0.02902
0.02876
0.02851
0.02825
0.02799
0.02773
0.02747
0.02721
0.02695
0.02669
0.02643
0.02618
0.02592
0.02566
0.0254
0.02514
0.02488
0.02462
0.02437
0.02411
0.02386
0.02361
0.02335
0.0231
0.02285
0.02261
0.02236
0.02212
0.02188
0.02163
0.0214
0.02116
0.02093
0.02069
0.02047
0.02024
0.02002
0.01979
0.01957
0.01936
0.01914
0.01894
0.01873
0.01853
0.01834
0.01814
0.01795
0.01777
0.01759
0.01741
0.01724
0.01707
0.01691
0.01675
0.01661
0.01646
0.01632
0.01618
0.01606
0.01593
0.01582
0.0157
0.0156
0.0155
0.0154
0.01531
0.01522
0.01514
0.01507
0.015
0.01493
0.01487
0.01481
0.01476
0.01471
0.01466
0.01462
0.01458
0.01455
0.01451
0.01449
0.01446
0.01444
0.01442
0.01441
0.01439
0.01438
0.01437
0.01437
0.01436
0.01436
0.01437
0.01437
0.01437
0.01439
0.0144
0.01441
0.01442
0.01444
0.01446
0.01448
0.0145
0.01453
0.01455
0.01457
0.0146
0.01463
0.01466
0.01468
0.01471
0.01474
0.01476
0.01479
0.01481
0.01484
0.01486
0.01488
0.0149
0.01492
0.01493
0.01494
0.01496
0.01497
0.01498
0.01499
0.01499
0.01499
0.01499
0.01499
0.01498
0.01498
0.01497
0.01496
0.01495
0.01494
0.01492
0.01491
0.01489
0.01488
0.01486
0.01484
0.01482
0.0148
0.01478
0.01476
0.01473
0.01471
0.01469
0.01467
0.01464
0.01462
0.0146
0.01457
0.01455
0.01453
0.01451
0.01449
0.01446
0.01444
0.01441
0.01439
0.01437
0.01435
0.01432
0.0143
0.01428
0.01426
0.01423
0.01421
0.01419
0.01416
0.01414
0.01412
0.01409
0.01406
0.01404
0.01401
0.01398
0.01396
0.01392
0.0139
0.01386
0.01383
0.0138
0.01376
0.01372
0.01368
0.01365
0.01361
0.01356
0.01352
0.01347
0.01343
0.01338
0.01333
0.01327
0.01322
0.01317
0.01311
0.01305
0.01299
0.01293
0.01287
0.01281
0.01274
0.01267
0.01261
0.01253
0.01247
0.01239
0.01232
0.01224
0.01216
0.01208
0.01199
0.01191
0.01182
0.01173
0.01164
0.01155
0.01146
0.01135
0.01126
0.01115
0.01105
0.01094
0.01084
0.01072
0.01061
0.01049
0.01038
0.01026
0.01014
0.01002
0.0099
0.00978
0.00965
0.00952
0.0094
0.00928
0.00915
0.00903
0.0089
0.00877
0.00866
0.00853
0.00841
0.00829
0.00816
0.00805
0.00793
0.00781
0.0077
0.00758
0.00748
0.00736
0.00726
0.00715
0.00705
0.00694
0.00685
0.00675
0.00665
0.00656
0.00647
0.00638
0.0063
0.00621
0.00614
0.00606
0.00599
0.00591
0.00585
0.00579
0.00573
0.00567
0.00562
0.00557
0.00553
0.00549
0.00545
0.00541
0.00538
0.00536
0.00534
0.00531
0.00529
0.00528
0.00527
0.00525
0.00525
0.00524
0.00523
0.00523
0.00522
0.00522
0.00521
0.00521
0.00521
0.00521
0.00521
0.0052
0.0052
0.00519
0.00519
0.00517
0.00517
0.00515
0.00515
0.00513
0.00511
0.0051
0.00508
0.00506
0.00504
0.00501
0.00499
0.00496
0.00493
0.0049
0.00487
0.00484
0.0048
0.00476
0.00473
0.00469
0.00465
0.0046
0.00456
0.00452
0.00447
0.00443
0.00439
0.00434
0.00429
0.00425
0.00421
0.00416
0.00412
0.00408
0.00404
0.004
0.00396
0.00393
0.0039
0.00387
0.00385
0.00382
0.00381
0.00379
0.00378
0.00377
0.00376
0.00375
0.00376
0.00375
0.00376
0.00377
0.00377
0.00378
0.00379
0.0038
0.00382
0.00383
0.00385
0.00386
0.00387
0.00388
0.00389
0.0039
0.00391
0.00391
0.00392
0.00392
0.00392
0.00392
0.00392
0.00392
0.00391
0.00391
0.0039
0.00389
0.00389
0.00387
0.00387
0.00386
0.00385
0.00384
0.00384
0.00384
0.00383
0.00383
0.00383
0.00384
0.00384
0.00385
0.00386
0.00387
0.00389
0.0039
0.00392
0.00394
0.00397
0.00399
0.00402
0.00405
0.00408
0.00411
0.00414
0.00417
0.00421
0.00424
0.00428
0.00431
0.00435
0.00438
0.00442
0.00445
0.00449
0.00452
0.00456
0.00459
0.00462
0.00466
0.00469
0.00472
0.00475
0.00478
0.00481
0.00483
0.00486
0.00488
0.00491
0.00492
0.00494
0.00495
0.00497
0.00498
0.00499
0.00499
0.005
0.005
0.005
0.00499
0.00499
0.00497
0.00496
0.00494
0.00492
0.00489
0.00487
0.00484
0.00481
0.00477
0.00474
0.0047
0.00465
0.00461
0.00457
0.00452
0.00447
0.00442
0.00437
0.00431
0.00427
0.00421
0.00415
0.00409
0.00404
0.00398
0.00392
0.00386
0.0038
0.00374
0.00368
0.00362
0.00356
0.00349
0.00343
0.00336
0.0033
0.00323
0.00316
0.00308
0.00302
0.00294
0.00287
0.00279
0.00271
0.00264
0.00256
0.00248
0.00241
0.00232
0.00224
0.00216
0.00208
0.002
0.00192
0.00184
0.00176
0.00168
0.0016
0.00153
0.00145
0.00138
0.00131
0.00124
0.00117
0.0011
0.00104
0.00098
0.00092
0.00087
0.00082
0.00076
0.00072
0.00067
0.00063
0.0006
0.00056
0.00053
0.0005
0.00047
0.00046
0.00043
0.00042
0.0004
0.00039
0.00038
0.00037
0.00037
0.00037
0.00037
0.00037
0.00037
0.00037
0.00038
0.00039
0.0004
0.00042
0.00043
0.00044
0.00046
0.00048
0.00049
0.00052
0.00053
0.00056
0.00058
0.0006
0.00063
0.00065
0.00068
0.00071
0.00074
0.00077
0.0008
0.00083
0.00086
0.0009
0.00093
0.00096
0.001
0.00104
0.00107
0.0011
0.00114
0.00117
0.00121
0.00124
0.00128
0.00131
0.00135
0.00138
0.00141
0.00145
0.00148
0.00152
0.00155
0.00158
0.00162
0.00165
0.00168
0.00171
0.00175
0.00178
0.00182
0.00186
0.00189
0.00194
0.00198
0.00202
0.00207
0.00212
0.00216
0.00222
0.00227
0.00233
0.00239
0.00245
0.00252
0.00259
0.00266
0.00273
0.0028
0.00288
0.00296
0.00304
0.00312
0.00321
0.00328
0.00337
0.00345
0.00353
0.00361
0.00369
0.00377
0.00385
0.00392
0.004
0.00406
0.00413
0.00419
0.00425
0.00431
0.00436
0.00441
0.00446
0.0045
0.00453
0.00457
0.0046
0.00462
0.00465
0.00467
0.00469
0.0047
0.00471
0.00471
0.00472
0.00472
0.00472
0.00471
0.00471
0.0047
0.00468
0.00466
0.00464
0.00462
0.0046
0.00457
0.00454
0.00451
0.00447
0.00443
0.00439
0.00434
0.0043
0.00424
0.00419
0.00413
0.00407
0.00401
0.00394
0.00387
0.0038
0.00373
0.00365
0.00357
0.00349
0.0034
0.00332
0.00323
0.00314
0.00305
0.00297
0.00287
0.00278
0.00269
0.0026
0.00251
0.00242
0.00233
0.00224
0.00215
0.00207
0.00198
0.0019
0.00182
0.00174
0.00166
0.00159
0.00151
0.00144
0.00138
0.00131
0.00125
0.00119
0.00113
0.00108
0.00102
0.00097
0.00092
0.00088
0.00084
0.0008
0.00076
0.00074
0.0007
0.00067
0.00065
0.00062
0.0006
0.00059
0.00057
0.00056
0.00055
0.00054
0.00054
0.00054
0.00053
0.00054
0.00054
0.00055
0.00055
0.00056
0.00056
0.00057
0.00058
0.0006
0.00061
0.00062
0.00063
0.00065
0.00066
0.00067
0.00068
0.00069
0.0007
0.00072
0.00073
0.00074
0.00074
0.00075
0.00076
0.00077
0.00078
0.00078
0.00079
0.0008
0.0008
0.00081
0.00081
0.00082
0.00082
0.00083
0.00083
0.00083
0.00084
0.00084
0.00084
0.00085
0.00085
0.00086
0.00086
0.00086
0.00086
0.00087
0.00086
0.00087
0.00086
0.00086
0.00086
0.00085
0.00084
0.00083
0.00082
0.00082
0.0008
0.00079
0.00077
0.00076
0.00074
0.00072
0.0007
0.00068
0.00066
0.00064
0.00061
0.00059
0.00056
0.00054
0.00051
0.00049
0.00046
0.00044
0.00041
0.00039
0.00036
0.00034
0.00031
0.00029
0.00025
0.00023
0.00021
0.00018
0.00015
0.00012
0.0001
7e-05
4e-05
2e-05
-2e-05
-4e-05
-7e-05
-0.0001
-0.00014
-0.00017
-0.00021
-0.00023
-0.00027
-0.00031
-0.00035
-0.00039
-0.00042
-0.00046
-0.0005
-0.00053
-0.00058
-0.00061
-0.00066
-0.00069
-0.00073
-0.00077
-0.00081
-0.00085
-0.00088
-0.00092
-0.00096
-0.00099
-0.00102
-0.00105
-0.00108
-0.00111
-0.00114
-0.00116
-0.00118
-0.0012
-0.00122
-0.00123
-0.00124
-0.00125
-0.00125
-0.00126
-0.00126
-0.00125
-0.00125
-0.00123
-0.00122
-0.0012
-0.00118
-0.00115
-0.00113
-0.00109
-0.00106
-0.00102
-0.00099
-0.00094
-0.0009
-0.00085
-0.0008
-0.00075
-0.00069
-0.00064
-0.00058
-0.00052
-0.00046
-0.0004
-0.00034
-0.00028
-0.00022
-0.00016
-0.0001
-4e-05
2e-05
8e-05
0.00014
0.0002
0.00026
0.00032
0.00038
0.00045
0.0005
0.00057
0.00062
0.00069
0.00075
0.00082
0.00088
0.00095
0.00102
0.00109
0.00116
0.00123
0.00131
0.00138
0.00146
0.00155
0.00162
0.00171
0.0018
0.00189
0.00197
0.00207
0.00215
0.00225
0.00235
0.00244
0.00254
0.00264
0.00274
0.00284
0.00294
0.00305
0.00315
0.00326
0.00336
0.00347
0.00357
0.00368
0.00378
0.00389
0.004
0.0041
0.00421
0.00431
0.00442
0.00453
0.00463
0.00474
0.00483
0.00494
0.00503
0.00513
0.00522
0.00532
0.0054
0.00549
0.00557
0.00565
0.00572
0.00579
0.00585
0.00591
0.00597
0.00602
0.00606
0.0061
0.00613
0.00617
0.00619
0.00621
0.00623
0.00625
0.00625
0.00626
0.00626
0.00626
0.00626
0.00626
0.00625
0.00625
0.00623
0.00623
0.00621
0.00621
0.0062
0.00619
0.00618
0.00617
0.00616
0.00615
0.00615
0.00614
0.00613
0.00612
0.00612
0.00611
0.0061
0.00609
0.00608
0.00607
0.00605
0.00604
0.00602
0.006
0.00597
0.00595
0.00592
0.00588
0.00585
0.00581
0.00577
0.00573
0.00568
0.00563
0.00557
0.00552
0.00546
0.00541
0.00534
0.00528
0.00521
0.00515
0.00508
0.00501
0.00494
0.00487
0.0048
0.00473
0.00465
0.00458
0.0045
0.00442
0.00434
0.00426
0.00418
0.00409
0.004
0.00391
0.00382
0.00373
0.00363
0.00353
0.00343
0.00332
0.00321
0.0031
0.00298
0.00286
0.00274
0.00262
0.00249
0.00237
0.00224
0.0021
0.00197
0.00184
0.00171
0.00158
0.00145
0.00132
0.00119
0.00107
0.00094
0.00082
0.0007
0.00059
0.00047
0.00037
0.00026
0.00016
5e-05
-4e-05
-0.00013
-0.00022
-0.0003
-0.00038
-0.00047
-0.00054
-0.00061
-0.00068
-0.00075
-0.00081
-0.00088
-0.00094
-0.001
-0.00105
-0.00111
-0.00116
-0.00121
-0.00126
-0.00131
-0.00135
-0.0014
-0.00143
-0.00147
-0.00151
-0.00155
-0.00157
-0.00161
-0.00163
-0.00165
-0.00167
-0.00169
-0.0017
-0.00171
-0.00172
-0.00172
-0.00172
-0.00172
-0.00171
-0.00171
-0.00169
-0.00168
-0.00166
-0.00164
-0.00161
-0.00159
-0.00156
-0.00153
-0.0015
-0.00147
-0.00143
-0.00139
-0.00134
-0.00131
-0.00126
-0.00122
-0.00116
-0.00112
-0.00107
-0.00102
-0.00095
-0.0009
-0.00084
-0.00078
-0.00072
-0.00065
-0.00059
-0.00052
-0.00045
-0.00038
-0.0003
-0.00023
-0.00015
-7e-05
1e-05
9e-05
0.00018
0.00026
0.00034
0.00042
0.0005
0.00059
0.00067
0.00076
0.00084
0.00092
0.00101
0.00108
0.00117
0.00124
0.00132
0.0014
0.00148
0.00155
0.00162
0.00169
0.00176
0.00183
0.0019
0.00197
0.00205
0.00211
0.00219
0.00225
0.00233
0.00239
0.00247
0.00254
0.00262
0.00269
0.00277
0.00284
0.00292
0.003
0.00308
0.00317
0.00325
0.00334
0.00342
0.00351
0.0036
0.00368
0.00377
0.00386
0.00395
0.00403
0.00412
0.0042
0.00428
0.00436
0.00444
0.00452
0.0046
0.00466
0.00474
0.0048
0.00487
0.00492
0.00498
0.00502
0.00507
0.00511
0.00515
0.00518
0.0052
0.00523
0.00525
0.00526
0.00527
0.00527
0.00527
0.00526
0.00525
0.00524
0.00522
0.00519
0.00517
0.00513
0.0051
0.00506
0.00501
0.00497
0.00492
0.00487
0.00482
0.00476
0.0047
0.00464
0.00458
0.00451
0.00445
0.00438
0.00431
0.00424
0.00417
0.00409
0.00402
0.00394
0.00387
0.00379
0.00371
0.00362
0.00354
0.00345
0.00337
0.00328
0.00319
0.00309
0.003
0.0029
0.0028
0.0027
0.0026
0.00249
0.00239
0.00228
0.00217
0.00205
0.00194
0.00183
0.00172
0.0016
0.00148
0.00136
0.00125
0.00113
0.00101
0.0009
0.00078
0.00067
0.00056
0.00044
0.00034
0.00022
0.00012
2e-05
-8e-05
-0.00018
-0.00028
-0.00037
-0.00046
-0.00055
-0.00063
-0.00072
-0.0008
-0.00088
-0.00095
-0.00103
-0.00109
-0.00117
-0.00123
-0.0013
-0.00135
-0.00142
-0.00147
-0.00153
-0.00158
-0.00164
-0.00169
-0.00173
-0.00178
-0.00182
-0.00186
-0.0019
-0.00193
-0.00197
-0.002
-0.00203
-0.00204
-0.00207
-0.00209
-0.0021
-0.00211
-0.00212
-0.00213
-0.00213
-0.00213
-0.00212
-0.00211
-0.0021
-0.00209
-0.00207
-0.00205
-0.00203
-0.002
-0.00197
-0.00194
-0.00191
-0.00187
-0.00184
-0.00181
-0.00177
-0.00173
-0.00169
-0.00165
-0.00162
-0.00158
-0.00154
-0.0015
-0.00147
-0.00143
-0.0014
-0.00137
-0.00134
-0.0013
-0.00127
-0.00125
-0.00122
-0.00119
-0.00116
-0.00114
-0.00111
-0.00108
-0.00106
-0.00103
-0.00101
-0.00098
-0.00096
-0.00093
-0.00091
-0.00088
-0.00085
-0.00082
-0.0008
-0.00077
-0.00074
-0.00071
-0.00068
-0.00064
-0.00062
-0.00058
-0.00055
-0.00052
-0.00049
-0.00046
-0.00043
-0.0004
-0.00038
-0.00035
-0.00033
-0.00031
-0.00029
-0.00027
-0.00025
-0.00023
-0.00023
-0.00021
-0.0002
-0.00019
-0.00018
-0.00017
-0.00017
-0.00016
-0.00016
-0.00015
-0.00015
-0.00015
-0.00014
-0.00014
-0.00013
-0.00013
-0.00012
-0.00011
-0.00011
-0.0001
-9e-05
-8e-05
-7e-05
-6e-05
-5e-05
-4e-05
-3e-05
-2e-05
-1e-05
1e-05
2e-05
3e-05
4e-05
5e-05
6e-05
7e-05
7e-05
9e-05
9e-05
0.0001
0.0001
0.00011
0.00011
0.00011
0.00012
0.00013
0.00013
0.00014
0.00014
0.00015
0.00015
0.00017
0.00017
0.00019
0.00019
0.00021
0.00022
0.00024
0.00026
0.00027
0.0003
0.00032
0.00034
0.00037
0.00039
0.00042
0.00044
0.00047
0.00049
0.00052
0.00055
0.00058
0.0006
0.00063
0.00066
0.00068
0.00071
0.00074
0.00077
0.0008
0.00082
0.00085
0.00088
0.00091
0.00093
0.00097
0.001
0.00103
0.00106
0.0011
0.00114
0.00117
0.00122
0.00126
0.0013
0.00135
0.00139
0.00144
0.00149
0.00154
0.00159
0.00165
0.00169
0.00175
0.0018
0.00185
0.0019
0.00195
0.002
0.00205
0.00209
0.00214
0.00217
0.00221
0.00224
0.00228
0.0023
0.00233
0.00235
0.00237
0.00238
0.00239
0.0024
0.0024
0.00241
0.00241
0.00241
0.0024
0.00239
0.00238
0.00237
0.00235
0.00233
0.00232
0.0023
0.00228
0.00226
0.00224
0.00221
0.00219
0.00216
0.00214
0.00212
0.0021
0.00207
0.00205
0.00202
0.002
0.00197
0.00195
0.00193
0.00191
0.00188
0.00186
0.00184
0.00181
0.00179
0.00177
0.00175
0.00172
0.0017
0.00167
0.00165
0.00163
0.0016
0.00158
0.00155
0.00153
0.0015
0.00147
0.00144
0.00141
0.00139
0.00136
0.00133
0.00131
0.00128
0.00125
0.00122
0.0012
0.00118
0.00115
0.00113
0.00111
0.00109
0.00107
0.00105
0.00103
0.00102
0.00101
0.001
0.00099
0.00098
0.00098
0.00098
0.00098
0.00098
0.00099
0.00099
0.00101
0.00101
0.00103
0.00104
0.00106
0.00108
0.0011
0.00113
0.00116
0.00118
0.00121
0.00124
0.00127
0.0013
0.00133
0.00136
0.0014
0.00144
0.00147
0.0015
0.00154
0.00158
0.00161
0.00165
0.00169
0.00172
0.00175
0.00179
0.00182
0.00185
0.00188
0.00191
0.00194
0.00197
0.00199
0.00201
0.00203
0.00205
0.00206
0.00208
0.00209
0.0021
0.0021
0.0021
0.00211
0.0021
0.0021
0.00208
0.00208
0.00206
0.00204
0.00202
0.00199
0.00197
0.00194
0.00191
0.00188
0.00184
0.0018
0.00176
0.00172
0.00167
0.00162
0.00157
0.00152
0.00147
0.00141
0.00135
0.0013
0.00124
0.00118
0.00112
0.00105
0.00098
0.00092
0.00085
0.00079
0.00072
0.00065
0.00057
0.00051
0.00044
0.00037
0.00029
0.00022
0.00015
9e-05
2e-05
-5e-05
-0.00012
-0.00018
-0.00024
-0.00029
-0.00035
-0.00041
-0.00046
-0.0005
-0.00055
-0.00059
-0.00063
-0.00067
-0.0007
-0.00072
-0.00075
-0.00076
-0.00079
-0.0008
-0.00081
-0.00081
-0.00082
-0.00082
-0.00082
-0.00081
-0.00081
-0.0008
-0.0008
-0.00079
-0.00077
-0.00076
-0.00074
-0.00072
-0.00071
-0.00068
-0.00067
-0.00064
-0.00062
-0.0006
-0.00058
-0.00054
-0.00052
-0.00049
-0.00046
-0.00043
-0.00039
-0.00035
-0.00031
-0.00026
-0.00023
-0.00017
-0.00013
-7e-05
-2e-05
4e-05
0.0001
0.00017
0.00023
0.0003
0.00036
0.00043
0.0005
0.00058
0.00065
0.00073
0.0008
0.00087
0.00095
0.00103
0.0011
0.00118
0.00124
0.00132
0.00139
0.00147
0.00153
0.00161
0.00168
0.00175
0.00182
0.00189
0.00195
0.00203
0.00209
0.00217
0.00224
0.00231
0.00238
0.00246
0.00254
0.00262
0.00269
0.00278
0.00286
0.00295
0.00304
0.00313
0.00322
0.00331
0.00341
0.00351
0.0036
0.0037
0.0038
0.0039
0.004
0.0041
0.0042
0.00429
0.00439
0.00449
0.00459
0.00468
0.00477
0.00487
0.00495
0.00504
0.00513
0.00521
0.00529
0.00537
0.00544
0.00551
0.00558
0.00565
0.00572
0.00578
0.00584
0.0059
0.00595
0.006
0.00605
0.0061
0.00614
0.00618
0.00621
0.00625
0.00627
0.0063
0.00631
0.00633
0.00634
0.00635
0.00635
0.00635
0.00633
0.00632
0.0063
0.00627
0.00623
0.0062
0.00615
0.0061
0.00604
0.00597
0.0059
0.00582
0.00574
0.00565
0.00555
0.00545
0.00534
0.00523
0.00511
0.00499
0.00485
0.00472
0.00458
0.00444
0.00429
0.00414
0.00399
0.00383
0.00367
0.00351
0.00334
0.00318
0.003
0.00284
0.00267
0.0025
0.00232
0.00215
0.00197
0.00181
0.00163
0.00146
0.00129
0.00112
0.00096
0.00079
0.00063
0.00047
0.00031
0.00016
1e-05
-0.00014
-0.00029
-0.00043
-0.00057
-0.0007
-0.00083
-0.00096
-0.00109
-0.00121
-0.00133
-0.00144
-0.00155
-0.00165
-0.00177
-0.00186
-0.00197
-0.00206
-0.00216
-0.00225
-0.00234
-0.00242
-0.00251
-0.00259
-0.00267
-0.00275
-0.00282
-0.00289
-0.00296
-0.00303
-0.0031
-0.00315
-0.00321
-0.00326
-0.00332
-0.00336
-0.00341
-0.00344
-0.00348
-0.00351
-0.00354
-0.00356
-0.00358
-0.00359
-0.0036
-0.0036
-0.00361
-0.0036
-0.00359
-0.00358
-0.00356
-0.00354
-0.00352
-0.00349
-0.00346
-0.00343
-0.00339
-0.00336
-0.00332
-0.00327
-0.00323
-0.00318
-0.00314
-0.00309
-0.00304
-0.00299
-0.00294
-0.00289
-0.00284
-0.00278
-0.00273
-0.00267
-0.00262
-0.00256
-0.0025
-0.00244
-0.00238
-0.00231
-0.00225
-0.00218
-0.00211
-0.00204
-0.00197
-0.00189
-0.00182
-0.00174
-0.00166
-0.00158
-0.0015
-0.00141
-0.00133
-0.00124
-0.00115
-0.00106
-0.00098
-0.00089
-0.0008
-0.00071
-0.00062
-0.00053
-0.00045
-0.00036
-0.00028
-0.00019
-0.00011
-3e-05
5e-05
0.00012
0.0002
0.00028
0.00035
0.00042
0.00049
0.00057
0.00063
0.0007
0.00077
0.00084
0.0009
0.00097
0.00104
0.0011
0.00117
0.00123
0.0013
0.00137
0.00143
0.0015
0.00156
0.00163
0.00169
0.00176
0.00182
0.00189
0.00195
0.00201
0.00206
0.00212
0.00218
0.00223
0.00228
0.00233
0.00237
0.00242
0.00246
0.0025
0.00254
0.00257
0.0026
0.00263
0.00266
0.00268
0.00271
0.00272
0.00274
0.00276
0.00278
0.0028
0.00281
0.00282
0.00283
0.00285
0.00285
0.00286
0.00287
0.00288
0.00289
0.00289
0.0029
0.0029
0.00291
0.00291
0.00292
0.00292
0.00292
0.00292
0.00292
0.00291
0.0029
0.0029
0.00289
0.00288
0.00286
0.00284
0.00282
0.0028
0.00277
0.00275
0.00272
0.00269
0.00265
0.00261
0.00257
0.00254
0.00249
0.00245
0.0024
0.00236
0.00232
0.00227
0.00222
0.00218
0.00213
0.00209
0.00205
0.00201
0.00196
0.00193
0.00189
0.00186
0.00182
0.00179
0.00175
0.00173
0.0017
0.00168
0.00166
0.00163
0.00162
0.0016
0.00158
0.00158
0.00156
0.00155
0.00154
0.00153
0.00152
0.00152
0.00151
0.00152
0.00151
0.00151
0.00151
0.00151
0.00152
0.00153
0.00153
0.00154
0.00155
0.00156
0.00157
0.00159
0.0016
0.00162
0.00163
0.00166
0.00168
0.0017
0.00173
0.00175
0.00178
0.00181
0.00184
0.00188
0.00191
0.00195
0.00198
0.00203
0.00206
0.00211
0.00215
0.00219
0.00224
0.00228
0.00232
0.00237
0.00241
0.00246
0.00251
0.00256
0.0026
0.00266
0.0027
0.00276
0.0028
0.00285
0.0029
0.00295
0.003
0.00305
0.0031
0.00315
0.0032
0.00325
0.0033
0.00335
0.0034
0.00346
0.0035
0.00356
0.0036
0.00366
0.00371
0.00376
0.00381
0.00386
0.00391
0.00395
0.004
0.00405
0.00409
0.00414
0.00418
0.00422
0.00426
0.0043
0.00433
0.00436
0.00439
0.00442
0.00444
0.00446
0.00447
0.00449
0.0045
0.0045
0.00451
0.00451
0.0045
0.00449
0.00448
0.00447
0.00445
0.00443
0.0044
0.00437
0.00434
0.00431
0.00427
0.00422
0.00418
0.00414
0.00409
0.00405
0.00399
0.00394
0.00388
0.00383
0.00377
0.00372
0.00365
0.0036
0.00354
0.00347
0.00341
0.00335
0.00329
0.00323
0.00316
0.0031
0.00303
0.00297
0.0029
0.00284
0.00277
0.0027
0.00263
0.00257
0.0025
0.00242
0.00235
0.00228
0.00221
0.00214
0.00206
0.00199
0.00191
0.00184
0.00176
0.00169
0.00161
0.00154
0.00146
0.00139
0.00131
0.00123
0.00115
0.00108
0.001
0.00092
0.00085
0.00078
0.0007
0.00063
0.00055
0.00048
0.00041
0.00034
0.00026
0.0002
0.00012
6e-05
-1e-05
-8e-05
-0.00015
-0.00021
-0.00028
-0.00034
-0.00041
-0.00047
-0.00053
-0.00059
-0.00065
-0.00071
-0.00077
-0.00082
-0.00088
-0.00093
-0.00099
-0.00104
-0.00109
-0.00113
-0.00118
-0.00122
-0.00127
-0.0013
-0.00134
-0.00137
-0.00141
-0.00143
-0.00146
-0.00148
-0.0015
-0.00152
-0.00153
-0.00154
-0.00155
-0.00155
-0.00154
-0.00153
-0.00153
-0.00151
-0.0015
-0.00147
-0.00145
-0.00141
-0.00138
-0.00134
-0.0013
-0.00125
-0.00121
-0.00116
-0.0011
-0.00103
-0.00097
-0.0009
-0.00084
-0.00076
-0.00068
-0.0006
-0.00052
-0.00044
-0.00035
-0.00026
-0.00017
-8e-05
2e-05
0.00011
0.00021
0.00031
0.00041
0.00052
0.00062
0.00072
0.00082
0.00093
0.00104
0.00114
0.00125
0.00136
0.00146
0.00157
0.00167
0.00177
0.00188
0.00198
0.00209
0.00219
0.00229
0.0024
0.00249
0.0026
0.00269
0.00279
0.00288
0.00298
0.00307
0.00316
0.00325
0.00334
0.00343
0.00351
0.00359
0.00367
0.00374
0.00382
0.00389
0.00396
0.00402
0.00408
0.00413
0.00419
0.00424
0.00429
0.00433
0.00436
0.0044
0.00443
0.00445
0.00447
0.00448
0.0045
0.0045
0.00451
0.0045
0.0045
0.00449
0.00447
0.00445
0.00443
0.0044
0.00437
0.00433
0.00429
0.00425
0.0042
0.00415
0.00409
0.00403
0.00397
0.0039
0.00384
0.00376
0.00369
0.0036
0.00352
0.00343
0.00334
0.00325
0.00316
0.00306
0.00296
0.00285
0.00275
0.00264
0.00253
0.00241
0.0023
0.00218
0.00207
0.00195
0.00183
0.00171
0.00159
0.00147
0.00135
0.00124
0.00112
0.001
0.00089
0.00077
0.00066
0.00055
0.00044
0.00033
0.00023
0.00013
3e-05
-7e-05
-0.00017
-0.00027
-0.00036
-0.00045
-0.00054
-0.00063
-0.00071
-0.0008
-0.00088
-0.00097
-0.00105
-0.00113
-0.00121
-0.00129
-0.00137
-0.00145
-0.00154
-0.00161
-0.00169
-0.00177
-0.00185
-0.00193
-0.002
-0.00208
-0.00215
