1.11044933365091E+02

-0.00269
-0.00259
-0.00249
-0.00238
-0.00227
-0.00216
-0.00205
-0.00194
-0.00183
-0.00172
-0.0016
-0.00149
-0.00137
-0.00126
-0.00115
-0.00104
-0.00092
-0.00081
-0.00069
-0.00059
-0.00047
-0.00036
-0.00025
-0.00015
-4e-05
7e-05
0.00018
0.00028
0.00039
0.00049
0.00059
0.00069
0.0008
0.00089
0.00099
0.00108
0.00118
0.00127
0.00136
0.00145
0.00153
0.00162
0.00171
0.00179
0.00187
0.00194
0.00202
0.00208
0.00215
0.00222
0.00228
0.00233
0.00239
0.00244
0.00249
0.00253
0.00257
0.00261
0.00264
0.00267
0.0027
0.00272
0.00274
0.00274
0.00276
0.00276
0.00276
0.00275
0.00274
0.00273
0.00271
0.00269
0.00267
0.00264
0.00261
0.00258
0.00255
0.0025
0.00247
0.00242
0.00238
0.00234
0.00229
0.00224
0.0022
0.00214
0.00209
0.00204
0.00199
0.00194
0.00189
0.00184
0.00179
0.00173
0.00168
0.00163
0.00158
0.00153
0.00148
0.00143
0.00138
0.00133
0.00128
0.00123
0.00118
0.00113
0.00109
0.00104
0.001
0.00095
0.00091
0.00086
0.00082
0.00078
0.00074
0.0007
0.00067
0.00063
0.0006
0.00057
0.00054
0.00052
0.0005
0.00047
0.00046
0.00044
0.00043
0.00042
0.00041
0.00041
0.00041
0.0004
0.00041
0.00041
0.00042
0.00043
0.00043
0.00045
0.00046
0.00048
0.0005
0.00051
0.00053
0.00054
0.00056
0.00057
0.0006
0.00061
0.00063
0.00064
0.00066
0.00067
0.00068
0.00069
0.00071
0.00072
0.00073
0.00073
0.00074
0.00075
0.00075
0.00075
0.00076
0.00076
0.00076
0.00076
0.00075
0.00075
0.00074
0.00073
0.00072
0.00071
0.0007
0.00069
0.00067
0.00065
0.00064
0.00061
0.00059
0.00056
0.00054
0.00051
0.00048
0.00044
0.00041
0.00037
0.00034
0.0003
0.00026
0.00021
0.00017
0.00013
9e-05
4e-05
0.0
-4e-05
-8e-05
-0.00012
-0.00016
-0.0002
-0.00023
-0.00027
-0.0003
-0.00032
-0.00035
-0.00038
-0.00039
-0.00041
-0.00042
-0.00043
-0.00044
-0.00044
-0.00044
-0.00044
-0.00043
-0.00042
-0.00041
-0.0004
-0.00038
-0.00036
-0.00034
-0.00032
-0.00029
-0.00027
-0.00024
-0.00022
-0.00019
-0.00017
-0.00014
-0.00011
-9e-05
-6e-05
-4e-05
-1e-05
2e-05
4e-05
7e-05
8e-05
0.00011
0.00013
0.00016
0.00018
0.0002
0.00022
0.00025
0.00027
0.00029
0.00032
0.00034
0.00037
0.0004
0.00043
0.00046
0.00048
0.00052
0.00056
0.0006
0.00063
0.00067
0.00071
0.00076
0.00081
0.00086
0.00091
0.00096
0.00101
0.00107
0.00113
0.00118
0.00124
0.0013
0.00136
0.00143
0.00148
0.00155
0.0016
0.00167
0.00173
0.00179
0.00184
0.0019
0.00195
0.00201
0.00206
0.0021
0.00215
0.00219
0.00223
0.00227
0.00229
0.00232
0.00234
0.00237
0.00238
0.0024
0.00241
0.00241
0.00241
0.00241
0.0024
0.00239
0.00237
0.00235
0.00232
0.0023
0.00227
0.00223
0.00219
0.00215
0.00211
0.00206
0.00201
0.00195
0.0019
0.00184
0.00178
0.00172
0.00165
0.00159
0.00152
0.00145
0.00138
0.00131
0.00123
0.00116
0.00108
0.001
0.00092
0.00084
0.00076
0.00069
0.0006
0.00053
0.00044
0.00036
0.00028
0.00021
0.00012
5e-05
-3e-05
-0.0001
-0.00018
-0.00025
-0.00032
-0.00039
-0.00045
-0.00051
-0.00057
-0.00062
-0.00068
-0.00072
-0.00077
-0.0008
-0.00084
-0.00087
-0.00091
-0.00093
-0.00095
-0.00097
-0.00098
-0.00099
-0.001
-0.001
-0.001
-0.001
-0.001
-0.00099
-0.00099
-0.00098
-0.00097
-0.00095
-0.00094
-0.00093
-0.00092
-0.0009
-0.00089
-0.00088
-0.00086
-0.00085
-0.00083
-0.00081
-0.00081
-0.00079
-0.00078
-0.00076
-0.00075
-0.00074
-0.00073
-0.00071
-0.0007
-0.00068
-0.00067
-0.00065
-0.00063
-0.00061
-0.00059
-0.00056
-0.00054
-0.00051
-0.00049
-0.00045
-0.00043
-0.00039
-0.00036
-0.00032
-0.00028
-0.00024
-0.0002
-0.00016
-0.00012
-7e-05
-3e-05
2e-05
6e-05
0.00011
0.00016
0.00021
0.00025
0.00029
0.00033
0.00038
0.00042
0.00046
0.00049
0.00053
0.00057
0.0006
0.00064
0.00067
0.00069
0.00073
0.00075
0.00078
0.0008
0.00083
0.00084
0.00087
0.00088
0.0009
0.00091
0.00093
0.00094
0.00095
0.00096
0.00097
0.00098
0.00098
0.00098
0.00099
0.00098
0.00098
0.00097
0.00097
0.00096
0.00094
0.00092
0.0009
0.00088
0.00085
0.00082
0.00078
0.00074
0.00069
0.00064
0.00059
0.00052
0.00046
0.00038
0.00031
0.00023
0.00014
5e-05
-5e-05
-0.00015
-0.00025
-0.00037
-0.00048
-0.0006
-0.00072
-0.00085
-0.00098
-0.00112
-0.00125
-0.00139
-0.00152
-0.00166
-0.0018
-0.00194
-0.00208
-0.00222
-0.00235
-0.00249
-0.00262
-0.00276
-0.00288
-0.00301
-0.00313
-0.00325
-0.00336
-0.00348
-0.00358
-0.00368
-0.00378
-0.00387
-0.00396
-0.00404
-0.00412
-0.00419
-0.00426
-0.00433
-0.00438
-0.00444
-0.00448
-0.00453
-0.00457
-0.0046
-0.00463
-0.00466
-0.00468
-0.0047
-0.00471
-0.00471
-0.00471
-0.00471
-0.0047
-0.00469
-0.00468
-0.00466
-0.00463
-0.0046
-0.00456
-0.00452
-0.00447
-0.00442
-0.00437
-0.00431
-0.00425
-0.00417
-0.0041
-0.00402
-0.00393
-0.00385
-0.00375
-0.00365
-0.00354
-0.00344
-0.00333
-0.00322
-0.00309
-0.00297
-0.00285
-0.00272
-0.00259
-0.00246
-0.00232
-0.00218
-0.00203
-0.0019
-0.00175
-0.0016
-0.00145
-0.00131
-0.00116
-0.00101
-0.00086
-0.00071
-0.00056
-0.00042
-0.00028
-0.00013
1e-05
0.00015
0.00029
0.00042
0.00056
0.00068
0.00081
0.00092
0.00104
0.00114
0.00125
0.00135
0.00144
0.00153
0.00161
0.00169
0.00176
0.00182
0.00188
0.00193
0.00198
0.00202
0.00206
0.00208
0.0021
0.00211
0.00213
0.00213
0.00213
0.00212
0.00211
0.0021
0.00207
0.00205
0.00202
0.00198
0.00195
0.0019
0.00186
0.0018
0.00175
0.00169
0.00163
0.00157
0.0015
0.00143
0.00135
0.00128
0.0012
0.00112
0.00104
0.00095
0.00086
0.00077
0.00068
0.00059
0.0005
0.0004
0.00031
0.00021
0.00012
2e-05
-7e-05
-0.00016
-0.00025
-0.00034
-0.00042
-0.00051
-0.00059
-0.00068
-0.00075
-0.00082
-0.00089
-0.00096
-0.00102
-0.00109
-0.00114
-0.0012
-0.00125
-0.0013
-0.00134
-0.00138
-0.00142
-0.00146
-0.00149
-0.00153
-0.00155
-0.00158
-0.00161
-0.00163
-0.00165
-0.00167
-0.00169
-0.00171
-0.00173
-0.00174
-0.00176
-0.00177
-0.00178
-0.00179
-0.0018
-0.00181
-0.00181
-0.00182
-0.00182
-0.00182
-0.00182
-0.00182
-0.00182
-0.00181
-0.00181
-0.0018
-0.00179
-0.00178
-0.00176
-0.00176
-0.00174
-0.00172
-0.0017
-0.00169
-0.00166
-0.00165
-0.00162
-0.0016
-0.00157
-0.00155
-0.00152
-0.0015
-0.00147
-0.00144
-0.00141
-0.00138
-0.00135
-0.00132
-0.00128
-0.00125
-0.00122
-0.00119
-0.00115
-0.00111
-0.00107
-0.00104
-0.001
-0.00096
-0.00092
-0.00088
-0.00084
-0.00081
-0.00076
-0.00073
-0.00069
-0.00065
-0.00062
-0.00059
-0.00055
-0.00052
-0.00049
-0.00046
-0.00043
-0.00041
-0.00038
-0.00036
-0.00034
-0.00033
-0.00032
-0.00031
-0.00029
-0.00029
-0.00028
-0.00028
-0.00028
-0.00028
-0.00028
-0.00029
-0.00029
-0.00029
-0.0003
-0.0003
-0.0003
-0.00031
-0.00031
-0.00032
-0.00032
-0.00032
-0.00032
-0.00033
-0.00032
-0.00032
-0.00032
-0.00032
-0.00032
-0.00031
-0.00031
-0.0003
-0.00029
-0.00029
-0.00027
-0.00027
-0.00025
-0.00024
-0.00023
-0.00022
-0.0002
-0.00018
-0.00016
-0.00014
-0.00012
-9e-05
-6e-05
-3e-05
1e-05
4e-05
9e-05
0.00013
0.00019
0.00025
0.00031
0.00037
0.00045
0.00053
0.00061
0.0007
0.0008
0.0009
0.00101
0.00112
0.00124
0.00136
0.0015
0.00163
0.00178
0.00192
0.00207
0.00223
0.00239
0.00256
0.00273
0.0029
0.00308
0.00326
0.00345
0.00364
0.00383
0.00403
0.00423
0.00444
0.00465
0.00487
0.00509
0.0053
0.00554
0.00577
0.006
0.00624
0.00649
0.00674
0.00699
0.00725
0.00751
0.00777
0.00804
0.00831
0.00859
0.00887
0.00915
0.00943
0.00972
0.01
0.01028
0.01057
0.01086
0.01115
0.01143
0.01172
0.012
0.01228
0.01257
0.01284
0.01312
0.01339
0.01366
0.01393
0.01419
0.01445
0.0147
0.01495
0.0152
0.01544
0.01568
0.01591
0.01614
0.01636
0.01659
0.0168
0.01701
0.01722
0.01742
0.01761
0.0178
0.01799
0.01817
0.01834
0.01851
0.01867
0.01883
0.01898
0.01913
0.01927
0.0194
0.01953
0.01966
0.01977
0.01988
0.01998
0.02008
0.02017
0.02025
0.02033
0.0204
0.02046
0.02052
0.02057
0.02062
0.02065
0.02068
0.02071
0.02073
0.02074
0.02075
0.02075
0.02075
0.02073
0.02072
0.0207
0.02067
0.02064
0.02061
0.02057
0.02054
0.02049
0.02044
0.02038
0.02033
0.02027
0.02021
0.02015
0.02009
0.02002
0.01995
0.01988
0.01982
0.01975
0.01968
0.01961
0.01954
0.01946
0.0194
0.01933
0.01926
0.01919
0.01912
0.01905
0.01899
0.01892
0.01886
0.01879
0.01873
0.01867
0.01861
0.01855
0.01849
0.01842
0.01836
0.0183
0.01824
0.01817
0.01811
0.01805
0.01799
0.01792
0.01786
0.01779
0.01772
0.01766
0.01759
0.01753
0.01746
0.01739
0.01732
0.01725
0.01718
0.01711
0.01704
0.01697
0.01691
0.01684
0.01677
0.0167
0.01664
0.01657
0.01651
0.01645
0.01639
0.01633
0.01628
0.01622
0.01617
0.01612
0.01607
0.01603
0.01599
0.01594
0.0159
0.01586
0.01582
0.01578
0.01575
0.01572
0.01569
0.01565
0.01563
0.0156
0.01557
0.01554
0.01551
0.01548
0.01546
0.01543
0.0154
0.01537
0.01534
0.01532
0.01529
0.01526
0.01523
0.0152
0.01517
0.01514
0.01511
0.01508
0.01505
0.01501
0.01498
0.01494
0.01491
0.01487
0.01483
0.01479
0.01476
0.01472
0.01468
0.01463
0.01459
0.01455
0.01451
0.01446
0.01441
0.01436
0.01432
0.01426
0.01421
0.01415
0.0141
0.01404
0.01398
0.01392
0.01386
0.01379
0.01372
0.01365
0.01358
0.0135
0.01343
0.01335
0.01327
0.01319
0.01311
0.01303
0.01294
0.01286
0.01278
0.01269
0.01261
0.01252
0.01243
0.01235
0.01227
0.01218
0.0121
0.01201
0.01193
0.01185
0.01176
0.01168
0.01159
0.01151
0.01143
0.01135
0.01126
0.01117
0.01109
0.011
0.01091
0.01081
0.01072
0.01062
0.01051
0.0104
0.01029
0.01018
0.01006
0.00993
0.00981
0.00967
0.00954
0.00939
0.00924
0.00909
0.00894
0.00877
0.00861
0.00844
0.00827
0.00809
0.00792
0.00774
0.00755
0.00737
0.00719
0.00701
0.00683
0.00665
0.00647
0.00629
0.00612
0.00594
0.00577
0.00559
0.00543
0.00526
0.0051
0.00494
0.00478
0.00462
0.00447
0.00432
0.00417
0.00402
0.00388
0.00373
0.00359
0.00344
0.0033
0.00316
0.00302
0.00288
0.00274
0.00259
0.00245
0.00231
0.00217
0.00203
0.00189
0.00175
0.00161
0.00147
0.00133
0.00119
0.00106
0.00093
0.0008
0.00068
0.00056
0.00044
0.00033
0.00022
0.00012
3e-05
-5e-05
-0.00013
-0.0002
-0.00026
-0.00031
-0.00035
-0.00039
-0.00041
-0.00042
-0.00043
-0.00043
-0.00041
-0.00039
-0.00036
-0.00031
-0.00026
-0.0002
-0.00014
-6e-05
2e-05
0.00011
0.0002
0.0003
0.0004
0.00052
0.00063
0.00075
0.00087
0.00099
0.00111
0.00124
0.00137
0.0015
0.00162
0.00175
0.00188
0.00201
0.00213
0.00226
0.00238
0.0025
0.00262
0.00274
0.00285
0.00297
0.00308
0.0032
0.00331
0.00342
0.00352
0.00363
0.00373
0.00383
0.00393
0.00403
0.00412
0.00422
0.00431
0.00439
0.00448
0.00456
0.00464
0.00472
0.0048
0.00488
0.00494
0.00501
0.00507
0.00513
0.00519
0.00524
0.00529
0.00533
0.00537
0.00541
0.00544
0.00547
0.0055
0.00552
0.00554
0.00555
0.00556
0.00557
0.00557
0.00558
0.00557
0.00557
0.00555
0.00555
0.00553
0.00551
0.00549
0.00547
0.00545
0.00542
0.00539
0.00536
0.00532
0.00528
0.00524
0.0052
0.00515
0.0051
0.00504
0.00499
0.00492
0.00486
0.00479
0.00472
0.00465
0.00457
0.00449
0.00441
0.00433
0.00424
0.00415
0.00407
0.00397
0.00388
0.00378
0.00369
0.0036
0.00351
0.00341
0.00332
0.00323
0.00314
0.00306
0.00297
0.00289
0.00281
0.00273
0.00265
0.00258
0.00251
0.00243
0.00237
0.0023
0.00224
0.00217
0.00211
0.00205
0.00199
0.00193
0.00187
0.0018
0.00175
0.00168
0.00163
0.00156
0.0015
0.00144
0.00138
0.00131
0.00125
0.00119
0.00112
0.00106
0.001
0.00094
0.00088
0.00082
0.00077
0.00071
0.00066
0.0006
0.00056
0.00051
0.00047
0.00042
0.00038
0.00034
0.00031
0.00028
0.00025
0.00022
0.00019
0.00016
0.00014
0.00012
0.0001
7e-05
5e-05
3e-05
1e-05
-1e-05
-3e-05
-5e-05
-7e-05
-9e-05
-0.0001
-0.00012
-0.00013
-0.00015
-0.00017
-0.00018
-0.00019
-0.0002
-0.0002
-0.00021
-0.0002
-0.0002
-0.00019
-0.00018
-0.00016
-0.00014
-0.00011
-9e-05
-5e-05
-1e-05
3e-05
8e-05
0.00013
0.00019
0.00025
0.0003
0.00038
0.00044
0.00051
0.00058
0.00065
0.00073
0.0008
0.00087
0.00095
0.00102
0.00109
0.00116
0.00123
0.0013
0.00137
0.00143
0.0015
0.00155
0.00161
0.00167
0.00172
0.00178
0.00183
0.00188
0.00194
0.00198
0.00203
0.00207
0.00212
0.00216
0.00221
0.00224
0.00229
0.00232
0.00236
0.00239
0.00242
0.00246
0.00249
0.00251
0.00254
0.00256
0.00258
0.00259
0.0026
0.00261
0.00261
0.00261
0.00261
0.0026
0.00259
0.00257
0.00255
0.00253
0.0025
0.00247
0.00244
0.0024
0.00237
0.00233
0.00229
0.00224
0.0022
0.00215
0.00211
0.00206
0.00201
0.00196
0.00191
0.00186
0.00182
0.00177
0.00173
0.00168
0.00164
0.00159
0.00155
0.0015
0.00146
0.00141
0.00137
0.00133
0.00129
0.00124
0.00119
0.00115
0.00111
0.00106
0.00102
0.00096
0.00092
0.00087
0.00082
0.00077
0.00072
0.00067
0.00062
0.00057
0.00052
0.00047
0.00041
0.00037
0.00032
0.00027
0.00023
0.00017
0.00013
9e-05
5e-05
0.0
-3e-05
-8e-05
-0.00011
-0.00015
-0.00019
-0.00022
-0.00026
-0.00029
-0.00032
-0.00036
-0.00039
-0.00043
-0.00046
-0.0005
-0.00053
-0.00057
-0.00061
-0.00065
-0.00068
-0.00072
-0.00076
-0.0008
-0.00084
-0.00087
-0.00091
-0.00095
-0.00098
-0.00102
-0.00106
-0.00109
-0.00112
-0.00116
-0.00118
-0.00121
-0.00124
-0.00126
-0.00128
-0.0013
-0.00132
-0.00134
-0.00135
-0.00136
-0.00137
-0.00138
-0.00139
-0.0014
-0.0014
-0.0014
-0.0014
-0.00141
-0.00141
-0.00141
-0.00141
-0.00141
-0.00142
-0.00142
-0.00142
-0.00142
-0.00142
-0.00142
-0.00142
-0.00143
-0.00142
-0.00143
-0.00142
-0.00143
-0.00142
-0.00142
-0.00141
-0.00141
-0.0014
-0.00139
-0.00137
-0.00136
-0.00133
-0.00132
-0.00129
-0.00126
-0.00123
-0.0012
-0.00116
-0.00112
-0.00107
-0.00102
-0.00097
-0.00092
-0.00087
-0.00081
-0.00075
-0.00068
-0.00062
-0.00056
-0.00049
-0.00043
-0.00036
-0.00029
-0.00022
-0.00016
-9e-05
-2e-05
4e-05
0.0001
0.00017
0.00023
0.00029
0.00035
0.00041
0.00046
0.00052
0.00057
0.00063
0.00068
0.00073
0.00077
0.00082
0.00087
0.00091
0.00096
0.001
0.00104
0.00109
0.00113
0.00117
0.00121
0.00125
0.00128
0.00133
0.00136
0.0014
0.00143
0.00147
0.0015
0.00153
0.00157
0.00159
0.00162
0.00165
0.00168
0.0017
0.00172
0.00174
0.00175
0.00177
0.00178
0.00179
0.00179
0.0018
0.0018
0.0018
0.00179
0.00179
0.00178
0.00176
0.00175
0.00173
0.00171
0.00169
0.00166
0.00163
0.0016
0.00157
0.00153
0.00149
0.00145
0.00141
0.00137
0.00132
0.00128
0.00123
0.00118
0.00114
0.00108
0.00104
0.00098
0.00094
0.00088
0.00083
0.00078
0.00073
0.00068
0.00063
0.00057
0.00052
0.00048
0.00043
0.00038
0.00034
0.00029
0.00025
0.0002
0.00016
0.00012
8e-05
4e-05
1e-05
-3e-05
-6e-05
-0.0001
-0.00013
-0.00016
-0.00018
-0.00021
-0.00023
-0.00026
-0.00027
-0.00029
-0.00031
-0.00032
-0.00033
-0.00035
-0.00035
-0.00036
-0.00036
-0.00036
-0.00036
-0.00036
-0.00035
-0.00034
-0.00032
-0.00031
-0.00029
-0.00027
-0.00024
-0.00022
-0.00018
-0.00015
-0.00011
-7e-05
-3e-05
2e-05
6e-05
0.00012
0.00017
0.00023
0.0003
0.00035
0.00042
0.00049
0.00056
0.00063
0.0007
0.00077
0.00085
0.00093
0.001
0.00108
0.00115
0.00123
0.00131
0.00139
0.00146
0.00153
0.00161
0.00168
0.00175
0.00181
0.00188
0.00194
0.002
0.00206
0.00211
0.00216
0.0022
0.00225
0.00229
0.00233
0.00237
0.00239
0.00242
0.00245
0.00247
0.00249
0.0025
0.00251
0.00253
0.00253
0.00254
0.00254
0.00253
0.00253
0.00253
0.00252
0.00251
0.0025
0.00249
0.00247
0.00246
0.00244
0.00243
0.00241
0.00239
0.00237
0.00235
0.00233
0.00231
0.00229
0.00227
0.00224
0.00222
0.00219
0.00217
0.00214
0.00211
0.00208
0.00205
0.00202
0.00198
0.00195
0.00191
0.00187
0.00182
0.00178
0.00173
0.00168
0.00163
0.00157
0.00152
0.00146
0.0014
0.00133
0.00127
0.0012
0.00113
0.00106
0.00098
0.00091
0.00082
0.00075
0.00067
0.00058
0.0005
0.00041
0.00033
0.00024
0.00016
6e-05
-3e-05
-0.00012
-0.00021
-0.00031
-0.0004
-0.0005
-0.00059
-0.00069
-0.00079
-0.00089
-0.00098
-0.00109
-0.00118
-0.00128
-0.00138
-0.00148
-0.00158
-0.00168
-0.00177
-0.00187
-0.00197
-0.00206
-0.00215
-0.00224
-0.00232
-0.0024
-0.00248
-0.00256
-0.00262
-0.00269
-0.00275
-0.00281
-0.00285
-0.0029
-0.00293
-0.00297
-0.003
-0.00302
-0.00304
-0.00304
-0.00305
-0.00305
-0.00304
-0.00303
-0.00301
-0.00299
-0.00297
-0.00294
-0.00291
-0.00288
-0.00284
-0.0028
-0.00276
-0.00272
-0.00268
-0.00263
-0.00258
-0.00253
-0.00248
-0.00244
-0.00238
-0.00234
-0.00228
-0.00223
-0.00217
-0.00213
-0.00207
-0.00201
-0.00196
-0.0019
-0.00185
-0.00178
-0.00172
-0.00166
-0.0016
-0.00154
-0.00147
-0.00141
-0.00134
-0.00127
-0.0012
-0.00114
-0.00107
-0.001
-0.00093
-0.00087
-0.0008
-0.00073
-0.00067
-0.00061
-0.00054
-0.00049
-0.00043
-0.00037
-0.00032
-0.00027
-0.00022
-0.00018
-0.00013
-9e-05
-6e-05
-2e-05
1e-05
3e-05
6e-05
9e-05
0.00011
0.00012
0.00015
0.00016
0.00018
0.00019
0.0002
0.00021
0.00022
0.00023
0.00024
0.00025
0.00025
0.00026
0.00027
0.00028
0.0003
0.0003
0.00031
0.00032
0.00034
0.00035
0.00036
0.00037
0.00039
0.00041
0.00042
0.00044
0.00045
0.00047
0.00049
0.00051
0.00054
0.00055
0.00058
0.0006
0.00062
0.00064
0.00067
0.00069
0.00072
0.00074
0.00077
0.00079
0.00082
0.00084
0.00087
0.0009
0.00093
0.00095
0.00098
0.00101
0.00104
0.00107
0.0011
0.00113
0.00116
0.00119
0.00122
0.00125
0.00129
0.00132
0.00136
0.00139
0.00143
0.00146
0.0015
0.00154
0.00158
0.00161
0.00165
0.00169
0.00173
0.00177
0.0018
0.00184
0.00188
0.00192
0.00196
0.00199
0.00203
0.00206
0.0021
0.00213
0.00217
0.00219
0.00223
0.00225
0.00229
0.00231
0.00234
0.00237
0.00239
0.00242
0.00244
0.00247
0.00249
0.00251
0.00253
0.00255
0.00258
0.00259
0.00261
0.00263
0.00265
0.00267
0.00268
0.0027
0.00272
0.00273
0.00275
0.00276
0.00277
0.00278
0.0028
0.0028
0.00281
0.00282
0.00283
0.00283
0.00284
0.00284
0.00284
0.00284
0.00284
0.00284
0.00284
0.00284
0.00284
0.00283
0.00283
0.00282
0.00282
0.00281
0.00281
0.0028
0.0028
0.00279
0.00279
0.00278
0.00277
0.00277
0.00277
0.00276
0.00275
0.00274
0.00274
0.00273
0.00272
0.00271
0.0027
0.00269
0.00268
0.00266
0.00265
0.00263
0.00262
0.0026
0.00259
0.00257
0.00255
0.00253
0.00251
0.00249
0.00247
0.00244
0.00242
0.0024
0.00238
0.00235
0.00233
0.0023
0.00228
0.00226
0.00223
0.00221
0.00219
0.00216
0.00214
0.00211
0.00209
0.00205
0.00203
0.002
0.00197
0.00193
0.0019
0.00187
0.00183
0.00179
0.00175
0.00171
0.00167
0.00162
0.00158
0.00152
0.00148
0.00142
0.00137
0.00131
0.00126
0.0012
0.00115
0.00109
0.00103
0.00097
0.00092
0.00086
0.00081
0.00075
0.0007
0.00065
0.0006
0.00054
0.0005
0.00044
0.0004
0.00035
0.00031
0.00026
0.00022
0.00018
0.00013
9e-05
5e-05
0.0
-3e-05
-8e-05
-0.00012
-0.00017
-0.00021
-0.00026
-0.00031
-0.00036
-0.00041
-0.00046
-0.00051
-0.00057
-0.00062
-0.00067
-0.00072
-0.00079
-0.00084
-0.0009
-0.00095
-0.00102
-0.00107
-0.00113
-0.00119
-0.00125
-0.00131
-0.00137
-0.00143
-0.00148
-0.00154
-0.0016
-0.00166
-0.00172
-0.00178
-0.00184
-0.0019
-0.00196
-0.00202
-0.00209
-0.00215
-0.00222
-0.00229
-0.00235
-0.00243
-0.0025
-0.00257
-0.00264
-0.00271
-0.0028
-0.00287
-0.00295
-0.00303
-0.00311
-0.00319
-0.00328
-0.00336
-0.00344
-0.00352
-0.00361
-0.00369
-0.00377
-0.00385
-0.00393
-0.004
-0.00408
-0.00415
-0.00422
-0.00428
-0.00435
-0.00441
-0.00447
-0.00452
-0.00458
-0.00463
-0.00467
-0.00471
-0.00475
-0.00478
-0.0048
-0.00482
-0.00485
-0.00485
-0.00486
-0.00486
-0.00486
-0.00485
-0.00484
-0.00481
-0.00478
-0.00475
-0.00472
-0.00467
-0.00462
-0.00457
-0.00451
-0.00444
-0.00437
-0.00429
-0.00421
-0.00412
-0.00403
-0.00393
-0.00384
-0.00373
-0.00362
-0.00351
-0.0034
-0.00328
-0.00316
-0.00303
-0.00291
-0.00278
-0.00266
-0.00252
-0.0024
-0.00226
-0.00213
-0.002
-0.00188
-0.00174
-0.00162
-0.00149
-0.00137
-0.00125
-0.00113
-0.00101
-0.00089
-0.00078
-0.00068
-0.00057
-0.00047
-0.00037
-0.00028
-0.00019
-0.00011
-2e-05
5e-05
0.00012
0.00018
0.00024
0.00029
0.00034
0.00038
0.00042
0.00045
0.00048
0.0005
0.00052
0.00052
0.00053
0.00053
0.00053
0.00052
0.0005
0.00048
0.00046
0.00043
0.00041
0.00037
0.00034
0.0003
0.00026
0.00022
0.00018
0.00013
9e-05
4e-05
-0.0
-5e-05
-0.0001
-0.00014
-0.00019
-0.00023
-0.00027
-0.00031
-0.00035
-0.00039
-0.00042
-0.00045
-0.00048
-0.00051
-0.00053
-0.00056
-0.00057
-0.00059
-0.00061
-0.00062
-0.00063
-0.00064
-0.00065
-0.00065
-0.00065
-0.00066
-0.00065
-0.00066
-0.00065
-0.00065
-0.00064
-0.00063
-0.00062
-0.00061
-0.0006
-0.00059
-0.00058
-0.00057
-0.00055
-0.00054
-0.00052
-0.00051
-0.00049
-0.00048
-0.00045
-0.00044
-0.00042
-0.00041
-0.00039
-0.00037
-0.00035
-0.00034
-0.00032
-0.0003
-0.00028
-0.00026
-0.00024
-0.00023
-0.00021
-0.00019
-0.00017
-0.00016
-0.00014
-0.00012
-0.0001
-9e-05
-7e-05
-5e-05
-3e-05
-1e-05
1e-05
3e-05
6e-05
7e-05
0.0001
0.00012
0.00015
0.00018
0.00021
0.00023
0.00027
0.0003
0.00034
0.00037
0.00041
0.00045
0.00049
0.00053
0.00058
0.00062
0.00067
0.00072
0.00078
0.00082
0.00088
0.00093
0.00099
0.00104
0.0011
0.00115
0.00121
0.00127
0.00133
0.00139
0.00145
0.0015
0.00157
0.00162
0.00169
0.00174
0.0018
0.00186
0.00193
0.00198
0.00204
0.0021
0.00216
0.00222
0.00228
0.00233
0.00239
0.00244
0.0025
0.00255
0.00261
0.00266
0.00271
0.00275
0.00281
0.00285
0.00289
0.00293
0.00297
0.00301
0.00305
0.00308
0.00312
0.00314
0.00317
0.00319
0.00322
0.00324
0.00327
0.00328
0.00331
0.00332
0.00334
0.00336
0.00337
0.00339
0.00341
0.00342
0.00344
0.00345
0.00347
0.00348
0.00351
0.00352
0.00354
0.00355
0.00358
0.00359
0.00361
0.00362
0.00364
0.00365
0.00367
0.00368
0.00369
0.0037
0.00371
0.00371
0.00371
0.0037
0.0037
0.00368
0.00367
0.00365
0.00363
0.00361
0.00358
0.00354
0.00351
0.00347
0.00343
0.00338
0.00333
0.00328
0.00323
0.00317
0.00311
0.00305
0.003
0.00293
0.00287
0.00281
0.00275
0.00269
0.00263
0.00257
0.00251
0.00245
0.00239
0.00233
0.00228
0.00222
0.00217
0.00211
0.00207
0.00202
0.00197
0.00192
0.00187
0.00182
0.00177
0.00173
0.00169
0.00164
0.0016
0.00155
0.00151
0.00146
0.00143
0.00138
0.00135
0.00131
0.00127
0.00123
0.0012
0.00117
0.00113
0.00111
0.00108
0.00105
0.00103
0.001
0.00098
0.00096
0.00094
0.00092
0.00091
0.00089
0.00088
0.00086
0.00085
0.00083
0.00082
0.00081
0.00079
0.00077
0.00076
0.00074
0.00073
0.0007
0.00069
0.00066
0.00064
0.00061
0.00058
0.00055
0.00052
0.00049
0.00046
0.00042
0.00039
0.00035
0.00031
0.00027
0.00024
0.00019
0.00016
0.00012
8e-05
4e-05
0.0
-3e-05
-7e-05
-0.0001
-0.00014
-0.00017
-0.0002
-0.00024
-0.00027
-0.0003
-0.00033
-0.00037
-0.0004
-0.00043
-0.00046
-0.0005
-0.00053
-0.00057
-0.0006
-0.00064
-0.00068
-0.00072
-0.00075
-0.0008
-0.00084
-0.00089
-0.00094
-0.00099
-0.00104
-0.00109
-0.00114
-0.0012
-0.00126
-0.00132
-0.00138
-0.00144
-0.0015
-0.00156
-0.00162
-0.00169
-0.00175
-0.00182
-0.00188
-0.00195
-0.00202
-0.00209
-0.00215
-0.00222
-0.00229
-0.00236
-0.00244
-0.00251
-0.00257
-0.00265
-0.00272
-0.0028
-0.00287
-0.00294
-0.00301
-0.00309
-0.00316
-0.00324
-0.00331
-0.00339
-0.00346
-0.00354
-0.00361
-0.00368
-0.00375
-0.00381
-0.00388
-0.00395
-0.00401
-0.00407
-0.00412
-0.00418
-0.00423
-0.00428
-0.00432
-0.00436
-0.0044
-0.00443
-0.00446
-0.00449
-0.00451
-0.00452
-0.00453
-0.00454
-0.00454
-0.00455
-0.00454
-0.00454
-0.00452
-0.00451
-0.00448
-0.00447
-0.00444
-0.00441
-0.00438
-0.00434
-0.00431
-0.00427
-0.00422
-0.00418
-0.00413
-0.00408
-0.00403
-0.00398
-0.00392
-0.00386
-0.0038
-0.00374
-0.00368
-0.00362
-0.00356
-0.00349
-0.00342
-0.00335
-0.00328
-0.00321
-0.00314
-0.00307
-0.00299
-0.00292
-0.00284
-0.00277
-0.00269
-0.00262
-0.00254
-0.00246
-0.00238
-0.0023
-0.00222
-0.00214
-0.00206
-0.00199
-0.00191
-0.00183
-0.00174
-0.00167
-0.00159
-0.00151
-0.00143
-0.00135
-0.00128
-0.0012
-0.00113
-0.00105
-0.00098
-0.0009
-0.00083
-0.00076
-0.00069
-0.00063
-0.00056
-0.0005
-0.00043
-0.00038
-0.00031
-0.00026
-0.0002
-0.00015
-0.0001
-6e-05
-1e-05
3e-05
7e-05
0.00011
0.00015
0.00018
0.00021
0.00024
0.00026
0.00028
0.00031
0.00033
0.00035
0.00036
0.00038
0.00039
0.00041
0.00042
0.00043
0.00044
0.00045
0.00046
0.00047
0.00047
0.00049
0.00049
0.00051
0.00052
0.00053
0.00054
0.00055
0.00057
0.00059
0.0006
0.00062
0.00064
0.00066
0.00068
0.00071
0.00073
0.00076
0.00078
0.00082
0.00085
0.00088
0.00092
0.00095
0.00099
0.00104
0.00108
0.00113
0.00117
0.00122
0.00127
0.00132
0.00137
0.00143
0.00149
0.00156
0.00162
0.00169
0.00175
0.00182
0.0019
0.00197
0.00205
0.00213
0.00221
0.0023
0.00238
0.00247
0.00255
0.00264
0.00272
0.00281
0.0029
0.00299
0.00307
0.00316
0.00324
0.00333
0.00341
0.00349
0.00356
0.00364
0.00371
0.00378
0.00384
0.0039
0.00395
0.00401
0.00406
0.0041
0.00414
0.00417
0.0042
0.00423
0.00425
0.00426
0.00427
0.00428
0.00427
0.00427
0.00426
0.00425
0.00423
0.00421
0.00418
0.00415
0.00411
0.00407
0.00403
0.00399
0.00394
0.00388
0.00382
0.00376
0.0037
0.00363
0.00356
0.00349
0.00341
0.00333
0.00325
0.00316
0.00308
0.00299
0.0029
0.00281
0.00271
0.00262
0.00252
0.00242
0.00232
0.00222
0.00212
0.00202
0.00191
0.00181
0.00171
0.0016
0.0015
0.00139
0.00129
0.00119
0.00109
0.00099
0.00088
0.00079
0.00069
0.0006
0.0005
0.00041
0.00032
0.00024
0.00015
7e-05
-1e-05
-9e-05
-0.00016
-0.00023
-0.0003
-0.00036
-0.00042
-0.00048
-0.00053
-0.00058
-0.00063
-0.00067
-0.00072
-0.00075
-0.00079
-0.00082
-0.00085
-0.00089
-0.00091
-0.00093
-0.00095
-0.00097
-0.001
-0.00101
-0.00103
-0.00104
-0.00106
-0.00108
-0.0011
-0.00111
-0.00112
-0.00114
-0.00116
-0.00117
-0.00119
-0.0012
-0.00122
-0.00124
-0.00127
-0.00129
-0.00131
-0.00134
-0.00137
-0.00139
-0.00143
-0.00145
-0.00149
-0.00152
-0.00156
-0.0016
-0.00163
-0.00167
-0.00171
-0.00175
-0.0018
-0.00184
-0.00189
-0.00194
-0.00199
-0.00203
-0.00209
-0.00213
-0.00218
-0.00223
-0.00229
-0.00234
-0.00239
-0.00244
-0.00249
-0.00254
-0.00259
-0.00264
-0.00269
-0.00273
-0.00279
-0.00283
-0.00288
-0.00291
-0.00296
-0.003
-0.00304
-0.00308
-0.00311
-0.00314
-0.00318
-0.0032
-0.00324
-0.00326
-0.00329
-0.00331
-0.00333
-0.00335
-0.00337
-0.00338
-0.00339
-0.0034
-0.00341
-0.00342
-0.00342
-0.00342
-0.00342
-0.00341
-0.00341
-0.00339
-0.00338
-0.00337
-0.00335
-0.00332
-0.0033
-0.00327
-0.00324
-0.0032
-0.00317
-0.00312
-0.00308
-0.00303
-0.00297
-0.00291
-0.00286
-0.00279
-0.00273
-0.00266
-0.00259
-0.00252
-0.00245
-0.00237
-0.00229
-0.00221
-0.00213
-0.00205
-0.00197
-0.00189
-0.00181
-0.00172
-0.00165
-0.00157
-0.00149
-0.00141
-0.00134
-0.00126
-0.0012
-0.00112
-0.00106
-0.00099
-0.00093
-0.00087
-0.00081
-0.00075
-0.00069
-0.00064
-0.00059
-0.00053
-0.00049
-0.00043
-0.00039
-0.00033
-0.00029
-0.00023
-0.00019
-0.00014
-9e-05
-4e-05
1e-05
7e-05
0.00012
0.00018
0.00023
0.00029
0.00035
0.00042
0.00048
0.00055
0.00061
0.00068
0.00075
0.00082
0.00089
0.00096
0.00104
0.00111
0.00119
0.00127
0.00133
0.00141
0.00148
0.00156
0.00162
0.0017
0.00176
0.00183
0.00189
0.00195
0.00201
0.00206
0.00211
0.00216
0.0022
0.00225
0.00228
0.00232
0.00235
0.00238
0.0024
0.00242
0.00243
0.00245
0.00246
0.00246
0.00246
0.00246
0.00245
0.00245
0.00244
0.00242
0.0024
0.00239
0.00237
0.00235
0.00232
0.00229
0.00226
0.00223
0.00219
0.00216
0.00212
0.00208
0.00204
0.002
0.00195
0.00191
0.00186
0.00181
0.00176
0.00171
0.00166
0.00161
0.00154
0.00149
0.00143
0.00137
0.00131
0.00125
0.00119
0.00112
0.00106
0.001
0.00092
0.00086
0.00079
0.00072
0.00065
0.00058
0.00051
0.00044
0.00037
0.0003
0.00023
0.00015
8e-05
1e-05
-6e-05
-0.00013
-0.00021
-0.00028
-0.00036
-0.00042
-0.0005
-0.00058
-0.00066
-0.00073
-0.00081
-0.00088
-0.00096
-0.00104
-0.00112
-0.0012
-0.00128
-0.00136
-0.00144
-0.00152
-0.00161
-0.00169
-0.00177
-0.00185
-0.00194
-0.00201
-0.0021
-0.00218
-0.00226
-0.00234
-0.00241
-0.00249
-0.00256
-0.00263
-0.00271
-0.00277
-0.00284
-0.0029
-0.00297
-0.00303
-0.00309
-0.00315
-0.0032
-0.00326
-0.00331
-0.00336
-0.00341
-0.00345
-0.0035
-0.00354
-0.00359
-0.00363
-0.00367
-0.0037
-0.00375
-0.00378
-0.00382
-0.00385
-0.00389
-0.00392
-0.00395
-0.00399
-0.00402
-0.00404
-0.00407
-0.0041
-0.00413
-0.00415
-0.00418
-0.00419
-0.00422
-0.00423
-0.00425
-0.00426
-0.00428
-0.00429
-0.00429
-0.0043
-0.0043
-0.0043
-0.0043
-0.00429
-0.00429
-0.00427
-0.00426
-0.00424
-0.00423
-0.0042
-0.00418
-0.00415
-0.00413
-0.00409
-0.00406
-0.00403
-0.00399
-0.00394
-0.0039
-0.00385
-0.00381
-0.00376
-0.00371
-0.00365
-0.0036
-0.00354
-0.00349
-0.00342
-0.00336
-0.00329
-0.00322
-0.00315
-0.00308
-0.00301
-0.00293
-0.00285
-0.00277
-0.00269
-0.00261
-0.00251
-0.00243
-0.00234
-0.00225
-0.00215
-0.00206
-0.00196
-0.00186
-0.00176
-0.00166
-0.00155
-0.00145
-0.00134
-0.00124
-0.00112
-0.00102
-0.0009
-0.0008
-0.00068
-0.00058
-0.00046
-0.00035
-0.00024
-0.00013
-3e-05
8e-05
0.00019
0.0003
0.00041
0.0005
0.00061
0.00071
0.00081
0.0009
0.001
0.00108
0.00118
0.00126
0.00134
0.00142
0.0015
0.00158
0.00165
0.00172
0.00179
0.00184
0.00191
0.00196
0.00202
0.00206
0.00211
0.00215
0.0022
0.00223
0.00226
0.00229
0.00232
0.00234
0.00236
0.00238
0.0024
0.0024
0.00241
0.00241
0.00241
0.00241
0.0024
0.00239
0.00238
0.00236
0.00234
0.00232
0.00229
0.00226
0.00223
0.00219
0.00216
0.00212
0.00208
0.00203
0.00199
0.00194
0.0019
0.00184
0.0018
0.00175
0.0017
0.00165
0.0016
0.00155
0.00151
0.00146
0.00142
0.00137
0.00134
0.0013
0.00127
0.00123
0.0012
0.00117
0.00115
0.00113
0.00111
0.0011
0.00109
0.00108
0.00108
0.00107
0.00108
0.00107
0.00108
0.00109
0.0011
0.00111
0.00113
0.00114
0.00116
0.00118
0.00119
0.00121
0.00123
0.00126
0.00128
0.0013
0.00133
0.00135
0.00137
0.00139
0.00142
0.00144
0.00147
0.00149
0.00151
0.00153
0.00156
0.00158
0.00159
0.00162
0.00164
0.00165
0.00167
0.00168
0.0017
0.00171
0.00173
0.00173
0.00174
0.00175
0.00175
0.00175
0.00175
0.00175
0.00174
0.00173
0.00172
0.00171
0.0017
0.00167
0.00165
0.00163
0.0016
0.00157
0.00154
0.00151
0.00148
0.00144
0.0014
0.00136
0.00132
0.00128
0.00124
0.0012
0.00116
0.00112
0.00108
0.00104
0.00101
0.00097
0.00094
0.0009
0.00087
0.00083
0.0008
0.00077
0.00074
0.00072
0.0007
0.00067
0.00065
0.00063
0.00061
0.00059
0.00057
0.00055
0.00054
0.00052
0.00051
0.00049
0.00048
0.00046
0.00045
0.00044
0.00043
0.00043
0.00043
0.00042
0.00042
0.00041
0.00042
0.00041
0.00042
0.00042
0.00044
0.00044
0.00046
0.00047
0.00048
0.0005
0.00052
0.00054
0.00056
0.00057
0.0006
0.00062
0.00064
0.00066
0.00068
0.0007
0.00072
0.00073
0.00075
0.00076
0.00077
0.00077
0.00078
0.00078
0.00078
0.00078
0.00078
0.00077
0.00076
0.00074
0.00073
0.00071
0.0007
0.00067
0.00065
0.00063
0.0006
0.00058
0.00056
0.00054
0.00052
0.00049
0.00047
0.00045
0.00043
0.00041
0.0004
0.00038
0.00038
0.00036
0.00035
0.00034
0.00034
0.00034
0.00034
0.00033
0.00034
0.00034
0.00034
0.00034
0.00035
0.00036
0.00037
0.00037
0.00039
0.00039
0.00041
0.00042
0.00043
0.00044
0.00046
0.00047
0.00049
0.0005
0.00052
0.00054
0.00056
0.00058
0.0006
0.00062
0.00065
0.00067
0.0007
0.00072
0.00075
0.00078
0.00082
0.00085
0.00088
0.00091
0.00096
0.00099
0.00103
0.00107
0.00111
0.00114
0.00119
0.00123
0.00127
0.00131
0.00135
0.0014
0.00144
0.00148
0.00152
0.00156
0.0016
0.00164
0.00168
0.00171
0.00175
0.00178
0.00181
0.00184
0.00187
0.0019
0.00192
0.00195
0.00197
0.00199
0.00201
0.00202
0.00204
0.00205
0.00206
0.00207
0.00208
0.00208
0.00209
0.00209
0.00208
0.00208
0.00207
0.00207
0.00206
0.00205
0.00204
0.00202
0.002
0.00198
0.00196
0.00193
0.00191
0.00187
0.00184
0.0018
0.00176
0.00172
0.00167
0.00162
0.00156
0.0015
0.00144
0.00137
0.0013
0.00122
0.00114
0.00105
0.00096
0.00086
0.00076
0.00065
0.00054
0.00042
0.0003
0.00018
5e-05
-8e-05
-0.00022
-0.00036
-0.0005
-0.00065
-0.00079
-0.00094
-0.00109
-0.00124
-0.00139
-0.00154
-0.00169
-0.00184
-0.00199
-0.00213
-0.00227
-0.00241
-0.00254
-0.00268
-0.0028
-0.00293
-0.00305
-0.00316
-0.00327
-0.00337
-0.00346
-0.00356
-0.00364
-0.00372
-0.00379
-0.00385
-0.00391
-0.00396
-0.00401
-0.00405
-0.00408
-0.00411
-0.00412
-0.00414
-0.00415
-0.00415
-0.00414
-0.00413
-0.00412
-0.0041
-0.00407
-0.00403
-0.00399
-0.00395
-0.00389
-0.00384
-0.00378
-0.00371
-0.00363
-0.00356
-0.00347
-0.00338
-0.00328
-0.00319
-0.00308
-0.00297
-0.00285
-0.00273
-0.0026
-0.00247
-0.00232
-0.00219
-0.00204
-0.00189
-0.00173
-0.00158
-0.00142
-0.00126
-0.00109
-0.00092
-0.00075
-0.00058
-0.00041
-0.00024
-7e-05
0.0001
0.00028
0.00044
0.00061
0.00078
0.00094
0.0011
0.00126
0.00141
0.00157
0.00171
0.00186
0.002
0.00213
0.00227
0.0024
0.00252
0.00264
0.00275
0.00287
0.00297
0.00308
0.00317
0.00327
0.00335
0.00344
0.00351
0.00359
0.00365
0.00372
0.00378
0.00383
0.00388
0.00393
0.00396
0.004
0.00403
0.00406
0.00407
0.00409
0.0041
0.00411
0.00411
0.0041
0.00409
0.00407
0.00406
0.00403
0.00401
0.00398
0.00394
0.0039
0.00385
0.00381
0.00375
0.0037
0.00363
0.00358
0.00351
0.00344
0.00337
0.00329
0.00321
0.00314
0.00305
0.00297
0.00288
0.00279
0.0027
0.00261
0.00251
0.00241
0.00231
0.00222
0.00211
0.00201
0.0019
0.0018
0.00169
0.00159
0.00149
0.00138
0.00127
0.00117
0.00107
0.00097
0.00087
0.00078
0.00068
0.00059
0.0005
0.00042
0.00034
0.00025
0.00018
0.00012
5e-05
-1e-05
-7e-05
-0.00011
-0.00016
-0.0002
-0.00024
-0.00027
-0.0003
-0.00032
-0.00033
-0.00035
-0.00036
-0.00036
-0.00036
-0.00035
-0.00034
-0.00032
-0.00031
-0.00029
-0.00027
-0.00023
-0.00021
-0.00017
-0.00014
-9e-05
-5e-05
0.0
5e-05
0.0001
0.00016
0.00021
0.00027
0.00034
0.00039
0.00046
0.00053
0.0006
0.00067
0.00074
0.00081
0.00088
0.00095
0.00103
0.0011
0.00117
0.00124
0.00131
0.00139
0.00146
0.00152
0.0016
0.00166
0.00173
0.00179
0.00186
0.00192
0.00199
0.00204
0.0021
0.00216
0.00222
0.00227
0.00233
0.00239
0.00244
0.00249
0.00255
0.0026
0.00265
0.0027
0.00276
0.0028
0.00286
0.00291
0.00296
0.00301
0.00306
0.00311
0.00316
0.0032
0.00325
0.0033
0.00335
0.00339
0.00344
0.00348
0.00352
0.00356
0.00361
0.00365
0.00369
0.00373
0.00376
0.0038
0.00384
0.00388
0.00391
0.00394
0.00398
0.00401
0.00405
0.00408
0.00412
0.00414
0.00418
0.00421
0.00424
0.00427
0.0043
0.00433
0.00436
0.00439
0.00442
0.00444
0.00447
0.00449
0.00452
0.00453
0.00455
0.00456
0.00458
0.00458
0.00458
0.00459
0.00458
0.00458
0.00457
0.00456
0.00455
0.00453
0.00451
0.00448
0.00445
0.00442
0.00438
0.00434
0.0043
0.00426
0.00421
0.00416
0.00411
0.00406
0.004
0.00395
0.00389
0.00382
0.00377
0.0037
0.00365
0.00358
0.00352
0.00345
0.00338
0.00331
0.00325
0.00318
0.00311
0.00304
0.00297
0.0029
0.00283
0.00275
0.00268
0.00261
0.00254
0.00246
0.00239
0.00232
0.00225
0.00217
0.0021
0.00202
0.00195
0.00188
0.00181
0.00175
0.00168
0.00161
0.00155
0.00149
0.00143
0.00137
0.00132
0.00126
0.00122
0.00117
0.00113
0.00109
0.00105
0.00102
0.00099
0.00097
0.00095
0.00092
0.00091
0.00089
0.00089
0.00087
0.00087
0.00087
0.00088
0.00088
0.00089
0.00089
0.00091
0.00092
0.00094
0.00096
0.00099
0.001
0.00104
0.00106
0.00109
0.00112
0.00116
0.00119
0.00123
0.00127
0.00131
0.00135
0.0014
0.00144
0.00149
0.00154
0.00159
0.00163
0.00169
0.00174
0.0018
0.00184
0.0019
0.00195
0.00201
0.00206
0.00211
0.00216
0.00222
0.00227
0.00232
0.00237
0.00243
0.00247
0.00252
0.00257
0.00262
