1.19620579272664E+03

-0.00221
-0.00217
-0.00213
-0.00209
-0.00204
-0.002
-0.00195
-0.0019
-0.00185
-0.00179
-0.00173
-0.00167
-0.0016
-0.00154
-0.00147
-0.00141
-0.00133
-0.00126
-0.00119
-0.00112
-0.00103
-0.00096
-0.00089
-0.00081
-0.00074
-0.00066
-0.00059
-0.00052
-0.00045
-0.00038
-0.00032
-0.00026
-0.00019
-0.00014
-8e-05
-4e-05
2e-05
6e-05
0.0001
0.00014
0.00018
0.00021
0.00025
0.00028
0.00031
0.00034
0.00037
0.00039
0.00042
0.00044
0.00047
0.00049
0.00052
0.00055
0.00058
0.00061
0.00064
0.00067
0.00071
0.00074
0.00078
0.00081
0.00085
0.00089
0.00093
0.00097
0.00101
0.00105
0.00109
0.00113
0.00116
0.0012
0.00123
0.00126
0.0013
0.00132
0.00135
0.00137
0.0014
0.00141
0.00144
0.00145
0.00146
0.00147
0.00149
0.00149
0.0015
0.0015
0.0015
0.00151
0.00151
0.00151
0.00152
0.00151
0.00152
0.00152
0.00152
0.00152
0.00152
0.00152
0.00152
0.00152
0.00152
0.00152
0.00151
0.00151
0.00151
0.0015
0.00149
0.00148
0.00147
0.00146
0.00144
0.00142
0.00141
0.00138
0.00136
0.00134
0.00131
0.00128
0.00125
0.00122
0.00119
0.00116
0.00113
0.00109
0.00107
0.00104
0.00102
0.00099
0.00097
0.00095
0.00094
0.00092
0.00092
0.00091
0.00091
0.00091
0.00092
0.00094
0.00096
0.00097
0.001
0.00102
0.00106
0.00109
0.00113
0.00116
0.00121
0.00125
0.00129
0.00134
0.00138
0.00143
0.00148
0.00153
0.00158
0.00163
0.00168
0.00173
0.00178
0.00183
0.00188
0.00193
0.00199
0.00204
0.00209
0.00214
0.00219
0.00225
0.00231
0.00236
0.00242
0.00247
0.00254
0.00259
0.00265
0.00271
0.00277
0.00282
0.00289
0.00294
0.003
0.00306
0.00311
0.00316
0.00321
0.00326
0.00331
0.00334
0.00339
0.00342
0.00346
0.00348
0.00351
0.00352
0.00355
0.00356
0.00357
0.00357
0.00357
0.00358
0.00357
0.00357
0.00356
0.00354
0.00353
0.00352
0.0035
0.00348
0.00346
0.00344
0.00342
0.0034
0.00337
0.00335
0.00332
0.0033
0.00327
0.00324
0.00322
0.00318
0.00316
0.00313
0.0031
0.00306
0.00303
0.00299
0.00296
0.00292
0.00289
0.00285
0.0028
0.00276
0.00272
0.00267
0.00263
0.00257
0.00253
0.00247
0.00243
0.00237
0.00232
0.00226
0.00222
0.00216
0.00211
0.00205
0.002
0.00195
0.0019
0.00185
0.0018
0.00175
0.00171
0.00166
0.00162
0.00158
0.00153
0.00149
0.00146
0.00142
0.00138
0.00134
0.0013
0.00127
0.00124
0.00121
0.00118
0.00114
0.00111
0.00108
0.00105
0.00102
0.001
0.00096
0.00094
0.00091
0.00089
0.00086
0.00083
0.00081
0.00079
0.00077
0.00075
0.00072
0.0007
0.00068
0.00067
0.00065
0.00064
0.00062
0.00061
0.0006
0.00059
0.00057
0.00057
0.00056
0.00056
0.00056
0.00056
0.00055
0.00056
0.00056
0.00057
0.00057
0.00058
0.00058
0.0006
0.00061
0.00062
0.00063
0.00065
0.00066
0.00068
0.0007
0.00072
0.00073
0.00076
0.00077
0.0008
0.00082
0.00084
0.00086
0.00089
0.00091
0.00093
0.00096
0.00098
0.001
0.00103
0.00105
0.00108
0.0011
0.00113
0.00115
0.00118
0.0012
0.00123
0.00125
0.00128
0.0013
0.00132
0.00135
0.00137
0.0014
0.00142
0.00145
0.00147
0.00149
0.00152
0.00154
0.00157
0.00158
0.00161
0.00162
0.00165
0.00166
0.00168
0.0017
0.00171
0.00172
0.00174
0.00175
0.00175
0.00175
0.00176
0.00176
0.00176
0.00175
0.00174
0.00173
0.00172
0.0017
0.00167
0.00165
0.00162
0.00159
0.00156
0.00152
0.00149
0.00144
0.00139
0.00134
0.0013
0.00124
0.00118
0.00112
0.00106
0.001
0.00093
0.00087
0.0008
0.00073
0.00066
0.00059
0.00052
0.00044
0.00037
0.00029
0.00022
0.00014
7e-05
-1e-05
-9e-05
-0.00017
-0.00024
-0.00032
-0.0004
-0.00047
-0.00055
-0.00062
-0.0007
-0.00078
-0.00085
-0.00092
-0.00099
-0.00107
-0.00114
-0.00122
-0.00129
-0.00136
-0.00143
-0.00151
-0.00157
-0.00164
-0.00171
-0.00177
-0.00183
-0.0019
-0.00196
-0.00202
-0.00207
-0.00213
-0.00218
-0.00223
-0.00227
-0.00231
-0.00235
-0.00239
-0.00242
-0.00245
-0.00247
-0.00249
-0.00251
-0.00252
-0.00253
-0.00253
-0.00253
-0.00253
-0.00251
-0.0025
-0.00248
-0.00246
-0.00243
-0.0024
-0.00237
-0.00233
-0.00229
-0.00224
-0.00219
-0.00215
-0.00209
-0.00204
-0.00197
-0.00191
-0.00185
-0.00178
-0.00171
-0.00164
-0.00157
-0.0015
-0.00142
-0.00134
-0.00126
-0.00118
-0.00109
-0.00102
-0.00092
-0.00084
-0.00075
-0.00066
-0.00056
-0.00047
-0.00037
-0.00028
-0.00019
-9e-05
1e-05
0.00011
0.00021
0.0003
0.0004
0.00049
0.00059
0.00068
0.00078
0.00087
0.00096
0.00104
0.00112
0.0012
0.00127
0.00134
0.0014
0.00147
0.00153
0.00158
0.00163
0.00167
0.00171
0.00174
0.00177
0.00179
0.00181
0.00182
0.00183
0.00183
0.00183
0.00182
0.00181
0.00179
0.00177
0.00175
0.00173
0.00169
0.00166
0.00162
0.00158
0.00153
0.00149
0.00143
0.00139
0.00133
0.00127
0.0012
0.00114
0.00107
0.001
0.00093
0.00086
0.00078
0.00071
0.00062
0.00055
0.00046
0.00038
0.00029
0.00021
0.00011
2e-05
-7e-05
-0.00016
-0.00025
-0.00033
-0.00042
-0.00051
-0.0006
-0.00068
-0.00077
-0.00085
-0.00093
-0.00101
-0.00109
-0.00116
-0.00123
-0.0013
-0.00137
-0.00144
-0.0015
-0.00156
-0.00161
-0.00166
-0.00172
-0.00176
-0.00181
-0.00185
-0.00189
-0.00193
-0.00196
-0.00199
-0.00202
-0.00204
-0.00207
-0.00209
-0.0021
-0.00211
-0.00211
-0.00211
-0.00211
-0.0021
-0.00209
-0.00207
-0.00205
-0.00202
-0.00199
-0.00195
-0.0019
-0.00185
-0.0018
-0.00173
-0.00166
-0.00159
-0.00151
-0.00142
-0.00133
-0.00123
-0.00113
-0.00102
-0.00091
-0.00079
-0.00068
-0.00055
-0.00042
-0.0003
-0.00017
-4e-05
0.0001
0.00023
0.00036
0.0005
0.00063
0.00077
0.0009
0.00103
0.00116
0.00129
0.00141
0.00154
0.00166
0.00178
0.0019
0.00201
0.00213
0.00224
0.00236
0.00247
0.00257
0.00268
0.00279
0.0029
0.00299
0.0031
0.00319
0.0033
0.00339
0.00349
0.00358
0.00367
0.00376
0.00385
0.00393
0.00402
0.00409
0.00417
0.00424
0.00432
0.00438
0.00444
0.00449
0.00455
0.0046
0.00464
0.00468
0.00471
0.00473
0.00475
0.00477
0.00478
0.00478
0.00478
0.00477
0.00477
0.00475
0.00473
0.00469
0.00467
0.00463
0.00459
0.00455
0.0045
0.00445
0.0044
0.00435
0.00429
0.00423
0.00417
0.00411
0.00405
0.00398
0.00391
0.00384
0.00377
0.0037
0.00362
0.00355
0.00346
0.00338
0.0033
0.00321
0.00313
0.00303
0.00294
0.00284
0.00274
0.00263
0.00253
0.00241
0.0023
0.00218
0.00205
0.00193
0.0018
0.00167
0.00154
0.0014
0.00127
0.00113
0.001
0.00085
0.00072
0.00057
0.00043
0.00029
0.00015
1e-05
-0.00013
-0.00027
-0.00041
-0.00054
-0.00068
-0.00081
-0.00094
-0.00107
-0.00119
-0.00132
-0.00143
-0.00156
-0.00167
-0.00178
-0.00189
-0.002
-0.0021
-0.0022
-0.0023
-0.00238
-0.00247
-0.00254
-0.00262
-0.00269
-0.00274
-0.0028
-0.00285
-0.00289
-0.00293
-0.00296
-0.00298
-0.003
-0.00301
-0.00302
-0.00302
-0.00301
-0.003
-0.00298
-0.00296
-0.00294
-0.00291
-0.00288
-0.00285
-0.00282
-0.00278
-0.00275
-0.0027
-0.00266
-0.00262
-0.00257
-0.00253
-0.00247
-0.00242
-0.00236
-0.00229
-0.00223
-0.00215
-0.00207
-0.00199
-0.00189
-0.00179
-0.00169
-0.00156
-0.00144
-0.00131
-0.00116
-0.00102
-0.00085
-0.00069
-0.00052
-0.00035
-0.00017
1e-05
0.00019
0.00037
0.00055
0.00072
0.00088
0.00105
0.0012
0.00134
0.00148
0.0016
0.00172
0.00182
0.00191
0.002
0.00207
0.00214
0.0022
0.00226
0.00232
0.00237
0.00243
0.0025
0.00257
0.00265
0.00275
0.00285
0.00298
0.00313
0.0033
0.00349
0.0037
0.00394
0.0042
0.00449
0.0048
0.00513
0.00549
0.00588
0.00628
0.0067
0.00714
0.0076
0.00808
0.00857
0.00908
0.0096
0.01015
0.01071
0.01129
0.0119
0.01254
0.0132
0.0139
0.01465
0.01544
0.01629
0.01719
0.01817
0.01922
0.02035
0.02157
0.02289
0.02432
0.02585
0.0275
0.02927
0.03116
0.03317
0.0353
0.03757
0.03994
0.04243
0.04503
0.04774
0.05053
0.05341
0.05634
0.05934
0.06238
0.06543
0.06849
0.07155
0.07458
0.07755
0.08047
0.08331
0.08605
0.08868
0.09118
0.09355
0.09577
0.09783
0.09972
0.10144
0.103
0.10437
0.10557
0.1066
0.10721
0.10721
0.10721
0.10721
0.10721
0.10721
0.10721
0.10721
0.10721
0.10721
0.10721
0.10721
0.10721
0.10721
0.10721
0.10721
0.10698
0.10668
0.10643
0.1062
0.10602
0.10587
0.10577
0.10571
0.1057
0.10572
0.10577
0.10586
0.10598
0.10612
0.10627
0.10643
0.10661
0.10678
0.10695
0.1071
0.10721
0.10721
0.10721
0.10721
0.10721
0.10721
0.10721
0.10721
0.10721
0.10721
0.10721
0.10721
0.10721
0.10721
0.10721
0.10717
0.10707
0.10698
0.10689
0.10681
0.10674
0.10668
0.10663
0.1066
0.10659
0.10658
0.10659
0.10661
0.10665
0.10669
0.10675
0.1068
0.10687
0.10693
0.107
0.10707
0.10713
0.10718
0.10721
0.10721
0.10721
0.10721
0.10721
0.10721
0.10721
0.10721
0.10721
0.10721
0.10721
0.10721
0.10721
0.10718
0.10713
0.10709
0.10705
0.10701
0.10698
0.10695
0.10692
0.1069
0.10689
0.10688
0.10688
0.10688
0.10689
0.1069
0.10692
0.10695
0.10697
0.10699
0.10702
0.10704
0.10707
0.10709
0.10712
0.10714
0.10716
0.10717
0.10719
0.10719
0.1072
0.1072
0.1072
0.1072
0.10719
0.10718
0.10716
0.10715
0.10714
0.10712
0.1071
0.10709
0.10708
0.10706
0.10706
0.10705
0.10704
0.10704
0.10704
0.10704
0.10704
0.10705
0.10705
0.10706
0.10707
0.10707
0.10709
0.1071
0.10712
0.10713
0.10715
0.10715
0.10717
0.10718
0.10719
0.1072
0.10721
0.10721
0.10721
0.10721
0.10721
0.10721
0.10721
0.10721
0.10721
0.10721
0.10721
0.10721
0.10721
0.10721
0.10721
0.10721
0.1072
0.1072
0.10719
0.10718
0.10719
0.10718
0.10718
0.10717
0.10717
0.10717
0.10717
0.10716
0.10716
0.10717
0.10717
0.10717
0.10717
0.10717
0.10717
0.10717
0.10718
0.10717
0.10718
0.10718
0.10719
0.10718
0.10719
0.10719
0.10719
0.10719
0.10719
0.1072
0.10719
0.10719
0.10719
0.10718
0.10718
0.10717
0.10717
0.10716
0.10715
0.10715
0.10714
0.10713
0.10713
0.10712
0.10712
0.10712
0.10711
0.10711
0.10711
0.1071
0.10711
0.10711
0.10712
0.10712
0.10714
0.10714
0.10716
0.10716
0.10717
0.10719
0.1072
0.10721
0.10721
0.10721
0.10721
0.10721
0.10721
0.10721
0.10721
0.10721
0.10721
0.1072
0.1072
0.10718
0.10717
0.10715
0.10714
0.10712
0.1071
0.10708
0.10707
0.10706
0.10705
0.10704
0.10704
0.10703
0.10704
0.10704
0.10706
0.10706
0.10708
0.1071
0.10713
0.10715
0.10718
0.1072
0.10721
0.10721
0.10721
0.10721
0.10721
0.10721
0.10721
0.10721
0.10721
0.10721
0.10721
0.10721
0.10721
0.10721
0.10721
0.10719
0.10715
0.1071
0.10706
0.10701
0.10697
0.10693
0.1069
0.10687
0.10686
0.10684
0.10684
0.10685
0.10686
0.10689
0.10693
0.10698
0.10704
0.1071
0.10718
0.10721
0.10721
0.10721
0.10721
0.10721
0.10721
0.10721
0.10721
0.10721
0.10721
0.10721
0.10721
0.10721
0.10721
0.10721
0.10699
0.10673
0.10643
0.10607
0.10567
0.10522
0.10473
0.10419
0.10361
0.10299
0.10232
0.10162
0.10088
0.10012
0.09932
0.0985
0.09767
0.09682
0.09596
0.09508
0.09421
0.09334
0.09247
0.0916
0.09075
0.08991
0.08908
0.08827
0.08747
0.08669
0.08593
0.08519
0.08447
0.08377
0.0831
0.08243
0.08178
0.08115
0.08054
0.07993
0.07934
0.07877
0.0782
0.07764
0.07708
0.07653
0.07599
0.07545
0.07492
0.07439
0.07388
0.07335
0.07284
0.07233
0.07183
0.07132
0.07083
0.07035
0.06987
0.06939
0.06893
0.06847
0.06803
0.06759
0.06717
0.06676
0.06636
0.06596
0.06558
0.06521
0.06485
0.06449
0.06415
0.06382
0.0635
0.06318
0.06287
0.06256
0.06227
0.06197
0.06168
0.0614
0.06112
0.06084
0.06056
0.06029
0.06002
0.05975
0.05948
0.05922
0.05896
0.0587
0.05843
0.05818
0.05792
0.05767
0.05741
0.05716
0.05692
0.05667
0.05643
0.05619
0.05596
0.05572
0.05549
0.05527
0.05504
0.05482
0.05459
0.05437
0.05415
0.05393
0.05371
0.05349
0.05327
0.05305
0.05282
0.0526
0.05238
0.05215
0.05191
0.05168
0.05145
0.05121
0.05097
0.05072
0.05048
0.05022
0.04997
0.04971
0.04945
0.04919
0.04892
0.04866
0.04839
0.04811
0.04783
0.04756
0.04728
0.04699
0.04671
0.04642
0.04613
0.04584
0.04554
0.04525
0.04495
0.04465
0.04434
0.04404
0.04373
0.04341
0.0431
0.04278
0.04246
0.04213
0.04181
0.04147
0.04114
0.0408
0.04046
0.04011
0.03977
0.03941
0.03905
0.0387
0.03833
0.03796
0.03759
0.03722
0.03684
0.03646
0.03608
0.0357
0.03531
0.03493
0.03453
0.03414
0.03375
0.03336
0.03297
0.03258
0.03219
0.0318
0.03141
0.03103
0.03064
0.03026
0.02988
0.02951
0.02914
0.02878
0.02841
0.02806
0.02771
0.02736
0.02702
0.02669
0.02636
0.02603
0.02571
0.0254
0.02509
0.02479
0.02449
0.0242
0.02391
0.02363
0.02335
0.02308
0.02281
0.02255
0.02229
0.02204
0.02179
0.02155
0.02131
0.02107
0.02084
0.02061
0.0204
0.02018
0.01997
0.01977
0.01957
0.01937
0.01919
0.01901
0.01883
0.01866
0.0185
0.01834
0.01819
0.01805
0.01791
0.01778
0.01766
0.01754
0.01743
0.01733
0.01723
0.01713
0.01704
0.01696
0.01687
0.0168
0.01672
0.01665
0.01658
0.01652
0.01645
0.01639
0.01632
0.01626
0.0162
0.01614
0.01608
0.01602
0.01596
0.01591
0.01584
0.01579
0.01572
0.01567
0.0156
0.01554
0.01548
0.01542
0.01536
0.0153
0.01524
0.01518
0.01512
0.01506
0.015
0.01494
0.01488
0.01482
0.01475
0.01469
0.01462
0.01456
0.01449
0.01441
0.01434
0.01427
0.01419
0.01411
0.01403
0.01394
0.01385
0.01376
0.01366
0.01356
0.01345
0.01335
0.01324
0.01312
0.01301
0.01289
0.01277
0.01264
0.01252
0.01239
0.01226
0.01214
0.01201
0.01188
0.01175
0.01162
0.01149
0.01136
0.01123
0.01111
0.01098
0.01086
0.01074
0.01062
0.01051
0.0104
0.01028
0.01017
0.01007
0.00996
0.00986
0.00976
0.00966
0.00957
0.00947
0.00938
0.0093
0.00921
0.00913
0.00906
0.00899
0.00892
0.00885
0.00879
0.00873
0.00868
0.00863
0.00859
0.00854
0.00851
0.00848
0.00846
0.00844
0.00843
0.00842
0.00842
0.00842
0.00843
0.00844
0.00846
0.00849
0.00852
0.00854
0.00858
0.00862
0.00866
0.0087
0.00875
0.0088
0.00885
0.0089
0.00895
0.00901
0.00906
0.00911
0.00917
0.00922
0.00927
0.00932
0.00937
0.00942
0.00947
0.00951
0.00956
0.0096
0.00964
0.00968
0.00971
0.00975
0.00978
0.0098
0.00983
0.00986
0.00988
0.0099
0.00991
0.00992
0.00994
0.00995
0.00995
0.00995
0.00995
0.00994
0.00994
0.00992
0.00991
0.00989
0.00987
0.00984
0.00982
0.00978
0.00975
0.00971
0.00967
0.00962
0.00958
0.00952
0.00947
0.00942
0.00936
0.00931
0.00925
0.00918
0.00912
0.00906
0.009
0.00893
0.00887
0.0088
0.00873
0.00866
0.0086
0.00853
0.00846
0.00839
0.00832
0.00825
0.00819
0.00811
0.00804
0.00797
0.0079
0.00782
0.00775
0.00767
0.0076
0.00752
0.00744
0.00735
0.00727
0.00719
0.0071
0.00701
0.00693
0.00683
0.00674
0.00665
0.00656
0.00646
0.00637
0.00627
0.00617
0.00608
0.00598
0.00588
0.00578
0.00569
0.0056
0.0055
0.00541
0.00532
0.00523
0.00514
0.00506
0.00496
0.00488
0.0048
0.00472
0.00463
0.00456
0.00448
0.0044
0.00432
0.00425
0.00418
0.0041
0.00402
0.00396
0.00388
0.00381
0.00373
0.00366
0.00358
0.00351
0.00343
0.00335
0.00326
0.00318
0.0031
0.00302
0.00293
0.00285
0.00276
0.00267
0.00258
0.0025
0.0024
0.00231
0.00222
0.00214
0.00204
0.00196
0.00187
0.00178
0.0017
0.00162
0.00154
0.00147
0.00139
0.00132
0.00125
0.00119
0.00113
0.00108
0.00103
0.00098
0.00094
0.0009
0.00086
0.00083
0.00081
0.00078
0.00077
0.00075
0.00074
0.00073
0.00072
0.00072
0.00071
0.00071
0.00071
0.00072
0.00072
0.00072
0.00073
0.00073
0.00074
0.00075
0.00075
0.00076
0.00077
0.00078
0.00078
0.0008
0.0008
0.00082
0.00082
0.00084
0.00086
0.00087
0.00089
0.00091
0.00094
0.00097
0.001
0.00104
0.00108
0.00112
0.00117
0.00122
0.00127
0.00134
0.0014
0.00147
0.00154
0.00162
0.0017
0.00178
0.00186
0.00196
0.00205
0.00215
0.00224
0.00234
0.00244
0.00254
0.00264
0.00274
0.00284
0.00295
0.00304
0.00314
0.00324
0.00334
0.00343
0.00353
0.00362
0.00371
0.00379
0.00388
0.00396
0.00405
0.00412
0.0042
0.00427
0.00435
0.00442
0.00449
0.00455
0.00462
0.00468
0.00475
0.00481
0.00487
0.00492
0.00498
0.00503
0.00508
0.00513
0.00518
0.00522
0.00527
0.00531
0.00535
0.00538
0.00542
0.00545
0.00548
0.00551
0.00553
0.00555
0.00557
0.00558
0.00559
0.00559
0.0056
0.00559
0.00559
0.00558
0.00557
0.00555
0.00553
0.00551
0.00548
0.00545
0.00542
0.00537
0.00534
0.00529
0.00525
0.00519
0.00514
0.00508
0.00503
0.00497
0.0049
0.00484
0.00477
0.0047
0.00463
0.00456
0.00449
0.00441
0.00434
0.00427
0.00419
0.00411
0.00404
0.00396
0.00388
0.0038
0.00373
0.00365
0.00357
0.00349
0.00341
0.00334
0.00326
0.00318
0.00311
0.00304
0.00297
0.00289
0.00282
0.00275
0.00269
0.00262
0.00255
0.00248
0.00242
0.00235
0.00229
0.00223
0.00218
0.00211
0.00206
0.002
0.00195
0.00189
0.00184
0.00179
0.00174
0.00169
0.00164
0.00159
0.00154
0.00149
0.00145
0.0014
0.00136
0.00131
0.00127
0.00122
0.00118
0.00113
0.00109
0.00105
0.00101
0.00097
0.00092
0.00088
0.00084
0.0008
0.00076
0.00072
0.00068
0.00064
0.0006
0.00056
0.00053
0.00049
0.00046
0.00042
0.00039
0.00035
0.00032
0.00029
0.00026
0.00023
0.00021
0.00019
0.00016
0.00014
0.00012
0.00011
0.0001
8e-05
7e-05
6e-05
6e-05
5e-05
5e-05
5e-05
5e-05
6e-05
7e-05
8e-05
0.0001
0.00011
0.00013
0.00015
0.00018
0.0002
0.00023
0.00026
0.0003
0.00033
0.00037
0.0004
0.00045
0.00049
0.00054
0.00059
0.00065
0.00069
0.00075
0.00081
0.00087
0.00093
0.001
0.00106
0.00113
0.0012
0.00127
0.00134
0.00141
0.00149
0.00156
0.00163
0.00171
0.00178
0.00186
0.00193
0.00202
0.00209
0.00216
0.00224
0.00231
0.00238
0.00246
0.00253
0.0026
0.00267
0.00274
0.0028
0.00287
0.00293
0.003
0.00305
0.00312
0.00317
0.00323
0.00328
0.00334
0.00338
0.00343
0.00347
0.00351
0.00355
0.00359
0.00362
0.00366
0.00368
0.00371
0.00372
0.00374
0.00375
0.00376
0.00377
0.00377
0.00377
0.00376
0.00375
0.00374
0.00372
0.0037
0.00367
0.00365
0.00361
0.00358
0.00354
0.00351
0.00346
0.00342
0.00338
0.00334
0.00329
0.00324
0.00319
0.00314
0.00309
0.00305
0.003
0.00296
0.00291
0.00287
0.00283
0.00279
0.00275
0.00271
0.00267
0.00264
0.0026
0.00257
0.00254
0.00251
0.00248
0.00246
0.00243
0.00241
0.00238
0.00236
0.00234
0.00232
0.00229
0.00228
0.00225
0.00224
0.00221
0.00219
0.00218
0.00216
0.00214
0.00212
0.00211
0.0021
0.00208
0.00206
0.00205
0.00204
0.00203
0.00202
0.002
0.002
0.00199
0.00198
0.00197
0.00197
0.00197
0.00196
0.00196
0.00196
0.00195
0.00196
0.00196
0.00196
0.00196
0.00196
0.00196
0.00197
0.00197
0.00198
0.00198
0.00199
0.002
0.00201
0.00202
0.00204
0.00205
0.00206
0.00208
0.0021
0.00212
0.00214
0.00216
0.00219
0.00221
0.00224
0.00227
0.0023
0.00233
0.00237
0.0024
0.00244
0.00247
0.00252
0.00255
0.0026
0.00264
0.00268
0.00272
0.00277
0.00281
0.00286
0.0029
0.00295
0.00299
0.00304
0.00309
0.00314
0.00318
0.00323
0.00327
0.00332
0.00337
0.00342
0.00346
0.00351
0.00356
0.0036
0.00365
0.00369
0.00374
0.00378
0.00382
0.00387
0.0039
0.00395
0.00398
0.00402
0.00405
0.00408
0.00411
0.00414
0.00416
0.00418
0.00419
0.0042
0.00422
0.00422
0.00422
0.00422
0.00421
0.00421
0.00419
0.00417
0.00415
0.00412
0.00409
0.00406
0.00402
0.00398
0.00393
0.00388
0.00383
0.00378
0.00373
0.00367
0.00361
0.00355
0.00348
0.00342
0.00335
0.00328
0.00321
0.00314
0.00307
0.00299
0.00292
0.00285
0.00277
0.0027
0.00263
0.00255
0.00247
0.0024
0.00233
0.00226
0.00218
0.00211
0.00203
0.00197
0.00189
0.00183
0.00176
0.00169
0.00163
0.00157
0.00151
0.00145
0.00139
0.00134
0.00129
0.00124
0.00119
0.00115
0.00111
0.00107
0.00104
0.001
0.00097
0.00094
0.00091
0.00089
0.00087
0.00085
0.00083
0.00081
0.00079
0.00078
0.00076
0.00075
0.00073
0.00072
0.00071
0.00069
0.00067
0.00065
0.00064
0.00062
0.0006
0.00058
0.00056
0.00054
0.00051
0.00049
0.00046
0.00043
0.0004
0.00038
0.00035
0.00032
0.00029
0.00026
0.00023
0.00021
0.00018
0.00015
0.00012
0.0001
8e-05
6e-05
3e-05
2e-05
-0.0
-1e-05
-3e-05
-4e-05
-6e-05
-6e-05
-7e-05
-8e-05
-8e-05
-8e-05
-9e-05
-9e-05
-0.0001
-9e-05
-0.0001
-0.0001
-0.0001
-9e-05
-9e-05
-9e-05
-9e-05
-9e-05
-9e-05
-8e-05
-7e-05
-7e-05
-6e-05
-5e-05
-4e-05
-3e-05
-1e-05
0.0
2e-05
5e-05
7e-05
0.0001
0.00013
0.00017
0.00021
0.00026
0.0003
0.00036
0.00041
0.00048
0.00054
0.00061
0.00068
0.00076
0.00084
0.00093
0.00101
0.0011
0.00119
0.00129
0.00138
0.00148
0.00158
0.00169
0.00178
0.00189
0.00199
0.0021
0.00219
0.0023
0.0024
0.0025
0.0026
0.0027
0.0028
0.0029
0.00299
0.00309
0.00318
0.00328
0.00337
0.00346
0.00355
0.00365
0.00373
0.00382
0.0039
0.00399
0.00407
0.00415
0.00423
0.00431
0.00438
0.00446
0.00453
0.0046
0.00466
0.00473
0.00479
0.00485
0.0049
0.00496
0.005
0.00505
0.00509
0.00512
0.00515
0.00518
0.0052
0.00522
0.00524
0.00525
0.00525
0.00526
0.00526
0.00525
0.00524
0.00523
0.00521
0.00519
0.00516
0.00514
0.0051
0.00507
0.00503
0.00499
0.00495
0.00491
0.00485
0.0048
0.00474
0.00469
0.00462
0.00456
0.00449
0.00442
0.00435
0.00427
0.00419
0.00411
0.00402
0.00394
0.00385
0.00375
0.00365
0.00356
0.00346
0.00336
0.00325
0.00314
0.00303
0.00293
0.00281
0.0027
0.00259
0.00248
0.00237
0.00226
0.00215
0.00204
0.00192
0.00182
0.00171
0.00161
0.00151
0.00141
0.00131
0.00122
0.00112
0.00103
0.00095
0.00086
0.00078
0.00071
0.00064
0.00057
0.0005
0.00044
0.00038
0.00033
0.00027
0.00023
0.00018
0.00014
0.0001
7e-05
4e-05
1e-05
-1e-05
-3e-05
-5e-05
-6e-05
-7e-05
-8e-05
-9e-05
-8e-05
-9e-05
-8e-05
-8e-05
-7e-05
-6e-05
-5e-05
-4e-05
-3e-05
-1e-05
0.0
2e-05
4e-05
5e-05
8e-05
0.0001
0.00012
0.00014
0.00016
0.00018
0.00021
0.00024
0.00026
0.00029
0.00031
0.00034
0.00037
0.0004
0.00043
0.00046
0.00049
0.00052
0.00056
0.00059
0.00063
0.00065
0.00069
0.00073
0.00076
0.00079
0.00082
0.00085
0.00088
0.00091
0.00094
0.00096
0.00099
0.00101
0.00103
0.00105
0.00107
0.00107
0.00109
0.00109
0.0011
0.0011
0.0011
0.0011
0.0011
0.00109
0.00109
0.00107
0.00107
0.00105
0.00104
0.00103
0.00102
0.001
0.00099
0.00097
0.00096
0.00095
0.00093
0.00092
0.00091
0.0009
0.00089
0.00088
0.00087
0.00087
0.00086
0.00085
0.00085
0.00084
0.00084
0.00083
0.00082
0.00082
0.00081
0.0008
0.00079
0.00078
0.00078
0.00076
0.00075
0.00074
0.00073
0.00071
0.00069
0.00067
0.00066
0.00064
0.00061
0.00059
0.00056
0.00054
0.00051
0.00048
0.00046
0.00042
0.00039
0.00035
0.00032
0.00028
0.00024
0.0002
0.00016
0.00012
7e-05
2e-05
-3e-05
-8e-05
-0.00013
-0.00018
-0.00023
-0.0003
-0.00035
-0.00041
-0.00047
-0.00054
-0.0006
-0.00068
-0.00074
-0.00081
-0.00088
-0.00095
-0.00103
-0.0011
-0.00118
-0.00125
-0.00133
-0.00141
-0.00148
-0.00156
-0.00164
-0.00172
-0.0018
-0.00188
-0.00195
-0.00203
-0.00211
-0.00219
-0.00226
-0.00234
-0.00241
-0.00249
-0.00256
-0.00263
-0.0027
-0.00277
-0.00284
-0.00291
-0.00297
-0.00304
-0.0031
-0.00317
-0.00323
-0.00329
-0.00335
-0.0034
-0.00345
-0.00351
-0.00356
-0.00361
-0.00365
-0.0037
-0.00374
-0.00378
-0.00382
-0.00386
-0.00389
-0.00392
-0.00394
-0.00397
-0.00399
-0.004
-0.00401
-0.00402
-0.00402
-0.00402
-0.00401
-0.004
-0.00398
-0.00396
-0.00393
-0.0039
-0.00385
-0.00381
-0.00376
-0.0037
-0.00363
-0.00356
-0.00348
-0.0034
-0.00331
-0.00322
-0.00311
-0.00301
-0.0029
-0.00279
-0.00267
-0.00255
-0.00242
-0.00229
-0.00216
-0.00203
-0.00189
-0.00175
-0.00161
-0.00147
-0.00132
-0.00119
-0.00104
-0.0009
-0.00075
-0.00061
-0.00046
-0.00032
-0.00017
-3e-05
0.00011
0.00025
0.0004
0.00054
0.00069
0.00083
0.00098
0.00112
0.00127
0.00141
0.00156
0.0017
0.00185
0.00199
0.00214
0.00228
0.00242
0.00257
0.00271
0.00285
0.00299
0.00313
0.00327
0.00339
0.00353
0.00365
0.00378
0.0039
0.00402
0.00413
0.00424
0.00435
0.00445
0.00454
0.00463
0.00472
0.00481
0.00489
0.00496
0.00503
0.0051
0.00515
0.00521
0.00526
0.00531
0.00534
0.00539
0.00542
0.00545
0.00547
0.00549
0.00551
0.00552
0.00553
0.00554
0.00553
0.00553
0.00552
0.00551
0.0055
0.00548
0.00545
0.00543
0.0054
0.00537
0.00533
0.00529
0.00525
0.00521
0.00516
0.00511
0.00505
0.005
0.00494
0.00488
0.00482
0.00475
0.00468
0.00462
0.00455
0.00448
0.0044
0.00433
0.00426
0.00418
0.0041
0.00403
0.00394
0.00387
0.00378
0.00371
0.00362
0.00354
0.00345
0.00338
0.00329
0.0032
0.00312
0.00303
0.00294
0.00286
0.00277
0.00269
0.0026
0.00252
0.00243
0.00235
0.00227
0.00219
0.0021
0.00203
0.00195
0.00187
0.0018
0.00172
0.00165
0.00159
0.00152
0.00146
0.00139
0.00133
0.00127
0.00122
0.00117
0.00112
0.00106
0.00102
0.00097
0.00093
0.00089
0.00085
0.00081
0.00077
0.00074
0.00071
0.00067
0.00064
0.00061
0.00059
0.00055
0.00053
0.0005
0.00048
0.00046
0.00043
0.00041
0.00039
0.00038
0.00036
0.00034
0.00033
0.00031
0.0003
0.00029
0.00028
0.00027
0.00026
0.00025
0.00025
0.00024
0.00023
0.00022
0.00022
0.00021
0.00021
0.00021
0.0002
0.00019
0.00019
0.00019
0.00018
0.00017
0.00017
0.00016
0.00016
0.00015
0.00014
0.00013
0.00012
0.00012
0.00011
0.0001
9e-05
8e-05
7e-05
6e-05
5e-05
3e-05
2e-05
1e-05
0.0
-1e-05
-3e-05
-4e-05
-6e-05
-7e-05
-8e-05
-0.0001
-0.00011
-0.00013
-0.00014
-0.00016
-0.00017
-0.00019
-0.00021
-0.00023
-0.00024
-0.00027
-0.00028
-0.00031
-0.00033
-0.00035
-0.00037
-0.00039
-0.00041
-0.00044
-0.00046
-0.00048
-0.0005
-0.00052
-0.00054
-0.00057
-0.00058
-0.0006
-0.00062
-0.00064
-0.00066
-0.00067
-0.00069
-0.0007
-0.00071
-0.00073
-0.00074
-0.00075
-0.00076
-0.00077
-0.00077
-0.00079
-0.00079
-0.0008
-0.0008
-0.00081
-0.00082
-0.00082
-0.00082
-0.00082
-0.00082
-0.00083
-0.00082
-0.00082
-0.00082
-0.00081
-0.00081
-0.0008
-0.00079
-0.00078
-0.00077
-0.00075
-0.00073
-0.00071
-0.00069
-0.00066
-0.00063
-0.0006
-0.00057
-0.00053
-0.00049
-0.00045
-0.00041
-0.00036
-0.00031
-0.00026
-0.00021
-0.00016
-0.00011
-6e-05
-0.0
5e-05
0.00011
0.00016
0.00021
0.00026
0.00032
0.00036
0.00041
0.00046
0.00051
0.00055
0.00059
0.00063
0.00067
0.00071
0.00074
0.00078
0.00082
0.00084
0.00088
0.00091
0.00095
0.00097
0.00101
0.00103
0.00107
0.0011
0.00113
0.00116
0.00118
0.00122
0.00125
0.00127
0.00131
0.00133
0.00135
0.00138
0.0014
0.00142
0.00144
0.00145
0.00147
0.00148
0.00149
0.00149
0.00149
0.00149
0.00148
0.00147
0.00146
0.00144
0.00142
0.0014
0.00137
0.00134
0.00131
0.00127
0.00124
0.0012
0.00116
0.00112
0.00107
0.00103
0.00099
0.00094
0.0009
0.00086
0.00082
0.00078
0.00074
0.0007
0.00066
0.00063
0.0006
0.00057
0.00054
0.00051
0.00049
0.00047
0.00045
0.00044
0.00043
0.00041
0.0004
0.00039
0.00039
0.00038
0.00038
0.00038
0.00038
0.00038
0.00038
0.00039
0.00039
0.00039
0.0004
0.00041
0.00042
0.00042
0.00043
0.00043
0.00045
0.00045
0.00046
0.00047
0.00048
0.00049
0.0005
0.00051
0.00052
0.00053
0.00054
0.00056
0.00057
0.00058
0.0006
0.00061
0.00064
0.00065
0.00068
0.00069
0.00073
0.00075
0.00078
0.0008
0.00083
0.00087
0.0009
0.00094
0.00098
0.00101
0.00106
0.00109
0.00114
0.00118
0.00123
0.00127
0.00132
0.00136
0.0014
0.00145
0.00149
0.00153
0.00158
0.00162
0.00166
0.0017
0.00174
0.00178
0.00182
0.00185
0.00188
0.00191
0.00195
0.00197
0.002
0.00202
0.00205
0.00207
0.0021
0.00212
0.00214
0.00216
0.00218
0.00219
0.00221
0.00223
0.00224
0.00225
0.00227
0.00228
0.00229
0.00229
0.0023
0.0023
0.00231
0.00231
0.00231
0.0023
0.0023
0.00229
0.00228
0.00227
0.00225
0.00223
0.00222
0.00219
0.00216
0.00214
0.0021
0.00207
0.00204
0.002
0.00197
0.00192
0.00189
0.00184
0.0018
0.00175
0.00171
0.00166
0.00163
0.00158
0.00153
0.00149
0.00145
0.0014
0.00136
0.00132
0.00129
0.00124
0.00121
0.00117
0.00114
0.0011
0.00107
0.00103
0.001
0.00097
0.00094
0.00091
0.00087
0.00085
0.00082
0.00079
0.00077
0.00074
0.00072
0.00069
0.00067
0.00065
0.00063
0.00061
0.0006
0.00059
0.00058
0.00057
0.00056
0.00056
0.00056
0.00057
0.00058
0.00059
0.0006
0.00062
0.00065
0.00068
0.00071
0.00074
0.00079
0.00083
0.00088
0.00093
0.00099
0.00105
0.00112
0.00119
0.00127
0.00134
0.00142
0.0015
0.00159
0.00168
0.00178
0.00187
0.00198
0.00208
0.00218
0.00229
0.0024
0.00251
0.00263
0.00275
0.00287
0.00299
0.00312
0.00324
0.00337
0.0035
0.00363
0.00376
0.0039
0.00403
0.00417
0.0043
0.00443
0.00457
0.0047
0.00483
0.00497
0.00509
0.00522
0.00534
0.00546
0.00558
0.00569
0.00579
0.0059
0.006
0.00609
0.00617
0.00625
0.00633
0.00639
0.00646
0.00651
0.00655
0.0066
0.00663
0.00666
0.00668
0.00669
0.00669
0.0067
0.00669
0.00668
0.00667
0.00665
0.00662
0.00659
0.00656
0.00652
0.00648
0.00644
0.00639
0.00634
0.00629
0.00624
0.00618
0.00612
0.00606
0.006
0.00594
0.00587
0.00581
0.00574
0.00567
0.0056
0.00552
0.00546
0.00538
0.0053
0.00522
0.00514
0.00506
0.00497
0.00488
0.0048
0.0047
0.00461
0.00451
0.00442
0.00432
0.00422
0.00411
0.00401
0.00391
0.0038
0.00369
0.00358
0.00347
0.00336
0.00325
0.00314
0.00303
0.00291
0.0028
0.00269
0.00258
0.00248
0.00236
0.00226
0.00215
0.00205
0.00194
0.00184
0.00174
0.00165
0.00155
0.00146
0.00136
0.00127
0.00119
0.0011
0.00102
0.00094
0.00086
0.00079
0.00071
0.00065
0.00057
0.00051
0.00044
0.00039
0.00033
0.00027
0.00022
0.00017
0.00012
7e-05
3e-05
-1e-05
-5e-05
-8e-05
-0.00012
-0.00015
-0.00018
-0.00021
-0.00024
-0.00026
-0.00028
-0.00031
-0.00033
-0.00035
-0.00037
-0.00039
-0.0004
-0.00042
-0.00044
-0.00045
-0.00047
-0.00048
-0.0005
-0.00051
-0.00053
-0.00054
-0.00055
-0.00057
-0.00058
-0.0006
-0.00061
-0.00062
-0.00063
-0.00065
-0.00067
-0.00068
-0.00069
-0.0007
-0.00072
-0.00073
-0.00075
-0.00076
-0.00078
-0.0008
-0.00082
-0.00083
-0.00085
-0.00086
-0.00088
-0.0009
-0.00092
-0.00093
-0.00095
-0.00096
-0.00098
-0.001
-0.00102
-0.00103
-0.00104
-0.00106
-0.00107
-0.00108
-0.00109
-0.0011
-0.00111
-0.00111
-0.00112
-0.00112
-0.00113
-0.00112
-0.00113
-0.00112
-0.00112
-0.00111
-0.00111
-0.0011
-0.00109
-0.00108
-0.00107
-0.00106
-0.00104
-0.00103
-0.00102
-0.001
-0.00099
-0.00097
-0.00096
-0.00094
-0.00093
-0.00091
-0.0009
-0.00089
-0.00088
-0.00086
-0.00085
-0.00084
-0.00083
-0.00082
-0.00081
-0.0008
-0.00079
-0.00078
-0.00077
-0.00076
-0.00075
-0.00074
-0.00073
-0.00072
-0.00071
-0.0007
-0.00068
-0.00067
-0.00065
-0.00064
-0.00063
-0.0006
-0.00059
-0.00057
-0.00055
-0.00053
-0.00051
-0.00049
-0.00047
-0.00045
-0.00043
-0.00041
-0.00038
-0.00036
-0.00034
-0.00032
-0.0003
-0.00028
-0.00027
-0.00024
-0.00023
-0.00021
-0.0002
-0.00018
-0.00017
-0.00016
-0.00015
-0.00014
-0.00013
-0.00012
-0.00011
-0.0001
-0.0001
-8e-05
-8e-05
-7e-05
-7e-05
-6e-05
-6e-05
-5e-05
-4e-05
-4e-05
-4e-05
-4e-05
-3e-05
-3e-05
-3e-05
-3e-05
-4e-05
-4e-05
-5e-05
-5e-05
-7e-05
-8e-05
-0.0001
-0.00011
-0.00014
-0.00016
-0.00019
-0.00022
-0.00025
-0.00029
-0.00033
-0.00037
-0.00042
-0.00047
-0.00052
-0.00058
-0.00064
-0.0007
-0.00077
-0.00083
-0.0009
-0.00097
-0.00105
-0.00112
-0.0012
-0.00127
-0.00135
-0.00143
-0.00152
-0.00159
-0.00168
-0.00176
-0.00184
-0.00192
-0.00201
-0.00208
-0.00217
-0.00224
-0.00232
-0.0024
-0.00248
-0.00255
-0.00262
-0.00269
-0.00277
-0.00283
-0.0029
-0.00296
-0.00303
-0.00308
-0.00314
-0.00319
-0.00325
-0.00329
-0.00334
-0.00339
-0.00342
-0.00346
-0.00349
-0.00352
-0.00355
-0.00358
-0.0036
-0.00361
-0.00363
-0.00364
-0.00366
-0.00366
-0.00366
-0.00366
-0.00366
-0.00366
-0.00365
-0.00363
-0.00362
-0.0036
-0.00358
-0.00356
-0.00353
-0.0035
-0.00347
-0.00343
-0.0034
-0.00335
-0.00331
-0.00326
-0.00321
-0.00316
-0.0031
-0.00304
-0.00298
-0.00291
-0.00285
-0.00277
-0.0027
-0.00262
-0.00255
-0.00247
-0.00239
-0.0023
-0.00222
-0.00213
-0.00205
-0.00196
-0.00187
-0.00178
-0.00169
-0.0016
-0.00152
-0.00143
-0.00134
-0.00125
-0.00117
-0.00109
-0.00101
-0.00092
-0.00084
-0.00076
-0.00069
-0.00062
-0.00054
-0.00047
-0.0004
-0.00033
-0.00027
-0.0002
-0.00014
-7e-05
-1e-05
5e-05
0.0001
0.00016
0.00021
0.00026
0.00031
0.00036
0.00041
0.00046
0.0005
0.00055
0.00058
0.00063
0.00066
0.0007
0.00073
0.00076
0.00079
0.00082
0.00084
0.00086
0.00088
0.00089
0.00091
0.00093
0.00094
0.00095
0.00095
0.00096
0.00096
0.00097
0.00096
0.00097
0.00096
0.00096
0.00096
0.00095
0.00094
0.00093
0.00092
0.00091
0.0009
0.00089
0.00087
0.00086
0.00084
0.00082
0.0008
0.00078
0.00075
0.00073
0.0007
0.00067
0.00064
0.0006
0.00056
0.00052
0.00048
0.00044
0.00039
0.00034
0.00029
0.00024
0.00018
0.00013
7e-05
2e-05
-5e-05
-0.00011
-0.00017
-0.00023
-0.00029
-0.00035
-0.00041
-0.00047
-0.00053
-0.00059
-0.00065
-0.0007
-0.00076
-0.00081
-0.00086
-0.0009
-0.00095
-0.001
-0.00104
-0.00108
-0.00112
-0.00116
-0.0012
-0.00123
-0.00126
-0.00129
-0.00132
-0.00135
-0.00138
-0.0014
-0.00143
-0.00144
-0.00147
-0.00148
-0.0015
-0.00151
-0.00153
-0.00154
-0.00154
-0.00155
-0.00156
-0.00155
-0.00155
-0.00154
-0.00154
-0.00153
-0.00152
-0.0015
-0.00148
-0.00146
-0.00143
-0.0014
-0.00137
-0.00133
-0.00129
-0.00125
-0.00121
-0.00116
-0.00111
-0.00105
-0.001
-0.00094
-0.00089
-0.00082
-0.00076
-0.0007
-0.00064
-0.00058
-0.00051
-0.00044
-0.00037
-0.0003
-0.00024
-0.00017
-0.0001
-3e-05
3e-05
0.0001
0.00017
0.00024
0.00031
0.00038
0.00044
0.00051
0.00058
0.00066
0.00073
0.0008
0.00087
0.00094
0.00101
0.00109
0.00115
0.00123
0.0013
0.00138
0.00144
0.00152
0.00159
0.00166
0.00173
0.0018
0.00187
0.00193
0.002
0.00206
0.00213
0.00219
0.00225
0.00231
0.00236
0.00242
0.00247
0.00252
0.00257
0.00262
0.00267
0.00271
0.00276
0.0028
0.00284
0.00288
0.00292
0.00296
0.00299
0.00303
0.00306
0.0031
0.00313
0.00316
0.00319
0.00322
0.00325
0.00329
0.00332
0.00335
0.00337
0.0034
0.00343
0.00346
0.00348
0.00351
0.00352
0.00355
0.00357
0.00359
0.0036
0.00362
0.00363
0.00365
0.00365
0.00367
0.00367
0.00368
0.00367
0.00368
0.00367
0.00367
0.00366
0.00366
0.00365
0.00363
0.00362
0.0036
0.00358
0.00356
0.00354
0.00352
0.00349
0.00347
0.00343
0.0034
0.00337
0.00333
0.00329
0.00326
0.00321
0.00317
0.00312
0.00307
0.00303
0.00297
0.00292
0.00287
0.0028
0.00275
0.00268
0.00262
0.00255
0.00248
0.00241
0.00234
0.00227
0.00219
0.00211
0.00204
0.00196
0.00188
0.0018
0.00173
0.00164
0.00157
0.00148
0.00141
0.00132
0.00125
0.00117
0.00109
0.00101
0.00094
0.00087
0.00079
0.00072
0.00065
0.00058
0.00052
0.00044
0.00038
0.00032
0.00026
0.00019
0.00013
7e-05
1e-05
-5e-05
-0.00011
-0.00017
-0.00023
-0.00028
-0.00034
-0.00039
-0.00045
-0.00051
-0.00056
-0.00062
-0.00067
-0.00073
-0.00079
-0.00085
-0.0009
-0.00096
-0.00102
-0.00107
-0.00113
-0.00119
-0.00124
-0.0013
-0.00135
-0.00141
-0.00146
-0.00152
-0.00157
-0.00163
-0.00168
-0.00173
-0.00178
-0.00183
-0.00188
-0.00193
-0.00198
-0.00203
-0.00207
-0.00211
-0.00215
-0.0022
-0.00224
-0.00229
-0.00232
-0.00237
-0.0024
-0.00245
-0.00248
-0.00252
-0.00256
-0.0026
-0.00264
-0.00268
-0.00272
-0.00275
-0.00279
-0.00284
-0.00288
-0.00292
-0.00296
-0.003
-0.00304
-0.00309
-0.00313
-0.00318
-0.00322
-0.00327
-0.00331
-0.00335
-0.00339
-0.00344
-0.00347
-0.00352
-0.00355
-0.00359
-0.00363
-0.00366
-0.00369
-0.00372
-0.00375
-0.00377
-0.00379
-0.00381
-0.00383
-0.00384
-0.00385
-0.00386
-0.00386
-0.00387
-0.00387
-0.00387
-0.00386
-0.00386
-0.00385
-0.00384
-0.00382
-0.00381
-0.0038
-0.00379
-0.00378
-0.00376
-0.00374
-0.00373
-0.00371
-0.0037
-0.00368
-0.00366
-0.00364
