2.01584280536171E+03

-0.00543
-0.00549
-0.00554
-0.0056
-0.00563
-0.00568
-0.00572
-0.00575
-0.00578
-0.0058
-0.00582
-0.00583
-0.00584
-0.00585
-0.00585
-0.00585
-0.00584
-0.00584
-0.00582
-0.00581
-0.00578
-0.00576
-0.00573
-0.0057
-0.00567
-0.00564
-0.0056
-0.00556
-0.00551
-0.00547
-0.00542
-0.00537
-0.00531
-0.00526
-0.0052
-0.00515
-0.00508
-0.00502
-0.00495
-0.00488
-0.0048
-0.00472
-0.00464
-0.00456
-0.00447
-0.00438
-0.00428
-0.00418
-0.00407
-0.00397
-0.00386
-0.00375
-0.00363
-0.00351
-0.00338
-0.00326
-0.00313
-0.003
-0.00286
-0.00272
-0.00258
-0.00245
-0.00231
-0.00217
-0.00202
-0.00188
-0.00174
-0.0016
-0.00145
-0.00132
-0.00118
-0.00104
-0.00091
-0.00077
-0.00064
-0.00052
-0.00039
-0.00027
-0.00015
-3e-05
8e-05
0.00019
0.0003
0.0004
0.0005
0.0006
0.00069
0.00078
0.00086
0.00094
0.00102
0.0011
0.00117
0.00123
0.0013
0.00135
0.00141
0.00146
0.0015
0.00154
0.00158
0.00162
0.00164
0.00167
0.00169
0.00171
0.00172
0.00173
0.00173
0.00173
0.00173
0.00172
0.00171
0.00169
0.00168
0.00165
0.00163
0.0016
0.00157
0.00153
0.00149
0.00145
0.00141
0.00136
0.00131
0.00125
0.0012
0.00113
0.00108
0.001
0.00094
0.00086
0.00079
0.00071
0.00062
0.00054
0.00044
0.00035
0.00026
0.00016
6e-05
-5e-05
-0.00015
-0.00027
-0.00037
-0.00049
-0.00061
-0.00073
-0.00084
-0.00096
-0.00108
-0.0012
-0.00133
-0.00144
-0.00156
-0.00167
-0.00178
-0.0019
-0.002
-0.00211
-0.0022
-0.0023
-0.00239
-0.00248
-0.00256
-0.00264
-0.00271
-0.00278
-0.00284
-0.0029
-0.00295
-0.00299
-0.00303
-0.00307
-0.0031
-0.00313
-0.00314
-0.00316
-0.00317
-0.00319
-0.00319
-0.00319
-0.00319
-0.00318
-0.00317
-0.00316
-0.00314
-0.00312
-0.0031
-0.00308
-0.00305
-0.00302
-0.00299
-0.00296
-0.00292
-0.00289
-0.00284
-0.0028
-0.00276
-0.00271
-0.00266
-0.00261
-0.00256
-0.0025
-0.00244
-0.00239
-0.00232
-0.00226
-0.00219
-0.00213
-0.00205
-0.00199
-0.00191
-0.00184
-0.00177
-0.00169
-0.00162
-0.00154
-0.00147
-0.00139
-0.00131
-0.00124
-0.00116
-0.00109
-0.00101
-0.00095
-0.00088
-0.00081
-0.00074
-0.00068
-0.00062
-0.00056
-0.00051
-0.00045
-0.0004
-0.00036
-0.00031
-0.00028
-0.00023
-0.0002
-0.00017
-0.00014
-0.00011
-9e-05
-7e-05
-5e-05
-4e-05
-2e-05
-2e-05
-1e-05
0.0
1e-05
2e-05
1e-05
2e-05
2e-05
2e-05
1e-05
2e-05
1e-05
1e-05
1e-05
0.0
-0.0
-1e-05
-1e-05
-1e-05
-2e-05
-2e-05
-3e-05
-3e-05
-4e-05
-5e-05
-6e-05
-6e-05
-8e-05
-9e-05
-0.0001
-0.00011
-0.00013
-0.00015
-0.00016
-0.00018
-0.0002
-0.00022
-0.00025
-0.00027
-0.0003
-0.00032
-0.00035
-0.00037
-0.0004
-0.00042
-0.00045
-0.00048
-0.00051
-0.00054
-0.00057
-0.00059
-0.00062
-0.00065
-0.00068
-0.0007
-0.00073
-0.00075
-0.00077
-0.00079
-0.00082
-0.00084
-0.00086
-0.00088
-0.0009
-0.00093
-0.00095
-0.00097
-0.00098
-0.001
-0.00103
-0.00105
-0.00107
-0.00108
-0.00111
-0.00113
-0.00115
-0.00117
-0.00119
-0.00121
-0.00123
-0.00125
-0.00126
-0.00128
-0.00129
-0.0013
-0.00132
-0.00133
-0.00134
-0.00134
-0.00135
-0.00135
-0.00136
-0.00135
-0.00135
-0.00135
-0.00134
-0.00134
-0.00132
-0.00131
-0.00129
-0.00127
-0.00126
-0.00124
-0.00122
-0.00119
-0.00117
-0.00114
-0.00112
-0.00108
-0.00106
-0.00103
-0.001
-0.00097
-0.00093
-0.0009
-0.00086
-0.00082
-0.00079
-0.00075
-0.00071
-0.00067
-0.00063
-0.00059
-0.00054
-0.00049
-0.00045
-0.0004
-0.00035
-0.0003
-0.00025
-0.00019
-0.00013
-7e-05
-2e-05
5e-05
0.00011
0.00017
0.00023
0.0003
0.00036
0.00044
0.0005
0.00057
0.00064
0.0007
0.00078
0.00084
0.00091
0.00098
0.00105
0.00112
0.00118
0.00125
0.00131
0.00138
0.00144
0.00151
0.00157
0.00163
0.00169
0.00175
0.00181
0.00187
0.00193
0.00199
0.00204
0.0021
0.00215
0.00221
0.00226
0.00231
0.00236
0.00241
0.00246
0.00251
0.00255
0.00259
0.00264
0.00268
0.00272
0.00276
0.00279
0.00283
0.00285
0.00289
0.00291
0.00293
0.00294
0.00297
0.00298
0.00299
0.00299
0.00299
0.00299
0.00299
0.00298
0.00297
0.00295
0.00294
0.00291
0.00289
0.00286
0.00284
0.0028
0.00277
0.00273
0.00269
0.00265
0.0026
0.00256
0.00251
0.00247
0.00242
0.00237
0.00232
0.00226
0.00221
0.00216
0.0021
0.00205
0.00199
0.00194
0.00188
0.00182
0.00176
0.0017
0.00165
0.00159
0.00153
0.00146
0.00141
0.00134
0.00128
0.00122
0.00116
0.00109
0.00104
0.00097
0.00091
0.00084
0.00078
0.00072
0.00066
0.0006
0.00055
0.00048
0.00043
0.00038
0.00033
0.00027
0.00023
0.00017
0.00013
9e-05
4e-05
0.0
-4e-05
-7e-05
-0.00011
-0.00014
-0.00017
-0.00021
-0.00023
-0.00027
-0.00029
-0.00032
-0.00035
-0.00038
-0.00041
-0.00044
-0.00047
-0.0005
-0.00053
-0.00056
-0.0006
-0.00063
-0.00066
-0.00071
-0.00074
-0.00078
-0.00082
-0.00086
-0.0009
-0.00095
-0.00099
-0.00104
-0.00108
-0.00113
-0.00117
-0.00122
-0.00126
-0.00131
-0.00135
-0.0014
-0.00144
-0.00149
-0.00153
-0.00158
-0.00162
-0.00167
-0.00171
-0.00175
-0.0018
-0.00184
-0.00189
-0.00193
-0.00198
-0.00202
-0.00206
-0.00212
-0.00216
-0.00221
-0.00225
-0.00231
-0.00235
-0.00241
-0.00245
-0.00251
-0.00256
-0.00262
-0.00267
-0.00272
-0.00277
-0.00282
-0.00287
-0.00293
-0.00298
-0.00303
-0.00307
-0.00312
-0.00317
-0.00322
-0.00325
-0.0033
-0.00334
-0.00337
-0.00341
-0.00345
-0.00348
-0.00351
-0.00354
-0.00357
-0.00359
-0.00362
-0.00364
-0.00367
-0.00368
-0.00371
-0.00372
-0.00375
-0.00377
-0.00379
-0.00381
-0.00382
-0.00384
-0.00385
-0.00387
-0.00389
-0.0039
-0.00392
-0.00393
-0.00394
-0.00395
-0.00397
-0.00397
-0.00398
-0.00398
-0.00399
-0.00399
-0.00399
-0.00399
-0.00398
-0.00398
-0.00397
-0.00395
-0.00394
-0.00391
-0.0039
-0.00387
-0.00384
-0.0038
-0.00377
-0.00372
-0.00368
-0.00363
-0.00358
-0.00353
-0.00347
-0.0034
-0.00334
-0.00327
-0.0032
-0.00312
-0.00305
-0.00297
-0.00289
-0.0028
-0.00272
-0.00264
-0.00255
-0.00247
-0.00238
-0.00229
-0.0022
-0.00211
-0.00203
-0.00193
-0.00185
-0.00176
-0.00168
-0.0016
-0.00152
-0.00144
-0.00137
-0.00129
-0.00122
-0.00116
-0.00109
-0.00102
-0.00096
-0.00089
-0.00084
-0.00077
-0.00072
-0.00066
-0.00061
-0.00055
-0.00051
-0.00045
-0.0004
-0.00035
-0.0003
-0.00025
-0.0002
-0.00014
-9e-05
-4e-05
1e-05
7e-05
0.00012
0.00017
0.00022
0.00028
0.00032
0.00038
0.00043
0.00048
0.00053
0.00057
0.00062
0.00066
0.0007
0.00074
0.00078
0.00081
0.00084
0.00087
0.0009
0.00092
0.00093
0.00096
0.00096
0.00097
0.00098
0.00098
0.00099
0.00099
0.00098
0.00098
0.00097
0.00096
0.00095
0.00095
0.00093
0.00092
0.0009
0.0009
0.00088
0.00087
0.00085
0.00084
0.00083
0.00082
0.00081
0.0008
0.00079
0.00078
0.00077
0.00077
0.00076
0.00076
0.00075
0.00075
0.00074
0.00074
0.00073
0.00073
0.00073
0.00072
0.00072
0.00072
0.00071
0.00071
0.00071
0.00071
0.0007
0.0007
0.00069
0.00069
0.00069
0.00068
0.00068
0.00067
0.00067
0.00067
0.00067
0.00067
0.00066
0.00067
0.00066
0.00067
0.00067
0.00068
0.00068
0.0007
0.00071
0.00072
0.00074
0.00075
0.00078
0.00081
0.00084
0.00087
0.00091
0.00095
0.001
0.00105
0.00111
0.00118
0.00124
0.00132
0.0014
0.00149
0.00158
0.00168
0.00179
0.00191
0.00203
0.00216
0.00229
0.00243
0.00258
0.00273
0.00289
0.00306
0.00323
0.00342
0.0036
0.00379
0.00398
0.00418
0.00439
0.0046
0.00482
0.00504
0.00526
0.00549
0.00571
0.00595
0.00618
0.00642
0.00666
0.00691
0.00715
0.0074
0.00765
0.0079
0.00815
0.0084
0.00866
0.00891
0.00916
0.00942
0.00967
0.00993
0.01018
0.01043
0.01068
0.01094
0.01119
0.01144
0.01168
0.01193
0.01217
0.01242
0.01265
0.0129
0.01313
0.01336
0.01359
0.01382
0.01405
0.01427
0.01449
0.01471
0.01493
0.01514
0.01535
0.01556
0.01577
0.01597
0.01617
0.01637
0.01657
0.01676
0.01695
0.01715
0.01733
0.01752
0.0177
0.01789
0.01807
0.01825
0.01842
0.01859
0.01876
0.01893
0.01909
0.01926
0.01941
0.01957
0.01971
0.01986
0.02
0.02013
0.02026
0.02038
0.0205
0.02061
0.02071
0.02081
0.0209
0.02099
0.02106
0.02113
0.02118
0.02124
0.02128
0.02131
0.02134
0.02135
0.02136
0.02136
0.02135
0.02134
0.02131
0.02128
0.02124
0.02119
0.02113
0.02107
0.02099
0.02092
0.02083
0.02074
0.02064
0.02054
0.02043
0.02032
0.0202
0.02008
0.01995
0.01982
0.01968
0.01955
0.01941
0.01927
0.01911
0.01897
0.01882
0.01867
0.01851
0.01836
0.0182
0.01805
0.01789
0.01774
0.01758
0.01743
0.01727
0.01712
0.01697
0.01682
0.01667
0.01652
0.01638
0.01624
0.01609
0.01596
0.01582
0.01569
0.01556
0.01543
0.0153
0.01518
0.01507
0.01495
0.01485
0.01474
0.01464
0.01454
0.01445
0.01437
0.01428
0.0142
0.01413
0.01406
0.014
0.01394
0.01388
0.01384
0.0138
0.01376
0.01373
0.01371
0.01368
0.01367
0.01366
0.01365
0.01365
0.01366
0.01366
0.01368
0.01369
0.01371
0.01374
0.01376
0.01379
0.01383
0.01386
0.01389
0.01393
0.01396
0.014
0.01403
0.01406
0.0141
0.01413
0.01416
0.01418
0.0142
0.01422
0.01423
0.01424
0.01425
0.01425
0.01424
0.01423
0.01422
0.01419
0.01417
0.01413
0.01409
0.01404
0.01399
0.01393
0.01386
0.01379
0.01371
0.01362
0.01353
0.01344
0.01334
0.01322
0.01311
0.01298
0.01286
0.01272
0.01258
0.01244
0.01229
0.01213
0.01197
0.01181
0.01164
0.01146
0.01129
0.0111
0.01092
0.01073
0.01054
0.01034
0.01015
0.00994
0.00974
0.00954
0.00934
0.00913
0.00893
0.00872
0.00852
0.00832
0.00812
0.00792
0.00773
0.00753
0.00734
0.00715
0.00697
0.00679
0.00661
0.00644
0.00628
0.00611
0.00595
0.0058
0.00565
0.00551
0.00537
0.00524
0.00511
0.00498
0.00486
0.00474
0.00463
0.00452
0.00442
0.00431
0.00422
0.00412
0.00403
0.00393
0.00385
0.00376
0.00368
0.0036
0.00352
0.00344
0.00337
0.0033
0.00324
0.00316
0.0031
0.00304
0.00299
0.00293
0.00287
0.00282
0.00277
0.00272
0.00268
0.00264
0.00261
0.00257
0.00254
0.00251
0.00248
0.00246
0.00244
0.00241
0.0024
0.00238
0.00236
0.00234
0.00233
0.00232
0.0023
0.00229
0.00228
0.00225
0.00224
0.00222
0.0022
0.00217
0.00215
0.00212
0.00209
0.00206
0.00202
0.00198
0.00194
0.00189
0.00184
0.0018
0.00175
0.00168
0.00163
0.00157
0.00151
0.00144
0.00138
0.00131
0.00126
0.00119
0.00112
0.00106
0.001
0.00094
0.00088
0.00082
0.00077
0.00071
0.00066
0.00062
0.00058
0.00053
0.0005
0.00046
0.00044
0.00041
0.00039
0.00037
0.00035
0.00034
0.00034
0.00033
0.00034
0.00033
0.00034
0.00035
0.00037
0.00038
0.0004
0.00041
0.00044
0.00046
0.00049
0.00051
0.00054
0.00057
0.0006
0.00063
0.00066
0.00069
0.00072
0.00075
0.00079
0.00081
0.00084
0.00087
0.0009
0.00092
0.00095
0.00097
0.001
0.00102
0.00104
0.00106
0.00109
0.0011
0.00113
0.00114
0.00116
0.00118
0.0012
0.00121
0.00124
0.00126
0.00128
0.0013
0.00132
0.00134
0.00137
0.0014
0.00143
0.00145
0.00149
0.00152
0.00156
0.00159
0.00163
0.00167
0.00171
0.00175
0.0018
0.00184
0.00188
0.00193
0.00197
0.00201
0.00206
0.00209
0.00213
0.00217
0.00221
0.00224
0.00228
0.00231
0.00234
0.00237
0.0024
0.00242
0.00244
0.00247
0.00249
0.00251
0.00254
0.00255
0.00258
0.00259
0.00262
0.00264
0.00266
0.00268
0.00272
0.00274
0.00277
0.00281
0.00284
0.00288
0.00293
0.00297
0.00302
0.00306
0.00312
0.00317
0.00323
0.00329
0.00335
0.00341
0.00347
0.00353
0.0036
0.00366
0.00372
0.00379
0.00385
0.00391
0.00397
0.00402
0.00408
0.00413
0.00418
0.00422
0.00427
0.00431
0.00435
0.00438
0.00441
0.00443
0.00445
0.00447
0.00449
0.0045
0.00451
0.0045
0.00451
0.0045
0.0045
0.00449
0.00448
0.00445
0.00444
0.00441
0.00439
0.00436
0.00433
0.00429
0.00426
0.00422
0.00418
0.00412
0.00408
0.00403
0.00398
0.00391
0.00386
0.00379
0.00374
0.00367
0.0036
0.00353
0.00346
0.00339
0.00331
0.00324
0.00316
0.00308
0.00301
0.00293
0.00285
0.00277
0.00269
0.00261
0.00253
0.00245
0.00237
0.00229
0.00221
0.00214
0.00206
0.00199
0.00192
0.00184
0.00178
0.00171
0.00164
0.00157
0.00151
0.00145
0.00139
0.00133
0.00127
0.00122
0.00116
0.00111
0.00106
0.00101
0.00097
0.00092
0.00087
0.00083
0.00079
0.00074
0.0007
0.00065
0.00061
0.00057
0.00052
0.00048
0.00043
0.00039
0.00034
0.00029
0.00025
0.00019
0.00015
9e-05
4e-05
-2e-05
-7e-05
-0.00013
-0.00018
-0.00024
-0.0003
-0.00036
-0.00042
-0.00048
-0.00054
-0.0006
-0.00066
-0.00072
-0.00078
-0.00084
-0.00089
-0.00095
-0.001
-0.00105
-0.0011
-0.00114
-0.00119
-0.00123
-0.00127
-0.00131
-0.00134
-0.00137
-0.0014
-0.00143
-0.00145
-0.00147
-0.00149
-0.00151
-0.00152
-0.00154
-0.00155
-0.00156
-0.00156
-0.00157
-0.00158
-0.00158
-0.00158
-0.00158
-0.00157
-0.00157
-0.00156
-0.00156
-0.00155
-0.00154
-0.00152
-0.00151
-0.00148
-0.00146
-0.00144
-0.00141
-0.00138
-0.00135
-0.00131
-0.00127
-0.00122
-0.00118
-0.00112
-0.00107
-0.00101
-0.00095
-0.00089
-0.00083
-0.00076
-0.00069
-0.00062
-0.00055
-0.00047
-0.0004
-0.00032
-0.00025
-0.00017
-0.0001
-2e-05
5e-05
0.00012
0.00019
0.00026
0.00032
0.00038
0.00044
0.0005
0.00055
0.0006
0.00065
0.0007
0.00074
0.00079
0.00082
0.00086
0.00089
0.00093
0.00096
0.00099
0.00101
0.00104
0.00105
0.00108
0.00109
0.00111
0.00113
0.00114
0.00116
0.00117
0.00118
0.00119
0.0012
0.00122
0.00122
0.00123
0.00124
0.00125
0.00126
0.00127
0.00127
0.00128
0.00129
0.00131
0.00132
0.00133
0.00134
0.00136
0.00138
0.0014
0.00142
0.00144
0.00147
0.0015
0.00153
0.00157
0.00161
0.00165
0.00169
0.00174
0.00179
0.00185
0.0019
0.00196
0.00202
0.00209
0.00215
0.00222
0.00229
0.00237
0.00243
0.00251
0.00258
0.00265
0.00273
0.0028
0.00287
0.00295
0.00301
0.00308
0.00315
0.00322
0.00328
0.00334
0.0034
0.00347
0.00352
0.00357
0.00362
0.00367
0.00372
0.00377
0.00381
0.00386
0.00389
0.00393
0.00396
0.004
0.00403
0.00406
0.00408
0.00411
0.00412
0.00414
0.00415
0.00416
0.00417
0.00418
0.00418
0.00418
0.00416
0.00415
0.00413
0.00412
0.00409
0.00406
0.00402
0.00398
0.00393
0.00388
0.00382
0.00376
0.0037
0.00363
0.00355
0.00347
0.00339
0.0033
0.00321
0.00312
0.00301
0.00291
0.00281
0.0027
0.00259
0.00248
0.00237
0.00226
0.00215
0.00203
0.00192
0.00181
0.00169
0.00158
0.00147
0.00137
0.00126
0.00116
0.00105
0.00096
0.00086
0.00077
0.00068
0.00059
0.00051
0.00043
0.00036
0.00029
0.00022
0.00017
0.00011
7e-05
2e-05
-2e-05
-6e-05
-8e-05
-0.0001
-0.00012
-0.00014
-0.00014
-0.00014
-0.00014
-0.00013
-0.00011
-0.0001
-7e-05
-4e-05
-0.0
3e-05
8e-05
0.00012
0.00018
0.00023
0.00029
0.00035
0.00041
0.00048
0.00055
0.00062
0.0007
0.00077
0.00085
0.00093
0.00101
0.00109
0.00118
0.00126
0.00135
0.00144
0.00152
0.00161
0.0017
0.00179
0.00188
0.00197
0.00207
0.00215
0.00225
0.00233
0.00243
0.00251
0.0026
0.00268
0.00277
0.00285
0.00294
0.00301
0.00309
0.00316
0.00324
0.00331
0.00338
0.00343
0.0035
0.00355
0.00361
0.00365
0.0037
0.00374
0.00378
0.00381
0.00384
0.00387
0.00389
0.00391
0.00392
0.00394
0.00395
0.00395
0.00395
0.00395
0.00395
0.00394
0.00393
0.00391
0.00391
0.00388
0.00386
0.00384
0.00381
0.00378
0.00375
0.00372
0.00369
0.00364
0.0036
0.00356
0.00351
0.00346
0.0034
0.00334
0.00329
0.00322
0.00315
0.00308
0.00301
0.00293
0.00285
0.00277
0.00269
0.0026
0.00252
0.00243
0.00234
0.00224
0.00215
0.00206
0.00197
0.00187
0.00178
0.00169
0.00159
0.0015
0.00142
0.00133
0.00125
0.00116
0.00108
0.001
0.00092
0.00084
0.00077
0.00069
0.00063
0.00056
0.00049
0.00043
0.00036
0.0003
0.00024
0.00018
0.00012
6e-05
-0.0
-7e-05
-0.00012
-0.00019
-0.00025
-0.00032
-0.00039
-0.00046
-0.00053
-0.0006
-0.00067
-0.00074
-0.00081
-0.00089
-0.00096
-0.00104
-0.00112
-0.00119
-0.00126
-0.00134
-0.00141
-0.00149
-0.00155
-0.00162
-0.00169
-0.00175
-0.00182
-0.00187
-0.00192
-0.00197
-0.00202
-0.00207
-0.0021
-0.00214
-0.00217
-0.00221
-0.00223
-0.00226
-0.00227
-0.00229
-0.00231
-0.00232
-0.00233
-0.00234
-0.00235
-0.00235
-0.00235
-0.00236
-0.00236
-0.00237
-0.00237
-0.00237
-0.00237
-0.00238
-0.00237
-0.00238
-0.00238
-0.00238
-0.00238
-0.00237
-0.00237
-0.00236
-0.00235
-0.00235
-0.00233
-0.00232
-0.0023
-0.00228
-0.00225
-0.00222
-0.00218
-0.00215
-0.00211
-0.00206
-0.00201
-0.00195
-0.00188
-0.00182
-0.00174
-0.00167
-0.00158
-0.0015
-0.0014
-0.00131
-0.0012
-0.00111
-0.00099
-0.00088
-0.00077
-0.00065
-0.00054
-0.00041
-0.00029
-0.00016
-3e-05
9e-05
0.00023
0.00035
0.00049
0.00062
0.00076
0.00088
0.00102
0.00116
0.00129
0.00142
0.00156
0.00169
0.00183
0.00197
0.0021
0.00223
0.00237
0.0025
0.00263
0.00276
0.0029
0.00302
0.00315
0.00328
0.0034
0.00352
0.00364
0.00375
0.00387
0.00398
0.00408
0.00418
0.00428
0.00437
0.00447
0.00454
0.00463
0.0047
0.00477
0.00483
0.00489
0.00494
0.00499
0.00503
0.00507
0.0051
0.00513
0.00515
0.00517
0.00518
0.00519
0.00519
0.00519
0.00518
0.00517
0.00515
0.00513
0.00511
0.00508
0.00505
0.00502
0.00498
0.00495
0.0049
0.00486
0.0048
0.00475
0.0047
0.00464
0.00457
0.00451
0.00444
0.00437
0.0043
0.00422
0.00414
0.00406
0.00398
0.00389
0.0038
0.00371
0.00362
0.00352
0.00342
0.00333
0.00322
0.00313
0.00303
0.00293
0.00282
0.00272
0.00262
0.00252
0.00242
0.00233
0.00223
0.00214
0.00204
0.00196
0.00187
0.00178
0.0017
0.00163
0.00155
0.00148
0.00141
0.00134
0.00128
0.00123
0.00118
0.00113
0.00108
0.00104
0.001
0.00097
0.00094
0.00092
0.00089
0.00087
0.00086
0.00084
0.00083
0.00082
0.00082
0.00082
0.00082
0.00083
0.00083
0.00085
0.00086
0.00087
0.00089
0.00091
0.00092
0.00095
0.00097
0.001
0.00103
0.00106
0.00109
0.00113
0.00116
0.0012
0.00124
0.00128
0.00133
0.00138
0.00142
0.00147
0.00152
0.00158
0.00163
0.00169
0.00175
0.00181
0.00187
0.00193
0.002
0.00207
0.00213
0.0022
0.00227
0.00234
0.00241
0.00248
0.00254
0.00262
0.00268
0.00274
0.00281
0.00287
0.00293
0.00299
0.00304
0.00309
0.00313
0.00318
0.00321
0.00325
0.00327
0.0033
0.00332
0.00333
0.00334
0.00334
0.00334
0.00333
0.00332
0.0033
0.00328
0.00325
0.00321
0.00318
0.00314
0.0031
0.00304
0.00299
0.00293
0.00288
0.00281
0.00275
0.00268
0.00261
0.00254
0.00247
0.0024
0.00233
0.00225
0.00218
0.0021
0.00202
0.00194
0.00186
0.00178
0.0017
0.00162
0.00153
0.00145
0.00136
0.00128
0.00119
0.0011
0.00101
0.00091
0.00082
0.00072
0.00062
0.00052
0.00042
0.00031
0.0002
9e-05
-2e-05
-0.00014
-0.00026
-0.00037
-0.00049
-0.00061
-0.00073
-0.00086
-0.00098
-0.00111
-0.00123
-0.00136
-0.00148
-0.00161
-0.00173
-0.00186
-0.00198
-0.0021
-0.00223
-0.00235
-0.00246
-0.00258
-0.0027
-0.00282
-0.00293
-0.00304
-0.00315
-0.00326
-0.00337
-0.00348
-0.00358
-0.00369
-0.00379
-0.0039
-0.004
-0.0041
-0.00419
-0.00429
-0.00438
-0.00449
-0.00458
-0.00467
-0.00476
-0.00486
-0.00494
-0.00504
-0.00512
-0.0052
-0.00529
-0.00537
-0.00545
-0.00552
-0.00559
-0.00566
-0.00573
-0.0058
-0.00585
-0.00591
-0.00596
-0.00601
-0.00606
-0.0061
-0.00614
-0.00617
-0.0062
-0.00622
-0.00624
-0.00626
-0.00627
-0.00627
-0.00627
-0.00627
-0.00626
-0.00625
-0.00623
-0.00622
-0.00619
-0.00617
-0.00613
-0.0061
-0.00606
-0.00601
-0.00597
-0.00592
-0.00587
-0.00581
-0.00575
-0.0057
-0.00563
-0.00556
-0.00549
-0.00542
-0.00535
-0.00528
-0.00519
-0.00512
-0.00503
-0.00495
-0.00487
-0.00478
-0.00468
-0.00459
-0.00449
-0.0044
-0.0043
-0.0042
-0.0041
-0.004
-0.00389
-0.00379
-0.00367
-0.00357
-0.00346
-0.00335
-0.00324
-0.00312
-0.00301
-0.0029
-0.00278
-0.00267
-0.00256
-0.00244
-0.00233
-0.00222
-0.00211
-0.002
-0.00188
-0.00178
-0.00167
-0.00156
-0.00146
-0.00135
-0.00125
-0.00114
-0.00104
-0.00094
-0.00084
-0.00074
-0.00063
-0.00054
-0.00043
-0.00033
-0.00023
-0.00013
-3e-05
7e-05
0.00017
0.00028
0.00038
0.00048
0.00059
0.00069
0.00079
0.00089
0.001
0.0011
0.0012
0.0013
0.00141
0.0015
0.0016
0.0017
0.00179
0.00188
0.00198
0.00206
0.00215
0.00223
0.00231
0.00239
0.00246
0.00253
0.0026
0.00266
0.00272
0.00277
0.00283
0.00287
0.00291
0.00296
0.00299
0.00303
0.00306
0.00308
0.0031
0.00312
0.00314
0.00314
0.00315
0.00315
0.00316
0.00315
0.00315
0.00313
0.00312
0.00311
0.00309
0.00307
0.00304
0.00301
0.00298
0.00294
0.00291
0.00286
0.00282
0.00277
0.00273
0.00268
0.00262
0.00256
0.0025
0.00244
0.00238
0.00232
0.00226
0.00218
0.00212
0.00205
0.00199
0.00191
0.00185
0.00177
0.00171
0.00164
0.00157
0.00151
0.00144
0.00137
0.00131
0.00125
0.00119
0.00113
0.00107
0.00101
0.00096
0.0009
0.00085
0.00079
0.00074
0.00069
0.00063
0.00058
0.00053
0.00048
0.00043
0.00038
0.00034
0.00028
0.00024
0.00018
0.00014
8e-05
4e-05
-2e-05
-6e-05
-0.00011
-0.00016
-0.00021
-0.00027
-0.00031
-0.00036
-0.00041
-0.00045
-0.0005
-0.00054
-0.00059
-0.00063
-0.00068
-0.00072
-0.00076
-0.00079
-0.00083
-0.00087
-0.0009
-0.00093
-0.00096
-0.00099
-0.00101
-0.00103
-0.00106
-0.00108
-0.0011
-0.00111
-0.00113
-0.00114
-0.00115
-0.00116
-0.00117
-0.00117
-0.00118
-0.00118
-0.00118
-0.00118
-0.00118
-0.00117
-0.00117
-0.00117
-0.00116
-0.00116
-0.00116
-0.00115
-0.00115
-0.00114
-0.00113
-0.00113
-0.00113
-0.00113
-0.00113
-0.00113
-0.00114
-0.00114
-0.00115
-0.00116
-0.00118
-0.00119
-0.00121
-0.00123
-0.00126
-0.00128
-0.00131
-0.00134
-0.00138
-0.00142
-0.00145
-0.00149
-0.00153
-0.00157
-0.00162
-0.00166
-0.00171
-0.00175
-0.0018
-0.00185
-0.0019
-0.00193
-0.00198
-0.00202
-0.00206
-0.0021
-0.00213
-0.00216
-0.00219
-0.00222
-0.00225
-0.00227
-0.00229
-0.0023
-0.00232
-0.00233
-0.00234
-0.00234
-0.00235
-0.00235
-0.00234
-0.00234
-0.00233
-0.00232
-0.00231
-0.0023
-0.00229
-0.00226
-0.00225
-0.00222
-0.00221
-0.00218
-0.00216
-0.00212
-0.0021
-0.00206
-0.00203
-0.002
-0.00196
-0.00191
-0.00187
-0.00182
-0.00178
-0.00173
-0.00168
-0.00162
-0.00156
-0.0015
-0.00144
-0.00137
-0.0013
-0.00123
-0.00116
-0.00109
-0.00101
-0.00093
-0.00085
-0.00076
-0.00068
-0.0006
-0.00051
-0.00042
-0.00034
-0.00025
-0.00016
-7e-05
2e-05
0.00011
0.0002
0.00029
0.00038
0.00047
0.00056
0.00066
0.00074
0.00084
0.00093
0.00102
0.00111
0.00121
0.00129
0.00139
0.00148
0.00157
0.00166
0.00175
0.00184
0.00193
0.00202
0.00211
0.0022
0.00229
0.00237
0.00246
0.00254
0.00262
0.0027
0.00278
0.00286
0.00293
0.003
0.00307
0.00314
0.00321
0.00327
0.00334
0.0034
0.00346
0.00351
0.00357
0.00362
0.00367
0.00372
0.00377
0.00382
0.00386
0.00391
0.00395
0.00399
0.00403
0.00407
0.00411
0.00414
0.00418
0.00422
0.00425
0.00428
0.00432
0.00434
0.00438
0.0044
0.00443
0.00445
0.00447
0.00449
0.00451
0.00452
0.00454
0.00455
0.00456
0.00456
0.00457
0.00457
0.00457
0.00456
0.00456
0.00455
0.00454
0.00453
0.00451
0.0045
0.00448
0.00446
0.00444
0.0044
0.00438
0.00435
0.00432
0.00428
0.00425
0.00421
0.00418
0.00413
0.00409
0.00405
0.004
0.00396
0.00391
0.00387
0.00382
0.00376
0.00372
0.00366
0.00361
0.00356
0.00351
0.00345
0.0034
0.00335
0.0033
0.00325
0.0032
0.00315
0.00311
0.00306
0.00302
0.00297
0.00294
0.0029
0.00287
0.00283
0.0028
0.00277
0.00275
0.00272
0.0027
0.00268
0.00266
0.00264
0.00262
0.00261
0.00259
0.00257
0.00256
0.00254
0.00252
0.0025
0.00248
0.00246
0.00244
0.00241
0.00239
0.00236
0.00232
0.00229
0.00226
0.00222
0.00218
0.00213
0.0021
0.00205
0.002
0.00195
0.0019
0.00185
0.0018
0.00174
0.00169
0.00163
0.00158
0.00153
0.00148
0.00142
0.00137
0.00131
0.00127
0.00122
0.00117
0.00112
0.00107
0.00102
0.00098
0.00093
0.00088
0.00083
0.00079
0.00074
0.00069
0.00065
0.0006
0.00055
0.0005
0.00044
0.00039
0.00033
0.00028
0.00021
0.00016
9e-05
2e-05
-5e-05
-0.00012
-0.00019
-0.00027
-0.00034
-0.00042
-0.00051
-0.00059
-0.00068
-0.00076
-0.00085
-0.00094
-0.00104
-0.00112
-0.00122
-0.00132
-0.00142
-0.00151
-0.00161
-0.00171
-0.00181
-0.0019
-0.002
-0.0021
-0.0022
-0.00229
-0.00239
-0.00248
-0.00258
-0.00267
-0.00277
-0.00286
-0.00295
-0.00304
-0.00312
-0.00321
-0.00329
-0.00337
-0.00345
-0.00353
-0.0036
-0.00367
-0.00374
-0.00381
-0.00388
-0.00394
-0.004
-0.00406
-0.00411
-0.00417
-0.00422
-0.00426
-0.00431
-0.00435
-0.00439
-0.00443
-0.00447
-0.00449
-0.00453
-0.00455
-0.00458
-0.0046
-0.00462
-0.00464
-0.00465
-0.00466
-0.00467
-0.00467
-0.00467
-0.00466
-0.00466
-0.00465
-0.00463
-0.00461
-0.00459
-0.00456
-0.00454
-0.0045
-0.00446
-0.00442
-0.00437
-0.00432
-0.00426
-0.0042
-0.00414
-0.00407
-0.00401
-0.00393
-0.00385
-0.00377
-0.00369
-0.00361
-0.00353
-0.00343
-0.00335
-0.00325
-0.00316
-0.00307
-0.00298
-0.00288
-0.00279
-0.00269
-0.0026
-0.0025
-0.0024
-0.00231
-0.00221
-0.00211
-0.00202
-0.00192
-0.00182
-0.00172
-0.00163
-0.00153
-0.00143
-0.00132
-0.00122
-0.00112
-0.00102
-0.00091
-0.0008
-0.00069
-0.00059
-0.00048
-0.00037
-0.00026
-0.00015
-4e-05
7e-05
0.00018
0.00029
0.0004
0.0005
0.00061
0.00071
0.00082
0.00092
0.00102
0.00111
0.00121
0.0013
0.00139
0.00147
0.00156
0.00163
0.00171
0.00178
0.00185
0.00192
0.00199
0.00204
0.0021
0.00215
0.00221
0.00225
0.0023
0.00234
0.00239
0.00242
0.00246
0.00249
0.00252
0.00255
0.00257
0.00259
0.00262
0.00263
0.00265
0.00266
0.00267
0.00267
0.00268
0.00267
0.00267
0.00266
0.00265
0.00264
0.00262
0.0026
0.00258
0.00255
0.00252
0.00249
0.00246
0.00241
0.00238
0.00233
0.00229
0.00224
0.0022
0.00215
0.0021
0.00204
0.00199
0.00194
0.00189
0.00184
0.00179
0.00173
0.00169
0.00163
0.00159
0.00154
0.0015
0.00145
0.00141
0.00137
0.00133
0.0013
0.00126
0.00123
0.0012
0.00117
0.00114
0.00111
0.00109
0.00106
0.00104
0.00102
0.001
0.00098
0.00096
0.00094
0.00093
0.00091
0.00089
0.00088
0.00087
0.00085
0.00084
0.00083
0.00082
0.00081
0.0008
0.00079
0.00079
0.00078
0.00078
0.00077
0.00077
0.00076
0.00076
0.00076
0.00077
0.00077
0.00077
0.00077
0.00078
0.00079
0.0008
0.00081
0.00082
0.00082
0.00084
0.00085
0.00087
0.00088
0.00089
0.00091
0.00092
0.00094
0.00095
0.00096
0.00098
0.00098
0.001
0.001
0.00102
0.00102
0.00103
0.00103
0.00104
0.00103
0.00103
0.00103
0.00103
0.00102
0.00102
0.001
0.001
0.00098
0.00097
0.00096
0.00094
0.00092
0.00091
0.00089
0.00088
0.00086
0.00084
0.00083
0.00082
0.00081
0.0008
0.00078
0.00078
0.00077
0.00077
0.00076
0.00076
0.00076
0.00077
0.00077
0.00077
0.00078
0.00078
0.00079
0.0008
0.00082
0.00083
0.00083
0.00085
0.00085
0.00086
0.00087
0.00087
0.00087
0.00088
0.00088
0.00088
0.00087
0.00087
0.00086
0.00085
0.00083
0.00082
0.0008
0.00078
0.00075
0.00074
0.0007
0.00068
0.00065
0.00062
0.00059
0.00056
0.00053
0.0005
0.00047
0.00044
0.00041
0.00039
0.00036
0.00034
0.00031
0.00029
0.00027
0.00025
0.00023
0.00022
0.00021
0.0002
0.00018
0.00017
0.00017
0.00016
0.00016
0.00016
0.00015
0.00015
0.00015
0.00015
0.00014
0.00015
0.00014
0.00015
0.00015
0.00015
0.00015
0.00016
0.00016
0.00017
0.00017
0.00018
0.00018
0.0002
0.0002
0.00022
0.00022
0.00024
0.00025
0.00027
0.00028
0.0003
0.00032
0.00033
0.00035
0.00037
0.00039
0.00041
0.00043
0.00045
0.00047
0.00049
0.0005
0.00052
0.00053
0.00055
0.00055
0.00056
0.00056
0.00057
0.00057
0.00057
0.00057
0.00056
0.00055
0.00054
0.00053
0.00052
0.00049
0.00047
0.00045
0.00043
0.0004
0.00037
0.00034
0.00031
0.00028
0.00025
0.00022
0.00019
0.00014
0.00011
7e-05
4e-05
-0.0
-4e-05
-8e-05
-0.00012
-0.00016
-0.00021
-0.00025
-0.0003
-0.00035
-0.00039
-0.00044
-0.00049
-0.00055
-0.0006
-0.00067
-0.00072
-0.00079
-0.00085
-0.00092
-0.00098
-0.00106
-0.00113
-0.00121
-0.00129
-0.00136
-0.00144
-0.00152
-0.0016
-0.00168
-0.00176
-0.00184
-0.00192
-0.002
-0.00208
-0.00216
-0.00223
-0.00231
-0.00238
-0.00245
-0.00252
-0.00258
-0.00264
-0.0027
-0.00275
-0.00281
-0.00285
-0.0029
-0.00294
-0.00298
-0.00301
-0.00304
-0.00306
-0.00309
-0.00311
-0.00313
-0.00314
-0.00315
-0.00315
-0.00315
-0.00315
-0.00315
-0.00314
-0.00314
-0.00312
-0.00311
-0.00309
-0.00307
-0.00305
-0.00302
-0.003
-0.00297
-0.00294
-0.0029
-0.00286
-0.00282
-0.00278
-0.00274
-0.00269
-0.00264
-0.00259
-0.00254
-0.00248
-0.00242
-0.00236
-0.0023
-0.00223
-0.00216
-0.00209
-0.00202
-0.00194
-0.00187
-0.00178
-0.00171
-0.00162
-0.00154
-0.00144
-0.00136
-0.00127
-0.00118
-0.00108
-0.00098
-0.00089
-0.00079
-0.0007
-0.00059
-0.00049
-0.00039
-0.00029
-0.00019
-9e-05
1e-05
0.00012
0.00022
0.00033
0.00042
0.00053
0.00063
0.00073
0.00083
0.00092
0.00102
0.00112
0.00122
0.00131
0.0014
0.00149
0.00158
0.00167
0.00175
0.00184
0.00192
0.002
0.00207
0.00215
0.00221
0.00228
0.00235
0.00241
0.00247
0.00253
0.00258
0.00263
0.00268
0.00272
0.00276
0.0028
0.00283
0.00286
0.00289
0.00291
0.00293
0.00294
0.00296
0.00297
0.00298
0.00299
0.00298
0.00298
0.00298
0.00297
0.00296
0.00295
0.00293
0.00292
0.0029
0.00287
0.00285
0.00282
0.0028
0.00278
0.00275
0.00272
0.00269
0.00267
0.00264
0.00262
0.00259
0.00256
0.00254
0.00252
0.00249
0.00247
0.00246
0.00244
0.00243
0.00242
0.00241
0.0024
0.00239
0.0024
0.0024
0.0024
0.00241
0.00242
0.00242
0.00244
0.00246
0.00247
0.00249
0.00251
0.00254
0.00256
0.00259
0.00262
0.00264
0.00268
0.00271
0.00274
0.00277
0.0028
0.00283
0.00287
0.0029
0.00293
0.00296
0.00299
0.00303
0.00306
0.00309
0.00312
0.00314
0.00318
0.0032
0.00323
0.00326
0.00329
0.00331
0.00334
0.00336
0.00338
0.0034
0.00343
0.00345
0.00347
0.00349
0.00351
0.00352
0.00354
0.00355
0.00356
0.00357
0.00358
0.00358
0.00359
0.00359
0.00359
0.00358
0.00357
0.00356
0.00355
0.00353
0.00351
0.00348
0.00346
0.00343
0.0034
0.00335
0.00331
0.00326
0.00322
0.00316
0.00311
0.00305
0.00299
0.00292
0.00285
0.00278
0.00271
0.00263
0.00256
0.00248
0.0024
0.00231
0.00223
0.00214
0.00206
0.00197
0.00188
0.00179
0.0017
0.00161
0.00152
0.00143
0.00134
0.00124
0.00115
0.00106
0.00097
0.00087
0.00078
0.00069
0.0006
0.0005
0.00041
0.00032
0.00022
0.00013
3e-05
-6e-05
-0.00015
-0.00025
-0.00034
-0.00044
-0.00053
-0.00063
-0.00072
-0.00082
-0.0009
-0.001
-0.00109
-0.00119
-0.00128
-0.00137
-0.00145
-0.00154
-0.00162
-0.00171
-0.00179
-0.00187
-0.00194
-0.00202
-0.00209
-0.00216
-0.00222
-0.00228
-0.00234
-0.0024
-0.00245
-0.0025
-0.00254
-0.00258
-0.00262
-0.00266
-0.00268
-0.00271
-0.00274
-0.00276
-0.00278
-0.00279
-0.0028
-0.00282
-0.00282
-0.00283
-0.00284
-0.00284
-0.00284
-0.00283
-0.00283
-0.00283
-0.00282
-0.00281
-0.0028
-0.0028
-0.00278
-0.00278
-0.00276
-0.00275
-0.00273
-0.00272
-0.0027
-0.00268
-0.00266
-0.00263
-0.00261
-0.00259
-0.00255
-0.00253
-0.00249
-0.00246
-0.00242
-0.00239
-0.00234
-0.0023
-0.00226
-0.00221
-0.00216
-0.00211
-0.00206
-0.002
-0.00194
-0.00189
-0.00182
-0.00176
-0.00169
-0.00163
-0.00156
-0.0015
-0.00142
-0.00135
-0.00128
-0.00121
-0.00113
-0.00106
-0.00098
-0.0009
-0.00082
-0.00074
-0.00066
-0.00058
-0.00049
-0.00041
-0.00032
-0.00023
-0.00014
-5e-05
4e-05
0.00013
0.00022
0.00032
0.00042
0.00051
0.00061
0.00071
0.00081
0.00091
0.00102
0.00111
0.00122
0.00132
0.00143
0.00153
0.00163
0.00173
0.00184
0.00194
0.00205
0.00215
0.00226
0.00236
0.00246
0.00257
0.00268
0.00277
0.00288
0.00298
0.00309
0.00319
0.0033
0.0034
0.0035
0.0036
0.0037
0.0038
0.00391
0.004
0.0041
0.00419
0.00429
0.00438
0.00448
0.00456
0.00465
0.00473
0.00481
0.00488
0.00496
0.00503
0.00509
0.00515
0.00521
0.00526
0.00531
0.00535
0.00539
0.00542
0.00545
0.00547
0.00549
0.0055
0.00551
0.00551
0.0055
0.0055
0.00549
0.00547
0.00546
0.00543
0.0054
0.00537
0.00534
0.0053
0.00526
0.00522
0.00518
0.00513
0.00508
0.00503
0.00497
0.00492
0.00487
0.00481
0.00476
0.0047
0.00465
0.00458
0.00453
0.00447
0.00441
0.00435
0.00429
0.00423
0.00417
0.00411
0.00404
0.00398
0.00392
0.00386
0.0038
0.00373
0.00366
0.00359
0.00353
0.00346
0.00339
0.00331
0.00325
0.00317
0.0031
0.00302
0.00294
0.00286
0.00279
0.00271
0.00263
0.00254
0.00246
0.00238
0.0023
0.00221
0.00213
0.00205
0.00197
0.00189
0.00181
0.00173
0.00165
0.00157
0.0015
0.00142
0.00136
0.00128
0.00122
0.00115
0.0011
0.00103
0.00098
0.00093
0.00088
0.00083
0.00079
0.00075
0.00071
0.00068
0.00065
0.00063
0.00061
0.00059
0.00058
0.00056
0.00056
0.00055
0.00056
0.00056
0.00057
0.00058
0.00059
0.0006
0.00062
0.00065
0.00067
0.0007
0.00074
0.00076
0.0008
0.00083
0.00088
0.00091
0.00095
0.00099
0.00103
0.00107
0.00111
0.00115
0.00118
0.00122
0.00126
0.00129
0.00132
0.00135
0.00138
0.0014
0.00142
0.00143
0.00144
0.00145
0.00146
0.00145
0.00145
0.00144
0.00143
0.00142
0.0014
0.00138
0.00135
0.00132
0.00129
0.00125
0.00122
0.00117
0.00113
0.00107
0.00103
0.00097
0.00091
0.00085
0.00079
0.00073
0.00066
0.00059
0.00052
0.00044
0.00037
0.00029
0.00021
0.00012
3e-05
-6e-05
-0.00015
-0.00024
-0.00034
-0.00044
-0.00054
-0.00064
-0.00075
-0.00085
-0.00096
-0.00107
-0.00118
-0.00129
-0.0014
-0.00151
-0.00162
-0.00174
-0.00185
-0.00196
-0.00208
-0.00219
-0.0023
-0.00241
-0.00252
-0.00263
-0.00274
-0.00285
-0.00295
-0.00306
-0.00315
-0.00326
-0.00336
-0.00346
-0.00355
-0.00365
-0.00374
-0.00383
-0.00391
-0.004
-0.00407
-0.00415
-0.00422
-0.00429
-0.00436
-0.00442
-0.00447
-0.00452
-0.00457
-0.00461
-0.00464
-0.00467
-0.00469
-0.0047
-0.00471
-0.00471
-0.0047
-0.00469
-0.00466
-0.00464
-0.0046
-0.00457
-0.00452
-0.00447
-0.00441
-0.00435
-0.00428
-0.00421
-0.00413
-0.00406
-0.00397
-0.00389
-0.0038
-0.00371
-0.00361
-0.00352
-0.00343
-0.00333
-0.00323
-0.00314
-0.00304
-0.00295
-0.00285
-0.00275
-0.00266
-0.00256
-0.00246
-0.00236
-0.00226
-0.00216
-0.00205
-0.00196
-0.00185
-0.00174
-0.00163
-0.00153
-0.00141
-0.0013
-0.00118
-0.00107
-0.00094
-0.00082
-0.0007
-0.00057
-0.00044
-0.00032
-0.00018
-6e-05
8e-05
0.00021
0.00035
0.00048
0.00061
0.00074
0.00088
0.001
0.00113
0.00126
0.00138
0.00151
0.00163
0.00175
0.00187
0.00198
0.00209
0.0022
0.00231
0.00241
0.00252
0.00261
0.00272
0.00281
0.0029
0.00299
0.00308
0.00317
0.00326
0.00334
0.00342
0.00349
0.00357
0.00364
0.00371
0.00378
0.00384
0.0039
0.00396
0.00401
0.00406
0.0041
0.00414
0.00418
0.00421
0.00423
0.00426
0.00427
0.00428
0.00429
0.00429
0.00428
0.00428
0.00426
0.00425
0.00422
0.00419
0.00415
0.00411
0.00407
0.00403
0.00398
0.00393
0.00386
0.00381
0.00374
0.00368
0.0036
0.00354
0.00346
0.00339
0.00331
0.00323
0.00315
0.00307
0.00299
0.00291
0.00283
0.00275
0.00267
0.00259
0.0025
0.00243
0.00234
0.00226
0.00218
0.0021
0.00202
0.00194
0.00187
0.00179
0.00171
0.00164
0.00157
0.0015
0.00143
0.00136
0.00129
0.00123
0.00116
0.0011
0.00104
0.00099
0.00093
0.00087
0.00082
0.00077
0.00072
0.00067
0.00063
0.00059
0.00054
0.00051
0.00047
0.00043
0.0004
0.00037
0.00033
0.00031
0.00027
0.00025
0.00022
0.00019
0.00016
0.00014
0.00012
9e-05
6e-05
4e-05
1e-05
-1e-05
-4e-05
-7e-05
-0.0001
-0.00012
-0.00016
-0.00019
-0.00022
-0.00026
-0.00029
-0.00033
-0.00036
-0.0004
-0.00044
-0.00048
-0.00052
-0.00056
-0.0006
-0.00064
-0.00069
-0.00073
-0.00077
-0.00081
-0.00085
-0.0009
-0.00093
-0.00097
-0.00101
-0.00104
-0.00108
-0.00111
-0.00114
-0.00117
-0.0012
-0.00122
-0.00125
-0.00126
-0.00129
-0.0013
-0.00132
-0.00134
-0.00135
-0.00135
-0.00136
-0.00136
-0.00138
-0.00137
-0.00138
-0.00137
-0.00137
-0.00137
-0.00137
-0.00135
-0.00135
-0.00134
-0.00133
-0.00132
-0.0013
-0.00129
-0.00127
-0.00125
-0.00124
-0.00121
-0.00119
-0.00116
-0.00113
-0.0011
-0.00107
-0.00103
-0.00099
-0.00095
-0.00091
-0.00086
-0.00081
-0.00076
-0.0007
-0.00064
-0.00059
-0.00052
-0.00046
-0.00038
-0.00032
-0.00024
-0.00018
-0.0001
-2e-05
6e-05
0.00013
0.00021
0.00029
0.00037
0.00045
0.00053
0.0006
0.00068
0.00075
0.00083
0.00089
0.00096
0.00103
0.0011
0.00116
0.00122
0.00128
0.00133
0.00138
0.00144
0.00148
0.00153
0.00157
0.00161
0.00165
0.00169
