1.70713618591912E+03

0.00206
0.00205
0.00204
0.00203
0.00202
0.00201
0.002
0.00199
0.00197
0.00196
0.00195
0.00194
0.00193
0.0019
0.00189
0.00187
0.00186
0.00184
0.00182
0.0018
0.00179
0.00176
0.00174
0.00172
0.0017
0.00168
0.00167
0.00165
0.00163
0.00161
0.00159
0.00157
0.00155
0.00153
0.00151
0.00149
0.00148
0.00145
0.00143
0.00141
0.00138
0.00136
0.00134
0.00131
0.00128
0.00125
0.00122
0.00118
0.00115
0.0011
0.00106
0.00101
0.00096
0.0009
0.00084
0.00078
0.00071
0.00064
0.00057
0.00049
0.00041
0.00032
0.00023
0.00014
4e-05
-6e-05
-0.00016
-0.00027
-0.00037
-0.00049
-0.0006
-0.00071
-0.00083
-0.00094
-0.00105
-0.00116
-0.00128
-0.00139
-0.0015
-0.00161
-0.00172
-0.00183
-0.00193
-0.00203
-0.00212
-0.00222
-0.00231
-0.0024
-0.00248
-0.00257
-0.00264
-0.00271
-0.00278
-0.00285
-0.00291
-0.00297
-0.00302
-0.00307
-0.00312
-0.00316
-0.0032
-0.00323
-0.00327
-0.0033
-0.00332
-0.00334
-0.00336
-0.00338
-0.00338
-0.0034
-0.0034
-0.0034
-0.0034
-0.0034
-0.00339
-0.00338
-0.00336
-0.00335
-0.00333
-0.00331
-0.00328
-0.00325
-0.00322
-0.00318
-0.00315
-0.00311
-0.00306
-0.00302
-0.00297
-0.00293
-0.00287
-0.00282
-0.00276
-0.0027
-0.00264
-0.00258
-0.00252
-0.00245
-0.00238
-0.00231
-0.00224
-0.00217
-0.00209
-0.00202
-0.00194
-0.00187
-0.00178
-0.00171
-0.00162
-0.00154
-0.00145
-0.00137
-0.00128
-0.00119
-0.0011
-0.00101
-0.00092
-0.00083
-0.00074
-0.00065
-0.00055
-0.00047
-0.00037
-0.00028
-0.00019
-0.0001
-0.0
9e-05
0.00018
0.00027
0.00036
0.00045
0.00055
0.00063
0.00073
0.00082
0.00091
0.00099
0.00109
0.00117
0.00127
0.00135
0.00144
0.00153
0.00161
0.0017
0.00179
0.00187
0.00196
0.00204
0.00213
0.00221
0.0023
0.00237
0.00246
0.00253
0.00262
0.00269
0.00276
0.00283
0.0029
0.00297
0.00303
0.00309
0.00316
0.00321
0.00326
0.00331
0.00336
0.00339
0.00344
0.00347
0.00351
0.00353
0.00356
0.00358
0.0036
0.00362
0.00363
0.00365
0.00366
0.00366
0.00368
0.00368
0.00369
0.00369
0.0037
0.0037
0.00371
0.00371
0.00371
0.00372
0.00372
0.00373
0.00374
0.00375
0.00376
0.00377
0.00378
0.00379
0.00381
0.00382
0.00383
0.00384
0.00386
0.00387
0.00389
0.0039
0.00391
0.00393
0.00394
0.00395
0.00396
0.00396
0.00397
0.00397
0.00398
0.00397
0.00397
0.00396
0.00396
0.00396
0.00395
0.00393
0.00392
0.00391
0.0039
0.00388
0.00387
0.00385
0.00383
0.00381
0.0038
0.00378
0.00376
0.00374
0.00372
0.0037
0.00368
0.00366
0.00364
0.00362
0.0036
0.00358
0.00356
0.00353
0.00351
0.00348
0.00346
0.00343
0.0034
0.00337
0.00334
0.0033
0.00326
0.00322
0.00318
0.00314
0.0031
0.00305
0.003
0.00295
0.0029
0.00284
0.00279
0.00273
0.00268
0.00261
0.00256
0.0025
0.00244
0.00237
0.00231
0.00225
0.00219
0.00213
0.00207
0.00201
0.00195
0.00189
0.00183
0.00177
0.00171
0.00164
0.00159
0.00153
0.00147
0.0014
0.00134
0.00128
0.00122
0.00116
0.0011
0.00104
0.00098
0.00091
0.00086
0.00079
0.00074
0.00067
0.00062
0.00056
0.00051
0.00045
0.0004
0.00035
0.00031
0.00027
0.00023
0.00019
0.00016
0.00012
0.0001
7e-05
5e-05
3e-05
2e-05
1e-05
0.0
-0.0
-0.0
0.0
1e-05
2e-05
3e-05
4e-05
6e-05
7e-05
0.0001
0.00012
0.00014
0.00016
0.0002
0.00022
0.00025
0.00028
0.00031
0.00034
0.00038
0.00041
0.00045
0.00048
0.00053
0.00056
0.00061
0.00065
0.00069
0.00073
0.00078
0.00082
0.00087
0.00091
0.00095
0.001
0.00105
0.00109
0.00114
0.00117
0.00122
0.00126
0.0013
0.00133
0.00137
0.0014
0.00143
0.00145
0.00148
0.0015
0.00151
0.00153
0.00154
0.00155
0.00155
0.00155
0.00155
0.00154
0.00153
0.00152
0.00151
0.00149
0.00147
0.00144
0.00142
0.00139
0.00136
0.00133
0.0013
0.00126
0.00123
0.00119
0.00115
0.00111
0.00107
0.00102
0.00098
0.00093
0.00089
0.00084
0.00079
0.00074
0.00069
0.00064
0.00058
0.00053
0.00047
0.00041
0.00035
0.00029
0.00024
0.00017
0.00011
5e-05
-1e-05
-7e-05
-0.00014
-0.0002
-0.00026
-0.00032
-0.00038
-0.00043
-0.00049
-0.00055
-0.0006
-0.00066
-0.0007
-0.00076
-0.0008
-0.00085
-0.0009
-0.00094
-0.00099
-0.00103
-0.00108
-0.00112
-0.00116
-0.0012
-0.00125
-0.00129
-0.00133
-0.00138
-0.00142
-0.00146
-0.00151
-0.00155
-0.00159
-0.00164
-0.00168
-0.00173
-0.00177
-0.00181
-0.00185
-0.00189
-0.00193
-0.00197
-0.002
-0.00203
-0.00205
-0.00208
-0.0021
-0.00212
-0.00212
-0.00213
-0.00213
-0.00213
-0.00213
-0.00211
-0.00209
-0.00207
-0.00204
-0.00202
-0.00198
-0.00194
-0.00189
-0.00185
-0.0018
-0.00175
-0.00169
-0.00164
-0.00158
-0.00152
-0.00147
-0.0014
-0.00134
-0.00128
-0.00122
-0.00117
-0.00111
-0.00106
-0.001
-0.00095
-0.00089
-0.00085
-0.00079
-0.00074
-0.0007
-0.00065
-0.00061
-0.00056
-0.00052
-0.00047
-0.00042
-0.00038
-0.00034
-0.00029
-0.00024
-0.0002
-0.00015
-0.0001
-5e-05
0.0
5e-05
0.0001
0.00016
0.00021
0.00027
0.00032
0.00038
0.00043
0.00049
0.00054
0.0006
0.00065
0.0007
0.00074
0.00079
0.00083
0.00087
0.00091
0.00094
0.00097
0.001
0.00102
0.00104
0.00105
0.00107
0.00107
0.00108
0.00107
0.00107
0.00106
0.00105
0.00103
0.00102
0.001
0.00097
0.00095
0.00093
0.0009
0.00088
0.00085
0.00082
0.00079
0.00077
0.00074
0.00072
0.00069
0.00067
0.00065
0.00062
0.0006
0.00058
0.00057
0.00055
0.00054
0.00052
0.00051
0.0005
0.00048
0.00047
0.00046
0.00045
0.00043
0.00043
0.00041
0.0004
0.00039
0.00038
0.00037
0.00035
0.00034
0.00033
0.00031
0.0003
0.00029
0.00028
0.00026
0.00026
0.00024
0.00024
0.00022
0.00022
0.00021
0.0002
0.0002
0.0002
0.00019
0.00019
0.00019
0.00019
0.00019
0.0002
0.0002
0.0002
0.0002
0.00021
0.00021
0.00021
0.00021
0.00021
0.00021
0.0002
0.0002
0.00019
0.00018
0.00017
0.00016
0.00014
0.00012
0.00011
8e-05
7e-05
4e-05
2e-05
-1e-05
-4e-05
-6e-05
-9e-05
-0.00011
-0.00014
-0.00017
-0.00019
-0.00022
-0.00024
-0.00026
-0.00028
-0.00031
-0.00032
-0.00035
-0.00037
-0.00038
-0.0004
-0.00042
-0.00043
-0.00045
-0.00046
-0.00048
-0.00049
-0.00051
-0.00052
-0.00054
-0.00056
-0.00058
-0.00059
-0.00061
-0.00063
-0.00064
-0.00066
-0.00068
-0.00069
-0.00071
-0.00072
-0.00074
-0.00074
-0.00076
-0.00076
-0.00076
-0.00076
-0.00077
-0.00076
-0.00075
-0.00074
-0.00072
-0.00071
-0.00068
-0.00066
-0.00063
-0.00059
-0.00055
-0.00051
-0.00046
-0.00041
-0.00037
-0.00031
-0.00025
-0.00019
-0.00013
-7e-05
-0.0
6e-05
0.00013
0.0002
0.00027
0.00034
0.00041
0.00048
0.00055
0.00062
0.00068
0.00075
0.00081
0.00087
0.00094
0.00099
0.00105
0.00111
0.00117
0.00122
0.00127
0.00133
0.00138
0.00143
0.00148
0.00154
0.00159
0.00165
0.0017
0.00176
0.00182
0.00188
0.00195
0.00202
0.0021
0.00218
0.00226
0.00235
0.00244
0.00254
0.00263
0.00273
0.00283
0.00293
0.00303
0.00314
0.00324
0.00334
0.00343
0.00353
0.00362
0.0037
0.00379
0.00386
0.00393
0.004
0.00405
0.0041
0.00414
0.00418
0.00421
0.00424
0.00427
0.00429
0.00431
0.00433
0.00435
0.00437
0.00439
0.00442
0.00444
0.00448
0.00451
0.00455
0.0046
0.00465
0.0047
0.00475
0.00481
0.00486
0.00492
0.00497
0.00503
0.00508
0.00512
0.00515
0.00518
0.00519
0.00519
0.00519
0.00517
0.00514
0.00509
0.00503
0.00497
0.00488
0.0048
0.00471
0.00462
0.00452
0.00443
0.00434
0.00426
0.00418
0.00413
0.00409
0.00407
0.00407
0.00409
0.00415
0.00423
0.00433
0.00448
0.00464
0.00484
0.00507
0.00533
0.00561
0.00593
0.00626
0.00661
0.00699
0.00739
0.0078
0.00823
0.00868
0.00915
0.00963
0.01013
0.01066
0.01121
0.01178
0.01239
0.01304
0.01374
0.01448
0.01528
0.01615
0.0171
0.01812
0.01924
0.02046
0.02178
0.02321
0.02476
0.02644
0.02824
0.03018
0.03224
0.03443
0.03676
0.0392
0.04175
0.04443
0.0472
0.05006
0.05299
0.05599
0.05904
0.06211
0.0652
0.06828
0.07135
0.07437
0.07733
0.08022
0.08302
0.0857
0.08826
0.0907
0.09299
0.09511
0.09708
0.09888
0.1005
0.10195
0.10323
0.10435
0.10529
0.10608
0.10671
0.10721
0.10721
0.10721
0.10721
0.10721
0.10721
0.10721
0.10721
0.10721
0.10721
0.1071
0.10687
0.10664
0.10642
0.10622
0.10605
0.1059
0.1058
0.10572
0.10568
0.10567
0.1057
0.10575
0.10584
0.10595
0.10608
0.10622
0.10637
0.10653
0.10669
0.10684
0.10698
0.10712
0.10721
0.10721
0.10721
0.10721
0.10721
0.10721
0.10721
0.10721
0.10721
0.10721
0.10721
0.10721
0.10721
0.10716
0.10707
0.10699
0.10691
0.10683
0.10676
0.1067
0.10665
0.10661
0.10659
0.10657
0.10658
0.10659
0.10661
0.10665
0.10669
0.10674
0.10679
0.10684
0.10691
0.10697
0.10703
0.10708
0.10714
0.10718
0.10721
0.10721
0.10721
0.10721
0.10721
0.10721
0.10721
0.10721
0.10721
0.10721
0.10721
0.10717
0.10714
0.1071
0.10707
0.10703
0.107
0.10697
0.10694
0.10692
0.1069
0.10689
0.10688
0.10688
0.10688
0.10688
0.1069
0.10691
0.10693
0.10695
0.10697
0.10699
0.10702
0.10704
0.10707
0.10709
0.10711
0.10713
0.10715
0.10716
0.10717
0.10717
0.10718
0.10718
0.10718
0.10717
0.10717
0.10715
0.10715
0.10714
0.10713
0.10711
0.1071
0.1071
0.10708
0.10707
0.10706
0.10705
0.10705
0.10704
0.10704
0.10704
0.10705
0.10705
0.10706
0.10706
0.10707
0.10708
0.10709
0.1071
0.10711
0.10712
0.10713
0.10713
0.10715
0.10715
0.10716
0.10716
0.10718
0.10718
0.10719
0.10719
0.10719
0.10719
0.10719
0.10719
0.10719
0.10719
0.10719
0.10718
0.10719
0.10718
0.10718
0.10717
0.10717
0.10717
0.10718
0.10717
0.10717
0.10717
0.10717
0.10718
0.10717
0.10717
0.10717
0.10717
0.10718
0.10717
0.10718
0.10717
0.10718
0.10717
0.10718
0.10717
0.10717
0.10717
0.10717
0.10716
0.10716
0.10715
0.10715
0.10714
0.10714
0.10713
0.10713
0.10712
0.10712
0.10712
0.10712
0.10712
0.10712
0.10712
0.10712
0.10713
0.10713
0.10713
0.10714
0.10714
0.10715
0.10715
0.10716
0.10716
0.10718
0.10718
0.10719
0.10719
0.10719
0.10719
0.10719
0.10719
0.10719
0.10718
0.10718
0.10717
0.10716
0.10715
0.10714
0.10713
0.10712
0.1071
0.1071
0.10708
0.10708
0.10707
0.10707
0.10707
0.10706
0.10706
0.10706
0.10707
0.10708
0.10708
0.1071
0.10711
0.10713
0.10714
0.10716
0.10717
0.10719
0.10721
0.10721
0.10721
0.10721
0.10721
0.10721
0.10721
0.10721
0.10721
0.10721
0.1072
0.10718
0.10715
0.10713
0.1071
0.10706
0.10704
0.107
0.10697
0.10694
0.10692
0.1069
0.10688
0.10687
0.10686
0.10687
0.10687
0.10689
0.10692
0.10695
0.10698
0.10703
0.10708
0.10713
0.10718
0.10721
0.10721
0.10721
0.10721
0.10721
0.10721
0.10721
0.10721
0.10721
0.10717
0.10705
0.10689
0.10671
0.10648
0.10621
0.10591
0.10555
0.10515
0.10471
0.10422
0.10369
0.10311
0.10249
0.10183
0.10113
0.1004
0.09963
0.09883
0.09801
0.09716
0.0963
0.09541
0.09452
0.09361
0.09271
0.0918
0.09089
0.08998
0.08909
0.0882
0.08732
0.08646
0.08562
0.08478
0.08397
0.08317
0.08239
0.08162
0.08087
0.08014
0.07941
0.0787
0.07801
0.07732
0.07665
0.07597
0.07531
0.07465
0.074
0.07335
0.0727
0.07206
0.07142
0.07078
0.07013
0.06949
0.06886
0.06822
0.06759
0.06696
0.06634
0.06572
0.0651
0.0645
0.0639
0.0633
0.06272
0.06215
0.06158
0.06103
0.06049
0.05995
0.05943
0.05892
0.05842
0.05793
0.05745
0.05698
0.05652
0.05606
0.05562
0.05518
0.05474
0.05432
0.05389
0.05347
0.05306
0.05264
0.05223
0.05182
0.05142
0.05101
0.05061
0.0502
0.0498
0.04941
0.04901
0.04862
0.04822
0.04784
0.04745
0.04706
0.04668
0.04631
0.04593
0.04556
0.0452
0.04483
0.04448
0.04412
0.04377
0.04343
0.04309
0.04275
0.04241
0.04208
0.04175
0.04143
0.04111
0.04079
0.04048
0.04016
0.03985
0.03954
0.03924
0.03894
0.03864
0.03834
0.03805
0.03776
0.03747
0.03719
0.03691
0.03663
0.03636
0.03609
0.03584
0.03558
0.03532
0.03507
0.03483
0.03459
0.03436
0.03413
0.03391
0.03369
0.03347
0.03326
0.03305
0.03285
0.03265
0.03245
0.03226
0.03207
0.03188
0.0317
0.03151
0.03133
0.03115
0.03097
0.0308
0.03062
0.03045
0.03028
0.03011
0.02994
0.02977
0.0296
0.02944
0.02928
0.02912
0.02897
0.02882
0.02866
0.02851
0.02837
0.02822
0.02808
0.02794
0.0278
0.02767
0.02753
0.0274
0.02727
0.02715
0.02702
0.02689
0.02677
0.02664
0.02652
0.02639
0.02627
0.02614
0.02602
0.02589
0.02577
0.02564
0.02551
0.02538
0.02525
0.02513
0.025
0.02486
0.02473
0.0246
0.02447
0.02434
0.02421
0.02407
0.02394
0.02381
0.02368
0.02355
0.02343
0.0233
0.02318
0.02305
0.02293
0.02281
0.02269
0.02257
0.02246
0.02234
0.02223
0.02212
0.02201
0.0219
0.02179
0.02168
0.02157
0.02147
0.02136
0.02126
0.02116
0.02105
0.02095
0.02085
0.02075
0.02065
0.02055
0.02044
0.02034
0.02024
0.02014
0.02004
0.01994
0.01984
0.01973
0.01963
0.01953
0.01942
0.01932
0.01922
0.01911
0.019
0.01889
0.01878
0.01867
0.01856
0.01844
0.01832
0.0182
0.01808
0.01796
0.01784
0.01771
0.01758
0.01745
0.01731
0.01718
0.01704
0.0169
0.01676
0.01662
0.01647
0.01632
0.01617
0.01602
0.01587
0.01572
0.01557
0.01542
0.01526
0.01511
0.01495
0.0148
0.01465
0.0145
0.01434
0.01419
0.01404
0.01388
0.01374
0.01358
0.01344
0.01329
0.01315
0.01301
0.01286
0.01273
0.01259
0.01246
0.01232
0.01219
0.01206
0.01194
0.01181
0.01169
0.01157
0.01146
0.01135
0.01124
0.01113
0.01103
0.01093
0.01083
0.01074
0.01065
0.01056
0.01048
0.0104
0.01032
0.01025
0.01017
0.0101
0.01004
0.00997
0.00991
0.00985
0.0098
0.00974
0.00969
0.00963
0.00959
0.00954
0.00949
0.00944
0.0094
0.00936
0.00932
0.00927
0.00924
0.0092
0.00916
0.00913
0.0091
0.00906
0.00903
0.00901
0.00898
0.00895
0.00893
0.00891
0.00889
0.00887
0.00886
0.00885
0.00883
0.00882
0.00882
0.00881
0.00881
0.0088
0.0088
0.0088
0.00881
0.0088
0.00881
0.00881
0.00882
0.00882
0.00883
0.00883
0.00884
0.00884
0.00885
0.00886
0.00886
0.00887
0.00887
0.00888
0.00888
0.00888
0.00889
0.00889
0.0089
0.0089
0.0089
0.00889
0.00889
0.00889
0.00889
0.00889
0.00889
0.00888
0.00888
0.00887
0.00886
0.00885
0.00885
0.00883
0.00883
0.00881
0.0088
0.00878
0.00877
0.00875
0.00874
0.00872
0.0087
0.00868
0.00866
0.00864
0.00862
0.00859
0.00858
0.00855
0.00853
0.00851
0.00848
0.00846
0.00844
0.00842
0.0084
0.00837
0.00836
0.00833
0.00832
0.0083
0.00828
0.00826
0.00825
0.00823
0.00822
0.0082
0.00819
0.00817
0.00816
0.00815
0.00814
0.00813
0.00812
0.0081
0.0081
0.00808
0.00808
0.00806
0.00806
0.00804
0.00804
0.00802
0.00802
0.008
0.00799
0.00798
0.00797
0.00797
0.00796
0.00794
0.00793
0.00792
0.00791
0.0079
0.00789
0.00787
0.00787
0.00785
0.00784
0.00782
0.0078
0.00779
0.00777
0.00775
0.00774
0.00771
0.0077
0.00767
0.00765
0.00762
0.0076
0.00757
0.00755
0.00752
0.00749
0.00746
0.00743
0.0074
0.00737
0.00734
0.00731
0.00727
0.00725
0.00721
0.00718
0.00715
0.00712
0.00709
0.00706
0.00703
0.007
0.00697
0.00695
0.00692
0.00689
0.00687
0.00684
0.00681
0.00679
0.00676
0.00673
0.0067
0.00667
0.00664
0.00661
0.00658
0.00655
0.00651
0.00647
0.00644
0.0064
0.00636
0.00632
0.00628
0.00624
0.00619
0.00615
0.0061
0.00606
0.00601
0.00597
0.00592
0.00587
0.00582
0.00577
0.00573
0.00568
0.00564
0.0056
0.00555
0.00551
0.00546
0.00543
0.00538
0.00534
0.0053
0.00527
0.00523
0.00519
0.00515
0.00511
0.00507
0.00503
0.00499
0.00496
0.00491
0.00487
0.00482
0.00478
0.00473
0.00468
0.00462
0.00457
0.00451
0.00445
0.00438
0.00431
0.00424
0.00417
0.00409
0.00402
0.00393
0.00385
0.00375
0.00366
0.00357
0.00347
0.00337
0.00327
0.00316
0.00305
0.00294
0.00283
0.00272
0.0026
0.00249
0.00238
0.00226
0.00215
0.00203
0.00192
0.0018
0.00169
0.00157
0.00147
0.00136
0.00125
0.00115
0.00105
0.00095
0.00086
0.00077
0.00068
0.00059
0.00052
0.00044
0.00038
0.00031
0.00025
0.00019
0.00014
9e-05
5e-05
1e-05
-2e-05
-5e-05
-7e-05
-9e-05
-0.0001
-0.00011
-0.00011
-0.00011
-0.00011
-0.0001
-9e-05
-8e-05
-6e-05
-4e-05
-1e-05
1e-05
4e-05
8e-05
0.00012
0.00016
0.0002
0.00024
0.00029
0.00034
0.00039
0.00044
0.0005
0.00056
0.00063
0.00069
0.00075
0.00082
0.00089
0.00096
0.00103
0.00111
0.00119
0.00126
0.00135
0.00142
0.00151
0.00159
0.00168
0.00176
0.00185
0.00193
0.00202
0.00211
0.0022
0.00229
0.00238
0.00246
0.00256
0.00264
0.00273
0.00282
0.00291
0.00299
0.00308
0.00316
0.00326
0.00334
0.00342
0.00351
0.00359
0.00367
0.00375
0.00383
0.00391
0.00399
0.00407
0.00414
0.00422
0.00428
0.00436
0.00442
0.0045
0.00456
0.00462
0.00468
0.00474
0.0048
0.00486
0.00491
0.00496
0.00501
0.00506
0.0051
0.00514
0.00518
0.00522
0.00525
0.00529
0.00532
0.00534
0.00537
0.0054
0.00542
0.00545
0.00547
0.00549
0.00551
0.00553
0.00555
0.00557
0.00558
0.0056
0.00562
0.00564
0.00565
0.00567
0.00568
0.0057
0.00572
0.00574
0.00575
0.00577
0.00578
0.0058
0.00582
0.00584
0.00585
0.00586
0.00587
0.00589
0.0059
0.00591
0.00592
0.00593
0.00594
0.00596
0.00596
0.00597
0.00598
0.00599
0.00599
0.006
0.006
0.006
0.006
0.00601
0.006
0.006
0.006
0.00599
0.00599
0.00599
0.00598
0.00597
0.00595
0.00594
0.00592
0.0059
0.00587
0.00585
0.00581
0.00578
0.00574
0.0057
0.00565
0.00559
0.00554
0.00548
0.00541
0.00534
0.00526
0.00519
0.0051
0.00501
0.00492
0.00482
0.00472
0.00462
0.00451
0.0044
0.00429
0.00417
0.00406
0.00394
0.00382
0.00371
0.00359
0.00347
0.00335
0.00324
0.00312
0.00301
0.00289
0.00278
0.00267
0.00255
0.00244
0.00233
0.00222
0.00212
0.00201
0.0019
0.00179
0.00169
0.00158
0.00147
0.00136
0.00125
0.00114
0.00104
0.00092
0.00081
0.0007
0.00059
0.00048
0.00037
0.00026
0.00016
5e-05
-6e-05
-0.00016
-0.00026
-0.00036
-0.00045
-0.00055
-0.00064
-0.00073
-0.00081
-0.00089
-0.00097
-0.00104
-0.0011
-0.00116
-0.00122
-0.00128
-0.00133
-0.00138
-0.00143
-0.00147
-0.00151
-0.00155
-0.00158
-0.00162
-0.00165
-0.00169
-0.00172
-0.00174
-0.00177
-0.0018
-0.00183
-0.00186
-0.00189
-0.00192
-0.00195
-0.00198
-0.00201
-0.00204
-0.00207
-0.0021
-0.00213
-0.00216
-0.00219
-0.00222
-0.00225
-0.00227
-0.0023
-0.00233
-0.00235
-0.00238
-0.0024
-0.00242
-0.00244
-0.00246
-0.00248
-0.0025
-0.00252
-0.00254
-0.00256
-0.00257
-0.00259
-0.00261
-0.00263
-0.00265
-0.00267
-0.00269
-0.00271
-0.00274
-0.00276
-0.00279
-0.00281
-0.00284
-0.00288
-0.00291
-0.00294
-0.00297
-0.00301
-0.00304
-0.00308
-0.00312
-0.00315
-0.00319
-0.00322
-0.00326
-0.0033
-0.00334
-0.00337
-0.00341
-0.00344
-0.00348
-0.00352
-0.00355
-0.00358
-0.00361
-0.00364
-0.00368
-0.00371
-0.00374
-0.00377
-0.0038
-0.00383
-0.00386
-0.00388
-0.00391
-0.00394
-0.00397
-0.00399
-0.00402
-0.00404
-0.00406
-0.00408
-0.00411
-0.00412
-0.00414
-0.00415
-0.00417
-0.00418
-0.00419
-0.00419
-0.0042
-0.0042
-0.0042
-0.0042
-0.00419
-0.00418
-0.00417
-0.00415
-0.00414
-0.00412
-0.0041
-0.00407
-0.00405
-0.00402
-0.004
-0.00396
-0.00393
-0.00389
-0.00385
-0.00381
-0.00377
-0.00372
-0.00368
-0.00363
-0.00358
-0.00353
-0.00347
-0.00341
-0.00336
-0.00329
-0.00323
-0.00316
-0.00309
-0.00302
-0.00295
-0.00287
-0.00279
-0.00271
-0.00262
-0.00253
-0.00244
-0.00235
-0.00225
-0.00215
-0.00205
-0.00195
-0.00185
-0.00173
-0.00162
-0.00151
-0.0014
-0.00129
-0.00117
-0.00105
-0.00093
-0.00081
-0.0007
-0.00057
-0.00045
-0.00032
-0.0002
-7e-05
5e-05
0.00018
0.00031
0.00043
0.00056
0.00069
0.00082
0.00096
0.00109
0.00122
0.00135
0.00148
0.00161
0.00175
0.00188
0.00201
0.00214
0.00227
0.00239
0.00252
0.00264
0.00277
0.00289
0.003
0.00312
0.00323
0.00333
0.00344
0.00354
0.00364
0.00372
0.00381
0.00389
0.00397
0.00405
0.00411
0.00417
0.00423
0.00429
0.00434
0.00438
0.00442
0.00445
0.00449
0.00451
0.00454
0.00456
0.00458
0.00459
0.0046
0.00461
0.00461
0.00461
0.00461
0.00461
0.0046
0.00459
0.00458
0.00456
0.00455
0.00453
0.00452
0.00449
0.00447
0.00444
0.00441
0.00438
0.00434
0.00431
0.00427
0.00423
0.00419
0.00414
0.0041
0.00405
0.004
0.00394
0.00389
0.00383
0.00378
0.00372
0.00367
0.0036
0.00354
0.00348
0.00342
0.00336
0.0033
0.00324
0.00319
0.00312
0.00307
0.00302
0.00297
0.00291
0.00287
0.00282
0.00278
0.00274
0.00271
0.00267
0.00264
0.00261
0.00259
0.00257
0.00256
0.00254
0.00254
0.00253
0.00253
0.00253
0.00253
0.00254
0.00255
0.00256
0.00257
0.00259
0.0026
0.00262
0.00263
0.00265
0.00267
0.00269
0.00271
0.00272
0.00274
0.00275
0.00276
0.00277
0.00278
0.00278
0.00278
0.00278
0.00277
0.00276
0.00275
0.00274
0.00272
0.00269
0.00267
0.00264
0.00261
0.00257
0.00253
0.00248
0.00244
0.00239
0.00233
0.00228
0.00222
0.00215
0.00209
0.00203
0.00196
0.00188
0.00182
0.00174
0.00167
0.00158
0.00151
0.00142
0.00135
0.00126
0.00118
0.00109
0.001
0.00091
0.00082
0.00073
0.00064
0.00055
0.00046
0.00036
0.00027
0.00017
8e-05
-1e-05
-0.0001
-0.0002
-0.00029
-0.00038
-0.00047
-0.00056
-0.00065
-0.00073
-0.00081
-0.0009
-0.00097
-0.00105
-0.00112
-0.00119
-0.00125
-0.00132
-0.00137
-0.00143
-0.00148
-0.00153
-0.00157
-0.00161
-0.00164
-0.00167
-0.00169
-0.00172
-0.00173
-0.00175
-0.00175
-0.00176
-0.00176
-0.00176
-0.00175
-0.00174
-0.00173
-0.00171
-0.00169
-0.00167
-0.00165
-0.00162
-0.00159
-0.00156
-0.00152
-0.00149
-0.00145
-0.00141
-0.00137
-0.00133
-0.00128
-0.00124
-0.00119
-0.00115
-0.0011
-0.00105
-0.00099
-0.00094
-0.00089
-0.00084
-0.00078
-0.00072
-0.00066
-0.00061
-0.00054
-0.00049
-0.00042
-0.00036
-0.0003
-0.00024
-0.00018
-0.00011
-5e-05
2e-05
9e-05
0.00015
0.00022
0.00028
0.00035
0.00041
0.00048
0.00054
0.00061
0.00067
0.00074
0.00081
0.00087
0.00094
0.00101
0.00108
0.00115
0.00122
0.00129
0.00136
0.00144
0.00151
0.00158
0.00166
0.00174
0.00182
0.00189
0.00197
0.00205
0.00214
0.00222
0.0023
0.00239
0.00246
0.00255
0.00263
0.00271
0.00279
0.00286
0.00293
0.00301
0.00308
0.00314
0.0032
0.00326
0.00331
0.00336
0.00341
0.00345
0.00348
0.00351
0.00353
0.00356
0.00357
0.00358
0.00358
0.00359
0.00358
0.00358
0.00356
0.00355
0.00353
0.0035
0.00348
0.00345
0.00341
0.00338
0.00334
0.0033
0.00326
0.00322
0.00317
0.00313
0.00308
0.00303
0.00298
0.00293
0.00288
0.00283
0.00278
0.00273
0.00267
0.00263
0.00257
0.00253
0.00247
0.00243
0.00238
0.00234
0.00229
0.00225
0.00221
0.00217
0.00213
0.0021
0.00206
0.00204
0.002
0.00198
0.00196
0.00195
0.00193
0.00192
0.0019
0.0019
0.0019
0.0019
0.0019
0.00191
0.00192
0.00194
0.00195
0.00197
0.00199
0.00202
0.00204
0.00207
0.0021
0.00213
0.00216
0.0022
0.00224
0.00227
0.00231
0.00235
0.00239
0.00243
0.00247
0.00251
0.00255
0.00259
0.00263
0.00268
0.00272
0.00276
0.0028
0.00285
0.00289
0.00293
0.00297
0.00301
0.00305
0.00309
0.00313
0.00318
0.00321
0.00325
0.00329
0.00333
0.00336
0.0034
0.00343
0.00347
0.0035
0.00353
0.00356
0.00359
0.00361
0.00364
0.00367
0.00369
0.00371
0.00373
0.00375
0.00377
0.00379
0.0038
0.00382
0.00384
0.00385
0.00386
0.00387
0.00388
0.00389
0.00391
0.00392
0.00393
0.00394
0.00395
0.00396
0.00397
0.00398
0.00399
0.004
0.00401
0.00402
0.00404
0.00405
0.00405
0.00407
0.00408
0.00409
0.0041
0.00411
0.00413
0.00413
0.00415
0.00415
0.00417
0.00417
0.00419
0.00419
0.0042
0.00421
0.00422
0.00422
0.00423
0.00423
0.00424
0.00424
0.00425
0.00424
0.00425
0.00424
0.00424
0.00423
0.00423
0.00422
0.00421
0.0042
0.00418
0.00417
0.00416
0.00414
0.00412
0.00409
0.00407
0.00405
0.00403
0.00399
0.00397
0.00393
0.00391
0.00387
0.00384
0.00381
0.00377
0.00374
0.00371
0.00367
0.00364
0.0036
0.00357
0.00353
0.0035
0.00346
0.00343
0.00339
0.00336
0.00332
0.00328
0.00325
0.00321
0.00317
0.00313
0.00308
0.00304
0.00299
0.00295
0.0029
0.00285
0.00279
0.00273
0.00267
0.00261
0.00254
0.00248
0.0024
0.00233
0.00225
0.00218
0.00209
0.00201
0.00192
0.00184
0.00175
0.00166
0.00156
0.00147
0.00137
0.00128
0.00118
0.00108
0.00099
0.00089
0.00079
0.0007
0.0006
0.00051
0.00041
0.00032
0.00023
0.00014
5e-05
-3e-05
-0.00012
-0.0002
-0.00028
-0.00037
-0.00044
-0.00052
-0.00059
-0.00066
-0.00073
-0.0008
-0.00087
-0.00093
-0.00099
-0.00104
-0.0011
-0.00115
-0.0012
-0.00124
-0.00129
-0.00133
-0.00136
-0.0014
-0.00143
-0.00146
-0.00149
-0.00151
-0.00154
-0.00156
-0.00158
-0.0016
-0.00162
-0.00164
-0.00166
-0.00167
-0.00169
-0.00171
-0.00173
-0.00175
-0.00176
-0.00178
-0.0018
-0.00182
-0.00185
-0.00187
-0.0019
-0.00192
-0.00195
-0.00197
-0.002
-0.00203
-0.00206
-0.00209
-0.00212
-0.00215
-0.00218
-0.00221
-0.00223
-0.00226
-0.00229
-0.00231
-0.00233
-0.00235
-0.00238
-0.00239
-0.00241
-0.00242
-0.00244
-0.00245
-0.00247
-0.00248
-0.00249
-0.00249
-0.0025
-0.0025
-0.00252
-0.00252
-0.00252
-0.00252
-0.00253
-0.00253
-0.00253
-0.00253
-0.00253
-0.00253
-0.00254
-0.00254
-0.00253
-0.00253
-0.00252
-0.00251
-0.00251
-0.0025
-0.00249
-0.00247
-0.00246
-0.00244
-0.00242
-0.00239
-0.00236
-0.00233
-0.0023
-0.00226
-0.00222
-0.00217
-0.00212
-0.00207
-0.00202
-0.00196
-0.0019
-0.00183
-0.00177
-0.0017
-0.00163
-0.00156
-0.00148
-0.00141
-0.00133
-0.00125
-0.00117
-0.00109
-0.001
-0.00092
-0.00084
-0.00075
-0.00067
-0.00058
-0.0005
-0.00041
-0.00032
-0.00023
-0.00014
-5e-05
3e-05
0.00012
0.00021
0.0003
0.00039
0.00049
0.00057
0.00067
0.00075
0.00085
0.00093
0.00103
0.00111
0.0012
0.00129
0.00137
0.00145
0.00153
0.00162
0.0017
0.00178
0.00186
0.00193
0.002
0.00207
0.00214
0.0022
0.00227
0.00233
0.00239
0.00245
0.0025
0.00256
0.00261
0.00266
0.00271
0.00276
0.00281
0.00285
0.0029
0.00294
0.00299
0.00303
0.00308
0.00311
0.00316
0.0032
0.00324
0.00327
0.00331
0.00335
0.00338
0.00342
0.00346
0.00348
0.00352
0.00354
0.00358
0.0036
0.00362
0.00364
0.00367
0.00369
0.0037
0.00372
0.00373
0.00374
0.00375
0.00376
0.00377
0.00377
0.00378
0.00378
0.00379
0.00379
0.00379
0.00378
0.00379
0.00379
0.00378
0.00378
0.00378
0.00378
0.00378
0.00378
0.00378
0.00377
0.00377
0.00376
0.00376
0.00375
0.00375
0.00374
0.00374
0.00373
0.00372
0.0037
0.00369
0.00367
0.00365
0.00363
0.00361
0.00357
0.00355
0.00351
0.00348
0.00343
0.00339
0.00334
0.00329
0.00323
0.00317
0.00311
0.00305
0.00298
0.00291
0.00284
0.00276
0.00268
0.0026
0.00252
0.00244
0.00235
0.00227
0.00218
0.00209
0.002
0.00191
0.00182
0.00173
0.00165
0.00156
0.00147
0.00139
0.0013
0.00122
0.00113
0.00105
0.00097
0.00089
0.00081
0.00074
0.00066
0.00059
0.00051
0.00044
0.00038
0.00031
0.00025
0.00019
0.00013
7e-05
2e-05
-2e-05
-8e-05
-0.00012
-0.00016
-0.00019
-0.00023
-0.00025
-0.00028
-0.0003
-0.00032
-0.00033
-0.00033
-0.00033
-0.00034
-0.00033
-0.00032
-0.00031
-0.0003
-0.00027
-0.00025
-0.00022
-0.00019
-0.00016
-0.00012
-8e-05
-4e-05
1e-05
5e-05
0.0001
0.00015
0.00021
0.00026
0.00032
0.00037
0.00043
0.00048
0.00054
0.0006
0.00066
0.00072
0.00078
0.00084
0.0009
0.00096
0.00103
0.00109
0.00115
0.00121
0.00128
0.00134
0.0014
0.00146
0.00153
0.00159
0.00165
0.00171
0.00177
0.00183
0.00189
0.00195
0.00201
0.00206
0.00212
0.00217
0.00222
0.00227
0.00232
0.00236
0.00241
0.00245
0.00249
0.00253
0.00256
0.00259
0.00262
0.00265
0.00268
0.0027
0.00272
0.00274
0.00276
0.00277
0.00279
0.0028
0.00281
0.00281
0.00282
0.00283
0.00283
0.00283
0.00284
0.00284
0.00284
0.00283
0.00283
0.00283
0.00283
0.00282
0.00281
0.0028
0.0028
0.00279
0.00278
0.00277
0.00275
0.00274
0.00273
0.00272
0.00271
0.00268
0.00267
0.00265
0.00264
0.00262
0.0026
0.00258
0.00257
0.00255
0.00253
0.0025
0.00249
0.00247
0.00245
0.00243
0.00242
0.0024
0.00239
0.00237
0.00236
0.00234
0.00233
0.00232
0.00231
0.0023
0.00229
0.00228
0.00227
0.00226
0.00225
0.00225
0.00224
0.00223
0.00223
0.00222
0.00221
0.0022
0.00219
0.00218
0.00217
0.00216
0.00215
0.00213
0.00212
0.0021
0.00209
0.00207
0.00206
0.00203
0.00202
0.00199
0.00198
0.00195
0.00193
0.0019
0.00188
0.00186
0.00184
0.00181
0.00179
0.00176
0.00174
0.00172
0.0017
0.00167
0.00165
0.00163
0.00161
0.00158
0.00157
0.00154
0.00152
0.0015
0.00147
0.00145
0.00143
0.0014
0.00138
0.00135
0.00133
0.0013
0.00127
0.00124
0.00122
0.00118
0.00115
0.00111
0.00108
0.00104
0.001
0.00096
0.00092
0.00088
0.00084
0.0008
0.00076
0.00071
0.00066
0.00061
0.00057
0.00052
0.00047
0.00042
0.00037
0.00032
0.00027
0.00021
0.00016
0.00011
6e-05
0.0
-5e-05
-0.0001
-0.00015
-0.00021
-0.00026
-0.00032
-0.00037
-0.00044
-0.00049
-0.00055
-0.0006
-0.00066
-0.00072
-0.00078
-0.00084
-0.0009
-0.00095
-0.00102
-0.00108
-0.00114
-0.0012
-0.00126
-0.00132
-0.00139
-0.00144
-0.00151
-0.00157
-0.00163
-0.00169
-0.00175
-0.00181
-0.00187
-0.00192
-0.00198
-0.00203
-0.00209
-0.00214
-0.00219
-0.00224
-0.00229
-0.00233
-0.00237
-0.00241
-0.00245
-0.00249
-0.00252
-0.00255
-0.00258
-0.0026
-0.00263
-0.00265
-0.00267
-0.00268
-0.0027
-0.0027
-0.00272
-0.00272
-0.00273
-0.00273
-0.00273
-0.00273
-0.00273
-0.00272
-0.00271
-0.0027
-0.0027
-0.00269
-0.00268
-0.00266
-0.00265
-0.00263
-0.00262
-0.0026
-0.00259
-0.00257
-0.00256
-0.00254
-0.00252
-0.0025
-0.00249
-0.00247
-0.00245
-0.00243
-0.00241
-0.00239
-0.00237
-0.00235
-0.00233
-0.00231
-0.00229
-0.00226
-0.00224
-0.00222
-0.0022
-0.00217
-0.00214
-0.00211
-0.00209
-0.00206
-0.00203
-0.00199
-0.00196
-0.00193
-0.0019
-0.00186
-0.00182
-0.00179
-0.00175
-0.00171
-0.00167
-0.00163
-0.00159
-0.00155
-0.00151
-0.00147
-0.00143
-0.00139
-0.00135
-0.00131
-0.00128
-0.00124
-0.0012
-0.00117
-0.00114
-0.00111
-0.00108
-0.00105
-0.00103
-0.001
-0.00098
-0.00096
-0.00095
-0.00093
-0.00092
-0.00091
-0.00091
-0.00089
-0.00089
-0.00089
-0.00089
-0.00089
-0.00089
-0.00089
-0.0009
-0.0009
-0.00091
-0.00091
-0.00092
-0.00092
-0.00093
-0.00094
-0.00094
-0.00095
-0.00096
-0.00096
-0.00097
-0.00098
-0.00099
-0.00099
-0.001
-0.001
-0.00102
-0.00102
-0.00103
-0.00104
-0.00105
-0.00106
-0.00108
-0.00109
-0.0011
-0.00112
-0.00114
-0.00116
-0.00117
-0.00119
-0.00121
-0.00124
-0.00127
-0.00129
-0.00132
-0.00134
-0.00137
-0.0014
-0.00144
-0.00146
-0.0015
-0.00153
-0.00156
-0.0016
-0.00163
-0.00166
-0.00169
-0.00172
-0.00176
-0.00178
-0.00182
-0.00184
-0.00187
-0.0019
-0.00192
-0.00194
-0.00197
-0.00199
-0.002
-0.00202
-0.00203
-0.00204
-0.00205
-0.00206
-0.00207
-0.00206
-0.00206
-0.00205
-0.00205
-0.00204
-0.00203
-0.00201
-0.002
-0.00197
-0.00195
-0.00193
-0.0019
-0.00186
-0.00183
-0.00179
-0.00175
-0.00171
-0.00167
-0.00161
-0.00157
-0.00152
-0.00147
-0.00141
-0.00136
-0.0013
-0.00125
-0.00119
-0.00112
-0.00106
-0.001
-0.00093
-0.00087
-0.0008
-0.00074
-0.00067
-0.0006
-0.00053
-0.00046
-0.00038
-0.00031
-0.00023
-0.00016
-8e-05
0.0
8e-05
0.00016
0.00025
0.00033
0.00042
0.0005
0.00059
0.00068
0.00077
0.00085
0.00094
0.00103
0.00111
0.00119
0.00127
0.00135
0.00143
0.00151
0.00158
0.00164
0.00171
0.00177
0.00183
0.00187
0.00192
0.00196
0.002
0.00203
0.00206
0.00208
0.00209
0.00211
0.00211
0.00212
0.00212
0.00211
0.00211
0.0021
0.00209
0.00207
0.00206
0.00204
0.00203
0.00201
0.00199
0.00197
0.00196
0.00194
0.00193
0.00191
0.00191
0.00189
0.00188
0.00188
0.00187
0.00187
0.00187
0.00186
0.00187
0.00186
0.00187
0.00187
0.00187
0.00187
0.00188
0.00188
0.00188
0.00188
0.00189
0.00189
0.00189
0.00189
0.00189
0.00189
0.0019
0.00189
0.0019
0.00189
0.00189
0.0019
0.0019
0.0019
0.00191
0.00191
0.00192
0.00193
0.00194
0.00195
0.00196
0.00197
0.00199
0.00201
0.00203
0.00205
0.00207
0.0021
0.00212
0.00215
0.00218
0.0022
0.00223
0.00225
0.00228
0.0023
0.00233
0.00235
0.00237
0.00239
0.00241
0.00243
0.00244
0.00246
0.00247
0.00248
0.00249
0.00249
0.0025
0.0025
0.00251
0.00251
0.00251
0.0025
0.00251
0.0025
0.0025
0.00249
0.00249
0.00248
0.00248
0.00247
0.00247
0.00246
0.00246
0.00245
0.00245
0.00244
0.00244
0.00243
0.00243
0.00242
0.00241
0.00241
0.0024
0.00239
0.00238
0.00237
0.00236
0.00233
0.00232
0.0023
0.00229
0.00226
0.00224
0.00222
0.0022
0.00217
0.00214
0.00211
0.00208
0.00205
0.00202
0.00199
0.00196
0.00193
0.00189
0.00186
0.00183
0.00179
0.00176
0.00172
0.00169
0.00166
0.00162
0.00159
0.00156
0.00153
0.0015
0.00147
0.00144
0.0014
0.00138
0.00135
0.00132
0.00129
0.00126
0.00123
0.00121
0.00118
0.00116
0.00113
0.0011
0.00108
0.00106
0.00104
0.00102
0.00099
0.00098
0.00095
0.00094
0.00092
0.0009
0.00088
0.00087
0.00085
0.00084
0.00082
0.00081
0.00079
0.00078
0.00077
0.00076
0.00074
0.00073
0.00072
0.00071
0.00069
0.00068
0.00066
0.00066
0.00064
0.00063
0.00061
0.0006
0.00058
0.00057
0.00055
0.00054
0.00052
0.00051
0.00049
0.00048
0.00046
0.00045
0.00043
0.00042
0.0004
0.00039
0.00038
0.00036
0.00035
0.00034
0.00033
0.00032
0.00031
0.00031
0.0003
0.00029
0.00028
0.00028
0.00027
0.00027
0.00026
0.00025
0.00025
0.00024
0.00024
0.00023
0.00023
0.00022
0.00021
0.00021
0.0002
0.00019
0.00018
0.00018
0.00016
0.00016
0.00015
0.00014
0.00013
0.00012
0.00011
0.0001
9e-05
8e-05
7e-05
6e-05
5e-05
4e-05
3e-05
2e-05
1e-05
-0.0
-2e-05
-3e-05
-5e-05
-7e-05
-8e-05
-0.0001
-0.00012
-0.00014
-0.00017
-0.0002
-0.00023
-0.00026
-0.0003
-0.00033
-0.00038
-0.00042
-0.00047
-0.00052
-0.00058
-0.00064
-0.00069
-0.00076
-0.00082
-0.00089
-0.00096
-0.00103
-0.00111
-0.00118
-0.00126
-0.00134
-0.00142
-0.0015
-0.00158
-0.00166
-0.00174
-0.00182
-0.0019
-0.00198
-0.00205
-0.00213
-0.00221
-0.00228
-0.00235
-0.00242
-0.0025
-0.00256
-0.00263
-0.0027
-0.00276
-0.00283
-0.00289
-0.00295
-0.00301
-0.00307
-0.00313
-0.00319
-0.00325
-0.00331
-0.00337
-0.00342
-0.00348
-0.00354
-0.0036
-0.00365
-0.00371
-0.00377
-0.00383
-0.00389
-0.00394
-0.004
-0.00406
-0.00412
-0.00418
-0.00423
-0.00429
-0.00434
-0.0044
-0.00446
-0.00452
-0.00457
-0.00462
-0.00468
-0.00473
-0.00479
-0.00484
-0.0049
-0.00495
-0.005
-0.00505
-0.0051
-0.00516
-0.0052
-0.00526
-0.0053
-0.00535
-0.00539
-0.00544
-0.00548
-0.00553
-0.00557
-0.0056
-0.00563
-0.00567
-0.00569
-0.00572
-0.00574
-0.00576
-0.00577
-0.00578
-0.00578
-0.00578
-0.00577
-0.00576
-0.00575
-0.00572
-0.0057
-0.00566
-0.00562
-0.00558
-0.00553
-0.00548
-0.00541
-0.00535
-0.00527
-0.0052
-0.00512
-0.00504
-0.00495
-0.00486
-0.00477
-0.00467
-0.00457
-0.00447
-0.00436
-0.00426
-0.00415
-0.00404
-0.00393
-0.00382
-0.0037
-0.00359
-0.00347
-0.00336
-0.00324
-0.00313
-0.00301
-0.0029
-0.00278
-0.00266
-0.00255
-0.00243
-0.00231
-0.0022
-0.00207
-0.00196
-0.00183
-0.00172
-0.0016
-0.00148
-0.00136
-0.00124
-0.00112
-0.00101
-0.00089
-0.00077
-0.00065
-0.00053
-0.00041
-0.0003
-0.00018
-7e-05
5e-05
0.00016
0.00027
0.00038
0.00049
0.0006
0.0007
0.00081
0.00091
0.00101
0.00111
0.00121
0.00131
0.0014
0.0015
0.00158
0.00168
0.00176
0.00185
0.00193
0.00202
0.0021
0.00218
0.00226
0.00233
0.00241
0.00249
0.00256
0.00263
0.0027
0.00277
0.00284
0.00291
0.00297
0.00304
0.0031
0.00316
0.00322
0.00328
0.00334
0.00339
0.00344
0.0035
0.00354
0.00359
0.00363
0.00368
0.00371
0.00375
0.00378
0.00382
0.00384
0.00387
0.00388
0.0039
0.00391
0.00392
0.00392
0.00393
0.00392
0.00392
0.0039
0.00389
0.00387
0.00386
0.00383
0.0038
0.00377
0.00374
0.0037
0.00366
0.00361
0.00357
0.00352
0.00347
0.00342
0.00337
0.00331
0.00326
0.0032
0.00314
0.00308
0.00302
0.00295
0.00289
0.00282
0.00276
0.00269
0.00262
0.00255
0.00248
0.00241
0.00234
0.00226
0.00219
0.00212
0.00205
0.00197
0.0019
0.00182
0.00175
0.00167
0.00159
0.00152
0.00144
0.00137
0.0013
0.00123
0.00117
0.00109
0.00103
0.00097
0.00091
