1.10070289965582E+03

-0.00328
-0.0033
-0.00332
-0.00334
-0.00335
-0.00336
-0.00337
-0.00337
-0.00337
-0.00337
-0.00336
-0.00335
-0.00333
-0.00331
-0.00328
-0.00326
-0.00322
-0.00319
-0.00315
-0.0031
-0.00305
-0.003
-0.00294
-0.00288
-0.00282
-0.00275
-0.00267
-0.0026
-0.00252
-0.00245
-0.00236
-0.00228
-0.00219
-0.00211
-0.00202
-0.00194
-0.00185
-0.00176
-0.00167
-0.00159
-0.0015
-0.00141
-0.00133
-0.00124
-0.00115
-0.00107
-0.00099
-0.00091
-0.00083
-0.00076
-0.00068
-0.00062
-0.00054
-0.00048
-0.00041
-0.00036
-0.0003
-0.00024
-0.00019
-0.00014
-0.0001
-6e-05
-2e-05
1e-05
5e-05
7e-05
0.0001
0.00011
0.00013
0.00014
0.00015
0.00016
0.00016
0.00016
0.00015
0.00015
0.00014
0.00012
0.00011
9e-05
7e-05
5e-05
3e-05
1e-05
-1e-05
-4e-05
-6e-05
-9e-05
-0.00011
-0.00013
-0.00015
-0.00018
-0.00019
-0.00022
-0.00023
-0.00025
-0.00026
-0.00028
-0.00029
-0.00031
-0.00031
-0.00032
-0.00033
-0.00033
-0.00034
-0.00034
-0.00034
-0.00034
-0.00033
-0.00034
-0.00033
-0.00033
-0.00032
-0.00032
-0.00031
-0.00031
-0.0003
-0.00029
-0.00028
-0.00027
-0.00026
-0.00025
-0.00023
-0.00022
-0.0002
-0.00019
-0.00017
-0.00016
-0.00013
-0.00012
-9e-05
-7e-05
-4e-05
-2e-05
1e-05
3e-05
6e-05
9e-05
0.00012
0.00015
0.00019
0.00021
0.00025
0.00027
0.00031
0.00033
0.00036
0.00038
0.00041
0.00043
0.00045
0.00047
0.00049
0.00051
0.00052
0.00054
0.00055
0.00055
0.00056
0.00057
0.00057
0.00057
0.00058
0.00057
0.00058
0.00057
0.00057
0.00056
0.00056
0.00056
0.00056
0.00055
0.00055
0.00054
0.00055
0.00054
0.00054
0.00054
0.00054
0.00054
0.00054
0.00054
0.00054
0.00054
0.00053
0.00053
0.00053
0.00053
0.00053
0.00052
0.00052
0.00051
0.00051
0.00049
0.00048
0.00047
0.00046
0.00044
0.00043
0.00041
0.00038
0.00037
0.00034
0.00032
0.0003
0.00027
0.00025
0.00022
0.0002
0.00017
0.00014
0.00012
9e-05
7e-05
4e-05
2e-05
-1e-05
-2e-05
-4e-05
-6e-05
-8e-05
-0.0001
-0.00011
-0.00013
-0.00014
-0.00015
-0.00016
-0.00017
-0.00017
-0.00018
-0.00019
-0.00019
-0.0002
-0.0002
-0.0002
-0.0002
-0.0002
-0.0002
-0.00019
-0.00019
-0.00019
-0.00019
-0.00018
-0.00017
-0.00016
-0.00015
-0.00014
-0.00013
-0.00011
-0.0001
-8e-05
-6e-05
-3e-05
-2e-05
1e-05
4e-05
7e-05
9e-05
0.00013
0.00016
0.0002
0.00023
0.00027
0.00031
0.00035
0.00039
0.00043
0.00048
0.00053
0.00056
0.00061
0.00066
0.00071
0.00075
0.0008
0.00084
0.00089
0.00093
0.00097
0.00101
0.00105
0.0011
0.00114
0.00118
0.00122
0.00125
0.0013
0.00133
0.00137
0.00141
0.00145
0.00148
0.00152
0.00156
0.0016
0.00164
0.00168
0.00172
0.00176
0.00181
0.00186
0.0019
0.00195
0.002
0.00205
0.0021
0.00215
0.0022
0.00226
0.00232
0.00237
0.00243
0.00248
0.00254
0.0026
0.00265
0.00271
0.00276
0.00281
0.00286
0.00291
0.00295
0.003
0.00304
0.00308
0.00312
0.00315
0.00318
0.00321
0.00323
0.00326
0.00328
0.0033
0.00331
0.00333
0.00334
0.00335
0.00335
0.00336
0.00336
0.00337
0.00336
0.00336
0.00336
0.00335
0.00335
0.00334
0.00333
0.00332
0.0033
0.00328
0.00326
0.00324
0.00321
0.00318
0.00315
0.00312
0.00307
0.00303
0.00298
0.00292
0.00287
0.00281
0.00274
0.00267
0.00259
0.00252
0.00243
0.00235
0.00225
0.00216
0.00206
0.00196
0.00185
0.00175
0.00164
0.00153
0.00142
0.00131
0.0012
0.00109
0.00098
0.00087
0.00076
0.00065
0.00054
0.00044
0.00033
0.00023
0.00012
2e-05
-9e-05
-0.00019
-0.00029
-0.00038
-0.00048
-0.00058
-0.00068
-0.00078
-0.00088
-0.00098
-0.00108
-0.00118
-0.00129
-0.00138
-0.00149
-0.0016
-0.0017
-0.00181
-0.00192
-0.00202
-0.00213
-0.00224
-0.00235
-0.00245
-0.00256
-0.00266
-0.00278
-0.00288
-0.00298
-0.00308
-0.00319
-0.00328
-0.00338
-0.00348
-0.00357
-0.00366
-0.00375
-0.00383
-0.00392
-0.004
-0.00408
-0.00415
-0.00423
-0.0043
-0.00438
-0.00444
-0.00451
-0.00457
-0.00464
-0.0047
-0.00476
-0.00482
-0.00487
-0.00492
-0.00498
-0.00502
-0.00507
-0.00511
-0.00515
-0.00518
-0.00522
-0.00524
-0.00527
-0.00529
-0.00531
-0.00532
-0.00532
-0.00532
-0.00531
-0.0053
-0.00529
-0.00526
-0.00523
-0.00519
-0.00515
-0.0051
-0.00505
-0.00498
-0.00492
-0.00485
-0.00477
-0.00469
-0.0046
-0.0045
-0.0044
-0.0043
-0.00419
-0.00408
-0.00396
-0.00384
-0.00372
-0.00359
-0.00347
-0.00333
-0.0032
-0.00307
-0.00293
-0.0028
-0.00266
-0.00252
-0.00238
-0.00223
-0.0021
-0.00195
-0.00181
-0.00167
-0.00153
-0.00139
-0.00126
-0.00112
-0.00098
-0.00085
-0.00072
-0.0006
-0.00047
-0.00035
-0.00023
-0.00011
-1e-05
0.0001
0.0002
0.0003
0.00039
0.00049
0.00056
0.00065
0.00072
0.00078
0.00085
0.0009
0.00095
0.001
0.00104
0.00107
0.0011
0.00113
0.00114
0.00116
0.00116
0.00117
0.00116
0.00116
0.00115
0.00114
0.00112
0.00109
0.00107
0.00105
0.00102
0.00099
0.00095
0.00091
0.00087
0.00084
0.00079
0.00074
0.00069
0.00065
0.0006
0.00055
0.00049
0.00043
0.00038
0.00032
0.00026
0.00021
0.00014
8e-05
2e-05
-4e-05
-0.00011
-0.00017
-0.00024
-0.0003
-0.00037
-0.00043
-0.0005
-0.00056
-0.00063
-0.00069
-0.00075
-0.00081
-0.00087
-0.00092
-0.00098
-0.00103
-0.00109
-0.00113
-0.00119
-0.00122
-0.00127
-0.00131
-0.00135
-0.00138
-0.00142
-0.00144
-0.00147
-0.00149
-0.00152
-0.00154
-0.00156
-0.00157
-0.00159
-0.0016
-0.00161
-0.00161
-0.00162
-0.00163
-0.00164
-0.00164
-0.00164
-0.00164
-0.00164
-0.00164
-0.00164
-0.00163
-0.00163
-0.00162
-0.00162
-0.00161
-0.0016
-0.00159
-0.00158
-0.00156
-0.00155
-0.00154
-0.00152
-0.0015
-0.00148
-0.00145
-0.00143
-0.0014
-0.00138
-0.00135
-0.00132
-0.00129
-0.00126
-0.00122
-0.00119
-0.00115
-0.00112
-0.00108
-0.00105
-0.00101
-0.00098
-0.00094
-0.00091
-0.00087
-0.00084
-0.00081
-0.00078
-0.00075
-0.00073
-0.0007
-0.00068
-0.00065
-0.00064
-0.00062
-0.00061
-0.00059
-0.00058
-0.00057
-0.00057
-0.00056
-0.00057
-0.00056
-0.00057
-0.00057
-0.00059
-0.00059
-0.00061
-0.00062
-0.00064
-0.00066
-0.00068
-0.00071
-0.00073
-0.00076
-0.0008
-0.00083
-0.00087
-0.00091
-0.00096
-0.001
-0.00105
-0.0011
-0.00115
-0.00121
-0.00127
-0.00133
-0.00139
-0.00145
-0.00152
-0.00158
-0.00166
-0.00172
-0.00179
-0.00186
-0.00194
-0.002
-0.00208
-0.00214
-0.00221
-0.00228
-0.00235
-0.00241
-0.00247
-0.00253
-0.00259
-0.00264
-0.0027
-0.00275
-0.0028
-0.00284
-0.00289
-0.00293
-0.00297
-0.003
-0.00304
-0.00307
-0.0031
-0.00313
-0.00316
-0.00318
-0.0032
-0.00323
-0.00325
-0.00327
-0.00329
-0.0033
-0.00332
-0.00334
-0.00335
-0.00336
-0.00338
-0.00339
-0.0034
-0.00341
-0.00341
-0.00341
-0.00341
-0.00341
-0.00341
-0.0034
-0.0034
-0.00338
-0.00337
-0.00335
-0.00334
-0.00331
-0.00329
-0.00326
-0.00323
-0.0032
-0.00316
-0.00312
-0.00307
-0.00303
-0.00298
-0.00293
-0.00288
-0.00282
-0.00277
-0.00271
-0.00266
-0.00259
-0.00253
-0.00247
-0.00241
-0.00235
-0.00228
-0.00221
-0.00214
-0.00207
-0.00201
-0.00193
-0.00186
-0.00179
-0.00172
-0.00164
-0.00156
-0.00148
-0.0014
-0.00132
-0.00124
-0.00116
-0.00107
-0.00098
-0.00089
-0.00079
-0.00071
-0.00061
-0.00051
-0.00041
-0.00032
-0.00022
-0.00012
-1e-05
9e-05
0.00019
0.00029
0.00039
0.0005
0.0006
0.0007
0.00081
0.00091
0.00102
0.00112
0.00123
0.00134
0.00145
0.00155
0.00167
0.00178
0.00189
0.002
0.00212
0.00224
0.00236
0.00249
0.00262
0.00275
0.00288
0.00302
0.00316
0.00331
0.00346
0.00361
0.00378
0.00394
0.00411
0.00429
0.00447
0.00465
0.00484
0.00504
0.00524
0.00544
0.00566
0.00587
0.00609
0.00631
0.00655
0.00678
0.00702
0.00727
0.00752
0.00777
0.00803
0.0083
0.00857
0.00884
0.00912
0.0094
0.00969
0.00998
0.01028
0.01058
0.01088
0.01118
0.0115
0.01181
0.01212
0.01243
0.01275
0.01307
0.01339
0.0137
0.01402
0.01433
0.01465
0.01496
0.01527
0.01558
0.01588
0.01618
0.01648
0.01677
0.01705
0.01733
0.0176
0.01787
0.01814
0.01839
0.01865
0.01888
0.01912
0.01935
0.01957
0.01979
0.01999
0.02019
0.02039
0.02057
0.02075
0.02091
0.02107
0.02123
0.02138
0.02152
0.02165
0.02177
0.02188
0.02199
0.02209
0.02218
0.02226
0.02233
0.0224
0.02246
0.0225
0.02254
0.02258
0.0226
0.02262
0.02262
0.02262
0.02261
0.0226
0.02257
0.02254
0.0225
0.02246
0.0224
0.02235
0.02229
0.02222
0.02214
0.02207
0.02199
0.0219
0.02181
0.02172
0.02161
0.02152
0.02141
0.02131
0.0212
0.02108
0.02097
0.02086
0.02074
0.02062
0.02049
0.02037
0.02024
0.02012
0.01999
0.01986
0.01972
0.01959
0.01945
0.01932
0.01918
0.01905
0.01891
0.01877
0.01863
0.01849
0.01835
0.01821
0.01808
0.01794
0.01781
0.01768
0.01754
0.01741
0.01729
0.01717
0.01704
0.01693
0.01681
0.01671
0.0166
0.01649
0.01639
0.0163
0.0162
0.01612
0.01603
0.01595
0.01587
0.0158
0.01572
0.01565
0.01559
0.01552
0.01546
0.0154
0.01534
0.01529
0.01524
0.01518
0.01513
0.01509
0.01504
0.015
0.01495
0.01491
0.01486
0.01482
0.01478
0.01474
0.01471
0.01467
0.01463
0.0146
0.01457
0.01454
0.0145
0.01448
0.01445
0.01442
0.01439
0.01437
0.01434
0.01432
0.0143
0.01428
0.01425
0.01423
0.01421
0.01419
0.01417
0.01415
0.01413
0.01411
0.01409
0.01407
0.01405
0.01403
0.01401
0.01399
0.01396
0.01394
0.01392
0.0139
0.01387
0.01385
0.01382
0.0138
0.01377
0.01375
0.01372
0.01369
0.01366
0.01363
0.01359
0.01356
0.01353
0.01349
0.01345
0.01342
0.01337
0.01333
0.01329
0.01324
0.01319
0.01314
0.01309
0.01304
0.01298
0.01293
0.01287
0.01281
0.01274
0.01268
0.01261
0.01254
0.01247
0.01239
0.01232
0.01224
0.01216
0.01208
0.012
0.01192
0.01183
0.01175
0.01166
0.01157
0.01148
0.01139
0.01129
0.0112
0.01111
0.01102
0.01092
0.01082
0.01072
0.01063
0.01053
0.01043
0.01033
0.01023
0.01013
0.01003
0.00993
0.00983
0.00972
0.00962
0.00952
0.00941
0.00931
0.0092
0.0091
0.00899
0.00889
0.00878
0.00867
0.00856
0.00846
0.00835
0.00824
0.00814
0.00802
0.00792
0.00781
0.0077
0.00759
0.00749
0.00738
0.00728
0.00717
0.00707
0.00696
0.00687
0.00676
0.00667
0.00657
0.00647
0.00638
0.00629
0.0062
0.00612
0.00603
0.00595
0.00588
0.00581
0.00574
0.00568
0.00561
0.00555
0.00549
0.00545
0.00539
0.00535
0.0053
0.00527
0.00523
0.00519
0.00516
0.00513
0.0051
0.00507
0.00505
0.00503
0.005
0.00498
0.00496
0.00494
0.00491
0.0049
0.00487
0.00485
0.00483
0.0048
0.00478
0.00476
0.00473
0.00471
0.00469
0.00466
0.00464
0.00462
0.00459
0.00458
0.00455
0.00453
0.00451
0.0045
0.00449
0.00448
0.00447
0.00446
0.00446
0.00446
0.00446
0.00447
0.00447
0.00449
0.0045
0.00452
0.00453
0.00456
0.00458
0.00461
0.00463
0.00466
0.00469
0.00471
0.00474
0.00477
0.0048
0.00483
0.00485
0.00487
0.00489
0.00491
0.00492
0.00493
0.00493
0.00494
0.00494
0.00493
0.00492
0.0049
0.00488
0.00486
0.00483
0.0048
0.00475
0.00471
0.00466
0.00462
0.00456
0.00451
0.00444
0.00439
0.00432
0.00425
0.00418
0.00411
0.00404
0.00397
0.0039
0.00384
0.00376
0.0037
0.00363
0.00357
0.0035
0.00344
0.00338
0.00333
0.00327
0.00322
0.00317
0.00312
0.00308
0.00304
0.00301
0.00298
0.00294
0.00292
0.00289
0.00288
0.00285
0.00284
0.00282
0.00282
0.00281
0.0028
0.0028
0.00279
0.0028
0.0028
0.0028
0.00281
0.00281
0.00282
0.00283
0.00284
0.00285
0.00286
0.00287
0.00289
0.0029
0.00292
0.00294
0.00295
0.00297
0.00299
0.003
0.00302
0.00303
0.00305
0.00307
0.00308
0.0031
0.00312
0.00313
0.00315
0.00316
0.00317
0.00318
0.00319
0.00321
0.00322
0.00323
0.00324
0.00325
0.00326
0.00327
0.00328
0.00329
0.0033
0.0033
0.00332
0.00332
0.00333
0.00334
0.00335
0.00336
0.00337
0.00338
0.0034
0.00341
0.00342
0.00343
0.00345
0.00347
0.00348
0.00349
0.00352
0.00353
0.00355
0.00356
0.00358
0.0036
0.00361
0.00363
0.00365
0.00365
0.00367
0.00368
0.0037
0.00371
0.00372
0.00373
0.00374
0.00374
0.00375
0.00375
0.00375
0.00376
0.00376
0.00376
0.00376
0.00375
0.00375
0.00374
0.00374
0.00373
0.00372
0.00371
0.0037
0.00369
0.00368
0.00366
0.00365
0.00364
0.00362
0.0036
0.00359
0.00357
0.00356
0.00353
0.00352
0.00349
0.00348
0.00345
0.00343
0.00341
0.00338
0.00336
0.00333
0.00331
0.00328
0.00325
0.00323
0.00319
0.00317
0.00313
0.00311
0.00307
0.00304
0.003
0.00297
0.00293
0.0029
0.00286
0.00282
0.00278
0.00275
0.00271
0.00268
0.00264
0.0026
0.00257
0.00254
0.0025
0.00247
0.00243
0.0024
0.00237
0.00234
0.00231
0.00228
0.00226
0.00223
0.00221
0.00219
0.00216
0.00215
0.00212
0.0021
0.00208
0.00206
0.00204
0.00203
0.002
0.00198
0.00196
0.00193
0.00191
0.00189
0.00186
0.00184
0.0018
0.00177
0.00173
0.0017
0.00166
0.00162
0.00157
0.00153
0.00148
0.00143
0.00138
0.00133
0.00127
0.00122
0.00117
0.00111
0.00105
0.001
0.00094
0.00088
0.00082
0.00077
0.00071
0.00066
0.0006
0.00055
0.0005
0.00044
0.0004
0.00035
0.0003
0.00026
0.00021
0.00016
0.00012
8e-05
3e-05
-1e-05
-6e-05
-0.0001
-0.00015
-0.00019
-0.00024
-0.00029
-0.00033
-0.00038
-0.00043
-0.00048
-0.00053
-0.00058
-0.00064
-0.00069
-0.00075
-0.0008
-0.00086
-0.00091
-0.00097
-0.00103
-0.00109
-0.00115
-0.0012
-0.00126
-0.00132
-0.00137
-0.00143
-0.00148
-0.00153
-0.00158
-0.00163
-0.00168
-0.00173
-0.00177
-0.00182
-0.00186
-0.00191
-0.00195
-0.00198
-0.00202
-0.00206
-0.00209
-0.00213
-0.00215
-0.00218
-0.00221
-0.00224
-0.00226
-0.00228
-0.0023
-0.00232
-0.00233
-0.00235
-0.00236
-0.00236
-0.00237
-0.00237
-0.00236
-0.00237
-0.00235
-0.00235
-0.00233
-0.00231
-0.00229
-0.00227
-0.00224
-0.00221
-0.00217
-0.00213
-0.00209
-0.00204
-0.00199
-0.00194
-0.00188
-0.00183
-0.00176
-0.0017
-0.00163
-0.00156
-0.00148
-0.00141
-0.00133
-0.00125
-0.00117
-0.00109
-0.00101
-0.00092
-0.00083
-0.00075
-0.00066
-0.00057
-0.00048
-0.00039
-0.0003
-0.00021
-0.00012
-3e-05
6e-05
0.00015
0.00024
0.00032
0.00041
0.0005
0.00058
0.00067
0.00075
0.00083
0.00091
0.00099
0.00107
0.00114
0.00122
0.00129
0.00137
0.00143
0.0015
0.00156
0.00162
0.00168
0.00175
0.0018
0.00186
0.00191
0.00196
0.00201
0.00206
0.0021
0.00214
0.00218
0.00222
0.00226
0.00229
0.00232
0.00235
0.00238
0.00241
0.00243
0.00246
0.00248
0.0025
0.00251
0.00254
0.00255
0.00256
0.00257
0.00258
0.00259
0.00259
0.0026
0.0026
0.0026
0.00261
0.00261
0.00261
0.0026
0.0026
0.0026
0.0026
0.00259
0.00259
0.00258
0.00258
0.00257
0.00257
0.00256
0.00255
0.00255
0.00255
0.00254
0.00253
0.00252
0.00252
0.0025
0.0025
0.00248
0.00247
0.00246
0.00244
0.00242
0.00241
0.00238
0.00236
0.00234
0.00231
0.00228
0.00225
0.00221
0.00218
0.00214
0.0021
0.00205
0.00201
0.00196
0.00191
0.00186
0.0018
0.00175
0.00169
0.00164
0.00158
0.00152
0.00147
0.0014
0.00135
0.00129
0.00124
0.00118
0.00113
0.00107
0.00102
0.00096
0.00091
0.00086
0.00081
0.00077
0.00072
0.00068
0.00063
0.00058
0.00054
0.0005
0.00046
0.00041
0.00037
0.00033
0.00029
0.00024
0.0002
0.00015
0.0001
6e-05
1e-05
-4e-05
-9e-05
-0.00014
-0.00019
-0.00024
-0.00029
-0.00034
-0.00039
-0.00044
-0.00048
-0.00053
-0.00058
-0.00062
-0.00067
-0.0007
-0.00074
-0.00077
-0.00079
-0.00082
-0.00084
-0.00086
-0.00087
-0.00088
-0.00087
-0.00087
-0.00086
-0.00085
-0.00083
-0.0008
-0.00077
-0.00073
-0.00068
-0.00063
-0.00058
-0.00052
-0.00045
-0.00038
-0.0003
-0.00022
-0.00013
-4e-05
6e-05
0.00016
0.00026
0.00036
0.00047
0.00059
0.00071
0.00082
0.00095
0.00106
0.00119
0.00131
0.00144
0.00156
0.00169
0.00181
0.00194
0.00206
0.00217
0.00229
0.0024
0.00252
0.00263
0.00273
0.00284
0.00293
0.00303
0.00312
0.00321
0.00329
0.00337
0.00344
0.00351
0.00357
0.00363
0.00369
0.00374
0.00378
0.00383
0.00387
0.0039
0.00393
0.00396
0.00397
0.004
0.00401
0.00402
0.00402
0.00403
0.00402
0.00402
0.00401
0.004
0.00398
0.00396
0.00394
0.00391
0.00387
0.00384
0.0038
0.00375
0.0037
0.00365
0.00359
0.00354
0.00347
0.0034
0.00333
0.00325
0.00318
0.0031
0.00302
0.00294
0.00285
0.00277
0.00268
0.00259
0.0025
0.00242
0.00233
0.00225
0.00216
0.00208
0.00199
0.00191
0.00184
0.00177
0.00169
0.00163
0.00156
0.00149
0.00143
0.00137
0.00131
0.00126
0.0012
0.00116
0.0011
0.00105
0.001
0.00095
0.00091
0.00086
0.00081
0.00077
0.00072
0.00067
0.00062
0.00058
0.00052
0.00048
0.00043
0.00038
0.00033
0.00028
0.00023
0.00018
0.00014
9e-05
5e-05
1e-05
-3e-05
-6e-05
-0.0001
-0.00013
-0.00016
-0.00018
-0.0002
-0.00021
-0.00023
-0.00024
-0.00025
-0.00025
-0.00025
-0.00024
-0.00023
-0.00021
-0.0002
-0.00018
-0.00016
-0.00014
-0.00011
-8e-05
-6e-05
-2e-05
1e-05
4e-05
8e-05
0.00011
0.00015
0.00019
0.00023
0.00027
0.0003
0.00034
0.00038
0.00042
0.00045
0.00049
0.00052
0.00056
0.00059
0.00063
0.00066
0.00069
0.00072
0.00075
0.00078
0.00081
0.00083
0.00086
0.00088
0.00091
0.00092
0.00093
0.00094
0.00096
0.00096
0.00096
0.00096
0.00095
0.00094
0.00093
0.00091
0.0009
0.00087
0.00084
0.00081
0.00078
0.00073
0.00069
0.00065
0.0006
0.00055
0.0005
0.00045
0.00039
0.00033
0.00028
0.00022
0.00016
0.0001
4e-05
-2e-05
-7e-05
-0.00013
-0.00019
-0.00025
-0.0003
-0.00036
-0.00041
-0.00047
-0.00052
-0.00057
-0.00063
-0.00068
-0.00073
-0.00079
-0.00084
-0.0009
-0.00095
-0.00101
-0.00106
-0.00112
-0.00118
-0.00124
-0.0013
-0.00136
-0.00143
-0.00149
-0.00155
-0.00161
-0.00167
-0.00174
-0.0018
-0.00186
-0.00191
-0.00198
-0.00203
-0.00209
-0.00214
-0.00219
-0.00223
-0.00228
-0.00232
-0.00235
-0.00239
-0.00242
-0.00244
-0.00247
-0.00248
-0.0025
-0.00251
-0.00252
-0.00252
-0.00252
-0.00252
-0.00251
-0.00251
-0.0025
-0.00249
-0.00247
-0.00245
-0.00244
-0.00242
-0.0024
-0.00237
-0.00235
-0.00233
-0.0023
-0.00227
-0.00225
-0.00222
-0.00219
-0.00216
-0.00213
-0.0021
-0.00206
-0.00202
-0.00198
-0.00194
-0.0019
-0.00186
-0.00181
-0.00176
-0.00171
-0.00166
-0.00161
-0.00155
-0.00149
-0.00143
-0.00137
-0.00131
-0.00124
-0.00118
-0.00111
-0.00104
-0.00098
-0.0009
-0.00083
-0.00076
-0.00069
-0.00062
-0.00056
-0.00048
-0.00042
-0.00035
-0.00029
-0.00023
-0.00016
-0.0001
-4e-05
2e-05
7e-05
0.00013
0.00019
0.00025
0.00029
0.00035
0.00039
0.00045
0.00049
0.00054
0.00059
0.00064
0.00068
0.00073
0.00078
0.00083
0.00087
0.00092
0.00096
0.00101
0.00105
0.0011
0.00114
0.00119
0.00123
0.00127
0.00131
0.00135
0.00139
0.00143
0.00147
0.00151
0.00154
0.00158
0.00161
0.00164
0.00166
0.00169
0.00171
0.00174
0.00176
0.00178
0.0018
0.00181
0.00183
0.00184
0.00185
0.00187
0.00188
0.00189
0.0019
0.00192
0.00192
0.00194
0.00194
0.00196
0.00197
0.00199
0.002
0.00201
0.00203
0.00205
0.00207
0.00209
0.0021
0.00212
0.00214
0.00217
0.00218
0.0022
0.00222
0.00224
0.00226
0.00228
0.00229
0.00231
0.00232
0.00234
0.00235
0.00237
0.00237
0.00238
0.00239
0.0024
0.0024
0.0024
0.0024
0.0024
0.0024
0.00239
0.00239
0.00238
0.00237
0.00237
0.00236
0.00235
0.00233
0.00232
0.00231
0.0023
0.00228
0.00226
0.00224
0.00222
0.0022
0.00218
0.00215
0.00213
0.0021
0.00207
0.00204
0.00202
0.00198
0.00195
0.00191
0.00188
0.00183
0.0018
0.00175
0.00171
0.00167
0.00163
0.00158
0.00154
0.0015
0.00146
0.00141
0.00138
0.00133
0.0013
0.00126
0.00122
0.00118
0.00115
0.00112
0.00109
0.00106
0.00104
0.00101
0.00099
0.00097
0.00096
0.00094
0.00093
0.00091
0.0009
0.00088
0.00088
0.00086
0.00086
0.00084
0.00084
0.00083
0.00082
0.00081
0.0008
0.00079
0.00078
0.00078
0.00077
0.00075
0.00074
0.00073
0.00072
0.00071
0.0007
0.00068
0.00068
0.00066
0.00065
0.00063
0.00062
0.00061
0.0006
0.00058
0.00057
0.00056
0.00055
0.00053
0.00053
0.00051
0.00051
0.00049
0.00049
0.00047
0.00047
0.00046
0.00045
0.00045
0.00044
0.00044
0.00044
0.00043
0.00044
0.00044
0.00045
0.00045
0.00046
0.00047
0.00049
0.0005
0.00052
0.00053
0.00055
0.00058
0.0006
0.00063
0.00066
0.00069
0.00073
0.00076
0.0008
0.00083
0.00087
0.00091
0.00095
0.00099
0.00103
0.00106
0.0011
0.00114
0.00118
0.00122
0.00126
0.00129
0.00133
0.00136
0.00139
0.00142
0.00145
0.00147
0.00151
0.00153
0.00155
0.00157
0.00159
0.00162
0.00164
0.00166
0.00168
0.00169
0.00171
0.00172
0.00174
0.00175
0.00177
0.00178
0.0018
0.00181
0.00182
0.00183
0.00184
0.00185
0.00186
0.00187
0.00188
0.00188
0.00189
0.0019
0.0019
0.0019
0.00191
0.0019
0.00191
0.0019
0.0019
0.00189
0.00188
0.00188
0.00187
0.00186
0.00186
0.00184
0.00183
0.00182
0.00181
0.00179
0.00178
0.00176
0.00175
0.00173
0.00172
0.0017
0.00168
0.00167
0.00165
0.00164
0.00162
0.0016
0.00158
0.00156
0.00155
0.00153
0.00151
0.00148
0.00147
0.00144
0.00142
0.0014
0.00137
0.00135
0.00132
0.00129
0.00127
0.00123
0.00121
0.00118
0.00115
0.00111
0.00108
0.00105
0.00102
0.00098
0.00095
0.00091
0.00088
0.00084
0.00081
0.00078
0.00075
0.00071
0.00068
0.00065
0.00062
0.00059
0.00056
0.00053
0.00051
0.00048
0.00045
0.00043
0.0004
0.00038
0.00036
0.00034
0.00032
0.0003
0.00028
0.00026
0.00025
0.00023
0.00021
0.00019
0.00018
0.00017
0.00015
0.00014
0.00012
0.00012
0.00011
0.0001
9e-05
8e-05
7e-05
7e-05
7e-05
6e-05
6e-05
6e-05
6e-05
6e-05
7e-05
7e-05
8e-05
9e-05
0.0001
0.00011
0.00012
0.00013
0.00015
0.00016
0.00018
0.0002
0.00022
0.00024
0.00026
0.00028
0.0003
0.00033
0.00035
0.00037
0.0004
0.00042
0.00045
0.00046
0.00049
0.00051
0.00054
0.00056
0.00058
0.0006
0.00062
0.00064
0.00066
0.00068
0.00069
0.00071
0.00073
0.00074
0.00076
0.00077
0.00078
0.00079
0.0008
0.0008
0.00081
0.0008
0.00081
0.0008
0.0008
0.00079
0.00077
0.00076
0.00074
0.00072
0.0007
0.00066
0.00064
0.0006
0.00056
0.00052
0.00047
0.00042
0.00037
0.00031
0.00025
0.00019
0.00012
5e-05
-2e-05
-9e-05
-0.00016
-0.00024
-0.00031
-0.00038
-0.00045
-0.00054
-0.00061
-0.00068
-0.00075
-0.00082
-0.00089
-0.00096
-0.00103
-0.00109
-0.00115
-0.00121
-0.00127
-0.00133
-0.00138
-0.00143
-0.00148
-0.00153
-0.00157
-0.00162
-0.00166
-0.00171
-0.00175
-0.00179
-0.00183
-0.00187
-0.00191
-0.00195
-0.00199
-0.00204
-0.00207
-0.00212
-0.00215
-0.0022
-0.00224
-0.00228
-0.00232
-0.00236
-0.0024
-0.00244
-0.00248
-0.00252
-0.00256
-0.00259
-0.00262
-0.00266
-0.00268
-0.00271
-0.00273
-0.00275
-0.00277
-0.00279
-0.0028
-0.00281
-0.00282
-0.00283
-0.00284
-0.00284
-0.00283
-0.00283
-0.00282
-0.00282
-0.00281
-0.0028
-0.00279
-0.00278
-0.00277
-0.00276
-0.00274
-0.00273
-0.00272
-0.00271
-0.0027
-0.00269
-0.00268
-0.00267
-0.00266
-0.00266
-0.00265
-0.00265
-0.00264
-0.00264
-0.00264
-0.00264
-0.00264
-0.00264
-0.00264
-0.00265
-0.00265
-0.00266
-0.00266
-0.00266
-0.00267
-0.00268
-0.00268
-0.0027
-0.0027
-0.00271
-0.00272
-0.00274
-0.00274
-0.00276
-0.00277
-0.00279
-0.00281
-0.00282
-0.00284
-0.00286
-0.00288
-0.0029
-0.00292
-0.00295
-0.00297
-0.003
-0.00303
-0.00306
-0.00309
-0.00312
-0.00315
-0.00319
-0.00322
-0.00325
-0.00329
-0.00332
-0.00335
-0.00339
-0.00342
-0.00345
-0.00348
-0.00351
-0.00354
-0.00357
-0.00359
-0.00362
-0.00364
-0.00366
-0.00368
-0.00369
-0.0037
-0.00371
-0.00372
-0.00372
-0.00372
-0.00372
-0.00371
-0.0037
-0.00369
-0.00368
-0.00365
-0.00363
-0.00361
-0.00359
-0.00356
-0.00352
-0.00349
-0.00345
-0.00341
-0.00338
-0.00333
-0.00329
-0.00324
-0.0032
-0.00315
-0.0031
-0.00305
-0.003
-0.00295
-0.0029
-0.00285
-0.0028
-0.00275
-0.0027
-0.00264
-0.00259
-0.00253
-0.00248
-0.00242
-0.00236
-0.0023
-0.00225
-0.00218
-0.00212
-0.00206
-0.00199
-0.00193
-0.00186
-0.00178
-0.00171
-0.00163
-0.00156
-0.00148
-0.0014
-0.00131
-0.00123
-0.00114
-0.00106
-0.00096
-0.00087
-0.00078
-0.00068
-0.00059
-0.00049
-0.00039
-0.00029
-0.00018
-9e-05
2e-05
0.00012
0.00024
0.00034
0.00045
0.00056
0.00067
0.00078
0.00089
0.00101
0.00112
0.00124
0.00136
0.00148
0.0016
0.00172
0.00185
0.00198
0.00211
0.00224
0.00237
0.0025
0.00264
0.00277
0.0029
0.00304
0.00317
0.00331
0.00345
0.00358
0.00372
0.00384
0.00398
0.0041
0.00423
0.00435
0.00447
0.00458
0.0047
0.0048
0.0049
0.005
0.00509
0.00518
0.00527
0.00534
0.00541
0.00548
0.00554
0.00559
0.00564
0.00568
0.00572
0.00575
0.00578
0.0058
0.00581
0.00582
0.00583
0.00583
0.00582
0.00581
0.00579
0.00577
0.00574
0.0057
0.00567
0.00562
0.00557
0.00552
0.00546
0.00539
0.00532
0.00525
0.00517
0.00508
0.005
0.0049
0.00481
0.0047
0.00459
0.00448
0.00437
0.00425
0.00413
0.004
0.00387
0.00374
0.0036
0.00347
0.00333
0.00319
0.00305
0.0029
0.00276
0.0026
0.00246
0.00231
0.00216
0.00201
0.00186
0.00171
0.00156
0.00141
0.00126
0.00111
0.00096
0.00081
0.00067
0.00052
0.00038
0.00024
0.0001
-3e-05
-0.00016
-0.00029
-0.00042
-0.00054
-0.00065
-0.00077
-0.00087
-0.00098
-0.00107
-0.00116
-0.00125
-0.00133
-0.0014
-0.00147
-0.00153
-0.00158
-0.00163
-0.00167
-0.0017
-0.00174
-0.00175
-0.00177
-0.00178
-0.00179
-0.00179
-0.00179
-0.00178
-0.00176
-0.00174
-0.00172
-0.00169
-0.00167
-0.00163
-0.0016
-0.00155
-0.00151
-0.00146
-0.00142
-0.00137
-0.00131
-0.00126
-0.0012
-0.00114
-0.00108
-0.00101
-0.00095
-0.00088
-0.00081
-0.00073
-0.00066
-0.00058
-0.0005
-0.00041
-0.00033
-0.00024
-0.00016
-7e-05
3e-05
0.00012
0.00022
0.00032
0.00041
0.00052
0.00061
0.00072
0.00082
0.00092
0.00101
0.00112
0.00121
0.00131
0.0014
0.00149
0.00158
0.00167
0.00175
0.00183
0.0019
0.00197
0.00204
0.0021
0.00216
0.00221
0.00225
0.0023
0.00233
0.00237
0.00239
0.00241
0.00243
0.00244
0.00245
0.00245
0.00245
0.00244
0.00243
0.00241
0.00239
0.00237
0.00233
0.00231
0.00227
0.00223
0.00219
0.00214
0.00209
0.00204
0.00198
0.00193
0.00186
0.00181
0.00174
0.00167
0.0016
0.00153
0.00145
0.00138
0.0013
0.00122
0.00113
0.00105
0.00096
0.00087
0.00078
0.00069
0.00059
0.00049
0.00039
0.00029
0.00019
8e-05
-2e-05
-0.00013
-0.00024
-0.00034
-0.00045
-0.00056
-0.00067
-0.00078
-0.00089
-0.001
-0.00111
-0.00121
-0.00132
-0.00143
-0.00153
-0.00164
-0.00174
-0.00184
-0.00194
-0.00203
-0.00213
-0.00222
-0.00231
-0.0024
-0.00248
-0.00256
-0.00264
-0.00272
-0.00279
-0.00286
-0.00293
-0.00299
-0.00305
-0.0031
-0.00316
-0.00321
-0.00326
-0.0033
-0.00334
-0.00337
-0.0034
-0.00343
-0.00345
-0.00347
-0.00349
-0.0035
-0.00351
-0.00351
-0.00351
-0.0035
-0.00349
-0.00348
-0.00347
-0.00345
-0.00342
-0.00339
-0.00336
-0.00333
-0.00329
-0.00325
-0.00321
-0.00316
-0.00311
-0.00306
-0.00301
-0.00295
-0.00289
-0.00283
-0.00277
-0.00271
-0.00264
-0.00257
-0.00251
-0.00244
-0.00237
-0.00229
-0.00222
-0.00215
-0.00208
-0.002
-0.00193
-0.00185
-0.00178
-0.00171
-0.00164
-0.00156
-0.00149
-0.00142
-0.00135
-0.00128
-0.00121
-0.00114
-0.00108
-0.00101
-0.00096
-0.00089
-0.00084
-0.00078
-0.00073
-0.00067
-0.00062
-0.00058
-0.00053
-0.00048
-0.00044
-0.00039
-0.00036
-0.00032
-0.00028
-0.00024
-0.00021
-0.00017
-0.00014
-0.0001
-7e-05
-4e-05
-1e-05
2e-05
6e-05
9e-05
0.00012
0.00016
0.00018
0.00022
0.00025
0.00029
0.00032
0.00036
0.00039
0.00043
0.00046
0.0005
0.00053
0.00057
0.0006
0.00064
0.00068
0.00072
0.00074
0.00078
0.00082
0.00085
0.00088
0.00091
0.00094
0.00098
0.001
0.00103
0.00105
0.00108
0.0011
0.00112
0.00114
0.00116
0.00117
0.00119
0.00119
0.00121
0.00121
0.00122
0.00121
0.00122
0.00121
0.00121
0.0012
0.00119
0.00118
0.00117
0.00115
0.00114
0.00111
0.00109
0.00107
0.00105
0.00102
0.00099
0.00096
0.00094
0.0009
0.00087
0.00083
0.0008
0.00077
0.00073
0.00069
0.00066
0.00062
0.00058
0.00054
0.0005
0.00046
0.00042
0.00037
0.00033
0.00029
0.00024
0.00019
0.00014
0.0001
5e-05
-0.0
-5e-05
-0.00011
-0.00016
-0.00022
-0.00027
-0.00033
-0.00039
-0.00045
-0.0005
-0.00057
-0.00063
-0.00069
-0.00075
-0.00081
-0.00086
-0.00092
-0.00098
-0.00104
-0.00109
-0.00114
-0.00118
-0.00124
-0.00128
-0.00132
-0.00135
-0.00139
-0.00142
-0.00145
-0.00147
-0.00149
-0.00151
-0.00152
-0.00152
-0.00153
-0.00153
-0.00153
-0.00151
-0.00151
-0.00149
-0.00148
-0.00145
-0.00143
-0.00141
-0.00138
-0.00135
-0.00132
-0.00129
-0.00125
-0.00121
-0.00118
-0.00114
-0.0011
-0.00106
-0.00102
-0.00098
-0.00094
-0.0009
-0.00086
-0.00082
-0.00078
-0.00074
-0.0007
-0.00065
-0.00061
-0.00057
-0.00054
-0.0005
-0.00046
-0.00042
-0.00038
-0.00034
-0.00031
-0.00027
-0.00024
-0.0002
-0.00017
-0.00014
-0.00011
-8e-05
-5e-05
-2e-05
-0.0
3e-05
4e-05
7e-05
8e-05
9e-05
0.0001
0.00012
0.00012
0.00012
0.00012
0.00012
0.00012
0.00012
0.00011
0.0001
8e-05
7e-05
5e-05
4e-05
2e-05
0.0
-2e-05
-4e-05
-6e-05
-9e-05
-0.00011
-0.00014
-0.00016
-0.00018
-0.0002
-0.00022
-0.00025
-0.00027
-0.0003
-0.00032
-0.00034
-0.00036
-0.00039
-0.00041
-0.00043
-0.00046
-0.00048
-0.00051
-0.00053
-0.00056
-0.00059
-0.00061
-0.00065
-0.00067
-0.00071
-0.00073
-0.00077
-0.0008
-0.00084
-0.00087
-0.00091
-0.00094
-0.00098
-0.00102
-0.00105
-0.00109
-0.00112
-0.00116
-0.0012
-0.00123
-0.00126
-0.00129
-0.00133
-0.00135
-0.00138
-0.00141
-0.00143
-0.00145
-0.00148
-0.0015
-0.00151
-0.00152
-0.00154
-0.00154
-0.00156
-0.00156
-0.00157
-0.00157
-0.00157
-0.00157
-0.00157
-0.00157
-0.00157
-0.00156
-0.00156
-0.00156
-0.00155
-0.00154
-0.00153
-0.00152
-0.00152
-0.00151
-0.00151
-0.0015
-0.0015
-0.00149
-0.00148
-0.00147
-0.00147
-0.00147
-0.00146
-0.00146
-0.00145
-0.00144
-0.00144
-0.00143
-0.00143
-0.00142
-0.00142
-0.00141
-0.00141
-0.0014
-0.0014
-0.00139
-0.00139
-0.00138
-0.00138
-0.00138
-0.00137
-0.00136
-0.00136
-0.00135
-0.00136
-0.00135
-0.00135
-0.00135
-0.00135
-0.00135
-0.00136
-0.00136
-0.00136
-0.00137
-0.00138
-0.00139
-0.0014
-0.00142
-0.00143
-0.00144
-0.00147
-0.00148
-0.0015
-0.00152
-0.00154
-0.00156
-0.00158
-0.0016
-0.00162
-0.00164
-0.00166
-0.00168
-0.00169
-0.00171
-0.00172
-0.00173
-0.00174
-0.00174
-0.00174
-0.00174
-0.00174
-0.00173
-0.00173
-0.00171
-0.00169
-0.00168
-0.00166
-0.00164
-0.00161
-0.00158
-0.00155
-0.00152
-0.00149
-0.00145
-0.00142
-0.00138
-0.00135
-0.00131
-0.00128
-0.00124
-0.0012
-0.00117
-0.00113
-0.0011
-0.00107
-0.00103
-0.001
-0.00097
-0.00094
-0.00091
-0.00088
-0.00085
-0.00082
-0.00079
-0.00077
-0.00074
-0.00071
-0.00069
-0.00066
-0.00063
-0.00061
-0.00058
-0.00055
-0.00052
-0.0005
-0.00047
-0.00045
-0.00042
-0.00039
-0.00037
-0.00035
-0.00032
-0.0003
-0.00027
-0.00025
-0.00023
-0.00021
-0.00019
-0.00018
-0.00016
-0.00015
-0.00013
-0.00012
-0.00011
-0.0001
-9e-05
-8e-05
-7e-05
-6e-05
-5e-05
-4e-05
-4e-05
-2e-05
-1e-05
0.0
2e-05
2e-05
4e-05
6e-05
8e-05
0.0001
0.00012
0.00014
0.00018
0.0002
0.00023
0.00026
0.0003
0.00033
0.00037
0.00041
0.00045
0.00049
0.00053
0.00057
0.00062
0.00066
0.00071
0.00076
0.00081
0.00085
0.0009
0.00095
0.001
0.00105
0.0011
0.00115
0.0012
0.00125
0.0013
0.00135
0.0014
0.00145
0.00151
0.00155
0.00161
0.00166
0.00171
0.00176
0.00181
0.00186
0.00191
0.00196
0.00201
0.00205
0.0021
0.00214
0.00219
0.00223
0.00228
0.00231
0.00235
0.00239
0.00242
0.00245
0.00248
0.00251
0.00254
0.00256
0.00258
0.0026
0.00262
0.00263
0.00265
0.00265
0.00266
0.00267
0.00268
0.00268
0.00268
0.00267
0.00267
0.00267
0.00266
0.00265
0.00265
0.00263
0.00263
0.00261
0.0026
0.00259
0.00258
0.00256
0.00255
0.00253
0.00251
0.00249
0.00248
0.00246
0.00244
0.00243
0.00241
0.00239
0.00237
0.00235
0.00234
0.00232
0.0023
0.00228
0.00227
0.00224
0.00223
0.0022
0.00218
0.00217
0.00215
0.00213
0.00211
0.00208
0.00207
0.00204
0.00202
0.00199
0.00197
0.00194
0.00192
0.00189
0.00186
0.00183
0.0018
0.00177
0.00174
0.0017
0.00167
0.00163
0.00159
0.00155
0.00152
0.00147
0.00143
0.00139
0.00135
0.0013
0.00126
0.00121
0.00117
0.00113
0.00108
0.00104
0.001
0.00095
0.00091
0.00087
0.00083
0.00079
0.00075
0.00071
0.00068
0.00065
0.00061
0.00058
0.00055
0.00052
0.0005
0.00047
0.00045
0.00042
0.00041
0.00039
0.00038
0.00036
0.00035
0.00034
0.00033
0.00033
0.00032
0.00032
0.00032
0.00032
0.00033
0.00033
0.00034
0.00035
0.00037
0.00038
0.0004
0.00041
0.00043
0.00045
0.00048
0.0005
0.00053
0.00056
0.00059
0.00062
0.00065
0.00068
0.00072
0.00075
0.00079
0.00082
0.00086
0.00089
0.00093
0.00096
0.00101
0.00104
0.00108
0.00112
0.00116
0.0012
0.00124
0.00128
0.00133
0.00136
0.00141
0.00145
0.0015
0.00154
0.00159
0.00163
0.00168
0.00173
0.00178
0.00183
0.00188
0.00193
0.00198
0.00203
0.00209
0.00214
0.00219
0.00224
0.0023
0.00235
0.0024
0.00245
0.0025
0.00255
0.00259
0.00264
0.00268
0.00272
0.00276
0.00279
0.00282
0.00285
0.00288
0.00289
0.00292
0.00293
0.00294
0.00294
0.00295
0.00295
0.00295
0.00294
0.00293
0.00292
0.0029
0.00288
0.00286
0.00283
0.00281
0.00278
0.00275
0.00271
0.00268
0.00263
0.0026
0.00255
0.00251
0.00246
0.00241
0.00237
0.00232
0.00227
0.00222
0.00216
0.00211
0.00205
0.002
0.00193
0.00188
0.00181
0.00175
0.00169
0.00162
0.00155
0.00148
0.00141
0.00134
0.00126
0.00119
0.0011
0.00102
0.00094
0.00086
0.00077
0.00068
0.00058
0.0005
0.0004
0.00031
0.00021
0.00011
1e-05
-8e-05
-0.00018
-0.00028
-0.00039
-0.00048
-0.00058
-0.00068
-0.00078
-0.00087
-0.00097
-0.00106
-0.00115
-0.00124
-0.00133
-0.00141
-0.00149
-0.00157
-0.00164
-0.00171
-0.00178
-0.00185
-0.00191
-0.00197
-0.00203
-0.00208
-0.00213
-0.00217
-0.00222
-0.00226
-0.0023
-0.00234
-0.00237
-0.0024
-0.00243
-0.00246
-0.00249
-0.00251
-0.00253
-0.00254
-0.00256
-0.00258
-0.00259
-0.0026
-0.00261
-0.00262
-0.00262
-0.00262
-0.00262
-0.00262
-0.00261
-0.00259
-0.00259
-0.00256
-0.00254
-0.00252
-0.00249
-0.00245
-0.00242
-0.00237
-0.00232
-0.00227
-0.00221
-0.00215
-0.00208
-0.002
-0.00192
-0.00184
-0.00176
-0.00166
-0.00156
-0.00146
-0.00136
-0.00124
-0.00113
-0.00101
-0.0009
-0.00078
-0.00065
-0.00053
-0.0004
-0.00028
-0.00015
-2e-05
0.0001
0.00024
0.00036
0.00048
0.0006
0.00073
0.00084
0.00096
0.00107
0.00118
0.00128
0.00138
0.00148
0.00157
0.00166
0.00175
0.00183
0.00191
0.00198
0.00205
0.00211
0.00217
0.00223
0.00228
0.00233
0.00237
0.00241
0.00245
0.00249
0.00252
0.00255
0.00258
0.0026
0.00262
0.00264
0.00266
0.00267
0.00269
0.0027
0.00271
0.00272
0.00273
0.00273
0.00273
0.00273
0.00274
0.00273
0.00273
0.00272
0.00271
0.0027
0.00269
0.00266
0.00264
0.00262
0.00259
0.00256
0.00252
0.00248
0.00244
0.00239
0.00234
0.00229
0.00223
0.00216
0.0021
0.00203
0.00197
0.00188
0.00181
0.00173
0.00165
0.00157
0.00148
0.0014
0.00131
0.00123
0.00114
0.00106
0.00098
0.00089
0.00082
0.00074
0.00067
0.00059
0.00052
0.00045
0.0004
0.00033
0.00028
0.00022
0.00017
0.00012
8e-05
4e-05
0.0
-4e-05
-6e-05
-0.0001
-0.00012
-0.00015
-0.00017
-0.0002
-0.00022
-0.00024
-0.00026
-0.00028
-0.00029
-0.00031
-0.00032
-0.00033
-0.00035
-0.00036
-0.00037
-0.00038
-0.00039
-0.0004
-0.00041
-0.00042
-0.00042
-0.00043
-0.00043
-0.00044
-0.00044
-0.00044
-0.00044
-0.00044
-0.00044
-0.00044
-0.00043
-0.00043
-0.00042
-0.00042
-0.00041
-0.00041
-0.0004
-0.00039
-0.00039
-0.00038
-0.00037
-0.00037
-0.00036
-0.00035
-0.00035
-0.00035
-0.00034
-0.00034
-0.00033
-0.00033
-0.00032
-0.00032
-0.00032
-0.00032
-0.00032
-0.00032
-0.00031
-0.00031
-0.00031
-0.0003
-0.0003
-0.0003
-0.00029
-0.00029
-0.00028
-0.00028
-0.00027
-0.00026
-0.00025
-0.00024
-0.00023
-0.00023
-0.00022
-0.00021
-0.0002
-0.0002
-0.00019
-0.00019
-0.00018
-0.00018
-0.00018
-0.00019
-0.00019
-0.0002
-0.0002
-0.00021
-0.00023
-0.00024
-0.00026
-0.00028
-0.0003
-0.00033
-0.00035
-0.00039
-0.00041
-0.00045
-0.00048
-0.00052
-0.00055
-0.00059
-0.00063
-0.00067
-0.00071
-0.00074
-0.00078
-0.00082
-0.00085
-0.00089
-0.00092
-0.00095
-0.00098
-0.00101
-0.00104
-0.00107
-0.00109
-0.00112
-0.00113
-0.00115
-0.00117
-0.00119
-0.00121
-0.00123
-0.00124
-0.00125
-0.00127
-0.00129
-0.0013
-0.00131
-0.00132
-0.00134
-0.00135
-0.00138
-0.00138
-0.00141
-0.00142
-0.00144
-0.00146
-0.00148
-0.0015
-0.00152
-0.00154
-0.00156
-0.00158
-0.0016
-0.00162
