2.08133145566916E+03

-0.00127
-0.0012
-0.00114
-0.00108
-0.00102
-0.00097
-0.00092
-0.00088
-0.00084
-0.0008
-0.00077
-0.00074
-0.00071
-0.00069
-0.00067
-0.00066
-0.00064
-0.00063
-0.00063
-0.00063
-0.00062
-0.00062
-0.00063
-0.00063
-0.00064
-0.00065
-0.00066
-0.00068
-0.00069
-0.00071
-0.00073
-0.00075
-0.00077
-0.00079
-0.00082
-0.00085
-0.00087
-0.0009
-0.00093
-0.00096
-0.00099
-0.00102
-0.00105
-0.00108
-0.00111
-0.00115
-0.00118
-0.00121
-0.00124
-0.00128
-0.00131
-0.00134
-0.00137
-0.0014
-0.00143
-0.00145
-0.00148
-0.0015
-0.00152
-0.00154
-0.00155
-0.00157
-0.00157
-0.00158
-0.00158
-0.00159
-0.00158
-0.00158
-0.00157
-0.00156
-0.00154
-0.00152
-0.0015
-0.00147
-0.00144
-0.00141
-0.00137
-0.00134
-0.00129
-0.00125
-0.0012
-0.00116
-0.00111
-0.00106
-0.001
-0.00095
-0.0009
-0.00084
-0.00079
-0.00073
-0.00067
-0.00062
-0.00056
-0.00051
-0.00045
-0.00039
-0.00033
-0.00028
-0.00023
-0.00018
-0.00012
-7e-05
-2e-05
3e-05
8e-05
0.00013
0.00018
0.00023
0.00028
0.00033
0.00038
0.00043
0.00048
0.00053
0.00059
0.00064
0.0007
0.00075
0.0008
0.00086
0.00092
0.00098
0.00104
0.0011
0.00117
0.00122
0.00129
0.00136
0.00143
0.00149
0.00156
0.00163
0.0017
0.00177
0.00184
0.00191
0.00198
0.00205
0.00212
0.00219
0.00226
0.00233
0.0024
0.00246
0.00253
0.00259
0.00266
0.00272
0.00278
0.00284
0.0029
0.00295
0.003
0.00305
0.00311
0.00315
0.0032
0.00324
0.00329
0.00332
0.00337
0.0034
0.00344
0.00347
0.0035
0.00353
0.00356
0.00358
0.00361
0.00363
0.00365
0.00368
0.0037
0.00371
0.00373
0.00374
0.00376
0.00377
0.00378
0.00379
0.0038
0.00381
0.00381
0.00382
0.00382
0.00382
0.00382
0.00381
0.00381
0.0038
0.00379
0.00377
0.00376
0.00374
0.00372
0.00369
0.00367
0.00363
0.0036
0.00356
0.00352
0.00347
0.00343
0.00337
0.00332
0.00325
0.00319
0.00312
0.00306
0.00298
0.0029
0.00282
0.00274
0.00266
0.00257
0.00248
0.00238
0.00229
0.00219
0.0021
0.002
0.0019
0.0018
0.0017
0.0016
0.0015
0.0014
0.0013
0.00121
0.00111
0.00101
0.00091
0.00082
0.00073
0.00064
0.00055
0.00046
0.00037
0.00029
0.00021
0.00013
5e-05
-3e-05
-0.00011
-0.00018
-0.00025
-0.00032
-0.00039
-0.00045
-0.00052
-0.00058
-0.00063
-0.00069
-0.00075
-0.0008
-0.00085
-0.0009
-0.00095
-0.00099
-0.00103
-0.00107
-0.00111
-0.00114
-0.00117
-0.00121
-0.00123
-0.00126
-0.00128
-0.0013
-0.00133
-0.00134
-0.00136
-0.00137
-0.00139
-0.0014
-0.00142
-0.00143
-0.00144
-0.00145
-0.00147
-0.00148
-0.00149
-0.0015
-0.00152
-0.00153
-0.00155
-0.00156
-0.00159
-0.0016
-0.00163
-0.00165
-0.00167
-0.00169
-0.00172
-0.00175
-0.00177
-0.0018
-0.00183
-0.00185
-0.00188
-0.0019
-0.00194
-0.00195
-0.00198
-0.002
-0.00202
-0.00204
-0.00206
-0.00206
-0.00208
-0.00208
-0.00209
-0.00209
-0.00208
-0.00207
-0.00206
-0.00204
-0.00203
-0.002
-0.00198
-0.00194
-0.00191
-0.00187
-0.00183
-0.00178
-0.00173
-0.00168
-0.00162
-0.00157
-0.0015
-0.00143
-0.00136
-0.00129
-0.00122
-0.00113
-0.00106
-0.00097
-0.00089
-0.00079
-0.00071
-0.00061
-0.00051
-0.00041
-0.00032
-0.00022
-0.00011
-1e-05
0.0001
0.00021
0.00031
0.00043
0.00053
0.00065
0.00075
0.00086
0.00097
0.00108
0.00118
0.00129
0.00139
0.00149
0.00159
0.00169
0.00178
0.00188
0.00196
0.00205
0.00213
0.00221
0.00229
0.00236
0.00243
0.0025
0.00256
0.00262
0.00267
0.00272
0.00277
0.00281
0.00286
0.0029
0.00293
0.00296
0.00299
0.00301
0.00303
0.00305
0.00306
0.00308
0.00308
0.00309
0.00309
0.00309
0.00308
0.00307
0.00306
0.00305
0.00302
0.003
0.00297
0.00294
0.0029
0.00287
0.00282
0.00278
0.00273
0.00268
0.00263
0.00257
0.00251
0.00245
0.00238
0.00232
0.00225
0.00218
0.00211
0.00204
0.00197
0.0019
0.00183
0.00176
0.00169
0.00163
0.00156
0.0015
0.00144
0.00139
0.00133
0.00128
0.00123
0.00119
0.00115
0.00111
0.00108
0.00105
0.00102
0.001
0.00098
0.00097
0.00096
0.00095
0.00095
0.00095
0.00095
0.00096
0.00097
0.00098
0.001
0.00102
0.00104
0.00106
0.00109
0.00112
0.00115
0.00118
0.00121
0.00124
0.00128
0.00131
0.00135
0.00139
0.00142
0.00146
0.0015
0.00154
0.00157
0.00161
0.00164
0.00168
0.00171
0.00175
0.00177
0.0018
0.00183
0.00186
0.00189
0.00191
0.00193
0.00196
0.00197
0.00199
0.00201
0.00202
0.00203
0.00205
0.00206
0.00207
0.00207
0.00208
0.00209
0.00209
0.0021
0.0021
0.00209
0.0021
0.00209
0.00209
0.00208
0.00208
0.00207
0.00207
0.00206
0.00205
0.00204
0.00202
0.00201
0.002
0.00198
0.00197
0.00195
0.00194
0.00192
0.0019
0.00188
0.00186
0.00184
0.00183
0.00181
0.00179
0.00177
0.00175
0.00174
0.00172
0.00171
0.00169
0.00167
0.00166
0.00165
0.00164
0.00163
0.00162
0.00161
0.00161
0.0016
0.00159
0.00159
0.00158
0.00158
0.00158
0.00157
0.00158
0.00157
0.00157
0.00157
0.00157
0.00157
0.00157
0.00157
0.00158
0.00158
0.00159
0.00159
0.0016
0.00161
0.00163
0.00164
0.00166
0.00167
0.0017
0.00172
0.00175
0.00178
0.00182
0.00186
0.00191
0.00195
0.002
0.00206
0.00211
0.00218
0.00225
0.00232
0.0024
0.00248
0.00256
0.00265
0.00274
0.00283
0.00293
0.00302
0.00312
0.00322
0.00332
0.00342
0.00352
0.00362
0.00372
0.00382
0.00391
0.004
0.0041
0.00418
0.00427
0.00435
0.00443
0.0045
0.00458
0.00465
0.00471
0.00476
0.00482
0.00486
0.00491
0.00495
0.00498
0.00501
0.00503
0.00505
0.00507
0.00507
0.00508
0.00508
0.00508
0.00506
0.00505
0.00503
0.00501
0.00498
0.00495
0.00492
0.00488
0.00483
0.00479
0.00474
0.00469
0.00462
0.00456
0.00449
0.00443
0.00436
0.00428
0.0042
0.00412
0.00403
0.00395
0.00385
0.00376
0.00366
0.00357
0.00346
0.00336
0.00325
0.00315
0.00304
0.00294
0.00282
0.00271
0.0026
0.00249
0.00237
0.00227
0.00215
0.00205
0.00193
0.00183
0.00172
0.00162
0.00152
0.00142
0.00132
0.00123
0.00114
0.00105
0.00096
0.00087
0.0008
0.00072
0.00065
0.00058
0.00051
0.00044
0.00038
0.00033
0.00026
0.00021
0.00016
0.00012
7e-05
2e-05
-2e-05
-6e-05
-9e-05
-0.00013
-0.00016
-0.00019
-0.00022
-0.00025
-0.00027
-0.00029
-0.00032
-0.00034
-0.00036
-0.00038
-0.0004
-0.00041
-0.00043
-0.00044
-0.00045
-0.00046
-0.00046
-0.00047
-0.00047
-0.00047
-0.00047
-0.00046
-0.00046
-0.00045
-0.00045
-0.00044
-0.00042
-0.00041
-0.00039
-0.00037
-0.00035
-0.00032
-0.00029
-0.00026
-0.00023
-0.00019
-0.00016
-0.00011
-7e-05
-3e-05
2e-05
7e-05
0.00012
0.00017
0.00022
0.00028
0.00034
0.00039
0.00045
0.00051
0.00057
0.00063
0.00069
0.00075
0.0008
0.00086
0.00091
0.00096
0.001
0.00105
0.00109
0.00112
0.00116
0.00119
0.00122
0.00124
0.00126
0.00128
0.00129
0.0013
0.00131
0.00131
0.00132
0.00132
0.00133
0.00132
0.00133
0.00133
0.00133
0.00134
0.00134
0.00135
0.00136
0.00137
0.00138
0.0014
0.00141
0.00143
0.00145
0.00147
0.00149
0.0015
0.00152
0.00153
0.00155
0.00157
0.00157
0.00158
0.00158
0.00158
0.00157
0.00156
0.00154
0.00152
0.00149
0.00147
0.00144
0.0014
0.00136
0.00132
0.00128
0.00123
0.00119
0.00115
0.0011
0.00106
0.00102
0.00099
0.00095
0.00092
0.00089
0.00087
0.00084
0.00082
0.0008
0.00078
0.00077
0.00075
0.00074
0.00073
0.00072
0.00071
0.00069
0.00068
0.00067
0.00066
0.00065
0.00064
0.00064
0.00064
0.00065
0.00067
0.00071
0.00075
0.00081
0.0009
0.001
0.00113
0.00128
0.00146
0.00168
0.00193
0.00221
0.00254
0.00291
0.00331
0.00376
0.00426
0.00479
0.00537
0.00599
0.00665
0.00736
0.0081
0.00888
0.0097
0.01056
0.01144
0.01236
0.01331
0.0143
0.0153
0.01634
0.01741
0.01851
0.01963
0.02078
0.02197
0.0232
0.02446
0.02575
0.0271
0.02849
0.02992
0.03141
0.03295
0.03456
0.03622
0.03795
0.03975
0.04161
0.04354
0.04554
0.0476
0.04974
0.05193
0.05417
0.05648
0.05883
0.06121
0.06363
0.06607
0.06852
0.07098
0.07342
0.07585
0.07825
0.08061
0.08291
0.08515
0.08732
0.0894
0.09139
0.09328
0.09506
0.09672
0.09827
0.09969
0.10099
0.10216
0.10321
0.10413
0.10494
0.10562
0.10619
0.10666
0.10703
0.10721
0.10721
0.10721
0.10721
0.10721
0.10721
0.10721
0.10721
0.10721
0.10718
0.10704
0.10689
0.10675
0.10662
0.10651
0.10642
0.10634
0.10628
0.10625
0.10624
0.10625
0.10628
0.10633
0.10639
0.10646
0.10655
0.10664
0.10673
0.10683
0.10692
0.10701
0.10709
0.10716
0.10721
0.10721
0.10721
0.10721
0.10721
0.10721
0.10721
0.10721
0.10721
0.10721
0.10721
0.10717
0.10711
0.10706
0.10701
0.10696
0.10691
0.10687
0.10683
0.1068
0.10678
0.10676
0.10675
0.10676
0.10676
0.10678
0.1068
0.10682
0.10685
0.10688
0.10692
0.10695
0.10699
0.10702
0.10706
0.10708
0.10711
0.10713
0.10715
0.10717
0.10718
0.10719
0.10718
0.10718
0.10716
0.10715
0.10714
0.10712
0.1071
0.10707
0.10706
0.10703
0.10702
0.107
0.10698
0.10697
0.10696
0.10696
0.10695
0.10694
0.10694
0.10694
0.10695
0.10695
0.10696
0.10697
0.10698
0.10699
0.10701
0.10702
0.10703
0.10704
0.10704
0.10705
0.10705
0.10706
0.10705
0.10705
0.10705
0.10704
0.10704
0.10703
0.10703
0.10702
0.10703
0.10702
0.10702
0.10702
0.10702
0.10702
0.10702
0.10703
0.10703
0.10704
0.10705
0.10706
0.10707
0.10708
0.10709
0.1071
0.10712
0.10713
0.10713
0.10714
0.10715
0.10715
0.10715
0.10714
0.10714
0.10712
0.10712
0.1071
0.10708
0.10706
0.10705
0.10703
0.10702
0.107
0.10698
0.10697
0.10697
0.10696
0.10696
0.10696
0.10697
0.10699
0.10701
0.10703
0.10707
0.1071
0.10715
0.10719
0.10721
0.10721
0.10721
0.10721
0.10721
0.10721
0.10721
0.10721
0.10721
0.10721
0.10721
0.10721
0.10721
0.10714
0.10701
0.10685
0.10666
0.10644
0.10619
0.1059
0.10559
0.10524
0.10486
0.10444
0.104
0.10353
0.10303
0.1025
0.10196
0.10138
0.1008
0.10019
0.09957
0.09893
0.09829
0.09764
0.09699
0.09633
0.09567
0.09501
0.09436
0.09371
0.09307
0.09243
0.0918
0.09118
0.09057
0.08998
0.08939
0.0888
0.08823
0.08767
0.08712
0.08657
0.08603
0.08549
0.08496
0.08442
0.0839
0.08337
0.08284
0.08231
0.08178
0.08126
0.08073
0.08019
0.07965
0.07911
0.07857
0.07802
0.07747
0.07692
0.07636
0.0758
0.07525
0.07468
0.07413
0.07356
0.073
0.07245
0.07189
0.07133
0.07078
0.07023
0.06969
0.06914
0.0686
0.06806
0.06753
0.067
0.06648
0.06595
0.06544
0.06492
0.06441
0.0639
0.0634
0.06289
0.06239
0.06189
0.0614
0.06091
0.06041
0.05992
0.05944
0.05895
0.05847
0.05799
0.05752
0.05704
0.05656
0.0561
0.05563
0.05517
0.05471
0.05425
0.0538
0.05335
0.05291
0.05247
0.05203
0.0516
0.05117
0.05075
0.05033
0.04991
0.0495
0.0491
0.04869
0.04829
0.0479
0.04751
0.04712
0.04674
0.04636
0.04598
0.04561
0.04524
0.04488
0.04451
0.04415
0.0438
0.04344
0.04309
0.04274
0.0424
0.04205
0.04172
0.04138
0.04104
0.04071
0.04039
0.04006
0.03974
0.03943
0.03911
0.0388
0.0385
0.03819
0.0379
0.0376
0.03731
0.03703
0.03675
0.03647
0.0362
0.03593
0.03567
0.03541
0.03516
0.03492
0.03468
0.03444
0.03421
0.03398
0.03377
0.03355
0.03334
0.03313
0.03293
0.03273
0.03253
0.03234
0.03215
0.03197
0.03178
0.0316
0.03142
0.03124
0.03106
0.03088
0.03071
0.03053
0.03035
0.03017
0.02999
0.02981
0.02962
0.02944
0.02925
0.02906
0.02886
0.02867
0.02847
0.02827
0.02807
0.02786
0.02766
0.02745
0.02723
0.02702
0.02681
0.02659
0.02637
0.02615
0.02593
0.0257
0.02548
0.02525
0.02502
0.02479
0.02456
0.02433
0.0241
0.02386
0.02363
0.02339
0.02315
0.02291
0.02267
0.02243
0.02219
0.02195
0.0217
0.02145
0.02121
0.02096
0.02071
0.02046
0.02021
0.01996
0.01971
0.01946
0.01921
0.01896
0.01871
0.01847
0.01822
0.01798
0.01774
0.0175
0.01727
0.01704
0.01681
0.01659
0.01637
0.01615
0.01594
0.01573
0.01553
0.01534
0.01514
0.01495
0.01477
0.0146
0.01443
0.01426
0.0141
0.01394
0.01379
0.01364
0.0135
0.01336
0.01323
0.0131
0.01298
0.01286
0.01275
0.01264
0.01253
0.01244
0.01234
0.01225
0.01216
0.01208
0.01201
0.01193
0.01186
0.01179
0.01174
0.01168
0.01162
0.01157
0.01152
0.01148
0.01144
0.0114
0.01137
0.01133
0.01131
0.01128
0.01125
0.01123
0.01121
0.01119
0.01118
0.01116
0.01115
0.01113
0.01112
0.01111
0.0111
0.0111
0.01109
0.01108
0.01108
0.01107
0.01107
0.01106
0.01106
0.01106
0.01106
0.01106
0.01106
0.01105
0.01105
0.01106
0.01106
0.01106
0.01106
0.01106
0.01107
0.01107
0.01108
0.01108
0.01109
0.01109
0.0111
0.0111
0.01111
0.01112
0.01113
0.01114
0.01115
0.01115
0.01117
0.01117
0.01119
0.0112
0.01121
0.01122
0.01123
0.01124
0.01126
0.01127
0.01128
0.01129
0.0113
0.01131
0.01132
0.01133
0.01133
0.01134
0.01134
0.01134
0.01135
0.01134
0.01134
0.01133
0.01132
0.01131
0.01129
0.01127
0.01125
0.01122
0.0112
0.01116
0.01113
0.01109
0.01105
0.011
0.01095
0.01089
0.01084
0.01077
0.01071
0.01065
0.01057
0.0105
0.01042
0.01035
0.01027
0.01018
0.0101
0.01
0.00992
0.00982
0.00973
0.00963
0.00953
0.00942
0.00932
0.00921
0.00911
0.00899
0.00888
0.00877
0.00865
0.00853
0.00841
0.00829
0.00817
0.00804
0.00791
0.00778
0.00765
0.00752
0.00739
0.00725
0.00712
0.00698
0.00684
0.00671
0.00657
0.00644
0.00631
0.00617
0.00604
0.0059
0.00577
0.00564
0.00551
0.00538
0.00526
0.00513
0.00501
0.00488
0.00476
0.00464
0.00452
0.00441
0.00429
0.00417
0.00406
0.00394
0.00383
0.00372
0.00361
0.00349
0.00338
0.00327
0.00316
0.00305
0.00293
0.00282
0.00271
0.0026
0.0025
0.00238
0.00228
0.00217
0.00206
0.00196
0.00185
0.00175
0.00166
0.00156
0.00146
0.00137
0.00128
0.0012
0.00112
0.00104
0.00097
0.0009
0.00083
0.00077
0.00072
0.00066
0.00061
0.00056
0.00053
0.00049
0.00045
0.00041
0.00038
0.00035
0.00033
0.0003
0.00028
0.00025
0.00022
0.0002
0.00017
0.00014
0.00012
8e-05
5e-05
2e-05
-2e-05
-6e-05
-0.00011
-0.00015
-0.0002
-0.00025
-0.0003
-0.00036
-0.00041
-0.00047
-0.00053
-0.00059
-0.00065
-0.00072
-0.00077
-0.00084
-0.0009
-0.00096
-0.00102
-0.00107
-0.00112
-0.00117
-0.00122
-0.00127
-0.0013
-0.00134
-0.00137
-0.0014
-0.00143
-0.00145
-0.00146
-0.00147
-0.00148
-0.00149
-0.00149
-0.00148
-0.00147
-0.00147
-0.00145
-0.00144
-0.00142
-0.0014
-0.00138
-0.00135
-0.00133
-0.0013
-0.00127
-0.00125
-0.00122
-0.00119
-0.00116
-0.00113
-0.0011
-0.00107
-0.00103
-0.00101
-0.00097
-0.00094
-0.0009
-0.00087
-0.00084
-0.00081
-0.00077
-0.00073
-0.0007
-0.00067
-0.00063
-0.00059
-0.00056
-0.00052
-0.00048
-0.00045
-0.00041
-0.00038
-0.00034
-0.00031
-0.00027
-0.00024
-0.0002
-0.00017
-0.00014
-0.00011
-8e-05
-5e-05
-2e-05
1e-05
4e-05
6e-05
9e-05
0.00011
0.00014
0.00016
0.00019
0.00021
0.00024
0.00026
0.00029
0.00032
0.00034
0.00038
0.00041
0.00044
0.00048
0.00051
0.00055
0.00059
0.00063
0.00067
0.00071
0.00075
0.0008
0.00084
0.00089
0.00093
0.00098
0.00103
0.00107
0.00112
0.00117
0.00121
0.00126
0.00131
0.00136
0.0014
0.00144
0.00149
0.00154
0.00158
0.00162
0.00166
0.00171
0.00175
0.0018
0.00184
0.00189
0.00193
0.00198
0.00202
0.00208
0.00212
0.00217
0.00222
0.00228
0.00233
0.00238
0.00243
0.00249
0.00255
0.0026
0.00266
0.00272
0.00277
0.00284
0.00289
0.00296
0.00301
0.00308
0.00313
0.0032
0.00325
0.00331
0.00337
0.00343
0.00349
0.00355
0.00361
0.00367
0.00372
0.00378
0.00384
0.0039
0.00396
0.00402
0.00407
0.00413
0.00418
0.00424
0.00429
0.00434
0.0044
0.00445
0.0045
0.00454
0.00458
0.00463
0.00466
0.0047
0.00473
0.00476
0.00478
0.0048
0.00482
0.00483
0.00484
0.00484
0.00483
0.00483
0.00481
0.0048
0.00477
0.00475
0.00472
0.00469
0.00464
0.0046
0.00455
0.00451
0.00445
0.0044
0.00433
0.00427
0.00421
0.00414
0.00408
0.00401
0.00393
0.00386
0.00378
0.00371
0.00363
0.00356
0.00348
0.0034
0.00332
0.00324
0.00315
0.00307
0.00299
0.0029
0.00281
0.00273
0.00263
0.00254
0.00245
0.00236
0.00226
0.00216
0.00206
0.00197
0.00186
0.00176
0.00165
0.00155
0.00144
0.00134
0.00123
0.00113
0.00101
0.00091
0.0008
0.0007
0.00059
0.00049
0.00038
0.00029
0.00019
9e-05
-1e-05
-0.0001
-0.00019
-0.00028
-0.00037
-0.00045
-0.00054
-0.00062
-0.0007
-0.00077
-0.00085
-0.00091
-0.00098
-0.00104
-0.0011
-0.00116
-0.00121
-0.00127
-0.00131
-0.00136
-0.0014
-0.00143
-0.00147
-0.0015
-0.00153
-0.00156
-0.00158
-0.0016
-0.00161
-0.00162
-0.00163
-0.00163
-0.00163
-0.00163
-0.00162
-0.00161
-0.00159
-0.00157
-0.00155
-0.00152
-0.0015
-0.00146
-0.00143
-0.00139
-0.00135
-0.0013
-0.00125
-0.0012
-0.00115
-0.00109
-0.00103
-0.00097
-0.00091
-0.00084
-0.00078
-0.00071
-0.00064
-0.00056
-0.00049
-0.00042
-0.00034
-0.00026
-0.00019
-0.00011
-4e-05
4e-05
0.00012
0.00019
0.00027
0.00035
0.00042
0.00049
0.00056
0.00064
0.00071
0.00078
0.00084
0.00091
0.00097
0.00104
0.0011
0.00116
0.00122
0.00127
0.00133
0.00138
0.00143
0.00149
0.00153
0.00158
0.00163
0.00168
0.00172
0.00177
0.00181
0.00186
0.0019
0.00194
0.00198
0.00203
0.00207
0.00212
0.00215
0.0022
0.00224
0.00228
0.00232
0.00237
0.0024
0.00245
0.00248
0.00252
0.00256
0.00259
0.00263
0.00267
0.0027
0.00273
0.00276
0.00279
0.00282
0.00285
0.00287
0.00289
0.00291
0.00294
0.00295
0.00297
0.00299
0.003
0.00302
0.00304
0.00305
0.00307
0.00308
0.0031
0.00311
0.00313
0.00314
0.00315
0.00316
0.00318
0.00319
0.00321
0.00322
0.00324
0.00325
0.00327
0.00328
0.0033
0.00331
0.00333
0.00334
0.00335
0.00336
0.00338
0.00338
0.00339
0.0034
0.0034
0.0034
0.0034
0.00341
0.0034
0.0034
0.00339
0.00338
0.00337
0.00335
0.00334
0.00331
0.00329
0.00326
0.00323
0.0032
0.00316
0.00312
0.00307
0.00302
0.00297
0.00291
0.00286
0.00279
0.00272
0.00265
0.00258
0.0025
0.00241
0.00232
0.00224
0.00215
0.00205
0.00195
0.00185
0.00174
0.00164
0.00153
0.00142
0.0013
0.00119
0.00108
0.00096
0.00084
0.00073
0.00061
0.0005
0.00038
0.00026
0.00015
3e-05
-8e-05
-0.00019
-0.00031
-0.00041
-0.00053
-0.00063
-0.00074
-0.00085
-0.00095
-0.00105
-0.00116
-0.00125
-0.00135
-0.00145
-0.00155
-0.00164
-0.00173
-0.00182
-0.00191
-0.002
-0.00209
-0.00216
-0.00225
-0.00232
-0.0024
-0.00247
-0.00254
-0.0026
-0.00267
-0.00273
-0.00279
-0.00284
-0.00288
-0.00293
-0.00297
-0.003
-0.00303
-0.00305
-0.00308
-0.00309
-0.0031
-0.0031
-0.00311
-0.0031
-0.00309
-0.00308
-0.00306
-0.00304
-0.00301
-0.00298
-0.00294
-0.0029
-0.00286
-0.00281
-0.00276
-0.00271
-0.00266
-0.0026
-0.00254
-0.00247
-0.0024
-0.00234
-0.00227
-0.0022
-0.00212
-0.00204
-0.00197
-0.00188
-0.00181
-0.00172
-0.00164
-0.00155
-0.00147
-0.00138
-0.00129
-0.0012
-0.00111
-0.00101
-0.00092
-0.00083
-0.00073
-0.00063
-0.00053
-0.00043
-0.00034
-0.00024
-0.00014
-4e-05
6e-05
0.00016
0.00025
0.00036
0.00045
0.00055
0.00064
0.00074
0.00083
0.00093
0.00102
0.00111
0.00119
0.00128
0.00136
0.00145
0.00153
0.00161
0.00168
0.00176
0.00184
0.00191
0.00197
0.00204
0.00211
0.00217
0.00223
0.00229
0.00235
0.00241
0.00246
0.00252
0.00257
0.00262
0.00267
0.00272
0.00277
0.00281
0.00285
0.0029
0.00294
0.00299
0.00303
0.00307
0.00311
0.00315
0.00319
0.00324
0.00327
0.00331
0.00335
0.00339
0.00343
0.00346
0.0035
0.00353
0.00357
0.00361
0.00365
0.00369
0.00372
0.00375
0.00379
0.00382
0.00385
0.00389
0.00392
0.00395
0.00398
0.00401
0.00404
0.00406
0.00409
0.00412
0.00414
0.00417
0.00418
0.00421
0.00423
0.00425
0.00426
0.00428
0.00429
0.0043
0.00431
0.00432
0.00433
0.00433
0.00434
0.00435
0.00435
0.00435
0.00435
0.00435
0.00435
0.00435
0.00435
0.00435
0.00434
0.00434
0.00433
0.00432
0.00431
0.0043
0.00429
0.00428
0.00427
0.00425
0.00423
0.00422
0.0042
0.00418
0.00416
0.00414
0.00411
0.00409
0.00406
0.00403
0.004
0.00397
0.00394
0.00391
0.00387
0.00384
0.0038
0.00377
0.00373
0.00369
0.00365
0.00361
0.00357
0.00354
0.0035
0.00346
0.00342
0.00338
0.00334
0.0033
0.00326
0.00322
0.00318
0.00315
0.0031
0.00307
0.00302
0.00299
0.00294
0.0029
0.00285
0.00281
0.00276
0.00271
0.00266
0.00261
0.00256
0.0025
0.00244
0.00238
0.00232
0.00226
0.00219
0.00212
0.00205
0.00199
0.00191
0.00184
0.00177
0.00169
0.00162
0.00155
0.00147
0.0014
0.00133
0.00126
0.00119
0.00113
0.00106
0.001
0.00093
0.00088
0.00082
0.00077
0.00072
0.00067
0.00063
0.00059
0.00055
0.00052
0.00048
0.00045
0.00042
0.0004
0.00038
0.00036
0.00034
0.00033
0.00032
0.00031
0.0003
0.0003
0.0003
0.0003
0.0003
0.00031
0.00032
0.00034
0.00035
0.00037
0.00039
0.00042
0.00045
0.00048
0.00052
0.00056
0.0006
0.00064
0.00069
0.00074
0.0008
0.00086
0.00091
0.00098
0.00105
0.00112
0.00119
0.00126
0.00134
0.00142
0.00149
0.00157
0.00165
0.00173
0.00182
0.0019
0.00199
0.00207
0.00215
0.00224
0.00232
0.0024
0.00248
0.00257
0.00264
0.00272
0.0028
0.00288
0.00295
0.00302
0.00309
0.00317
0.00323
0.0033
0.00336
0.00343
0.00349
0.00355
0.0036
0.00366
0.00371
0.00376
0.00381
0.00385
0.00389
0.00393
0.00397
0.004
0.00404
0.00407
0.00409
0.00412
0.00414
0.00416
0.00417
0.00419
0.0042
0.00422
0.00422
0.00423
0.00423
0.00423
0.00423
0.00423
0.00423
0.00423
0.00422
0.00421
0.0042
0.00419
0.00417
0.00416
0.00414
0.00413
0.0041
0.00408
0.00406
0.00403
0.004
0.00397
0.00394
0.00391
0.00387
0.00383
0.00379
0.00375
0.00369
0.00365
0.00359
0.00355
0.00349
0.00343
0.00337
0.0033
0.00324
0.00318
0.00311
0.00305
0.00297
0.0029
0.00283
0.00276
0.00268
0.00261
0.00254
0.00247
0.00239
0.00232
0.00224
0.00217
0.0021
0.00203
0.00196
0.00189
0.00182
0.00176
0.00169
0.00163
0.00156
0.00151
0.00144
0.00139
0.00133
0.00128
0.00122
0.00117
0.00112
0.00108
0.00103
0.00099
0.00094
0.0009
0.00086
0.00083
0.00078
0.00075
0.00072
0.00069
0.00065
0.00063
0.0006
0.00057
0.00055
0.00052
0.0005
0.00048
0.00046
0.00044
0.00043
0.00042
0.0004
0.00039
0.00038
0.00037
0.00037
0.00036
0.00036
0.00035
0.00036
0.00036
0.00036
0.00037
0.00038
0.00039
0.0004
0.00041
0.00042
0.00044
0.00045
0.00047
0.00049
0.00051
0.00053
0.00055
0.00057
0.00059
0.00061
0.00064
0.00065
0.00068
0.0007
0.00072
0.00074
0.00076
0.00078
0.0008
0.00082
0.00084
0.00085
0.00087
0.00088
0.0009
0.00091
0.00093
0.00094
0.00096
0.00097
0.00099
0.00099
0.00101
0.00102
0.00103
0.00104
0.00105
0.00106
0.00107
0.00109
0.0011
0.00111
0.00112
0.00112
0.00113
0.00113
0.00114
0.00114
0.00115
0.00114
0.00115
0.00115
0.00114
0.00113
0.00113
0.00112
0.00111
0.0011
0.00109
0.00107
0.00106
0.00104
0.00102
0.001
0.00098
0.00096
0.00095
0.00092
0.00091
0.00089
0.00087
0.00085
0.00084
0.00083
0.00082
0.0008
0.0008
0.00079
0.00079
0.00078
0.00078
0.00078
0.00079
0.00079
0.00079
0.0008
0.00081
0.00082
0.00083
0.00084
0.00086
0.00086
0.00088
0.00089
0.00091
0.00091
0.00093
0.00094
0.00096
0.00096
0.00098
0.00099
0.001
0.00101
0.00102
0.00103
0.00105
0.00106
0.00107
0.00109
0.0011
0.00112
0.00114
0.00115
0.00118
0.0012
0.00123
0.00126
0.00129
0.00132
0.00136
0.0014
0.00144
0.00148
0.00153
0.00157
0.00162
0.00167
0.00173
0.00178
0.00184
0.00189
0.00195
0.00201
0.00207
0.00213
0.00219
0.00225
0.00231
0.00236
0.00242
0.00248
0.00254
0.00259
0.00264
0.00269
0.00274
0.00278
0.00283
0.00287
0.00291
0.00295
0.00299
0.00303
0.00307
0.00309
0.00313
0.00316
0.0032
0.00322
0.00326
0.00328
0.00332
0.00334
0.00338
0.0034
0.00343
0.00346
0.0035
0.00353
0.00356
0.00359
0.00362
0.00365
0.00369
0.00372
0.00376
0.00378
0.00382
0.00385
0.00388
0.00391
0.00394
0.00397
0.004
0.00402
0.00405
0.00406
0.00408
0.0041
0.00412
0.00412
0.00413
0.00413
0.00414
0.00414
0.00414
0.00413
0.00413
0.00412
0.00411
0.00409
0.00408
0.00405
0.00404
0.00401
0.004
0.00396
0.00394
0.00391
0.00389
0.00385
0.00382
0.00379
0.00376
0.00373
0.00369
0.00366
0.00363
0.00358
0.00355
0.00351
0.00348
0.00344
0.0034
0.00335
0.00332
0.00327
0.00323
0.00318
0.00314
0.00309
0.00305
0.003
0.00295
0.00289
0.00284
0.00279
0.00274
0.00268
0.00263
0.00256
0.00251
0.00245
0.00239
0.00233
0.00228
0.00222
0.00216
0.0021
0.00205
0.00199
0.00193
0.00188
0.00182
0.00176
0.00171
0.00166
0.00161
0.00155
0.0015
0.00145
0.0014
0.00135
0.0013
0.00124
0.00119
0.00114
0.00109
0.00103
0.00098
0.00092
0.00086
0.00079
0.00074
0.00067
0.0006
0.00053
0.00046
0.00038
0.0003
0.00022
0.00014
5e-05
-4e-05
-0.00014
-0.00023
-0.00033
-0.00043
-0.00054
-0.00064
-0.00075
-0.00086
-0.00098
-0.00109
-0.00121
-0.00132
-0.00144
-0.00155
-0.00168
-0.00179
-0.00191
-0.00202
-0.00214
-0.00225
-0.00236
-0.00246
-0.00257
-0.00267
-0.00278
-0.00287
-0.00297
-0.00306
-0.00314
-0.00322
-0.00331
-0.00338
-0.00345
-0.00351
-0.00358
-0.00363
-0.00369
-0.00373
-0.00378
-0.00382
-0.00386
-0.00389
-0.00391
-0.00393
-0.00395
-0.00396
-0.00397
-0.00397
-0.00396
-0.00395
-0.00394
-0.00392
-0.0039
-0.00386
-0.00383
-0.00379
-0.00374
-0.00369
-0.00363
-0.00357
-0.0035
-0.00342
-0.00335
-0.00326
-0.00318
-0.00308
-0.00299
-0.00288
-0.00278
-0.00267
-0.00256
-0.00244
-0.00233
-0.00221
-0.00209
-0.00196
-0.00184
-0.00171
-0.00159
-0.00146
-0.00133
-0.0012
-0.00108
-0.00095
-0.00083
-0.0007
-0.00058
-0.00045
-0.00033
-0.00022
-0.0001
2e-05
0.00013
0.00025
0.00035
0.00047
0.00057
0.00068
0.00079
0.00089
0.00099
0.0011
0.0012
0.0013
0.0014
0.0015
0.0016
0.0017
0.0018
0.0019
0.00199
0.0021
0.00219
0.00229
0.00239
0.00249
0.00258
0.00268
0.00277
0.00286
0.00294
0.00303
0.00312
0.0032
0.00328
0.00336
0.00343
0.0035
0.00357
0.00363
0.00369
0.00374
0.00379
0.00383
0.00387
0.0039
0.00393
0.00395
0.00397
0.00398
0.00399
0.00399
0.00398
0.00398
0.00396
0.00394
0.00391
0.00389
0.00385
0.00381
0.00377
0.00372
0.00367
0.00361
0.00355
0.00349
0.00342
0.00335
0.00328
0.00321
0.00312
0.00305
0.00296
0.00287
0.00278
0.00269
0.0026
0.0025
0.00241
0.0023
0.0022
0.0021
0.002
0.00189
0.00178
0.00168
0.00156
0.00145
0.00134
0.00122
0.0011
0.00099
0.00087
0.00075
0.00063
0.00051
0.00039
0.00027
0.00015
3e-05
-9e-05
-0.00021
-0.00033
-0.00045
-0.00058
-0.00069
-0.00081
-0.00093
-0.00105
-0.00116
-0.00128
-0.00139
-0.00151
-0.00161
-0.00172
-0.00182
-0.00193
-0.00203
-0.00213
-0.00222
-0.00231
-0.0024
-0.00249
-0.00256
-0.00264
-0.00272
-0.00279
-0.00285
-0.00291
-0.00297
-0.00302
-0.00306
-0.00311
-0.00315
-0.00318
-0.00321
-0.00323
-0.00325
-0.00327
-0.00328
-0.00329
-0.00329
-0.00329
-0.00329
-0.00328
-0.00326
-0.00325
-0.00323
-0.00321
-0.00318
-0.00316
-0.00313
-0.0031
-0.00307
-0.00304
-0.00299
-0.00296
-0.00292
-0.00288
-0.00284
-0.0028
-0.00275
-0.00271
-0.00266
-0.00262
-0.00256
-0.00252
-0.00246
-0.00242
-0.00236
-0.00231
-0.00225
-0.00219
-0.00214
-0.00208
-0.00202
-0.00195
-0.00189
-0.00182
-0.00175
-0.00168
-0.0016
-0.00153
-0.00145
-0.00137
-0.00129
-0.0012
-0.00111
-0.00103
-0.00094
-0.00085
-0.00075
-0.00066
-0.00056
-0.00046
-0.00036
-0.00026
-0.00016
-6e-05
4e-05
0.00014
0.00024
0.00034
0.00044
0.00054
0.00063
0.00073
0.00082
0.00091
0.001
0.00109
0.00118
0.00126
0.00135
0.00142
0.00151
0.00158
0.00165
0.00172
0.00179
0.00185
0.00192
0.00198
0.00204
0.0021
0.00215
0.0022
0.00226
0.0023
0.00235
0.0024
0.00244
0.00248
0.00252
0.00256
0.0026
0.00263
0.00266
0.00268
0.00271
0.00273
0.00276
0.00277
0.00279
0.0028
0.00281
0.00281
0.00282
0.00281
0.00281
0.0028
0.00279
0.00278
0.00276
0.00274
0.00271
0.00268
0.00265
0.00262
0.00258
0.00254
0.0025
0.00245
0.0024
0.00235
0.00229
0.00223
0.00218
0.00211
0.00205
0.00198
0.00191
0.00184
0.00177
0.0017
0.00162
0.00154
0.00147
0.00138
0.00131
0.00122
0.00114
0.00105
0.00096
0.00087
0.00078
0.00069
0.0006
0.00051
0.00042
0.00033
0.00024
0.00014
5e-05
-4e-05
-0.00013
-0.00022
-0.00031
-0.0004
-0.00048
-0.00057
-0.00065
-0.00073
-0.00081
-0.00089
-0.00096
-0.00103
-0.00109
-0.00116
-0.00122
-0.00128
-0.00133
-0.00138
-0.00143
-0.00147
-0.00151
-0.00155
-0.00158
-0.00161
-0.00164
-0.00165
-0.00167
-0.00169
-0.00169
-0.00171
-0.00171
-0.00171
-0.0017
-0.0017
-0.00169
-0.00168
-0.00166
-0.00164
-0.00162
-0.0016
-0.00157
-0.00154
-0.00151
-0.00148
-0.00144
-0.00141
-0.00136
-0.00132
-0.00128
-0.00124
-0.00119
-0.00114
-0.00109
-0.00104
-0.00099
-0.00094
-0.00089
-0.00084
-0.00078
-0.00073
-0.00067
-0.00063
-0.00057
-0.00052
-0.00046
-0.00041
-0.00035
-0.0003
-0.00024
-0.00019
-0.00014
-8e-05
-3e-05
3e-05
9e-05
0.00015
0.00021
0.00026
0.00033
0.00038
0.00045
0.00051
0.00058
0.00064
0.00072
0.00079
0.00086
0.00093
0.001
0.00108
0.00115
0.00123
0.00131
0.00138
0.00147
0.00154
0.00162
0.0017
0.00177
0.00184
0.00193
0.00199
0.00206
0.00213
0.0022
0.00226
0.00233
0.00239
0.00245
0.0025
0.00255
0.0026
0.00265
0.00269
0.00273
0.00277
0.00281
0.00284
0.00287
0.0029
0.00293
0.00295
0.00298
0.003
0.00302
0.00303
0.00305
0.00306
0.00307
0.00308
0.00308
0.00308
0.00309
0.00309
0.00308
0.00308
0.00306
0.00305
0.00304
0.00302
0.003
0.00297
0.00294
0.0029
0.00287
0.00282
0.00278
0.00273
0.00268
0.00262
0.00256
0.0025
0.00243
0.00237
0.0023
0.00222
0.00215
0.00206
0.00199
0.0019
0.00182
0.00173
0.00165
0.00156
0.00147
0.00138
0.00129
0.0012
0.0011
0.00101
0.00092
0.00082
0.00073
0.00063
0.00054
0.00044
0.00035
0.00025
0.00015
5e-05
-5e-05
-0.00015
-0.00025
-0.00035
-0.00045
-0.00055
-0.00064
-0.00074
-0.00083
-0.00093
-0.00102
-0.00111
-0.00119
-0.00128
-0.00135
-0.00143
-0.00149
-0.00156
-0.00162
-0.00168
-0.00173
-0.00177
-0.0018
-0.00183
-0.00186
-0.00188
-0.00189
-0.0019
-0.00189
-0.00189
-0.00188
-0.00187
-0.00184
-0.00182
-0.00179
-0.00176
-0.00172
-0.00168
-0.00163
-0.00159
-0.00154
-0.00149
-0.00143
-0.00138
-0.00132
-0.00127
-0.0012
-0.00115
-0.00108
-0.00102
-0.00096
-0.0009
-0.00083
-0.00076
-0.0007
-0.00063
-0.00055
-0.00049
-0.00041
-0.00033
-0.00025
-0.00018
-9e-05
-1e-05
7e-05
0.00016
0.00025
0.00033
0.00042
0.00051
0.00061
0.0007
0.00079
0.00088
0.00098
0.00107
0.00116
0.00125
0.00134
0.00142
0.00152
0.0016
0.00168
0.00175
0.00183
0.0019
0.00197
0.00204
0.0021
0.00216
0.00222
0.00227
0.00232
0.00236
0.00241
0.00244
0.00248
0.00251
0.00254
0.00256
0.00257
0.00259
0.0026
0.00261
0.00262
0.00261
0.00261
0.0026
0.00259
0.00257
0.00256
0.00253
0.00251
0.00247
0.00244
0.0024
0.00236
0.00232
0.00227
0.00222
0.00217
0.00211
0.00206
0.002
0.00194
0.00187
0.00181
0.00174
0.00168
0.00161
0.00154
0.00147
0.0014
0.00134
0.00127
0.00121
0.00115
0.00108
0.00102
0.00095
0.0009
0.00083
0.00078
0.00072
0.00066
0.0006
0.00055
0.00049
0.00044
0.00039
0.00034
0.00028
0.00023
0.00017
0.00012
7e-05
2e-05
-4e-05
-9e-05
-0.00014
-0.00019
-0.00025
-0.0003
-0.00035
-0.00041
-0.00046
-0.00051
-0.00056
-0.0006
-0.00066
-0.0007
-0.00075
-0.00079
-0.00084
-0.00087
-0.00092
-0.00095
-0.00099
-0.00102
-0.00105
-0.00109
-0.00111
-0.00114
-0.00116
-0.00118
-0.0012
-0.00122
-0.00124
-0.00125
-0.00127
-0.00128
-0.0013
-0.0013
-0.00132
-0.00133
-0.00134
-0.00135
-0.00135
-0.00136
-0.00136
-0.00137
-0.00138
-0.00137
-0.00138
-0.00138
-0.00138
-0.00137
-0.00137
-0.00136
-0.00136
-0.00135
-0.00134
-0.00132
-0.0013
-0.00129
-0.00126
-0.00124
-0.00122
-0.00119
-0.00116
-0.00112
-0.00109
-0.00105
-0.00102
-0.00097
-0.00094
-0.00089
-0.00085
-0.00081
-0.00076
-0.00072
-0.00067
-0.00063
-0.00059
-0.00054
-0.0005
-0.00046
-0.00042
-0.00038
-0.00035
-0.00031
-0.00028
-0.00025
-0.00022
-0.0002
-0.00017
-0.00014
-0.00012
-0.0001
-8e-05
-6e-05
-4e-05
-2e-05
-1e-05
1e-05
2e-05
4e-05
5e-05
6e-05
7e-05
8e-05
9e-05
0.00011
0.00012
0.00013
0.00013
0.00014
0.00014
0.00015
0.00015
0.00015
0.00014
0.00014
0.00013
0.00012
0.00011
9e-05
7e-05
5e-05
2e-05
-1e-05
-5e-05
-8e-05
-0.00012
-0.00016
-0.00021
-0.00026
-0.00032
-0.00037
-0.00042
-0.00048
-0.00054
-0.00061
-0.00067
-0.00073
-0.00079
-0.00085
-0.00092
-0.00098
-0.00105
-0.0011
-0.00117
-0.00122
-0.00129
-0.00134
-0.00139
-0.00145
-0.0015
-0.00155
-0.0016
-0.00164
-0.00169
-0.00173
-0.00178
-0.00182
-0.00186
-0.00189
-0.00193
-0.00197
-0.002
-0.00203
-0.00207
-0.0021
-0.00213
-0.00216
-0.00219
-0.00221
-0.00224
-0.00226
-0.00229
-0.0023
-0.00232
-0.00234
-0.00236
-0.00237
-0.00238
-0.00238
-0.00239
-0.0024
-0.0024
-0.0024
-0.0024
-0.00239
-0.00238
-0.00237
-0.00236
-0.00235
-0.00233
-0.00231
-0.00229
-0.00227
-0.00225
-0.00222
-0.0022
-0.00217
-0.00214
-0.00212
-0.00209
-0.00205
-0.00202
-0.00198
-0.00195
-0.00191
-0.00188
-0.00184
-0.0018
-0.00176
-0.00172
-0.00167
-0.00163
-0.00159
-0.00154
-0.0015
-0.00145
-0.00139
-0.00134
-0.00129
-0.00124
-0.00118
-0.00113
-0.00107
-0.00101
-0.00095
-0.0009
-0.00083
-0.00077
-0.00072
-0.00066
-0.0006
-0.00053
-0.00047
-0.00041
-0.00035
-0.0003
-0.00023
-0.00018
-0.00012
-6e-05
-1e-05
5e-05
0.00011
0.00016
0.00021
0.00026
0.00031
0.00036
0.00042
0.00047
0.00052
0.00056
0.00062
0.00066
0.00072
0.00077
0.00082
0.00087
0.00092
0.00097
0.00102
0.00107
0.00112
0.00118
0.00123
0.00128
0.00134
0.00138
0.00144
0.00149
0.00154
0.00159
0.00164
0.00169
0.00174
0.00179
0.00183
0.00187
0.00191
0.00196
0.00199
0.00203
0.00207
0.0021
0.00213
0.00215
0.00218
0.0022
0.00223
0.00224
0.00226
0.00227
0.00228
0.00229
0.0023
0.0023
0.00231
0.00231
0.00231
0.00231
0.00231
0.0023
0.0023
0.00228
0.00228
0.00226
0.00225
0.00224
0.00222
0.0022
0.00218
0.00216
0.00214
0.00212
0.00209
0.00206
0.00204
0.002
0.00197
0.00193
0.0019
0.00185
0.00182
0.00177
0.00172
0.00167
0.00162
0.00157
0.00152
0.00146
0.00141
0.00134
0.00129
0.00122
0.00117
0.0011
0.00104
0.00097
0.00092
0.00085
0.00079
0.00073
0.00066
0.00061
0.00055
0.00049
0.00044
0.00038
0.00033
0.00028
0.00023
0.00018
0.00013
8e-05
5e-05
0.0
-4e-05
-8e-05
-0.00011
-0.00015
-0.00018
-0.00021
-0.00024
-0.00028
-0.0003
-0.00033
-0.00035
-0.00038
-0.0004
-0.00042
-0.00044
-0.00046
-0.00048
-0.0005
-0.00051
-0.00052
-0.00053
-0.00054
-0.00055
-0.00056
-0.00057
-0.00058
-0.00058
-0.00059
-0.00059
-0.00059
-0.00059
-0.00059
-0.00059
-0.00059
-0.0006
-0.0006
-0.0006
-0.0006
-0.0006
-0.00062
-0.00062
-0.00063
-0.00063
-0.00065
-0.00066
-0.00068
-0.00069
-0.00071
-0.00073
-0.00076
-0.00078
-0.00081
-0.00083
-0.00086
-0.00089
-0.00093
-0.00096
-0.00099
-0.00102
-0.00106
-0.00109
-0.00113
-0.00116
-0.00119
-0.00122
-0.00125
-0.00128
-0.00131
-0.00134
-0.00136
-0.00138
-0.0014
-0.00142
-0.00143
-0.00144
-0.00146
-0.00146
-0.00147
-0.00147
-0.00147
-0.00147
-0.00146
-0.00146
-0.00145
-0.00143
-0.00142
-0.00139
-0.00138
-0.00135
-0.00133
-0.0013
-0.00128
-0.00124
-0.00121
-0.00117
-0.00113
-0.00109
-0.00105
-0.00101
-0.00096
-0.00092
-0.00087
-0.00081
-0.00077
-0.00071
-0.00066
-0.0006
-0.00054
-0.00048
-0.00043
-0.00036
-0.0003
-0.00024
-0.00018
-0.00012
-6e-05
0.0
7e-05
0.00013
0.00018
0.00025
0.0003
0.00036
0.00041
0.00047
0.00052
0.00058
0.00062
0.00067
0.00072
0.00076
0.0008
0.00084
0.00088
0.00092
0.00095
0.00098
0.00101
0.00104
0.00106
0.00109
0.00111
0.00113
0.00115
0.00117
0.00118
0.00119
0.00121
0.00122
0.00124
0.00125
0.00126
0.00127
0.00128
0.00129
0.0013
0.00131
0.00131
0.00133
0.00133
0.00134
0.00135
0.00136
0.00137
0.00138
0.00139
0.0014
0.0014
0.00142
0.00142
0.00143
0.00144
0.00145
0.00145
0.00146
0.00147
0.00147
0.00147
0.00148
0.00148
0.00149
0.00149
0.00149
0.00149
0.0015
0.00149
0.0015
0.0015
0.0015
0.0015
0.00151
0.00151
0.00152
0.00153
0.00153
0.00154
0.00156
0.00157
0.00158
0.0016
0.00162
0.00164
0.00166
