1.92216932100559E+03

-0.00262
-0.00262
-0.00261
-0.0026
-0.00259
-0.00258
-0.00256
-0.00254
-0.00253
-0.0025
-0.00248
-0.00245
-0.00242
-0.00239
-0.00235
-0.00232
-0.00228
-0.00225
-0.0022
-0.00216
-0.00211
-0.00207
-0.00202
-0.00196
-0.00191
-0.00186
-0.0018
-0.00174
-0.00167
-0.00161
-0.00155
-0.00148
-0.00141
-0.00134
-0.00127
-0.0012
-0.00112
-0.00105
-0.00098
-0.0009
-0.00083
-0.00075
-0.00067
-0.00059
-0.00051
-0.00044
-0.00036
-0.00028
-0.0002
-0.00013
-5e-05
2e-05
0.0001
0.00017
0.00024
0.00031
0.00038
0.00045
0.00052
0.00059
0.00066
0.00072
0.00079
0.00085
0.00091
0.00097
0.00103
0.00108
0.00114
0.00119
0.00124
0.00129
0.00134
0.00139
0.00144
0.00148
0.00153
0.00156
0.00161
0.00164
0.00168
0.00171
0.00175
0.00178
0.00182
0.00185
0.00188
0.00191
0.00193
0.00196
0.00199
0.00202
0.00204
0.00206
0.00208
0.0021
0.00213
0.00214
0.00216
0.00217
0.00219
0.0022
0.00221
0.00221
0.00222
0.00222
0.00222
0.00222
0.00222
0.00221
0.0022
0.00219
0.00218
0.00216
0.00214
0.00212
0.0021
0.00207
0.00204
0.00201
0.00197
0.00194
0.00191
0.00187
0.00184
0.0018
0.00176
0.00172
0.00169
0.00165
0.00161
0.00157
0.00154
0.0015
0.00147
0.00143
0.0014
0.00137
0.00135
0.00132
0.0013
0.00127
0.00125
0.00123
0.00121
0.00119
0.00118
0.00116
0.00115
0.00113
0.00111
0.0011
0.00108
0.00107
0.00105
0.00104
0.00102
0.001
0.00098
0.00096
0.00094
0.00092
0.0009
0.00087
0.00085
0.00082
0.00079
0.00076
0.00073
0.0007
0.00067
0.00064
0.00061
0.00057
0.00055
0.00051
0.00048
0.00045
0.00042
0.00039
0.00037
0.00034
0.00032
0.00029
0.00027
0.00025
0.00023
0.00021
0.0002
0.00018
0.00017
0.00015
0.00015
0.00013
0.00013
0.00012
0.00012
0.00012
0.00011
0.00011
0.00011
0.00011
0.00012
0.00012
0.00013
0.00013
0.00015
0.00015
0.00017
0.00018
0.0002
0.00021
0.00023
0.00025
0.00027
0.00029
0.00032
0.00034
0.00037
0.0004
0.00044
0.00046
0.0005
0.00053
0.00057
0.00061
0.00065
0.00068
0.00073
0.00077
0.00081
0.00085
0.00089
0.00093
0.00097
0.00101
0.00106
0.00109
0.00114
0.00118
0.00122
0.00125
0.0013
0.00133
0.00137
0.00141
0.00144
0.00148
0.00152
0.00155
0.00159
0.00163
0.00166
0.0017
0.00174
0.00177
0.00181
0.00184
0.00188
0.00191
0.00195
0.00199
0.00202
0.00206
0.00209
0.00213
0.00216
0.00219
0.00223
0.00225
0.00229
0.00231
0.00234
0.00236
0.00239
0.0024
0.00243
0.00244
0.00246
0.00247
0.00248
0.00249
0.00249
0.0025
0.0025
0.0025
0.0025
0.00249
0.00249
0.00248
0.00247
0.00246
0.00245
0.00243
0.00242
0.0024
0.00238
0.00237
0.00235
0.00233
0.00231
0.00229
0.00227
0.00224
0.00222
0.0022
0.00217
0.00215
0.00212
0.00209
0.00206
0.00203
0.002
0.00197
0.00194
0.00191
0.00188
0.00184
0.0018
0.00176
0.00173
0.00169
0.00165
0.0016
0.00157
0.00153
0.00149
0.00144
0.0014
0.00136
0.00132
0.00129
0.00125
0.00121
0.00118
0.00115
0.00112
0.00109
0.00107
0.00104
0.00103
0.001
0.00099
0.00097
0.00096
0.00095
0.00095
0.00094
0.00094
0.00093
0.00094
0.00094
0.00094
0.00094
0.00095
0.00095
0.00096
0.00096
0.00096
0.00096
0.00096
0.00096
0.00096
0.00096
0.00096
0.00095
0.00095
0.00094
0.00093
0.00092
0.00091
0.00089
0.00089
0.00087
0.00086
0.00084
0.00082
0.00081
0.00079
0.00078
0.00077
0.00075
0.00074
0.00073
0.00073
0.00072
0.00071
0.00071
0.00071
0.00071
0.00071
0.00072
0.00072
0.00074
0.00075
0.00076
0.00078
0.0008
0.00082
0.00084
0.00087
0.00089
0.00091
0.00094
0.00097
0.001
0.00102
0.00105
0.00108
0.00111
0.00114
0.00117
0.0012
0.00122
0.00125
0.00127
0.0013
0.00132
0.00135
0.00136
0.00139
0.0014
0.00142
0.00143
0.00144
0.00145
0.00146
0.00146
0.00147
0.00146
0.00147
0.00146
0.00146
0.00144
0.00143
0.00141
0.0014
0.00138
0.00135
0.00133
0.0013
0.00127
0.00124
0.00121
0.00118
0.00113
0.0011
0.00105
0.00102
0.00097
0.00093
0.00087
0.00083
0.00078
0.00073
0.00068
0.00063
0.00058
0.00052
0.00047
0.00042
0.00036
0.00031
0.00025
0.00019
0.00013
7e-05
1e-05
-5e-05
-0.00011
-0.00017
-0.00023
-0.0003
-0.00036
-0.00042
-0.00049
-0.00055
-0.00062
-0.00068
-0.00074
-0.0008
-0.00087
-0.00092
-0.00099
-0.00104
-0.0011
-0.00115
-0.0012
-0.00125
-0.00129
-0.00133
-0.00137
-0.0014
-0.00143
-0.00145
-0.00147
-0.00149
-0.0015
-0.00151
-0.00151
-0.00151
-0.0015
-0.00149
-0.00147
-0.00145
-0.00143
-0.00139
-0.00136
-0.00131
-0.00128
-0.00122
-0.00117
-0.00112
-0.00106
-0.00099
-0.00093
-0.00086
-0.00079
-0.00071
-0.00064
-0.00056
-0.00048
-0.00039
-0.00031
-0.00022
-0.00013
-4e-05
5e-05
0.00015
0.00024
0.00033
0.00042
0.00052
0.00061
0.00071
0.00081
0.0009
0.001
0.00109
0.00119
0.00129
0.00137
0.00147
0.00156
0.00166
0.00175
0.00184
0.00193
0.00203
0.00211
0.0022
0.00229
0.00238
0.00247
0.00256
0.00265
0.00274
0.00282
0.00291
0.00299
0.00308
0.00317
0.00325
0.00334
0.00343
0.00351
0.00359
0.00367
0.00375
0.00383
0.00391
0.00399
0.00407
0.00414
0.00422
0.00428
0.00435
0.00442
0.00448
0.00453
0.00459
0.00464
0.00469
0.00474
0.00477
0.00481
0.00485
0.00488
0.0049
0.00492
0.00494
0.00495
0.00496
0.00496
0.00497
0.00496
0.00496
0.00495
0.00493
0.00492
0.0049
0.00488
0.00485
0.00483
0.0048
0.00477
0.00475
0.00471
0.00468
0.00464
0.00461
0.00457
0.00454
0.0045
0.00447
0.00443
0.00439
0.00436
0.00432
0.00429
0.00426
0.00422
0.00419
0.00415
0.00412
0.00408
0.00405
0.00402
0.00399
0.00396
0.00392
0.00389
0.00386
0.00383
0.0038
0.00377
0.00374
0.0037
0.00367
0.00363
0.0036
0.00356
0.00353
0.00349
0.00346
0.00342
0.00338
0.00334
0.00329
0.00325
0.0032
0.00316
0.00311
0.00306
0.00301
0.00295
0.0029
0.00284
0.00279
0.00273
0.00267
0.00261
0.00255
0.00249
0.00242
0.00236
0.00229
0.00223
0.00217
0.00209
0.00203
0.00196
0.00189
0.00182
0.00175
0.00167
0.0016
0.00153
0.00145
0.00137
0.00129
0.00121
0.00112
0.00103
0.00095
0.00085
0.00076
0.00065
0.00056
0.00045
0.00034
0.00023
0.00012
0.0
-0.00011
-0.00024
-0.00036
-0.00048
-0.00061
-0.00073
-0.00086
-0.00099
-0.00111
-0.00124
-0.00136
-0.00148
-0.0016
-0.00172
-0.00182
-0.00193
-0.00204
-0.00214
-0.00223
-0.00232
-0.0024
-0.00248
-0.00254
-0.00261
-0.00266
-0.00272
-0.00276
-0.0028
-0.00283
-0.00286
-0.00288
-0.00289
-0.0029
-0.00291
-0.00291
-0.0029
-0.00289
-0.00287
-0.00285
-0.00283
-0.0028
-0.00278
-0.00274
-0.0027
-0.00266
-0.00262
-0.00257
-0.00253
-0.00247
-0.00242
-0.00236
-0.0023
-0.00223
-0.00216
-0.00209
-0.00202
-0.00194
-0.00186
-0.00177
-0.00169
-0.0016
-0.00151
-0.00141
-0.00132
-0.00122
-0.00113
-0.00103
-0.00093
-0.00083
-0.00073
-0.00063
-0.00053
-0.00043
-0.00034
-0.00024
-0.00016
-7e-05
1e-05
0.0001
0.00018
0.00025
0.00032
0.00039
0.00045
0.00052
0.00058
0.00063
0.00068
0.00074
0.00078
0.00083
0.00088
0.00092
0.00096
0.00101
0.00106
0.0011
0.00115
0.0012
0.00125
0.00131
0.00136
0.00142
0.00149
0.00155
0.00162
0.0017
0.00178
0.00186
0.00195
0.00205
0.00214
0.00224
0.00235
0.00246
0.00258
0.00271
0.00284
0.00297
0.00311
0.00326
0.00341
0.00357
0.00373
0.0039
0.00408
0.00427
0.00446
0.00466
0.00486
0.00508
0.0053
0.00554
0.00578
0.00603
0.00629
0.00656
0.00683
0.00712
0.00742
0.00772
0.00804
0.00837
0.0087
0.00904
0.00939
0.00975
0.01012
0.0105
0.01089
0.01128
0.01168
0.01209
0.0125
0.01292
0.01334
0.01377
0.0142
0.01465
0.01509
0.01553
0.01598
0.01643
0.01688
0.01734
0.0178
0.01826
0.01872
0.01918
0.01964
0.0201
0.02056
0.02103
0.02148
0.02195
0.02241
0.02287
0.02333
0.02379
0.02425
0.02471
0.02516
0.02562
0.02607
0.02652
0.02696
0.02741
0.02785
0.02829
0.02872
0.02916
0.02959
0.03001
0.03043
0.03084
0.03125
0.03166
0.03206
0.03245
0.03284
0.03322
0.0336
0.03397
0.03433
0.03469
0.03503
0.03538
0.03572
0.03604
0.03637
0.03668
0.03699
0.03729
0.03758
0.03786
0.03814
0.03841
0.03866
0.03892
0.03916
0.0394
0.03962
0.03985
0.04006
0.04026
0.04045
0.04064
0.04082
0.04099
0.04115
0.04131
0.04145
0.04159
0.04172
0.04185
0.04197
0.04208
0.04218
0.04228
0.04237
0.04245
0.04253
0.04261
0.04268
0.04274
0.0428
0.04286
0.04291
0.04295
0.043
0.04304
0.04307
0.0431
0.04313
0.04316
0.04318
0.0432
0.04321
0.04322
0.04323
0.04323
0.04323
0.04322
0.04321
0.0432
0.04318
0.04315
0.04312
0.04308
0.04304
0.04299
0.04293
0.04287
0.0428
0.04272
0.04264
0.04255
0.04245
0.04235
0.04223
0.04211
0.04199
0.04186
0.04172
0.04157
0.04142
0.04127
0.0411
0.04093
0.04076
0.04058
0.0404
0.04021
0.04002
0.03982
0.03962
0.03942
0.03921
0.039
0.03879
0.03857
0.03836
0.03814
0.03792
0.0377
0.03747
0.03724
0.03701
0.03679
0.03655
0.03632
0.03609
0.03585
0.03562
0.03538
0.03514
0.0349
0.03466
0.03442
0.03418
0.03393
0.03369
0.03344
0.0332
0.03295
0.0327
0.03246
0.0322
0.03196
0.03171
0.03146
0.03121
0.03096
0.03071
0.03047
0.03021
0.02997
0.02972
0.02947
0.02922
0.02898
0.02873
0.02849
0.02824
0.028
0.02775
0.02751
0.02727
0.02703
0.02679
0.02656
0.02632
0.02608
0.02584
0.02561
0.02537
0.02514
0.02491
0.02468
0.02444
0.02421
0.02398
0.02375
0.02351
0.02328
0.02305
0.02282
0.02259
0.02236
0.02213
0.0219
0.02167
0.02144
0.02121
0.02099
0.02075
0.02053
0.0203
0.02007
0.01984
0.01962
0.0194
0.01917
0.01895
0.01873
0.01851
0.01829
0.01807
0.01785
0.01764
0.01742
0.01721
0.017
0.01679
0.01658
0.01638
0.01618
0.01597
0.01578
0.01558
0.01538
0.01519
0.015
0.01481
0.01463
0.01445
0.01427
0.01409
0.01392
0.01375
0.01358
0.01341
0.01325
0.01309
0.01294
0.01278
0.01264
0.01249
0.01235
0.01221
0.01208
0.01195
0.01182
0.0117
0.01158
0.01147
0.01136
0.01125
0.01115
0.01105
0.01095
0.01086
0.01077
0.01068
0.01059
0.01051
0.01043
0.01036
0.01028
0.01021
0.01014
0.01007
0.01
0.00993
0.00987
0.0098
0.00974
0.00967
0.00961
0.00954
0.00948
0.00942
0.00935
0.00929
0.00922
0.00915
0.00909
0.00902
0.00896
0.00889
0.00882
0.00875
0.00869
0.00862
0.00855
0.00848
0.00841
0.00834
0.00828
0.00821
0.00814
0.00807
0.00801
0.00794
0.00788
0.00781
0.00775
0.00769
0.00763
0.00757
0.00752
0.00746
0.0074
0.00735
0.00731
0.00726
0.00722
0.00717
0.00713
0.00709
0.00706
0.00702
0.00699
0.00696
0.00694
0.00691
0.00689
0.00687
0.00686
0.00684
0.00683
0.00683
0.00683
0.00682
0.00683
0.00683
0.00683
0.00684
0.00685
0.00686
0.00688
0.00689
0.00691
0.00693
0.00695
0.00697
0.007
0.00702
0.00705
0.00707
0.0071
0.00712
0.00715
0.00717
0.00719
0.00721
0.00724
0.00726
0.00728
0.00729
0.00731
0.00732
0.00734
0.00735
0.00736
0.00736
0.00737
0.00738
0.00738
0.00738
0.00738
0.00738
0.00738
0.00737
0.00736
0.00735
0.00735
0.00734
0.00733
0.00731
0.00731
0.00729
0.00728
0.00726
0.00725
0.00723
0.00721
0.00719
0.00718
0.00715
0.00713
0.00711
0.00709
0.00706
0.00704
0.00701
0.00698
0.00695
0.00691
0.00688
0.00684
0.0068
0.00676
0.00672
0.00668
0.00663
0.00658
0.00652
0.00647
0.00642
0.00636
0.00631
0.00625
0.00619
0.00613
0.00607
0.00601
0.00595
0.00589
0.00582
0.00577
0.0057
0.00564
0.00558
0.00552
0.00546
0.0054
0.00535
0.00529
0.00523
0.00517
0.00512
0.00506
0.005
0.00495
0.00489
0.00484
0.00479
0.00473
0.00468
0.00462
0.00457
0.00451
0.00446
0.0044
0.00434
0.00429
0.00423
0.00418
0.00412
0.00406
0.004
0.00395
0.00389
0.00383
0.00377
0.00371
0.00365
0.00359
0.00353
0.00348
0.00341
0.00336
0.0033
0.00324
0.00318
0.00312
0.00306
0.00301
0.00295
0.00289
0.00284
0.00278
0.00273
0.00267
0.00262
0.00257
0.00251
0.00247
0.00242
0.00237
0.00232
0.00228
0.00224
0.0022
0.00216
0.00212
0.00208
0.00205
0.00202
0.00199
0.00196
0.00194
0.00191
0.00189
0.00187
0.00185
0.00183
0.00181
0.00179
0.00177
0.00175
0.00173
0.00171
0.00169
0.00167
0.00164
0.00162
0.00159
0.00156
0.00153
0.0015
0.00147
0.00142
0.00139
0.00134
0.0013
0.00125
0.0012
0.00115
0.00109
0.00104
0.00099
0.00094
0.00088
0.00082
0.00077
0.00071
0.00066
0.0006
0.00056
0.0005
0.00046
0.00041
0.00036
0.00032
0.00027
0.00023
0.0002
0.00016
0.00013
0.0001
7e-05
4e-05
2e-05
-0.0
-2e-05
-4e-05
-6e-05
-7e-05
-8e-05
-0.0001
-0.0001
-0.00011
-0.00011
-0.00011
-0.00011
-0.00011
-0.0001
-0.0001
-8e-05
-7e-05
-5e-05
-3e-05
-0.0
2e-05
5e-05
9e-05
0.00012
0.00017
0.00021
0.00026
0.00032
0.00037
0.00043
0.0005
0.00056
0.00063
0.0007
0.00077
0.00085
0.00092
0.001
0.00108
0.00116
0.00124
0.00131
0.00139
0.00147
0.00154
0.00162
0.00169
0.00176
0.00182
0.00189
0.00195
0.00201
0.00207
0.00212
0.00217
0.00221
0.00226
0.0023
0.00234
0.00238
0.00241
0.00244
0.00246
0.00249
0.00251
0.00254
0.00255
0.00258
0.00259
0.00261
0.00262
0.00264
0.00266
0.00267
0.00269
0.0027
0.00272
0.00273
0.00275
0.00277
0.00278
0.00281
0.00282
0.00285
0.00286
0.00289
0.00291
0.00293
0.00296
0.00299
0.00301
0.00304
0.00307
0.0031
0.00312
0.00316
0.00319
0.00322
0.00325
0.00328
0.00331
0.00334
0.00338
0.00341
0.00344
0.00347
0.0035
0.00354
0.00356
0.0036
0.00363
0.00366
0.00369
0.00372
0.00374
0.00378
0.0038
0.00383
0.00385
0.00387
0.0039
0.00392
0.00394
0.00396
0.00398
0.004
0.00401
0.00402
0.00403
0.00404
0.00404
0.00405
0.00404
0.00404
0.00404
0.00403
0.00402
0.004
0.00399
0.00397
0.00395
0.00393
0.0039
0.00387
0.00384
0.00381
0.00377
0.00374
0.0037
0.00366
0.00362
0.00358
0.00354
0.00349
0.00345
0.00341
0.00336
0.00331
0.00326
0.00322
0.00317
0.00312
0.00307
0.00303
0.00298
0.00293
0.00287
0.00282
0.00277
0.00272
0.00266
0.00261
0.00255
0.0025
0.00243
0.00238
0.00231
0.00225
0.00218
0.00212
0.00205
0.00198
0.00191
0.00184
0.00177
0.0017
0.00163
0.00156
0.00148
0.00141
0.00133
0.00127
0.00119
0.00112
0.00105
0.00099
0.00092
0.00085
0.00079
0.00072
0.00067
0.00061
0.00056
0.00051
0.00045
0.0004
0.00035
0.00031
0.00026
0.00022
0.00018
0.00014
0.0001
6e-05
2e-05
-2e-05
-6e-05
-9e-05
-0.00013
-0.00017
-0.00021
-0.00024
-0.00029
-0.00032
-0.00037
-0.00041
-0.00045
-0.00049
-0.00054
-0.00059
-0.00063
-0.00068
-0.00072
-0.00076
-0.0008
-0.00084
-0.00089
-0.00093
-0.00097
-0.001
-0.00104
-0.00107
-0.00111
-0.00113
-0.00116
-0.00119
-0.00121
-0.00123
-0.00125
-0.00126
-0.00127
-0.00128
-0.00129
-0.00129
-0.0013
-0.00129
-0.0013
-0.00129
-0.00129
-0.00128
-0.00128
-0.00127
-0.00126
-0.00125
-0.00124
-0.00122
-0.0012
-0.00119
-0.00118
-0.00116
-0.00114
-0.00112
-0.0011
-0.00107
-0.00105
-0.00102
-0.001
-0.00097
-0.00094
-0.00091
-0.00087
-0.00084
-0.0008
-0.00075
-0.00071
-0.00066
-0.00062
-0.00057
-0.00052
-0.00046
-0.00041
-0.00035
-0.00029
-0.00023
-0.00017
-0.0001
-4e-05
3e-05
9e-05
0.00016
0.00022
0.00029
0.00035
0.00042
0.00047
0.00054
0.0006
0.00066
0.00072
0.00077
0.00082
0.00088
0.00093
0.00098
0.00103
0.00108
0.00112
0.00116
0.0012
0.00124
0.00127
0.00131
0.00134
0.00138
0.0014
0.00143
0.00145
0.00147
0.0015
0.00152
0.00153
0.00155
0.00156
0.00158
0.00159
0.0016
0.0016
0.00161
0.00161
0.00162
0.00162
0.00161
0.00161
0.00161
0.0016
0.0016
0.00159
0.00159
0.00158
0.00157
0.00156
0.00156
0.00154
0.00154
0.00152
0.00152
0.00151
0.0015
0.00149
0.00148
0.00147
0.00146
0.00145
0.00144
0.00143
0.00142
0.00141
0.0014
0.00139
0.00138
0.00137
0.00136
0.00135
0.00134
0.00133
0.00131
0.00131
0.0013
0.00129
0.00129
0.00128
0.00128
0.00127
0.00128
0.00128
0.00128
0.00129
0.0013
0.00131
0.00133
0.00135
0.00137
0.0014
0.00143
0.00146
0.0015
0.00154
0.00158
0.00163
0.00168
0.00173
0.00179
0.00184
0.0019
0.00196
0.00202
0.00208
0.00214
0.0022
0.00226
0.00232
0.00239
0.00245
0.00251
0.00256
0.00263
0.00268
0.00274
0.00279
0.00284
0.00289
0.00294
0.00299
0.00303
0.00308
0.00312
0.00317
0.00321
0.00325
0.00329
0.00333
0.00337
0.0034
0.00343
0.00346
0.0035
0.00352
0.00355
0.00357
0.00359
0.00361
0.00363
0.00364
0.00365
0.00365
0.00366
0.00365
0.00365
0.00364
0.00362
0.0036
0.00358
0.00355
0.00352
0.00348
0.00343
0.00339
0.00334
0.00329
0.00323
0.00317
0.00311
0.00304
0.00297
0.0029
0.00283
0.00275
0.00268
0.00259
0.00251
0.00243
0.00234
0.00226
0.00217
0.00208
0.00199
0.0019
0.00181
0.00171
0.00161
0.00151
0.00141
0.0013
0.00119
0.00108
0.00096
0.00085
0.00072
0.0006
0.00047
0.00034
0.00021
6e-05
-8e-05
-0.00022
-0.00037
-0.00052
-0.00068
-0.00084
-0.00099
-0.00115
-0.00131
-0.00148
-0.00165
-0.00181
-0.00197
-0.00214
-0.0023
-0.00247
-0.00263
-0.00279
-0.00295
-0.00311
-0.00327
-0.00342
-0.00357
-0.00372
-0.00387
-0.00402
-0.00416
-0.0043
-0.00444
-0.00457
-0.0047
-0.00484
-0.00496
-0.00508
-0.0052
-0.00532
-0.00543
-0.00555
-0.00565
-0.00576
-0.00586
-0.00596
-0.00606
-0.00615
-0.00624
-0.00632
-0.0064
-0.00649
-0.00656
-0.00663
-0.00669
-0.00676
-0.00681
-0.00687
-0.00691
-0.00696
-0.00699
-0.00703
-0.00706
-0.00707
-0.00709
-0.0071
-0.0071
-0.0071
-0.00709
-0.00707
-0.00705
-0.00703
-0.00699
-0.00696
-0.00691
-0.00686
-0.00681
-0.00675
-0.00668
-0.00661
-0.00654
-0.00646
-0.00638
-0.0063
-0.00621
-0.00612
-0.00602
-0.00593
-0.00584
-0.00574
-0.00564
-0.00554
-0.00544
-0.00534
-0.00524
-0.00514
-0.00503
-0.00493
-0.00482
-0.00473
-0.00462
-0.00452
-0.00442
-0.00432
-0.00422
-0.00412
-0.00401
-0.00391
-0.00381
-0.00371
-0.00362
-0.00351
-0.00341
-0.00331
-0.00321
-0.00312
-0.00302
-0.00292
-0.00282
-0.00273
-0.00264
-0.00255
-0.00246
-0.00238
-0.0023
-0.00222
-0.00215
-0.00207
-0.002
-0.00194
-0.00188
-0.00183
-0.00177
-0.00173
-0.00168
-0.00165
-0.00161
-0.00159
-0.00156
-0.00154
-0.00152
-0.00151
-0.0015
-0.0015
-0.00149
-0.00149
-0.00149
-0.00149
-0.00149
-0.0015
-0.0015
-0.00151
-0.00152
-0.00153
-0.00153
-0.00154
-0.00154
-0.00155
-0.00155
-0.00155
-0.00155
-0.00155
-0.00155
-0.00155
-0.00154
-0.00154
-0.00153
-0.00153
-0.00151
-0.00151
-0.00149
-0.00148
-0.00146
-0.00145
-0.00143
-0.00141
-0.00138
-0.00136
-0.00133
-0.00131
-0.00128
-0.00125
-0.00121
-0.00118
-0.00114
-0.0011
-0.00106
-0.00102
-0.00097
-0.00093
-0.00088
-0.00083
-0.00077
-0.00072
-0.00066
-0.00061
-0.00055
-0.0005
-0.00043
-0.00038
-0.00032
-0.00027
-0.0002
-0.00015
-0.0001
-4e-05
1e-05
6e-05
0.00011
0.00016
0.00021
0.00025
0.00029
0.00033
0.00037
0.0004
0.00043
0.00046
0.00049
0.00051
0.00053
0.00055
0.00057
0.00059
0.0006
0.00061
0.00063
0.00063
0.00065
0.00065
0.00066
0.00066
0.00067
0.00067
0.00068
0.00067
0.00068
0.00068
0.00068
0.00068
0.00068
0.00068
0.00068
0.00067
0.00068
0.00067
0.00068
0.00067
0.00067
0.00066
0.00067
0.00066
0.00066
0.00065
0.00065
0.00064
0.00064
0.00063
0.00063
0.00061
0.00061
0.0006
0.00059
0.00058
0.00057
0.00056
0.00055
0.00053
0.00052
0.0005
0.00049
0.00047
0.00046
0.00045
0.00044
0.00042
0.00041
0.00039
0.00038
0.00037
0.00037
0.00035
0.00035
0.00035
0.00035
0.00035
0.00035
0.00036
0.00037
0.00038
0.0004
0.00042
0.00044
0.00046
0.00049
0.00052
0.00056
0.00059
0.00063
0.00067
0.00071
0.00076
0.00081
0.00086
0.00091
0.00096
0.00102
0.00106
0.00112
0.00118
0.00124
0.00129
0.00135
0.0014
0.00147
0.00152
0.00158
0.00164
0.0017
0.00176
0.00182
0.00188
0.00194
0.00199
0.00206
0.00211
0.00218
0.00223
0.0023
0.00235
0.00242
0.00248
0.00254
0.0026
0.00266
0.00272
0.00278
0.00284
0.0029
0.00295
0.003
0.00305
0.00311
0.00315
0.0032
0.00323
0.00328
0.00331
0.00334
0.00336
0.00338
0.0034
0.00341
0.00342
0.00342
0.00341
0.00341
0.00339
0.00337
0.00334
0.00331
0.00327
0.00324
0.00319
0.00314
0.00308
0.00302
0.00296
0.00289
0.00282
0.00275
0.00266
0.00259
0.0025
0.00241
0.00232
0.00223
0.00213
0.00204
0.00193
0.00183
0.00173
0.00162
0.00152
0.00141
0.0013
0.00119
0.00108
0.00097
0.00085
0.00074
0.00062
0.00051
0.00039
0.00028
0.00016
4e-05
-8e-05
-0.0002
-0.00032
-0.00044
-0.00056
-0.00068
-0.00081
-0.00093
-0.00105
-0.00117
-0.00129
-0.00141
-0.00153
-0.00165
-0.00177
-0.00189
-0.00201
-0.00213
-0.00224
-0.00235
-0.00247
-0.00258
-0.0027
-0.0028
-0.00292
-0.00302
-0.00313
-0.00323
-0.00334
-0.00344
-0.00354
-0.00364
-0.00373
-0.00383
-0.00391
-0.004
-0.00408
-0.00416
-0.00425
-0.00432
-0.00439
-0.00446
-0.00453
-0.00459
-0.00465
-0.00469
-0.00475
-0.00479
-0.00483
-0.00487
-0.0049
-0.00493
-0.00495
-0.00496
-0.00499
-0.00499
-0.005
-0.00499
-0.00499
-0.00498
-0.00497
-0.00495
-0.00493
-0.0049
-0.00487
-0.00484
-0.0048
-0.00476
-0.00471
-0.00466
-0.00461
-0.00455
-0.00449
-0.00442
-0.00436
-0.00429
-0.00422
-0.00414
-0.00407
-0.00399
-0.00391
-0.00382
-0.00374
-0.00365
-0.00356
-0.00347
-0.00338
-0.00328
-0.00319
-0.0031
-0.00301
-0.00291
-0.00282
-0.00272
-0.00263
-0.00253
-0.00244
-0.00235
-0.00226
-0.00217
-0.00208
-0.00199
-0.00191
-0.00183
-0.00175
-0.00167
-0.0016
-0.00152
-0.00146
-0.00138
-0.00132
-0.00126
-0.0012
-0.00115
-0.00109
-0.00104
-0.00099
-0.00094
-0.0009
-0.00086
-0.00083
-0.00079
-0.00076
-0.00073
-0.0007
-0.00067
-0.00065
-0.00063
-0.00061
-0.00059
-0.00058
-0.00056
-0.00055
-0.00053
-0.00053
-0.00052
-0.00051
-0.0005
-0.0005
-0.00049
-0.00049
-0.00048
-0.00048
-0.00048
-0.00048
-0.00048
-0.00048
-0.00048
-0.00048
-0.00048
-0.00049
-0.00049
-0.0005
-0.00049
-0.0005
-0.0005
-0.00051
-0.00051
-0.00051
-0.00051
-0.00052
-0.00052
-0.00053
-0.00053
-0.00053
-0.00053
-0.00054
-0.00053
-0.00054
-0.00054
-0.00054
-0.00054
-0.00054
-0.00054
-0.00054
-0.00054
-0.00054
-0.00055
-0.00055
-0.00055
-0.00055
-0.00055
-0.00055
-0.00055
-0.00056
-0.00056
-0.00056
-0.00057
-0.00058
-0.00058
-0.00059
-0.00059
-0.0006
-0.00061
-0.00062
-0.00063
-0.00064
-0.00065
-0.00067
-0.00068
-0.0007
-0.00071
-0.00073
-0.00075
-0.00077
-0.00079
-0.00081
-0.00084
-0.00086
-0.00089
-0.00091
-0.00094
-0.00097
-0.001
-0.00103
-0.00106
-0.0011
-0.00113
-0.00116
-0.0012
-0.00124
-0.00127
-0.00131
-0.00134
-0.00138
-0.00142
-0.00145
-0.00148
-0.00152
-0.00155
-0.00159
-0.00161
-0.00165
-0.00167
-0.0017
-0.00173
-0.00175
-0.00177
-0.00179
-0.00181
-0.00182
-0.00184
-0.00185
-0.00186
-0.00186
-0.00187
-0.00187
-0.00187
-0.00187
-0.00186
-0.00186
-0.00185
-0.00184
-0.00182
-0.00181
-0.00179
-0.00177
-0.00175
-0.00173
-0.0017
-0.00167
-0.00164
-0.00161
-0.00157
-0.00154
-0.00149
-0.00145
-0.0014
-0.00136
-0.0013
-0.00125
-0.00119
-0.00113
-0.00106
-0.00099
-0.00092
-0.00085
-0.00077
-0.0007
-0.00061
-0.00053
-0.00044
-0.00035
-0.00026
-0.00017
-8e-05
1e-05
0.00011
0.0002
0.00029
0.00039
0.00048
0.00057
0.00066
0.00074
0.00083
0.00091
0.001
0.00107
0.00114
0.00121
0.00128
0.00134
0.0014
0.00145
0.0015
0.00154
0.00158
0.00162
0.00166
0.00168
0.00171
0.00173
0.00175
0.00175
0.00177
0.00177
0.00178
0.00177
0.00177
0.00176
0.00175
0.00174
0.00172
0.0017
0.00169
0.00166
0.00164
0.00161
0.00158
0.00155
0.00153
0.00149
0.00146
0.00143
0.0014
0.00136
0.00133
0.0013
0.00127
0.00124
0.00121
0.00117
0.00115
0.00112
0.0011
0.00108
0.00106
0.00104
0.00103
0.00101
0.001
0.00099
0.00099
0.00099
0.00099
0.001
0.00101
0.00101
0.00103
0.00104
0.00107
0.00109
0.00111
0.00114
0.00117
0.0012
0.00123
0.00127
0.0013
0.00134
0.00138
0.00142
0.00146
0.00149
0.00154
0.00158
0.00162
0.00166
0.0017
0.00173
0.00178
0.00181
0.00185
0.00188
0.00192
0.00195
0.00199
0.00202
0.00206
0.00208
0.00212
0.00215
0.00218
0.00221
0.00224
0.00227
0.0023
0.00233
0.00236
0.00239
0.00242
0.00245
0.00248
0.00251
0.00255
0.00257
0.00261
0.00264
0.00267
0.0027
0.00273
0.00276
0.0028
0.00282
0.00285
0.00288
0.00291
0.00293
0.00296
0.00299
0.00301
0.00303
0.00306
0.00308
0.0031
0.00312
0.00314
0.00315
0.00317
0.00318
0.00319
0.00321
0.00321
0.00323
0.00324
0.00324
0.00325
0.00325
0.00326
0.00326
0.00327
0.00327
0.00327
0.00327
0.00327
0.00326
0.00326
0.00325
0.00324
0.00324
0.00323
0.00321
0.0032
0.00318
0.00317
0.00315
0.00313
0.0031
0.00308
0.00305
0.00303
0.003
0.00297
0.00293
0.0029
0.00286
0.00283
0.00279
0.00276
0.00271
0.00268
0.00263
0.00259
0.00255
0.00251
0.00246
0.00243
0.00239
0.00234
0.0023
0.00226
0.00222
0.00219
0.00215
0.00211
0.00207
0.00204
0.002
0.00197
0.00193
0.00191
0.00187
0.00185
0.00182
0.00179
0.00176
0.00173
0.00171
0.00169
0.00166
0.00165
0.00162
0.00161
0.00158
0.00157
0.00155
0.00154
0.00152
0.00152
0.0015
0.00149
0.00148
0.00147
0.00147
0.00146
0.00146
0.00146
0.00145
0.00145
0.00145
0.00145
0.00145
0.00145
0.00145
0.00146
0.00146
0.00146
0.00146
0.00146
0.00147
0.00147
0.00148
0.00149
0.00149
0.00149
0.00149
0.0015
0.0015
0.00151
0.00151
0.00151
0.00151
0.00151
0.00151
0.00151
0.00151
0.00151
0.00151
0.00151
0.0015
0.0015
0.0015
0.00149
0.00149
0.00148
0.00147
0.00147
0.00146
0.00146
0.00145
0.00144
0.00143
0.00142
0.00142
0.00141
0.0014
0.00139
0.00138
0.00137
0.00136
0.00135
0.00134
0.00133
0.00132
0.00131
0.00129
0.00127
0.00126
0.00124
0.00122
0.00121
0.00118
0.00116
0.00113
0.00111
0.00108
0.00105
0.00101
0.00098
0.00094
0.00091
0.00087
0.00082
0.00078
0.00074
0.0007
0.00066
0.0006
0.00056
0.00052
0.00047
0.00042
0.00038
0.00033
0.00029
0.00025
0.00021
0.00016
0.00012
8e-05
4e-05
1e-05
-3e-05
-7e-05
-0.0001
-0.00013
-0.00016
-0.0002
-0.00023
-0.00026
-0.00029
-0.00032
-0.00035
-0.00038
-0.00041
-0.00044
-0.00047
-0.0005
-0.00052
-0.00056
-0.00058
-0.00061
-0.00064
-0.00067
-0.00069
-0.00072
-0.00073
-0.00076
-0.00077
-0.00079
-0.00081
-0.00082
-0.00082
-0.00083
-0.00083
-0.00084
-0.00083
-0.00083
-0.00082
-0.00081
-0.0008
-0.00078
-0.00076
-0.00075
-0.00073
-0.00071
-0.00069
-0.00068
-0.00065
-0.00064
-0.00062
-0.00061
-0.00059
-0.00058
-0.00057
-0.00057
-0.00057
-0.00057
-0.00057
-0.00058
-0.00059
-0.00061
-0.00063
-0.00065
-0.00067
-0.0007
-0.00072
-0.00076
-0.00079
-0.00083
-0.00087
-0.00091
-0.00095
-0.00099
-0.00103
-0.00108
-0.00112
-0.00116
-0.00121
-0.00125
-0.0013
-0.00134
-0.00138
-0.00144
-0.00148
-0.00153
-0.00157
-0.00162
-0.00167
-0.00172
-0.00177
-0.00182
-0.00187
-0.00193
-0.00198
-0.00204
-0.00209
-0.00215
-0.00221
-0.00227
-0.00233
-0.00239
-0.00245
-0.00251
-0.00257
-0.00263
-0.00268
-0.00274
-0.00279
-0.00284
-0.00288
-0.00292
-0.00296
-0.00299
-0.00302
-0.00304
-0.00306
-0.00307
-0.00307
-0.00307
-0.00307
-0.00306
-0.00303
-0.00301
-0.00298
-0.00294
-0.0029
-0.00285
-0.0028
-0.00274
-0.00268
-0.00261
-0.00254
-0.00246
-0.00238
-0.0023
-0.00221
-0.00213
-0.00203
-0.00193
-0.00183
-0.00173
-0.00163
-0.00152
-0.00141
-0.0013
-0.00119
-0.00108
-0.00096
-0.00084
-0.00072
-0.0006
-0.00047
-0.00035
-0.00022
-9e-05
4e-05
0.00017
0.0003
0.00044
0.00058
0.00071
0.00085
0.00099
0.00113
0.00126
0.0014
0.00154
0.00167
0.0018
0.00194
0.00207
0.0022
0.00233
0.00246
0.00258
0.0027
0.00282
0.00294
0.00305
0.00316
0.00326
0.00337
0.00346
0.00356
0.00365
0.00374
0.00382
0.00391
0.00398
0.00405
0.00413
0.00419
0.00426
0.00432
0.00437
0.00442
0.00447
0.00452
0.00456
0.0046
0.00462
0.00466
0.00468
0.00471
0.00472
0.00474
0.00475
0.00476
0.00477
0.00477
0.00476
0.00476
0.00475
0.00474
0.00472
0.00471
0.00468
0.00467
0.00464
0.00461
0.00458
0.00455
0.00452
0.00448
0.00445
0.00441
0.00437
0.00434
0.00429
0.00426
0.00421
0.00417
0.00413
0.00409
0.00405
0.00401
0.00396
0.00392
0.00388
0.00384
0.0038
0.00376
0.00371
0.00367
0.00363
0.00359
0.00355
0.00351
0.00346
0.00343
0.00338
0.00334
0.0033
0.00326
0.00322
0.00319
0.00315
0.00312
0.00308
0.00305
0.00301
0.00299
0.00296
0.00293
0.00291
0.00289
0.00287
0.00285
0.00284
0.00283
0.00282
0.00282
0.00281
0.00282
0.00281
0.00282
0.00282
0.00283
0.00284
0.00285
0.00286
0.00288
0.00289
0.0029
0.00291
0.00292
0.00293
0.00294
0.00295
0.00296
0.00295
0.00296
0.00296
0.00296
0.00294
0.00294
0.00292
0.00291
0.00289
0.00286
0.00284
0.0028
0.00277
0.00274
0.0027
0.00266
0.00261
0.00256
0.00251
0.00246
0.0024
0.00234
0.00228
0.00223
0.00216
0.0021
0.00203
0.00197
0.0019
0.00184
0.00177
0.00171
0.00164
0.00157
0.0015
0.00144
0.00137
0.00131
0.00124
0.00118
0.00111
0.00104
0.00098
0.00091
0.00085
0.00079
0.00073
0.00067
0.0006
0.00055
0.00048
0.00043
0.00037
0.00032
0.00026
0.00022
0.00017
0.00012
7e-05
3e-05
-1e-05
-5e-05
-8e-05
-0.00011
-0.00015
-0.00017
-0.0002
-0.00022
-0.00024
-0.00025
-0.00027
-0.00028
-0.00028
-0.00029
-0.00029
-0.00029
-0.00028
-0.00028
-0.00027
-0.00025
-0.00024
-0.00022
-0.00021
-0.00019
-0.00017
-0.00014
-0.00012
-9e-05
-7e-05
-5e-05
-2e-05
0.0
3e-05
6e-05
9e-05
0.00012
0.00014
0.00017
0.00019
0.00022
0.00024
0.00027
0.00029
0.00031
0.00033
0.00035
0.00037
0.00039
0.0004
0.00042
0.00043
0.00045
0.00046
0.00047
0.00048
0.00049
0.0005
0.00051
0.00051
0.00052
0.00052
0.00053
0.00053
0.00053
0.00054
0.00055
0.00055
0.00056
0.00056
0.00057
0.00057
0.00058
0.00059
0.0006
0.0006
0.00062
0.00063
0.00065
0.00066
0.00068
0.0007
0.00072
0.00074
0.00077
0.00079
0.00082
0.00084
0.00088
0.0009
0.00094
0.00096
0.001
0.00103
0.00107
0.0011
0.00113
0.00117
0.00121
0.00124
0.00127
0.0013
0.00134
0.00136
0.0014
0.00142
0.00145
0.00148
0.0015
0.00153
0.00155
0.00156
0.00158
0.0016
0.00161
0.00163
0.00164
0.00164
0.00166
0.00166
0.00167
0.00167
0.00167
0.00167
0.00168
0.00167
0.00167
0.00166
0.00166
0.00166
0.00165
0.00164
0.00164
0.00162
0.00162
0.0016
0.0016
0.00158
0.00157
0.00155
0.00155
0.00153
0.00151
0.0015
0.00148
0.00146
0.00145
0.00143
0.00142
0.00139
0.00138
0.00136
0.00135
0.00132
0.00131
0.00129
0.00128
0.00127
0.00125
0.00124
0.00122
0.00122
0.00121
0.00121
0.0012
0.0012
0.0012
0.0012
0.00121
0.00121
0.00122
0.00122
0.00124
0.00125
0.00127
0.00129
0.00131
0.00133
0.00135
0.00138
0.0014
0.00142
0.00145
0.00148
0.00151
0.00153
0.00157
0.00159
0.00162
0.00165
0.00168
0.0017
0.00172
0.00175
0.00178
0.0018
0.00182
0.00184
0.00186
0.00188
0.0019
0.00191
0.00193
0.00194
0.00196
0.00197
0.00198
0.00199
0.00199
0.002
0.00201
0.00202
0.00202
0.00202
0.00203
0.00202
0.00203
0.00202
0.00202
0.00202
0.00202
0.00201
0.002
0.002
0.00198
0.00198
0.00197
0.00195
0.00194
0.00192
0.00191
0.00189
0.00187
0.00185
0.00183
0.0018
0.00178
0.00175
0.00172
0.00169
0.00166
0.00163
0.0016
0.00156
0.00152
0.00148
0.00144
0.00139
0.00135
0.0013
0.00125
0.00119
0.00114
0.00108
0.00102
0.00096
0.00089
0.00082
0.00076
0.00068
0.00061
0.00053
0.00046
0.00037
0.0003
0.00021
0.00013
4e-05
-4e-05
-0.00013
-0.00021
-0.0003
-0.00038
-0.00047
-0.00055
-0.00063
-0.0007
-0.00078
-0.00085
-0.00093
-0.00099
-0.00106
-0.00112
-0.00118
-0.00123
-0.00128
-0.00133
-0.00137
-0.00141
-0.00145
-0.00148
-0.0015
-0.00152
-0.00155
-0.00156
-0.00157
-0.00158
-0.00159
-0.00159
-0.00159
-0.00157
-0.00157
-0.00155
-0.00154
-0.00152
-0.00149
-0.00147
-0.00143
-0.0014
-0.00136
-0.00132
-0.00127
-0.00122
-0.00117
-0.0011
-0.00104
-0.00097
-0.0009
-0.00083
-0.00075
-0.00066
-0.00057
-0.00048
-0.00038
-0.00027
-0.00017
-6e-05
5e-05
0.00017
0.00029
0.00041
0.00053
0.00066
0.00079
0.00092
0.00105
0.00118
0.00131
0.00144
0.00158
0.00171
0.00183
0.00196
0.00209
0.00222
0.00233
0.00246
0.00257
0.00269
0.0028
0.00291
0.00302
0.00312
0.00322
0.00332
0.00342
0.00351
0.0036
0.00369
0.00377
0.00385
0.00393
0.004
0.00407
0.00415
0.00421
0.00427
0.00433
0.00438
0.00444
0.00449
0.00453
0.00457
0.00461
0.00464
0.00466
0.00469
0.00471
0.00472
0.00472
0.00473
0.00472
0.00471
0.00469
0.00466
0.00464
0.0046
0.00456
0.00451
0.00445
0.0044
0.00432
0.00426
0.00417
0.00409
0.004
0.0039
0.0038
0.00369
0.00358
0.00347
0.00335
0.00323
0.00311
0.00299
0.00285
0.00273
0.00259
0.00246
0.00232
0.00219
0.00206
0.00193
0.00179
0.00166
0.00152
0.00139
0.00126
0.00113
0.001
0.00088
0.00075
0.00064
0.00051
0.0004
0.00028
0.00017
6e-05
-4e-05
-0.00015
-0.00025
-0.00035
-0.00045
-0.00054
-0.00063
-0.00072
-0.0008
-0.00088
-0.00095
-0.00103
-0.0011
-0.00117
-0.00123
-0.0013
-0.00135
-0.00141
-0.00146
-0.00151
-0.00155
-0.00159
-0.00162
-0.00166
-0.00168
-0.00171
-0.00173
-0.00175
-0.00176
-0.00178
-0.00178
-0.00178
-0.00178
-0.00177
-0.00176
-0.00175
-0.00173
-0.0017
-0.00168
-0.00164
-0.00161
-0.00157
-0.00152
-0.00148
-0.00143
-0.00138
-0.00132
-0.00126
-0.00119
-0.00113
-0.00106
-0.00099
-0.00092
-0.00085
-0.00077
-0.00069
-0.00061
-0.00054
-0.00045
-0.00038
-0.00029
-0.00021
-0.00013
-5e-05
4e-05
0.00012
0.0002
0.00028
0.00036
0.00045
0.00053
0.00061
0.0007
0.00078
0.00086
0.00094
0.00103
0.00111
0.0012
0.00127
0.00136
0.00145
0.00153
0.00162
0.0017
0.00179
0.00187
0.00196
0.00204
0.00212
0.00221
0.00229
0.00238
0.00246
0.00254
0.00261
0.00269
0.00277
0.00284
0.00291
0.00298
0.00305
0.00311
0.00317
0.00324
0.00329
0.00335
0.00339
0.00345
0.00349
0.00354
0.00357
0.00361
0.00364
0.00367
0.0037
0.00372
0.00374
0.00376
0.00377
0.00378
0.00379
0.00379
0.00379
0.00378
0.00377
0.00376
0.00374
0.00372
0.00369
0.00367
0.00363
0.00359
0.00356
0.00351
0.00347
0.00342
0.00336
0.00331
0.00325
0.00319
0.00312
0.00306
0.00299
0.00293
0.00286
0.00279
0.00272
0.00265
0.00259
0.00252
0.00246
0.00239
0.00232
0.00227
0.0022
0.00215
0.00209
0.00203
0.00197
0.00193
0.00187
0.00182
0.00177
0.00172
0.00167
0.00163
0.00158
0.00154
0.00149
0.00145
0.0014
0.00136
0.00131
0.00127
0.00122
0.00118
0.00113
0.00109
0.00104
0.00099
0.00095
0.00091
0.00086
0.00082
0.00078
0.00074
0.0007
0.00066
0.00062
0.00059
0.00055
0.00052
0.00049
0.00046
0.00043
0.0004
0.00038
0.00036
0.00034
0.00032
0.00029
0.00028
0.00025
0.00024
0.00022
0.0002
0.00018
0.00017
0.00015
0.00012
0.0001
8e-05
6e-05
4e-05
1e-05
-1e-05
-4e-05
-6e-05
-9e-05
-0.00012
-0.00015
-0.00018
-0.00022
-0.00024
-0.00028
-0.00031
-0.00034
-0.00037
-0.0004
-0.00043
-0.00046
-0.00049
-0.00052
-0.00054
-0.00057
-0.00059
-0.00062
-0.00064
-0.00066
-0.00068
-0.00069
-0.00071
-0.00073
-0.00074
-0.00075
-0.00076
-0.00077
-0.00077
-0.00079
-0.00079
-0.00079
-0.00079
-0.00079
-0.00079
-0.00079
-0.00078
-0.00078
-0.00077
-0.00076
-0.00075
-0.00074
-0.00072
-0.0007
-0.00068
-0.00067
-0.00064
-0.00062
-0.00059
-0.00056
-0.00053
-0.0005
-0.00046
-0.00042
-0.00038
-0.00034
-0.0003
-0.00025
-0.0002
-0.00015
-0.0001
-5e-05
1e-05
7e-05
0.00013
0.00019
0.00025
0.00031
0.00038
0.00045
0.00052
0.00058
0.00065
0.00072
0.00079
0.00086
0.00093
0.00099
0.00106
0.00112
0.00119
0.00125
0.00132
0.00138
0.00144
0.0015
0.00156
0.00161
0.00166
0.00171
0.00176
0.00181
0.00186
0.00189
0.00194
0.00197
0.00201
0.00204
0.00208
0.0021
0.00214
0.00216
0.00219
0.00221
0.00223
0.00225
0.00227
0.00229
0.00231
0.00232
0.00234
0.00235
0.00236
0.00237
0.00238
0.00239
0.0024
0.0024
0.00241
0.00241
0.00241
0.00241
0.00241
0.00241
0.00241
0.00239
0.00239
0.00238
0.00237
0.00236
0.00234
0.00232
0.00231
0.00229
0.00227
0.00224
0.00221
0.00219
0.00216
0.00213
0.00211
0.00207
0.00204
0.00201
0.00198
0.00194
0.00191
0.00188
0.00185
0.00182
0.00179
0.00175
0.00172
0.0017
0.00167
0.00165
0.00163
0.0016
0.00158
0.00157
0.00155
0.00154
0.00153
0.00152
0.00151
0.00151
0.00151
0.00151
0.00151
0.00152
0.00153
0.00153
0.00155
0.00156
0.00158
0.0016
0.00163
