1.13301991641881E+03

-0.00024
-0.00023
-0.00021
-0.0002
-0.00018
-0.00016
-0.00014
-0.00012
-0.0001
-8e-05
-6e-05
-4e-05
-2e-05
-0.0
2e-05
3e-05
6e-05
7e-05
9e-05
0.00011
0.00013
0.00014
0.00016
0.00018
0.00019
0.00021
0.00023
0.00025
0.00028
0.00029
0.00032
0.00034
0.00037
0.00039
0.00043
0.00045
0.00049
0.00052
0.00055
0.00058
0.00062
0.00066
0.0007
0.00074
0.00079
0.00082
0.00087
0.00091
0.00096
0.001
0.00105
0.0011
0.00115
0.00119
0.00124
0.00128
0.00132
0.00137
0.00141
0.00145
0.0015
0.00153
0.00157
0.00161
0.00164
0.00167
0.00171
0.00173
0.00176
0.00179
0.00181
0.00184
0.00186
0.00188
0.0019
0.00192
0.00194
0.00195
0.00197
0.00198
0.002
0.00201
0.00203
0.00204
0.00206
0.00207
0.00209
0.0021
0.00212
0.00214
0.00216
0.00218
0.0022
0.00222
0.00225
0.00227
0.0023
0.00232
0.00235
0.00237
0.0024
0.00242
0.00245
0.00248
0.0025
0.00253
0.00256
0.00259
0.00262
0.00264
0.00267
0.00269
0.00272
0.00274
0.00276
0.00278
0.0028
0.00282
0.00284
0.00285
0.00286
0.00288
0.00289
0.0029
0.00291
0.00291
0.00291
0.00291
0.00292
0.00292
0.00292
0.00291
0.00291
0.0029
0.00289
0.00288
0.00287
0.00286
0.00284
0.00283
0.00281
0.00279
0.00278
0.00275
0.00274
0.00271
0.00269
0.00266
0.00264
0.00261
0.00259
0.00256
0.00253
0.0025
0.00248
0.00245
0.00242
0.00239
0.00237
0.00234
0.00231
0.00228
0.00225
0.00222
0.00219
0.00216
0.00213
0.0021
0.00206
0.00203
0.002
0.00196
0.00193
0.00188
0.00185
0.0018
0.00176
0.00171
0.00166
0.0016
0.00155
0.00149
0.00142
0.00136
0.00129
0.00122
0.00115
0.00107
0.001
0.00091
0.00084
0.00075
0.00068
0.00059
0.00051
0.00043
0.00035
0.00027
0.00019
0.00012
5e-05
-2e-05
-8e-05
-0.00014
-0.0002
-0.00025
-0.0003
-0.00034
-0.00037
-0.00041
-0.00043
-0.00045
-0.00046
-0.00048
-0.00048
-0.00048
-0.00048
-0.00047
-0.00046
-0.00044
-0.00042
-0.0004
-0.00037
-0.00035
-0.00032
-0.00029
-0.00025
-0.00023
-0.00019
-0.00016
-0.00012
-9e-05
-6e-05
-2e-05
1e-05
4e-05
7e-05
0.0001
0.00013
0.00016
0.00019
0.00021
0.00025
0.00027
0.0003
0.00032
0.00034
0.00036
0.00038
0.0004
0.00043
0.00044
0.00047
0.00048
0.0005
0.00051
0.00052
0.00053
0.00054
0.00055
0.00056
0.00056
0.00056
0.00056
0.00055
0.00054
0.00054
0.00052
0.00051
0.00049
0.00047
0.00044
0.00042
0.00039
0.00036
0.00032
0.00029
0.00025
0.00021
0.00017
0.00012
8e-05
3e-05
-1e-05
-6e-05
-0.00012
-0.00017
-0.00022
-0.00027
-0.00033
-0.00038
-0.00045
-0.0005
-0.00056
-0.00062
-0.00068
-0.00074
-0.0008
-0.00086
-0.00092
-0.00098
-0.00106
-0.00112
-0.00119
-0.00125
-0.00132
-0.00139
-0.00146
-0.00152
-0.0016
-0.00167
-0.00174
-0.00181
-0.00187
-0.00194
-0.00201
-0.00207
-0.00214
-0.0022
-0.00227
-0.00232
-0.00239
-0.00244
-0.0025
-0.00255
-0.0026
-0.00265
-0.00269
-0.00274
-0.00278
-0.00281
-0.00285
-0.00288
-0.00292
-0.00294
-0.00297
-0.00299
-0.00302
-0.00304
-0.00306
-0.00308
-0.0031
-0.00311
-0.00312
-0.00314
-0.00315
-0.00315
-0.00316
-0.00317
-0.00318
-0.00317
-0.00318
-0.00317
-0.00317
-0.00316
-0.00316
-0.00315
-0.00314
-0.00312
-0.00311
-0.00309
-0.00306
-0.00304
-0.00301
-0.00297
-0.00294
-0.0029
-0.00287
-0.00282
-0.00278
-0.00273
-0.00268
-0.00262
-0.00257
-0.00251
-0.00245
-0.00239
-0.00233
-0.00226
-0.0022
-0.00213
-0.00206
-0.00199
-0.00192
-0.00185
-0.00178
-0.0017
-0.00164
-0.00156
-0.00149
-0.00141
-0.00134
-0.00127
-0.00119
-0.00111
-0.00104
-0.00096
-0.00089
-0.00081
-0.00073
-0.00064
-0.00057
-0.00048
-0.00041
-0.00032
-0.00023
-0.00015
-6e-05
3e-05
0.00012
0.00021
0.00031
0.00041
0.0005
0.0006
0.0007
0.00081
0.0009
0.00101
0.00111
0.00122
0.00132
0.00143
0.00153
0.00164
0.00175
0.00185
0.00196
0.00206
0.00216
0.00226
0.00236
0.00246
0.00255
0.00264
0.00272
0.00281
0.00289
0.00297
0.00304
0.00311
0.00318
0.00325
0.0033
0.00336
0.00341
0.00346
0.0035
0.00354
0.00357
0.00361
0.00363
0.00366
0.00367
0.00369
0.0037
0.0037
0.00371
0.00371
0.00371
0.00371
0.00369
0.00369
0.00367
0.00366
0.00364
0.00362
0.00359
0.00357
0.00354
0.00351
0.00347
0.00343
0.0034
0.00336
0.00332
0.00328
0.00323
0.00318
0.00313
0.00309
0.00303
0.00298
0.00292
0.00287
0.0028
0.00274
0.00268
0.00262
0.00255
0.00249
0.00242
0.00235
0.00228
0.00221
0.00214
0.00207
0.00199
0.00192
0.00184
0.00177
0.00169
0.00161
0.00153
0.00145
0.00137
0.0013
0.00121
0.00113
0.00105
0.00097
0.00088
0.00081
0.00072
0.00064
0.00055
0.00047
0.00038
0.00029
0.00021
0.00012
3e-05
-5e-05
-0.00014
-0.00023
-0.00032
-0.0004
-0.00049
-0.00058
-0.00067
-0.00075
-0.00084
-0.00092
-0.00101
-0.00109
-0.00118
-0.00126
-0.00134
-0.00142
-0.0015
-0.00157
-0.00165
-0.00172
-0.00179
-0.00186
-0.00193
-0.002
-0.00206
-0.00212
-0.00218
-0.00223
-0.00229
-0.00234
-0.00239
-0.00243
-0.00248
-0.00251
-0.00256
-0.00259
-0.00262
-0.00264
-0.00267
-0.00269
-0.00272
-0.00273
-0.00274
-0.00275
-0.00276
-0.00277
-0.00277
-0.00276
-0.00276
-0.00275
-0.00274
-0.00273
-0.00271
-0.00269
-0.00267
-0.00265
-0.00262
-0.00259
-0.00256
-0.00253
-0.00249
-0.00246
-0.00241
-0.00237
-0.00233
-0.00228
-0.00224
-0.00218
-0.00214
-0.00208
-0.00203
-0.00197
-0.00192
-0.00186
-0.00181
-0.00175
-0.00169
-0.00164
-0.00157
-0.00151
-0.00145
-0.00139
-0.00134
-0.00128
-0.00122
-0.00116
-0.00111
-0.00105
-0.001
-0.00094
-0.00089
-0.00084
-0.00079
-0.00075
-0.0007
-0.00066
-0.00062
-0.00058
-0.00054
-0.0005
-0.00048
-0.00044
-0.00042
-0.00039
-0.00037
-0.00034
-0.00032
-0.00031
-0.00029
-0.00028
-0.00027
-0.00025
-0.00024
-0.00023
-0.00023
-0.00022
-0.00021
-0.0002
-0.0002
-0.00019
-0.00019
-0.00018
-0.00017
-0.00017
-0.00016
-0.00015
-0.00015
-0.00014
-0.00013
-0.00012
-0.00011
-0.0001
-0.0001
-8e-05
-8e-05
-6e-05
-6e-05
-5e-05
-4e-05
-3e-05
-3e-05
-2e-05
-1e-05
-1e-05
-0.0
0.0
-0.0
0.0
0.0
0.0
-0.0
-0.0
-1e-05
-1e-05
-2e-05
-3e-05
-3e-05
-4e-05
-5e-05
-6e-05
-6e-05
-7e-05
-8e-05
-9e-05
-0.0001
-0.0001
-0.00011
-0.00012
-0.00013
-0.00013
-0.00014
-0.00014
-0.00015
-0.00015
-0.00015
-0.00015
-0.00016
-0.00015
-0.00016
-0.00016
-0.00016
-0.00015
-0.00015
-0.00015
-0.00015
-0.00015
-0.00014
-0.00014
-0.00014
-0.00013
-0.00012
-0.00011
-0.0001
-9e-05
-9e-05
-7e-05
-6e-05
-4e-05
-3e-05
-1e-05
0.0
3e-05
5e-05
7e-05
9e-05
0.00012
0.00014
0.00017
0.0002
0.00023
0.00025
0.00029
0.00031
0.00034
0.00037
0.0004
0.00042
0.00045
0.00047
0.00049
0.00051
0.00052
0.00054
0.00056
0.00057
0.00058
0.00058
0.00059
0.00059
0.00059
0.00058
0.00058
0.00057
0.00056
0.00055
0.00053
0.00052
0.0005
0.00048
0.00046
0.00044
0.00042
0.00039
0.00037
0.00034
0.00032
0.00029
0.00027
0.00024
0.00022
0.0002
0.00017
0.00015
0.00012
0.0001
8e-05
7e-05
5e-05
3e-05
2e-05
0.0
-1e-05
-2e-05
-2e-05
-3e-05
-2e-05
-2e-05
-2e-05
-1e-05
0.0
3e-05
5e-05
8e-05
0.00012
0.00015
0.0002
0.00025
0.00031
0.00038
0.00045
0.00052
0.00062
0.00071
0.00081
0.00092
0.00103
0.00116
0.00129
0.00143
0.00158
0.00172
0.00189
0.00205
0.00223
0.00241
0.0026
0.00279
0.003
0.0032
0.00342
0.00363
0.00386
0.00409
0.00432
0.00456
0.00481
0.00506
0.00531
0.00557
0.00583
0.00609
0.00636
0.00663
0.00691
0.00718
0.00746
0.00774
0.00802
0.00831
0.00859
0.00888
0.00916
0.00944
0.00973
0.01001
0.0103
0.01057
0.01086
0.01113
0.01141
0.01168
0.01195
0.01221
0.01247
0.01273
0.01299
0.01324
0.01349
0.01372
0.01396
0.01419
0.01442
0.01464
0.01486
0.01507
0.01529
0.01549
0.01569
0.01588
0.01607
0.01626
0.01644
0.01661
0.01679
0.01695
0.01711
0.01727
0.01742
0.01757
0.01772
0.01785
0.01799
0.01812
0.01825
0.01837
0.01848
0.0186
0.0187
0.01881
0.01891
0.019
0.01909
0.01916
0.01924
0.01931
0.01938
0.01944
0.0195
0.01955
0.01959
0.01963
0.01967
0.0197
0.01972
0.01974
0.01976
0.01977
0.01978
0.01978
0.01978
0.01977
0.01976
0.01975
0.01974
0.01972
0.0197
0.01968
0.01966
0.01963
0.01961
0.01958
0.01956
0.01953
0.01951
0.01948
0.01946
0.01944
0.01942
0.0194
0.01938
0.01936
0.01935
0.01934
0.01933
0.01933
0.01933
0.01933
0.01933
0.01933
0.01935
0.01936
0.01938
0.01939
0.01941
0.01943
0.01946
0.01949
0.01952
0.01955
0.01958
0.01962
0.01966
0.01969
0.01973
0.01976
0.0198
0.01984
0.01988
0.01991
0.01995
0.01997
0.02001
0.02003
0.02006
0.02008
0.0201
0.02011
0.02012
0.02013
0.02014
0.02013
0.02013
0.02012
0.0201
0.02008
0.02006
0.02003
0.02
0.01996
0.01992
0.01987
0.01982
0.01977
0.01971
0.01965
0.01958
0.01951
0.01944
0.01937
0.0193
0.01921
0.01913
0.01905
0.01897
0.01888
0.01879
0.0187
0.01861
0.01852
0.01843
0.01833
0.01823
0.01813
0.01803
0.01793
0.01782
0.01771
0.0176
0.01749
0.01738
0.01726
0.01714
0.01702
0.01689
0.01677
0.01664
0.0165
0.01637
0.01623
0.01609
0.01595
0.01581
0.01567
0.01552
0.01538
0.01524
0.01509
0.01494
0.0148
0.01466
0.01452
0.01438
0.01424
0.01411
0.01397
0.01384
0.01371
0.01359
0.01347
0.01335
0.01324
0.01313
0.01302
0.01291
0.01281
0.01271
0.01261
0.01252
0.01242
0.01233
0.01224
0.01215
0.01205
0.01197
0.01187
0.01178
0.01169
0.0116
0.0115
0.01141
0.01131
0.01121
0.01111
0.01101
0.0109
0.0108
0.01069
0.01059
0.01048
0.01037
0.01026
0.01015
0.01004
0.00993
0.00981
0.0097
0.00959
0.00948
0.00937
0.00927
0.00916
0.00906
0.00895
0.00885
0.00874
0.00864
0.00854
0.00844
0.00834
0.00825
0.00815
0.00806
0.00796
0.00787
0.00777
0.00768
0.00759
0.0075
0.0074
0.00731
0.00722
0.00713
0.00703
0.00694
0.00684
0.00675
0.00665
0.00656
0.00647
0.00637
0.00628
0.00619
0.0061
0.00601
0.00591
0.00582
0.00573
0.00565
0.00555
0.00547
0.00538
0.0053
0.00522
0.00514
0.00506
0.00497
0.0049
0.00482
0.00475
0.00468
0.0046
0.00453
0.00446
0.0044
0.00432
0.00426
0.00419
0.00413
0.00406
0.004
0.00393
0.00387
0.00381
0.00374
0.00368
0.00362
0.00355
0.00349
0.00343
0.00336
0.00329
0.00323
0.00316
0.0031
0.00303
0.00296
0.00289
0.00281
0.00275
0.00267
0.0026
0.00253
0.00245
0.00238
0.00231
0.00224
0.00216
0.0021
0.00202
0.00196
0.00189
0.00183
0.00176
0.0017
0.00165
0.0016
0.00155
0.00151
0.00147
0.00144
0.00141
0.00139
0.00137
0.00136
0.00135
0.00136
0.00136
0.00138
0.00139
0.00141
0.00144
0.00147
0.00151
0.00155
0.00159
0.00164
0.00168
0.00174
0.00179
0.00184
0.00189
0.00195
0.002
0.00205
0.0021
0.00214
0.00219
0.00224
0.00228
0.00232
0.00236
0.0024
0.00244
0.00247
0.0025
0.00254
0.00256
0.0026
0.00263
0.00266
0.00269
0.00272
0.00276
0.0028
0.00283
0.00288
0.00291
0.00296
0.003
0.00306
0.00311
0.00316
0.00321
0.00328
0.00334
0.0034
0.00346
0.00352
0.00358
0.00365
0.00371
0.00377
0.00382
0.00388
0.00393
0.00399
0.00403
0.00408
0.00411
0.00415
0.00418
0.00421
0.00423
0.00424
0.00426
0.00427
0.00427
0.00428
0.00427
0.00427
0.00426
0.00425
0.00423
0.00422
0.0042
0.00418
0.00416
0.00414
0.00412
0.00409
0.00407
0.00405
0.00403
0.00402
0.00399
0.00398
0.00396
0.00394
0.00392
0.00391
0.00389
0.00388
0.00387
0.00385
0.00384
0.00382
0.00382
0.00381
0.0038
0.00379
0.00378
0.00377
0.00376
0.00376
0.00375
0.00375
0.00374
0.00374
0.00374
0.00374
0.00374
0.00374
0.00375
0.00376
0.00377
0.00378
0.00379
0.0038
0.00382
0.00383
0.00385
0.00387
0.00388
0.00391
0.00392
0.00394
0.00396
0.00398
0.00399
0.00401
0.00403
0.00404
0.00405
0.00406
0.00407
0.00408
0.00408
0.00409
0.00408
0.00408
0.00408
0.00407
0.00406
0.00405
0.00404
0.00402
0.00401
0.00399
0.00397
0.00396
0.00393
0.00391
0.00389
0.00387
0.00384
0.00382
0.0038
0.00377
0.00374
0.00372
0.00369
0.00366
0.00364
0.00361
0.00357
0.00354
0.0035
0.00347
0.00343
0.00339
0.00334
0.0033
0.00325
0.0032
0.00314
0.00308
0.00302
0.00295
0.00289
0.00281
0.00273
0.00266
0.00257
0.00249
0.0024
0.00231
0.00221
0.00212
0.00202
0.00192
0.00181
0.00171
0.0016
0.00149
0.00138
0.00127
0.00116
0.00105
0.00094
0.00083
0.00072
0.00061
0.0005
0.0004
0.00029
0.00019
8e-05
-2e-05
-0.00012
-0.00021
-0.0003
-0.00039
-0.00049
-0.00057
-0.00065
-0.00073
-0.00081
-0.00088
-0.00095
-0.00101
-0.00107
-0.00113
-0.00119
-0.00124
-0.00129
-0.00133
-0.00138
-0.00141
-0.00145
-0.00147
-0.00151
-0.00152
-0.00155
-0.00156
-0.00158
-0.00159
-0.0016
-0.0016
-0.00161
-0.00161
-0.0016
-0.00159
-0.00158
-0.00156
-0.00156
-0.00153
-0.00151
-0.00148
-0.00146
-0.00142
-0.00139
-0.00135
-0.00131
-0.00127
-0.00122
-0.00117
-0.00112
-0.00106
-0.001
-0.00094
-0.00088
-0.00081
-0.00074
-0.00067
-0.0006
-0.00052
-0.00044
-0.00036
-0.00028
-0.0002
-0.00012
-4e-05
5e-05
0.00013
0.00022
0.0003
0.00038
0.00046
0.00054
0.00062
0.00069
0.00077
0.00084
0.00091
0.00097
0.00104
0.0011
0.00115
0.00121
0.00126
0.00131
0.00135
0.00139
0.00143
0.00146
0.0015
0.00152
0.00155
0.00157
0.00159
0.0016
0.00162
0.00162
0.00163
0.00164
0.00164
0.00164
0.00164
0.00162
0.00162
0.00161
0.0016
0.00158
0.00157
0.00154
0.00153
0.0015
0.00148
0.00145
0.00142
0.00139
0.00136
0.00133
0.0013
0.00126
0.00122
0.00118
0.00115
0.00111
0.00107
0.00103
0.001
0.00096
0.00092
0.00088
0.00084
0.0008
0.00077
0.00074
0.0007
0.00067
0.00064
0.00061
0.00059
0.00056
0.00054
0.00051
0.00049
0.00047
0.00046
0.00044
0.00042
0.00041
0.0004
0.00039
0.00038
0.00037
0.00036
0.00035
0.00035
0.00034
0.00033
0.00032
0.00031
0.0003
0.00029
0.00028
0.00027
0.00026
0.00025
0.00024
0.00023
0.00021
0.0002
0.00018
0.00017
0.00015
0.00014
0.00012
0.00012
0.0001
9e-05
8e-05
7e-05
6e-05
5e-05
5e-05
5e-05
4e-05
4e-05
3e-05
4e-05
3e-05
4e-05
3e-05
4e-05
4e-05
5e-05
5e-05
6e-05
6e-05
7e-05
7e-05
8e-05
8e-05
8e-05
8e-05
9e-05
9e-05
9e-05
9e-05
9e-05
9e-05
9e-05
9e-05
9e-05
9e-05
9e-05
9e-05
0.0001
9e-05
0.0001
0.00011
0.00012
0.00012
0.00014
0.00015
0.00017
0.00019
0.00021
0.00023
0.00025
0.00028
0.00031
0.00034
0.00038
0.00041
0.00046
0.00049
0.00054
0.00057
0.00062
0.00066
0.00071
0.00075
0.0008
0.00085
0.00089
0.00094
0.00098
0.00103
0.00108
0.00111
0.00116
0.0012
0.00124
0.00128
0.00132
0.00135
0.00139
0.00142
0.00145
0.00148
0.00151
0.00153
0.00155
0.00157
0.00159
0.0016
0.00161
0.00161
0.00162
0.00161
0.00161
0.0016
0.00159
0.00157
0.00155
0.00152
0.00149
0.00146
0.00142
0.00138
0.00134
0.00129
0.00124
0.00118
0.00113
0.00107
0.00101
0.00094
0.00088
0.00082
0.00075
0.00069
0.00062
0.00056
0.0005
0.00044
0.00038
0.00032
0.00027
0.00022
0.00017
0.00013
9e-05
4e-05
1e-05
-2e-05
-5e-05
-8e-05
-0.0001
-0.00012
-0.00013
-0.00015
-0.00015
-0.00017
-0.00017
-0.00017
-0.00017
-0.00017
-0.00017
-0.00017
-0.00015
-0.00015
-0.00014
-0.00013
-0.00011
-0.0001
-8e-05
-6e-05
-3e-05
-2e-05
1e-05
3e-05
7e-05
9e-05
0.00013
0.00016
0.0002
0.00023
0.00027
0.00031
0.00035
0.0004
0.00045
0.00049
0.00054
0.00059
0.00064
0.00069
0.00074
0.00078
0.00084
0.00088
0.00094
0.00098
0.00103
0.00107
0.00111
0.00116
0.0012
0.00124
0.00127
0.0013
0.00134
0.00137
0.0014
0.00142
0.00144
0.00145
0.00148
0.00149
0.0015
0.0015
0.00151
0.00151
0.00151
0.00151
0.0015
0.00149
0.00148
0.00146
0.00145
0.00142
0.0014
0.00137
0.00135
0.00131
0.00128
0.00124
0.00119
0.00115
0.00111
0.00106
0.00101
0.00095
0.00089
0.00083
0.00078
0.00071
0.00065
0.00057
0.00051
0.00044
0.00037
0.0003
0.00022
0.00015
8e-05
1e-05
-6e-05
-0.00014
-0.00021
-0.00028
-0.00035
-0.00042
-0.00049
-0.00056
-0.00062
-0.00069
-0.00075
-0.00082
-0.00088
-0.00094
-0.001
-0.00106
-0.00112
-0.00118
-0.00124
-0.0013
-0.00135
-0.00141
-0.00146
-0.00152
-0.00157
-0.00163
-0.00169
-0.00174
-0.0018
-0.00185
-0.0019
-0.00195
-0.002
-0.00206
-0.00211
-0.00216
-0.0022
-0.00225
-0.00229
-0.00233
-0.00236
-0.0024
-0.00243
-0.00246
-0.00249
-0.00251
-0.00252
-0.00253
-0.00254
-0.00255
-0.00255
-0.00254
-0.00253
-0.00252
-0.0025
-0.00248
-0.00245
-0.00242
-0.00238
-0.00234
-0.0023
-0.00225
-0.0022
-0.00214
-0.00208
-0.00203
-0.00196
-0.0019
-0.00182
-0.00176
-0.00168
-0.00161
-0.00153
-0.00145
-0.00137
-0.00129
-0.00121
-0.00113
-0.00105
-0.00097
-0.00088
-0.0008
-0.00071
-0.00063
-0.00054
-0.00046
-0.00037
-0.00029
-0.0002
-0.00012
-4e-05
4e-05
0.00012
0.00021
0.00029
0.00038
0.00046
0.00053
0.00062
0.00069
0.00077
0.00084
0.00092
0.00099
0.00107
0.00113
0.0012
0.00127
0.00133
0.00139
0.00145
0.00151
0.00157
0.00162
0.00168
0.00173
0.00178
0.00182
0.00187
0.00191
0.00196
0.002
0.00204
0.00208
0.00211
0.00215
0.00219
0.00222
0.00226
0.00229
0.00232
0.00236
0.00239
0.00242
0.00246
0.00248
0.00252
0.00255
0.00258
0.00261
0.00264
0.00267
0.0027
0.00273
0.00277
0.00279
0.00282
0.00284
0.00287
0.00289
0.00292
0.00293
0.00296
0.00298
0.00299
0.00301
0.00302
0.00304
0.00305
0.00307
0.00308
0.00309
0.0031
0.00311
0.00312
0.00313
0.00314
0.00315
0.00316
0.00317
0.00318
0.00319
0.00321
0.00322
0.00324
0.00326
0.00328
0.00329
0.00332
0.00334
0.00336
0.00338
0.00341
0.00343
0.00346
0.00348
0.0035
0.00352
0.00354
0.00356
0.00358
0.0036
0.00361
0.00362
0.00363
0.00364
0.00364
0.00364
0.00364
0.00363
0.00362
0.0036
0.00358
0.00356
0.00353
0.0035
0.00347
0.00343
0.0034
0.00335
0.00331
0.00326
0.00321
0.00316
0.00311
0.00305
0.003
0.00294
0.00288
0.00282
0.00277
0.00271
0.00265
0.00259
0.00254
0.00248
0.00242
0.00236
0.00231
0.00225
0.0022
0.00214
0.00209
0.00204
0.00198
0.00193
0.00188
0.00183
0.00178
0.00173
0.00168
0.00162
0.00158
0.00153
0.00149
0.00144
0.0014
0.00135
0.00131
0.00127
0.00123
0.00119
0.00115
0.00112
0.00109
0.00106
0.00103
0.001
0.00098
0.00096
0.00094
0.00091
0.0009
0.00088
0.00087
0.00086
0.00085
0.00083
0.00082
0.00082
0.00081
0.0008
0.0008
0.00078
0.00078
0.00077
0.00077
0.00076
0.00075
0.00074
0.00073
0.00072
0.0007
0.00069
0.00067
0.00066
0.00065
0.00063
0.00062
0.00059
0.00058
0.00056
0.00055
0.00052
0.00051
0.00049
0.00047
0.00046
0.00044
0.00042
0.0004
0.00039
0.00038
0.00037
0.00036
0.00034
0.00033
0.00032
0.00032
0.0003
0.0003
0.00029
0.00029
0.00028
0.00027
0.00026
0.00025
0.00025
0.00024
0.00023
0.00022
0.00021
0.0002
0.00018
0.00017
0.00015
0.00014
0.00012
0.0001
7e-05
5e-05
2e-05
-1e-05
-4e-05
-7e-05
-0.0001
-0.00014
-0.00018
-0.00021
-0.00026
-0.0003
-0.00034
-0.00039
-0.00044
-0.00048
-0.00053
-0.00058
-0.00063
-0.00068
-0.00072
-0.00077
-0.00082
-0.00086
-0.00091
-0.00096
-0.001
-0.00104
-0.00109
-0.00112
-0.00117
-0.0012
-0.00124
-0.00127
-0.0013
-0.00133
-0.00136
-0.00139
-0.00141
-0.00143
-0.00146
-0.00148
-0.0015
-0.00151
-0.00154
-0.00155
-0.00157
-0.00158
-0.0016
-0.00162
-0.00164
-0.00165
-0.00167
-0.00168
-0.0017
-0.00171
-0.00173
-0.00175
-0.00177
-0.00178
-0.0018
-0.00182
-0.00184
-0.00185
-0.00186
-0.00188
-0.00189
-0.00191
-0.00192
-0.00193
-0.00194
-0.00195
-0.00196
-0.00196
-0.00197
-0.00196
-0.00197
-0.00197
-0.00197
-0.00196
-0.00196
-0.00195
-0.00195
-0.00194
-0.00193
-0.00191
-0.0019
-0.00188
-0.00187
-0.00185
-0.00184
-0.00182
-0.0018
-0.00178
-0.00176
-0.00173
-0.00171
-0.00169
-0.00166
-0.00164
-0.0016
-0.00157
-0.00154
-0.0015
-0.00147
-0.00143
-0.00139
-0.00134
-0.0013
-0.00125
-0.00121
-0.00115
-0.0011
-0.00105
-0.00099
-0.00093
-0.00087
-0.00081
-0.00074
-0.00067
-0.00061
-0.00054
-0.00047
-0.0004
-0.00033
-0.00026
-0.00019
-0.00012
-6e-05
1e-05
8e-05
0.00014
0.0002
0.00027
0.00033
0.00039
0.00044
0.00049
0.00054
0.0006
0.00064
0.00069
0.00073
0.00077
0.00081
0.00084
0.00088
0.00091
0.00094
0.00097
0.001
0.00103
0.00105
0.00107
0.00109
0.00112
0.00113
0.00115
0.00116
0.00118
0.00119
0.0012
0.00121
0.00122
0.00123
0.00124
0.00124
0.00125
0.00124
0.00125
0.00124
0.00125
0.00124
0.00124
0.00122
0.00122
0.00121
0.0012
0.00119
0.00118
0.00116
0.00115
0.00113
0.00112
0.0011
0.00109
0.00107
0.00105
0.00103
0.00101
0.00099
0.00098
0.00095
0.00093
0.00091
0.00089
0.00087
0.00085
0.00083
0.00081
0.00078
0.00076
0.00074
0.00072
0.00069
0.00067
0.00065
0.00063
0.0006
0.00058
0.00056
0.00053
0.00051
0.00049
0.00046
0.00044
0.00041
0.0004
0.00037
0.00035
0.00032
0.0003
0.00028
0.00026
0.00024
0.00022
0.00019
0.00017
0.00015
0.00013
0.00012
0.0001
7e-05
6e-05
4e-05
2e-05
0.0
-1e-05
-4e-05
-5e-05
-7e-05
-9e-05
-0.0001
-0.00012
-0.00014
-0.00015
-0.00017
-0.00018
-0.00021
-0.00022
-0.00024
-0.00025
-0.00028
-0.00029
-0.00031
-0.00032
-0.00034
-0.00036
-0.00038
-0.0004
-0.00042
-0.00043
-0.00045
-0.00046
-0.00049
-0.0005
-0.00052
-0.00053
-0.00055
-0.00056
-0.00057
-0.00058
-0.00059
-0.0006
-0.00061
-0.00062
-0.00063
-0.00063
-0.00063
-0.00063
-0.00063
-0.00063
-0.00063
-0.00062
-0.00062
-0.0006
-0.0006
-0.00058
-0.00058
-0.00056
-0.00055
-0.00054
-0.00052
-0.0005
-0.00049
-0.00047
-0.00046
-0.00044
-0.00042
-0.0004
-0.00038
-0.00036
-0.00035
-0.00032
-0.00031
-0.00029
-0.00027
-0.00025
-0.00023
-0.0002
-0.00018
-0.00015
-0.00014
-0.0001
-8e-05
-5e-05
-2e-05
1e-05
4e-05
8e-05
0.00012
0.00015
0.00019
0.00023
0.00027
0.00032
0.00036
0.00041
0.00045
0.0005
0.00055
0.0006
0.00064
0.00069
0.00073
0.00078
0.00081
0.00085
0.00089
0.00092
0.00096
0.00099
0.00102
0.00105
0.00107
0.00109
0.00111
0.00113
0.00114
0.00115
0.00116
0.00117
0.00117
0.00118
0.00118
0.00118
0.00118
0.00118
0.00118
0.00119
0.00118
0.00119
0.00119
0.0012
0.0012
0.00121
0.00121
0.00123
0.00124
0.00125
0.00127
0.00128
0.0013
0.00132
0.00134
0.00137
0.00138
0.00141
0.00143
0.00146
0.00148
0.00151
0.00153
0.00156
0.00158
0.0016
0.00162
0.00164
0.00166
0.00168
0.00169
0.00171
0.00172
0.00174
0.00175
0.00177
0.00177
0.00179
0.00179
0.0018
0.00181
0.00182
0.00183
0.00183
0.00184
0.00185
0.00186
0.00186
0.00187
0.00188
0.00188
0.00189
0.00189
0.00189
0.00189
0.0019
0.00189
0.00189
0.00188
0.00188
0.00187
0.00186
0.00184
0.00183
0.0018
0.00178
0.00175
0.00172
0.00168
0.00164
0.00159
0.00155
0.00149
0.00144
0.00137
0.00131
0.00124
0.00117
0.00109
0.00102
0.00093
0.00086
0.00077
0.00069
0.00059
0.00051
0.00041
0.00033
0.00024
0.00015
5e-05
-4e-05
-0.00012
-0.00021
-0.00029
-0.00037
-0.00046
-0.00054
-0.00062
-0.00069
-0.00076
-0.00083
-0.0009
-0.00096
-0.00102
-0.00108
-0.00113
-0.00118
-0.00123
-0.00128
-0.00132
-0.00135
-0.00139
-0.00143
-0.00146
-0.00148
-0.00151
-0.00153
-0.00156
-0.00157
-0.00159
-0.0016
-0.00162
-0.00163
-0.00164
-0.00165
-0.00166
-0.00166
-0.00167
-0.00167
-0.00168
-0.00168
-0.00169
-0.00169
-0.00169
-0.00169
-0.0017
-0.0017
-0.0017
-0.0017
-0.0017
-0.0017
-0.0017
-0.00169
-0.0017
-0.00169
-0.00169
-0.00168
-0.00168
-0.00167
-0.00166
-0.00165
-0.00164
-0.00163
-0.00161
-0.0016
-0.00158
-0.00156
-0.00155
-0.00152
-0.00151
-0.00148
-0.00146
-0.00143
-0.00141
-0.00139
-0.00137
-0.00134
-0.00132
-0.00129
-0.00127
-0.00125
-0.00123
-0.00121
-0.00119
-0.00117
-0.00116
-0.00114
-0.00113
-0.00111
-0.00111
-0.0011
-0.00109
-0.00108
-0.00108
-0.00107
-0.00107
-0.00107
-0.00106
-0.00106
-0.00106
-0.00105
-0.00106
-0.00105
-0.00105
-0.00104
-0.00104
-0.00103
-0.00103
-0.00102
-0.00102
-0.00101
-0.00101
-0.001
-0.00099
-0.00099
-0.00098
-0.00097
-0.00097
-0.00096
-0.00096
-0.00096
-0.00097
-0.00097
-0.00098
-0.00098
-0.00099
-0.00101
-0.00103
-0.00105
-0.00107
-0.0011
-0.00113
-0.00116
-0.00121
-0.00125
-0.0013
-0.00135
-0.00141
-0.00146
-0.00153
-0.00158
-0.00165
-0.00172
-0.00179
-0.00187
-0.00194
-0.00201
-0.00208
-0.00215
-0.00223
-0.0023
-0.00238
-0.00244
-0.00252
-0.00258
-0.00265
-0.00271
-0.00277
-0.00283
-0.00288
-0.00293
-0.00297
-0.00302
-0.00306
-0.00309
-0.00312
-0.00314
-0.00317
-0.00318
-0.00319
-0.0032
-0.00321
-0.0032
-0.0032
-0.00319
-0.00317
-0.00315
-0.00313
-0.0031
-0.00306
-0.00302
-0.00299
-0.00293
-0.00288
-0.00283
-0.00277
-0.0027
-0.00264
-0.00256
-0.00249
-0.00241
-0.00232
-0.00224
-0.00214
-0.00205
-0.00195
-0.00185
-0.00175
-0.00164
-0.00153
-0.00142
-0.00131
-0.00119
-0.00108
-0.00096
-0.00084
-0.00072
-0.0006
-0.00048
-0.00036
-0.00024
-0.00012
1e-05
0.00012
0.00025
0.00036
0.00049
0.0006
0.00072
0.00083
0.00096
0.00107
0.00118
0.00129
0.0014
0.00151
0.00162
0.00173
0.00184
0.00194
0.00205
0.00215
0.00226
0.00236
0.00246
0.00255
0.00266
0.00275
0.00285
0.00294
0.00302
0.00311
0.0032
0.00328
0.00336
0.00343
0.00351
0.00357
0.00364
0.0037
0.00376
0.00381
0.00386
0.0039
0.00393
0.00396
0.00399
0.00401
0.00403
0.00404
0.00405
0.00404
0.00404
0.00402
0.00401
0.00398
0.00396
0.00392
0.00388
0.00384
0.00379
0.00374
0.00368
0.00362
0.00356
0.00348
0.00341
0.00333
0.00325
0.00317
0.00308
0.00299
0.0029
0.0028
0.0027
0.00259
0.00249
0.00238
0.00227
0.00216
0.00205
0.00193
0.00182
0.00169
0.00158
0.00146
0.00134
0.00122
0.0011
0.00098
0.00087
0.00075
0.00064
0.00053
0.00042
0.00032
0.00022
0.00012
4e-05
-6e-05
-0.00014
-0.00022
-0.00028
-0.00036
-0.00041
-0.00047
-0.00052
-0.00057
-0.0006
-0.00064
-0.00067
-0.00069
-0.00071
-0.00072
-0.00073
-0.00074
-0.00073
-0.00074
-0.00073
-0.00072
-0.00071
-0.0007
-0.00068
-0.00067
-0.00066
-0.00064
-0.00063
-0.00061
-0.00059
-0.00058
-0.00056
-0.00055
-0.00053
-0.00052
-0.0005
-0.00049
-0.00047
-0.00046
-0.00044
-0.00043
-0.00041
-0.0004
-0.00038
-0.00037
-0.00035
-0.00033
-0.00031
-0.00029
-0.00027
-0.00025
-0.00022
-0.0002
-0.00017
-0.00015
-0.00012
-0.0001
-8e-05
-6e-05
-4e-05
-2e-05
0.0
2e-05
4e-05
4e-05
6e-05
6e-05
7e-05
6e-05
6e-05
5e-05
5e-05
3e-05
1e-05
-1e-05
-3e-05
-6e-05
-8e-05
-0.00011
-0.00014
-0.00018
-0.00021
-0.00025
-0.00028
-0.00032
-0.00036
-0.0004
-0.00043
-0.00046
-0.0005
-0.00053
-0.00056
-0.00059
-0.00062
-0.00065
-0.00067
-0.0007
-0.00072
-0.00074
-0.00076
-0.00078
-0.0008
-0.00082
-0.00084
-0.00086
-0.00088
-0.0009
-0.00092
-0.00094
-0.00097
-0.00099
-0.00101
-0.00105
-0.00107
-0.0011
-0.00113
-0.00116
-0.00119
-0.00122
-0.00125
-0.00128
-0.00131
-0.00134
-0.00137
-0.00139
-0.00142
-0.00144
-0.00145
-0.00147
-0.00148
-0.0015
-0.0015
-0.00151
-0.00151
-0.00151
-0.0015
-0.0015
-0.00149
-0.00147
-0.00146
-0.00144
-0.00142
-0.0014
-0.00137
-0.00135
-0.00132
-0.0013
-0.00127
-0.00124
-0.00121
-0.00119
-0.00116
-0.00114
-0.00111
-0.00109
-0.00107
-0.00104
-0.00102
-0.001
-0.00098
-0.00097
-0.00095
-0.00094
-0.00092
-0.00091
-0.00089
-0.00089
-0.00087
-0.00086
-0.00086
-0.00085
-0.00085
-0.00084
-0.00084
-0.00084
-0.00084
-0.00084
-0.00084
-0.00085
-0.00085
-0.00087
-0.00088
-0.0009
-0.00091
-0.00094
-0.00096
-0.00099
-0.00102
-0.00105
-0.00109
-0.00113
-0.00116
-0.00121
-0.00126
-0.00131
-0.00135
-0.00141
-0.00146
-0.00152
-0.00157
-0.00163
-0.00169
-0.00175
-0.00181
-0.00186
-0.00192
-0.00197
-0.00203
-0.00209
-0.00213
-0.00219
-0.00223
-0.00229
-0.00233
-0.00238
-0.00242
-0.00247
-0.00251
-0.00256
-0.0026
-0.00264
-0.00268
-0.00272
-0.00276
-0.0028
-0.00284
-0.00288
-0.00292
-0.00296
-0.003
-0.00304
-0.00308
-0.00312
-0.00316
-0.0032
-0.00324
-0.00327
-0.00331
-0.00334
-0.00337
-0.00341
-0.00343
-0.00346
-0.00348
-0.00351
-0.00352
-0.00354
-0.00355
-0.00356
-0.00356
-0.00356
-0.00356
-0.00355
-0.00354
-0.00352
-0.0035
-0.00348
-0.00344
-0.00341
-0.00337
-0.00334
-0.0033
-0.00326
-0.0032
-0.00315
-0.0031
-0.00305
-0.00299
-0.00293
-0.00287
-0.00281
-0.00274
-0.00268
-0.00261
-0.00254
-0.00247
-0.0024
-0.00232
-0.00225
-0.00217
-0.0021
-0.00202
-0.00194
-0.00185
-0.00177
-0.00168
-0.00159
-0.00149
-0.0014
-0.0013
-0.00121
-0.0011
-0.001
-0.0009
-0.00079
-0.00068
-0.00057
-0.00046
-0.00034
-0.00023
-0.00011
1e-05
0.00013
0.00025
0.00036
0.00049
0.0006
0.00073
0.00084
0.00096
0.00108
0.0012
0.00131
0.00143
0.00154
0.00165
0.00176
0.00187
0.00198
0.00209
0.00219
0.00229
0.00239
0.00249
0.00258
0.00267
0.00276
0.00285
0.00294
0.00302
0.0031
0.00317
0.00325
0.00333
0.00339
0.00346
0.00352
0.00359
0.00364
0.0037
0.00374
0.00379
0.00383
0.00388
0.00391
0.00394
0.00397
0.00399
0.00401
0.00403
0.00404
0.00405
0.00405
0.00406
0.00405
0.00405
0.00403
0.00402
0.00399
0.00398
0.00395
0.00392
0.00388
0.00385
0.00381
0.00378
0.00373
0.00369
0.00364
0.0036
0.00354
0.00349
0.00344
0.00338
0.00332
0.00327
0.00321
0.00315
0.00308
0.00302
0.00296
0.00289
0.00282
0.00276
0.00268
0.00261
0.00254
0.00247
0.00239
0.00231
0.00223
0.00216
0.00207
0.00199
0.0019
0.00182
0.00173
0.00165
0.00156
0.00147
0.00138
0.0013
0.0012
0.00112
0.00103
0.00094
0.00085
0.00077
0.00069
0.00061
0.00052
0.00045
0.00037
0.0003
0.00023
0.00017
0.0001
4e-05
-2e-05
-8e-05
-0.00013
-0.00018
-0.00023
-0.00027
-0.00031
-0.00035
-0.00039
-0.00042
-0.00045
-0.00048
-0.0005
-0.00052
-0.00055
-0.00056
-0.00058
-0.00059
-0.00061
-0.00061
-0.00063
-0.00062
-0.00063
-0.00063
-0.00063
-0.00063
-0.00062
-0.00061
-0.0006
-0.00058
-0.00057
-0.00054
-0.00052
-0.00049
-0.00046
-0.00043
-0.0004
-0.00035
-0.00031
-0.00026
-0.00022
-0.00016
-0.00011
-5e-05
1e-05
7e-05
0.00013
0.00021
0.00027
0.00034
0.00041
0.00048
0.00055
0.00063
0.0007
0.00077
0.00084
0.00091
0.00099
0.00106
0.00113
0.00121
0.00127
0.00134
0.00141
0.00148
0.00154
0.00161
0.00167
0.00174
0.0018
0.00186
0.00193
0.00198
0.00204
0.0021
0.00216
0.00222
0.00227
0.00232
0.00237
0.00242
0.00246
0.00251
0.00254
0.00259
0.00262
0.00264
0.00267
0.00269
0.00271
0.00272
0.00273
0.00274
0.00273
0.00273
0.00271
0.0027
0.00268
0.00265
0.00262
0.00259
0.00255
0.0025
0.00246
0.0024
0.00235
0.00229
0.00223
0.00217
0.0021
0.00204
0.00197
0.0019
0.00183
0.00175
0.00168
0.00161
0.00153
0.00145
0.00137
0.00129
0.00121
0.00113
0.00105
0.00097
0.00089
0.00081
0.00072
0.00064
0.00054
0.00046
0.00036
0.00028
0.00018
9e-05
-1e-05
-0.00011
-0.0002
-0.0003
-0.0004
-0.0005
-0.0006
-0.0007
-0.0008
-0.00089
-0.00099
-0.00109
-0.00119
-0.00128
-0.00137
-0.00147
-0.00156
-0.00164
-0.00172
-0.0018
-0.00188
-0.00195
-0.00203
-0.0021
-0.00216
-0.00222
-0.00229
-0.00234
-0.0024
-0.00244
-0.0025
-0.00254
-0.00259
-0.00263
-0.00267
-0.0027
-0.00274
-0.00277
-0.00281
-0.00284
-0.00287
-0.00289
-0.00292
-0.00295
-0.00298
-0.003
-0.00302
-0.00304
-0.00307
-0.00309
-0.00311
-0.00312
-0.00314
-0.00315
-0.00318
-0.00319
-0.0032
-0.00321
-0.00322
-0.00323
-0.00324
-0.00324
-0.00324
-0.00324
-0.00324
-0.00323
-0.00323
-0.00322
-0.0032
-0.00318
-0.00317
-0.00314
-0.00312
-0.00309
-0.00306
-0.00302
-0.00299
-0.00294
-0.0029
-0.00285
-0.00279
-0.00274
-0.00268
-0.00261
-0.00255
-0.00247
-0.00241
-0.00233
-0.00225
-0.00216
-0.00208
-0.00199
-0.0019
-0.00181
-0.00171
-0.00162
-0.00152
-0.00142
-0.00132
-0.00121
-0.00111
-0.001
-0.0009
-0.00078
-0.00068
-0.00056
-0.00046
-0.00034
-0.00024
-0.00012
-1e-05
0.0001
0.00021
0.00032
0.00044
0.00055
0.00067
0.00078
0.00089
0.00101
0.00112
0.00124
0.00135
0.00147
0.00158
0.0017
0.00182
0.00193
0.00205
0.00216
0.00228
0.0024
0.00252
0.00264
0.00275
0.00287
0.00299
0.00311
0.00322
0.00333
0.00344
0.00356
0.00366
0.00377
0.00387
0.00398
0.00408
0.00418
0.00427
0.00436
0.00445
0.00454
0.00462
0.0047
0.00477
0.00484
0.0049
0.00497
0.00502
0.00508
0.00513
0.00517
0.00521
0.00525
0.00528
0.00532
0.00534
0.00536
0.00537
0.00539
0.00539
0.0054
0.0054
0.0054
0.00539
0.00537
0.00536
0.00533
0.00531
0.00528
0.00525
0.00522
0.00517
0.00513
0.00508
0.00503
0.00497
0.00491
0.00484
0.00478
0.0047
0.00462
0.00454
0.00446
0.00438
0.00429
0.00421
0.00412
0.00402
0.00393
0.00383
0.00374
0.00364
0.00354
0.00344
0.00335
0.00325
0.00316
0.00306
0.00297
0.00288
0.00279
0.0027
0.00261
0.00252
0.00244
0.00235
0.00227
0.00219
0.00211
0.00203
0.00196
0.00188
0.00181
0.00174
0.00166
0.00159
0.00153
0.00146
0.00139
0.00132
0.00126
0.00119
0.00113
0.00106
0.001
0.00094
0.00088
0.00082
0.00077
0.00071
0.00065
0.0006
0.00056
0.00051
0.00047
0.00042
0.00038
0.00034
0.00031
0.00027
0.00025
0.00021
0.0002
0.00017
0.00015
0.00013
0.00012
0.0001
9e-05
8e-05
8e-05
7e-05
7e-05
6e-05
6e-05
6e-05
6e-05
6e-05
7e-05
7e-05
7e-05
7e-05
7e-05
8e-05
8e-05
9e-05
9e-05
9e-05
0.0001
0.0001
0.00011
0.00011
0.00012
0.00012
0.00013
0.00013
0.00013
0.00013
0.00014
0.00014
0.00015
0.00015
0.00016
0.00016
0.00017
0.00017
0.00018
0.00018
0.00019
0.00019
0.0002
0.00021
0.00022
0.00022
0.00023
0.00025
0.00026
0.00027
0.00029
0.0003
0.00032
0.00034
0.00036
0.00037
0.0004
0.00042
0.00044
0.00047
0.00049
0.00051
0.00054
0.00056
0.00059
0.00061
0.00064
0.00065
0.00068
0.0007
0.00072
0.00073
0.00075
0.00076
0.00078
0.00078
0.00079
0.00079
0.00078
0.00078
0.00078
0.00077
0.00076
0.00074
0.00073
0.00071
0.0007
0.00067
0.00065
0.00062
0.0006
0.00057
0.00055
0.00052
0.00049
0.00046
0.00044
0.00041
0.00039
0.00036
0.00035
0.00032
0.00031
0.00029
0.00028
0.00026
0.00025
0.00024
0.00024
0.00023
0.00023
0.00023
0.00024
0.00024
0.00025
0.00025
0.00027
0.00028
0.00029
0.0003
0.00032
0.00034
0.00036
0.00038
0.0004
0.00042
0.00044
0.00047
0.0005
0.00052
0.00055
0.00057
0.0006
0.00063
0.00066
0.00069
0.00072
0.00074
0.00078
0.0008
0.00083
0.00086
0.00088
0.00091
0.00094
0.00096
0.00099
0.00101
0.00104
0.00105
0.00108
0.00109
0.00111
0.00113
0.00115
0.00116
0.00117
0.00118
0.00118
0.00119
0.0012
0.0012
0.00121
0.0012
0.0012
0.0012
0.0012
0.00119
0.00119
0.00118
0.00117
0.00116
0.00115
0.00114
0.00113
0.00112
0.0011
0.00109
0.00108
0.00107
0.00106
0.00105
0.00104
0.00102
0.00102
0.00101
0.001
0.001
0.00099
0.00098
0.00098
0.00098
0.00098
0.00098
0.00099
0.00099
0.001
0.00101
0.00102
0.00103
0.00105
0.00106
0.00108
0.0011
0.00112
0.00114
0.00116
0.00118
0.00121
0.00124
0.00127
0.00129
0.00132
0.00135
0.00138
0.00141
0.00144
0.00147
0.00151
0.00153
0.00156
0.00159
0.00162
0.00165
0.00168
0.00171
0.00173
0.00175
0.00178
0.0018
0.00183
0.00185
0.00188
0.0019
0.00193
0.00195
0.00197
0.00199
0.00201
0.00204
0.00206
0.00209
0.00211
0.00213
0.00216
0.00219
0.00222
0.00225
0.00228
0.00231
0.00235
0.00238
0.00241
0.00245
0.00249
0.00253
0.00257
0.00261
0.00265
0.00269
0.00274
0.00278
0.00283
0.00287
0.00292
0.00296
0.00301
0.00305
0.0031
0.00314
0.00319
0.00324
0.00328
0.00333
0.00338
0.00342
0.00347
0.00351
0.00356
0.0036
0.00365
0.00369
0.00374
0.00378
0.00382
0.00386
0.0039
0.00394
0.00398
0.00402
0.00406
0.00409
0.00413
0.00416
0.00419
0.00422
0.00425
0.00427
0.0043
0.00432
0.00434
0.00435
0.00436
0.00438
0.00439
0.00439
0.0044
0.00439
0.0044
0.00439
0.00438
0.00437
0.00435
0.00433
0.00432
0.00429
0.00427
0.00424
0.00421
0.00418
0.00414
0.0041
0.00407
0.00402
0.00398
0.00393
0.00389
0.00383
0.00379
0.00373
0.00368
0.00363
0.00357
0.00352
0.00346
0.00341
0.00335
0.0033
0.00325
0.00319
0.00314
0.00308
0.00304
0.00299
0.00294
0.0029
0.00286
0.00282
0.00278
0.00275
0.00272
0.00269
0.00267
0.00265
0.00263
0.00262
0.00261
0.0026
0.0026
0.0026
0.0026
0.0026
0.00262
0.00263
0.00264
0.00266
0.00267
0.00269
0.00272
0.00274
0.00277
0.00278
0.00281
0.00283
0.00286
