1.30036161748341E+03

-0.0005
-0.00051
-0.00052
-0.00053
-0.00054
-0.00056
-0.00058
-0.00061
-0.00064
-0.00066
-0.0007
-0.00073
-0.00077
-0.00081
-0.00085
-0.0009
-0.00094
-0.00099
-0.00104
-0.0011
-0.00114
-0.0012
-0.00125
-0.00131
-0.00136
-0.00142
-0.00147
-0.00152
-0.00157
-0.00162
-0.00167
-0.00172
-0.00176
-0.00181
-0.00184
-0.00189
-0.00192
-0.00196
-0.00199
-0.00202
-0.00205
-0.00207
-0.00209
-0.00211
-0.00212
-0.00214
-0.00214
-0.00215
-0.00215
-0.00215
-0.00214
-0.00214
-0.00212
-0.00211
-0.00209
-0.00207
-0.00204
-0.00201
-0.00198
-0.00194
-0.00189
-0.00185
-0.0018
-0.00175
-0.00169
-0.00164
-0.00157
-0.00151
-0.00144
-0.00138
-0.0013
-0.00123
-0.00116
-0.00108
-0.001
-0.00092
-0.00084
-0.00076
-0.00068
-0.0006
-0.00052
-0.00044
-0.00036
-0.00028
-0.0002
-0.00013
-5e-05
2e-05
9e-05
0.00016
0.00023
0.0003
0.00037
0.00043
0.00049
0.00055
0.00061
0.00066
0.00072
0.00077
0.00083
0.00088
0.00092
0.00097
0.00101
0.00106
0.0011
0.00114
0.00118
0.00121
0.00125
0.00128
0.00131
0.00134
0.00137
0.00139
0.00141
0.00143
0.00145
0.00146
0.00147
0.00148
0.00149
0.00149
0.0015
0.00149
0.00149
0.00148
0.00147
0.00145
0.00144
0.00142
0.0014
0.00137
0.00135
0.00132
0.00128
0.00125
0.00122
0.00118
0.00113
0.00109
0.00104
0.00099
0.00094
0.00089
0.00083
0.00077
0.00072
0.00065
0.00059
0.00052
0.00045
0.00038
0.00031
0.00024
0.00016
8e-05
1e-05
-7e-05
-0.00015
-0.00023
-0.00031
-0.00039
-0.00047
-0.00055
-0.00063
-0.00071
-0.00079
-0.00087
-0.00094
-0.00102
-0.00109
-0.00116
-0.00123
-0.0013
-0.00136
-0.00143
-0.00149
-0.00155
-0.0016
-0.00165
-0.00171
-0.00176
-0.0018
-0.00185
-0.00189
-0.00193
-0.00196
-0.00201
-0.00204
-0.00207
-0.0021
-0.00214
-0.00217
-0.0022
-0.00222
-0.00225
-0.00228
-0.00231
-0.00234
-0.00237
-0.0024
-0.00243
-0.00245
-0.00249
-0.00252
-0.00255
-0.00258
-0.00261
-0.00264
-0.00268
-0.00271
-0.00275
-0.00278
-0.00282
-0.00286
-0.0029
-0.00293
-0.00297
-0.00301
-0.00306
-0.00309
-0.00314
-0.00318
-0.00323
-0.00327
-0.00332
-0.00336
-0.00341
-0.00346
-0.00352
-0.00357
-0.00362
-0.00368
-0.00374
-0.00379
-0.00386
-0.00392
-0.00398
-0.00405
-0.00412
-0.00418
-0.00425
-0.00432
-0.00439
-0.00447
-0.00454
-0.00461
-0.00468
-0.00475
-0.00482
-0.00489
-0.00496
-0.00502
-0.00509
-0.00515
-0.00521
-0.00526
-0.00532
-0.00537
-0.00542
-0.00546
-0.0055
-0.00554
-0.00557
-0.0056
-0.00562
-0.00564
-0.00566
-0.00567
-0.00569
-0.00569
-0.00569
-0.00569
-0.00569
-0.00568
-0.00567
-0.00566
-0.00564
-0.00562
-0.0056
-0.00557
-0.00554
-0.00551
-0.00548
-0.00544
-0.0054
-0.00535
-0.00531
-0.00525
-0.0052
-0.00514
-0.00508
-0.00502
-0.00495
-0.00488
-0.0048
-0.00472
-0.00463
-0.00454
-0.00445
-0.00435
-0.00425
-0.00414
-0.00403
-0.00392
-0.00381
-0.00369
-0.00357
-0.00345
-0.00333
-0.0032
-0.00308
-0.00295
-0.00282
-0.00269
-0.00257
-0.00244
-0.00231
-0.00218
-0.00206
-0.00193
-0.00182
-0.00169
-0.00157
-0.00145
-0.00133
-0.00122
-0.0011
-0.00098
-0.00087
-0.00075
-0.00064
-0.00052
-0.00041
-0.00029
-0.00018
-6e-05
5e-05
0.00017
0.00028
0.0004
0.00051
0.00063
0.00075
0.00087
0.00099
0.0011
0.00122
0.00134
0.00145
0.00157
0.00167
0.00178
0.00188
0.002
0.00209
0.00219
0.00228
0.00237
0.00246
0.00255
0.00262
0.0027
0.00276
0.00283
0.00289
0.00295
0.00299
0.00304
0.00308
0.00312
0.00315
0.00318
0.0032
0.00322
0.00323
0.00324
0.00325
0.00325
0.00324
0.00324
0.00322
0.00321
0.00318
0.00316
0.00312
0.0031
0.00305
0.00301
0.00296
0.0029
0.00284
0.00278
0.00271
0.00264
0.00255
0.00247
0.00238
0.00229
0.00219
0.00209
0.00198
0.00187
0.00175
0.00163
0.0015
0.00138
0.00125
0.00111
0.00098
0.00084
0.00069
0.00056
0.00041
0.00027
0.00012
-3e-05
-0.00018
-0.00032
-0.00047
-0.00062
-0.00077
-0.00092
-0.00106
-0.0012
-0.00135
-0.00149
-0.00164
-0.00177
-0.00191
-0.00204
-0.00218
-0.00231
-0.00244
-0.00257
-0.00269
-0.00281
-0.00293
-0.00305
-0.00316
-0.00327
-0.00338
-0.00348
-0.00359
-0.00368
-0.00377
-0.00386
-0.00394
-0.00402
-0.0041
-0.00417
-0.00424
-0.0043
-0.00436
-0.00442
-0.00447
-0.00451
-0.00455
-0.00458
-0.00461
-0.00463
-0.00465
-0.00466
-0.00467
-0.00467
-0.00467
-0.00465
-0.00464
-0.00462
-0.0046
-0.00457
-0.00453
-0.00448
-0.00443
-0.00438
-0.00433
-0.00426
-0.00419
-0.00411
-0.00404
-0.00395
-0.00387
-0.00377
-0.00367
-0.00358
-0.00347
-0.00337
-0.00325
-0.00314
-0.00302
-0.0029
-0.00278
-0.00266
-0.00253
-0.0024
-0.00228
-0.00215
-0.00203
-0.00189
-0.00177
-0.00164
-0.00152
-0.00139
-0.00127
-0.00114
-0.00102
-0.0009
-0.00079
-0.00067
-0.00056
-0.00045
-0.00035
-0.00024
-0.00015
-5e-05
4e-05
0.00013
0.00022
0.0003
0.00038
0.00045
0.00053
0.0006
0.00065
0.00072
0.00077
0.00083
0.00087
0.00092
0.00096
0.001
0.00104
0.00107
0.00109
0.00112
0.00114
0.00116
0.00118
0.00119
0.0012
0.00121
0.00121
0.00122
0.00121
0.00121
0.0012
0.0012
0.00119
0.00118
0.00116
0.00114
0.00113
0.00111
0.00109
0.00107
0.00104
0.00102
0.00099
0.00097
0.00094
0.00091
0.00087
0.00085
0.00081
0.00078
0.00074
0.0007
0.00067
0.00064
0.0006
0.00056
0.00052
0.00049
0.00046
0.00043
0.00039
0.00036
0.00033
0.0003
0.00027
0.00025
0.00022
0.0002
0.00019
0.00017
0.00016
0.00015
0.00014
0.00014
0.00013
0.00014
0.00014
0.00015
0.00015
0.00017
0.00018
0.0002
0.00022
0.00024
0.00026
0.00029
0.00032
0.00035
0.00037
0.00041
0.00044
0.00047
0.0005
0.00054
0.00057
0.0006
0.00064
0.00067
0.0007
0.00073
0.00077
0.0008
0.00083
0.00086
0.00089
0.00092
0.00095
0.00098
0.001
0.00103
0.00105
0.00108
0.0011
0.00112
0.00114
0.00116
0.00118
0.0012
0.00121
0.00123
0.00123
0.00125
0.00125
0.00126
0.00126
0.00126
0.00126
0.00126
0.00125
0.00124
0.00123
0.00121
0.0012
0.00118
0.00116
0.00113
0.0011
0.00107
0.00104
0.00101
0.00096
0.00092
0.00087
0.00083
0.00078
0.00073
0.00067
0.00062
0.00056
0.0005
0.00044
0.00038
0.0003
0.00024
0.00017
0.0001
3e-05
-4e-05
-0.00012
-0.00019
-0.00026
-0.00033
-0.00041
-0.00048
-0.00055
-0.00063
-0.0007
-0.00076
-0.00084
-0.0009
-0.00097
-0.00103
-0.0011
-0.00116
-0.00123
-0.00128
-0.00134
-0.0014
-0.00145
-0.00151
-0.00156
-0.0016
-0.00165
-0.0017
-0.00175
-0.00179
-0.00183
-0.00187
-0.00192
-0.00196
-0.002
-0.00204
-0.00208
-0.00212
-0.00215
-0.00219
-0.00223
-0.00226
-0.0023
-0.00233
-0.00237
-0.00239
-0.00243
-0.00245
-0.00248
-0.0025
-0.00253
-0.00254
-0.00256
-0.00258
-0.00259
-0.0026
-0.0026
-0.0026
-0.0026
-0.00259
-0.00258
-0.00256
-0.00255
-0.00252
-0.0025
-0.00247
-0.00244
-0.0024
-0.00235
-0.00231
-0.00227
-0.00222
-0.00217
-0.00211
-0.00206
-0.002
-0.00195
-0.00189
-0.00183
-0.00177
-0.00171
-0.00165
-0.0016
-0.00154
-0.00148
-0.00143
-0.00137
-0.00132
-0.00127
-0.00121
-0.00116
-0.00111
-0.00107
-0.00101
-0.00097
-0.00091
-0.00087
-0.00082
-0.00077
-0.00072
-0.00067
-0.00062
-0.00056
-0.00051
-0.00045
-0.00039
-0.00032
-0.00026
-0.00019
-0.00012
-5e-05
3e-05
0.00011
0.00019
0.00028
0.00037
0.00046
0.00056
0.00065
0.00075
0.00086
0.00097
0.00108
0.0012
0.00131
0.00143
0.00155
0.00168
0.00181
0.00194
0.00207
0.00221
0.00235
0.00249
0.00264
0.00279
0.00294
0.0031
0.00326
0.00343
0.0036
0.00377
0.00395
0.00414
0.00433
0.00453
0.00473
0.00495
0.00516
0.00538
0.00561
0.00585
0.0061
0.00635
0.00661
0.00688
0.00715
0.00744
0.00773
0.00802
0.00833
0.00864
0.00895
0.00928
0.0096
0.00994
0.01027
0.01062
0.01097
0.01132
0.01168
0.01204
0.01241
0.01278
0.01315
0.01353
0.0139
0.01429
0.01467
0.01506
0.01545
0.01584
0.01624
0.01663
0.01704
0.01744
0.01785
0.01826
0.01867
0.01908
0.01949
0.01992
0.02034
0.02077
0.02119
0.02163
0.02206
0.02249
0.02293
0.02337
0.02381
0.02425
0.02469
0.02514
0.02559
0.02603
0.02648
0.02693
0.02738
0.02782
0.02827
0.02871
0.02915
0.0296
0.03003
0.03047
0.03091
0.03134
0.03177
0.03219
0.03261
0.03303
0.03344
0.03385
0.03425
0.03465
0.03504
0.03543
0.0358
0.03617
0.03654
0.03689
0.03724
0.03758
0.03792
0.03824
0.03855
0.03886
0.03915
0.03943
0.0397
0.03997
0.04022
0.04046
0.04068
0.0409
0.0411
0.04129
0.04147
0.04164
0.0418
0.04194
0.04207
0.04219
0.0423
0.04239
0.04247
0.04255
0.0426
0.04266
0.04269
0.04272
0.04274
0.04274
0.04274
0.04273
0.0427
0.04267
0.04263
0.04258
0.04252
0.04245
0.04237
0.04229
0.04219
0.04209
0.04198
0.04187
0.04174
0.04162
0.04148
0.04134
0.04119
0.04103
0.04087
0.04071
0.04053
0.04036
0.04018
0.03999
0.0398
0.03961
0.03941
0.03921
0.03901
0.03881
0.0386
0.03839
0.03818
0.03797
0.03776
0.03755
0.03733
0.03712
0.03691
0.0367
0.03648
0.03628
0.03607
0.03586
0.03565
0.03545
0.03525
0.03505
0.03485
0.03466
0.03446
0.03427
0.03409
0.03391
0.03373
0.03355
0.03338
0.03321
0.03305
0.03289
0.03273
0.03258
0.03243
0.03228
0.03214
0.03201
0.03187
0.03174
0.03162
0.03149
0.03137
0.03126
0.03115
0.03104
0.03093
0.03083
0.03072
0.03062
0.03052
0.03042
0.03033
0.03023
0.03013
0.03004
0.02995
0.02985
0.02976
0.02967
0.02957
0.02948
0.02938
0.02928
0.02918
0.02908
0.02898
0.02888
0.02878
0.02868
0.02857
0.02846
0.02835
0.02824
0.02813
0.02802
0.0279
0.02778
0.02766
0.02754
0.02742
0.02729
0.02716
0.02703
0.02689
0.02676
0.02661
0.02647
0.02633
0.02618
0.02602
0.02587
0.02571
0.02556
0.02539
0.02522
0.02506
0.02488
0.02471
0.02454
0.02436
0.02418
0.024
0.02382
0.02363
0.02345
0.02326
0.02307
0.02289
0.0227
0.02251
0.02232
0.02213
0.02195
0.02176
0.02157
0.02138
0.0212
0.02101
0.02082
0.02063
0.02045
0.02026
0.02007
0.01988
0.0197
0.01951
0.01932
0.01913
0.01895
0.01876
0.01857
0.01838
0.0182
0.018
0.01782
0.01763
0.01744
0.01725
0.01707
0.01688
0.0167
0.01652
0.01634
0.01616
0.01598
0.01581
0.01564
0.01547
0.0153
0.01514
0.01498
0.01482
0.01467
0.01451
0.01437
0.01422
0.01408
0.01393
0.01379
0.01365
0.01352
0.01338
0.01325
0.01311
0.01298
0.01285
0.01272
0.01258
0.01245
0.01232
0.01219
0.01205
0.01192
0.01178
0.01165
0.01152
0.01138
0.01125
0.01111
0.01098
0.01085
0.01071
0.01058
0.01045
0.01033
0.0102
0.01008
0.00995
0.00983
0.00971
0.0096
0.00949
0.00938
0.00927
0.00917
0.00907
0.00897
0.00887
0.00879
0.0087
0.00861
0.00853
0.00845
0.00837
0.0083
0.00822
0.00815
0.00809
0.00802
0.00796
0.00789
0.00784
0.00778
0.00772
0.00767
0.00762
0.00758
0.00753
0.00749
0.00744
0.00741
0.00738
0.00735
0.00732
0.0073
0.00728
0.00727
0.00726
0.00726
0.00726
0.00727
0.00728
0.0073
0.00731
0.00734
0.00737
0.00741
0.00745
0.00749
0.00754
0.00759
0.00764
0.0077
0.00776
0.00782
0.00788
0.00794
0.008
0.00807
0.00813
0.00819
0.00825
0.00831
0.00836
0.00841
0.00846
0.00851
0.00855
0.00859
0.00863
0.00866
0.00868
0.00871
0.00872
0.00874
0.00875
0.00876
0.00876
0.00877
0.00876
0.00876
0.00875
0.00874
0.00873
0.00872
0.0087
0.00869
0.00867
0.00865
0.00863
0.00862
0.00859
0.00858
0.00855
0.00853
0.0085
0.00848
0.00845
0.00842
0.00839
0.00836
0.00833
0.0083
0.00825
0.00822
0.00817
0.00813
0.00807
0.00802
0.00796
0.00791
0.00784
0.00777
0.00771
0.00763
0.00756
0.00749
0.00741
0.00733
0.00724
0.00716
0.00708
0.007
0.00691
0.00682
0.00673
0.00665
0.00656
0.00648
0.0064
0.00631
0.00624
0.00616
0.00608
0.006
0.00592
0.00585
0.00578
0.00571
0.00564
0.00557
0.0055
0.00544
0.00537
0.0053
0.00524
0.00517
0.00511
0.00505
0.00499
0.00493
0.00487
0.00481
0.00475
0.0047
0.00464
0.00458
0.00452
0.00447
0.00442
0.00437
0.00431
0.00426
0.00421
0.00417
0.00412
0.00407
0.00402
0.00397
0.00392
0.00388
0.00382
0.00378
0.00372
0.00367
0.00362
0.00356
0.00351
0.00345
0.00339
0.00333
0.00327
0.00321
0.00314
0.00308
0.003
0.00294
0.00287
0.0028
0.00273
0.00266
0.00259
0.00253
0.00246
0.00239
0.00233
0.00228
0.00222
0.00217
0.00211
0.00207
0.00202
0.00198
0.00194
0.00191
0.00188
0.00185
0.00182
0.0018
0.00178
0.00176
0.00174
0.00173
0.00171
0.0017
0.00168
0.00167
0.00166
0.00164
0.00162
0.00161
0.00159
0.00157
0.00155
0.00152
0.0015
0.00147
0.00144
0.00141
0.00139
0.00136
0.00132
0.00129
0.00126
0.00123
0.00119
0.00117
0.00113
0.00111
0.00109
0.00106
0.00104
0.00102
0.00101
0.001
0.00099
0.00099
0.00098
0.00099
0.00099
0.00101
0.00102
0.00104
0.00106
0.00109
0.00111
0.00115
0.00118
0.00122
0.00127
0.00132
0.00137
0.00143
0.00149
0.00155
0.00161
0.00168
0.00175
0.00182
0.00189
0.00197
0.00205
0.00213
0.0022
0.00228
0.00236
0.00244
0.00252
0.0026
0.00268
0.00276
0.00283
0.0029
0.00297
0.00303
0.00309
0.00316
0.00321
0.00327
0.00331
0.00336
0.0034
0.00343
0.00347
0.00349
0.00351
0.00353
0.00355
0.00356
0.00356
0.00357
0.00356
0.00356
0.00355
0.00354
0.00353
0.00351
0.00349
0.00347
0.00345
0.00343
0.00339
0.00337
0.00334
0.00331
0.00327
0.00324
0.0032
0.00316
0.00312
0.00308
0.00304
0.00299
0.00295
0.0029
0.00285
0.00281
0.00275
0.0027
0.00265
0.00259
0.00254
0.00248
0.00242
0.00237
0.00231
0.00225
0.00219
0.00213
0.00208
0.00202
0.00197
0.00192
0.00186
0.00182
0.00177
0.00173
0.00168
0.00165
0.00161
0.00158
0.00155
0.00153
0.00151
0.00149
0.00147
0.00146
0.00146
0.00145
0.00145
0.00145
0.00145
0.00146
0.00147
0.00148
0.00149
0.00152
0.00153
0.00155
0.00157
0.0016
0.00162
0.00165
0.00168
0.00171
0.00174
0.00177
0.0018
0.00184
0.00188
0.00192
0.00195
0.002
0.00204
0.00208
0.00213
0.00217
0.00222
0.00227
0.00232
0.00238
0.00243
0.00249
0.00254
0.0026
0.00266
0.00272
0.00277
0.00283
0.00289
0.00295
0.00301
0.00306
0.00312
0.00317
0.00323
0.00328
0.00333
0.00338
0.00342
0.00347
0.0035
0.00354
0.00357
0.0036
0.00363
0.00365
0.00366
0.00368
0.00369
0.0037
0.0037
0.0037
0.00369
0.00369
0.00367
0.00366
0.00364
0.00362
0.00359
0.00356
0.00353
0.00349
0.00345
0.00341
0.00337
0.00332
0.00328
0.00323
0.00317
0.00313
0.00307
0.00302
0.00296
0.00291
0.00285
0.0028
0.00274
0.00269
0.00263
0.00258
0.00252
0.00247
0.00241
0.00236
0.00231
0.00226
0.0022
0.00215
0.0021
0.00205
0.002
0.00195
0.0019
0.00184
0.00179
0.00174
0.00169
0.00164
0.00158
0.00153
0.00147
0.00141
0.00135
0.0013
0.00123
0.00118
0.00111
0.00105
0.00098
0.00091
0.00084
0.00077
0.0007
0.00063
0.00056
0.00049
0.00042
0.00035
0.00027
0.00021
0.00013
7e-05
-1e-05
-7e-05
-0.00014
-0.0002
-0.00026
-0.00032
-0.00038
-0.00043
-0.00048
-0.00053
-0.00058
-0.00062
-0.00067
-0.0007
-0.00074
-0.00077
-0.00081
-0.00083
-0.00085
-0.00088
-0.0009
-0.00091
-0.00093
-0.00094
-0.00095
-0.00095
-0.00096
-0.00096
-0.00096
-0.00096
-0.00096
-0.00095
-0.00095
-0.00094
-0.00094
-0.00093
-0.00092
-0.0009
-0.00089
-0.00087
-0.00086
-0.00084
-0.00083
-0.00081
-0.00079
-0.00077
-0.00075
-0.00073
-0.00072
-0.00069
-0.00067
-0.00065
-0.00064
-0.00062
-0.0006
-0.00058
-0.00057
-0.00055
-0.00054
-0.00052
-0.00051
-0.0005
-0.0005
-0.00049
-0.00049
-0.00048
-0.00048
-0.00048
-0.00048
-0.00049
-0.00049
-0.0005
-0.0005
-0.00051
-0.00053
-0.00054
-0.00056
-0.00057
-0.00059
-0.00061
-0.00064
-0.00065
-0.00068
-0.0007
-0.00073
-0.00076
-0.00078
-0.00081
-0.00084
-0.00086
-0.0009
-0.00092
-0.00095
-0.00098
-0.00101
-0.00104
-0.00107
-0.0011
-0.00113
-0.00117
-0.0012
-0.00123
-0.00126
-0.00129
-0.00133
-0.00136
-0.00139
-0.00142
-0.00146
-0.00149
-0.00153
-0.00156
-0.0016
-0.00163
-0.00166
-0.0017
-0.00173
-0.00177
-0.00181
-0.00185
-0.00188
-0.00192
-0.00196
-0.002
-0.00204
-0.00208
-0.00213
-0.00217
-0.00222
-0.00226
-0.00231
-0.00236
-0.00241
-0.00247
-0.00252
-0.00257
-0.00263
-0.00268
-0.00275
-0.0028
-0.00286
-0.00292
-0.00299
-0.00305
-0.00311
-0.00317
-0.00324
-0.0033
-0.00337
-0.00343
-0.0035
-0.00356
-0.00362
-0.00367
-0.00374
-0.00379
-0.00385
-0.0039
-0.00395
-0.004
-0.00405
-0.00409
-0.00413
-0.00417
-0.0042
-0.00424
-0.00426
-0.00428
-0.0043
-0.00432
-0.00434
-0.00435
-0.00436
-0.00436
-0.00437
-0.00437
-0.00437
-0.00436
-0.00435
-0.00434
-0.00433
-0.00432
-0.0043
-0.00428
-0.00426
-0.00424
-0.00423
-0.0042
-0.00418
-0.00415
-0.00412
-0.00409
-0.00407
-0.00403
-0.004
-0.00397
-0.00394
-0.0039
-0.00387
-0.00383
-0.00379
-0.00374
-0.00371
-0.00366
-0.00362
-0.00357
-0.00352
-0.00347
-0.00342
-0.00337
-0.00332
-0.00327
-0.00321
-0.00316
-0.0031
-0.00305
-0.00299
-0.00293
-0.00288
-0.00283
-0.00278
-0.00272
-0.00267
-0.00262
-0.00257
-0.00252
-0.00248
-0.00244
-0.0024
-0.00236
-0.00232
-0.00228
-0.00224
-0.0022
-0.00218
-0.00214
-0.00211
-0.00207
-0.00205
-0.00201
-0.00198
-0.00194
-0.00191
-0.00188
-0.00184
-0.0018
-0.00176
-0.00171
-0.00167
-0.00161
-0.00157
-0.00151
-0.00145
-0.00139
-0.00133
-0.00126
-0.00119
-0.00112
-0.00104
-0.00097
-0.00089
-0.00081
-0.00073
-0.00065
-0.00057
-0.00048
-0.0004
-0.00032
-0.00024
-0.00015
-8e-05
0.0
7e-05
0.00015
0.00022
0.00029
0.00036
0.00042
0.00048
0.00055
0.0006
0.00066
0.00071
0.00076
0.00081
0.00086
0.0009
0.00094
0.00098
0.00102
0.00105
0.00109
0.00112
0.00114
0.00117
0.0012
0.00122
0.00124
0.00126
0.00127
0.00128
0.0013
0.0013
0.00131
0.0013
0.00131
0.0013
0.00129
0.00128
0.00126
0.00124
0.00122
0.0012
0.00117
0.00114
0.00111
0.00107
0.00103
0.00098
0.00094
0.00089
0.00085
0.00079
0.00074
0.00069
0.00063
0.00058
0.00053
0.00047
0.00042
0.00036
0.00031
0.00025
0.0002
0.00014
9e-05
3e-05
-1e-05
-6e-05
-0.00011
-0.00016
-0.00021
-0.00025
-0.00029
-0.00033
-0.00037
-0.00041
-0.00045
-0.00049
-0.00052
-0.00055
-0.00058
-0.00061
-0.00063
-0.00066
-0.00069
-0.00071
-0.00073
-0.00075
-0.00076
-0.00078
-0.00079
-0.00081
-0.00081
-0.00082
-0.00082
-0.00083
-0.00083
-0.00084
-0.00083
-0.00083
-0.00083
-0.00083
-0.00082
-0.00081
-0.00081
-0.0008
-0.00079
-0.00079
-0.00077
-0.00077
-0.00076
-0.00075
-0.00074
-0.00073
-0.00072
-0.00071
-0.00071
-0.0007
-0.00069
-0.00068
-0.00067
-0.00066
-0.00065
-0.00065
-0.00064
-0.00063
-0.00062
-0.00062
-0.00061
-0.00061
-0.00059
-0.00059
-0.00059
-0.00058
-0.00058
-0.00057
-0.00057
-0.00056
-0.00056
-0.00056
-0.00056
-0.00056
-0.00056
-0.00056
-0.00056
-0.00057
-0.00057
-0.00058
-0.00059
-0.0006
-0.00061
-0.00063
-0.00064
-0.00065
-0.00067
-0.00069
-0.0007
-0.00072
-0.00074
-0.00076
-0.00078
-0.00081
-0.00082
-0.00085
-0.00087
-0.0009
-0.00092
-0.00094
-0.00096
-0.00098
-0.00099
-0.00102
-0.00103
-0.00105
-0.00106
-0.00108
-0.00109
-0.00111
-0.00111
-0.00113
-0.00113
-0.00114
-0.00115
-0.00115
-0.00115
-0.00115
-0.00115
-0.00115
-0.00114
-0.00113
-0.00112
-0.00112
-0.0011
-0.00109
-0.00107
-0.00105
-0.00103
-0.00101
-0.00099
-0.00096
-0.00093
-0.0009
-0.00087
-0.00084
-0.0008
-0.00076
-0.00072
-0.00068
-0.00064
-0.0006
-0.00055
-0.00051
-0.00047
-0.00042
-0.00038
-0.00033
-0.00029
-0.00024
-0.00019
-0.00015
-0.0001
-6e-05
-2e-05
2e-05
6e-05
9e-05
0.00014
0.00017
0.00021
0.00024
0.00027
0.0003
0.00033
0.00036
0.00038
0.00041
0.00043
0.00046
0.00048
0.0005
0.00053
0.00055
0.00057
0.00059
0.00062
0.00064
0.00066
0.00068
0.00071
0.00073
0.00075
0.00077
0.0008
0.00082
0.00084
0.00086
0.00089
0.0009
0.00092
0.00094
0.00096
0.00097
0.00098
0.00099
0.001
0.00101
0.00101
0.00101
0.00101
0.00101
0.00101
0.001
0.00099
0.00098
0.00097
0.00096
0.00095
0.00093
0.00092
0.0009
0.00089
0.00088
0.00087
0.00086
0.00085
0.00084
0.00084
0.00083
0.00083
0.00083
0.00084
0.00084
0.00085
0.00085
0.00086
0.00087
0.00089
0.00091
0.00092
0.00093
0.00095
0.00097
0.00099
0.001
0.00102
0.00103
0.00104
0.00105
0.00106
0.00107
0.00107
0.00107
0.00108
0.00107
0.00107
0.00106
0.00106
0.00105
0.00104
0.00103
0.00102
0.001
0.00099
0.00097
0.00096
0.00094
0.00092
0.00091
0.00089
0.00088
0.00087
0.00085
0.00084
0.00082
0.00082
0.0008
0.00079
0.00078
0.00077
0.00076
0.00075
0.00074
0.00073
0.00072
0.00072
0.00071
0.0007
0.00069
0.00068
0.00067
0.00067
0.00065
0.00065
0.00064
0.00063
0.00062
0.00062
0.00061
0.0006
0.0006
0.0006
0.0006
0.0006
0.0006
0.0006
0.0006
0.00061
0.00061
0.00061
0.00062
0.00063
0.00063
0.00064
0.00064
0.00065
0.00065
0.00066
0.00066
0.00067
0.00066
0.00066
0.00066
0.00065
0.00064
0.00063
0.00061
0.0006
0.00058
0.00055
0.00052
0.00049
0.00046
0.00043
0.00038
0.00035
0.0003
0.00025
0.0002
0.00015
9e-05
4e-05
-2e-05
-8e-05
-0.00014
-0.0002
-0.00027
-0.00033
-0.00039
-0.00046
-0.00052
-0.00059
-0.00066
-0.00072
-0.00079
-0.00086
-0.00093
-0.00099
-0.00107
-0.00113
-0.0012
-0.00127
-0.00134
-0.00141
-0.00147
-0.00154
-0.00161
-0.00167
-0.00174
-0.00181
-0.00188
-0.00194
-0.00201
-0.00207
-0.00214
-0.0022
-0.00227
-0.00233
-0.00239
-0.00245
-0.00251
-0.00256
-0.00262
-0.00266
-0.00272
-0.00277
-0.00281
-0.00285
-0.0029
-0.00294
-0.00298
-0.003
-0.00304
-0.00307
-0.00309
-0.00312
-0.00314
-0.00315
-0.00317
-0.00317
-0.00319
-0.00319
-0.0032
-0.00319
-0.00319
-0.00319
-0.00319
-0.00317
-0.00317
-0.00315
-0.00314
-0.00313
-0.00311
-0.00309
-0.00307
-0.00304
-0.00303
-0.003
-0.00298
-0.00295
-0.00293
-0.0029
-0.00288
-0.00285
-0.00283
-0.0028
-0.00277
-0.00275
-0.00272
-0.00269
-0.00266
-0.00263
-0.00261
-0.00257
-0.00255
-0.00251
-0.00249
-0.00245
-0.00243
-0.00239
-0.00236
-0.00232
-0.00229
-0.00226
-0.00222
-0.00219
-0.00215
-0.00212
-0.00209
-0.00205
-0.00202
-0.00198
-0.00196
-0.00193
-0.0019
-0.00187
-0.00185
-0.00183
-0.00181
-0.00179
-0.00178
-0.00177
-0.00176
-0.00175
-0.00176
-0.00175
-0.00176
-0.00176
-0.00178
-0.00179
-0.00181
-0.00182
-0.00184
-0.00187
-0.00189
-0.00192
-0.00194
-0.00197
-0.002
-0.00202
-0.00205
-0.00208
-0.00211
-0.00213
-0.00216
-0.00218
-0.00221
-0.00222
-0.00225
-0.00227
-0.00229
-0.00231
-0.00232
-0.00233
-0.00234
-0.00235
-0.00237
-0.00237
-0.00238
-0.00238
-0.00239
-0.0024
-0.0024
-0.0024
-0.00241
-0.00241
-0.00242
-0.00242
-0.00242
-0.00242
-0.00242
-0.00242
-0.00242
-0.00241
-0.00241
-0.0024
-0.0024
-0.00239
-0.00239
-0.00237
-0.00236
-0.00235
-0.00234
-0.00232
-0.0023
-0.00228
-0.00225
-0.00223
-0.00221
-0.00217
-0.00215
-0.00211
-0.00208
-0.00204
-0.00201
-0.00197
-0.00193
-0.00189
-0.00185
-0.00181
-0.00177
-0.00172
-0.00168
-0.00163
-0.00158
-0.00153
-0.00148
-0.00143
-0.00138
-0.00132
-0.00127
-0.00121
-0.00116
-0.0011
-0.00104
-0.00098
-0.00092
-0.00085
-0.00079
-0.00072
-0.00066
-0.00059
-0.00052
-0.00045
-0.00038
-0.00031
-0.00024
-0.00017
-0.0001
-3e-05
4e-05
0.00011
0.00018
0.00025
0.00032
0.00039
0.00046
0.00053
0.00059
0.00066
0.00072
0.00079
0.00084
0.00091
0.00097
0.00103
0.00109
0.00114
0.0012
0.00126
0.00132
0.00138
0.00143
0.00149
0.00154
0.0016
0.00165
0.00171
0.00175
0.00181
0.00186
0.00191
0.00196
0.002
0.00204
0.00209
0.00213
0.00217
0.0022
0.00223
0.00226
0.00229
0.00231
0.00233
0.00234
0.00236
0.00236
0.00237
0.00237
0.00237
0.00237
0.00236
0.00235
0.00234
0.00232
0.00231
0.00229
0.00227
0.00225
0.00223
0.0022
0.00219
0.00216
0.00213
0.00211
0.00208
0.00206
0.00204
0.00202
0.00199
0.00197
0.00195
0.00193
0.00191
0.00188
0.00186
0.00184
0.00183
0.0018
0.00178
0.00176
0.00174
0.00173
0.00171
0.00169
0.00167
0.00165
0.00164
0.00162
0.00161
0.00159
0.00157
0.00156
0.00155
0.00153
0.00152
0.00151
0.00151
0.0015
0.0015
0.0015
0.0015
0.0015
0.00151
0.00151
0.00152
0.00153
0.00154
0.00155
0.00157
0.00158
0.0016
0.00161
0.00163
0.00164
0.00166
0.00167
0.00169
0.0017
0.00171
0.00172
0.00173
0.00172
0.00173
0.00172
0.00172
0.00171
0.00169
0.00167
0.00165
0.00163
0.0016
0.00157
0.00153
0.00149
0.00145
0.0014
0.00135
0.0013
0.00125
0.00118
0.00113
0.00106
0.001
0.00093
0.00086
0.00079
0.00072
0.00065
0.00058
0.0005
0.00043
0.00035
0.00028
0.0002
0.00013
5e-05
-2e-05
-9e-05
-0.00017
-0.00024
-0.00032
-0.00038
-0.00045
-0.00052
-0.00059
-0.00067
-0.00073
-0.0008
-0.00086
-0.00093
-0.00099
-0.00106
-0.00112
-0.00118
-0.00124
-0.0013
-0.00137
-0.00142
-0.00148
-0.00153
-0.00158
-0.00164
-0.00169
-0.00174
-0.00178
-0.00183
-0.00187
-0.00191
-0.00195
-0.00199
-0.00202
-0.00205
-0.00208
-0.00211
-0.00213
-0.00215
-0.00217
-0.00219
-0.0022
-0.00221
-0.00222
-0.00222
-0.00222
-0.00222
-0.00221
-0.00221
-0.00219
-0.00218
-0.00216
-0.00213
-0.00211
-0.00208
-0.00204
-0.00201
-0.00196
-0.00192
-0.00187
-0.00182
-0.00175
-0.0017
-0.00163
-0.00156
-0.00149
-0.00142
-0.00134
-0.00125
-0.00116
-0.00107
-0.00098
-0.00089
-0.00079
-0.00069
-0.00058
-0.00048
-0.00037
-0.00027
-0.00015
-4e-05
7e-05
0.00018
0.00029
0.0004
0.00051
0.00062
0.00073
0.00083
0.00093
0.00103
0.00113
0.00123
0.00132
0.00141
0.0015
0.00158
0.00166
0.00174
0.00181
0.00188
0.00194
0.002
0.00206
0.00211
0.00217
0.00221
0.00226
0.0023
0.00234
0.00237
0.00241
0.00244
0.00247
0.00249
0.00252
0.00255
0.00257
0.0026
0.00262
0.00264
0.00267
0.00269
0.00272
0.00274
0.00276
0.00278
0.00281
0.00284
0.00286
0.00289
0.00292
0.00294
0.00297
0.003
0.00303
0.00306
0.00309
0.00312
0.00315
0.00317
0.0032
0.00322
0.00325
0.00327
0.0033
0.00331
0.00333
0.00335
0.00337
0.00338
0.00339
0.0034
0.00341
0.00341
0.00342
0.00341
0.00341
0.0034
0.0034
0.00339
0.00338
0.00337
0.00335
0.00334
0.00333
0.00331
0.00329
0.00327
0.00325
0.00322
0.00321
0.00318
0.00316
0.00313
0.00311
0.00308
0.00305
0.00302
0.00299
0.00296
0.00293
0.0029
0.00287
0.00283
0.0028
0.00276
0.00272
0.00268
0.00264
0.00259
0.00256
0.00251
0.00246
0.00241
0.00236
0.0023
0.00225
0.00219
0.00214
0.00207
0.00202
0.00195
0.00189
0.00183
0.00176
0.0017
0.00164
0.00157
0.0015
0.00143
0.00137
0.0013
0.00124
0.00118
0.00112
0.00105
0.00099
0.00093
0.00088
0.00082
0.00077
0.00071
0.00066
0.00061
0.00056
0.00051
0.00047
0.00042
0.00038
0.00034
0.0003
0.00026
0.00022
0.00018
0.00015
0.00011
7e-05
3e-05
-0.0
-4e-05
-8e-05
-0.00012
-0.00016
-0.00019
-0.00023
-0.00027
-0.00031
-0.00035
-0.00039
-0.00044
-0.00047
-0.00052
-0.00056
-0.00061
-0.00065
-0.0007
-0.00075
-0.0008
-0.00085
-0.0009
-0.00095
-0.001
-0.00104
-0.0011
-0.00115
-0.0012
-0.00125
-0.0013
-0.00134
-0.0014
-0.00144
-0.00149
-0.00154
-0.00158
-0.00163
-0.00167
-0.00171
-0.00175
-0.00178
-0.00182
-0.00186
-0.00189
-0.00191
-0.00195
-0.00197
-0.002
-0.00201
-0.00203
-0.00205
-0.00206
-0.00208
-0.00208
-0.00209
-0.00209
-0.00208
-0.00209
-0.00207
-0.00207
-0.00205
-0.00204
-0.00202
-0.002
-0.00197
-0.00195
-0.00191
-0.00188
-0.00185
-0.00181
-0.00176
-0.00172
-0.00166
-0.00162
-0.00156
-0.0015
-0.00144
-0.00138
-0.0013
-0.00124
-0.00116
-0.00108
-0.00101
-0.00093
-0.00084
-0.00076
-0.00067
-0.00058
-0.00048
-0.0004
-0.0003
-0.00021
-0.00011
-2e-05
8e-05
0.00017
0.00027
0.00035
0.00044
0.00053
0.00062
0.0007
0.00078
0.00086
0.00094
0.00101
0.00108
0.00114
0.00121
0.00127
0.00133
0.00138
0.00143
0.00148
0.00152
0.00156
0.0016
0.00164
0.00167
0.00171
0.00174
0.00177
0.0018
0.00182
0.00186
0.00188
0.00191
0.00193
0.00196
0.00197
0.002
0.00202
0.00204
0.00206
0.00208
0.00209
0.00211
0.00212
0.00213
0.00213
0.00214
0.00214
0.00214
0.00212
0.00212
0.0021
0.00207
0.00204
0.00201
0.00197
0.00193
0.00188
0.00182
0.00175
0.00169
0.00162
0.00154
0.00145
0.00137
0.00127
0.00118
0.00108
0.00097
0.00087
0.00075
0.00065
0.00053
0.00042
0.0003
0.00018
7e-05
-5e-05
-0.00016
-0.00028
-0.00039
-0.00051
-0.00062
-0.00073
-0.00085
-0.00096
-0.00107
-0.00117
-0.00127
-0.00138
-0.00148
-0.00158
-0.00168
-0.00178
-0.00187
-0.00198
-0.00207
-0.00217
-0.00225
-0.00235
-0.00244
-0.00253
-0.00262
-0.0027
-0.00278
-0.00286
-0.00294
-0.00302
-0.00309
-0.00317
-0.00323
-0.0033
-0.00336
-0.00341
-0.00346
-0.00351
-0.00356
-0.00359
-0.00363
-0.00366
-0.00368
-0.0037
-0.00371
-0.00372
-0.00372
-0.00372
-0.0037
-0.00369
-0.00367
-0.00366
-0.00362
-0.0036
-0.00356
-0.00352
-0.00348
-0.00344
-0.00339
-0.00333
-0.00328
-0.00323
-0.00316
-0.0031
-0.00304
-0.00298
-0.00291
-0.00284
-0.00277
-0.0027
-0.00263
-0.00256
-0.00248
-0.00241
-0.00233
-0.00225
-0.00217
-0.00209
-0.00201
-0.00193
-0.00184
-0.00176
-0.00167
-0.00159
-0.00149
-0.00141
-0.00132
-0.00123
-0.00114
-0.00105
-0.00097
-0.00088
-0.00079
-0.00071
-0.00062
-0.00054
-0.00046
-0.00038
-0.0003
-0.00023
-0.00016
-9e-05
-3e-05
3e-05
9e-05
0.00015
0.0002
0.00025
0.00029
0.00033
0.00037
0.0004
0.00043
0.00045
0.00047
0.00049
0.00051
0.00052
0.00052
0.00053
0.00053
0.00052
0.00052
0.00051
0.00051
0.00049
0.00047
0.00045
0.00044
0.00041
0.00039
0.00035
0.00033
0.0003
0.00026
0.00022
0.00018
0.00015
0.00011
7e-05
3e-05
-2e-05
-7e-05
-0.00012
-0.00016
-0.00021
-0.00026
-0.00031
-0.00035
-0.0004
-0.00045
-0.0005
-0.00055
-0.00059
-0.00064
-0.00068
-0.00072
-0.00077
-0.00081
-0.00085
-0.00088
-0.00093
-0.00096
-0.001
-0.00102
-0.00106
-0.00108
-0.00111
-0.00114
-0.00116
-0.00118
-0.0012
-0.00122
-0.00124
-0.00125
-0.00127
-0.00127
-0.00129
-0.00129
-0.0013
-0.0013
-0.0013
-0.0013
-0.0013
-0.00129
-0.00128
-0.00127
-0.00126
-0.00124
-0.00123
-0.0012
-0.00118
-0.00115
-0.00113
-0.0011
-0.00107
-0.00103
-0.00099
-0.00096
-0.00092
-0.00088
-0.00083
-0.00078
-0.00074
-0.00069
-0.00065
-0.00059
-0.00055
-0.0005
-0.00045
-0.0004
-0.00035
-0.0003
-0.00026
-0.00021
-0.00016
-0.00012
-7e-05
-3e-05
2e-05
6e-05
0.0001
0.00014
0.00018
0.00023
0.00026
0.0003
0.00034
0.00038
0.00042
0.00046
0.00049
0.00053
0.00057
0.0006
0.00064
0.00068
0.00071
0.00075
0.00079
0.00083
0.00086
0.0009
0.00093
0.00097
0.00101
0.00105
0.00108
0.00111
0.00115
0.00119
0.00122
0.00126
0.00129
0.00133
0.00137
0.00141
0.00145
0.00149
0.00153
0.00158
0.00162
0.00166
0.00171
0.00175
0.00181
0.00186
0.00191
0.00197
0.00202
0.00209
0.00215
0.00221
0.00227
0.00234
0.00241
0.00248
0.00255
0.00261
0.00268
0.00275
0.00282
0.00289
0.00296
0.00303
0.00309
0.00315
0.00321
0.00328
0.00333
0.00338
0.00343
0.00349
0.00353
0.00357
0.00361
0.00365
0.00368
0.00371
0.00374
0.00376
0.00377
0.00379
0.0038
0.00382
0.00382
0.00382
0.00382
0.00382
0.00381
0.0038
0.00378
0.00376
0.00375
0.00373
0.0037
0.00368
0.00364
0.00362
0.00358
0.00355
0.00351
0.00347
0.00343
0.00339
0.00334
0.0033
0.00325
0.0032
0.00315
0.0031
0.00305
0.003
0.00294
0.0029
0.00284
0.00279
0.00273
0.00268
0.00263
0.00258
0.00252
0.00247
0.00241
0.00236
0.0023
0.00225
0.00219
0.00214
0.00208
0.00203
0.00197
0.00192
0.00185
0.0018
0.00174
0.00168
0.00162
0.00156
0.00149
0.00143
0.00137
0.00131
0.00124
0.00118
0.00111
0.00105
0.00099
0.00093
0.00087
0.00081
0.00075
0.00069
0.00064
0.00058
0.00053
0.00048
0.00043
0.00039
0.00035
0.00032
0.00028
0.00025
0.00022
0.0002
0.00017
0.00015
0.00013
0.00013
0.00011
0.00011
0.0001
0.0001
0.0001
0.00011
0.00011
0.00012
0.00013
0.00015
0.00016
0.00018
0.00019
0.00021
0.00023
0.00025
0.00027
0.0003
0.00032
0.00035
0.00038
0.00041
0.00043
0.00047
0.00049
0.00053
0.00056
0.0006
0.00063
0.00067
0.0007
0.00074
0.00077
0.00081
0.00085
0.00088
0.00092
0.00096
0.001
0.00104
0.00107
0.00111
0.00114
0.00118
0.00121
0.00124
0.00127
0.0013
0.00132
0.00135
0.00137
0.00139
0.00142
0.00144
0.00145
0.00147
0.00148
0.0015
0.00151
0.00152
0.00153
0.00154
0.00154
0.00155
0.00156
0.00156
0.00156
0.00156
0.00156
0.00156
0.00156
0.00156
0.00155
0.00156
0.00155
0.00155
0.00154
0.00153
0.00152
0.00152
0.00151
0.0015
0.00148
0.00147
0.00146
0.00145
0.00144
0.00142
0.0014
0.00139
0.00138
0.00136
0.00135
0.00133
0.00132
0.00131
0.00129
0.00128
0.00127
0.00126
0.00125
0.00124
0.00123
0.00123
0.00122
0.00122
0.00122
0.00123
0.00122
0.00123
0.00123
0.00125
0.00126
0.00127
0.00128
0.0013
0.00131
0.00133
0.00135
0.00138
0.0014
0.00143
0.00145
0.00148
0.00151
0.00154
0.00157
0.00161
0.00164
0.00167
0.00171
0.00175
0.00179
0.00183
0.00187
0.00192
0.00195
0.002
0.00205
0.0021
0.00214
0.00219
0.00224
0.00229
0.00234
0.00239
0.00244
0.00249
0.00254
0.00259
0.00264
0.0027
0.00274
0.00279
0.00284
0.00289
0.00293
0.00298
0.00302
0.00307
0.00311
0.00315
0.00318
0.00322
0.00325
0.00329
0.00332
0.00335
0.00337
0.00339
0.00341
0.00343
0.00345
0.00346
0.00347
0.00348
0.00349
0.00349
0.00349
0.00348
0.00348
0.00347
0.00346
0.00345
0.00342
0.0034
0.00337
0.00335
0.00331
0.00328
0.00323
0.00319
0.00314
0.00309
0.00303
0.00298
0.00291
0.00285
0.00278
0.00271
0.00263
0.00256
0.00248
0.0024
0.00231
0.00222
0.00213
0.00204
0.00195
0.00185
0.00176
0.00166
0.00156
0.00146
0.00136
0.00127
0.00116
0.00106
0.00096
0.00086
0.00076
0.00066
0.00056
0.00047
0.00037
0.00027
0.00017
7e-05
-2e-05
-0.00011
-0.0002
-0.00028
-0.00038
-0.00046
-0.00054
-0.00062
-0.0007
-0.00077
-0.00085
-0.00092
-0.00099
-0.00105
-0.00111
-0.00117
-0.00123
-0.00127
-0.00132
-0.00136
-0.00141
-0.00144
-0.00147
-0.00149
-0.00151
-0.00153
-0.00155
-0.00155
-0.00156
-0.00155
-0.00155
-0.00154
-0.00152
-0.0015
-0.00148
-0.00144
-0.00142
-0.00138
-0.00134
-0.00129
-0.00124
-0.00119
-0.00114
-0.00107
-0.00101
-0.00095
-0.00088
-0.00081
-0.00074
-0.00066
-0.00059
-0.00051
-0.00043
-0.00035
-0.00027
-0.00019
-0.00011
-3e-05
5e-05
0.00014
0.00021
0.00029
0.00037
0.00044
0.00052
0.0006
0.00067
0.00074
0.00081
0.00088
0.00094
0.001
0.00106
0.00113
0.00118
0.00124
0.00129
0.00135
0.0014
0.00144
0.00149
0.00154
0.00159
0.00164
0.00168
0.00173
0.00177
0.00182
0.00187
0.00191
0.00196
0.00201
0.00206
0.00211
0.00216
0.00221
0.00226
0.00232
0.00237
0.00243
0.00249
0.00255
0.00261
0.00267
0.00273
0.00279
0.00285
0.00292
0.00299
0.00305
0.00311
0.00318
0.00324
0.00331
0.00338
0.00344
0.0035
0.00357
0.00363
0.0037
0.00376
0.00383
0.00388
0.00395
0.00401
0.00408
0.00414
0.0042
0.00426
0.00433
0.00439
0.00446
0.00451
0.00458
0.00464
0.00471
0.00477
0.00483
0.00489
0.00496
0.00501
0.00507
0.00513
0.00518
0.00524
0.00529
0.00534
0.00538
0.00542
0.00546
0.0055
0.00553
0.00555
0.00558
0.00559
0.00561
0.00562
0.00562
0.00561
0.0056
0.00559
0.00557
0.00555
0.00552
0.00548
0.00545
0.0054
0.00536
0.0053
0.00524
0.00518
0.00512
0.00504
0.00497
0.00489
0.00481
0.00473
0.00465
0.00456
0.00447
0.00437
0.00428
0.00418
0.00409
0.00399
0.00389
0.00378
0.00368
0.00357
0.00346
0.00335
0.00323
0.00312
0.003
0.00289
0.00277
0.00264
0.00253
0.0024
0.00228
0.00215
0.00203
0.0019
0.00178
0.00166
0.00153
0.0014
0.00127
0.00115
0.00103
0.00091
0.00078
0.00066
0.00054
0.00042
0.00031
0.00019
8e-05
-4e-05
-0.00014
-0.00025
-0.00036
-0.00046
-0.00057
-0.00067
-0.00077
-0.00086
-0.00096
-0.00106
-0.00115
-0.00125
-0.00134
-0.00143
-0.00152
-0.00161
-0.0017
-0.00179
-0.00188
-0.00197
-0.00205
-0.00214
-0.00222
-0.0023
-0.00238
-0.00247
-0.00254
-0.00262
-0.00269
-0.00277
-0.00284
-0.00291
-0.00297
-0.00303
-0.00309
-0.00315
-0.00321
-0.00325
-0.0033
-0.00334
-0.00338
-0.00342
-0.00345
-0.00348
-0.0035
-0.00352
-0.00353
-0.00355
-0.00355
-0.00356
-0.00356
-0.00356
-0.00356
-0.00355
-0.00354
-0.00353
-0.00351
-0.0035
-0.00347
-0.00345
-0.00343
-0.00341
-0.00338
-0.00335
-0.00332
-0.00329
-0.00326
-0.00323
-0.00319
-0.00316
-0.00312
-0.00308
-0.00304
-0.00301
-0.00296
-0.00292
-0.00288
-0.00284
-0.00279
-0.00275
-0.00269
-0.00265
-0.0026
-0.00255
-0.00249
-0.00244
-0.00239
-0.00233
-0.00227
-0.00222
-0.00216
-0.0021
-0.00204
-0.00198
-0.00192
-0.00186
-0.00179
-0.00174
-0.00168
-0.00162
-0.00156
-0.0015
-0.00144
-0.00138
-0.00132
-0.00127
-0.00121
-0.00116
-0.0011
-0.00106
-0.001
-0.00096
-0.0009
-0.00086
-0.00081
-0.00077
-0.00072
-0.00068
-0.00063
-0.00059
-0.00055
-0.00051
-0.00047
-0.00043
-0.00038
