1.86515196385876E+03

-0.00182
-0.00188
-0.00192
-0.00198
-0.00202
-0.00206
-0.0021
-0.00214
-0.00218
-0.00221
-0.00224
-0.00227
-0.00229
-0.00232
-0.00234
-0.00236
-0.00238
-0.0024
-0.00241
-0.00243
-0.00243
-0.00244
-0.00245
-0.00246
-0.00246
-0.00246
-0.00245
-0.00245
-0.00244
-0.00243
-0.00241
-0.00239
-0.00236
-0.00234
-0.00231
-0.00228
-0.00223
-0.00219
-0.00215
-0.0021
-0.00204
-0.00198
-0.00192
-0.00185
-0.00178
-0.00171
-0.00163
-0.00155
-0.00147
-0.00139
-0.0013
-0.00121
-0.00112
-0.00103
-0.00093
-0.00084
-0.00075
-0.00065
-0.00056
-0.00046
-0.00037
-0.00028
-0.00018
-0.0001
-0.0
8e-05
0.00017
0.00026
0.00035
0.00043
0.00051
0.00059
0.00067
0.00075
0.00083
0.00091
0.00099
0.00106
0.00114
0.00122
0.0013
0.00137
0.00145
0.00152
0.0016
0.00167
0.00175
0.00182
0.0019
0.00197
0.00205
0.00213
0.00221
0.00228
0.00236
0.00243
0.0025
0.00257
0.00265
0.00271
0.00279
0.00285
0.00292
0.00299
0.00305
0.00311
0.00317
0.00323
0.00329
0.00333
0.00339
0.00343
0.00349
0.00353
0.00357
0.00361
0.00365
0.00369
0.00373
0.00376
0.00379
0.00382
0.00385
0.00387
0.0039
0.00392
0.00395
0.00396
0.00398
0.004
0.00401
0.00402
0.00404
0.00404
0.00405
0.00405
0.00405
0.00405
0.00405
0.00404
0.00404
0.00402
0.004
0.00398
0.00396
0.00393
0.00391
0.00387
0.00383
0.00379
0.00375
0.00369
0.00364
0.00359
0.00353
0.00347
0.00341
0.00333
0.00327
0.00319
0.00312
0.00304
0.00296
0.00287
0.0028
0.00271
0.00262
0.00254
0.00245
0.00236
0.00228
0.00219
0.0021
0.00201
0.00192
0.00183
0.00175
0.00166
0.00158
0.00149
0.0014
0.00132
0.00123
0.00115
0.00107
0.00099
0.00091
0.00082
0.00075
0.00066
0.00059
0.00051
0.00044
0.00036
0.00029
0.00022
0.00015
8e-05
1e-05
-5e-05
-0.00012
-0.00018
-0.00023
-0.00029
-0.00035
-0.0004
-0.00045
-0.0005
-0.00054
-0.00059
-0.00063
-0.00067
-0.00071
-0.00074
-0.00077
-0.00081
-0.00084
-0.00086
-0.00088
-0.00091
-0.00092
-0.00095
-0.00096
-0.00098
-0.00099
-0.00101
-0.00102
-0.00104
-0.00104
-0.00106
-0.00107
-0.00108
-0.00109
-0.0011
-0.0011
-0.00111
-0.00112
-0.00113
-0.00113
-0.00114
-0.00115
-0.00116
-0.00116
-0.00117
-0.00117
-0.00118
-0.00119
-0.00119
-0.0012
-0.0012
-0.0012
-0.0012
-0.0012
-0.00121
-0.00121
-0.00121
-0.00121
-0.00121
-0.0012
-0.00121
-0.0012
-0.0012
-0.00119
-0.00118
-0.00118
-0.00117
-0.00116
-0.00114
-0.00113
-0.00112
-0.00111
-0.0011
-0.00108
-0.00107
-0.00105
-0.00104
-0.00102
-0.00101
-0.00099
-0.00098
-0.00097
-0.00096
-0.00094
-0.00093
-0.00092
-0.00091
-0.0009
-0.00089
-0.00088
-0.00088
-0.00087
-0.00087
-0.00086
-0.00086
-0.00086
-0.00086
-0.00086
-0.00086
-0.00086
-0.00087
-0.00087
-0.00087
-0.00087
-0.00088
-0.00088
-0.00089
-0.00089
-0.0009
-0.00089
-0.0009
-0.0009
-0.00091
-0.00092
-0.00092
-0.00092
-0.00093
-0.00093
-0.00094
-0.00094
-0.00095
-0.00096
-0.00097
-0.00098
-0.00099
-0.001
-0.00102
-0.00103
-0.00105
-0.00106
-0.00108
-0.0011
-0.00112
-0.00113
-0.00116
-0.00117
-0.00119
-0.00121
-0.00123
-0.00124
-0.00126
-0.00127
-0.00129
-0.0013
-0.00131
-0.00131
-0.00131
-0.00131
-0.00131
-0.0013
-0.00129
-0.00127
-0.00125
-0.00123
-0.0012
-0.00117
-0.00114
-0.0011
-0.00106
-0.00102
-0.00098
-0.00093
-0.00087
-0.00082
-0.00076
-0.0007
-0.00065
-0.00059
-0.00053
-0.00046
-0.00041
-0.00034
-0.00029
-0.00022
-0.00016
-0.0001
-5e-05
1e-05
6e-05
0.00012
0.00017
0.00023
0.00027
0.00033
0.00037
0.00042
0.00047
0.00051
0.00055
0.0006
0.00064
0.00069
0.00073
0.00077
0.00081
0.00085
0.00089
0.00093
0.00096
0.001
0.00104
0.00108
0.00111
0.00114
0.00117
0.00121
0.00124
0.00127
0.00129
0.00132
0.00135
0.00137
0.0014
0.00142
0.00144
0.00146
0.00147
0.00149
0.0015
0.00152
0.00153
0.00154
0.00155
0.00156
0.00156
0.00157
0.00158
0.00158
0.00159
0.0016
0.00159
0.0016
0.0016
0.00161
0.0016
0.00161
0.0016
0.0016
0.0016
0.0016
0.00159
0.00158
0.00158
0.00157
0.00156
0.00155
0.00154
0.00153
0.00151
0.0015
0.00148
0.00146
0.00144
0.00142
0.0014
0.00138
0.00135
0.00133
0.00131
0.00128
0.00126
0.00124
0.00121
0.0012
0.00117
0.00116
0.00114
0.00113
0.00111
0.0011
0.00109
0.00108
0.00107
0.00107
0.00107
0.00107
0.00107
0.00108
0.00108
0.00109
0.0011
0.00111
0.00112
0.00114
0.00115
0.00117
0.00118
0.0012
0.00122
0.00123
0.00125
0.00127
0.00129
0.00131
0.00133
0.00135
0.00137
0.0014
0.00141
0.00144
0.00145
0.00148
0.00149
0.00152
0.00153
0.00156
0.00158
0.0016
0.00162
0.00164
0.00166
0.00168
0.0017
0.00172
0.00174
0.00176
0.00177
0.00179
0.0018
0.00182
0.00183
0.00184
0.00185
0.00185
0.00186
0.00186
0.00186
0.00186
0.00185
0.00184
0.00183
0.00182
0.0018
0.00179
0.00176
0.00174
0.00172
0.00169
0.00166
0.00163
0.0016
0.00156
0.00152
0.00149
0.00145
0.00141
0.00137
0.00133
0.00128
0.00124
0.00119
0.00115
0.0011
0.00106
0.00101
0.00097
0.00092
0.00088
0.00083
0.00079
0.00075
0.00071
0.00067
0.00063
0.00059
0.00056
0.00052
0.00049
0.00046
0.00043
0.0004
0.00038
0.00036
0.00034
0.00032
0.00031
0.0003
0.0003
0.00029
0.00029
0.00029
0.0003
0.00031
0.00033
0.00035
0.00037
0.00039
0.00043
0.00046
0.0005
0.00053
0.00058
0.00063
0.00068
0.00073
0.00079
0.00085
0.00091
0.00098
0.00104
0.00111
0.00118
0.00126
0.00134
0.00141
0.00149
0.00157
0.00166
0.00173
0.00182
0.0019
0.00199
0.00207
0.00216
0.00224
0.00232
0.0024
0.00248
0.00255
0.00263
0.00271
0.00278
0.00285
0.00292
0.00298
0.00304
0.00309
0.00315
0.00319
0.00324
0.00328
0.00332
0.00335
0.00337
0.0034
0.00342
0.00343
0.00345
0.00345
0.00346
0.00345
0.00345
0.00344
0.00343
0.00342
0.0034
0.00338
0.00336
0.00334
0.00331
0.00329
0.00326
0.00323
0.0032
0.00317
0.00314
0.00311
0.00308
0.00305
0.00302
0.00298
0.00295
0.00292
0.00289
0.00286
0.00282
0.0028
0.00277
0.00273
0.00271
0.00267
0.00264
0.00261
0.00258
0.00254
0.00251
0.00248
0.00245
0.00241
0.00237
0.00234
0.0023
0.00227
0.00223
0.00219
0.00216
0.00211
0.00208
0.00204
0.002
0.00196
0.00192
0.00188
0.00184
0.0018
0.00176
0.00172
0.00168
0.00164
0.0016
0.00156
0.00153
0.00148
0.00145
0.00141
0.00138
0.00134
0.00131
0.00127
0.00124
0.00121
0.00118
0.00114
0.00111
0.00108
0.00105
0.00103
0.001
0.00097
0.00095
0.00092
0.0009
0.00087
0.00085
0.00083
0.00081
0.00079
0.00077
0.00075
0.00073
0.00071
0.0007
0.00068
0.00067
0.00065
0.00064
0.00063
0.00062
0.00061
0.0006
0.00059
0.00058
0.00058
0.00057
0.00057
0.00056
0.00056
0.00057
0.00057
0.00057
0.00058
0.00059
0.00059
0.00061
0.00062
0.00063
0.00065
0.00066
0.00068
0.0007
0.00073
0.00075
0.00078
0.00081
0.00084
0.00087
0.0009
0.00094
0.00098
0.00102
0.00105
0.00109
0.00113
0.00118
0.00122
0.00126
0.0013
0.00134
0.00139
0.00143
0.00147
0.00152
0.00156
0.0016
0.00164
0.00168
0.00172
0.00176
0.00179
0.00183
0.00187
0.0019
0.00193
0.00196
0.002
0.00203
0.00206
0.0021
0.00213
0.00216
0.00219
0.00223
0.00226
0.00229
0.00233
0.00237
0.00241
0.00244
0.00249
0.00253
0.00258
0.00263
0.00268
0.00274
0.00279
0.00285
0.00292
0.00299
0.00306
0.00313
0.00321
0.0033
0.00338
0.00347
0.00357
0.00367
0.00378
0.0039
0.00401
0.00414
0.00427
0.0044
0.00454
0.0047
0.00485
0.00502
0.00519
0.00537
0.00557
0.00576
0.00597
0.00619
0.00643
0.00667
0.00693
0.0072
0.00748
0.00777
0.00808
0.0084
0.00874
0.00909
0.00946
0.00984
0.01024
0.01066
0.01109
0.01154
0.012
0.01249
0.01299
0.0135
0.01403
0.01458
0.01515
0.01573
0.01633
0.01694
0.01756
0.01821
0.01886
0.01953
0.02021
0.0209
0.02161
0.02233
0.02306
0.02381
0.02456
0.02532
0.02609
0.02687
0.02767
0.02846
0.02927
0.03009
0.03091
0.03174
0.03258
0.03342
0.03427
0.03513
0.03599
0.03685
0.03773
0.0386
0.03948
0.04037
0.04126
0.04215
0.04304
0.04394
0.04484
0.04574
0.04664
0.04755
0.04845
0.04935
0.05025
0.05115
0.05204
0.05293
0.05382
0.05471
0.05559
0.05646
0.05732
0.05819
0.05904
0.05988
0.06072
0.06154
0.06236
0.06316
0.06396
0.06474
0.06551
0.06627
0.06702
0.06775
0.06848
0.06918
0.06987
0.07056
0.07122
0.07188
0.07251
0.07314
0.07375
0.07434
0.07492
0.07548
0.07603
0.07657
0.07708
0.07759
0.07808
0.07855
0.07901
0.07946
0.07989
0.08031
0.08071
0.0811
0.08147
0.08182
0.08217
0.08249
0.08281
0.08311
0.08339
0.08367
0.08393
0.08417
0.0844
0.08462
0.08482
0.08501
0.08519
0.08536
0.08551
0.08565
0.08577
0.08588
0.08599
0.08607
0.08615
0.08621
0.08626
0.0863
0.08633
0.08634
0.08635
0.08634
0.08632
0.08628
0.08624
0.08618
0.0861
0.08602
0.08593
0.08582
0.0857
0.08557
0.08543
0.08527
0.0851
0.08492
0.08473
0.08453
0.08432
0.08409
0.08385
0.08361
0.08334
0.08307
0.0828
0.0825
0.0822
0.08189
0.08157
0.08125
0.08091
0.08057
0.08021
0.07986
0.07949
0.07912
0.07874
0.07836
0.07797
0.07758
0.07718
0.07677
0.07637
0.07596
0.07555
0.07514
0.07472
0.0743
0.07388
0.07347
0.07305
0.07263
0.0722
0.07178
0.07136
0.07093
0.07051
0.07009
0.06967
0.06924
0.06882
0.0684
0.06799
0.06757
0.06714
0.06673
0.06631
0.0659
0.06548
0.06506
0.06465
0.06423
0.06382
0.06341
0.063
0.06259
0.06218
0.06177
0.06137
0.06096
0.06056
0.06016
0.05975
0.05936
0.05896
0.05856
0.05817
0.05777
0.05738
0.05699
0.05661
0.05622
0.05584
0.05546
0.05509
0.05471
0.05434
0.05397
0.0536
0.05324
0.05287
0.05251
0.05215
0.0518
0.05144
0.05109
0.05075
0.0504
0.05006
0.04972
0.04939
0.04906
0.04873
0.0484
0.04808
0.04776
0.04744
0.04712
0.04681
0.04651
0.0462
0.0459
0.0456
0.04531
0.04502
0.04473
0.04445
0.04417
0.04389
0.04362
0.04335
0.04309
0.04282
0.04256
0.0423
0.04205
0.04179
0.04154
0.04129
0.04105
0.0408
0.04056
0.04032
0.04008
0.03983
0.0396
0.03936
0.03912
0.03889
0.03865
0.03842
0.03818
0.03795
0.03771
0.03748
0.03724
0.03701
0.03678
0.03654
0.03631
0.03608
0.03585
0.03561
0.03538
0.03514
0.03491
0.03468
0.03444
0.03421
0.03398
0.03374
0.03351
0.03327
0.03304
0.0328
0.03257
0.03233
0.0321
0.03186
0.03162
0.03138
0.03114
0.0309
0.03066
0.03042
0.03018
0.02993
0.02969
0.02944
0.0292
0.02895
0.02871
0.02846
0.02821
0.02796
0.02771
0.02747
0.02722
0.02697
0.02672
0.02647
0.02623
0.02598
0.02573
0.02548
0.02523
0.02499
0.02474
0.02449
0.02424
0.024
0.02375
0.0235
0.02326
0.02301
0.02276
0.02252
0.02227
0.02203
0.02178
0.02153
0.02129
0.02104
0.02079
0.02055
0.0203
0.02006
0.01981
0.01956
0.01932
0.01908
0.01883
0.01859
0.01835
0.01811
0.01787
0.01763
0.01739
0.01715
0.01692
0.01669
0.01646
0.01622
0.016
0.01577
0.01555
0.01533
0.01511
0.01489
0.01468
0.01447
0.01426
0.01405
0.01384
0.01364
0.01344
0.01325
0.01305
0.01286
0.01267
0.01249
0.01231
0.01213
0.01196
0.01178
0.01161
0.01145
0.01129
0.01112
0.01097
0.01082
0.01067
0.01052
0.01038
0.01024
0.01011
0.00998
0.00985
0.00973
0.0096
0.00948
0.00937
0.00926
0.00916
0.00905
0.00895
0.00885
0.00876
0.00867
0.00858
0.0085
0.00841
0.00834
0.00827
0.0082
0.00814
0.00807
0.00802
0.00796
0.00791
0.00786
0.00783
0.00779
0.00776
0.00773
0.0077
0.00768
0.00767
0.00766
0.00765
0.00766
0.00766
0.00766
0.00768
0.00769
0.00772
0.00774
0.00777
0.0078
0.00784
0.00787
0.00791
0.00796
0.008
0.00805
0.0081
0.00815
0.0082
0.00825
0.00831
0.00836
0.00842
0.00847
0.00853
0.00859
0.00864
0.0087
0.00876
0.00881
0.00887
0.00893
0.00898
0.00904
0.0091
0.00915
0.00922
0.00927
0.00934
0.00939
0.00946
0.00952
0.00958
0.00964
0.00971
0.00977
0.00984
0.0099
0.00997
0.01004
0.01011
0.01017
0.01024
0.0103
0.01036
0.01042
0.01048
0.01053
0.01059
0.01064
0.01069
0.01073
0.01077
0.0108
0.01084
0.01086
0.01088
0.01089
0.01091
0.01091
0.01091
0.0109
0.01089
0.01087
0.01085
0.01083
0.01079
0.01075
0.01071
0.01067
0.01062
0.01056
0.01051
0.01044
0.01038
0.01031
0.01024
0.01016
0.01009
0.01
0.00992
0.00983
0.00974
0.00965
0.00955
0.00945
0.00935
0.00925
0.00914
0.00903
0.00892
0.0088
0.00868
0.00855
0.00843
0.0083
0.00817
0.00803
0.00789
0.00775
0.00761
0.00747
0.00732
0.00718
0.00703
0.00688
0.00674
0.00659
0.00645
0.0063
0.00616
0.00602
0.00588
0.00575
0.00562
0.00549
0.00537
0.00525
0.00514
0.00502
0.00492
0.00481
0.00472
0.00462
0.00453
0.00444
0.00436
0.00427
0.00419
0.00411
0.00404
0.00396
0.00388
0.00381
0.00373
0.00366
0.00358
0.0035
0.00343
0.00334
0.00327
0.00318
0.0031
0.00302
0.00294
0.00285
0.00277
0.00268
0.0026
0.00252
0.00244
0.00236
0.00229
0.00221
0.00214
0.00207
0.00202
0.00195
0.0019
0.00185
0.00181
0.00177
0.00173
0.0017
0.00167
0.00165
0.00164
0.00162
0.00162
0.00161
0.0016
0.0016
0.0016
0.0016
0.0016
0.0016
0.0016
0.0016
0.00159
0.00158
0.00157
0.00156
0.00155
0.00153
0.0015
0.00147
0.00144
0.0014
0.00136
0.00131
0.00126
0.0012
0.00114
0.00108
0.00101
0.00094
0.00086
0.00079
0.00072
0.00064
0.00056
0.00048
0.00041
0.00033
0.00025
0.00017
0.00011
3e-05
-3e-05
-0.0001
-0.00016
-0.00022
-0.00028
-0.00033
-0.00038
-0.00042
-0.00046
-0.0005
-0.00053
-0.00055
-0.00057
-0.0006
-0.00061
-0.00063
-0.00063
-0.00063
-0.00063
-0.00063
-0.00062
-0.00061
-0.00059
-0.00057
-0.00054
-0.00052
-0.00049
-0.00045
-0.00041
-0.00038
-0.00033
-0.00029
-0.00023
-0.00019
-0.00013
-7e-05
-1e-05
5e-05
0.00011
0.00018
0.00025
0.00032
0.00039
0.00046
0.00054
0.00061
0.00069
0.00076
0.00084
0.00091
0.00099
0.00106
0.00114
0.00121
0.00129
0.00136
0.00143
0.0015
0.00157
0.00163
0.0017
0.00176
0.00182
0.00188
0.00194
0.00199
0.00204
0.00209
0.00214
0.00218
0.00223
0.00227
0.00231
0.00234
0.00238
0.00241
0.00244
0.00246
0.00249
0.00251
0.00253
0.00255
0.00256
0.00257
0.00258
0.00259
0.0026
0.00261
0.00261
0.00261
0.00261
0.00261
0.00261
0.0026
0.00259
0.00258
0.00257
0.00255
0.00253
0.00251
0.00249
0.00247
0.00245
0.00242
0.0024
0.00236
0.00233
0.0023
0.00227
0.00223
0.00219
0.00214
0.0021
0.00206
0.00201
0.00196
0.00191
0.00185
0.0018
0.00175
0.00169
0.00162
0.00157
0.0015
0.00144
0.00137
0.00131
0.00124
0.00118
0.00111
0.00104
0.00097
0.0009
0.00083
0.00077
0.0007
0.00064
0.00056
0.0005
0.00044
0.00038
0.00031
0.00025
0.00019
0.00014
8e-05
3e-05
-2e-05
-8e-05
-0.00012
-0.00017
-0.00022
-0.00026
-0.00031
-0.00034
-0.00039
-0.00042
-0.00046
-0.0005
-0.00054
-0.00057
-0.00061
-0.00065
-0.00069
-0.00073
-0.00076
-0.0008
-0.00084
-0.00087
-0.00092
-0.00095
-0.00099
-0.00103
-0.00107
-0.00111
-0.00115
-0.00119
-0.00123
-0.00126
-0.0013
-0.00134
-0.00137
-0.0014
-0.00143
-0.00146
-0.00149
-0.00151
-0.00154
-0.00156
-0.00158
-0.00159
-0.00161
-0.00161
-0.00162
-0.00163
-0.00164
-0.00164
-0.00164
-0.00164
-0.00163
-0.00162
-0.00162
-0.00161
-0.00161
-0.0016
-0.00159
-0.00158
-0.00158
-0.00156
-0.00156
-0.00155
-0.00154
-0.00153
-0.00153
-0.00152
-0.00151
-0.0015
-0.00151
-0.0015
-0.00149
-0.00149
-0.00149
-0.00148
-0.00148
-0.00147
-0.00147
-0.00146
-0.00146
-0.00145
-0.00145
-0.00144
-0.00143
-0.00142
-0.00141
-0.0014
-0.00139
-0.00138
-0.00137
-0.00135
-0.00134
-0.00133
-0.00131
-0.0013
-0.00129
-0.00127
-0.00126
-0.00124
-0.00123
-0.00121
-0.0012
-0.00118
-0.00116
-0.00114
-0.00113
-0.0011
-0.00109
-0.00106
-0.00104
-0.00102
-0.001
-0.00097
-0.00094
-0.00091
-0.00088
-0.00084
-0.00081
-0.00076
-0.00072
-0.00068
-0.00063
-0.00058
-0.00053
-0.00047
-0.00041
-0.00035
-0.00029
-0.00023
-0.00016
-9e-05
-1e-05
6e-05
0.00013
0.00021
0.00029
0.00037
0.00045
0.00053
0.00061
0.0007
0.00078
0.00087
0.00095
0.00104
0.00113
0.00121
0.0013
0.00139
0.00147
0.00156
0.00165
0.00174
0.00182
0.00191
0.00199
0.00208
0.00216
0.00225
0.00233
0.00241
0.00249
0.00257
0.00265
0.00273
0.00279
0.00287
0.00293
0.00299
0.00305
0.00311
0.00315
0.0032
0.00324
0.00327
0.0033
0.00332
0.00334
0.00335
0.00335
0.00335
0.00333
0.00332
0.0033
0.00327
0.00323
0.00319
0.00314
0.00309
0.00303
0.00296
0.00289
0.00282
0.00274
0.00266
0.00257
0.00249
0.00239
0.0023
0.0022
0.0021
0.002
0.0019
0.0018
0.0017
0.00159
0.00149
0.00138
0.00128
0.00118
0.00108
0.00097
0.00087
0.00077
0.00067
0.00057
0.00048
0.00038
0.00029
0.00019
0.0001
1e-05
-8e-05
-0.00017
-0.00025
-0.00033
-0.00041
-0.0005
-0.00057
-0.00065
-0.00072
-0.0008
-0.00086
-0.00093
-0.00099
-0.00106
-0.00112
-0.00118
-0.00123
-0.00129
-0.00134
-0.00138
-0.00143
-0.00147
-0.00151
-0.00156
-0.00159
-0.00162
-0.00165
-0.00169
-0.00171
-0.00174
-0.00176
-0.00179
-0.00181
-0.00183
-0.00185
-0.00186
-0.00187
-0.00189
-0.0019
-0.00191
-0.00191
-0.00192
-0.00192
-0.00193
-0.00193
-0.00193
-0.00192
-0.00192
-0.00192
-0.00192
-0.00191
-0.0019
-0.00189
-0.00188
-0.00187
-0.00186
-0.00184
-0.00183
-0.00181
-0.0018
-0.00179
-0.00178
-0.00176
-0.00175
-0.00174
-0.00173
-0.00172
-0.0017
-0.00169
-0.00169
-0.00168
-0.00168
-0.00167
-0.00166
-0.00166
-0.00166
-0.00166
-0.00166
-0.00165
-0.00166
-0.00166
-0.00166
-0.00167
-0.00167
-0.00167
-0.00167
-0.00167
-0.00168
-0.00168
-0.00168
-0.00168
-0.00169
-0.00168
-0.00169
-0.00168
-0.00169
-0.00169
-0.00169
-0.00169
-0.00169
-0.00169
-0.00169
-0.00169
-0.00169
-0.00169
-0.0017
-0.0017
-0.00171
-0.00172
-0.00173
-0.00173
-0.00175
-0.00176
-0.00178
-0.00179
-0.00181
-0.00182
-0.00184
-0.00185
-0.00187
-0.00189
-0.00191
-0.00191
-0.00193
-0.00194
-0.00196
-0.00196
-0.00197
-0.00197
-0.00197
-0.00197
-0.00196
-0.00195
-0.00194
-0.00192
-0.00191
-0.00188
-0.00185
-0.00182
-0.00178
-0.00174
-0.0017
-0.00165
-0.0016
-0.00155
-0.00149
-0.00143
-0.00137
-0.0013
-0.00123
-0.00116
-0.00109
-0.00101
-0.00094
-0.00085
-0.00077
-0.00069
-0.00061
-0.00052
-0.00043
-0.00035
-0.00026
-0.00017
-8e-05
2e-05
0.00011
0.0002
0.00029
0.00038
0.00047
0.00057
0.00066
0.00076
0.00084
0.00094
0.00103
0.00111
0.0012
0.00129
0.00137
0.00145
0.00154
0.00162
0.00169
0.00177
0.00184
0.00192
0.00198
0.00205
0.00211
0.00218
0.00224
0.0023
0.00236
0.00241
0.00246
0.00252
0.00257
0.00262
0.00267
0.00272
0.00277
0.00282
0.00286
0.00291
0.00295
0.003
0.00305
0.00309
0.00314
0.00318
0.00323
0.00328
0.00332
0.00337
0.00341
0.00346
0.0035
0.00355
0.00358
0.00363
0.00367
0.00371
0.00375
0.00378
0.00382
0.00385
0.00389
0.00392
0.00395
0.00398
0.004
0.00403
0.00405
0.00408
0.00409
0.00411
0.00413
0.00414
0.00415
0.00416
0.00417
0.00418
0.00418
0.00418
0.00418
0.00418
0.00417
0.00417
0.00416
0.00415
0.00413
0.00412
0.00409
0.00408
0.00405
0.00402
0.00399
0.00396
0.00392
0.00388
0.00384
0.00379
0.00374
0.00369
0.00363
0.00357
0.0035
0.00344
0.00337
0.0033
0.00322
0.00314
0.00306
0.00297
0.00288
0.00279
0.0027
0.0026
0.0025
0.0024
0.00229
0.00219
0.00208
0.00197
0.00185
0.00174
0.00162
0.0015
0.00138
0.00126
0.00113
0.00101
0.00089
0.00076
0.00063
0.00051
0.00038
0.00025
0.00012
-1e-05
-0.00014
-0.00027
-0.0004
-0.00053
-0.00065
-0.00078
-0.00091
-0.00103
-0.00116
-0.00128
-0.0014
-0.00152
-0.00165
-0.00176
-0.00188
-0.002
-0.00212
-0.00223
-0.00235
-0.00246
-0.00257
-0.00269
-0.00279
-0.0029
-0.00301
-0.00311
-0.00323
-0.00333
-0.00343
-0.00353
-0.00364
-0.00373
-0.00383
-0.00393
-0.00402
-0.00411
-0.0042
-0.00429
-0.00437
-0.00445
-0.00453
-0.0046
-0.00467
-0.00473
-0.0048
-0.00485
-0.00491
-0.00496
-0.00501
-0.00505
-0.00509
-0.00512
-0.00515
-0.00518
-0.0052
-0.00522
-0.00523
-0.00524
-0.00525
-0.00525
-0.00526
-0.00525
-0.00525
-0.00524
-0.00523
-0.00521
-0.0052
-0.00518
-0.00517
-0.00515
-0.00512
-0.00509
-0.00507
-0.00504
-0.00501
-0.00498
-0.00495
-0.00491
-0.00488
-0.00484
-0.00481
-0.00476
-0.00473
-0.00469
-0.00464
-0.0046
-0.00455
-0.0045
-0.00445
-0.00439
-0.00434
-0.00428
-0.00422
-0.00416
-0.00409
-0.00402
-0.00396
-0.00388
-0.0038
-0.00372
-0.00363
-0.00354
-0.00345
-0.00335
-0.00325
-0.00314
-0.00303
-0.00291
-0.00279
-0.00266
-0.00254
-0.0024
-0.00227
-0.00212
-0.00197
-0.00182
-0.00166
-0.0015
-0.00134
-0.00117
-0.00099
-0.00082
-0.00064
-0.00046
-0.00028
-9e-05
0.0001
0.00029
0.00047
0.00067
0.00086
0.00105
0.00124
0.00143
0.00162
0.00181
0.002
0.00219
0.00237
0.00256
0.00274
0.00293
0.0031
0.00328
0.00345
0.00363
0.0038
0.00397
0.00413
0.00429
0.00446
0.00462
0.00477
0.00493
0.00507
0.00523
0.00537
0.00551
0.00565
0.00579
0.00592
0.00605
0.00617
0.0063
0.00642
0.00653
0.00664
0.00675
0.00685
0.00695
0.00704
0.00714
0.00722
0.00731
0.00738
0.00745
0.00752
0.00758
0.00764
0.00769
0.00774
0.00778
0.00782
0.00786
0.00789
0.00792
0.00793
0.00796
0.00797
0.00798
0.00799
0.00799
0.00799
0.008
0.00799
0.00798
0.00797
0.00796
0.00795
0.00794
0.00792
0.00791
0.00789
0.00788
0.00786
0.00784
0.00783
0.00781
0.00779
0.00779
0.00777
0.00776
0.00775
0.00774
0.00774
0.00773
0.00773
0.00773
0.00773
0.00774
0.00774
0.00775
0.00775
0.00776
0.00777
0.00778
0.00779
0.0078
0.00781
0.00782
0.00783
0.00783
0.00784
0.00784
0.00783
0.00783
0.00782
0.00782
0.0078
0.00778
0.00775
0.00773
0.00769
0.00766
0.00761
0.00756
0.00751
0.00746
0.0074
0.00733
0.00726
0.00718
0.0071
0.00702
0.00693
0.00685
0.00675
0.00667
0.00657
0.00647
0.00637
0.00627
0.00617
0.00607
0.00596
0.00586
0.00576
0.00565
0.00555
0.00545
0.00534
0.00524
0.00513
0.00502
0.00491
0.00481
0.0047
0.00458
0.00447
0.00436
0.00424
0.00413
0.004
0.00388
0.00375
0.00363
0.00349
0.00336
0.00322
0.00308
0.00294
0.00279
0.00264
0.00249
0.00234
0.00219
0.00203
0.00188
0.00171
0.00156
0.00139
0.00124
0.00107
0.00091
0.00075
0.0006
0.00044
0.00029
0.00013
-2e-05
-0.00017
-0.00031
-0.00045
-0.00059
-0.00073
-0.00086
-0.00099
-0.00112
-0.00124
-0.00136
-0.00148
-0.00159
-0.0017
-0.00181
-0.00191
-0.00201
-0.00211
-0.0022
-0.0023
-0.00238
-0.00248
-0.00256
-0.00264
-0.00272
-0.0028
-0.00288
-0.00296
-0.00302
-0.0031
-0.00317
-0.00324
-0.00331
-0.00337
-0.00343
-0.00349
-0.00355
-0.00361
-0.00367
-0.00372
-0.00377
-0.00382
-0.00387
-0.00392
-0.00395
-0.004
-0.00403
-0.00407
-0.0041
-0.00412
-0.00414
-0.00416
-0.00417
-0.00419
-0.00419
-0.0042
-0.00419
-0.00419
-0.00417
-0.00416
-0.00413
-0.00411
-0.00408
-0.00405
-0.00401
-0.00396
-0.00391
-0.00386
-0.00381
-0.00375
-0.00368
-0.00362
-0.00355
-0.00348
-0.00341
-0.00333
-0.00325
-0.00317
-0.00309
-0.00301
-0.00292
-0.00283
-0.00274
-0.00265
-0.00256
-0.00247
-0.00238
-0.00229
-0.00219
-0.0021
-0.002
-0.00191
-0.00181
-0.00171
-0.00161
-0.00152
-0.00142
-0.00133
-0.00123
-0.00113
-0.00103
-0.00094
-0.00084
-0.00075
-0.00065
-0.00056
-0.00047
-0.00038
-0.00029
-0.0002
-0.00012
-4e-05
4e-05
0.00012
0.0002
0.00027
0.00034
0.0004
0.00047
0.00052
0.00058
0.00063
0.00069
0.00073
0.00078
0.00082
0.00086
0.0009
0.00093
0.00097
0.001
0.00103
0.00107
0.00109
0.00112
0.00115
0.00118
0.0012
0.00123
0.00126
0.00129
0.00131
0.00134
0.00136
0.00139
0.00142
0.00145
0.00147
0.0015
0.00153
0.00155
0.00158
0.00161
0.00162
0.00165
0.00167
0.00169
0.00171
0.00173
0.00174
0.00175
0.00177
0.00178
0.00179
0.0018
0.0018
0.00181
0.00181
0.00181
0.00181
0.00181
0.00181
0.00181
0.0018
0.0018
0.0018
0.00179
0.00178
0.00178
0.00177
0.00177
0.00176
0.00176
0.00175
0.00175
0.00174
0.00174
0.00173
0.00173
0.00172
0.00171
0.00171
0.0017
0.00169
0.00168
0.00168
0.00167
0.00165
0.00165
0.00163
0.00162
0.0016
0.00159
0.00157
0.00155
0.00153
0.00151
0.00148
0.00145
0.00142
0.0014
0.00136
0.00133
0.00129
0.00126
0.00122
0.00118
0.00113
0.00109
0.00104
0.001
0.00095
0.0009
0.00085
0.00079
0.00074
0.00069
0.00063
0.00058
0.00052
0.00046
0.0004
0.00034
0.00028
0.00022
0.00016
0.0001
3e-05
-3e-05
-0.0001
-0.00016
-0.00023
-0.00029
-0.00036
-0.00042
-0.00049
-0.00056
-0.00063
-0.00069
-0.00077
-0.00084
-0.00091
-0.00098
-0.00105
-0.00112
-0.0012
-0.00127
-0.00134
-0.00142
-0.00149
-0.00156
-0.00164
-0.0017
-0.00178
-0.00185
-0.00192
-0.00199
-0.00206
-0.00212
-0.00219
-0.00225
-0.00232
-0.00238
-0.00244
-0.00249
-0.00255
-0.0026
-0.00266
-0.0027
-0.00275
-0.00279
-0.00284
-0.00288
-0.00292
-0.00296
-0.003
-0.00303
-0.00307
-0.0031
-0.00313
-0.00316
-0.00319
-0.00321
-0.00325
-0.00327
-0.0033
-0.00332
-0.00335
-0.00337
-0.0034
-0.00342
-0.00344
-0.00346
-0.00349
-0.00351
-0.00352
-0.00354
-0.00356
-0.00357
-0.00359
-0.0036
-0.00361
-0.00361
-0.00363
-0.00363
-0.00363
-0.00363
-0.00363
-0.00362
-0.00362
-0.00361
-0.00359
-0.00358
-0.00356
-0.00354
-0.00352
-0.00349
-0.00347
-0.00344
-0.00341
-0.00338
-0.00335
-0.00331
-0.00327
-0.00323
-0.0032
-0.00316
-0.00312
-0.00307
-0.00303
-0.00299
-0.00295
-0.0029
-0.00286
-0.00282
-0.00278
-0.00273
-0.00269
-0.00264
-0.00259
-0.00255
-0.0025
-0.00246
-0.0024
-0.00235
-0.0023
-0.00225
-0.0022
-0.00214
-0.00209
-0.00202
-0.00197
-0.0019
-0.00184
-0.00177
-0.00171
-0.00164
-0.00157
-0.0015
-0.00142
-0.00134
-0.00127
-0.00119
-0.00111
-0.00103
-0.00095
-0.00087
-0.00079
-0.00071
-0.00063
-0.00054
-0.00047
-0.00039
-0.00032
-0.00024
-0.00017
-9e-05
-2e-05
5e-05
0.00011
0.00018
0.00024
0.00031
0.00036
0.00042
0.00047
0.00053
0.00058
0.00063
0.00068
0.00072
0.00077
0.00081
0.00086
0.0009
0.00093
0.00097
0.00101
0.00105
0.00108
0.00112
0.00114
0.00118
0.00121
0.00124
0.00127
0.0013
0.00132
0.00135
0.00138
0.00141
0.00143
0.00145
0.00147
0.00149
0.00151
0.00153
0.00154
0.00156
0.00157
0.00159
0.00159
0.0016
0.00161
0.00162
0.00162
0.00163
0.00163
0.00163
0.00163
0.00163
0.00162
0.00162
0.00161
0.00161
0.00159
0.00158
0.00157
0.00156
0.00154
0.00153
0.00151
0.0015
0.00148
0.00146
0.00144
0.00142
0.0014
0.00138
0.00135
0.00133
0.00131
0.00128
0.00126
0.00123
0.00121
0.00118
0.00116
0.00113
0.0011
0.00108
0.00106
0.00104
0.00101
0.001
0.00097
0.00096
0.00094
0.00093
0.00091
0.0009
0.0009
0.00089
0.00089
0.00089
0.00089
0.00089
0.0009
0.00091
0.00092
0.00093
0.00094
0.00097
0.00098
0.001
0.00103
0.00105
0.00108
0.0011
0.00113
0.00116
0.00119
0.00122
0.00125
0.00128
0.00131
0.00134
0.00137
0.0014
0.00143
0.00146
0.00148
0.00151
0.00154
0.00157
0.0016
0.00163
0.00165
0.00168
0.00171
0.00174
0.00176
0.0018
0.00182
0.00186
0.00188
0.00192
0.00195
0.00198
0.00202
0.00205
0.00209
0.00213
0.00216
0.0022
0.00223
0.00227
0.0023
0.00234
0.00237
0.00242
0.00245
0.00248
0.00251
0.00254
0.00258
0.00261
0.00263
0.00267
0.00269
0.00272
0.00274
0.00277
0.00278
0.00281
0.00283
0.00285
0.00287
0.0029
0.00292
0.00294
0.00297
0.00299
0.00302
0.00305
0.00308
0.00311
0.00314
0.00317
0.0032
0.00324
0.00327
0.00331
0.00335
0.00338
0.00342
0.00346
0.00349
0.00353
0.00356
0.0036
0.00363
0.00366
0.00369
0.00373
0.00375
0.00378
0.0038
0.00383
0.00384
0.00387
0.00388
0.0039
0.00392
0.00394
0.00396
0.00397
0.00399
0.00401
0.00403
0.00405
0.00407
0.00409
0.00411
0.00414
0.00417
0.00419
0.00422
0.00425
0.00428
0.00432
0.00435
0.00438
0.00441
0.00444
0.00447
0.0045
0.00452
0.00455
0.00456
0.00458
0.00459
0.0046
0.00461
0.00461
0.0046
0.0046
0.00458
0.00457
0.00454
0.00452
0.00448
0.00445
0.00441
0.00437
0.00432
0.00427
0.00422
0.00416
0.0041
0.00405
0.00399
0.00393
0.00386
0.0038
0.00373
0.00367
0.00361
0.00354
0.00347
0.00341
0.00334
0.00328
0.00321
0.00314
0.00307
0.00299
0.00292
0.00285
0.00277
0.0027
0.00261
0.00254
0.00245
0.00237
0.00228
0.00219
0.00209
0.00201
0.00191
0.00181
0.00171
0.00162
0.00152
0.00142
0.00132
0.00123
0.00113
0.00104
0.00094
0.00085
0.00075
0.00066
0.00057
0.00049
0.0004
0.00032
0.00024
0.00015
8e-05
0.0
-7e-05
-0.00014
-0.00022
-0.00028
-0.00036
-0.00042
-0.00049
-0.00055
-0.00062
-0.00068
-0.00075
-0.00081
-0.00088
-0.00094
-0.001
-0.00106
-0.00112
-0.00118
-0.00124
-0.00129
-0.00135
-0.00139
-0.00145
-0.00149
-0.00154
-0.00158
-0.00162
-0.00165
-0.00169
-0.00172
-0.00174
-0.00176
-0.00178
-0.00179
-0.00181
-0.00182
-0.00183
-0.00183
-0.00184
-0.00183
-0.00183
-0.00182
-0.00182
-0.00181
-0.0018
-0.00179
-0.00178
-0.00177
-0.00175
-0.00173
-0.00172
-0.0017
-0.00169
-0.00167
-0.00165
-0.00163
-0.00161
-0.00158
-0.00156
-0.00154
-0.00151
-0.00149
-0.00146
-0.00143
-0.00139
-0.00136
-0.00133
-0.00129
-0.00125
-0.00121
-0.00117
-0.00113
-0.00109
-0.00104
-0.001
-0.00095
-0.00091
-0.00087
-0.00083
-0.00078
-0.00074
-0.0007
-0.00066
-0.00062
-0.00059
-0.00055
-0.00053
-0.00049
-0.00047
-0.00044
-0.00042
-0.0004
-0.00038
-0.00037
-0.00035
-0.00034
-0.00033
-0.00032
-0.00032
-0.0003
-0.0003
-0.00029
-0.00029
-0.00028
-0.00028
-0.00028
-0.00028
-0.00027
-0.00027
-0.00027
-0.00026
-0.00026
-0.00026
-0.00025
-0.00025
-0.00025
-0.00025
-0.00024
-0.00025
-0.00024
-0.00025
-0.00025
-0.00026
-0.00027
-0.00028
-0.00029
-0.0003
-0.00032
-0.00033
-0.00035
-0.00038
-0.0004
-0.00043
-0.00045
-0.00048
-0.00051
-0.00055
-0.00058
-0.00062
-0.00065
-0.00069
-0.00073
-0.00077
-0.00081
-0.00085
-0.00089
-0.00093
-0.00097
-0.00101
-0.00104
-0.00108
-0.00112
-0.00116
-0.00119
-0.00122
-0.00126
-0.00129
-0.00132
-0.00135
-0.00138
-0.00141
-0.00143
-0.00147
-0.00149
-0.00151
-0.00153
-0.00156
-0.00157
-0.00159
-0.0016
-0.00162
-0.00163
-0.00165
-0.00165
-0.00166
-0.00166
-0.00166
-0.00166
-0.00166
-0.00165
-0.00164
-0.00163
-0.00162
-0.0016
-0.00158
-0.00156
-0.00153
-0.00151
-0.00148
-0.00145
-0.00142
-0.00139
-0.00135
-0.00132
-0.00129
-0.00125
-0.00121
-0.00118
-0.00115
-0.00111
-0.00108
-0.00105
-0.00102
-0.00099
-0.00097
-0.00095
-0.00093
-0.00091
-0.0009
-0.00089
-0.00089
-0.00088
-0.00088
-0.00088
-0.00089
-0.0009
-0.00092
-0.00093
-0.00096
-0.00098
-0.00101
-0.00104
-0.00107
-0.00111
-0.00115
-0.00119
-0.00124
-0.00128
-0.00133
-0.00138
-0.00144
-0.00149
-0.00155
-0.0016
-0.00166
-0.00171
-0.00177
-0.00183
-0.00189
-0.00195
-0.002
-0.00206
-0.00212
-0.00217
-0.00223
-0.00228
-0.00234
-0.00239
-0.00245
-0.00249
-0.00255
-0.0026
-0.00265
-0.0027
-0.00275
-0.00279
-0.00284
-0.00288
-0.00293
-0.00297
-0.00301
-0.00305
-0.0031
-0.00313
-0.00317
-0.00321
-0.00324
-0.00328
-0.00331
-0.00334
-0.00337
-0.00339
-0.00341
-0.00342
-0.00344
-0.00345
-0.00346
-0.00346
-0.00346
-0.00345
-0.00344
-0.00341
-0.00339
-0.00336
-0.00332
-0.00328
-0.00323
-0.00317
-0.00311
-0.00304
-0.00297
-0.00289
-0.00281
-0.00272
-0.00263
-0.00253
-0.00243
-0.00232
-0.00221
-0.0021
-0.00198
-0.00187
-0.00174
-0.00162
-0.0015
-0.00137
-0.00125
-0.00112
-0.00099
-0.00086
-0.00073
-0.0006
-0.00047
-0.00034
-0.00021
-8e-05
5e-05
0.00018
0.00031
0.00044
0.00058
0.00071
0.00084
0.00097
0.0011
0.00124
0.00137
0.00151
0.00163
0.00177
0.0019
0.00203
0.00216
0.00229
0.00242
0.00255
0.00267
0.0028
0.00291
0.00303
0.00315
0.00326
0.00337
0.00348
0.00358
0.00368
0.00378
0.00387
0.00396
0.00405
0.00413
0.00421
0.00429
0.00436
0.00443
0.0045
0.00456
0.00462
0.00467
0.00473
0.00478
0.00484
0.00488
0.00492
0.00496
0.005
0.00504
0.00507
0.0051
0.00513
0.00515
0.00517
0.00518
0.0052
0.00521
0.00521
0.00521
0.00522
0.00521
0.00519
0.00518
0.00516
0.00513
0.0051
0.00507
0.00504
0.00499
0.00494
0.00489
0.00484
0.00478
0.00471
0.00464
0.00458
0.0045
0.00443
0.00434
0.00426
0.00418
0.00409
0.004
0.00391
0.00381
0.00372
0.00362
0.00353
0.00343
0.00333
0.00322
0.00313
0.00302
0.00292
0.00282
0.00271
0.00261
0.00251
0.00241
0.00231
0.0022
0.0021
0.002
0.0019
0.0018
0.0017
0.0016
0.00151
0.00141
0.00131
0.00122
0.00113
0.00104
0.00096
0.00087
0.00079
0.00071
0.00063
0.00056
0.00049
0.00042
0.00036
0.0003
0.00024
0.00019
0.00014
9e-05
5e-05
1e-05
-2e-05
-5e-05
-7e-05
-9e-05
-0.0001
-0.00012
-0.00012
-0.00012
-0.00012
-0.00011
-9e-05
-8e-05
-5e-05
-3e-05
0.0
4e-05
9e-05
0.00013
0.00018
0.00023
0.0003
0.00035
0.00043
0.00049
0.00056
0.00063
0.00072
0.00079
0.00087
0.00096
0.00104
0.00112
0.00121
0.00129
0.00138
0.00146
0.00155
0.00163
0.00171
0.00179
0.00187
0.00194
0.00202
0.00208
0.00215
0.00222
0.00228
0.00234
0.00239
0.00245
0.0025
0.00254
0.00259
0.00262
0.00266
0.00269
0.00273
0.00275
0.00278
0.00281
0.00282
0.00284
0.00285
0.00287
0.00288
0.00289
0.0029
0.0029
0.0029
0.0029
0.0029
0.00289
0.00288
0.00287
0.00286
0.00284
0.00282
0.0028
0.00278
0.00275
0.00272
0.00269
0.00266
0.00261
0.00258
0.00253
0.00248
0.00243
0.00238
0.00232
0.00227
0.0022
0.00214
0.00207
0.002
0.00193
0.00187
0.00179
0.00172
0.00164
0.00157
0.00149
0.00142
0.00133
0.00126
0.00118
0.00111
0.00103
0.00095
0.00088
0.0008
0.00073
0.00066
0.0006
0.00053
0.00046
0.0004
0.00034
0.00028
0.00022
0.00016
0.0001
6e-05
0.0
-5e-05
-0.0001
-0.00015
-0.0002
-0.00024
-0.00029
-0.00034
-0.00039
-0.00043
-0.00048
-0.00052
-0.00057
-0.00061
-0.00066
-0.0007
-0.00075
-0.0008
-0.00085
-0.0009
-0.00094
-0.00099
-0.00103
-0.00108
-0.00113
-0.00117
-0.00122
-0.00126
-0.00131
-0.00135
-0.00139
-0.00143
-0.00146
-0.0015
-0.00153
-0.00156
-0.00159
-0.00161
-0.00164
-0.00165
-0.00168
-0.00169
-0.0017
-0.00171
-0.00172
-0.00172
-0.00173
-0.00172
-0.00172
-0.00172
-0.00172
-0.00171
-0.00171
-0.0017
-0.00169
-0.00168
-0.00168
-0.00167
-0.00167
-0.00166
-0.00166
-0.00165
-0.00165
-0.00165
-0.00165
-0.00165
-0.00166
-0.00167
-0.00167
-0.00168
-0.00169
-0.00169
-0.00171
-0.00172
-0.00173
-0.00174
-0.00176
-0.00177
-0.00179
-0.0018
-0.00182
-0.00183
-0.00184
-0.00185
-0.00186
-0.00187
-0.00187
-0.00187
-0.00188
-0.00188
-0.00189
-0.00188
-0.00188
-0.00188
-0.00188
-0.00187
-0.00186
-0.00186
-0.00185
-0.00184
-0.00183
-0.00182
-0.00181
-0.00179
-0.00179
-0.00177
-0.00176
-0.00175
-0.00174
-0.00172
-0.00172
-0.0017
-0.00169
-0.00168
-0.00167
-0.00165
-0.00164
-0.00162
-0.00161
-0.00159
-0.00158
-0.00156
-0.00154
-0.00152
-0.0015
-0.00147
-0.00145
-0.00142
-0.0014
-0.00136
-0.00133
-0.0013
-0.00126
-0.00122
-0.00118
-0.00113
-0.00109
-0.00104
-0.00099
-0.00094
-0.00089
-0.00083
-0.00078
-0.00072
-0.00066
-0.0006
-0.00054
-0.00049
-0.00042
-0.00036
-0.0003
-0.00024
-0.00019
-0.00012
-7e-05
-1e-05
5e-05
0.00011
0.00016
0.00021
0.00026
0.00031
0.00036
0.00041
0.00046
0.00051
0.00055
0.0006
0.00063
0.00068
0.00071
0.00076
0.00079
0.00083
0.00086
0.00089
0.00092
0.00095
0.00098
0.00101
0.00103
0.00106
0.00108
0.0011
0.00112
0.00114
0.00115
0.00117
0.00117
0.00118
0.00119
0.00119
0.00119
0.00119
0.00118
0.00117
0.00116
0.00115
0.00113
0.00112
0.00109
0.00107
0.00103
0.00101
0.00097
0.00093
0.00089
0.00085
0.0008
0.00075
0.0007
0.00065
0.00059
0.00054
0.00048
0.00042
0.00035
0.00029
0.00022
0.00015
8e-05
1e-05
-6e-05
-0.00013
-0.00021
-0.00028
-0.00036
-0.00044
-0.00051
-0.00059
-0.00066
-0.00074
-0.00082
-0.00089
-0.00097
-0.00104
-0.00112
-0.00119
-0.00127
-0.00134
-0.00141
-0.00148
-0.00156
-0.00162
-0.00169
-0.00175
-0.00182
-0.00187
-0.00194
-0.00199
-0.00205
-0.0021
-0.00216
-0.00221
-0.00226
-0.0023
-0.00235
-0.00239
-0.00243
-0.00247
-0.00251
-0.00254
-0.00258
-0.00261
-0.00265
-0.00267
-0.0027
-0.00273
-0.00276
-0.00278
-0.00281
-0.00282
-0.00285
-0.00287
-0.00288
-0.0029
-0.00291
-0.00292
-0.00293
-0.00294
-0.00295
-0.00295
-0.00295
-0.00295
-0.00295
-0.00294
-0.00293
-0.00292
-0.00291
-0.0029
-0.00288
-0.00286
-0.00284
-0.00282
-0.00279
-0.00276
-0.00274
-0.00271
-0.00268
-0.00264
-0.00261
-0.00257
-0.00254
-0.0025
-0.00246
-0.00242
-0.00239
-0.00235
-0.0023
-0.00226
-0.00222
-0.00217
-0.00213
-0.00208
-0.00204
-0.00199
-0.00195
-0.0019
-0.00186
-0.0018
-0.00176
-0.00171
-0.00167
-0.00162
-0.00157
-0.00153
-0.00148
-0.00144
-0.0014
-0.00136
-0.00132
-0.00128
