5.78741983182216E+02

-0.00251
-0.00259
-0.00266
-0.00273
-0.00279
-0.00286
-0.00293
-0.003
-0.00307
-0.00314
-0.0032
-0.00327
-0.00333
-0.0034
-0.00346
-0.00353
-0.00358
-0.00365
-0.0037
-0.00376
-0.00381
-0.00387
-0.00392
-0.00397
-0.00401
-0.00406
-0.0041
-0.00413
-0.00417
-0.00421
-0.00424
-0.00427
-0.00429
-0.00432
-0.00434
-0.00436
-0.00437
-0.00439
-0.0044
-0.00441
-0.00442
-0.00442
-0.00443
-0.00443
-0.00442
-0.00443
-0.00442
-0.00441
-0.0044
-0.00439
-0.00438
-0.00437
-0.00434
-0.00433
-0.00431
-0.00429
-0.00427
-0.00425
-0.00422
-0.00419
-0.00416
-0.00414
-0.00411
-0.00408
-0.00405
-0.00402
-0.00399
-0.00396
-0.00393
-0.0039
-0.00387
-0.00385
-0.00382
-0.0038
-0.00377
-0.00375
-0.00373
-0.00372
-0.0037
-0.00369
-0.00367
-0.00367
-0.00366
-0.00366
-0.00365
-0.00365
-0.00365
-0.00366
-0.00367
-0.00367
-0.00368
-0.00368
-0.00369
-0.00371
-0.00372
-0.00373
-0.00374
-0.00376
-0.00377
-0.00378
-0.00379
-0.00381
-0.00382
-0.00383
-0.00384
-0.00385
-0.00385
-0.00386
-0.00386
-0.00387
-0.00388
-0.00388
-0.00388
-0.00389
-0.00388
-0.00389
-0.00388
-0.00388
-0.00388
-0.00388
-0.00388
-0.00387
-0.00386
-0.00385
-0.00384
-0.00384
-0.00382
-0.00381
-0.00379
-0.00377
-0.00375
-0.00373
-0.0037
-0.00368
-0.00365
-0.00362
-0.00358
-0.00354
-0.0035
-0.00345
-0.0034
-0.00336
-0.00329
-0.00324
-0.00317
-0.00311
-0.00304
-0.00297
-0.00289
-0.00281
-0.00273
-0.00265
-0.00257
-0.00248
-0.00239
-0.0023
-0.00221
-0.00212
-0.00202
-0.00193
-0.00183
-0.00174
-0.00164
-0.00155
-0.00144
-0.00135
-0.00125
-0.00116
-0.00106
-0.00097
-0.00087
-0.00077
-0.00067
-0.00058
-0.00048
-0.00039
-0.00029
-0.0002
-0.0001
-1e-05
0.0001
0.00019
0.00029
0.00039
0.00048
0.00058
0.00068
0.00078
0.00088
0.00097
0.00107
0.00117
0.00127
0.00135
0.00145
0.00153
0.00163
0.00171
0.0018
0.00187
0.00195
0.00203
0.0021
0.00217
0.00223
0.00229
0.00235
0.0024
0.00245
0.00249
0.00254
0.00257
0.00261
0.00264
0.00267
0.00269
0.00271
0.00273
0.00274
0.00276
0.00277
0.00277
0.00278
0.00278
0.00278
0.00278
0.00278
0.00277
0.00277
0.00276
0.00275
0.00274
0.00273
0.00272
0.00271
0.00269
0.00268
0.00266
0.00264
0.00262
0.00261
0.00258
0.00256
0.00253
0.00251
0.00249
0.00246
0.00243
0.0024
0.00237
0.00235
0.00232
0.00229
0.00225
0.00223
0.00219
0.00217
0.00213
0.0021
0.00207
0.00204
0.00201
0.00198
0.00195
0.00192
0.00189
0.00187
0.00184
0.00181
0.00178
0.00175
0.00172
0.0017
0.00167
0.00164
0.00161
0.00159
0.00155
0.00153
0.00149
0.00146
0.00143
0.0014
0.00136
0.00133
0.00129
0.00126
0.00122
0.00119
0.00114
0.00111
0.00107
0.00103
0.00099
0.00095
0.0009
0.00086
0.00082
0.00078
0.00073
0.00069
0.00064
0.0006
0.00055
0.00051
0.00045
0.0004
0.00035
0.0003
0.00024
0.00019
0.00013
6e-05
0.0
-6e-05
-0.00013
-0.0002
-0.00028
-0.00036
-0.00044
-0.00052
-0.00061
-0.0007
-0.0008
-0.00089
-0.00099
-0.00109
-0.0012
-0.00131
-0.00142
-0.00153
-0.00164
-0.00176
-0.00188
-0.002
-0.00212
-0.00223
-0.00236
-0.00248
-0.0026
-0.00271
-0.00284
-0.00295
-0.00307
-0.00319
-0.0033
-0.0034
-0.00351
-0.00361
-0.00372
-0.00382
-0.00392
-0.00401
-0.0041
-0.00419
-0.00428
-0.00436
-0.00444
-0.00452
-0.0046
-0.00467
-0.00474
-0.00481
-0.00487
-0.00493
-0.005
-0.00506
-0.00512
-0.00517
-0.00523
-0.00528
-0.00533
-0.00537
-0.00542
-0.00547
-0.00551
-0.00555
-0.00559
-0.00562
-0.00566
-0.00568
-0.00571
-0.00573
-0.00575
-0.00577
-0.00579
-0.00579
-0.0058
-0.0058
-0.0058
-0.0058
-0.00579
-0.00578
-0.00576
-0.00574
-0.00572
-0.00569
-0.00567
-0.00563
-0.0056
-0.00556
-0.00552
-0.00548
-0.00544
-0.00539
-0.00534
-0.00529
-0.00524
-0.00519
-0.00514
-0.00509
-0.00503
-0.00497
-0.00492
-0.00486
-0.00481
-0.00475
-0.0047
-0.00464
-0.00458
-0.00452
-0.00447
-0.00441
-0.00435
-0.00429
-0.00424
-0.00418
-0.00412
-0.00406
-0.00401
-0.00394
-0.00389
-0.00383
-0.00378
-0.00372
-0.00367
-0.00362
-0.00357
-0.00352
-0.00348
-0.00343
-0.00339
-0.00334
-0.0033
-0.00326
-0.00323
-0.0032
-0.00317
-0.00313
-0.00311
-0.00308
-0.00306
-0.00303
-0.00301
-0.00299
-0.00297
-0.00295
-0.00292
-0.0029
-0.00288
-0.00285
-0.00283
-0.00279
-0.00276
-0.00273
-0.0027
-0.00265
-0.00262
-0.00257
-0.00252
-0.00247
-0.00242
-0.00236
-0.0023
-0.00224
-0.00217
-0.0021
-0.00203
-0.00195
-0.00188
-0.0018
-0.00173
-0.00164
-0.00157
-0.00148
-0.0014
-0.00132
-0.00124
-0.00116
-0.00108
-0.00099
-0.00092
-0.00084
-0.00076
-0.00069
-0.00062
-0.00054
-0.00048
-0.00041
-0.00034
-0.00028
-0.00022
-0.00016
-0.0001
-5e-05
-0.0
5e-05
9e-05
0.00014
0.00017
0.00022
0.00025
0.00029
0.00031
0.00034
0.00036
0.00039
0.0004
0.00042
0.00043
0.00044
0.00045
0.00046
0.00046
0.00046
0.00046
0.00046
0.00045
0.00044
0.00043
0.00042
0.0004
0.00039
0.00037
0.00034
0.00032
0.0003
0.00027
0.00024
0.00021
0.00019
0.00015
0.00012
8e-05
4e-05
0.0
-4e-05
-8e-05
-0.00012
-0.00017
-0.00021
-0.00026
-0.00031
-0.00036
-0.0004
-0.00045
-0.0005
-0.00055
-0.00059
-0.00064
-0.00068
-0.00072
-0.00076
-0.00081
-0.00084
-0.00087
-0.0009
-0.00093
-0.00096
-0.00098
-0.00099
-0.00101
-0.00101
-0.00103
-0.00103
-0.00103
-0.00102
-0.00102
-0.00101
-0.001
-0.00098
-0.00097
-0.00095
-0.00094
-0.00092
-0.0009
-0.00088
-0.00086
-0.00084
-0.00083
-0.0008
-0.00079
-0.00077
-0.00076
-0.00075
-0.00074
-0.00073
-0.00072
-0.00072
-0.00072
-0.00071
-0.00071
-0.00071
-0.00071
-0.00071
-0.00072
-0.00072
-0.00072
-0.00072
-0.00073
-0.00073
-0.00074
-0.00073
-0.00074
-0.00074
-0.00075
-0.00075
-0.00075
-0.00076
-0.00076
-0.00076
-0.00077
-0.00077
-0.00078
-0.00078
-0.0008
-0.00081
-0.00082
-0.00083
-0.00085
-0.00087
-0.00089
-0.00091
-0.00093
-0.00095
-0.00098
-0.001
-0.00104
-0.00106
-0.0011
-0.00112
-0.00116
-0.00119
-0.00122
-0.00125
-0.00128
-0.00131
-0.00134
-0.00136
-0.00139
-0.00141
-0.00143
-0.00144
-0.00146
-0.00147
-0.00148
-0.00148
-0.00149
-0.00149
-0.00149
-0.00148
-0.00148
-0.00147
-0.00146
-0.00145
-0.00144
-0.00142
-0.0014
-0.00138
-0.00137
-0.00135
-0.00133
-0.0013
-0.00129
-0.00126
-0.00124
-0.00121
-0.00118
-0.00116
-0.00113
-0.0011
-0.00107
-0.00104
-0.001
-0.00097
-0.00093
-0.00089
-0.00085
-0.00081
-0.00077
-0.00072
-0.00068
-0.00062
-0.00058
-0.00052
-0.00047
-0.00042
-0.00036
-0.00031
-0.00025
-0.00019
-0.00014
-8e-05
-2e-05
3e-05
9e-05
0.00014
0.00019
0.00025
0.0003
0.00035
0.00039
0.00043
0.00048
0.00052
0.00056
0.0006
0.00063
0.00067
0.00069
0.00073
0.00075
0.00078
0.0008
0.00083
0.00085
0.00087
0.00088
0.0009
0.00092
0.00094
0.00096
0.00098
0.00099
0.00101
0.00103
0.00105
0.00107
0.00109
0.00111
0.00114
0.00116
0.00118
0.00121
0.00124
0.00127
0.0013
0.00134
0.00138
0.00141
0.00146
0.0015
0.00155
0.00159
0.00165
0.0017
0.00176
0.00182
0.00188
0.00194
0.00201
0.00208
0.00216
0.00224
0.00232
0.0024
0.0025
0.00259
0.00268
0.00278
0.00288
0.00299
0.0031
0.00321
0.00333
0.00344
0.00357
0.00369
0.00382
0.00396
0.0041
0.00423
0.00438
0.00452
0.00468
0.00483
0.00498
0.00514
0.0053
0.00546
0.00563
0.00579
0.00596
0.00613
0.0063
0.00648
0.00665
0.00683
0.007
0.00718
0.00735
0.00753
0.0077
0.00787
0.00805
0.00821
0.00838
0.00855
0.00871
0.00887
0.00903
0.00919
0.00935
0.0095
0.00965
0.0098
0.00995
0.01009
0.01022
0.01036
0.0105
0.01063
0.01076
0.01089
0.01102
0.01115
0.01127
0.0114
0.01152
0.01164
0.01176
0.01188
0.01201
0.01212
0.01224
0.01236
0.01248
0.0126
0.01272
0.01283
0.01295
0.01307
0.01318
0.0133
0.01342
0.01353
0.01364
0.01375
0.01387
0.01397
0.01409
0.01419
0.0143
0.01441
0.01451
0.01461
0.01471
0.01481
0.01491
0.01501
0.01511
0.01521
0.0153
0.0154
0.0155
0.01559
0.01568
0.01577
0.01587
0.01596
0.01605
0.01614
0.01623
0.01632
0.01641
0.0165
0.01658
0.01666
0.01675
0.01683
0.01691
0.01699
0.01706
0.01714
0.01721
0.01728
0.01734
0.0174
0.01746
0.01752
0.01757
0.01762
0.01768
0.01772
0.01776
0.0178
0.01784
0.01787
0.01791
0.01794
0.01797
0.01799
0.01802
0.01804
0.01807
0.01809
0.01811
0.01813
0.01815
0.01816
0.01818
0.01819
0.0182
0.01821
0.01822
0.01822
0.01823
0.01823
0.01823
0.01822
0.01821
0.0182
0.01818
0.01815
0.01813
0.01809
0.01805
0.01801
0.01796
0.0179
0.01784
0.01776
0.01769
0.01761
0.01752
0.01742
0.01732
0.01721
0.0171
0.01698
0.01686
0.01672
0.01659
0.01645
0.01631
0.01616
0.01601
0.01586
0.01571
0.01555
0.01538
0.01522
0.01506
0.01489
0.01473
0.01456
0.0144
0.01422
0.01406
0.01389
0.01372
0.01355
0.01338
0.01321
0.01305
0.01288
0.01271
0.01254
0.01238
0.01221
0.01205
0.01188
0.01172
0.01156
0.0114
0.01124
0.01108
0.01092
0.01076
0.0106
0.01045
0.0103
0.01015
0.01
0.00986
0.00972
0.00958
0.00944
0.00931
0.00918
0.00905
0.00893
0.00881
0.0087
0.00859
0.00848
0.00839
0.00829
0.0082
0.00811
0.00803
0.00796
0.00789
0.00783
0.00778
0.00772
0.00768
0.00763
0.0076
0.00757
0.00755
0.00753
0.00753
0.00752
0.00752
0.00752
0.00753
0.00755
0.00758
0.0076
0.00764
0.00767
0.00771
0.00776
0.00781
0.00787
0.00793
0.00799
0.00806
0.00813
0.0082
0.00828
0.00836
0.00844
0.00853
0.00862
0.00871
0.0088
0.00889
0.00898
0.00908
0.00917
0.00926
0.00935
0.00945
0.00953
0.00962
0.00971
0.00979
0.00987
0.00995
0.01003
0.0101
0.01016
0.01023
0.01028
0.01034
0.01038
0.01043
0.01046
0.0105
0.01052
0.01054
0.01056
0.01057
0.01057
0.01057
0.01057
0.01056
0.01053
0.01051
0.01049
0.01046
0.01042
0.01038
0.01033
0.01028
0.01023
0.01017
0.01011
0.01004
0.00997
0.0099
0.00983
0.00975
0.00967
0.00959
0.0095
0.00941
0.00931
0.00922
0.00912
0.00902
0.00891
0.0088
0.00869
0.00858
0.00846
0.00834
0.00822
0.0081
0.00797
0.00785
0.00772
0.00759
0.00746
0.00733
0.00719
0.00706
0.00693
0.00679
0.00666
0.00652
0.00639
0.00626
0.00612
0.00599
0.00586
0.00573
0.0056
0.00548
0.00534
0.00522
0.00509
0.00497
0.00484
0.00472
0.00459
0.00447
0.00435
0.00422
0.0041
0.00398
0.00385
0.00373
0.0036
0.00348
0.00335
0.00323
0.0031
0.00298
0.00285
0.00272
0.0026
0.00247
0.00234
0.00222
0.0021
0.00197
0.00185
0.00173
0.00161
0.0015
0.00138
0.00127
0.00116
0.00106
0.00096
0.00086
0.00077
0.00068
0.00059
0.00052
0.00044
0.00037
0.0003
0.00024
0.00018
0.00013
8e-05
4e-05
0.0
-3e-05
-6e-05
-8e-05
-0.00011
-0.00012
-0.00014
-0.00015
-0.00015
-0.00015
-0.00015
-0.00015
-0.00014
-0.00013
-0.00012
-0.0001
-9e-05
-6e-05
-5e-05
-2e-05
0.0
3e-05
5e-05
8e-05
0.00012
0.00015
0.00018
0.00021
0.00024
0.00028
0.00031
0.00035
0.00038
0.00043
0.00046
0.0005
0.00053
0.00057
0.00061
0.00065
0.00069
0.00073
0.00077
0.00081
0.00085
0.0009
0.00094
0.00098
0.00102
0.00107
0.00112
0.00116
0.00121
0.00126
0.00131
0.00136
0.00141
0.00146
0.00151
0.00157
0.00162
0.00168
0.00173
0.00179
0.00185
0.00191
0.00197
0.00202
0.00208
0.00214
0.00219
0.00225
0.00231
0.00237
0.00242
0.00248
0.00253
0.00259
0.00264
0.00269
0.00274
0.00279
0.00284
0.00289
0.00293
0.00298
0.00302
0.00307
0.00311
0.00315
0.00319
0.00323
0.00327
0.00331
0.00334
0.00338
0.00341
0.00344
0.00347
0.0035
0.00353
0.00356
0.00359
0.00361
0.00364
0.00367
0.00368
0.00371
0.00373
0.00375
0.00376
0.00378
0.00379
0.00381
0.00382
0.00383
0.00383
0.00384
0.00385
0.00385
0.00385
0.00385
0.00385
0.00385
0.00384
0.00383
0.00382
0.00381
0.00379
0.00378
0.00376
0.00374
0.00371
0.00368
0.00366
0.00363
0.00359
0.00356
0.00352
0.00349
0.00344
0.0034
0.00336
0.00331
0.00326
0.00322
0.00316
0.00312
0.00306
0.00301
0.00296
0.00291
0.00285
0.00281
0.00275
0.0027
0.00265
0.0026
0.00255
0.00251
0.00246
0.00242
0.00237
0.00233
0.00229
0.00226
0.00222
0.00219
0.00216
0.00213
0.0021
0.00208
0.00205
0.00203
0.00201
0.00199
0.00197
0.00195
0.00193
0.00192
0.0019
0.00188
0.00187
0.00186
0.00184
0.00183
0.00181
0.0018
0.00179
0.00178
0.00176
0.00175
0.00174
0.00173
0.00172
0.00171
0.00169
0.00168
0.00167
0.00166
0.00165
0.00164
0.00162
0.00162
0.00161
0.0016
0.00158
0.00158
0.00156
0.00156
0.00154
0.00153
0.00151
0.0015
0.00149
0.00147
0.00145
0.00143
0.00141
0.00139
0.00136
0.00134
0.0013
0.00127
0.00124
0.00121
0.00117
0.00113
0.00109
0.00104
0.00099
0.00095
0.0009
0.00085
0.00079
0.00074
0.00068
0.00063
0.00057
0.00052
0.00045
0.0004
0.00034
0.00028
0.00021
0.00015
9e-05
3e-05
-3e-05
-8e-05
-0.00015
-0.00021
-0.00027
-0.00033
-0.0004
-0.00046
-0.00052
-0.00058
-0.00065
-0.00071
-0.00078
-0.00085
-0.00091
-0.00098
-0.00105
-0.00111
-0.00118
-0.00125
-0.00132
-0.00138
-0.00146
-0.00152
-0.00159
-0.00165
-0.00172
-0.00178
-0.00184
-0.0019
-0.00196
-0.00201
-0.00206
-0.00211
-0.00216
-0.0022
-0.00224
-0.00227
-0.00231
-0.00234
-0.00237
-0.00239
-0.00241
-0.00243
-0.00244
-0.00245
-0.00246
-0.00246
-0.00246
-0.00246
-0.00246
-0.00245
-0.00244
-0.00243
-0.00242
-0.0024
-0.00238
-0.00236
-0.00234
-0.00232
-0.00229
-0.00227
-0.00224
-0.00221
-0.00217
-0.00214
-0.00211
-0.00207
-0.00204
-0.00199
-0.00196
-0.00192
-0.00188
-0.00183
-0.0018
-0.00175
-0.00171
-0.00167
-0.00163
-0.00158
-0.00154
-0.0015
-0.00146
-0.00142
-0.00138
-0.00134
-0.0013
-0.00126
-0.00123
-0.00119
-0.00116
-0.00113
-0.0011
-0.00107
-0.00104
-0.00102
-0.00099
-0.00097
-0.00095
-0.00093
-0.00092
-0.0009
-0.00088
-0.00087
-0.00086
-0.00084
-0.00083
-0.00082
-0.00081
-0.0008
-0.00079
-0.00078
-0.00077
-0.00076
-0.00075
-0.00074
-0.00073
-0.00072
-0.00071
-0.0007
-0.00069
-0.00068
-0.00067
-0.00066
-0.00065
-0.00063
-0.00062
-0.00061
-0.0006
-0.00058
-0.00057
-0.00055
-0.00054
-0.00053
-0.00051
-0.0005
-0.00049
-0.00046
-0.00045
-0.00043
-0.00041
-0.0004
-0.00037
-0.00035
-0.00033
-0.0003
-0.00028
-0.00025
-0.00022
-0.00019
-0.00016
-0.00013
-0.0001
-5e-05
-2e-05
2e-05
6e-05
0.0001
0.00014
0.00019
0.00023
0.00028
0.00032
0.00036
0.00041
0.00045
0.00049
0.00054
0.00058
0.00062
0.00066
0.0007
0.00073
0.00076
0.0008
0.00083
0.00086
0.00088
0.0009
0.00092
0.00094
0.00096
0.00097
0.00098
0.00099
0.001
0.00101
0.00101
0.00101
0.00101
0.00101
0.00102
0.00102
0.00102
0.00101
0.00101
0.00101
0.00101
0.00101
0.00101
0.001
0.00101
0.001
0.001
0.001
0.001
0.001
0.001
0.001
0.00101
0.001
0.00101
0.00101
0.00101
0.00101
0.00101
0.001
0.00101
0.001
0.001
0.001
0.001
0.001
0.001
0.001
0.00101
0.001
0.00101
0.00101
0.00102
0.00102
0.00102
0.00103
0.00104
0.00105
0.00106
0.00107
0.00109
0.0011
0.00112
0.00114
0.00116
0.00118
0.0012
0.00122
0.00125
0.00127
0.0013
0.00132
0.00135
0.00137
0.00139
0.00141
0.00144
0.00146
0.00148
0.0015
0.00152
0.00154
0.00156
0.00157
0.00159
0.0016
0.00161
0.00162
0.00163
0.00164
0.00165
0.00165
0.00165
0.00166
0.00166
0.00166
0.00167
0.00166
0.00166
0.00166
0.00165
0.00164
0.00164
0.00163
0.00162
0.00161
0.00159
0.00157
0.00155
0.00153
0.00151
0.00149
0.00146
0.00143
0.0014
0.00136
0.00132
0.00128
0.00123
0.00118
0.00113
0.00108
0.00102
0.00096
0.0009
0.00083
0.00076
0.00069
0.00062
0.00054
0.00047
0.00039
0.00031
0.00023
0.00015
6e-05
-1e-05
-0.0001
-0.00019
-0.00027
-0.00036
-0.00044
-0.00052
-0.00061
-0.00069
-0.00077
-0.00085
-0.00093
-0.001
-0.00108
-0.00115
-0.00123
-0.00129
-0.00136
-0.00143
-0.00149
-0.00156
-0.00161
-0.00167
-0.00172
-0.00177
-0.00182
-0.00186
-0.00191
-0.00194
-0.00199
-0.00202
-0.00205
-0.00208
-0.0021
-0.00213
-0.00215
-0.00217
-0.00218
-0.00219
-0.0022
-0.0022
-0.00221
-0.0022
-0.0022
-0.00219
-0.00218
-0.00217
-0.00216
-0.00213
-0.00211
-0.00209
-0.00206
-0.00203
-0.002
-0.00196
-0.00193
-0.00188
-0.00184
-0.00179
-0.00175
-0.00169
-0.00165
-0.00159
-0.00154
-0.00147
-0.00142
-0.00135
-0.00129
-0.00123
-0.00117
-0.0011
-0.00104
-0.00097
-0.00091
-0.00085
-0.00079
-0.00072
-0.00067
-0.0006
-0.00055
-0.00049
-0.00044
-0.00039
-0.00034
-0.0003
-0.00025
-0.00021
-0.00017
-0.00013
-0.0001
-7e-05
-5e-05
-2e-05
0.0
2e-05
3e-05
5e-05
6e-05
7e-05
7e-05
7e-05
8e-05
8e-05
7e-05
7e-05
5e-05
4e-05
3e-05
1e-05
-1e-05
-4e-05
-7e-05
-9e-05
-0.00013
-0.00017
-0.00021
-0.00026
-0.00031
-0.00036
-0.00042
-0.00048
-0.00055
-0.00061
-0.00069
-0.00076
-0.00085
-0.00093
-0.00103
-0.00111
-0.00121
-0.00131
-0.00141
-0.00151
-0.00161
-0.00172
-0.00182
-0.00193
-0.00204
-0.00214
-0.00225
-0.00235
-0.00247
-0.00257
-0.00267
-0.00277
-0.00288
-0.00297
-0.00307
-0.00317
-0.00326
-0.00335
-0.00344
-0.00352
-0.00361
-0.00369
-0.00377
-0.00385
-0.00393
-0.004
-0.00407
-0.00414
-0.00421
-0.00428
-0.00435
-0.00442
-0.00448
-0.00454
-0.0046
-0.00465
-0.00472
-0.00477
-0.00483
-0.00487
-0.00493
-0.00497
-0.00502
-0.00506
-0.0051
-0.00514
-0.00517
-0.0052
-0.00523
-0.00525
-0.00527
-0.00528
-0.00529
-0.0053
-0.0053
-0.0053
-0.00529
-0.00528
-0.00527
-0.00525
-0.00522
-0.0052
-0.00517
-0.00513
-0.00509
-0.00504
-0.005
-0.00494
-0.0049
-0.00483
-0.00478
-0.00471
-0.00465
-0.00457
-0.0045
-0.00442
-0.00435
-0.00427
-0.00419
-0.00411
-0.00402
-0.00394
-0.00385
-0.00376
-0.00367
-0.00358
-0.00349
-0.00339
-0.0033
-0.0032
-0.00311
-0.00301
-0.00291
-0.00282
-0.00272
-0.00262
-0.00252
-0.00242
-0.00231
-0.00221
-0.00211
-0.00201
-0.00191
-0.0018
-0.0017
-0.0016
-0.00149
-0.00138
-0.00128
-0.00118
-0.00107
-0.00097
-0.00087
-0.00076
-0.00066
-0.00055
-0.00045
-0.00035
-0.00025
-0.00015
-5e-05
5e-05
0.00014
0.00025
0.00034
0.00043
0.00052
0.0006
0.00069
0.00078
0.00087
0.00095
0.00102
0.0011
0.00118
0.00126
0.00132
0.0014
0.00146
0.00153
0.00159
0.00166
0.00172
0.00177
0.00183
0.00189
0.00195
0.002
0.00205
0.0021
0.00215
0.0022
0.00224
0.00229
0.00232
0.00237
0.00241
0.00245
0.00248
0.00252
0.00255
0.00259
0.00262
0.00265
0.00267
0.0027
0.00272
0.00275
0.00277
0.00279
0.00281
0.00283
0.00284
0.00286
0.00287
0.00288
0.00289
0.0029
0.0029
0.00291
0.00291
0.00292
0.00292
0.00292
0.00292
0.00292
0.00291
0.00292
0.00291
0.0029
0.0029
0.00289
0.00288
0.00287
0.00286
0.00285
0.00283
0.00282
0.0028
0.00278
0.00276
0.00274
0.00271
0.00269
0.00266
0.00263
0.00259
0.00255
0.00251
0.00247
0.00243
0.00238
0.00232
0.00227
0.00221
0.00215
0.00208
0.00202
0.00194
0.00187
0.00179
0.00171
0.00162
0.00153
0.00144
0.00134
0.00124
0.00114
0.00104
0.00094
0.00083
0.00072
0.00061
0.0005
0.00039
0.00028
0.00016
5e-05
-6e-05
-0.00017
-0.00028
-0.00038
-0.00049
-0.00059
-0.0007
-0.0008
-0.0009
-0.001
-0.0011
-0.00119
-0.00129
-0.00137
-0.00147
-0.00155
-0.00164
-0.00173
-0.00181
-0.00189
-0.00197
-0.00205
-0.00213
-0.00221
-0.00229
-0.00236
-0.00244
-0.00252
-0.0026
-0.00266
-0.00274
-0.00282
-0.00289
-0.00297
-0.00304
-0.00311
-0.00318
-0.00325
-0.00332
-0.00338
-0.00345
-0.0035
-0.00357
-0.00362
-0.00368
-0.00372
-0.00377
-0.00382
-0.00386
-0.0039
-0.00393
-0.00396
-0.00399
-0.00401
-0.00403
-0.00405
-0.00407
-0.00407
-0.00408
-0.00408
-0.00409
-0.00408
-0.00408
-0.00408
-0.00407
-0.00407
-0.00405
-0.00404
-0.00402
-0.004
-0.00399
-0.00397
-0.00395
-0.00393
-0.00391
-0.00389
-0.00387
-0.00384
-0.00382
-0.00379
-0.00377
-0.00374
-0.00372
-0.00369
-0.00366
-0.00363
-0.00361
-0.00359
-0.00356
-0.00353
-0.00351
-0.00349
-0.00347
-0.00344
-0.00342
-0.0034
-0.00338
-0.00337
-0.00335
-0.00333
-0.00332
-0.00331
-0.00331
-0.00329
-0.00329
-0.00329
-0.00329
-0.00329
-0.00329
-0.00329
-0.0033
-0.00331
-0.00332
-0.00333
-0.00334
-0.00335
-0.00337
-0.00338
-0.0034
-0.00341
-0.00342
-0.00343
-0.00345
-0.00345
-0.00347
-0.00347
-0.00348
-0.00349
-0.00349
-0.00349
-0.00349
-0.00348
-0.00348
-0.00347
-0.00346
-0.00344
-0.00343
-0.00341
-0.00339
-0.00336
-0.00334
-0.00331
-0.00328
-0.00325
-0.00321
-0.00318
-0.00314
-0.0031
-0.00306
-0.00302
-0.00299
-0.00294
-0.0029
-0.00285
-0.00282
-0.00277
-0.00274
-0.00269
-0.00265
-0.00261
-0.00257
-0.00253
-0.00249
-0.00245
-0.00241
-0.00237
-0.00234
-0.00229
-0.00226
-0.00222
-0.00219
-0.00215
-0.00212
-0.00208
-0.00205
-0.00202
-0.00199
-0.00196
-0.00193
-0.0019
-0.00187
-0.00185
-0.00183
-0.0018
-0.00178
-0.00175
-0.00174
-0.00172
-0.00171
-0.00169
-0.00168
-0.00167
-0.00167
-0.00167
-0.00166
-0.00166
-0.00166
-0.00167
-0.00168
-0.00169
-0.0017
-0.00171
-0.00173
-0.00175
-0.00177
-0.00179
-0.00181
-0.00184
-0.00186
-0.00189
-0.00191
-0.00194
-0.00197
-0.00199
-0.00202
-0.00205
-0.00208
-0.0021
-0.00213
-0.00215
-0.00218
-0.0022
-0.00223
-0.00226
-0.00228
-0.00231
-0.00233
-0.00235
-0.00238
-0.0024
-0.00243
-0.00245
-0.00248
-0.0025
-0.00253
-0.00256
-0.00259
-0.00261
-0.00264
-0.00267
-0.0027
-0.00274
-0.00277
-0.0028
-0.00283
-0.00286
-0.0029
-0.00293
-0.00296
-0.00298
-0.00302
-0.00304
-0.00308
-0.0031
-0.00312
-0.00315
-0.00317
-0.00319
-0.0032
-0.00321
-0.00323
-0.00323
-0.00324
-0.00324
-0.00324
-0.00323
-0.00323
-0.00322
-0.00321
-0.00319
-0.00317
-0.00315
-0.00313
-0.0031
-0.00307
-0.00304
-0.003
-0.00296
-0.00293
-0.00288
-0.00284
-0.00279
-0.00275
-0.0027
-0.00265
-0.00259
-0.00254
-0.00249
-0.00244
-0.00239
-0.00233
-0.00227
-0.00221
-0.00216
-0.0021
-0.00204
-0.00199
-0.00193
-0.00188
-0.00183
-0.00178
-0.00172
-0.00167
-0.00163
-0.00158
-0.00154
-0.00149
-0.00145
-0.00141
-0.00137
-0.00134
-0.0013
-0.00127
-0.00124
-0.00121
-0.00119
-0.00117
-0.00114
-0.00113
-0.00111
-0.0011
-0.00109
-0.00108
-0.00108
-0.00107
-0.00107
-0.00108
-0.00108
-0.00109
-0.00109
-0.00111
-0.00112
-0.00114
-0.00115
-0.00118
-0.0012
-0.00122
-0.00125
-0.00128
-0.00131
-0.00134
-0.00137
-0.00141
-0.00144
-0.00148
-0.00152
-0.00156
-0.0016
-0.00165
-0.00169
-0.00174
-0.00178
-0.00183
-0.00188
-0.00193
-0.00198
-0.00203
-0.00208
-0.00213
-0.00218
-0.00224
-0.00228
-0.00234
-0.00239
-0.00244
-0.00249
-0.00254
-0.00259
-0.00264
-0.00269
-0.00274
-0.00278
-0.00283
-0.00287
-0.00292
-0.00295
-0.00299
-0.00302
-0.00306
-0.00309
-0.00313
-0.00315
-0.00318
-0.0032
-0.00322
-0.00323
-0.00324
-0.00325
-0.00326
-0.00326
-0.00326
-0.00325
-0.00324
-0.00323
-0.00322
-0.00319
-0.00317
-0.00314
-0.00311
-0.00308
-0.00304
-0.00301
-0.00296
-0.00291
-0.00287
-0.00281
-0.00276
-0.0027
-0.00265
-0.00259
-0.00253
-0.00247
-0.00241
-0.00234
-0.00228
-0.00221
-0.00214
-0.00208
-0.00201
-0.00194
-0.00187
-0.00179
-0.00173
-0.00165
-0.00158
-0.0015
-0.00143
-0.00135
-0.00128
-0.0012
-0.00112
-0.00104
-0.00096
-0.00089
-0.00081
-0.00072
-0.00064
-0.00056
-0.00048
-0.0004
-0.00032
-0.00024
-0.00016
-8e-05
-1e-05
7e-05
0.00014
0.00022
0.00029
0.00035
0.00042
0.00049
0.00055
0.00061
0.00066
0.00072
0.00077
0.00082
0.00086
0.00091
0.00095
0.00099
0.00102
0.00106
0.00109
0.00112
0.00115
0.00118
0.0012
0.00123
0.00125
0.00128
0.0013
0.00132
0.00134
0.00136
0.00138
0.0014
0.00142
0.00143
0.00145
0.00146
0.00148
0.00149
0.0015
0.00151
0.00152
0.00153
0.00153
0.00153
0.00152
0.00152
0.00151
0.0015
0.00149
0.00147
0.00145
0.00142
0.0014
0.00137
0.00133
0.0013
0.00125
0.00121
0.00116
0.00112
0.00106
0.00101
0.00095
0.0009
0.00083
0.00077
0.0007
0.00064
0.00057
0.00051
0.00044
0.00037
0.0003
0.00023
0.00016
9e-05
2e-05
-5e-05
-0.00012
-0.00019
-0.00026
-0.00033
-0.00041
-0.00048
-0.00055
-0.00062
-0.00069
-0.00076
-0.00084
-0.00091
-0.00099
-0.00106
-0.00114
-0.00121
-0.00129
-0.00136
-0.00144
-0.00152
-0.0016
-0.00168
-0.00175
-0.00182
-0.0019
-0.00197
-0.00205
-0.00212
-0.00219
-0.00226
-0.00233
-0.0024
-0.00246
-0.00252
-0.00258
-0.00263
-0.00269
-0.00274
-0.00278
-0.00282
-0.00286
-0.00289
-0.00292
-0.00294
-0.00297
-0.00298
-0.003
-0.003
-0.00301
-0.003
-0.003
-0.00299
-0.00298
-0.00297
-0.00295
-0.00292
-0.0029
-0.00286
-0.00284
-0.00279
-0.00276
-0.00271
-0.00267
-0.00262
-0.00258
-0.00252
-0.00247
-0.00242
-0.00236
-0.00231
-0.00224
-0.00218
-0.00212
-0.00205
-0.00199
-0.00191
-0.00185
-0.00177
-0.0017
-0.00163
-0.00156
-0.00147
-0.0014
-0.00132
-0.00124
-0.00116
-0.00107
-0.00098
-0.0009
-0.00081
-0.00072
-0.00063
-0.00054
-0.00045
-0.00036
-0.00026
-0.00018
-8e-05
2e-05
0.00011
0.0002
0.0003
0.00039
0.00049
0.00058
0.00068
0.00077
0.00087
0.00096
0.00106
0.00116
0.00126
0.00135
0.00145
0.00154
0.00163
0.00173
0.00182
0.00192
0.00201
0.00211
0.0022
0.00229
0.00239
0.00248
0.00257
0.00266
0.00275
0.00284
0.00293
0.00301
0.00309
0.00317
0.00325
0.00333
0.0034
0.00348
0.00355
0.00361
0.00368
0.00373
0.00379
0.00384
0.00389
0.00394
0.00398
0.00402
0.00405
0.00408
0.00411
0.00413
0.00416
0.00417
0.00418
0.00419
0.0042
0.00419
0.0042
0.00418
0.00418
0.00416
0.00414
0.00412
0.00409
0.00406
0.00403
0.00399
0.00395
0.00391
0.00386
0.0038
0.00375
0.00369
0.00363
0.00356
0.00349
0.00341
0.00334
0.00325
0.00317
0.00308
0.00299
0.0029
0.0028
0.0027
0.0026
0.0025
0.00239
0.00228
0.00218
0.00206
0.00195
0.00183
0.00172
0.0016
0.00148
0.00136
0.00124
0.00112
0.001
0.00088
0.00077
0.00064
0.00052
0.0004
0.00029
0.00016
5e-05
-7e-05
-0.00019
-0.00031
-0.00042
-0.00054
-0.00065
-0.00076
-0.00088
-0.00099
-0.0011
-0.00121
-0.00131
-0.00142
-0.00152
-0.00163
-0.00173
-0.00183
-0.00192
-0.00202
-0.00211
-0.0022
-0.00229
-0.00237
-0.00245
-0.00253
-0.0026
-0.00267
-0.00274
-0.0028
-0.00285
-0.00291
-0.00296
-0.00301
-0.00304
-0.00308
-0.00311
-0.00314
-0.00317
-0.00318
-0.00319
-0.0032
-0.00321
-0.00321
-0.00321
-0.0032
-0.00319
-0.00318
-0.00316
-0.00314
-0.00311
-0.00309
-0.00306
-0.00303
-0.00299
-0.00295
-0.00291
-0.00287
-0.00283
-0.00279
-0.00274
-0.00269
-0.00264
-0.0026
-0.00254
-0.00249
-0.00244
-0.00239
-0.00233
-0.00228
-0.00223
-0.00217
-0.00212
-0.00206
-0.002
-0.00196
-0.0019
-0.00185
-0.00179
-0.00175
-0.00169
-0.00165
-0.0016
-0.00155
-0.00151
-0.00147
-0.00143
-0.00139
-0.00135
-0.00131
-0.00127
-0.00125
-0.00121
-0.00119
-0.00115
-0.00113
-0.0011
-0.00108
-0.00105
-0.00103
-0.00101
-0.00099
-0.00097
-0.00094
-0.00092
-0.0009
-0.00087
-0.00085
-0.00082
-0.0008
-0.00077
-0.00075
-0.00071
-0.00069
-0.00065
-0.00062
-0.00059
-0.00056
-0.00053
-0.00049
-0.00045
-0.00042
-0.00038
-0.00035
-0.00031
-0.00028
-0.00025
-0.00022
-0.00018
-0.00016
-0.00012
-0.0001
-7e-05
-5e-05
-3e-05
-0.0
2e-05
4e-05
6e-05
7e-05
0.0001
0.00011
0.00013
0.00014
0.00016
0.00016
0.00018
0.00019
0.0002
0.00021
0.00022
0.00023
0.00024
0.00025
0.00026
0.00026
0.00028
0.00028
0.00029
0.00029
0.00029
0.00029
0.0003
0.0003
0.00029
0.00029
0.00029
0.00028
0.00028
0.00027
0.00026
0.00025
0.00024
0.00023
0.00022
0.00021
0.00019
0.00018
0.00017
0.00015
0.00013
0.00012
0.0001
9e-05
7e-05
6e-05
5e-05
3e-05
2e-05
0.0
-1e-05
-3e-05
-4e-05
-5e-05
-6e-05
-7e-05
-9e-05
-0.0001
-0.00011
-0.00012
-0.00012
-0.00013
-0.00014
-0.00015
-0.00015
-0.00015
-0.00015
-0.00015
-0.00014
-0.00014
-0.00012
-0.00011
-0.0001
-8e-05
-6e-05
-4e-05
-1e-05
2e-05
6e-05
9e-05
0.00013
0.00017
0.00022
0.00026
0.00031
0.00036
0.00042
0.00047
0.00052
0.00057
0.00063
0.00069
0.00075
0.0008
0.00086
0.00091
0.00097
0.00102
0.00108
0.00112
0.00118
0.00122
0.00128
0.00132
0.00137
0.00141
0.00145
0.0015
0.00155
0.00159
0.00164
0.00167
0.00172
0.00177
0.00181
0.00186
0.00191
0.00195
0.002
0.00205
0.0021
0.00214
0.00219
0.00224
0.00229
0.00234
0.00239
0.00243
0.00248
0.00252
0.00257
0.00261
0.00265
0.00268
0.00271
0.00274
0.00277
0.00279
0.0028
0.00282
0.00283
0.00284
0.00284
0.00284
0.00284
0.00282
0.00282
0.0028
0.00278
0.00276
0.00274
0.00271
0.00269
0.00266
0.00263
0.00259
0.00256
0.00253
0.0025
0.00246
0.00243
0.00239
0.00236
0.00232
0.00228
0.00225
0.00222
0.00218
0.00215
0.00211
0.00208
0.00204
0.00201
0.00198
0.00195
0.00191
0.00189
0.00185
0.00183
0.00179
0.00177
0.00173
0.00171
0.00168
0.00165
0.00163
0.0016
0.00158
0.00156
0.00154
0.00153
0.0015
0.00149
0.00148
0.00147
0.00146
0.00146
0.00145
0.00145
0.00145
0.00145
0.00146
0.00146
0.00147
0.00149
0.0015
0.00152
0.00153
0.00155
0.00157
0.00159
0.00161
0.00163
0.00165
0.00168
0.00169
0.00172
0.00174
0.00175
0.00177
0.00179
0.00181
0.00183
0.00184
0.00185
0.00186
0.00188
0.00188
0.00189
0.00189
0.00189
0.00189
0.00189
0.00188
0.00187
0.00186
0.00185
0.00184
0.00182
0.0018
0.00178
0.00175
0.00173
0.00169
0.00166
0.00162
0.00159
0.00155
0.0015
0.00146
0.00141
0.00135
0.0013
0.00125
0.00119
0.00112
0.00106
0.00099
0.00093
0.00085
0.00078
0.0007
0.00062
0.00054
0.00045
0.00037
0.00028
0.00019
0.0001
1e-05
-8e-05
-0.00018
-0.00027
-0.00037
-0.00046
-0.00056
-0.00066
-0.00076
-0.00085
-0.00095
-0.00104
-0.00114
-0.00123
-0.00132
-0.00141
-0.0015
-0.00158
-0.00167
-0.00175
-0.00184
-0.00191
-0.00199
-0.00206
-0.00214
-0.0022
-0.00227
-0.00234
-0.0024
-0.00246
-0.00251
-0.00256
-0.00262
-0.00266
-0.00271
-0.00275
-0.00279
-0.00283
-0.00287
-0.0029
-0.00293
-0.00296
-0.00299
-0.00301
-0.00304
-0.00306
-0.00308
-0.00309
-0.0031
-0.00311
-0.00313
-0.00313
-0.00314
-0.00314
-0.00314
-0.00314
-0.00314
-0.00312
-0.00312
-0.0031
-0.00309
-0.00307
-0.00305
-0.00302
-0.00299
-0.00296
-0.00293
-0.00289
-0.00286
-0.00282
-0.00278
-0.00273
-0.00269
-0.00264
-0.0026
-0.00255
-0.0025
-0.00245
-0.0024
-0.00235
-0.0023
-0.00225
-0.00221
-0.00216
-0.00212
-0.00207
-0.00203
-0.00199
-0.00195
-0.00191
-0.00187
-0.00184
-0.00181
-0.00178
-0.00175
-0.00172
-0.00169
-0.00167
-0.00165
-0.00162
-0.0016
-0.00158
-0.00156
-0.00154
-0.00152
-0.0015
-0.00149
-0.00147
-0.00145
-0.00144
-0.00142
-0.0014
-0.00139
-0.00137
-0.00136
-0.00135
-0.00134
-0.00132
-0.00132
-0.0013
-0.0013
-0.00129
-0.00129
-0.00128
-0.00128
-0.00128
-0.00128
-0.00128
-0.00128
-0.00128
-0.00129
-0.00129
-0.0013
-0.00131
-0.00132
-0.00133
-0.00134
-0.00134
-0.00135
-0.00136
-0.00137
-0.00137
-0.00138
-0.00138
-0.00138
-0.00138
-0.00138
-0.00138
-0.00137
-0.00136
-0.00136
-0.00134
-0.00134
-0.00132
-0.0013
-0.00129
-0.00127
-0.00125
-0.00122
-0.0012
-0.00117
-0.00115
-0.00112
-0.00109
-0.00107
-0.00103
-0.00101
-0.00098
-0.00095
-0.00091
-0.00089
-0.00086
-0.00083
-0.0008
-0.00077
-0.00074
-0.00071
-0.00068
-0.00065
-0.00062
-0.00059
-0.00056
-0.00053
-0.0005
-0.00047
-0.00044
-0.00041
-0.00038
-0.00035
-0.00032
-0.00029
-0.00025
-0.00022
-0.00019
-0.00016
-0.00013
-0.0001
-6e-05
-3e-05
1e-05
3e-05
7e-05
0.00011
0.00014
0.00017
0.00021
0.00024
0.00028
0.00032
0.00036
0.00039
0.00043
0.00047
0.00052
0.00055
0.0006
0.00064
0.00069
0.00073
0.00078
0.00082
0.00087
0.00092
0.00097
0.00102
0.00108
0.00113
0.00118
0.00124
0.0013
0.00135
0.00141
0.00147
0.00153
0.00159
0.00165
0.00171
0.00177
0.00183
0.00189
0.00196
0.00202
0.00208
0.00214
0.0022
0.00226
0.00232
0.00238
0.00244
0.0025
0.00256
0.00262
0.00268
0.00273
0.00279
0.00285
0.0029
0.00296
0.00301
0.00306
0.00311
0.00316
0.0032
0.00325
0.00329
0.00333
0.00337
0.0034
0.00343
0.00346
0.00348
0.0035
0.00352
0.00354
0.00354
0.00355
0.00355
0.00355
0.00353
0.00352
0.0035
0.00348
0.00345
0.00342
0.00339
0.00335
0.0033
0.00326
0.00321
0.00316
0.0031
0.00304
0.00298
0.00292
0.00285
0.00278
0.00271
0.00265
0.00257
0.0025
0.00242
0.00235
0.00228
0.0022
0.00213
0.00206
0.00197
0.0019
0.00182
0.00175
0.00167
0.0016
0.00151
0.00144
0.00136
0.00128
0.0012
0.00112
0.00105
0.00097
0.00089
0.00081
0.00073
0.00065
0.00057
0.00049
0.00041
0.00033
0.00025
0.00018
0.0001
3e-05
-5e-05
-0.00012
-0.00019
-0.00025
-0.00032
-0.00037
-0.00044
-0.00049
-0.00055
-0.0006
-0.00065
-0.00069
-0.00074
-0.00077
-0.00081
-0.00085
-0.00088
-0.00091
-0.00094
-0.00096
-0.00099
-0.001
-0.00103
-0.00104
-0.00106
-0.00107
-0.00109
-0.0011
-0.00111
-0.00112
-0.00113
-0.00113
-0.00114
-0.00115
-0.00116
-0.00116
-0.00117
-0.00117
-0.00118
-0.00118
-0.00118
-0.00118
-0.00119
-0.00119
-0.0012
-0.00119
-0.0012
-0.0012
-0.0012
-0.0012
-0.0012
-0.0012
-0.0012
-0.0012
-0.0012
-0.00119
-0.00119
-0.00118
-0.00118
-0.00117
-0.00117
-0.00115
-0.00114
-0.00113
-0.00112
-0.00111
-0.00109
-0.00107
-0.00105
-0.00102
-0.00101
-0.00098
-0.00095
-0.00092
-0.0009
-0.00086
-0.00084
-0.0008
-0.00077
-0.00073
-0.0007
-0.00067
-0.00063
-0.0006
-0.00056
-0.00053
-0.0005
-0.00047
-0.00044
-0.00041
-0.00038
-0.00036
-0.00034
-0.00031
-0.00029
-0.00028
-0.00026
-0.00025
-0.00023
-0.00022
-0.00021
-0.0002
-0.0002
-0.00019
-0.00018
-0.00017
-0.00017
-0.00016
-0.00016
-0.00015
-0.00015
-0.00015
-0.00014
-0.00014
-0.00013
-0.00012
-0.00011
-0.00011
-0.00011
-0.0001
-0.0001
-9e-05
-0.0001
-9e-05
-0.0001
-0.0001
-0.00011
-0.00012
-0.00013
-0.00015
-0.00017
-0.00019
-0.00021
-0.00024
-0.00028
-0.00031
-0.00035
-0.00039
-0.00045
-0.00049
-0.00055
-0.0006
-0.00066
-0.00072
-0.00078
-0.00084
-0.0009
-0.00097
-0.00103
-0.00109
-0.00116
-0.00122
-0.00129
-0.00134
-0.00141
-0.00147
-0.00153
-0.00158
-0.00164
-0.0017
-0.00175
-0.00181
-0.00186
-0.00191
-0.00196
-0.00201
-0.00206
-0.00211
-0.00216
-0.00221
-0.00226
-0.00231
-0.00236
-0.0024
-0.00246
-0.00251
-0.00256
-0.00261
-0.00266
-0.0027
-0.00275
-0.0028
-0.00285
-0.0029
-0.00295
-0.00299
-0.00303
-0.00307
-0.00311
-0.00315
-0.00318
-0.00322
-0.00325
-0.00328
-0.0033
-0.00332
-0.00334
-0.00335
-0.00337
-0.00337
-0.00338
-0.00338
-0.00339
-0.00339
-0.00339
-0.00338
-0.00337
-0.00337
-0.00336
-0.00334
-0.00333
-0.00331
-0.00329
-0.00327
-0.00326
-0.00323
-0.00321
-0.00318
-0.00316
-0.00313
-0.0031
-0.00306
-0.00303
-0.003
-0.00296
-0.00292
-0.00288
-0.00284
-0.00279
-0.00274
-0.00269
-0.00264
-0.00258
-0.00252
-0.00246
-0.0024
-0.00234
-0.00226
-0.00219
-0.00212
-0.00205
-0.00197
-0.00189
-0.00181
-0.00173
-0.00165
-0.00157
-0.00148
-0.0014
-0.00131
-0.00123
-0.00114
-0.00106
-0.00097
-0.00089
-0.0008
-0.00072
-0.00064
-0.00056
-0.00048
-0.0004
-0.00032
-0.00025
-0.00017
-0.0001
-2e-05
4e-05
0.00011
0.00017
0.00024
0.0003
0.00036
0.00042
0.00047
0.00053
0.00058
0.00063
0.00068
0.00072
0.00077
0.00081
0.00085
0.00088
0.00092
0.00094
0.00098
0.001
0.00102
0.00104
0.00105
0.00107
0.00108
0.00109
0.0011
0.0011
0.0011
0.0011
0.0011
0.00109
0.00108
0.00106
0.00105
0.00104
0.00102
0.001
0.00097
0.00095
0.00093
0.00091
0.00088
0.00085
0.00082
0.00079
0.00077
0.00073
0.0007
0.00066
0.00064
0.0006
0.00056
0.00053
0.00049
0.00045
0.00042
0.00038
0.00034
0.00029
0.00025
0.00021
0.00017
0.00012
7e-05
2e-05
-2e-05
-8e-05
-0.00013
-0.00018
-0.00023
-0.00029
-0.00034
-0.00039
-0.00045
-0.0005
-0.00055
-0.00061
-0.00066
-0.00072
-0.00076
-0.00081
-0.00086
-0.00091
-0.00095
-0.00099
-0.00103
-0.00107
-0.00111
-0.00114
-0.00116
-0.0012
-0.00122
-0.00125
-0.00126
-0.00129
-0.0013
-0.00132
-0.00132
-0.00134
-0.00135
-0.00135
-0.00136
-0.00136
-0.00137
-0.00137
-0.00137
-0.00137
-0.00137
-0.00137
-0.00137
-0.00137
-0.00136
-0.00136
-0.00135
-0.00135
-0.00135
-0.00134
-0.00134
-0.00133
-0.00133
-0.00132
-0.00131
-0.0013
-0.00129
-0.00128
-0.00127
-0.00126
-0.00125
-0.00124
-0.00122
-0.00121
-0.0012
-0.00119
-0.00118
-0.00117
-0.00116
-0.00115
-0.00114
-0.00114
-0.00113
-0.00113
-0.00113
-0.00113
-0.00113
-0.00115
-0.00115
-0.00116
-0.00118
-0.0012
-0.00121
-0.00124
-0.00126
-0.00129
-0.00131
-0.00135
-0.00138
-0.00142
-0.00146
-0.0015
-0.00155
-0.0016
-0.00164
-0.00169
-0.00174
-0.00179
-0.00184
-0.0019
-0.00195
-0.002
-0.00206
-0.00212
-0.00217
-0.00223
-0.00228
-0.00235
-0.0024
-0.00246
-0.00251
-0.00257
-0.00262
-0.00268
-0.00273
-0.00278
-0.00283
-0.00288
-0.00293
-0.00298
-0.00302
-0.00306
-0.0031
-0.00314
-0.00317
-0.00321
-0.00323
-0.00326
-0.00329
-0.00331
-0.00333
-0.00335
-0.00336
-0.00338
-0.00338
-0.0034
-0.0034
-0.00341
-0.0034
-0.00341
-0.00341
-0.00341
-0.0034
-0.0034
-0.00339
-0.00339
-0.00339
-0.00338
-0.00337
-0.00337
-0.00336
-0.00336
-0.00335
-0.00334
-0.00333
-0.00333
-0.00333
-0.00333
-0.00332
-0.00331
-0.00331
-0.00331
-0.0033
-0.00329
-0.00329
-0.00328
-0.00327
-0.00327
-0.00326
-0.00325
-0.00324
