1.01006159789034E+02

0.00392
0.00388
0.00386
0.00382
0.00379
0.00375
0.00371
0.00367
0.00363
0.00358
0.00354
0.00349
0.00344
0.00338
0.00334
0.00328
0.00323
0.00316
0.00311
0.00305
0.00299
0.00293
0.00287
0.0028
0.00274
0.00268
0.00261
0.00255
0.00249
0.00242
0.00236
0.00229
0.00223
0.00216
0.0021
0.00204
0.00198
0.00191
0.00185
0.00178
0.00172
0.00166
0.0016
0.00154
0.00148
0.00142
0.00136
0.00131
0.00125
0.00119
0.00114
0.00109
0.00105
0.001
0.00095
0.00091
0.00086
0.00082
0.00079
0.00076
0.00073
0.0007
0.00068
0.00065
0.00064
0.00062
0.00062
0.0006
0.0006
0.0006
0.0006
0.0006
0.00061
0.00062
0.00064
0.00065
0.00067
0.00069
0.00071
0.00073
0.00076
0.00078
0.00081
0.00083
0.00086
0.00089
0.00091
0.00094
0.00097
0.001
0.00103
0.00105
0.00109
0.00111
0.00114
0.00117
0.0012
0.00122
0.00125
0.00127
0.00131
0.00133
0.00136
0.00139
0.00142
0.00145
0.00148
0.00151
0.00154
0.00157
0.0016
0.00163
0.00166
0.00169
0.00172
0.00175
0.00178
0.00181
0.00184
0.00186
0.00188
0.0019
0.00192
0.00194
0.00196
0.00196
0.00197
0.00197
0.00198
0.00197
0.00197
0.00195
0.00194
0.00192
0.0019
0.00187
0.00184
0.00181
0.00177
0.00173
0.00169
0.00164
0.00159
0.00154
0.00149
0.00143
0.00137
0.00131
0.00125
0.00119
0.00112
0.00106
0.00099
0.00092
0.00086
0.00079
0.00073
0.00066
0.0006
0.00053
0.00047
0.00041
0.00035
0.00028
0.00023
0.00017
0.00012
6e-05
0.0
-4e-05
-9e-05
-0.00014
-0.00018
-0.00023
-0.00026
-0.0003
-0.00033
-0.00037
-0.00039
-0.00042
-0.00044
-0.00046
-0.00047
-0.00049
-0.0005
-0.00051
-0.00051
-0.00051
-0.0005
-0.0005
-0.00049
-0.00049
-0.00047
-0.00046
-0.00044
-0.00042
-0.00039
-0.00037
-0.00034
-0.00032
-0.00028
-0.00025
-0.00022
-0.00018
-0.00014
-0.00011
-7e-05
-3e-05
1e-05
5e-05
0.0001
0.00014
0.00018
0.00023
0.00027
0.00032
0.00036
0.00041
0.00046
0.00051
0.00056
0.00061
0.00066
0.00071
0.00077
0.00082
0.00087
0.00092
0.00098
0.00104
0.00109
0.00114
0.0012
0.00125
0.00131
0.00136
0.00142
0.00147
0.00153
0.00158
0.00163
0.00168
0.00173
0.00178
0.00183
0.00187
0.00192
0.00196
0.002
0.00204
0.00207
0.00211
0.00214
0.00216
0.00219
0.00221
0.00223
0.00224
0.00226
0.00226
0.00227
0.00226
0.00226
0.00225
0.00223
0.00222
0.0022
0.00217
0.00214
0.0021
0.00207
0.00203
0.00198
0.00193
0.00188
0.00182
0.00177
0.0017
0.00164
0.00157
0.0015
0.00143
0.00135
0.00128
0.00121
0.00113
0.00105
0.00097
0.0009
0.00082
0.00074
0.00066
0.00059
0.00051
0.00043
0.00035
0.00027
0.0002
0.00013
5e-05
-2e-05
-0.0001
-0.00017
-0.00024
-0.00031
-0.00038
-0.00045
-0.00053
-0.00059
-0.00066
-0.00073
-0.0008
-0.00087
-0.00094
-0.00101
-0.00107
-0.00114
-0.00121
-0.00127
-0.00134
-0.0014
-0.00147
-0.00153
-0.0016
-0.00166
-0.00172
-0.00178
-0.00184
-0.0019
-0.00195
-0.00201
-0.00206
-0.00211
-0.00217
-0.00222
-0.00227
-0.00231
-0.00236
-0.00241
-0.00246
-0.00249
-0.00254
-0.00258
-0.00262
-0.00266
-0.0027
-0.00273
-0.00276
-0.00279
-0.00283
-0.00285
-0.00288
-0.0029
-0.00293
-0.00295
-0.00297
-0.00298
-0.003
-0.00301
-0.00302
-0.00303
-0.00304
-0.00304
-0.00303
-0.00303
-0.00303
-0.00301
-0.003
-0.00298
-0.00297
-0.00294
-0.00292
-0.00288
-0.00285
-0.00282
-0.00278
-0.00274
-0.00269
-0.00264
-0.00259
-0.00253
-0.00247
-0.00241
-0.00234
-0.00227
-0.0022
-0.00213
-0.00205
-0.00197
-0.00189
-0.00181
-0.00172
-0.00164
-0.00154
-0.00145
-0.00136
-0.00126
-0.00117
-0.00107
-0.00098
-0.00087
-0.00078
-0.00068
-0.00058
-0.00047
-0.00038
-0.00028
-0.00018
-8e-05
2e-05
0.00012
0.00022
0.00032
0.00041
0.00051
0.0006
0.0007
0.00079
0.00089
0.00098
0.00108
0.00117
0.00126
0.00135
0.00144
0.00153
0.00161
0.0017
0.00179
0.00187
0.00196
0.00204
0.00212
0.0022
0.00228
0.00235
0.00243
0.0025
0.00257
0.00264
0.0027
0.00277
0.00283
0.00289
0.00295
0.003
0.00305
0.00309
0.00314
0.00318
0.00322
0.00325
0.00328
0.00331
0.00333
0.00335
0.00337
0.00338
0.0034
0.00341
0.00341
0.00341
0.00342
0.00341
0.00341
0.00339
0.00339
0.00337
0.00336
0.00334
0.00332
0.00329
0.00327
0.00324
0.00321
0.00318
0.00315
0.00311
0.00307
0.00303
0.00299
0.00293
0.00289
0.00283
0.00278
0.00272
0.00267
0.0026
0.00254
0.00248
0.00241
0.00234
0.00228
0.0022
0.00213
0.00206
0.00198
0.0019
0.00183
0.00175
0.00168
0.0016
0.00152
0.00144
0.00137
0.00129
0.00122
0.00115
0.00108
0.001
0.00094
0.00087
0.0008
0.00073
0.00067
0.00061
0.00055
0.00049
0.00044
0.00038
0.00033
0.00028
0.00024
0.00019
0.00015
0.0001
6e-05
2e-05
-1e-05
-5e-05
-8e-05
-0.00012
-0.00014
-0.00018
-0.00021
-0.00023
-0.00026
-0.00029
-0.00031
-0.00034
-0.00036
-0.00039
-0.00041
-0.00043
-0.00045
-0.00048
-0.0005
-0.00053
-0.00055
-0.00058
-0.0006
-0.00063
-0.00066
-0.00068
-0.00071
-0.00074
-0.00077
-0.00081
-0.00084
-0.00087
-0.00091
-0.00095
-0.00098
-0.00103
-0.00106
-0.0011
-0.00115
-0.00119
-0.00124
-0.00128
-0.00132
-0.00137
-0.00141
-0.00146
-0.0015
-0.00155
-0.0016
-0.00165
-0.00169
-0.00174
-0.00178
-0.00182
-0.00187
-0.00191
-0.00195
-0.00199
-0.00203
-0.00207
-0.0021
-0.00214
-0.00217
-0.00221
-0.00224
-0.00227
-0.0023
-0.00233
-0.00235
-0.00237
-0.00239
-0.00241
-0.00242
-0.00244
-0.00244
-0.00245
-0.00245
-0.00246
-0.00245
-0.00245
-0.00244
-0.00243
-0.00241
-0.0024
-0.00237
-0.00235
-0.00231
-0.00228
-0.00225
-0.0022
-0.00216
-0.00211
-0.00205
-0.002
-0.00194
-0.00188
-0.00181
-0.00174
-0.00167
-0.0016
-0.00152
-0.00144
-0.00136
-0.00128
-0.0012
-0.00112
-0.00103
-0.00095
-0.00086
-0.00079
-0.0007
-0.00062
-0.00054
-0.00046
-0.00038
-0.00031
-0.00023
-0.00016
-9e-05
-2e-05
4e-05
0.00011
0.00017
0.00023
0.00029
0.00033
0.00039
0.00043
0.00048
0.00052
0.00056
0.00059
0.00063
0.00065
0.00068
0.00071
0.00073
0.00075
0.00076
0.00078
0.00079
0.00079
0.0008
0.0008
0.00081
0.0008
0.0008
0.00079
0.00078
0.00077
0.00075
0.00074
0.00072
0.0007
0.00068
0.00066
0.00064
0.00061
0.00059
0.00056
0.00054
0.00051
0.00049
0.00046
0.00044
0.00042
0.00039
0.00037
0.00035
0.00033
0.00031
0.0003
0.00029
0.00027
0.00026
0.00025
0.00025
0.00025
0.00025
0.00025
0.00026
0.00027
0.00028
0.00029
0.0003
0.00033
0.00035
0.00038
0.00041
0.00043
0.00047
0.0005
0.00055
0.00059
0.00063
0.00068
0.00073
0.00078
0.00084
0.0009
0.00096
0.00102
0.00109
0.00115
0.00122
0.00129
0.00137
0.00144
0.00152
0.00159
0.00167
0.00174
0.00182
0.0019
0.00198
0.00206
0.00213
0.00221
0.00228
0.00236
0.00243
0.0025
0.00257
0.00263
0.0027
0.00276
0.00282
0.00287
0.00293
0.00297
0.00302
0.00306
0.0031
0.00314
0.00317
0.0032
0.00323
0.00325
0.00328
0.0033
0.00332
0.00334
0.00336
0.00337
0.00339
0.0034
0.00342
0.00343
0.00344
0.00346
0.00348
0.0035
0.00352
0.00354
0.00357
0.00359
0.00363
0.00366
0.00369
0.00373
0.00378
0.00382
0.00387
0.00392
0.00398
0.00404
0.0041
0.00417
0.00424
0.00432
0.0044
0.00448
0.00457
0.00466
0.00476
0.00485
0.00496
0.00507
0.00518
0.00529
0.00541
0.00554
0.00567
0.0058
0.00593
0.00607
0.00621
0.00636
0.00651
0.00666
0.00682
0.00697
0.00714
0.00731
0.00747
0.00765
0.00782
0.008
0.00818
0.00836
0.00855
0.00874
0.00893
0.00912
0.00932
0.00951
0.00971
0.0099
0.01011
0.01031
0.01051
0.01071
0.01092
0.01112
0.01133
0.01153
0.01174
0.01194
0.01215
0.01235
0.01256
0.01276
0.01297
0.01317
0.01338
0.01358
0.01378
0.01397
0.01417
0.01437
0.01457
0.01476
0.01495
0.01514
0.01533
0.01552
0.0157
0.01588
0.01606
0.01624
0.01641
0.01658
0.01675
0.01692
0.01708
0.01724
0.0174
0.01755
0.01771
0.01785
0.018
0.01814
0.01828
0.01841
0.01855
0.01867
0.0188
0.01892
0.01904
0.01915
0.01926
0.01936
0.01947
0.01956
0.01966
0.01974
0.01983
0.01991
0.01998
0.02005
0.02012
0.02017
0.02023
0.02028
0.02032
0.02036
0.0204
0.02043
0.02045
0.02047
0.02049
0.02049
0.0205
0.02049
0.02049
0.02048
0.02047
0.02045
0.02043
0.0204
0.02038
0.02035
0.02032
0.02028
0.02025
0.02021
0.02017
0.02013
0.02009
0.02005
0.02001
0.01996
0.01992
0.01988
0.01984
0.01979
0.01975
0.01971
0.01966
0.01962
0.01958
0.01954
0.0195
0.01946
0.01942
0.01938
0.01934
0.0193
0.01926
0.01922
0.01918
0.01914
0.0191
0.01906
0.01903
0.01899
0.01895
0.01891
0.01888
0.01884
0.01881
0.01877
0.01874
0.0187
0.01867
0.01863
0.0186
0.01857
0.01854
0.01851
0.01848
0.01845
0.01842
0.01839
0.01836
0.01833
0.0183
0.01827
0.01824
0.01821
0.01818
0.01815
0.01812
0.01808
0.01805
0.01802
0.01798
0.01795
0.01791
0.01787
0.01784
0.0178
0.01776
0.01772
0.01769
0.01764
0.01761
0.01757
0.01753
0.01749
0.01745
0.01741
0.01737
0.01733
0.01729
0.01725
0.01721
0.01717
0.01713
0.01708
0.01704
0.017
0.01695
0.0169
0.01686
0.0168
0.01675
0.0167
0.01664
0.01658
0.01652
0.01646
0.01639
0.01632
0.01625
0.01617
0.0161
0.01601
0.01593
0.01584
0.01576
0.01567
0.01557
0.01547
0.01538
0.01528
0.01517
0.01507
0.01496
0.01485
0.01474
0.01463
0.01452
0.01441
0.01429
0.01417
0.01406
0.01394
0.01382
0.0137
0.01358
0.01345
0.01333
0.01321
0.01308
0.01295
0.01282
0.01269
0.01256
0.01242
0.01229
0.01215
0.01201
0.01187
0.01173
0.01158
0.01143
0.01128
0.01113
0.01097
0.01081
0.01065
0.01049
0.01033
0.01016
0.00999
0.00982
0.00965
0.00948
0.00931
0.00914
0.00896
0.00879
0.00862
0.00845
0.00828
0.00811
0.00795
0.00779
0.00763
0.00748
0.00732
0.00718
0.00704
0.00691
0.00678
0.00665
0.00654
0.00643
0.00632
0.00623
0.00614
0.00605
0.00597
0.00591
0.00584
0.00578
0.00573
0.00568
0.00564
0.00561
0.00558
0.00555
0.00552
0.0055
0.00548
0.00547
0.00546
0.00545
0.00543
0.00543
0.00541
0.00541
0.0054
0.0054
0.00538
0.00538
0.00537
0.00537
0.00536
0.00535
0.00535
0.00534
0.00534
0.00534
0.00533
0.00533
0.00533
0.00534
0.00535
0.00536
0.00537
0.00538
0.0054
0.00542
0.00545
0.00547
0.0055
0.00554
0.00558
0.00562
0.00565
0.0057
0.00574
0.00579
0.00584
0.00589
0.00593
0.00599
0.00603
0.00608
0.00612
0.00616
0.0062
0.00624
0.00628
0.00631
0.00633
0.00636
0.00637
0.00639
0.0064
0.0064
0.0064
0.0064
0.00639
0.00638
0.00635
0.00633
0.00631
0.00628
0.00625
0.00621
0.00617
0.00613
0.00609
0.00605
0.006
0.00595
0.0059
0.00586
0.00581
0.00576
0.00571
0.00566
0.00562
0.00557
0.00552
0.00548
0.00543
0.00539
0.00534
0.0053
0.00525
0.00521
0.00516
0.00512
0.00508
0.00503
0.00498
0.00493
0.00488
0.00483
0.00477
0.00472
0.00465
0.0046
0.00453
0.00447
0.00439
0.00433
0.00425
0.00418
0.0041
0.00402
0.00394
0.00385
0.00377
0.00369
0.0036
0.00352
0.00343
0.00334
0.00325
0.00317
0.00308
0.003
0.00291
0.00284
0.00275
0.00267
0.00259
0.00251
0.00244
0.00237
0.00229
0.00223
0.00215
0.00208
0.00202
0.00195
0.00188
0.00182
0.00175
0.00169
0.00162
0.00156
0.00149
0.00143
0.00137
0.00131
0.00125
0.00118
0.00112
0.00106
0.001
0.00094
0.00087
0.00081
0.00075
0.00069
0.00064
0.00058
0.00052
0.00046
0.00041
0.00036
0.00031
0.00026
0.00021
0.00017
0.00012
8e-05
4e-05
0.0
-4e-05
-8e-05
-0.00011
-0.00015
-0.00019
-0.00022
-0.00025
-0.00028
-0.00032
-0.00034
-0.00038
-0.00041
-0.00044
-0.00047
-0.0005
-0.00053
-0.00056
-0.00058
-0.00061
-0.00064
-0.00067
-0.00069
-0.00072
-0.00074
-0.00076
-0.00078
-0.0008
-0.00081
-0.00082
-0.00083
-0.00084
-0.00084
-0.00085
-0.00084
-0.00084
-0.00083
-0.00082
-0.00081
-0.00079
-0.00077
-0.00075
-0.00072
-0.00069
-0.00065
-0.00062
-0.00058
-0.00054
-0.0005
-0.00045
-0.0004
-0.00036
-0.00031
-0.00025
-0.0002
-0.00015
-9e-05
-3e-05
3e-05
8e-05
0.00015
0.00021
0.00027
0.00033
0.0004
0.00046
0.00053
0.00059
0.00065
0.00072
0.00078
0.00085
0.00092
0.00099
0.00106
0.00112
0.00119
0.00126
0.00133
0.00139
0.00146
0.00152
0.00158
0.00164
0.0017
0.00175
0.0018
0.00186
0.0019
0.00195
0.00199
0.00202
0.00205
0.00208
0.0021
0.00211
0.00213
0.00213
0.00214
0.00213
0.00212
0.0021
0.00207
0.00205
0.00201
0.00197
0.00193
0.00187
0.00181
0.00175
0.00168
0.0016
0.00152
0.00143
0.00135
0.00125
0.00115
0.00104
0.00093
0.00082
0.0007
0.00058
0.00046
0.00032
0.0002
6e-05
-7e-05
-0.00021
-0.00035
-0.0005
-0.00064
-0.00079
-0.00093
-0.00108
-0.00123
-0.00137
-0.00152
-0.00167
-0.00181
-0.00196
-0.0021
-0.00224
-0.00237
-0.00251
-0.00264
-0.00278
-0.0029
-0.00302
-0.00314
-0.00326
-0.00337
-0.00347
-0.00357
-0.00367
-0.00375
-0.00384
-0.00391
-0.00398
-0.00404
-0.00411
-0.00416
-0.0042
-0.00424
-0.00427
-0.00429
-0.00431
-0.00432
-0.00432
-0.00431
-0.00429
-0.00427
-0.00425
-0.0042
-0.00416
-0.00411
-0.00405
-0.00398
-0.00391
-0.00382
-0.00373
-0.00363
-0.00353
-0.00342
-0.0033
-0.00318
-0.00305
-0.00291
-0.00277
-0.00262
-0.00248
-0.00232
-0.00216
-0.002
-0.00183
-0.00166
-0.00149
-0.00131
-0.00114
-0.00096
-0.00078
-0.00059
-0.00041
-0.00023
-5e-05
0.00014
0.00032
0.00051
0.00069
0.00087
0.00105
0.00123
0.00141
0.00158
0.00176
0.00193
0.0021
0.00227
0.00244
0.0026
0.00276
0.00292
0.00307
0.00323
0.00337
0.00352
0.00365
0.00379
0.00392
0.00405
0.00417
0.00428
0.00439
0.00449
0.00459
0.00468
0.00476
0.00485
0.00492
0.00498
0.00504
0.00509
0.00514
0.00518
0.00521
0.00523
0.00525
0.00526
0.00527
0.00527
0.00526
0.00525
0.00523
0.00521
0.00518
0.00515
0.00511
0.00507
0.00502
0.00497
0.00491
0.00485
0.00478
0.00471
0.00464
0.00457
0.00449
0.00441
0.00432
0.00424
0.00415
0.00406
0.00396
0.00387
0.00377
0.00367
0.00357
0.00347
0.00336
0.00325
0.00315
0.00304
0.00293
0.00282
0.00271
0.00261
0.00249
0.00239
0.00228
0.00217
0.00206
0.00196
0.00185
0.00174
0.00164
0.00153
0.00144
0.00134
0.00124
0.00114
0.00104
0.00095
0.00086
0.00077
0.00067
0.00058
0.00049
0.00041
0.00032
0.00023
0.00014
5e-05
-3e-05
-0.00012
-0.0002
-0.00029
-0.00038
-0.00046
-0.00055
-0.00063
-0.00072
-0.00081
-0.0009
-0.00098
-0.00107
-0.00116
-0.00125
-0.00133
-0.00142
-0.0015
-0.00159
-0.00167
-0.00176
-0.00184
-0.00193
-0.002
-0.00209
-0.00217
-0.00225
-0.00232
-0.0024
-0.00248
-0.00256
-0.00263
-0.0027
-0.00278
-0.00285
-0.00291
-0.00299
-0.00305
-0.00312
-0.00319
-0.00326
-0.00332
-0.00339
-0.00345
-0.00351
-0.00357
-0.00363
-0.00369
-0.00375
-0.00381
-0.00386
-0.00391
-0.00397
-0.00401
-0.00406
-0.0041
-0.00415
-0.00418
-0.00422
-0.00425
-0.00428
-0.00431
-0.00433
-0.00435
-0.00437
-0.00438
-0.00438
-0.00438
-0.00439
-0.00438
-0.00437
-0.00436
-0.00434
-0.00432
-0.0043
-0.00427
-0.00424
-0.0042
-0.00417
-0.00413
-0.00408
-0.00403
-0.00398
-0.00393
-0.00388
-0.00381
-0.00376
-0.00369
-0.00363
-0.00356
-0.00349
-0.00341
-0.00334
-0.00327
-0.00319
-0.00311
-0.00302
-0.00294
-0.00285
-0.00275
-0.00266
-0.00257
-0.00247
-0.00236
-0.00227
-0.00216
-0.00206
-0.00194
-0.00183
-0.00172
-0.00161
-0.00149
-0.00137
-0.00125
-0.00114
-0.00101
-0.0009
-0.00078
-0.00066
-0.00054
-0.00042
-0.0003
-0.00019
-7e-05
4e-05
0.00015
0.00026
0.00037
0.00047
0.00058
0.00068
0.00078
0.00087
0.00096
0.00105
0.00114
0.00122
0.0013
0.00138
0.00146
0.00153
0.00159
0.00166
0.00172
0.00178
0.00184
0.00189
0.00194
0.00199
0.00204
0.00207
0.00211
0.00215
0.00218
0.0022
0.00223
0.00225
0.00226
0.00227
0.00228
0.00228
0.00228
0.00228
0.00227
0.00225
0.00223
0.0022
0.00218
0.00214
0.0021
0.00205
0.00201
0.00195
0.00189
0.00182
0.00175
0.00168
0.00161
0.00153
0.00144
0.00135
0.00127
0.00117
0.00108
0.00097
0.00088
0.00077
0.00067
0.00057
0.00046
0.00036
0.00025
0.00015
5e-05
-6e-05
-0.00016
-0.00026
-0.00036
-0.00045
-0.00054
-0.00064
-0.00073
-0.00082
-0.0009
-0.00098
-0.00106
-0.00114
-0.00121
-0.00128
-0.00135
-0.00141
-0.00147
-0.00153
-0.00158
-0.00163
-0.00167
-0.00172
-0.00176
-0.0018
-0.00182
-0.00186
-0.00188
-0.00191
-0.00192
-0.00194
-0.00194
-0.00195
-0.00195
-0.00195
-0.00194
-0.00193
-0.00191
-0.00189
-0.00186
-0.00184
-0.0018
-0.00176
-0.00172
-0.00168
-0.00163
-0.00157
-0.00151
-0.00145
-0.00138
-0.00133
-0.00125
-0.00118
-0.00111
-0.00103
-0.00095
-0.00088
-0.0008
-0.00072
-0.00064
-0.00056
-0.00048
-0.0004
-0.00031
-0.00023
-0.00015
-8e-05
1e-05
8e-05
0.00016
0.00024
0.00032
0.00039
0.00047
0.00054
0.00062
0.00069
0.00076
0.00084
0.00091
0.00099
0.00106
0.00113
0.00121
0.00128
0.00136
0.00144
0.00152
0.00159
0.00167
0.00175
0.00183
0.0019
0.00198
0.00206
0.00214
0.00222
0.0023
0.00237
0.00245
0.00253
0.00261
0.00268
0.00276
0.00282
0.0029
0.00297
0.00303
0.0031
0.00316
0.00322
0.00329
0.00334
0.0034
0.00345
0.0035
0.00354
0.00359
0.00363
0.00367
0.00369
0.00373
0.00376
0.00378
0.0038
0.00381
0.00383
0.00384
0.00384
0.00385
0.00384
0.00384
0.00383
0.00382
0.00381
0.00379
0.00377
0.00375
0.00372
0.00369
0.00365
0.00362
0.00358
0.00354
0.0035
0.00346
0.00341
0.00336
0.00331
0.00326
0.0032
0.00315
0.00309
0.00303
0.00297
0.0029
0.00283
0.00276
0.00269
0.00262
0.00254
0.00246
0.00237
0.00229
0.0022
0.00211
0.00201
0.00191
0.0018
0.00171
0.00159
0.00148
0.00136
0.00124
0.00112
0.001
0.00087
0.00075
0.00061
0.00048
0.00035
0.00022
8e-05
-4e-05
-0.00018
-0.0003
-0.00043
-0.00056
-0.00068
-0.00081
-0.00092
-0.00103
-0.00114
-0.00124
-0.00135
-0.00144
-0.00153
-0.00161
-0.0017
-0.00177
-0.00184
-0.0019
-0.00197
-0.00202
-0.00207
-0.00212
-0.00216
-0.0022
-0.00223
-0.00226
-0.00229
-0.00231
-0.00234
-0.00235
-0.00236
-0.00237
-0.00238
-0.00238
-0.00239
-0.00239
-0.00239
-0.00238
-0.00237
-0.00236
-0.00234
-0.00232
-0.00231
-0.00228
-0.00226
-0.00222
-0.00219
-0.00215
-0.00212
-0.00207
-0.00203
-0.00198
-0.00193
-0.00187
-0.00182
-0.00175
-0.00169
-0.00162
-0.00156
-0.00149
-0.00142
-0.00134
-0.00127
-0.00119
-0.00112
-0.00104
-0.00096
-0.00088
-0.00081
-0.00073
-0.00065
-0.00057
-0.00049
-0.00041
-0.00033
-0.00025
-0.00018
-0.0001
-2e-05
5e-05
0.00012
0.0002
0.00026
0.00033
0.00039
0.00046
0.00052
0.00058
0.00064
0.00069
0.00074
0.00079
0.00084
0.00088
0.00092
0.00095
0.00098
0.00101
0.00103
0.00105
0.00106
0.00106
0.00107
0.00106
0.00106
0.00105
0.00102
0.001
0.00097
0.00094
0.0009
0.00086
0.00081
0.00077
0.00071
0.00065
0.00059
0.00052
0.00046
0.00039
0.00032
0.00025
0.00017
0.0001
2e-05
-6e-05
-0.00014
-0.00021
-0.0003
-0.00037
-0.00045
-0.00052
-0.0006
-0.00067
-0.00074
-0.00081
-0.00088
-0.00094
-0.00101
-0.00107
-0.00114
-0.00119
-0.00125
-0.0013
-0.00136
-0.0014
-0.00145
-0.0015
-0.00154
-0.00158
-0.00162
-0.00165
-0.00168
-0.00171
-0.00174
-0.00177
-0.00179
-0.00181
-0.00183
-0.00184
-0.00186
-0.00187
-0.00187
-0.00188
-0.00188
-0.00188
-0.00188
-0.00187
-0.00186
-0.00184
-0.00183
-0.00181
-0.00179
-0.00176
-0.00173
-0.0017
-0.00167
-0.00162
-0.00158
-0.00154
-0.00149
-0.00144
-0.00138
-0.00132
-0.00126
-0.0012
-0.00113
-0.00106
-0.00099
-0.00092
-0.00084
-0.00076
-0.00069
-0.0006
-0.00052
-0.00044
-0.00036
-0.00027
-0.00018
-0.0001
-1e-05
8e-05
0.00016
0.00026
0.00034
0.00043
0.00051
0.0006
0.00068
0.00077
0.00085
0.00093
0.001
0.00108
0.00115
0.00123
0.0013
0.00137
0.00143
0.0015
0.00156
0.00162
0.00167
0.00173
0.00178
0.00183
0.00187
0.00191
0.00195
0.00198
0.00202
0.00205
0.00208
0.0021
0.00212
0.00214
0.00215
0.00217
0.00217
0.00218
0.00218
0.00219
0.00218
0.00218
0.00217
0.00216
0.00215
0.00214
0.00212
0.0021
0.00208
0.00206
0.00204
0.00202
0.00198
0.00196
0.00192
0.00189
0.00185
0.00181
0.00177
0.00172
0.00168
0.00163
0.00158
0.00153
0.00146
0.0014
0.00133
0.00127
0.00119
0.00112
0.00104
0.00096
0.00087
0.00078
0.00069
0.00059
0.00049
0.00039
0.00029
0.00019
7e-05
-3e-05
-0.00015
-0.00025
-0.00037
-0.00048
-0.00059
-0.0007
-0.00081
-0.00092
-0.00103
-0.00114
-0.00125
-0.00135
-0.00145
-0.00154
-0.00164
-0.00172
-0.00181
-0.00189
-0.00197
-0.00204
-0.00211
-0.00217
-0.00223
-0.00229
-0.00234
-0.00238
-0.00242
-0.00245
-0.00248
-0.0025
-0.00253
-0.00254
-0.00255
-0.00255
-0.00256
-0.00255
-0.00255
-0.00253
-0.00251
-0.00249
-0.00247
-0.00244
-0.00241
-0.00238
-0.00234
-0.0023
-0.00226
-0.00221
-0.00216
-0.00211
-0.00206
-0.002
-0.00195
-0.00188
-0.00182
-0.00176
-0.0017
-0.00164
-0.00157
-0.0015
-0.00143
-0.00136
-0.00129
-0.00122
-0.00115
-0.00107
-0.001
-0.00092
-0.00085
-0.00077
-0.0007
-0.00062
-0.00055
-0.00048
-0.0004
-0.00032
-0.00025
-0.00017
-0.0001
-2e-05
5e-05
0.00013
0.0002
0.00027
0.00034
0.00041
0.00048
0.00055
0.00062
0.00068
0.00075
0.00082
0.00088
0.00095
0.001
0.00107
0.00113
0.00119
0.00124
0.0013
0.00135
0.00141
0.00146
0.00151
0.00155
0.0016
0.00164
0.00169
0.00172
0.00176
0.0018
0.00183
0.00186
0.00189
0.00191
0.00193
0.00195
0.00197
0.00198
0.00199
0.002
0.002
0.002
0.002
0.002
0.002
0.00198
0.00197
0.00196
0.00195
0.00193
0.00191
0.00189
0.00187
0.00185
0.00183
0.0018
0.00178
0.00176
0.00174
0.00172
0.0017
0.00167
0.00165
0.00163
0.00162
0.00159
0.00158
0.00156
0.00155
0.00153
0.00152
0.00151
0.0015
0.00149
0.00148
0.00148
0.00148
0.00147
0.00147
0.00147
0.00148
0.00148
0.00149
0.00149
0.00151
0.00152
0.00153
0.00155
0.00157
0.00159
0.00161
0.00163
0.00166
0.00168
0.00172
0.00174
0.00178
0.00181
0.00184
0.00187
0.00191
0.00194
0.00197
0.002
0.00203
0.00207
0.0021
0.00213
0.00216
0.00218
0.0022
0.00222
0.00224
0.00225
0.00227
0.00228
0.00229
0.00229
0.0023
0.0023
0.00229
0.00229
0.00228
0.00228
0.00227
0.00225
0.00224
0.00222
0.00221
0.00218
0.00216
0.00213
0.00211
0.00208
0.00205
0.00202
0.00199
0.00195
0.00192
0.00188
0.00184
0.00179
0.00175
0.0017
0.00165
0.00159
0.00154
0.00147
0.00142
0.00135
0.00128
0.00121
0.00114
0.00106
0.00099
0.00091
0.00083
0.00074
0.00066
0.00057
0.00049
0.00039
0.00031
0.00021
0.00013
3e-05
-6e-05
-0.00015
-0.00024
-0.00033
-0.00041
-0.0005
-0.00059
-0.00068
-0.00076
-0.00085
-0.00093
-0.00102
-0.0011
-0.00119
-0.00126
-0.00135
-0.00143
-0.00151
-0.00159
-0.00167
-0.00174
-0.00182
-0.0019
-0.00198
-0.00205
-0.00213
-0.0022
-0.00227
-0.00234
-0.00242
-0.00248
-0.00255
-0.00262
-0.00268
-0.00275
-0.00281
-0.00286
-0.00292
-0.00297
-0.00303
-0.00307
-0.00312
-0.00316
-0.0032
-0.00324
-0.00328
-0.0033
-0.00333
-0.00336
-0.00338
-0.00341
-0.00342
-0.00343
-0.00345
-0.00345
-0.00346
-0.00346
-0.00346
-0.00346
-0.00346
-0.00345
-0.00345
-0.00343
-0.00342
-0.0034
-0.00338
-0.00337
-0.00334
-0.00332
-0.00329
-0.00326
-0.00323
-0.00319
-0.00316
-0.00312
-0.00308
-0.00304
-0.003
-0.00295
-0.0029
-0.00286
-0.00281
-0.00276
-0.00271
-0.00266
-0.0026
-0.00255
-0.0025
-0.00245
-0.0024
-0.00234
-0.00229
-0.00224
-0.0022
-0.00214
-0.0021
-0.00205
-0.00201
-0.00197
-0.00193
-0.00189
-0.00185
-0.00181
-0.00178
-0.00175
-0.00172
-0.00169
-0.00166
-0.00164
-0.00162
-0.00159
-0.00157
-0.00155
-0.00153
-0.00151
-0.0015
-0.00148
-0.00146
-0.00144
-0.00143
-0.00141
-0.0014
-0.00138
-0.00137
-0.00135
-0.00134
-0.00132
-0.0013
-0.00129
-0.00127
-0.00125
-0.00124
-0.00122
-0.0012
-0.00118
-0.00117
-0.00115
-0.00114
-0.00112
-0.0011
-0.00109
-0.00108
-0.00106
-0.00105
-0.00103
-0.00102
-0.00101
-0.001
-0.00099
-0.00098
-0.00097
-0.00097
-0.00096
-0.00095
-0.00094
-0.00094
-0.00094
-0.00094
-0.00093
-0.00092
-0.00092
-0.00092
-0.00091
-0.00091
-0.0009
-0.0009
-0.00089
-0.00089
-0.00088
-0.00087
-0.00086
-0.00086
-0.00085
-0.00084
-0.00083
-0.00082
-0.00081
-0.00081
-0.0008
-0.00079
-0.00078
-0.00077
-0.00075
-0.00075
-0.00074
-0.00073
-0.00072
-0.00071
-0.0007
-0.0007
-0.00069
-0.00068
-0.00068
-0.00067
-0.00067
-0.00066
-0.00066
-0.00065
-0.00065
-0.00065
-0.00065
-0.00065
-0.00064
-0.00065
-0.00064
-0.00065
-0.00064
-0.00064
-0.00064
-0.00065
-0.00065
-0.00065
-0.00064
-0.00064
-0.00064
-0.00064
-0.00064
-0.00064
-0.00063
-0.00063
-0.00062
-0.00062
-0.00061
-0.0006
-0.00059
-0.00059
-0.00058
-0.00056
-0.00055
-0.00053
-0.00051
-0.0005
-0.00047
-0.00045
-0.00042
-0.0004
-0.00037
-0.00034
-0.0003
-0.00027
-0.00022
-0.00018
-0.00014
-9e-05
-3e-05
3e-05
9e-05
0.00015
0.00022
0.00028
0.00036
0.00043
0.00052
0.0006
0.00069
0.00077
0.00087
0.00096
0.00105
0.00115
0.00125
0.00135
0.00146
0.00155
0.00166
0.00176
0.00187
0.00197
0.00207
0.00217
0.00227
0.00237
0.00246
0.00255
0.00264
0.00273
0.00282
0.0029
0.00298
0.00305
0.00312
0.00319
0.00326
0.00331
0.00337
0.00342
0.00347
0.00351
0.00355
0.00358
0.00361
0.00364
0.00366
0.00368
0.0037
0.0037
0.00371
0.00371
0.00371
0.00369
0.00368
0.00366
0.00365
0.00362
0.00359
0.00355
0.00351
0.00347
0.00342
0.00337
0.00331
0.00325
0.00319
0.00312
0.00305
0.00297
0.0029
0.00281
0.00273
0.00264
0.00255
0.00246
0.00236
0.00227
0.00218
0.00208
0.00198
0.00188
0.00179
0.00168
0.00159
0.00149
0.00139
0.00129
0.0012
0.00111
0.00102
0.00092
0.00083
0.00075
0.00067
0.00058
0.00051
0.00043
0.00035
0.00028
0.00022
0.00015
9e-05
3e-05
-2e-05
-8e-05
-0.00013
-0.00017
-0.00021
-0.00025
-0.00028
-0.0003
-0.00032
-0.00034
-0.00035
-0.00036
-0.00036
-0.00036
-0.00034
-0.00033
-0.00031
-0.00028
-0.00025
-0.00022
-0.00018
-0.00013
-8e-05
-3e-05
3e-05
9e-05
0.00016
0.00023
0.00031
0.00038
0.00047
0.00055
0.00064
0.00072
0.00081
0.0009
0.00099
0.00108
0.00117
0.00127
0.00136
0.00144
0.00154
0.00163
0.00172
0.0018
0.00189
0.00197
0.00206
0.00213
0.00221
0.00228
0.00235
0.00241
0.00248
0.00254
0.0026
0.00265
0.0027
0.00274
0.00279
0.00282
0.00286
0.00289
0.00292
0.00294
0.00296
0.00298
0.00299
0.003
0.00301
0.00301
0.00302
0.00301
0.00301
0.00301
0.003
0.00299
0.00299
0.00297
0.00297
0.00295
0.00294
0.00293
0.00291
0.0029
0.00289
0.00288
0.00287
0.00285
0.00285
0.00283
0.00282
0.00281
0.0028
0.00278
0.00278
0.00276
0.00275
0.00273
0.00272
0.0027
0.00269
0.00267
0.00266
0.00263
0.00262
0.00259
0.00258
0.00255
0.00253
0.0025
0.00248
0.00245
0.00242
0.00238
0.00235
0.00232
0.00229
0.00226
0.00223
0.00219
0.00216
0.00212
0.00209
0.00205
0.00201
0.00197
0.00194
0.0019
0.00186
0.00182
0.00177
0.00173
0.00169
0.00164
0.0016
0.00155
0.0015
0.00145
0.0014
0.00134
0.00128
0.00122
0.00116
0.00109
0.00103
0.00096
0.00088
0.00081
0.00074
0.00066
0.00058
0.00049
0.00041
0.00032
0.00024
0.00014
5e-05
-5e-05
-0.00013
-0.00023
-0.00033
-0.00043
-0.00053
-0.00063
-0.00073
-0.00083
-0.00093
-0.00103
-0.00113
-0.00123
-0.00133
-0.00143
-0.00153
-0.00163
-0.00172
-0.00182
-0.00191
-0.00201
-0.0021
-0.00219
-0.00227
-0.00236
-0.00244
-0.00253
-0.00261
-0.00269
-0.00276
-0.00283
-0.0029
-0.00297
-0.00303
-0.00309
-0.00315
-0.0032
-0.00326
-0.0033
-0.00334
-0.00338
-0.00342
-0.00346
-0.00348
-0.00351
-0.00353
-0.00355
-0.00357
-0.00358
-0.00359
-0.00359
-0.00359
-0.00359
-0.00359
-0.00358
-0.00357
-0.00355
-0.00353
-0.00352
-0.00349
-0.00346
-0.00343
-0.0034
-0.00336
-0.00332
-0.00327
-0.00323
-0.00318
-0.00312
-0.00307
-0.00301
-0.00294
-0.00288
-0.00281
-0.00274
-0.00266
-0.00259
-0.00251
-0.00243
-0.00235
-0.00226
-0.00217
-0.00209
-0.00199
-0.0019
-0.00181
-0.00171
-0.00161
-0.00151
-0.00141
-0.00131
-0.00121
-0.00111
-0.001
-0.0009
-0.0008
-0.0007
-0.00059
-0.00049
-0.00038
-0.00028
-0.00018
-7e-05
3e-05
0.00013
0.00023
0.00033
0.00043
0.00052
0.00062
0.00071
0.0008
0.00088
0.00098
0.00106
0.00114
0.00122
0.0013
0.00137
0.00145
0.00152
0.00159
0.00165
0.00171
0.00177
0.00183
0.00188
0.00194
0.00198
0.00203
0.00208
0.00212
0.00216
0.00219
0.00223
0.00227
0.0023
0.00233
0.00236
0.00239
0.00241
0.00244
0.00246
0.00249
0.0025
0.00253
0.00254
0.00256
0.00257
0.00258
0.00259
0.00261
0.00262
0.00263
0.00263
0.00264
0.00264
0.00265
0.00265
0.00266
0.00266
0.00266
0.00266
0.00266
0.00266
0.00266
0.00266
0.00267
0.00267
0.00268
0.00267
0.00268
0.00268
0.0027
0.0027
0.00271
0.00272
0.00274
0.00275
0.00277
0.00278
0.0028
0.00282
0.00284
0.00286
0.00289
0.0029
0.00293
0.00295
0.00298
0.00299
0.00302
0.00303
0.00306
0.00307
0.00309
0.0031
0.00311
0.00312
0.00313
0.00313
0.00313
0.00313
0.00313
0.00312
0.00312
0.0031
0.00309
0.00307
0.00306
0.00304
0.00302
0.003
0.00298
0.00296
0.00293
0.00291
0.00289
0.00286
0.00284
0.00281
0.00279
0.00276
0.00273
0.0027
0.00268
0.00265
0.00262
0.00259
0.00256
0.00253
0.0025
0.00247
0.00243
0.00239
0.00235
0.00231
0.00226
0.00221
0.00216
0.0021
0.00205
0.00198
0.00192
0.00185
0.00177
0.0017
0.00162
0.00154
0.00146
0.00137
0.00128
0.00119
0.0011
0.001
0.00091
0.00081
0.00071
0.00061
0.00051
0.00041
0.00031
0.00022
0.00012
3e-05
-7e-05
-0.00017
-0.00026
-0.00035
-0.00044
-0.00053
-0.00062
-0.00071
-0.00079
-0.00087
-0.00095
-0.00104
-0.00112
-0.00119
-0.00127
-0.00134
-0.00141
-0.00149
-0.00156
-0.00163
-0.00169
-0.00176
-0.00182
-0.00188
-0.00193
-0.00199
-0.00204
-0.00208
-0.00213
-0.00216
-0.0022
-0.00222
-0.00225
-0.00227
-0.00228
-0.00229
-0.00229
-0.00229
-0.00228
-0.00227
-0.00225
-0.00222
-0.00219
-0.00216
-0.00212
-0.00208
-0.00203
-0.00198
-0.00192
-0.00186
-0.0018
-0.00174
-0.00167
-0.0016
-0.00153
-0.00146
-0.00138
-0.00131
-0.00124
-0.00117
-0.0011
-0.00102
-0.00095
-0.00087
-0.0008
-0.00072
-0.00064
-0.00057
-0.00049
-0.00041
-0.00033
-0.00025
-0.00016
-8e-05
1e-05
0.0001
0.0002
0.0003
0.0004
0.00051
0.00062
0.00073
0.00085
0.00097
0.0011
0.00122
0.00135
0.00148
0.00162
0.00175
0.00189
0.00202
0.00216
0.00229
0.00243
0.00256
0.00269
0.00282
0.00295
0.00306
0.00319
0.00329
0.0034
0.0035
0.00361
0.0037
0.00378
0.00386
0.00394
0.00401
0.00408
0.00414
0.0042
0.00424
0.00429
0.00433
0.00438
0.00441
0.00444
0.00446
0.00449
0.00451
0.00453
0.00455
0.00456
0.00458
0.00458
0.00459
0.0046
0.00459
0.0046
0.00459
0.00458
0.00457
0.00456
0.00453
0.00451
0.00448
0.00445
0.00441
0.00436
0.00431
0.00426
0.0042
0.00414
0.00406
0.00399
0.0039
0.00382
0.00372
0.00362
0.00352
0.00341
0.0033
0.00318
0.00306
0.00293
0.0028
0.00267
0.00254
0.0024
0.00226
0.00212
0.00198
0.00184
0.0017
0.00156
0.00141
0.00127
0.00113
0.00098
0.00084
0.0007
0.00056
0.00042
0.00028
0.00015
1e-05
-0.00012
-0.00026
-0.00038
-0.00052
-0.00064
-0.00077
-0.00089
-0.00101
-0.00112
-0.00124
-0.00135
-0.00145
-0.00155
-0.00165
-0.00174
-0.00184
-0.00192
-0.002
-0.00207
-0.00214
-0.0022
-0.00226
-0.00231
-0.00236
-0.0024
-0.00243
-0.00246
-0.00248
-0.00249
-0.0025
-0.0025
-0.0025
-0.00249
-0.00248
-0.00245
-0.00243
-0.0024
-0.00236
-0.00232
-0.00228
-0.00223
-0.00217
-0.00212
-0.00206
-0.00199
-0.00192
-0.00185
-0.00178
-0.0017
-0.00163
-0.00155
-0.00147
-0.00139
-0.00131
-0.00122
-0.00114
-0.00105
-0.00097
-0.00088
-0.0008
-0.00071
-0.00063
-0.00054
-0.00047
-0.00038
-0.00031
-0.00023
-0.00016
-9e-05
-3e-05
4e-05
9e-05
0.00015
0.0002
0.00024
0.00028
0.00032
0.00035
0.00038
0.00039
0.00042
0.00042
0.00043
0.00043
0.00043
0.00041
0.0004
0.00038
0.00036
0.00033
0.0003
0.00026
0.00022
0.00018
0.00013
8e-05
3e-05
-3e-05
-8e-05
-0.00015
-0.00021
-0.00027
-0.00033
-0.0004
-0.00047
-0.00054
-0.00061
-0.00068
-0.00075
-0.00082
-0.00088
-0.00096
-0.00103
-0.0011
-0.00117
-0.00125
-0.00132
-0.00139
-0.00146
-0.00153
-0.0016
-0.00168
-0.00175
-0.00182
-0.00188
-0.00195
-0.00202
-0.00209
-0.00215
-0.00222
-0.00228
-0.00234
-0.0024
-0.00246
-0.00251
-0.00257
-0.00262
-0.00267
-0.00271
-0.00276
-0.00279
-0.00283
-0.00286
-0.0029
-0.00292
-0.00295
-0.00296
-0.00298
-0.00299
-0.00301
-0.00301
-0.00301
-0.00301
-0.003
-0.00299
-0.00297
-0.00295
-0.00292
-0.00289
-0.00286
-0.00282
-0.00279
-0.00274
-0.00269
-0.00264
-0.00258
-0.00252
-0.00246
-0.00239
-0.00232
-0.00225
-0.00217
-0.00208
-0.002
-0.00191
-0.00182
-0.00173
-0.00163
-0.00153
-0.00143
-0.00133
-0.00122
-0.00111
-0.001
-0.00089
-0.00078
-0.00067
-0.00055
-0.00043
-0.00031
-0.00019
-7e-05
5e-05
0.00017
0.00029
0.00041
0.00053
0.00065
0.00077
0.00088
0.001
0.00111
0.00122
0.00134
0.00145
0.00155
0.00166
0.00176
0.00186
0.00195
0.00205
0.00214
0.00223
0.00232
0.0024
0.00248
0.00256
0.00263
0.00271
0.00278
0.00285
0.00292
0.00298
0.00304
0.0031
0.00316
0.00321
0.00326
0.00331
0.00336
0.00341
0.00345
0.00349
0.00352
0.00355
0.00358
0.00361
0.00363
0.00365
0.00366
0.00368
0.00368
0.00369
0.00368
0.00367
0.00365
0.00364
0.00362
0.00359
0.00356
0.00352
0.00347
0.00343
0.00338
0.00333
0.00326
0.0032
0.00314
0.00307
0.00299
0.00292
0.00285
0.00277
0.00269
0.00261
0.00253
0.00245
0.00237
0.00229
0.00221
0.00213
0.00204
0.00197
0.00188
0.00181
0.00172
0.00165
0.00156
0.00149
0.0014
0.00132
0.00124
0.00116
0.00108
0.001
0.00091
0.00083
0.00074
0.00066
0.00057
0.00048
0.00039
0.0003
0.00021
0.00013
4e-05
-5e-05
-0.00014
-0.00023
-0.00031
-0.00039
-0.00047
-0.00054
-0.00062
-0.00069
-0.00076
-0.00082
-0.00088
-0.00093
-0.00099
-0.00103
-0.00108
-0.00112
-0.00116
-0.00119
-0.00122
-0.00124
-0.00126
-0.00128
-0.0013
-0.00131
-0.00133
-0.00134
-0.00135
-0.00136
-0.00138
-0.00138
-0.00139
-0.00141
-0.00142
-0.00144
-0.00145
-0.00147
-0.00149
-0.0015
-0.00153
-0.00155
-0.00158
-0.00161
-0.00164
-0.00167
-0.00171
-0.00174
-0.00178
-0.00182
-0.00186
-0.0019
-0.00194
-0.00199
-0.00203
-0.00207
-0.00212
-0.00216
-0.00221
-0.00225
-0.0023
-0.00234
-0.00239
-0.00243
-0.00248
-0.00253
-0.00257
-0.00262
-0.00266
-0.0027
-0.00275
-0.00279
-0.00284
-0.00287
-0.00292
-0.00296
-0.003
-0.00304
-0.00309
-0.00312
-0.00316
-0.0032
-0.00324
-0.00328
-0.00332
-0.00335
-0.00339
-0.00342
-0.00346
-0.00349
-0.00352
-0.00355
-0.00359
-0.00361
-0.00364
-0.00367
-0.00369
-0.00372
-0.00374
-0.00377
-0.00379
-0.0038
-0.00382
-0.00384
-0.00386
-0.00387
-0.00388
-0.00389
-0.0039
-0.00391
-0.00392
-0.00392
-0.00392
-0.00392
-0.00393
-0.00393
-0.00392
-0.00391
-0.00391
-0.0039
-0.0039
-0.00388
-0.00387
-0.00385
-0.00385
-0.00383
-0.00381
-0.00379
-0.00378
-0.00376
-0.00374
-0.00372
-0.0037
-0.00367
-0.00365
-0.00363
-0.00361
-0.00358
-0.00355
-0.00352
-0.0035
-0.00347
-0.00344
-0.00341
-0.00338
-0.00334
-0.00331
-0.00328
-0.00323
-0.00319
-0.00315
-0.0031
-0.00306
-0.003
-0.00295
-0.00289
-0.00284
-0.00278
-0.00272
-0.00265
-0.00258
-0.00251
-0.00244
-0.00237
-0.00229
-0.00221
-0.00213
-0.00205
-0.00198
-0.00189
-0.00181
-0.00172
-0.00164
-0.00156
-0.00148
-0.00139
-0.00131
-0.00123
-0.00115
-0.00107
-0.001
-0.00092
-0.00084
-0.00077
-0.0007
-0.00063
-0.00056
-0.00049
-0.00042
-0.00036
-0.00029
-0.00023
-0.00017
-0.0001
-5e-05
1e-05
7e-05
0.00013
0.00019
0.00025
0.0003
0.00036
0.00041
0.00047
0.00052
0.00058
0.00063
0.00068
0.00073
0.00078
0.00083
0.00088
0.00092
0.00097
0.00102
0.00106
0.0011
0.00115
0.00118
0.00123
0.00126
0.0013
0.00133
0.00137
0.0014
0.00143
0.00146
0.00149
0.00152
0.00155
0.00158
0.00162
0.00164
0.00167
0.0017
0.00174
0.00177
0.0018
0.00183
0.00187
0.00191
0.00194
0.00198
0.00202
0.00207
0.00211
0.00216
0.00221
0.00225
0.00231
0.00236
0.00242
0.00247
0.00253
0.00259
0.00265
0.00271
0.00277
0.00284
0.0029
0.00296
0.00303
0.00309
0.00316
0.00321
0.00328
0.00334
0.0034
0.00346
0.00352
0.00356
0.00362
0.00367
0.00372
0.00376
0.0038
0.00384
0.00387
0.00391
0.00394
0.00396
0.00398
0.004
0.00401
0.00402
0.00403
0.00403
0.00404
0.00404
0.00403
0.00403
0.00402
0.00401
0.004
0.00398
0.00397
0.00395
0.00393
0.00391
0.0039
0.00387
0.00385
0.00382
0.00381
0.00378
0.00375
0.00373
0.0037
0.00367
0.00364
0.00361
0.00359
0.00355
0.00352
0.00348
0.00345
0.00341
0.00337
0.00332
0.00329
0.00324
0.00319
0.00314
0.00309
0.00304
0.00299
0.00293
0.00288
0.00282
0.00276
0.0027
0.00265
