1.88060161771442E+02

5e-05
-2e-05
-8e-05
-0.00015
-0.0002
-0.00026
-0.00031
-0.00036
-0.00041
-0.00045
-0.00049
-0.00052
-0.00055
-0.00059
-0.00062
-0.00065
-0.00068
-0.00071
-0.00073
-0.00076
-0.00078
-0.00081
-0.00083
-0.00085
-0.00088
-0.0009
-0.00092
-0.00094
-0.00096
-0.00099
-0.00101
-0.00103
-0.00105
-0.00107
-0.00109
-0.00111
-0.00112
-0.00114
-0.00115
-0.00117
-0.00118
-0.00118
-0.00119
-0.00119
-0.00119
-0.00119
-0.00118
-0.00118
-0.00116
-0.00116
-0.00114
-0.00113
-0.00111
-0.00109
-0.00107
-0.00105
-0.00102
-0.001
-0.00097
-0.00094
-0.00091
-0.00089
-0.00086
-0.00083
-0.0008
-0.00078
-0.00075
-0.00072
-0.00069
-0.00067
-0.00064
-0.00061
-0.00059
-0.00056
-0.00054
-0.00051
-0.00048
-0.00047
-0.00044
-0.00042
-0.00039
-0.00037
-0.00035
-0.00033
-0.00031
-0.00029
-0.00027
-0.00025
-0.00024
-0.00022
-0.0002
-0.00019
-0.00017
-0.00017
-0.00016
-0.00015
-0.00014
-0.00015
-0.00014
-0.00015
-0.00015
-0.00016
-0.00017
-0.00019
-0.0002
-0.00022
-0.00024
-0.00026
-0.00029
-0.00032
-0.00035
-0.00039
-0.00042
-0.00046
-0.00049
-0.00054
-0.00057
-0.00062
-0.00066
-0.0007
-0.00075
-0.00079
-0.00083
-0.00087
-0.00091
-0.00095
-0.00099
-0.00103
-0.00106
-0.0011
-0.00113
-0.00116
-0.00119
-0.00122
-0.00125
-0.00128
-0.0013
-0.00132
-0.00134
-0.00136
-0.00138
-0.0014
-0.00142
-0.00143
-0.00144
-0.00146
-0.00147
-0.00149
-0.0015
-0.00151
-0.00152
-0.00154
-0.00155
-0.00156
-0.00157
-0.00158
-0.00159
-0.00161
-0.00162
-0.00164
-0.00165
-0.00167
-0.00169
-0.00171
-0.00173
-0.00176
-0.00178
-0.00181
-0.00184
-0.00187
-0.0019
-0.00194
-0.00197
-0.00202
-0.00206
-0.00211
-0.00215
-0.00221
-0.00226
-0.00232
-0.00237
-0.00244
-0.0025
-0.00256
-0.00263
-0.00269
-0.00276
-0.00282
-0.00289
-0.00296
-0.00302
-0.00309
-0.00315
-0.00322
-0.00328
-0.00334
-0.0034
-0.00346
-0.00351
-0.00357
-0.00362
-0.00366
-0.00371
-0.00375
-0.00379
-0.00383
-0.00386
-0.00389
-0.00392
-0.00395
-0.00397
-0.004
-0.00401
-0.00403
-0.00405
-0.00407
-0.00408
-0.00409
-0.00409
-0.0041
-0.0041
-0.00411
-0.0041
-0.0041
-0.00409
-0.00409
-0.00408
-0.00407
-0.00405
-0.00403
-0.00401
-0.00399
-0.00397
-0.00394
-0.00391
-0.00388
-0.00384
-0.00381
-0.00376
-0.00372
-0.00367
-0.00363
-0.00359
-0.00354
-0.00348
-0.00344
-0.00338
-0.00333
-0.00328
-0.00323
-0.00317
-0.00312
-0.00306
-0.00301
-0.00295
-0.0029
-0.00284
-0.00279
-0.00274
-0.00269
-0.00262
-0.00257
-0.00252
-0.00246
-0.00241
-0.00235
-0.00229
-0.00223
-0.00217
-0.00211
-0.00204
-0.00198
-0.0019
-0.00184
-0.00177
-0.0017
-0.00162
-0.00154
-0.00147
-0.00139
-0.00131
-0.00123
-0.00115
-0.00107
-0.00098
-0.00091
-0.00083
-0.00075
-0.00067
-0.00059
-0.00052
-0.00045
-0.00037
-0.0003
-0.00023
-0.00017
-0.00011
-5e-05
1e-05
7e-05
0.00012
0.00017
0.00022
0.00027
0.00032
0.00036
0.0004
0.00044
0.00048
0.00052
0.00055
0.00058
0.00062
0.00065
0.00069
0.00072
0.00075
0.00078
0.00082
0.00084
0.00088
0.00091
0.00094
0.00096
0.001
0.00103
0.00106
0.00108
0.00111
0.00114
0.00117
0.0012
0.00122
0.00125
0.00127
0.0013
0.00132
0.00134
0.00137
0.00138
0.00141
0.00143
0.00144
0.00146
0.00147
0.00149
0.0015
0.00151
0.00153
0.00153
0.00154
0.00154
0.00155
0.00155
0.00156
0.00155
0.00155
0.00155
0.00154
0.00154
0.00153
0.00152
0.00151
0.0015
0.00149
0.00147
0.00146
0.00144
0.00143
0.0014
0.00139
0.00136
0.00135
0.00133
0.00131
0.00129
0.00127
0.00125
0.00123
0.00122
0.0012
0.00118
0.00117
0.00115
0.00114
0.00112
0.00111
0.0011
0.00109
0.00108
0.00107
0.00106
0.00105
0.00105
0.00104
0.00104
0.00103
0.00102
0.00102
0.00101
0.00101
0.00101
0.001
0.001
0.001
0.00099
0.00099
0.00098
0.00098
0.00097
0.00097
0.00096
0.00096
0.00096
0.00096
0.00095
0.00095
0.00094
0.00094
0.00093
0.00094
0.00093
0.00093
0.00093
0.00092
0.00092
0.00092
0.00092
0.00092
0.00092
0.00092
0.00091
0.00092
0.00091
0.00091
0.0009
0.00091
0.0009
0.00089
0.00089
0.00088
0.00087
0.00087
0.00086
0.00085
0.00084
0.00083
0.00082
0.00081
0.00079
0.00078
0.00077
0.00076
0.00074
0.00073
0.00071
0.0007
0.00068
0.00067
0.00066
0.00065
0.00063
0.00062
0.0006
0.00059
0.00058
0.00057
0.00055
0.00055
0.00053
0.00052
0.00051
0.0005
0.00049
0.00049
0.00048
0.00047
0.00046
0.00046
0.00045
0.00045
0.00044
0.00044
0.00043
0.00043
0.00043
0.00043
0.00042
0.00042
0.00043
0.00043
0.00043
0.00044
0.00044
0.00045
0.00046
0.00047
0.00048
0.0005
0.00051
0.00052
0.00054
0.00055
0.00057
0.00059
0.00061
0.00063
0.00065
0.00068
0.00069
0.00072
0.00074
0.00077
0.0008
0.00083
0.00085
0.00089
0.00091
0.00095
0.00098
0.00101
0.00105
0.00108
0.00112
0.00116
0.0012
0.00125
0.00129
0.00134
0.00138
0.00143
0.00148
0.00154
0.00159
0.00164
0.0017
0.00175
0.00181
0.00187
0.00193
0.00199
0.00205
0.00211
0.00217
0.00223
0.00229
0.00235
0.0024
0.00246
0.0025
0.00256
0.0026
0.00265
0.00269
0.00274
0.00277
0.00281
0.00284
0.00288
0.0029
0.00293
0.00295
0.00297
0.00299
0.00301
0.00302
0.00303
0.00304
0.00304
0.00305
0.00306
0.00306
0.00306
0.00306
0.00306
0.00305
0.00305
0.00305
0.00304
0.00303
0.00303
0.00303
0.00302
0.00301
0.003
0.00299
0.00299
0.00298
0.00297
0.00296
0.00295
0.00294
0.00294
0.00292
0.00292
0.0029
0.0029
0.00289
0.00288
0.00286
0.00285
0.00284
0.00283
0.00282
0.00281
0.0028
0.00279
0.00277
0.00276
0.00274
0.00273
0.00271
0.0027
0.00268
0.00266
0.00263
0.00261
0.00259
0.00256
0.00254
0.00251
0.00248
0.00245
0.00242
0.00239
0.00235
0.00232
0.00227
0.00224
0.00219
0.00215
0.0021
0.00205
0.002
0.00195
0.0019
0.00185
0.00179
0.00173
0.00167
0.00162
0.00155
0.00149
0.00141
0.00135
0.00128
0.00121
0.00113
0.00105
0.00098
0.0009
0.00082
0.00074
0.00066
0.00058
0.00049
0.00041
0.00032
0.00024
0.00015
7e-05
-2e-05
-0.00011
-0.00019
-0.00028
-0.00036
-0.00044
-0.00053
-0.0006
-0.00069
-0.00076
-0.00084
-0.0009
-0.00098
-0.00104
-0.00111
-0.00117
-0.00123
-0.00128
-0.00134
-0.00139
-0.00143
-0.00147
-0.00151
-0.00155
-0.00159
-0.00161
-0.00164
-0.00166
-0.00168
-0.0017
-0.00172
-0.00172
-0.00173
-0.00174
-0.00174
-0.00174
-0.00174
-0.00173
-0.00172
-0.00171
-0.0017
-0.00169
-0.00167
-0.00165
-0.00163
-0.0016
-0.00158
-0.00155
-0.00152
-0.00149
-0.00145
-0.00142
-0.00138
-0.00134
-0.0013
-0.00125
-0.00121
-0.00116
-0.00111
-0.00106
-0.00101
-0.00095
-0.0009
-0.00085
-0.00079
-0.00073
-0.00068
-0.00062
-0.00056
-0.0005
-0.00044
-0.00038
-0.00032
-0.00026
-0.0002
-0.00014
-9e-05
-3e-05
2e-05
8e-05
0.00013
0.00018
0.00023
0.00028
0.00033
0.00038
0.00042
0.00047
0.0005
0.00055
0.00058
0.00062
0.00065
0.00069
0.00071
0.00075
0.00077
0.0008
0.00082
0.00085
0.00087
0.0009
0.00092
0.00094
0.00096
0.00098
0.001
0.00102
0.00103
0.00105
0.00107
0.00109
0.00111
0.00113
0.00115
0.00118
0.0012
0.00122
0.00125
0.00128
0.00131
0.00134
0.00137
0.00141
0.00144
0.00148
0.00152
0.00157
0.00161
0.00166
0.00171
0.00176
0.00183
0.00189
0.00195
0.00202
0.00209
0.00217
0.00225
0.00234
0.00242
0.00252
0.00261
0.00272
0.00282
0.00293
0.00305
0.00316
0.00329
0.00343
0.00356
0.0037
0.00385
0.004
0.00416
0.00433
0.00449
0.00467
0.00484
0.00504
0.00523
0.00542
0.00562
0.00583
0.00604
0.00626
0.00648
0.00671
0.00694
0.00718
0.00742
0.00766
0.00791
0.00816
0.00841
0.00868
0.00894
0.0092
0.00946
0.00973
0.01
0.01027
0.01053
0.01081
0.01107
0.01134
0.01161
0.01188
0.01215
0.01241
0.01267
0.01294
0.0132
0.01345
0.01371
0.01396
0.01422
0.01447
0.01471
0.01496
0.0152
0.01544
0.01568
0.01591
0.01614
0.01637
0.0166
0.01683
0.01705
0.01727
0.01749
0.0177
0.01792
0.01813
0.01834
0.01855
0.01876
0.01896
0.01916
0.01936
0.01956
0.01976
0.01995
0.02014
0.02033
0.02052
0.0207
0.02088
0.02106
0.02124
0.02141
0.02159
0.02175
0.02192
0.02209
0.02225
0.02241
0.02257
0.02272
0.02288
0.02303
0.02318
0.02332
0.02347
0.02361
0.02375
0.02388
0.02402
0.02415
0.02428
0.0244
0.02453
0.02465
0.02477
0.02488
0.025
0.02512
0.02523
0.02534
0.02544
0.02555
0.02566
0.02576
0.02587
0.02597
0.02607
0.02617
0.02627
0.02637
0.02647
0.02657
0.02667
0.02677
0.02687
0.02697
0.02707
0.02716
0.02726
0.02736
0.02746
0.02755
0.02765
0.02774
0.02784
0.02793
0.02802
0.02811
0.02819
0.02827
0.02835
0.02843
0.0285
0.02857
0.02864
0.0287
0.02876
0.02882
0.02887
0.02891
0.02896
0.02899
0.02903
0.02905
0.02908
0.0291
0.02912
0.02913
0.02914
0.02915
0.02915
0.02915
0.02915
0.02915
0.02914
0.02912
0.02911
0.02909
0.02907
0.02905
0.02902
0.02899
0.02896
0.02892
0.02887
0.02883
0.02877
0.02872
0.02866
0.02858
0.02851
0.02843
0.02835
0.02826
0.02816
0.02805
0.02794
0.02782
0.0277
0.02757
0.02744
0.0273
0.02715
0.027
0.02684
0.02668
0.02652
0.02635
0.02618
0.02601
0.02583
0.02565
0.02548
0.0253
0.02512
0.02494
0.02477
0.02459
0.02442
0.02424
0.02407
0.0239
0.02373
0.02357
0.02341
0.02325
0.02309
0.02293
0.02278
0.02263
0.02248
0.02234
0.02219
0.02205
0.02191
0.02178
0.02164
0.0215
0.02138
0.02124
0.02112
0.02099
0.02087
0.02075
0.02063
0.02051
0.0204
0.02028
0.02018
0.02007
0.01997
0.01987
0.01977
0.01967
0.01958
0.01949
0.01941
0.01932
0.01924
0.01916
0.01909
0.01902
0.01895
0.01888
0.01882
0.01875
0.01869
0.01864
0.01858
0.01852
0.01847
0.01842
0.01837
0.01832
0.01828
0.01823
0.01819
0.01815
0.01811
0.01807
0.01803
0.01799
0.01796
0.01793
0.0179
0.01787
0.01785
0.01782
0.01781
0.01779
0.01778
0.01777
0.01776
0.01776
0.01776
0.01776
0.01776
0.01777
0.01778
0.0178
0.01782
0.01783
0.01785
0.01788
0.0179
0.01793
0.01796
0.01798
0.01802
0.01804
0.01807
0.0181
0.01813
0.01816
0.01819
0.01822
0.01825
0.01827
0.0183
0.01832
0.01834
0.01836
0.01839
0.01841
0.01843
0.01845
0.01847
0.01849
0.01851
0.01853
0.01855
0.01857
0.0186
0.01862
0.01865
0.01868
0.01871
0.01875
0.01878
0.01882
0.01887
0.01891
0.01896
0.01901
0.01907
0.01913
0.01919
0.01925
0.01932
0.01939
0.01947
0.01954
0.01962
0.0197
0.01979
0.01987
0.01996
0.02005
0.02014
0.02023
0.02032
0.02042
0.02052
0.02061
0.02071
0.0208
0.0209
0.02099
0.02108
0.02118
0.02127
0.02136
0.02145
0.02154
0.02162
0.02171
0.02179
0.02187
0.02195
0.02203
0.0221
0.02217
0.02224
0.02231
0.02237
0.02243
0.02249
0.02254
0.02259
0.02264
0.02268
0.02272
0.02275
0.02278
0.02281
0.02283
0.02284
0.02285
0.02286
0.02287
0.02287
0.02286
0.02285
0.02284
0.02282
0.0228
0.02278
0.02275
0.02272
0.02268
0.02265
0.02261
0.02258
0.02253
0.02249
0.02245
0.0224
0.02236
0.02231
0.02227
0.02223
0.02218
0.02214
0.02209
0.02205
0.02201
0.02197
0.02193
0.0219
0.02185
0.02182
0.02178
0.02175
0.02171
0.02167
0.02164
0.0216
0.02157
0.02153
0.02149
0.02145
0.02142
0.02138
0.02134
0.0213
0.02125
0.02121
0.02116
0.02112
0.02106
0.02102
0.02096
0.02091
0.02085
0.0208
0.02074
0.02068
0.02062
0.02056
0.0205
0.02043
0.02037
0.0203
0.02023
0.02016
0.02009
0.02002
0.01994
0.01987
0.01979
0.01971
0.01962
0.01954
0.01946
0.01937
0.01928
0.01919
0.01909
0.019
0.01889
0.01879
0.01869
0.01858
0.01847
0.01836
0.01824
0.01813
0.01801
0.01788
0.01776
0.01763
0.0175
0.01737
0.01723
0.0171
0.01696
0.01682
0.01667
0.01653
0.01639
0.01624
0.01609
0.01594
0.01579
0.01564
0.01549
0.01533
0.01518
0.01503
0.01486
0.01471
0.01455
0.0144
0.01424
0.01408
0.01392
0.01377
0.01361
0.01345
0.01329
0.01313
0.01297
0.01282
0.01266
0.01251
0.01234
0.01219
0.01204
0.01189
0.01173
0.01158
0.01142
0.01128
0.01113
0.01098
0.01083
0.01068
0.01054
0.0104
0.01025
0.01011
0.00997
0.00984
0.0097
0.00957
0.00943
0.0093
0.00917
0.00905
0.00892
0.0088
0.00868
0.00855
0.00844
0.00833
0.00821
0.00811
0.00799
0.00789
0.00779
0.00769
0.00759
0.0075
0.0074
0.00732
0.00723
0.00714
0.00706
0.00698
0.00691
0.00683
0.00676
0.00669
0.00662
0.00656
0.00649
0.00644
0.00637
0.00632
0.00626
0.00621
0.00616
0.00611
0.00606
0.00601
0.00597
0.00593
0.00589
0.00585
0.00581
0.00577
0.00573
0.0057
0.00567
0.00564
0.0056
0.00558
0.00555
0.00552
0.0055
0.00547
0.00546
0.00544
0.00542
0.0054
0.00539
0.00537
0.00536
0.00536
0.00534
0.00534
0.00533
0.00533
0.00532
0.00532
0.00532
0.00532
0.00532
0.00533
0.00533
0.00534
0.00534
0.00535
0.00535
0.00536
0.00537
0.00537
0.00538
0.00539
0.0054
0.00541
0.00542
0.00543
0.00544
0.00545
0.00547
0.00548
0.00549
0.00551
0.00553
0.00555
0.00556
0.00559
0.0056
0.00563
0.00565
0.00568
0.00571
0.00573
0.00577
0.0058
0.00583
0.00587
0.0059
0.00594
0.00597
0.00601
0.00605
0.00609
0.00612
0.00616
0.0062
0.00623
0.00626
0.0063
0.00633
0.00636
0.00639
0.00643
0.00645
0.00648
0.0065
0.00652
0.00654
0.00656
0.00657
0.00659
0.0066
0.00662
0.00663
0.00664
0.00665
0.00666
0.00666
0.00667
0.00667
0.00668
0.00668
0.00669
0.00669
0.00669
0.00669
0.00669
0.00669
0.00669
0.00669
0.00669
0.00669
0.00669
0.00668
0.00668
0.00667
0.00667
0.00666
0.00665
0.00664
0.00664
0.00662
0.00662
0.0066
0.00659
0.00658
0.00657
0.00656
0.00656
0.00655
0.00655
0.00654
0.00654
0.00653
0.00654
0.00654
0.00655
0.00656
0.00657
0.00659
0.0066
0.00663
0.00665
0.00668
0.00671
0.00675
0.00679
0.00682
0.00687
0.00691
0.00696
0.007
0.00705
0.0071
0.00715
0.00719
0.00724
0.00729
0.00733
0.00737
0.00741
0.00745
0.00748
0.00751
0.00754
0.00756
0.00758
0.00759
0.0076
0.0076
0.0076
0.00759
0.00758
0.00756
0.00754
0.00752
0.00749
0.00746
0.00742
0.00737
0.00733
0.00728
0.00723
0.00717
0.00712
0.00705
0.00699
0.00692
0.00686
0.00678
0.00671
0.00664
0.00656
0.00649
0.00641
0.00633
0.00625
0.00616
0.00608
0.00599
0.00591
0.00582
0.00573
0.00564
0.00555
0.00546
0.00536
0.00527
0.00517
0.00508
0.00498
0.00488
0.00479
0.00469
0.00459
0.00449
0.00439
0.00428
0.00419
0.00409
0.00399
0.00389
0.00379
0.00369
0.0036
0.00351
0.00342
0.00332
0.00324
0.00315
0.00307
0.00299
0.00291
0.00283
0.00277
0.00269
0.00263
0.00256
0.0025
0.00245
0.0024
0.00235
0.00231
0.00226
0.00223
0.00219
0.00216
0.00213
0.00211
0.00209
0.00208
0.00206
0.00205
0.00204
0.00204
0.00204
0.00204
0.00205
0.00205
0.00206
0.00207
0.00208
0.0021
0.00211
0.00213
0.00215
0.00217
0.00219
0.00221
0.00223
0.00225
0.00227
0.00229
0.00231
0.00234
0.00235
0.00237
0.00239
0.00241
0.00242
0.00243
0.00244
0.00246
0.00246
0.00247
0.00247
0.00247
0.00247
0.00247
0.00246
0.00246
0.00244
0.00243
0.00241
0.0024
0.00237
0.00235
0.00232
0.0023
0.00227
0.00224
0.00221
0.00218
0.00214
0.00211
0.00207
0.00203
0.00199
0.00195
0.00191
0.00187
0.00182
0.00178
0.00173
0.00169
0.00165
0.0016
0.00155
0.0015
0.00145
0.0014
0.00135
0.00131
0.00125
0.0012
0.00114
0.00109
0.00102
0.00097
0.0009
0.00084
0.00078
0.00071
0.00065
0.00058
0.00051
0.00044
0.00037
0.0003
0.00022
0.00015
7e-05
0.0
-7e-05
-0.00015
-0.00023
-0.0003
-0.00037
-0.00045
-0.00052
-0.0006
-0.00067
-0.00074
-0.00081
-0.00088
-0.00095
-0.00101
-0.00108
-0.00114
-0.00121
-0.00127
-0.00134
-0.00139
-0.00145
-0.00151
-0.00156
-0.00162
-0.00167
-0.00171
-0.00176
-0.00181
-0.00186
-0.00189
-0.00194
-0.00197
-0.00201
-0.00204
-0.00208
-0.00211
-0.00214
-0.00216
-0.00219
-0.00221
-0.00223
-0.00224
-0.00225
-0.00226
-0.00227
-0.00227
-0.00227
-0.00227
-0.00226
-0.00225
-0.00225
-0.00222
-0.00221
-0.00219
-0.00216
-0.00214
-0.0021
-0.00207
-0.00203
-0.00199
-0.00195
-0.0019
-0.00185
-0.00179
-0.00174
-0.00168
-0.00162
-0.00155
-0.00148
-0.00141
-0.00133
-0.00126
-0.00118
-0.00109
-0.00101
-0.00092
-0.00084
-0.00074
-0.00065
-0.00056
-0.00046
-0.00037
-0.00027
-0.00017
-7e-05
3e-05
0.00012
0.00022
0.00032
0.00042
0.00051
0.00061
0.0007
0.0008
0.00088
0.00098
0.00106
0.00115
0.00122
0.00131
0.00138
0.00146
0.00153
0.00159
0.00166
0.00173
0.00179
0.00185
0.0019
0.00195
0.002
0.00205
0.00209
0.00214
0.00217
0.00221
0.00225
0.00228
0.00231
0.00234
0.00237
0.0024
0.00242
0.00245
0.00247
0.0025
0.00251
0.00254
0.00255
0.00258
0.00259
0.00261
0.00263
0.00264
0.00266
0.00267
0.00269
0.00271
0.00272
0.00274
0.00275
0.00277
0.00278
0.0028
0.00281
0.00283
0.00284
0.00286
0.00288
0.00289
0.0029
0.00292
0.00293
0.00295
0.00296
0.00298
0.00299
0.00301
0.00302
0.00304
0.00305
0.00307
0.00308
0.0031
0.00311
0.00312
0.00314
0.00315
0.00316
0.00318
0.0032
0.00321
0.00322
0.00324
0.00325
0.00327
0.00328
0.0033
0.00331
0.00333
0.00334
0.00336
0.00338
0.00339
0.00341
0.00342
0.00344
0.00346
0.00347
0.00349
0.0035
0.00352
0.00353
0.00355
0.00356
0.00358
0.00359
0.0036
0.00361
0.00362
0.00364
0.00365
0.00366
0.00368
0.00369
0.0037
0.00371
0.00372
0.00373
0.00374
0.00374
0.00375
0.00376
0.00376
0.00377
0.00377
0.00378
0.00378
0.00378
0.00378
0.00377
0.00377
0.00377
0.00377
0.00375
0.00375
0.00373
0.00373
0.00371
0.00369
0.00367
0.00365
0.00363
0.00361
0.00358
0.00356
0.00352
0.0035
0.00346
0.00343
0.00339
0.00335
0.00331
0.00327
0.00322
0.00318
0.00313
0.00308
0.00303
0.00297
0.00292
0.00286
0.00279
0.00274
0.00267
0.00261
0.00254
0.00247
0.0024
0.00234
0.00226
0.00219
0.00211
0.00204
0.00197
0.00189
0.00182
0.00175
0.00166
0.00159
0.00152
0.00145
0.00137
0.0013
0.00123
0.00116
0.00109
0.00102
0.00096
0.00089
0.00083
0.00077
0.00071
0.00065
0.00059
0.00053
0.00047
0.00042
0.00037
0.00032
0.00026
0.00021
0.00016
0.00011
6e-05
1e-05
-4e-05
-8e-05
-0.00013
-0.00018
-0.00023
-0.00027
-0.00032
-0.00036
-0.00041
-0.00045
-0.0005
-0.00054
-0.00058
-0.00062
-0.00066
-0.0007
-0.00074
-0.00077
-0.00081
-0.00084
-0.00087
-0.0009
-0.00093
-0.00095
-0.00098
-0.001
-0.00103
-0.00104
-0.00106
-0.00107
-0.00109
-0.00111
-0.00112
-0.00112
-0.00113
-0.00114
-0.00115
-0.00115
-0.00116
-0.00116
-0.00116
-0.00116
-0.00117
-0.00116
-0.00117
-0.00117
-0.00117
-0.00117
-0.00117
-0.00117
-0.00116
-0.00116
-0.00117
-0.00116
-0.00117
-0.00116
-0.00117
-0.00117
-0.00117
-0.00117
-0.00118
-0.00118
-0.00119
-0.00119
-0.0012
-0.0012
-0.00121
-0.00122
-0.00123
-0.00124
-0.00125
-0.00126
-0.00128
-0.00129
-0.00131
-0.00132
-0.00134
-0.00136
-0.00138
-0.0014
-0.00142
-0.00144
-0.00146
-0.00148
-0.0015
-0.00152
-0.00154
-0.00156
-0.00159
-0.0016
-0.00163
-0.00164
-0.00166
-0.00168
-0.0017
-0.00172
-0.00173
-0.00174
-0.00176
-0.00177
-0.00178
-0.00179
-0.0018
-0.0018
-0.00181
-0.00181
-0.00182
-0.00182
-0.00182
-0.00183
-0.00183
-0.00183
-0.00183
-0.00183
-0.00183
-0.00183
-0.00184
-0.00183
-0.00184
-0.00184
-0.00185
-0.00185
-0.00186
-0.00186
-0.00187
-0.00187
-0.00189
-0.0019
-0.00191
-0.00192
-0.00193
-0.00194
-0.00196
-0.00198
-0.00199
-0.00201
-0.00203
-0.00204
-0.00206
-0.00207
-0.00209
-0.0021
-0.00212
-0.00213
-0.00214
-0.00215
-0.00215
-0.00216
-0.00217
-0.00216
-0.00217
-0.00216
-0.00216
-0.00215
-0.00214
-0.00212
-0.00211
-0.00209
-0.00208
-0.00205
-0.00203
-0.002
-0.00197
-0.00194
-0.00191
-0.00187
-0.00183
-0.00179
-0.00175
-0.00171
-0.00167
-0.00162
-0.00158
-0.00153
-0.00148
-0.00143
-0.00138
-0.00133
-0.00127
-0.00122
-0.00117
-0.00111
-0.00106
-0.001
-0.00095
-0.0009
-0.00085
-0.00079
-0.00074
-0.00069
-0.00064
-0.00059
-0.00054
-0.00049
-0.00044
-0.00039
-0.00035
-0.0003
-0.00025
-0.00021
-0.00017
-0.00013
-9e-05
-5e-05
-1e-05
3e-05
6e-05
9e-05
0.00013
0.00016
0.00019
0.00023
0.00025
0.00029
0.00031
0.00035
0.00038
0.00041
0.00043
0.00047
0.00049
0.00052
0.00055
0.00058
0.00061
0.00065
0.00068
0.00071
0.00074
0.00077
0.0008
0.00084
0.00086
0.0009
0.00092
0.00096
0.00099
0.00102
0.00105
0.00108
0.00112
0.00115
0.00118
0.00121
0.00124
0.00127
0.0013
0.00133
0.00136
0.00139
0.00142
0.00145
0.00147
0.0015
0.00153
0.00155
0.00157
0.0016
0.00162
0.00164
0.00165
0.00167
0.00168
0.0017
0.0017
0.00171
0.00171
0.00171
0.00171
0.0017
0.00169
0.00167
0.00165
0.00163
0.0016
0.00158
0.00153
0.0015
0.00145
0.00141
0.00135
0.0013
0.00123
0.00118
0.0011
0.00103
0.00096
0.00088
0.0008
0.00072
0.00063
0.00054
0.00045
0.00036
0.00026
0.00016
6e-05
-4e-05
-0.00015
-0.00024
-0.00035
-0.00046
-0.00057
-0.00068
-0.00078
-0.00089
-0.001
-0.00111
-0.00122
-0.00133
-0.00144
-0.00154
-0.00166
-0.00176
-0.00187
-0.00197
-0.00208
-0.00218
-0.00229
-0.00239
-0.00249
-0.00258
-0.00268
-0.00276
-0.00286
-0.00294
-0.00302
-0.0031
-0.00318
-0.00325
-0.00332
-0.00337
-0.00344
-0.00349
-0.00354
-0.00358
-0.00362
-0.00365
-0.00368
-0.0037
-0.00372
-0.00373
-0.00374
-0.00373
-0.00373
-0.00372
-0.0037
-0.00367
-0.00364
-0.00361
-0.00357
-0.00352
-0.00347
-0.00341
-0.00335
-0.00328
-0.00321
-0.00313
-0.00305
-0.00296
-0.00287
-0.00278
-0.00268
-0.00258
-0.00248
-0.00237
-0.00226
-0.00216
-0.00204
-0.00193
-0.00182
-0.0017
-0.00159
-0.00147
-0.00136
-0.00124
-0.00113
-0.00102
-0.00091
-0.00079
-0.00068
-0.00057
-0.00047
-0.00036
-0.00026
-0.00015
-5e-05
5e-05
0.00014
0.00024
0.00034
0.00043
0.00052
0.00061
0.00069
0.00078
0.00087
0.00095
0.00103
0.0011
0.00118
0.00125
0.00132
0.00139
0.00145
0.00151
0.00157
0.00162
0.00167
0.00172
0.00176
0.0018
0.00184
0.00187
0.00189
0.00191
0.00193
0.00195
0.00196
0.00197
0.00196
0.00197
0.00196
0.00195
0.00193
0.00192
0.0019
0.00188
0.00185
0.00183
0.00179
0.00176
0.00173
0.00169
0.00165
0.00161
0.00156
0.00152
0.00148
0.00143
0.00138
0.00133
0.00127
0.00122
0.00117
0.00111
0.00105
0.00099
0.00093
0.00086
0.0008
0.00073
0.00065
0.00059
0.00051
0.00043
0.00035
0.00027
0.00018
0.0001
1e-05
-7e-05
-0.00017
-0.00026
-0.00035
-0.00044
-0.00054
-0.00063
-0.00073
-0.00082
-0.00092
-0.00101
-0.00111
-0.0012
-0.00129
-0.00138
-0.00147
-0.00156
-0.00164
-0.00173
-0.0018
-0.00188
-0.00195
-0.00202
-0.00209
-0.00215
-0.00222
-0.00227
-0.00233
-0.00238
-0.00243
-0.00247
-0.00252
-0.00256
-0.00259
-0.00263
-0.00266
-0.00268
-0.00271
-0.00273
-0.00276
-0.00278
-0.0028
-0.00281
-0.00284
-0.00285
-0.00287
-0.00288
-0.0029
-0.00291
-0.00293
-0.00295
-0.00296
-0.00298
-0.003
-0.00301
-0.00303
-0.00305
-0.00307
-0.00308
-0.0031
-0.00312
-0.00314
-0.00315
-0.00316
-0.00318
-0.00319
-0.0032
-0.0032
-0.0032
-0.0032
-0.0032
-0.0032
-0.00318
-0.00317
-0.00315
-0.00313
-0.0031
-0.00307
-0.00303
-0.003
-0.00295
-0.0029
-0.00285
-0.00279
-0.00273
-0.00267
-0.0026
-0.00253
-0.00246
-0.00238
-0.0023
-0.00222
-0.00214
-0.00206
-0.00197
-0.00189
-0.0018
-0.00172
-0.00163
-0.00154
-0.00145
-0.00137
-0.00128
-0.00119
-0.0011
-0.00102
-0.00093
-0.00084
-0.00075
-0.00067
-0.00057
-0.00049
-0.0004
-0.00031
-0.00022
-0.00013
-4e-05
5e-05
0.00014
0.00022
0.00032
0.0004
0.00049
0.00058
0.00067
0.00075
0.00084
0.00092
0.001
0.00108
0.00115
0.00123
0.0013
0.00137
0.00143
0.00149
0.00155
0.0016
0.00165
0.0017
0.00174
0.00177
0.00181
0.00184
0.00186
0.00188
0.0019
0.00192
0.00193
0.00194
0.00194
0.00194
0.00194
0.00194
0.00193
0.00192
0.00191
0.0019
0.00189
0.00187
0.00185
0.00183
0.00181
0.00179
0.00177
0.00175
0.00173
0.0017
0.00167
0.00164
0.00162
0.00159
0.00156
0.00152
0.00149
0.00146
0.00142
0.00139
0.00135
0.00131
0.00127
0.00123
0.00119
0.00115
0.00111
0.00106
0.00103
0.00098
0.00094
0.0009
0.00086
0.00082
0.00078
0.00074
0.00071
0.00068
0.00065
0.00062
0.0006
0.00057
0.00056
0.00054
0.00053
0.00052
0.00052
0.00051
0.00052
0.00052
0.00052
0.00053
0.00055
0.00056
0.00059
0.00061
0.00063
0.00065
0.00068
0.00071
0.00074
0.00077
0.0008
0.00082
0.00085
0.00088
0.0009
0.00093
0.00095
0.00097
0.00099
0.001
0.00102
0.00102
0.00104
0.00104
0.00104
0.00104
0.00104
0.00103
0.00102
0.00101
0.00099
0.00098
0.00096
0.00094
0.00092
0.00089
0.00087
0.00084
0.00082
0.00079
0.00077
0.00074
0.00072
0.00069
0.00067
0.00065
0.00062
0.0006
0.00058
0.00057
0.00056
0.00054
0.00054
0.00052
0.00052
0.00052
0.00052
0.00052
0.00052
0.00052
0.00053
0.00054
0.00055
0.00057
0.00058
0.0006
0.00062
0.00064
0.00067
0.00068
0.00071
0.00074
0.00077
0.00079
0.00082
0.00085
0.00088
0.00091
0.00094
0.00097
0.001
0.00103
0.00107
0.0011
0.00114
0.00117
0.00121
0.00124
0.00128
0.00132
0.00136
0.0014
0.00144
0.00148
0.00153
0.00157
0.00162
0.00167
0.00172
0.00177
0.00183
0.00187
0.00193
0.00199
0.00205
0.0021
0.00216
0.00222
0.00228
0.00234
0.0024
0.00245
0.00251
0.00256
0.00262
0.00267
0.00272
0.00277
0.00282
0.00286
0.0029
0.00294
0.00298
0.00301
0.00304
0.00307
0.00309
0.00312
0.00313
0.00315
0.00317
0.00318
0.0032
0.0032
0.00322
0.00322
0.00324
0.00324
0.00325
0.00326
0.00327
0.00328
0.00329
0.0033
0.00331
0.00333
0.00334
0.00336
0.00338
0.00339
0.00342
0.00344
0.00347
0.00349
0.00352
0.00354
0.00357
0.00359
0.00362
0.00364
0.00367
0.00369
0.00372
0.00374
0.00376
0.00378
0.0038
0.00381
0.00383
0.00383
0.00384
0.00385
0.00385
0.00385
0.00385
0.00384
0.00382
0.00381
0.0038
0.00378
0.00376
0.00373
0.0037
0.00367
0.00364
0.0036
0.00356
0.00352
0.00348
0.00343
0.00338
0.00333
0.00328
0.00322
0.00317
0.00311
0.00306
0.00299
0.00294
0.00287
0.00281
0.00275
0.00269
0.00262
0.00256
0.00249
0.00243
0.00236
0.00229
0.00223
0.00216
0.00209
0.00202
0.00195
0.00188
0.00181
0.00175
0.00167
0.00161
0.00153
0.00147
0.0014
0.00133
0.00126
0.0012
0.00113
0.00107
0.00101
0.00095
0.00089
0.00084
0.00078
0.00073
0.00068
0.00064
0.0006
0.00056
0.00053
0.0005
0.00047
0.00045
0.00044
0.00043
0.00042
0.00042
0.00042
0.00043
0.00043
0.00045
0.00046
0.00048
0.0005
0.00053
0.00056
0.00059
0.00062
0.00065
0.00069
0.00073
0.00076
0.0008
0.00084
0.00088
0.00091
0.00096
0.00099
0.00103
0.00106
0.0011
0.00114
0.00117
0.00121
0.00124
0.00127
0.00131
0.00134
0.00138
0.0014
0.00144
0.00147
0.0015
0.00153
0.00157
0.00159
0.00163
0.00166
0.00169
0.00172
0.00175
0.00178
0.00181
0.00184
0.00187
0.00189
0.00192
0.00194
0.00196
0.00198
0.002
0.00201
0.00202
0.00203
0.00204
0.00204
0.00204
0.00203
0.00203
0.00202
0.00201
0.00198
0.00197
0.00194
0.00192
0.00188
0.00185
0.00181
0.00178
0.00173
0.00168
0.00163
0.00158
0.00153
0.00148
0.00142
0.00136
0.00129
0.00123
0.00117
0.0011
0.00103
0.00096
0.00089
0.00083
0.00075
0.00068
0.00061
0.00053
0.00046
0.00039
0.00032
0.00025
0.00018
0.00011
4e-05
-2e-05
-9e-05
-0.00015
-0.00022
-0.00028
-0.00034
-0.00039
-0.00045
-0.0005
-0.00055
-0.00059
-0.00064
-0.00068
-0.00072
-0.00075
-0.00079
-0.00081
-0.00084
-0.00086
-0.00089
-0.0009
-0.00091
-0.00093
-0.00094
-0.00094
-0.00094
-0.00094
-0.00094
-0.00093
-0.00092
-0.0009
-0.00089
-0.00087
-0.00085
-0.00083
-0.00081
-0.00078
-0.00075
-0.00072
-0.00069
-0.00066
-0.00063
-0.00059
-0.00055
-0.00051
-0.00048
-0.00043
-0.00039
-0.00035
-0.00031
-0.00027
-0.00023
-0.00018
-0.00014
-0.0001
-6e-05
-2e-05
2e-05
6e-05
0.0001
0.00014
0.00017
0.00021
0.00024
0.00028
0.0003
0.00034
0.00036
0.0004
0.00042
0.00044
0.00047
0.00049
0.00051
0.00053
0.00055
0.00057
0.00057
0.00059
0.0006
0.00062
0.00062
0.00063
0.00063
0.00065
0.00065
0.00065
0.00065
0.00065
0.00065
0.00065
0.00065
0.00065
0.00064
0.00063
0.00062
0.00062
0.00061
0.0006
0.00059
0.00058
0.00057
0.00056
0.00054
0.00052
0.00051
0.00049
0.00048
0.00046
0.00043
0.00042
0.00039
0.00037
0.00034
0.00032
0.00028
0.00026
0.00022
0.00019
0.00016
0.00012
8e-05
4e-05
0.0
-3e-05
-8e-05
-0.00012
-0.00017
-0.00021
-0.00026
-0.0003
-0.00035
-0.00039
-0.00044
-0.00049
-0.00054
-0.00059
-0.00064
-0.00068
-0.00073
-0.00078
-0.00083
-0.00087
-0.00092
-0.00097
-0.00102
-0.00106
-0.00111
-0.00115
-0.0012
-0.00125
-0.0013
-0.00134
-0.00139
-0.00143
-0.00148
-0.00152
-0.00157
-0.00161
-0.00165
-0.00169
-0.00173
-0.00177
-0.00181
-0.00184
-0.00187
-0.00191
-0.00194
-0.00196
-0.00199
-0.00201
-0.00203
-0.00204
-0.00206
-0.00207
-0.00208
-0.00208
-0.00209
-0.00209
-0.00209
-0.00208
-0.00207
-0.00206
-0.00205
-0.00204
-0.00202
-0.002
-0.00198
-0.00196
-0.00194
-0.00191
-0.00189
-0.00185
-0.00183
-0.0018
-0.00177
-0.00173
-0.0017
-0.00166
-0.00163
-0.00159
-0.00155
-0.00151
-0.00147
-0.00142
-0.00138
-0.00133
-0.00129
-0.00124
-0.00119
-0.00113
-0.00108
-0.00102
-0.00097
-0.00091
-0.00085
-0.00079
-0.00073
-0.00067
-0.00061
-0.00054
-0.00048
-0.00041
-0.00036
-0.00029
-0.00023
-0.00016
-0.00011
-4e-05
2e-05
8e-05
0.00014
0.0002
0.00026
0.00032
0.00038
0.00044
0.0005
0.00056
0.00062
0.00069
0.00075
0.00082
0.00088
0.00096
0.00103
0.0011
0.00118
0.00125
0.00134
0.00142
0.00151
0.0016
0.00168
0.00178
0.00187
0.00197
0.00206
0.00216
0.00226
0.00237
0.00246
0.00256
0.00266
0.00276
0.00286
0.00296
0.00306
0.00316
0.00325
0.00334
0.00343
0.00352
0.0036
0.00369
0.00377
0.00385
0.00393
0.004
0.00407
0.00414
0.00421
0.00428
0.00434
0.00441
0.00446
0.00453
0.00458
0.00464
0.00469
0.00475
0.0048
0.00485
0.00489
0.00494
0.00498
0.00502
0.00506
0.0051
0.00513
0.00516
0.00518
0.00521
0.00523
0.00525
0.00526
0.00527
0.00527
0.00527
0.00526
0.00525
0.00524
0.00522
0.00519
0.00517
0.00513
0.0051
0.00505
0.00501
0.00496
0.00491
0.00484
0.00478
0.00471
0.00465
0.00457
0.0045
0.00442
0.00433
0.00425
0.00417
0.00408
0.00399
0.00389
0.0038
0.00371
0.00361
0.00352
0.00342
0.00332
0.00323
0.00313
0.00304
0.00294
0.00285
0.00275
0.00266
0.00257
0.00249
0.0024
0.00232
0.00223
0.00216
0.00208
0.002
0.00193
0.00186
0.0018
0.00173
0.00167
0.00161
0.00156
0.00151
0.00146
0.00142
0.00137
0.00134
0.0013
0.00126
0.00123
0.0012
0.00117
0.00114
0.00112
0.00109
0.00107
0.00104
0.00102
0.001
0.00098
0.00097
0.00094
0.00093
0.00091
0.00089
0.00087
0.00085
0.00083
0.00081
0.00079
0.00077
0.00075
0.00073
0.00071
0.00069
0.00067
0.00065
0.00062
0.0006
0.00058
0.00056
0.00054
0.00052
0.0005
0.00049
0.00047
0.00045
0.00043
0.00041
0.0004
0.00039
0.00037
0.00036
0.00034
0.00033
0.00032
0.00031
0.00029
0.00028
0.00027
0.00026
0.00024
0.00023
0.00022
0.0002
0.00019
0.00017
0.00016
0.00014
0.00012
0.00011
9e-05
7e-05
5e-05
3e-05
0.0
-1e-05
-4e-05
-6e-05
-8e-05
-0.0001
-0.00012
-0.00014
-0.00015
-0.00017
-0.00019
-0.00019
-0.00021
-0.00021
-0.00022
-0.00023
-0.00023
-0.00022
-0.00022
-0.00021
-0.0002
-0.00019
-0.00018
-0.00015
-0.00013
-0.00011
-9e-05
-6e-05
-3e-05
1e-05
3e-05
7e-05
0.0001
0.00014
0.00017
0.0002
0.00023
0.00025
0.00028
0.00031
0.00033
0.00035
0.00036
0.00037
0.00037
0.00038
0.00037
0.00037
0.00035
0.00034
0.00031
0.00029
0.00025
0.00022
0.00018
0.00013
9e-05
4e-05
-2e-05
-8e-05
-0.00015
-0.00021
-0.00028
-0.00035
-0.00043
-0.0005
-0.00057
-0.00065
-0.00073
-0.00081
-0.00089
-0.00097
-0.00105
-0.00112
-0.00121
-0.00129
-0.00137
-0.00144
-0.00152
-0.00159
-0.00167
-0.00174
-0.00181
-0.00188
-0.00195
-0.00202
-0.00208
-0.00214
-0.0022
-0.00225
-0.00231
-0.00235
-0.00241
-0.00244
-0.00249
-0.00252
-0.00256
-0.00258
-0.00261
-0.00263
-0.00264
-0.00266
-0.00266
-0.00266
-0.00265
-0.00264
-0.00262
-0.0026
-0.00257
-0.00254
-0.0025
-0.00245
-0.00241
-0.00235
-0.00229
-0.00222
-0.00215
-0.00207
-0.00199
-0.00191
-0.00181
-0.00172
-0.00162
-0.00152
-0.00142
-0.0013
-0.0012
-0.00108
-0.00097
-0.00084
-0.00072
-0.0006
-0.00048
-0.00036
-0.00023
-0.0001
2e-05
0.00015
0.00027
0.0004
0.00053
0.00066
0.00078
0.0009
0.00102
0.00115
0.00127
0.00139
0.0015
0.00162
0.00173
0.00184
0.00195
0.00206
0.00216
0.00227
0.00237
0.00247
0.00256
0.00265
0.00274
0.00283
0.0029
0.00298
0.00306
0.00312
0.00319
0.00326
0.00332
0.00338
0.00342
0.00348
0.00352
0.00356
0.0036
0.00363
0.00366
0.00369
0.00371
0.00373
0.00375
0.00376
0.00378
0.00379
0.0038
0.00381
0.0038
0.00381
0.00381
0.00381
0.00381
0.00381
0.0038
0.0038
0.00379
0.00378
0.00378
0.00377
0.00376
0.00375
0.00374
0.00373
0.00371
0.0037
0.00369
0.00367
0.00365
0.00364
0.00361
0.00359
0.00357
0.00354
0.00351
0.00348
0.00344
0.00341
0.00337
0.00333
0.00328
0.00323
0.00318
0.00313
0.00307
0.00302
0.00295
0.00289
0.00282
0.00275
0.00268
0.00261
0.00253
0.00246
0.00238
0.0023
0.00221
0.00213
0.00205
0.00197
0.00188
0.00179
0.0017
0.00161
0.00152
0.00143
0.00134
0.00124
0.00115
0.00106
0.00097
0.00087
0.00077
0.00068
0.00058
0.00049
0.00038
0.00029
0.00019
9e-05
-1e-05
-0.00011
-0.00022
-0.00032
-0.00042
-0.00052
-0.00063
-0.00072
-0.00083
-0.00093
-0.00104
-0.00114
-0.00124
-0.00134
-0.00145
-0.00154
-0.00165
-0.00175
-0.00185
-0.00195
-0.00204
-0.00214
-0.00223
-0.00232
-0.00242
-0.00251
-0.0026
-0.00268
-0.00277
-0.00285
-0.00294
-0.00301
-0.0031
-0.00317
-0.00324
-0.00332
-0.00338
-0.00344
-0.0035
-0.00355
-0.00361
-0.00366
-0.0037
-0.00374
-0.00378
-0.0038
-0.00383
-0.00385
-0.00387
-0.00388
-0.00389
-0.00389
-0.00388
-0.00388
-0.00386
-0.00385
-0.00383
-0.0038
-0.00378
-0.00374
-0.00372
-0.00368
-0.00364
-0.0036
-0.00356
-0.00352
-0.00348
-0.00344
-0.00339
-0.00335
-0.00331
-0.00327
-0.00323
-0.00319
-0.00315
-0.00311
-0.00308
-0.00304
-0.00301
-0.00297
-0.00295
-0.00292
-0.00289
-0.00286
-0.00283
-0.0028
-0.00277
-0.00274
-0.00271
-0.00268
-0.00265
-0.00262
-0.00259
-0.00255
-0.00252
-0.00248
-0.00244
-0.00241
-0.00237
-0.00233
-0.00229
-0.00224
-0.0022
-0.00216
-0.00212
-0.00208
-0.00204
-0.00199
-0.00196
-0.00192
-0.00188
-0.00184
-0.00181
-0.00178
-0.00175
-0.00173
-0.0017
-0.00168
-0.00165
-0.00163
-0.00162
-0.0016
-0.0016
-0.00158
-0.00158
-0.00157
-0.00157
-0.00156
-0.00156
-0.00156
-0.00156
-0.00157
-0.00157
-0.00157
-0.00157
-0.00157
-0.00158
-0.00158
-0.00159
-0.00159
-0.0016
-0.00161
-0.00162
-0.00162
-0.00164
-0.00165
-0.00166
-0.00167
-0.00168
-0.0017
-0.00171
-0.00173
-0.00175
-0.00177
-0.00179
-0.00181
-0.00184
-0.00186
-0.00189
-0.00191
-0.00194
-0.00197
-0.002
-0.00203
-0.00206
-0.00209
-0.00211
-0.00214
-0.00217
-0.0022
-0.00223
-0.00225
-0.00228
-0.0023
-0.00233
-0.00235
-0.00237
-0.00239
-0.00241
-0.00243
-0.00244
-0.00246
-0.00248
-0.00249
-0.00251
-0.00252
-0.00253
-0.00254
-0.00256
-0.00257
-0.00258
-0.00259
-0.0026
-0.00262
-0.00263
-0.00264
-0.00265
-0.00266
-0.00267
-0.00267
-0.00268
-0.00268
-0.00269
-0.00269
-0.00269
-0.00269
-0.00269
-0.00267
-0.00267
-0.00265
-0.00264
-0.00262
-0.00259
-0.00257
-0.00253
-0.0025
-0.00246
-0.00242
-0.00238
-0.00232
-0.00228
-0.00222
-0.00217
-0.0021
-0.00204
-0.00197
-0.00191
-0.00184
-0.00176
-0.00169
-0.00162
-0.00154
-0.00147
-0.00139
-0.00132
-0.00124
-0.00116
-0.00109
-0.00102
-0.00094
-0.00087
-0.0008
-0.00073
-0.00066
-0.00059
-0.00053
-0.00046
-0.0004
-0.00035
-0.00029
-0.00024
-0.00018
-0.00014
-9e-05
-5e-05
-1e-05
3e-05
6e-05
9e-05
0.00012
0.00015
0.00017
0.00019
0.00021
0.00022
0.00023
0.00024
0.00025
0.00025
0.00025
0.00025
0.00025
0.00024
0.00024
0.00023
0.00021
0.00021
0.00019
0.00018
0.00016
0.00014
0.00013
0.00011
9e-05
7e-05
5e-05
3e-05
1e-05
-2e-05
-4e-05
-7e-05
-9e-05
-0.00011
-0.00014
-0.00016
-0.00019
-0.00022
-0.00024
-0.00027
-0.00029
-0.00032
-0.00034
-0.00037
-0.00039
-0.00041
-0.00044
-0.00046
-0.00048
-0.0005
-0.00052
-0.00054
-0.00056
-0.00058
-0.00059
-0.00061
-0.00062
-0.00063
-0.00064
-0.00066
-0.00066
-0.00067
-0.00067
-0.00068
-0.00068
-0.00068
-0.00068
-0.00068
-0.00067
-0.00068
-0.00067
-0.00066
-0.00065
-0.00065
-0.00064
-0.00063
-0.00062
-0.00061
-0.00059
-0.00058
-0.00057
-0.00055
-0.00054
-0.00052
-0.0005
-0.00049
-0.00047
-0.00045
-0.00042
