1.25413862980531E+03

-0.00063
-0.00069
-0.00075
-0.00082
-0.00088
-0.00095
-0.00102
-0.00109
-0.00116
-0.00122
-0.00129
-0.00136
-0.00142
-0.00149
-0.00155
-0.00162
-0.00168
-0.00175
-0.00181
-0.00187
-0.00193
-0.00199
-0.00205
-0.0021
-0.00216
-0.00222
-0.00227
-0.00232
-0.00237
-0.00243
-0.00248
-0.00253
-0.00258
-0.00264
-0.00268
-0.00274
-0.00278
-0.00283
-0.00287
-0.00292
-0.00296
-0.003
-0.00304
-0.00308
-0.00311
-0.00315
-0.00318
-0.00321
-0.00323
-0.00326
-0.00327
-0.00329
-0.0033
-0.00332
-0.00332
-0.00333
-0.00333
-0.00333
-0.00332
-0.00332
-0.0033
-0.0033
-0.00328
-0.00326
-0.00324
-0.00323
-0.0032
-0.00318
-0.00315
-0.00313
-0.0031
-0.00307
-0.00304
-0.00301
-0.00298
-0.00295
-0.00291
-0.00288
-0.00284
-0.00281
-0.00277
-0.00274
-0.0027
-0.00266
-0.00261
-0.00257
-0.00253
-0.00249
-0.00244
-0.0024
-0.00235
-0.00231
-0.00226
-0.00221
-0.00216
-0.00212
-0.00206
-0.00202
-0.00197
-0.00193
-0.00188
-0.00184
-0.0018
-0.00176
-0.00172
-0.00169
-0.00165
-0.00162
-0.00158
-0.00156
-0.00152
-0.0015
-0.00147
-0.00145
-0.00142
-0.0014
-0.00138
-0.00136
-0.00134
-0.00131
-0.00129
-0.00127
-0.00124
-0.00121
-0.00118
-0.00116
-0.00112
-0.00109
-0.00105
-0.00102
-0.00097
-0.00094
-0.00088
-0.00084
-0.00079
-0.00074
-0.00069
-0.00063
-0.00057
-0.00051
-0.00045
-0.0004
-0.00033
-0.00027
-0.0002
-0.00014
-8e-05
-1e-05
6e-05
0.00012
0.00019
0.00025
0.00032
0.00039
0.00046
0.00053
0.00061
0.00067
0.00075
0.00082
0.0009
0.00097
0.00105
0.00112
0.00121
0.00128
0.00136
0.00144
0.00152
0.0016
0.00168
0.00176
0.00185
0.00192
0.002
0.00208
0.00215
0.00222
0.0023
0.00236
0.00243
0.0025
0.00256
0.00261
0.00267
0.00272
0.00277
0.00281
0.00285
0.00288
0.00292
0.00294
0.00297
0.00299
0.00301
0.00302
0.00304
0.00304
0.00305
0.00305
0.00304
0.00304
0.00303
0.00303
0.00302
0.00299
0.00298
0.00296
0.00294
0.00291
0.00289
0.00286
0.00283
0.0028
0.00276
0.00272
0.00268
0.00264
0.0026
0.00256
0.00252
0.00246
0.00242
0.00237
0.00232
0.00227
0.00222
0.00216
0.00212
0.00206
0.00201
0.00196
0.00191
0.00186
0.00181
0.00177
0.00172
0.00167
0.00163
0.00159
0.00155
0.00151
0.00147
0.00143
0.0014
0.00137
0.00134
0.0013
0.00127
0.00124
0.00122
0.00119
0.00117
0.00113
0.00111
0.00109
0.00107
0.00104
0.00102
0.00099
0.00097
0.00095
0.00093
0.00091
0.00088
0.00087
0.00085
0.00083
0.00082
0.0008
0.00079
0.00078
0.00077
0.00076
0.00076
0.00075
0.00076
0.00076
0.00076
0.00077
0.00077
0.00078
0.0008
0.00081
0.00083
0.00084
0.00086
0.00088
0.00091
0.00092
0.00095
0.00097
0.00099
0.00101
0.00104
0.00106
0.00108
0.0011
0.00112
0.00114
0.00116
0.00117
0.00119
0.0012
0.00121
0.00122
0.00123
0.00123
0.00124
0.00124
0.00124
0.00124
0.00124
0.00124
0.00124
0.00123
0.00122
0.00121
0.0012
0.00119
0.00118
0.00116
0.00114
0.00112
0.00111
0.00108
0.00106
0.00103
0.001
0.00098
0.00095
0.00091
0.00089
0.00085
0.00082
0.00078
0.00074
0.0007
0.00067
0.00062
0.00059
0.00055
0.00051
0.00047
0.00044
0.0004
0.00037
0.00034
0.00031
0.00028
0.00026
0.00023
0.00022
0.0002
0.00019
0.00017
0.00017
0.00017
0.00017
0.00017
0.00018
0.00019
0.00021
0.00023
0.00025
0.00028
0.00031
0.00034
0.00038
0.00041
0.00045
0.00049
0.00054
0.00058
0.00062
0.00067
0.00072
0.00077
0.00082
0.00087
0.00092
0.00097
0.00103
0.00107
0.00113
0.00118
0.00123
0.00128
0.00133
0.00138
0.00143
0.00148
0.00153
0.00158
0.00163
0.00168
0.00173
0.00177
0.00183
0.00187
0.00192
0.00197
0.00202
0.00206
0.00211
0.00216
0.0022
0.00224
0.00229
0.00233
0.00237
0.00242
0.00246
0.00249
0.00253
0.00256
0.0026
0.00262
0.00265
0.00267
0.0027
0.00272
0.00273
0.00275
0.00276
0.00277
0.00277
0.00277
0.00278
0.00277
0.00277
0.00275
0.00274
0.00272
0.00271
0.00268
0.00267
0.00264
0.00261
0.00257
0.00254
0.0025
0.00246
0.00242
0.00238
0.00233
0.00228
0.00223
0.00218
0.00212
0.00207
0.002
0.00194
0.00188
0.00181
0.00174
0.00167
0.0016
0.00153
0.00145
0.00138
0.00129
0.00122
0.00113
0.00105
0.00097
0.00089
0.0008
0.00072
0.00063
0.00055
0.00046
0.00037
0.00029
0.00021
0.00013
5e-05
-4e-05
-0.00011
-0.00019
-0.00026
-0.00034
-0.00041
-0.00049
-0.00055
-0.00062
-0.00069
-0.00075
-0.00081
-0.00087
-0.00093
-0.00099
-0.00105
-0.00111
-0.00116
-0.00121
-0.00126
-0.00132
-0.00137
-0.00142
-0.00147
-0.00152
-0.00157
-0.00162
-0.00167
-0.00172
-0.00176
-0.00181
-0.00185
-0.0019
-0.00194
-0.00198
-0.00202
-0.00206
-0.0021
-0.00214
-0.00217
-0.0022
-0.00224
-0.00227
-0.0023
-0.00232
-0.00235
-0.00237
-0.00239
-0.00242
-0.00243
-0.00245
-0.00247
-0.00248
-0.0025
-0.00251
-0.00252
-0.00253
-0.00255
-0.00256
-0.00257
-0.00258
-0.00258
-0.00259
-0.0026
-0.00261
-0.00262
-0.00263
-0.00263
-0.00264
-0.00265
-0.00266
-0.00266
-0.00266
-0.00267
-0.00267
-0.00268
-0.00268
-0.00268
-0.00268
-0.00268
-0.00268
-0.00267
-0.00267
-0.00267
-0.00267
-0.00266
-0.00266
-0.00265
-0.00264
-0.00263
-0.00263
-0.00262
-0.00261
-0.00261
-0.0026
-0.00259
-0.00259
-0.00257
-0.00257
-0.00256
-0.00256
-0.00255
-0.00255
-0.00254
-0.00254
-0.00254
-0.00254
-0.00254
-0.00253
-0.00253
-0.00252
-0.00252
-0.00252
-0.00251
-0.00251
-0.00249
-0.00249
-0.00248
-0.00248
-0.00246
-0.00245
-0.00244
-0.00243
-0.00241
-0.00239
-0.00238
-0.00236
-0.00233
-0.00232
-0.00229
-0.00227
-0.00225
-0.00223
-0.0022
-0.00217
-0.00214
-0.00212
-0.00209
-0.00206
-0.00203
-0.00199
-0.00195
-0.00191
-0.00187
-0.00184
-0.00179
-0.00174
-0.00169
-0.00164
-0.00158
-0.00152
-0.00146
-0.00139
-0.00132
-0.00125
-0.00117
-0.00109
-0.001
-0.00091
-0.00081
-0.00072
-0.00062
-0.00052
-0.00041
-0.00031
-0.0002
-9e-05
2e-05
0.00013
0.00024
0.00035
0.00046
0.00057
0.00068
0.00078
0.00088
0.00098
0.00107
0.00116
0.00125
0.00133
0.0014
0.00147
0.00154
0.0016
0.00165
0.0017
0.00174
0.00177
0.0018
0.00183
0.00185
0.00185
0.00187
0.00186
0.00186
0.00185
0.00184
0.00181
0.00179
0.00176
0.00172
0.00168
0.00163
0.00159
0.00153
0.00148
0.00142
0.00135
0.00128
0.00121
0.00113
0.00105
0.00097
0.00088
0.00079
0.00069
0.0006
0.0005
0.0004
0.00029
0.00019
8e-05
-2e-05
-0.00014
-0.00024
-0.00036
-0.00046
-0.00058
-0.00069
-0.0008
-0.0009
-0.00101
-0.00112
-0.00122
-0.00132
-0.00142
-0.00151
-0.0016
-0.00168
-0.00177
-0.00184
-0.00192
-0.00199
-0.00206
-0.00212
-0.00218
-0.00223
-0.00228
-0.00232
-0.00237
-0.0024
-0.00244
-0.00246
-0.00249
-0.00251
-0.00253
-0.00255
-0.00256
-0.00257
-0.00258
-0.00259
-0.00259
-0.00259
-0.00259
-0.00259
-0.00259
-0.00258
-0.00257
-0.00256
-0.00255
-0.00254
-0.00253
-0.00251
-0.00249
-0.00247
-0.00245
-0.00243
-0.00241
-0.00237
-0.00235
-0.00232
-0.00228
-0.00225
-0.00221
-0.00217
-0.00213
-0.00208
-0.00204
-0.00198
-0.00193
-0.00187
-0.00182
-0.00175
-0.00169
-0.00162
-0.00156
-0.00148
-0.00141
-0.00134
-0.00125
-0.00117
-0.00109
-0.001
-0.00091
-0.00081
-0.00072
-0.00062
-0.00052
-0.00041
-0.00031
-0.00019
-8e-05
3e-05
0.00016
0.00028
0.00041
0.00054
0.00068
0.00082
0.00096
0.00112
0.00127
0.00143
0.00159
0.00177
0.00194
0.00212
0.00231
0.0025
0.00269
0.00289
0.0031
0.00331
0.00353
0.00375
0.00398
0.00421
0.00444
0.00469
0.00493
0.00518
0.00543
0.00569
0.00595
0.00621
0.00648
0.00674
0.00701
0.00729
0.00756
0.00783
0.0081
0.00838
0.00865
0.00893
0.0092
0.00947
0.00974
0.01002
0.01029
0.01056
0.01083
0.01109
0.01136
0.01162
0.01188
0.01214
0.0124
0.01265
0.0129
0.01316
0.0134
0.01365
0.01389
0.01414
0.01438
0.01461
0.01485
0.01508
0.01531
0.01553
0.01575
0.01598
0.01619
0.0164
0.01661
0.01682
0.01702
0.01722
0.01741
0.01761
0.0178
0.01798
0.01816
0.01833
0.0185
0.01867
0.01883
0.01899
0.01914
0.0193
0.01944
0.01958
0.01971
0.01985
0.01997
0.0201
0.02022
0.02033
0.02044
0.02055
0.02065
0.02075
0.02085
0.02094
0.02102
0.02111
0.02119
0.02127
0.02134
0.02141
0.02147
0.02154
0.02159
0.02165
0.0217
0.02175
0.0218
0.02184
0.02188
0.02192
0.02196
0.02199
0.02202
0.02205
0.02208
0.0221
0.02213
0.02215
0.02217
0.02219
0.02221
0.02222
0.02224
0.02226
0.02227
0.02229
0.0223
0.02231
0.02232
0.02233
0.02234
0.02235
0.02235
0.02235
0.02235
0.02235
0.02235
0.02235
0.02234
0.02233
0.02231
0.0223
0.02227
0.02225
0.02222
0.02218
0.02214
0.0221
0.02205
0.022
0.02193
0.02187
0.02179
0.02172
0.02163
0.02155
0.02145
0.02136
0.02125
0.02114
0.02103
0.02092
0.02079
0.02067
0.02054
0.02041
0.02028
0.02015
0.02001
0.01987
0.01973
0.01959
0.01944
0.0193
0.01915
0.01901
0.01887
0.01873
0.01858
0.01844
0.0183
0.01816
0.01802
0.01788
0.01774
0.0176
0.01747
0.01733
0.0172
0.01707
0.01693
0.01681
0.01668
0.01655
0.01642
0.0163
0.01618
0.01606
0.01593
0.01581
0.01569
0.01557
0.01546
0.01534
0.01523
0.01512
0.01501
0.0149
0.01479
0.01469
0.01458
0.01448
0.01438
0.01429
0.01419
0.01409
0.014
0.01391
0.01382
0.01373
0.01365
0.01356
0.01348
0.0134
0.01332
0.01324
0.01316
0.01309
0.01301
0.01294
0.01287
0.0128
0.01273
0.01266
0.01259
0.01252
0.01246
0.0124
0.01233
0.01227
0.0122
0.01214
0.01208
0.01202
0.01196
0.0119
0.01184
0.01178
0.01172
0.01167
0.01161
0.01156
0.0115
0.01145
0.01139
0.01134
0.01128
0.01123
0.01117
0.01112
0.01107
0.01102
0.01096
0.01091
0.01085
0.01079
0.01074
0.01068
0.01062
0.01056
0.0105
0.01044
0.01037
0.01031
0.01024
0.01017
0.0101
0.01003
0.00996
0.00988
0.0098
0.00972
0.00964
0.00956
0.00948
0.0094
0.0093
0.00922
0.00913
0.00904
0.00895
0.00886
0.00877
0.00868
0.00859
0.00849
0.0084
0.0083
0.00821
0.00812
0.00802
0.00793
0.00783
0.00774
0.00764
0.00755
0.00745
0.00736
0.00726
0.00717
0.00707
0.00698
0.00688
0.00678
0.00669
0.00659
0.0065
0.0064
0.0063
0.00621
0.00611
0.00601
0.00591
0.00582
0.00572
0.00563
0.00553
0.00544
0.00534
0.00525
0.00516
0.00508
0.00499
0.00491
0.00482
0.00474
0.00466
0.00459
0.00451
0.00444
0.00437
0.00431
0.00424
0.00418
0.00411
0.00405
0.00399
0.00394
0.00388
0.00382
0.00377
0.00371
0.00366
0.0036
0.00355
0.00349
0.00343
0.00338
0.00331
0.00325
0.00319
0.00312
0.00306
0.00299
0.00292
0.00285
0.00277
0.00271
0.00263
0.00256
0.00248
0.00241
0.00233
0.00226
0.00218
0.00211
0.00204
0.00197
0.00191
0.00184
0.00179
0.00173
0.00168
0.00164
0.00159
0.00156
0.00152
0.0015
0.00147
0.00146
0.00144
0.00144
0.00143
0.00143
0.00144
0.00145
0.00147
0.00149
0.00151
0.00154
0.00156
0.0016
0.00163
0.00167
0.0017
0.00175
0.00179
0.00183
0.00187
0.00192
0.00197
0.00202
0.00206
0.00212
0.00217
0.00222
0.00228
0.00234
0.00239
0.00246
0.00252
0.00259
0.00265
0.00272
0.00279
0.00286
0.00294
0.00302
0.0031
0.00319
0.00327
0.00336
0.00345
0.00354
0.00363
0.00372
0.00381
0.00391
0.004
0.00409
0.00418
0.00427
0.00436
0.00445
0.00453
0.00461
0.00468
0.00476
0.00483
0.00489
0.00495
0.00501
0.00506
0.0051
0.00515
0.00518
0.00521
0.00524
0.00526
0.00528
0.0053
0.00531
0.00531
0.00532
0.00532
0.00532
0.00531
0.0053
0.00528
0.00528
0.00526
0.00524
0.00522
0.00519
0.00517
0.00515
0.00512
0.0051
0.00506
0.00503
0.005
0.00497
0.00493
0.00489
0.00484
0.0048
0.00475
0.0047
0.00465
0.00459
0.00453
0.00447
0.0044
0.00434
0.00426
0.00418
0.0041
0.00403
0.00394
0.00385
0.00376
0.00367
0.00357
0.00347
0.00338
0.00327
0.00317
0.00308
0.00297
0.00287
0.00277
0.00267
0.00257
0.00248
0.00238
0.00229
0.0022
0.00212
0.00203
0.00195
0.00188
0.0018
0.00174
0.00168
0.00162
0.00157
0.00152
0.00147
0.00143
0.0014
0.00137
0.00134
0.00132
0.0013
0.00129
0.00127
0.00126
0.00126
0.00126
0.00126
0.00126
0.00126
0.00126
0.00127
0.00127
0.00128
0.00128
0.00129
0.00129
0.00131
0.00131
0.00131
0.00131
0.00131
0.00132
0.00132
0.00132
0.00132
0.00132
0.00132
0.00131
0.00132
0.00131
0.00132
0.00131
0.00132
0.00132
0.00133
0.00134
0.00135
0.00136
0.00138
0.0014
0.00142
0.00144
0.00148
0.00151
0.00155
0.00159
0.00163
0.00168
0.00174
0.00179
0.00185
0.00191
0.00197
0.00204
0.00211
0.00218
0.00225
0.00232
0.0024
0.00247
0.00254
0.00261
0.00269
0.00275
0.00283
0.00289
0.00296
0.00302
0.00308
0.00313
0.00319
0.00324
0.00329
0.00333
0.00337
0.0034
0.00343
0.00346
0.00348
0.0035
0.00352
0.00352
0.00353
0.00353
0.00353
0.00353
0.00352
0.00351
0.0035
0.00347
0.00346
0.00343
0.0034
0.00337
0.00334
0.00329
0.00326
0.00321
0.00316
0.00311
0.00306
0.003
0.00294
0.00288
0.00281
0.00274
0.00267
0.0026
0.00252
0.00244
0.00236
0.00227
0.00219
0.0021
0.00201
0.00192
0.00182
0.00173
0.00163
0.00154
0.00144
0.00134
0.00124
0.00114
0.00105
0.00095
0.00085
0.00075
0.00066
0.00056
0.00047
0.00037
0.00028
0.00019
0.0001
1e-05
-7e-05
-0.00016
-0.00024
-0.00032
-0.0004
-0.00048
-0.00055
-0.00063
-0.0007
-0.00077
-0.00084
-0.0009
-0.00097
-0.00103
-0.00109
-0.00114
-0.0012
-0.00125
-0.0013
-0.00135
-0.0014
-0.00145
-0.00149
-0.00153
-0.00157
-0.00161
-0.00164
-0.00168
-0.00171
-0.00174
-0.00177
-0.00179
-0.00182
-0.00185
-0.00187
-0.00189
-0.00191
-0.00193
-0.00195
-0.00197
-0.00199
-0.00201
-0.00203
-0.00205
-0.00207
-0.00209
-0.00211
-0.00213
-0.00214
-0.00217
-0.00219
-0.00221
-0.00223
-0.00225
-0.00227
-0.0023
-0.00232
-0.00234
-0.00236
-0.00239
-0.00241
-0.00243
-0.00245
-0.00247
-0.00249
-0.00251
-0.00253
-0.00255
-0.00256
-0.00257
-0.00258
-0.0026
-0.0026
-0.00261
-0.00262
-0.00262
-0.00262
-0.00262
-0.00261
-0.00261
-0.00259
-0.00259
-0.00257
-0.00255
-0.00253
-0.00251
-0.00248
-0.00245
-0.00241
-0.00238
-0.00234
-0.0023
-0.00226
-0.00221
-0.00215
-0.0021
-0.00204
-0.00198
-0.00192
-0.00185
-0.00178
-0.00172
-0.00164
-0.00157
-0.00149
-0.00141
-0.00133
-0.00125
-0.00117
-0.00108
-0.001
-0.00091
-0.00083
-0.00075
-0.00066
-0.00057
-0.00048
-0.0004
-0.00032
-0.00024
-0.00015
-7e-05
1e-05
9e-05
0.00016
0.00024
0.00032
0.00039
0.00047
0.00053
0.0006
0.00067
0.00074
0.0008
0.00087
0.00092
0.00099
0.00105
0.0011
0.00116
0.00121
0.00127
0.00132
0.00137
0.00142
0.00146
0.00151
0.00155
0.00159
0.00163
0.00167
0.0017
0.00173
0.00176
0.00179
0.00181
0.00184
0.00186
0.00188
0.00189
0.0019
0.00191
0.00192
0.00192
0.00192
0.00191
0.00191
0.0019
0.00189
0.00187
0.00185
0.00183
0.00181
0.00178
0.00176
0.00173
0.0017
0.00166
0.00163
0.00159
0.00156
0.00152
0.00148
0.00144
0.0014
0.00136
0.00132
0.00127
0.00123
0.00119
0.00115
0.00111
0.00108
0.00103
0.00099
0.00095
0.00091
0.00087
0.00082
0.00078
0.00074
0.00069
0.00065
0.0006
0.00056
0.00051
0.00046
0.00041
0.00036
0.00031
0.00026
0.00021
0.00016
0.0001
5e-05
-1e-05
-6e-05
-0.00011
-0.00017
-0.00022
-0.00027
-0.00031
-0.00036
-0.0004
-0.00044
-0.00048
-0.00051
-0.00054
-0.00057
-0.0006
-0.00062
-0.00064
-0.00065
-0.00066
-0.00067
-0.00067
-0.00068
-0.00067
-0.00067
-0.00066
-0.00065
-0.00065
-0.00063
-0.00063
-0.00061
-0.0006
-0.00059
-0.00058
-0.00057
-0.00056
-0.00055
-0.00055
-0.00055
-0.00055
-0.00055
-0.00055
-0.00055
-0.00057
-0.00057
-0.00059
-0.0006
-0.00062
-0.00064
-0.00066
-0.00068
-0.0007
-0.00072
-0.00075
-0.00077
-0.00079
-0.00081
-0.00084
-0.00086
-0.00088
-0.0009
-0.00092
-0.00093
-0.00095
-0.00096
-0.00097
-0.00097
-0.00098
-0.00099
-0.00099
-0.001
-0.001
-0.001
-0.00099
-0.00099
-0.00099
-0.00098
-0.00098
-0.00098
-0.00098
-0.00097
-0.00098
-0.00097
-0.00097
-0.00098
-0.00098
-0.00098
-0.00099
-0.001
-0.00101
-0.00102
-0.00104
-0.00105
-0.00107
-0.00108
-0.00111
-0.00113
-0.00116
-0.00118
-0.00121
-0.00124
-0.00128
-0.00131
-0.00134
-0.00138
-0.00141
-0.00144
-0.00149
-0.00152
-0.00156
-0.00159
-0.00164
-0.00167
-0.00171
-0.00174
-0.00178
-0.00182
-0.00186
-0.0019
-0.00193
-0.00196
-0.002
-0.00203
-0.00207
-0.0021
-0.00213
-0.00216
-0.0022
-0.00223
-0.00226
-0.00229
-0.00232
-0.00235
-0.00238
-0.00241
-0.00243
-0.00246
-0.00248
-0.00251
-0.00253
-0.00255
-0.00257
-0.00259
-0.00261
-0.00262
-0.00264
-0.00265
-0.00266
-0.00267
-0.00268
-0.00268
-0.00269
-0.00268
-0.00268
-0.00267
-0.00267
-0.00266
-0.00265
-0.00264
-0.00263
-0.00261
-0.00259
-0.00257
-0.00255
-0.00253
-0.0025
-0.00248
-0.00245
-0.00242
-0.0024
-0.00236
-0.00234
-0.0023
-0.00227
-0.00224
-0.00221
-0.00217
-0.00215
-0.00211
-0.00207
-0.00204
-0.002
-0.00197
-0.00193
-0.00189
-0.00185
-0.0018
-0.00177
-0.00172
-0.00168
-0.00163
-0.00158
-0.00153
-0.00149
-0.00143
-0.00138
-0.00132
-0.00127
-0.00121
-0.00115
-0.00108
-0.00102
-0.00095
-0.0009
-0.00082
-0.00076
-0.00069
-0.00062
-0.00055
-0.00048
-0.00041
-0.00034
-0.00027
-0.00019
-0.00012
-5e-05
2e-05
9e-05
0.00017
0.00023
0.0003
0.00037
0.00045
0.00051
0.00058
0.00065
0.00072
0.00078
0.00085
0.00091
0.00097
0.00104
0.0011
0.00117
0.00123
0.00129
0.00135
0.0014
0.00147
0.00152
0.00158
0.00163
0.00169
0.00174
0.00179
0.00183
0.00188
0.00193
0.00197
0.00201
0.00205
0.00208
0.00212
0.00215
0.00219
0.00221
0.00224
0.00226
0.00228
0.0023
0.00232
0.00233
0.00234
0.00235
0.00236
0.00237
0.00237
0.00237
0.00238
0.00237
0.00238
0.00237
0.00237
0.00236
0.00236
0.00235
0.00234
0.00232
0.00231
0.0023
0.00229
0.00227
0.00225
0.00223
0.00221
0.00218
0.00216
0.00213
0.0021
0.00206
0.00203
0.00199
0.00195
0.00191
0.00186
0.00181
0.00176
0.0017
0.00165
0.00158
0.00152
0.00146
0.00139
0.00132
0.00126
0.00118
0.00111
0.00104
0.00097
0.00089
0.00082
0.00075
0.00068
0.00062
0.00055
0.00048
0.00043
0.00036
0.00031
0.00025
0.00021
0.00015
0.00011
7e-05
3e-05
-1e-05
-4e-05
-7e-05
-0.0001
-0.00012
-0.00014
-0.00017
-0.00018
-0.0002
-0.00022
-0.00023
-0.00025
-0.00026
-0.00027
-0.00028
-0.0003
-0.00031
-0.00032
-0.00033
-0.00034
-0.00035
-0.00035
-0.00037
-0.00037
-0.00038
-0.00038
-0.00039
-0.00039
-0.0004
-0.00039
-0.0004
-0.00039
-0.00039
-0.00039
-0.00038
-0.00037
-0.00036
-0.00034
-0.00033
-0.00031
-0.0003
-0.00027
-0.00026
-0.00023
-0.00021
-0.00018
-0.00016
-0.00014
-0.00011
-9e-05
-7e-05
-4e-05
-2e-05
1e-05
2e-05
4e-05
6e-05
8e-05
9e-05
0.0001
0.00011
0.00012
0.00013
0.00013
0.00013
0.00013
0.00013
0.00013
0.00013
0.00013
0.00012
0.00011
0.0001
0.0001
8e-05
7e-05
5e-05
4e-05
3e-05
1e-05
-1e-05
-3e-05
-6e-05
-8e-05
-0.0001
-0.00013
-0.00016
-0.00019
-0.00023
-0.00026
-0.0003
-0.00034
-0.00039
-0.00044
-0.00049
-0.00055
-0.00061
-0.00067
-0.00073
-0.0008
-0.00087
-0.00094
-0.00101
-0.00108
-0.00116
-0.00124
-0.00132
-0.00139
-0.00148
-0.00155
-0.00163
-0.0017
-0.00178
-0.00185
-0.00191
-0.00198
-0.00204
-0.00209
-0.00215
-0.00219
-0.00223
-0.00226
-0.0023
-0.00232
-0.00235
-0.00235
-0.00236
-0.00237
-0.00236
-0.00236
-0.00234
-0.00232
-0.0023
-0.00227
-0.00225
-0.00221
-0.00217
-0.00212
-0.00208
-0.00203
-0.00198
-0.00192
-0.00187
-0.00181
-0.00175
-0.00169
-0.00163
-0.00156
-0.0015
-0.00143
-0.00137
-0.00129
-0.00122
-0.00115
-0.00108
-0.001
-0.00093
-0.00085
-0.00077
-0.00069
-0.00061
-0.00053
-0.00045
-0.00037
-0.00028
-0.00019
-0.00012
-3e-05
5e-05
0.00014
0.00022
0.00031
0.00038
0.00047
0.00054
0.00062
0.00069
0.00076
0.00083
0.0009
0.00096
0.00103
0.00108
0.00114
0.00119
0.00124
0.00128
0.00132
0.00136
0.0014
0.00143
0.00146
0.00148
0.00151
0.00153
0.00155
0.00157
0.00159
0.0016
0.00161
0.00162
0.00164
0.00164
0.00165
0.00165
0.00166
0.00165
0.00165
0.00165
0.00164
0.00164
0.00163
0.00162
0.0016
0.00158
0.00157
0.00154
0.00152
0.00149
0.00146
0.00143
0.0014
0.00136
0.00132
0.00128
0.00124
0.0012
0.00116
0.00112
0.00108
0.00103
0.001
0.00096
0.00092
0.00088
0.00085
0.00082
0.0008
0.00078
0.00076
0.00075
0.00074
0.00074
0.00074
0.00074
0.00076
0.00077
0.00079
0.00081
0.00085
0.00088
0.00092
0.00096
0.00101
0.00106
0.00112
0.00118
0.00124
0.00131
0.00138
0.00145
0.00153
0.0016
0.00169
0.00177
0.00186
0.00194
0.00204
0.00212
0.00222
0.00231
0.00241
0.00251
0.0026
0.0027
0.00281
0.0029
0.00301
0.0031
0.0032
0.0033
0.0034
0.00349
0.00359
0.00368
0.00377
0.00386
0.00394
0.00402
0.0041
0.00417
0.00425
0.00431
0.00438
0.00443
0.00449
0.00454
0.00459
0.00462
0.00466
0.00469
0.00472
0.00474
0.00476
0.00477
0.00478
0.00479
0.00479
0.00479
0.00479
0.00477
0.00475
0.00473
0.00471
0.00468
0.00465
0.0046
0.00457
0.00451
0.00446
0.0044
0.00434
0.00427
0.00419
0.00411
0.00403
0.00394
0.00384
0.00374
0.00364
0.00352
0.00341
0.00328
0.00316
0.00303
0.0029
0.00276
0.00262
0.00248
0.00233
0.00219
0.00204
0.00188
0.00174
0.00158
0.00143
0.00127
0.00113
0.00097
0.00082
0.00067
0.00052
0.00037
0.00023
8e-05
-6e-05
-0.0002
-0.00034
-0.00048
-0.00062
-0.00075
-0.00088
-0.00102
-0.00114
-0.00127
-0.00139
-0.00152
-0.00164
-0.00176
-0.00188
-0.00199
-0.0021
-0.00221
-0.00231
-0.00242
-0.00251
-0.00261
-0.00269
-0.00278
-0.00286
-0.00294
-0.003
-0.00307
-0.00313
-0.00319
-0.00324
-0.00328
-0.00332
-0.00335
-0.00337
-0.0034
-0.00341
-0.00343
-0.00343
-0.00343
-0.00342
-0.00342
-0.0034
-0.00338
-0.00336
-0.00333
-0.0033
-0.00327
-0.00323
-0.00319
-0.00314
-0.0031
-0.00305
-0.003
-0.00294
-0.00288
-0.00282
-0.00277
-0.0027
-0.00264
-0.00257
-0.0025
-0.00244
-0.00237
-0.0023
-0.00222
-0.00215
-0.00209
-0.00201
-0.00194
-0.00187
-0.0018
-0.00173
-0.00166
-0.00159
-0.00152
-0.00146
-0.0014
-0.00134
-0.00129
-0.00123
-0.00118
-0.00113
-0.00108
-0.00104
-0.001
-0.00096
-0.00093
-0.0009
-0.00088
-0.00085
-0.00083
-0.00081
-0.0008
-0.00078
-0.00077
-0.00076
-0.00075
-0.00075
-0.00075
-0.00074
-0.00074
-0.00073
-0.00073
-0.00073
-0.00073
-0.00073
-0.00073
-0.00073
-0.00073
-0.00073
-0.00073
-0.00073
-0.00073
-0.00072
-0.00073
-0.00072
-0.00072
-0.00072
-0.00072
-0.00072
-0.00072
-0.00071
-0.00071
-0.00071
-0.00071
-0.00071
-0.00071
-0.00071
-0.0007
-0.0007
-0.0007
-0.00069
-0.00069
-0.00068
-0.00068
-0.00067
-0.00066
-0.00065
-0.00064
-0.00063
-0.00062
-0.0006
-0.00059
-0.00057
-0.00055
-0.00053
-0.00052
-0.00049
-0.00048
-0.00045
-0.00044
-0.00042
-0.0004
-0.00038
-0.00037
-0.00035
-0.00034
-0.00033
-0.00032
-0.00031
-0.00031
-0.00031
-0.00031
-0.00031
-0.00032
-0.00033
-0.00035
-0.00036
-0.00039
-0.0004
-0.00043
-0.00046
-0.0005
-0.00053
-0.00057
-0.00061
-0.00065
-0.00069
-0.00074
-0.00079
-0.00084
-0.00089
-0.00094
-0.00099
-0.00105
-0.0011
-0.00116
-0.00121
-0.00127
-0.00133
-0.00138
-0.00144
-0.0015
-0.00155
-0.00161
-0.00166
-0.00171
-0.00176
-0.00182
-0.00186
-0.00191
-0.00195
-0.002
-0.00204
-0.00208
-0.00211
-0.00214
-0.00217
-0.0022
-0.00222
-0.00225
-0.00226
-0.00227
-0.00228
-0.00229
-0.00229
-0.00229
-0.00227
-0.00226
-0.00225
-0.00223
-0.00221
-0.00218
-0.00215
-0.00212
-0.00208
-0.00204
-0.002
-0.00195
-0.0019
-0.00185
-0.0018
-0.00174
-0.00168
-0.00162
-0.00156
-0.00149
-0.00142
-0.00135
-0.00128
-0.0012
-0.00112
-0.00105
-0.00097
-0.00089
-0.0008
-0.00071
-0.00062
-0.00053
-0.00043
-0.00033
-0.00024
-0.00014
-3e-05
7e-05
0.00018
0.0003
0.00041
0.00052
0.00064
0.00075
0.00087
0.00098
0.0011
0.00122
0.00134
0.00146
0.00158
0.00169
0.0018
0.00192
0.00203
0.00214
0.00225
0.00235
0.00246
0.00255
0.00266
0.00275
0.00284
0.00293
0.00302
0.0031
0.00318
0.00326
0.00334
0.00341
0.00348
0.00355
0.00362
0.00368
0.00375
0.0038
0.00387
0.00392
0.00398
0.00403
0.00408
0.00413
0.00418
0.00422
0.00426
0.0043
0.00434
0.00438
0.00442
0.00444
0.00447
0.0045
0.00452
0.00454
0.00456
0.00457
0.00458
0.00459
0.00459
0.00459
0.00459
0.00458
0.00457
0.00456
0.00455
0.00452
0.00451
0.00448
0.00445
0.00442
0.00439
0.00435
0.00432
0.00427
0.00423
0.00419
0.00414
0.0041
0.00405
0.004
0.00395
0.0039
0.00385
0.00379
0.00374
0.00369
0.00364
0.00358
0.00353
0.00347
0.00342
0.00337
0.00331
0.00326
0.00321
0.00316
0.00311
0.00305
0.00301
0.00295
0.00291
0.00286
0.00282
0.00277
0.00273
0.00269
0.00265
0.00261
0.00257
0.00254
0.0025
0.00247
0.00244
0.00241
0.00238
0.00236
0.00234
0.00231
0.00229
0.00227
0.00226
0.00224
0.00223
0.00221
0.0022
0.00219
0.00219
0.00218
0.00218
0.00217
0.00218
0.00218
0.00218
0.00218
0.00219
0.00219
0.0022
0.00221
0.00222
0.00223
0.00224
0.00225
0.00226
0.00228
0.00229
0.0023
0.00232
0.00234
0.00236
0.00237
0.00239
0.00241
0.00243
0.00244
0.00246
0.00247
0.00249
0.00251
0.00253
0.00254
0.00256
0.00256
0.00258
0.00259
0.0026
0.00261
0.00262
0.00262
0.00263
0.00263
0.00263
0.00262
0.00262
0.00262
0.00261
0.0026
0.00259
0.00258
0.00257
0.00255
0.00254
0.00252
0.0025
0.00248
0.00247
0.00245
0.00243
0.00241
0.00239
0.00238
0.00236
0.00235
0.00233
0.00231
0.00231
0.00229
0.00228
0.00227
0.00227
0.00225
0.00225
0.00224
0.00224
0.00224
0.00223
0.00223
0.00223
0.00222
0.00222
0.00221
0.00221
0.0022
0.0022
0.00219
0.00218
0.00217
0.00216
0.00215
0.00214
0.00212
0.0021
0.00209
0.00208
0.00206
0.00205
0.00202
0.00201
0.00199
0.00198
0.00196
0.00195
0.00193
0.00193
0.00191
0.0019
0.00189
0.00188
0.00188
0.00187
0.00187
0.00187
0.00186
0.00186
0.00186
0.00186
0.00185
0.00185
0.00185
0.00185
0.00185
0.00184
0.00184
0.00183
0.00183
0.00183
0.00182
0.00182
0.0018
0.0018
0.00179
0.00179
0.00178
0.00178
0.00177
0.00177
0.00177
0.00177
0.00177
0.00177
0.00178
0.0018
0.00181
0.00183
0.00184
0.00187
0.00189
0.00192
0.00195
0.00198
0.00202
0.00206
0.0021
0.00214
0.00217
0.00221
0.00226
0.0023
0.00234
0.00238
0.00241
0.00245
0.00249
0.00252
0.00255
0.00258
0.00259
0.00262
0.00263
0.00265
0.00266
0.00267
0.00267
0.00268
0.00268
0.00268
0.00267
0.00267
0.00266
0.00266
0.00264
0.00263
0.00262
0.00261
0.0026
0.00259
0.00257
0.00256
0.00255
0.00254
0.00252
0.00251
0.0025
0.00249
0.00247
0.00246
0.00245
0.00244
0.00242
0.00241
0.0024
0.00238
0.00237
0.00235
0.00234
0.00233
0.00231
0.0023
0.00228
0.00227
0.00225
0.00224
0.00222
0.00221
0.0022
0.00219
0.00218
0.00217
0.00216
0.00216
0.00215
0.00215
0.00215
0.00215
0.00215
0.00216
0.00216
0.00217
0.00218
0.00219
0.00219
0.00221
0.00222
0.00223
0.00224
0.00224
0.00225
0.00226
0.00227
0.00228
0.00228
0.00228
0.00228
0.00228
0.00227
0.00227
0.00225
0.00224
0.00222
0.0022
0.00218
0.00215
0.00212
0.00208
0.00205
0.00201
0.00196
0.00191
0.00186
0.00181
0.00175
0.00169
0.00162
0.00156
0.00149
0.00141
0.00134
0.00126
0.00118
0.0011
0.00101
0.00093
0.00083
0.00075
0.00065
0.00056
0.00046
0.00037
0.00027
0.00017
7e-05
-3e-05
-0.00013
-0.00023
-0.00033
-0.00043
-0.00053
-0.00063
-0.00074
-0.00083
-0.00093
-0.00103
-0.00113
-0.00122
-0.00133
-0.00142
-0.00151
-0.0016
-0.0017
-0.00179
-0.00188
-0.00196
-0.00205
-0.00213
-0.00222
-0.00229
-0.00237
-0.00245
-0.00253
-0.0026
-0.00267
-0.00274
-0.0028
-0.00287
-0.00293
-0.003
-0.00305
-0.0031
-0.00316
-0.00321
-0.00326
-0.0033
-0.00335
-0.00338
-0.00342
-0.00346
-0.00349
-0.00352
-0.00355
-0.00357
-0.00359
-0.00361
-0.00362
-0.00363
-0.00364
-0.00364
-0.00365
-0.00365
-0.00364
-0.00363
-0.00363
-0.00361
-0.00359
-0.00357
-0.00355
-0.00352
-0.00349
-0.00346
-0.00342
-0.00338
-0.00334
-0.00329
-0.00325
-0.0032
-0.00315
-0.00309
-0.00304
-0.00298
-0.00292
-0.00285
-0.00279
-0.00273
-0.00266
-0.0026
-0.00253
-0.00246
-0.00239
-0.00231
-0.00225
-0.00217
-0.0021
-0.00203
-0.00196
-0.00188
-0.00182
-0.00174
-0.00167
-0.0016
-0.00152
-0.00145
-0.00138
-0.0013
-0.00123
-0.00116
-0.00109
-0.00101
-0.00094
-0.00086
-0.0008
-0.00072
-0.00065
-0.00058
-0.00051
-0.00044
-0.00037
-0.00031
-0.00024
-0.00018
-0.00012
-5e-05
-0.0
6e-05
0.00011
0.00016
0.00021
0.00025
0.00029
0.00034
0.00037
0.0004
0.00043
0.00045
0.00047
0.00049
0.00051
0.00052
0.00052
0.00053
0.00053
0.00054
0.00053
0.00052
0.00051
0.00051
0.00049
0.00047
0.00045
0.00043
0.0004
0.00038
0.00035
0.00032
0.00028
0.00025
0.00021
0.00017
0.00012
8e-05
3e-05
-2e-05
-7e-05
-0.00013
-0.00019
-0.00025
-0.00031
-0.00037
-0.00043
-0.0005
-0.00057
-0.00064
-0.00071
-0.00078
-0.00086
-0.00093
-0.001
-0.00107
-0.00115
-0.00122
-0.00129
-0.00137
-0.00143
-0.0015
-0.00156
-0.00163
-0.00169
-0.00175
-0.00181
-0.00186
-0.00192
-0.00197
-0.00202
-0.00206
-0.00211
-0.00215
-0.00219
-0.00223
-0.00227
-0.0023
-0.00234
-0.00237
-0.00241
-0.00243
-0.00247
-0.00249
-0.00253
-0.00255
-0.00259
-0.00261
-0.00264
-0.00267
-0.0027
-0.00273
-0.00276
-0.00279
-0.00282
-0.00284
-0.00287
-0.0029
-0.00293
-0.00295
-0.00297
-0.00299
-0.00302
-0.00303
-0.00305
-0.00306
-0.00308
-0.00309
-0.0031
-0.0031
-0.0031
-0.0031
-0.0031
-0.00309
-0.00309
-0.00307
-0.00306
-0.00304
-0.00302
-0.003
-0.00297
-0.00295
-0.00292
-0.00289
-0.00286
-0.00282
-0.00279
-0.00275
-0.00272
-0.00268
-0.00264
-0.0026
-0.00257
-0.00253
-0.00249
-0.00245
-0.00241
-0.00238
-0.00234
-0.00231
-0.00227
-0.00223
-0.0022
-0.00216
-0.00213
-0.00209
-0.00206
-0.00202
-0.00199
-0.00195
-0.00192
-0.00187
-0.00184
-0.0018
-0.00176
-0.00172
-0.00167
-0.00162
-0.00157
-0.00152
-0.00148
-0.00142
-0.00137
-0.00131
-0.00126
-0.0012
-0.00114
-0.00107
-0.00101
-0.00095
-0.00089
-0.00083
-0.00076
-0.0007
-0.00064
-0.00058
-0.00052
-0.00046
-0.00041
-0.00034
-0.00029
-0.00024
-0.00019
-0.00014
-0.0001
-6e-05
-1e-05
2e-05
6e-05
0.0001
0.00013
0.00016
0.00019
0.00022
0.00024
0.00027
0.00029
0.00031
0.00033
0.00035
0.00037
0.00038
0.0004
0.00041
0.00043
0.00044
0.00045
0.00047
0.00047
0.00049
0.00049
0.00051
0.00051
0.00052
0.00052
0.00053
0.00054
0.00054
0.00054
0.00054
0.00055
0.00055
0.00055
0.00055
0.00055
0.00055
0.00055
0.00056
0.00055
0.00056
0.00055
0.00056
0.00056
0.00057
0.00057
0.00058
0.00059
0.0006
0.00061
0.00063
0.00064
0.00066
0.00067
0.0007
0.00072
0.00075
0.00077
0.0008
0.00083
0.00087
0.0009
0.00093
0.00097
0.00101
0.00105
0.00109
0.00113
0.00118
0.00121
0.00126
0.0013
0.00134
0.00138
0.00143
0.00146
0.0015
0.00154
0.00157
0.00161
0.00164
0.00167
0.00171
0.00173
0.00175
0.00178
0.0018
0.00182
0.00184
0.00185
0.00186
0.00187
0.00188
0.00189
0.00189
0.0019
0.0019
0.00191
0.00191
0.00191
0.00191
0.00191
0.00191
0.00191
0.00191
0.0019
0.00191
0.00191
0.00191
0.00191
0.00191
0.00191
0.00191
0.00192
0.00192
0.00192
0.00193
0.00193
0.00193
0.00193
0.00194
0.00194
0.00194
0.00194
0.00194
0.00194
0.00193
0.00193
0.00193
0.00192
0.00192
0.0019
0.0019
0.00188
0.00188
0.00186
0.00185
0.00183
0.00182
0.0018
0.00179
0.00178
0.00176
0.00175
0.00173
0.00172
0.00171
0.00169
0.00169
0.00167
0.00166
0.00165
0.00164
0.00163
0.00162
0.00161
0.0016
0.00158
0.00157
0.00156
0.00154
0.00153
0.00151
0.00149
0.00147
0.00145
0.00143
0.0014
0.00137
0.00133
0.00131
0.00127
0.00124
0.0012
0.00116
0.00112
0.00109
0.00105
0.00101
0.00097
0.00094
0.0009
0.00087
0.00083
0.0008
0.00076
0.00074
0.00071
0.00068
0.00065
0.00063
0.00061
0.00059
0.00057
0.00055
0.00053
0.00052
0.0005
0.00048
0.00046
0.00044
0.00042
0.0004
0.00037
0.00034
0.00032
0.00029
0.00026
0.00022
0.00019
0.00016
0.00011
8e-05
4e-05
0.0
-5e-05
-8e-05
-0.00013
-0.00016
-0.00021
-0.00024
-0.00028
-0.00032
-0.00035
-0.00038
-0.00041
-0.00044
-0.00046
-0.00048
-0.0005
-0.00052
-0.00053
-0.00054
-0.00055
-0.00056
-0.00057
-0.00057
-0.00057
-0.00058
-0.00058
-0.00058
-0.00058
-0.00057
-0.00058
-0.00057
-0.00058
-0.00057
-0.00058
-0.00058
-0.00059
-0.00058
-0.00059
-0.00059
-0.0006
-0.00061
-0.00061
-0.00061
-0.00062
-0.00062
-0.00063
-0.00063
-0.00063
-0.00063
-0.00063
-0.00063
-0.00063
-0.00063
-0.00063
-0.00063
-0.00063
-0.00063
-0.00062
-0.00062
-0.00062
-0.00061
-0.00062
-0.00062
-0.00062
-0.00062
-0.00063
-0.00064
-0.00066
-0.00066
-0.00068
-0.00071
-0.00073
-0.00076
-0.00079
-0.00082
-0.00085
-0.00089
-0.00094
-0.00098
-0.00103
-0.00107
-0.00113
-0.00118
-0.00124
-0.00129
-0.00135
-0.00141
-0.00147
-0.00153
-0.00159
-0.00165
-0.00171
-0.00177
-0.00183
-0.00188
-0.00195
-0.002
-0.00205
-0.00211
-0.00216
-0.00221
-0.00226
-0.0023
-0.00235
-0.00239
-0.00243
-0.00246
-0.0025
-0.00253
-0.00256
-0.00259
-0.00262
-0.00263
-0.00266
-0.00267
-0.0027
-0.0027
-0.00272
-0.00273
-0.00274
-0.00274
-0.00274
-0.00274
-0.00274
-0.00274
-0.00274
-0.00273
-0.00272
-0.00271
-0.00271
-0.00269
-0.00269
-0.00267
-0.00266
-0.00264
-0.00262
-0.00261
-0.00259
-0.00257
-0.00254
-0.00252
-0.0025
-0.00247
-0.00244
-0.00241
-0.00238
-0.00234
-0.00231
-0.00227
-0.00223
-0.00218
-0.00214
-0.00209
-0.00204
-0.00199
-0.00194
-0.00188
-0.00183
-0.00176
-0.0017
-0.00164
-0.00158
-0.00151
-0.00145
-0.00138
-0.00131
-0.00125
-0.00118
-0.00112
-0.00105
-0.00098
-0.00092
-0.00085
-0.00079
-0.00073
-0.00067
-0.0006
-0.00055
-0.00049
-0.00043
-0.00037
-0.00032
-0.00026
-0.0002
-0.00015
-9e-05
-4e-05
2e-05
7e-05
0.00012
0.00018
0.00023
0.00029
0.00034
0.0004
0.00045
0.00051
0.00056
0.00061
0.00066
0.00071
0.00076
0.00081
0.00086
0.00091
0.00094
0.00099
0.00102
0.00106
0.00109
0.00112
0.00115
0.00118
0.00119
0.00121
0.00123
0.00124
0.00126
0.00127
0.00127
0.00128
0.00128
0.00129
0.00129
0.00129
0.00129
0.00129
0.00129
0.00129
0.00128
0.00128
0.00128
0.00128
0.00127
0.00127
0.00127
0.00127
0.00126
0.00127
0.00126
0.00126
0.00125
0.00125
0.00124
0.00123
0.00122
0.00121
0.0012
0.00118
0.00117
0.00115
0.00113
0.00112
0.00109
0.00107
0.00104
0.00102
0.00098
0.00095
0.00091
0.00089
0.00085
0.00081
0.00077
0.00073
0.00069
0.00065
0.00061
0.00057
0.00052
0.00047
0.00043
0.00038
0.00033
0.00029
0.00024
0.00019
0.00014
9e-05
4e-05
-1e-05
-6e-05
-0.00011
-0.00017
-0.00022
-0.00027
-0.00032
-0.00038
-0.00043
-0.00048
-0.00053
-0.00059
-0.00063
-0.00069
-0.00074
-0.00079
-0.00084
-0.00088
-0.00093
-0.00097
-0.00101
-0.00106
-0.0011
-0.00114
-0.00118
-0.00122
-0.00125
-0.00129
-0.00132
-0.00136
-0.00139
-0.00143
-0.00147
-0.0015
-0.00153
-0.00156
-0.00159
-0.00163
-0.00166
-0.0017
-0.00173
-0.00177
-0.0018
-0.00184
-0.00187
-0.00191
-0.00195
-0.00199
-0.00203
-0.00206
-0.00209
-0.00213
-0.00216
-0.0022
-0.00223
-0.00227
-0.00229
-0.00233
-0.00235
-0.00239
-0.00241
-0.00244
-0.00246
-0.00249
-0.00251
-0.00254
-0.00256
-0.00258
-0.0026
-0.00263
-0.00264
-0.00267
-0.00269
-0.00272
-0.00274
-0.00277
-0.00279
-0.00282
-0.00285
-0.00288
-0.00292
-0.00295
-0.00298
-0.00301
-0.00304
-0.00308
-0.00311
-0.00315
-0.00318
-0.00322
-0.00324
-0.00328
-0.0033
-0.00333
-0.00336
-0.00338
-0.0034
-0.00342
-0.00343
-0.00344
-0.00345
-0.00346
-0.00346
-0.00346
-0.00345
-0.00345
-0.00343
-0.00342
-0.0034
-0.00338
-0.00336
-0.00333
-0.00331
-0.00328
-0.00324
-0.00321
-0.00317
-0.00314
-0.0031
-0.00307
-0.00302
-0.00299
-0.00294
-0.0029
-0.00285
-0.00281
-0.00277
-0.00272
-0.00267
-0.00262
-0.00257
-0.00252
-0.00246
-0.00241
-0.00235
-0.00229
-0.00222
-0.00216
-0.00209
-0.00203
-0.00195
-0.00188
-0.00181
-0.00173
-0.00165
-0.00157
-0.00148
-0.0014
-0.00131
-0.00122
-0.00113
-0.00104
-0.00094
-0.00086
-0.00076
-0.00067
-0.00057
-0.00048
-0.00039
-0.00029
-0.0002
-0.00011
-2e-05
7e-05
0.00016
0.00025
0.00034
0.00042
0.00051
0.00058
0.00066
0.00074
0.00082
0.00088
0.00095
0.00102
0.00108
0.00114
0.00121
0.00126
0.00132
0.00136
0.00141
0.00145
0.0015
0.00153
0.00157
0.0016
0.00163
0.00165
0.00167
0.00169
0.00171
0.00172
0.00174
0.00175
0.00176
0.00176
0.00177
0.00177
0.00177
0.00177
0.00177
0.00177
0.00177
0.00177
0.00177
0.00177
0.00177
0.00177
0.00177
0.00178
0.00179
0.00179
0.0018
0.0018
0.00182
0.00183
0.00184
0.00186
0.00188
0.0019
0.00192
0.00193
0.00195
0.00198
0.002
0.00202
0.00205
0.00207
0.0021
0.00211
0.00214
0.00216
0.00218
0.00219
0.00222
0.00223
0.00225
0.00226
0.00227
0.00229
0.0023
0.00231
0.00232
0.00232
0.00233
0.00234
0.00235
