1.43107381403083E+03

0.00128
0.00127
0.00127
0.00126
0.00126
0.00125
0.00124
0.00123
0.00122
0.00121
0.0012
0.00119
0.00118
0.00116
0.00115
0.00113
0.00113
0.00111
0.0011
0.00108
0.00107
0.00105
0.00104
0.00102
0.001
0.00098
0.00097
0.00095
0.00093
0.00091
0.0009
0.00088
0.00086
0.00084
0.00083
0.00081
0.0008
0.00078
0.00077
0.00076
0.00075
0.00074
0.00074
0.00073
0.00074
0.00073
0.00074
0.00074
0.00076
0.00077
0.00079
0.0008
0.00083
0.00085
0.00087
0.0009
0.00093
0.00096
0.001
0.00103
0.00107
0.0011
0.00115
0.00118
0.00122
0.00126
0.0013
0.00134
0.00138
0.00142
0.00146
0.00149
0.00153
0.00156
0.0016
0.00163
0.00167
0.00169
0.00173
0.00175
0.00179
0.00181
0.00184
0.00186
0.00189
0.00192
0.00194
0.00196
0.00198
0.00201
0.00203
0.00205
0.00208
0.00209
0.00212
0.00214
0.00216
0.00217
0.00219
0.00221
0.00223
0.00225
0.00226
0.00228
0.00229
0.00231
0.00233
0.00234
0.00236
0.00237
0.00238
0.00239
0.00241
0.00242
0.00243
0.00244
0.00245
0.00246
0.00247
0.00247
0.00248
0.00249
0.0025
0.0025
0.00251
0.00251
0.00252
0.00253
0.00253
0.00253
0.00254
0.00253
0.00254
0.00254
0.00253
0.00253
0.00252
0.00252
0.00251
0.0025
0.0025
0.00248
0.00246
0.00244
0.00243
0.0024
0.00238
0.00235
0.00232
0.00228
0.00225
0.00221
0.00216
0.00211
0.00206
0.00201
0.00196
0.00189
0.00183
0.00176
0.00169
0.00161
0.00153
0.00145
0.00137
0.00128
0.00119
0.0011
0.00101
0.00091
0.00082
0.00072
0.00063
0.00053
0.00043
0.00033
0.00024
0.00014
4e-05
-6e-05
-0.00015
-0.00024
-0.00033
-0.00042
-0.00051
-0.0006
-0.00068
-0.00076
-0.00084
-0.00093
-0.001
-0.00108
-0.00115
-0.00122
-0.00129
-0.00137
-0.00143
-0.0015
-0.00156
-0.00163
-0.0017
-0.00176
-0.00182
-0.00188
-0.00194
-0.002
-0.00205
-0.00211
-0.00216
-0.00222
-0.00226
-0.00231
-0.00235
-0.0024
-0.00244
-0.00248
-0.00251
-0.00254
-0.00257
-0.0026
-0.00262
-0.00264
-0.00265
-0.00266
-0.00266
-0.00267
-0.00267
-0.00267
-0.00266
-0.00265
-0.00264
-0.00262
-0.00261
-0.00258
-0.00256
-0.00253
-0.0025
-0.00247
-0.00244
-0.00241
-0.00237
-0.00234
-0.0023
-0.00226
-0.00222
-0.00218
-0.00214
-0.0021
-0.00206
-0.00202
-0.00197
-0.00193
-0.00189
-0.00185
-0.0018
-0.00176
-0.00172
-0.00168
-0.00163
-0.00159
-0.00154
-0.00151
-0.00146
-0.00142
-0.00138
-0.00134
-0.00129
-0.00125
-0.00121
-0.00118
-0.00113
-0.0011
-0.00105
-0.00102
-0.00098
-0.00094
-0.0009
-0.00087
-0.00083
-0.0008
-0.00076
-0.00073
-0.00069
-0.00066
-0.00063
-0.0006
-0.00056
-0.00053
-0.0005
-0.00047
-0.00043
-0.00041
-0.00037
-0.00034
-0.0003
-0.00027
-0.00024
-0.0002
-0.00017
-0.00013
-9e-05
-6e-05
-2e-05
2e-05
7e-05
0.0001
0.00015
0.00019
0.00024
0.00029
0.00034
0.00038
0.00043
0.00049
0.00055
0.0006
0.00067
0.00072
0.00079
0.00085
0.00092
0.00099
0.00106
0.00112
0.0012
0.00127
0.00134
0.00141
0.00149
0.00156
0.00164
0.00171
0.00179
0.00186
0.00193
0.002
0.00208
0.00214
0.00221
0.00227
0.00234
0.0024
0.00246
0.00251
0.00256
0.00262
0.00267
0.00271
0.00276
0.0028
0.00284
0.00287
0.00291
0.00294
0.00298
0.003
0.00303
0.00306
0.00308
0.0031
0.00312
0.00314
0.00316
0.00317
0.00319
0.0032
0.00321
0.00322
0.00323
0.00323
0.00324
0.00324
0.00325
0.00324
0.00323
0.00323
0.00321
0.0032
0.00319
0.00317
0.00316
0.00313
0.00311
0.00308
0.00305
0.00302
0.00299
0.00295
0.00292
0.00288
0.00285
0.00281
0.00277
0.00273
0.0027
0.00266
0.00263
0.0026
0.00257
0.00254
0.00252
0.00249
0.00248
0.00246
0.00245
0.00243
0.00242
0.00241
0.00241
0.00241
0.00241
0.00242
0.00243
0.00243
0.00244
0.00245
0.00246
0.00247
0.00248
0.00249
0.0025
0.00251
0.00252
0.00252
0.00252
0.00253
0.00253
0.00253
0.00252
0.00251
0.0025
0.00249
0.00248
0.00246
0.00244
0.00241
0.00239
0.00236
0.00232
0.00229
0.00225
0.00221
0.00217
0.00212
0.00208
0.00203
0.00198
0.00193
0.00187
0.00181
0.00176
0.00169
0.00163
0.00157
0.0015
0.00143
0.00135
0.00128
0.00121
0.00113
0.00105
0.00096
0.00088
0.00079
0.00071
0.00061
0.00052
0.00043
0.00033
0.00023
0.00013
3e-05
-7e-05
-0.00017
-0.00027
-0.00037
-0.00048
-0.00058
-0.00068
-0.00079
-0.00089
-0.00099
-0.00109
-0.00119
-0.00128
-0.00138
-0.00147
-0.00156
-0.00165
-0.00174
-0.00182
-0.0019
-0.00198
-0.00206
-0.00213
-0.00221
-0.00228
-0.00235
-0.00241
-0.00248
-0.00253
-0.0026
-0.00265
-0.0027
-0.00276
-0.0028
-0.00285
-0.00289
-0.00293
-0.00298
-0.00301
-0.00305
-0.00308
-0.00311
-0.00314
-0.00317
-0.00319
-0.00321
-0.00323
-0.00325
-0.00327
-0.00328
-0.00328
-0.00329
-0.0033
-0.00331
-0.00331
-0.00331
-0.0033
-0.00331
-0.0033
-0.0033
-0.00328
-0.00328
-0.00326
-0.00325
-0.00324
-0.00322
-0.0032
-0.00319
-0.00316
-0.00315
-0.00312
-0.0031
-0.00307
-0.00305
-0.00302
-0.003
-0.00297
-0.00294
-0.00292
-0.00289
-0.00286
-0.00283
-0.0028
-0.00277
-0.00273
-0.00271
-0.00267
-0.00265
-0.00261
-0.00258
-0.00255
-0.00253
-0.00249
-0.00246
-0.00244
-0.00241
-0.00238
-0.00235
-0.00232
-0.00229
-0.00226
-0.00224
-0.00221
-0.00218
-0.00215
-0.00212
-0.00209
-0.00207
-0.00204
-0.00201
-0.00198
-0.00195
-0.00192
-0.00189
-0.00186
-0.00183
-0.0018
-0.00177
-0.00174
-0.00171
-0.00168
-0.00165
-0.00161
-0.00159
-0.00155
-0.00152
-0.00149
-0.00146
-0.00143
-0.0014
-0.00137
-0.00134
-0.0013
-0.00128
-0.00124
-0.00121
-0.00118
-0.00115
-0.00112
-0.00109
-0.00105
-0.00102
-0.00098
-0.00094
-0.00091
-0.00087
-0.00083
-0.00078
-0.00074
-0.0007
-0.00065
-0.0006
-0.00055
-0.0005
-0.00045
-0.0004
-0.00034
-0.00029
-0.00023
-0.00018
-0.00012
-6e-05
0.0
6e-05
0.00012
0.00018
0.00024
0.0003
0.00036
0.00042
0.00047
0.00053
0.00059
0.00064
0.00069
0.00075
0.0008
0.00085
0.0009
0.00095
0.001
0.00104
0.00109
0.00113
0.00118
0.00122
0.00127
0.0013
0.00135
0.00139
0.00142
0.00146
0.00149
0.00153
0.00156
0.0016
0.00163
0.00166
0.00169
0.00171
0.00175
0.00177
0.0018
0.00181
0.00184
0.00186
0.00188
0.0019
0.00192
0.00194
0.00196
0.00197
0.00199
0.002
0.00202
0.00203
0.00205
0.00206
0.00207
0.00208
0.00209
0.0021
0.0021
0.00211
0.00212
0.00212
0.00213
0.00213
0.00214
0.00213
0.00214
0.00213
0.00213
0.00212
0.00211
0.0021
0.00209
0.00207
0.00205
0.00203
0.002
0.00198
0.00195
0.00192
0.00189
0.00185
0.00182
0.00178
0.00174
0.0017
0.00165
0.0016
0.00156
0.00151
0.00146
0.00141
0.00135
0.0013
0.00125
0.0012
0.00115
0.00109
0.00104
0.00098
0.00094
0.00088
0.00083
0.00078
0.00073
0.00068
0.00064
0.00059
0.00054
0.0005
0.00046
0.00042
0.00039
0.00035
0.00032
0.00028
0.00025
0.00022
0.0002
0.00017
0.00016
0.00013
0.00012
0.0001
8e-05
7e-05
7e-05
6e-05
6e-05
5e-05
5e-05
5e-05
6e-05
7e-05
7e-05
8e-05
0.0001
0.00012
0.00013
0.00015
0.00017
0.0002
0.00023
0.00026
0.0003
0.00034
0.00038
0.00043
0.00048
0.00053
0.00059
0.00065
0.00072
0.00079
0.00087
0.00095
0.00103
0.00112
0.00122
0.00132
0.00143
0.00153
0.00165
0.00177
0.0019
0.00202
0.00216
0.00229
0.00244
0.00258
0.00273
0.00288
0.00303
0.0032
0.00336
0.00352
0.00369
0.00386
0.00404
0.00421
0.00439
0.00457
0.00475
0.00494
0.00513
0.00532
0.00552
0.00572
0.00592
0.00613
0.00634
0.00655
0.00677
0.00699
0.00721
0.00744
0.00768
0.00791
0.00815
0.0084
0.00865
0.0089
0.00916
0.00942
0.00968
0.00995
0.01022
0.01049
0.01076
0.01103
0.01131
0.01159
0.01187
0.01214
0.01242
0.01269
0.01298
0.01325
0.01352
0.01379
0.01406
0.01433
0.01459
0.01485
0.01512
0.01537
0.01562
0.01587
0.01612
0.01636
0.0166
0.01683
0.01707
0.0173
0.01752
0.01774
0.01796
0.01818
0.01839
0.0186
0.01882
0.01902
0.01922
0.01942
0.01962
0.0198
0.02
0.02018
0.02037
0.02055
0.02072
0.0209
0.02107
0.02123
0.0214
0.02156
0.02171
0.02186
0.02201
0.02215
0.02229
0.02242
0.02255
0.02268
0.0228
0.02291
0.02302
0.02313
0.02322
0.02332
0.02341
0.02349
0.02358
0.02365
0.02372
0.02378
0.02384
0.0239
0.02395
0.024
0.02404
0.02408
0.02412
0.02415
0.02418
0.02421
0.02423
0.02425
0.02428
0.02429
0.02431
0.02432
0.02433
0.02434
0.02435
0.02435
0.02436
0.02436
0.02436
0.02436
0.02436
0.02436
0.02436
0.02435
0.02434
0.02433
0.02432
0.0243
0.02429
0.02427
0.02425
0.02422
0.0242
0.02417
0.02414
0.0241
0.02406
0.02402
0.02397
0.02392
0.02387
0.02381
0.02375
0.02368
0.02362
0.02354
0.02347
0.02338
0.0233
0.02321
0.02312
0.02303
0.02293
0.02282
0.02272
0.02261
0.02249
0.02237
0.02225
0.02213
0.022
0.02186
0.02173
0.02159
0.02145
0.0213
0.02114
0.02099
0.02083
0.02066
0.0205
0.02033
0.02015
0.01997
0.01979
0.0196
0.01941
0.01922
0.01902
0.01882
0.01861
0.0184
0.01819
0.01798
0.01776
0.01754
0.01732
0.0171
0.01687
0.01664
0.01642
0.01619
0.01596
0.01573
0.0155
0.01527
0.01505
0.01482
0.01459
0.01437
0.01414
0.01392
0.01371
0.01349
0.01328
0.01306
0.01285
0.01264
0.01244
0.01223
0.01203
0.01182
0.01163
0.01143
0.01123
0.01104
0.01084
0.01065
0.01045
0.01026
0.01007
0.00988
0.00969
0.0095
0.00931
0.00912
0.00893
0.00873
0.00855
0.00836
0.00817
0.00798
0.00779
0.00761
0.00743
0.00725
0.00707
0.00689
0.00672
0.00655
0.00638
0.00622
0.00606
0.0059
0.00576
0.00561
0.00548
0.00534
0.00521
0.00509
0.00497
0.00487
0.00476
0.00466
0.00457
0.00448
0.00439
0.00431
0.00424
0.00417
0.0041
0.00404
0.00398
0.00392
0.00387
0.00382
0.00377
0.00373
0.00369
0.00364
0.0036
0.00356
0.00353
0.00349
0.00346
0.00342
0.0034
0.00336
0.00334
0.00331
0.00329
0.00327
0.00325
0.00323
0.00322
0.00321
0.0032
0.00319
0.00319
0.00319
0.0032
0.0032
0.00322
0.00323
0.00324
0.00326
0.00328
0.00331
0.00333
0.00336
0.00339
0.00342
0.00345
0.00347
0.00351
0.00353
0.00356
0.00358
0.00361
0.00363
0.00365
0.00366
0.00367
0.00368
0.00368
0.00368
0.00368
0.00367
0.00366
0.00364
0.00363
0.0036
0.00357
0.00354
0.00351
0.00347
0.00343
0.00339
0.00334
0.0033
0.00325
0.00321
0.00316
0.00311
0.00306
0.00301
0.00297
0.00292
0.00287
0.00282
0.00278
0.00274
0.0027
0.00266
0.00262
0.00258
0.00255
0.00251
0.00248
0.00245
0.00242
0.0024
0.00237
0.00235
0.00233
0.00231
0.00229
0.00228
0.00226
0.00225
0.00224
0.00224
0.00223
0.00223
0.00223
0.00223
0.00224
0.00224
0.00226
0.00226
0.00228
0.00229
0.00232
0.00234
0.00237
0.00239
0.00242
0.00245
0.00249
0.00252
0.00256
0.0026
0.00264
0.00268
0.00272
0.00276
0.00281
0.00285
0.0029
0.00294
0.00298
0.00302
0.00306
0.00311
0.00315
0.00319
0.00323
0.00327
0.00331
0.00335
0.00339
0.00342
0.00346
0.00349
0.00354
0.00357
0.0036
0.00364
0.00367
0.00371
0.00374
0.00378
0.00381
0.00384
0.00387
0.0039
0.00393
0.00396
0.00399
0.00401
0.00404
0.00406
0.00408
0.0041
0.00412
0.00413
0.00415
0.00416
0.00417
0.00417
0.00418
0.00418
0.00418
0.00417
0.00417
0.00416
0.00415
0.00414
0.00413
0.00411
0.00409
0.00408
0.00406
0.00405
0.00403
0.00401
0.004
0.00398
0.00397
0.00396
0.00395
0.00394
0.00394
0.00393
0.00393
0.00393
0.00393
0.00394
0.00395
0.00396
0.00398
0.00399
0.00402
0.00404
0.00407
0.00409
0.00412
0.00415
0.00418
0.00421
0.00425
0.00428
0.00432
0.00435
0.00439
0.00443
0.00447
0.0045
0.00454
0.00457
0.00461
0.00464
0.00468
0.00471
0.00475
0.00478
0.00481
0.00484
0.00487
0.0049
0.00493
0.00496
0.005
0.00502
0.00505
0.00508
0.00511
0.00513
0.00516
0.00519
0.00522
0.00524
0.00526
0.00529
0.00531
0.00533
0.00536
0.00538
0.0054
0.00541
0.00543
0.00544
0.00546
0.00547
0.00548
0.00548
0.00549
0.00549
0.00549
0.00548
0.00547
0.00546
0.00545
0.00543
0.00541
0.00539
0.00537
0.00533
0.0053
0.00526
0.00523
0.00518
0.00514
0.00509
0.00503
0.00497
0.00491
0.00485
0.00478
0.00471
0.00464
0.00455
0.00447
0.00438
0.00429
0.00419
0.00409
0.00398
0.00387
0.00375
0.00363
0.00351
0.00338
0.00325
0.00311
0.00297
0.00282
0.00267
0.00252
0.00236
0.00221
0.00204
0.00188
0.00171
0.00155
0.00138
0.00121
0.00104
0.00087
0.00071
0.00054
0.00038
0.00022
5e-05
-0.0001
-0.00026
-0.00041
-0.00056
-0.0007
-0.00085
-0.00098
-0.00112
-0.00124
-0.00137
-0.00149
-0.0016
-0.00171
-0.00182
-0.00191
-0.00202
-0.0021
-0.00219
-0.00227
-0.00236
-0.00243
-0.0025
-0.00256
-0.00262
-0.00268
-0.00274
-0.00279
-0.00283
-0.00287
-0.0029
-0.00293
-0.00297
-0.00299
-0.00301
-0.00302
-0.00304
-0.00304
-0.00305
-0.00305
-0.00305
-0.00304
-0.00303
-0.00302
-0.003
-0.00298
-0.00296
-0.00293
-0.00291
-0.00287
-0.00284
-0.0028
-0.00276
-0.00272
-0.00268
-0.00263
-0.00258
-0.00253
-0.00248
-0.00243
-0.00238
-0.00232
-0.00226
-0.00221
-0.00215
-0.00209
-0.00204
-0.00197
-0.00191
-0.00185
-0.00179
-0.00173
-0.00167
-0.0016
-0.00154
-0.00148
-0.00142
-0.00135
-0.00129
-0.00122
-0.00116
-0.00109
-0.00103
-0.00096
-0.00089
-0.00082
-0.00076
-0.00068
-0.00062
-0.00055
-0.00048
-0.00041
-0.00034
-0.00027
-0.00019
-0.00012
-5e-05
3e-05
0.0001
0.00017
0.00024
0.00032
0.00039
0.00046
0.00053
0.0006
0.00067
0.00074
0.0008
0.00087
0.00093
0.00099
0.00104
0.0011
0.00115
0.0012
0.00124
0.00128
0.00132
0.00136
0.00139
0.00142
0.00144
0.00146
0.00149
0.0015
0.00152
0.00153
0.00153
0.00154
0.00154
0.00155
0.00154
0.00154
0.00154
0.00154
0.00153
0.00153
0.00152
0.00151
0.0015
0.0015
0.00149
0.00149
0.00147
0.00147
0.00146
0.00146
0.00145
0.00144
0.00143
0.00143
0.00142
0.00141
0.0014
0.00139
0.00138
0.00137
0.00135
0.00134
0.00132
0.00131
0.00129
0.00128
0.00125
0.00124
0.00121
0.00119
0.00117
0.00114
0.00112
0.00109
0.00107
0.00104
0.00102
0.001
0.00096
0.00094
0.00091
0.0009
0.00087
0.00085
0.00082
0.00081
0.00078
0.00076
0.00074
0.00073
0.00071
0.00069
0.00068
0.00067
0.00065
0.00064
0.00062
0.00061
0.00059
0.00058
0.00056
0.00055
0.00053
0.00052
0.0005
0.00048
0.00046
0.00045
0.00043
0.00041
0.00038
0.00037
0.00034
0.00032
0.0003
0.00027
0.00025
0.00023
0.00021
0.00018
0.00016
0.00014
0.00012
0.0001
8e-05
7e-05
4e-05
3e-05
1e-05
0.0
-1e-05
-2e-05
-4e-05
-4e-05
-5e-05
-6e-05
-7e-05
-8e-05
-9e-05
-9e-05
-0.0001
-0.00011
-0.00012
-0.00013
-0.00014
-0.00015
-0.00017
-0.00018
-0.0002
-0.00022
-0.00024
-0.00026
-0.00029
-0.00032
-0.00035
-0.00038
-0.00041
-0.00045
-0.00049
-0.00053
-0.00057
-0.00061
-0.00066
-0.0007
-0.00076
-0.0008
-0.00085
-0.0009
-0.00095
-0.001
-0.00105
-0.0011
-0.00116
-0.0012
-0.00126
-0.0013
-0.00135
-0.0014
-0.00145
-0.00149
-0.00154
-0.00158
-0.00162
-0.00167
-0.00171
-0.00175
-0.00179
-0.00182
-0.00186
-0.0019
-0.00194
-0.00197
-0.002
-0.00203
-0.00207
-0.0021
-0.00214
-0.00216
-0.0022
-0.00223
-0.00226
-0.00229
-0.00231
-0.00234
-0.00237
-0.00239
-0.00242
-0.00244
-0.00247
-0.00248
-0.00251
-0.00253
-0.00255
-0.00256
-0.00258
-0.00259
-0.00261
-0.00262
-0.00263
-0.00264
-0.00265
-0.00265
-0.00266
-0.00266
-0.00266
-0.00266
-0.00266
-0.00266
-0.00266
-0.00265
-0.00265
-0.00265
-0.00264
-0.00263
-0.00262
-0.00262
-0.00261
-0.00259
-0.00258
-0.00257
-0.00256
-0.00254
-0.00253
-0.00251
-0.0025
-0.00248
-0.00247
-0.00245
-0.00243
-0.00241
-0.0024
-0.00238
-0.00236
-0.00234
-0.00232
-0.0023
-0.00229
-0.00226
-0.00225
-0.00223
-0.00222
-0.0022
-0.00219
-0.00218
-0.00217
-0.00217
-0.00216
-0.00215
-0.00215
-0.00215
-0.00215
-0.00215
-0.00215
-0.00215
-0.00216
-0.00217
-0.00218
-0.00218
-0.00219
-0.0022
-0.00221
-0.00222
-0.00223
-0.00223
-0.00224
-0.00224
-0.00225
-0.00225
-0.00226
-0.00226
-0.00226
-0.00226
-0.00226
-0.00225
-0.00225
-0.00224
-0.00223
-0.00222
-0.00221
-0.0022
-0.00219
-0.00217
-0.00216
-0.00215
-0.00214
-0.00212
-0.00211
-0.00209
-0.00209
-0.00207
-0.00206
-0.00204
-0.00204
-0.00203
-0.00201
-0.002
-0.00199
-0.00198
-0.00197
-0.00195
-0.00194
-0.00192
-0.00191
-0.00189
-0.00187
-0.00184
-0.00182
-0.00179
-0.00176
-0.00173
-0.00169
-0.00165
-0.0016
-0.00155
-0.00151
-0.00145
-0.00139
-0.00133
-0.00127
-0.0012
-0.00113
-0.00105
-0.00098
-0.0009
-0.00082
-0.00074
-0.00066
-0.00057
-0.00049
-0.0004
-0.00032
-0.00024
-0.00016
-7e-05
1e-05
9e-05
0.00017
0.00025
0.00033
0.0004
0.00047
0.00054
0.00061
0.00068
0.00075
0.00082
0.00088
0.00095
0.001
0.00107
0.00112
0.00118
0.00123
0.00129
0.00134
0.00139
0.00144
0.00149
0.00154
0.00159
0.00163
0.00168
0.00172
0.00176
0.0018
0.00184
0.00187
0.00191
0.00194
0.00197
0.002
0.00202
0.00204
0.00206
0.00208
0.00209
0.0021
0.00211
0.00211
0.00211
0.00211
0.0021
0.00209
0.00208
0.00206
0.00205
0.00202
0.00199
0.00196
0.00192
0.00189
0.00185
0.0018
0.00176
0.0017
0.00166
0.0016
0.00154
0.00148
0.00142
0.00135
0.00129
0.00122
0.00115
0.00108
0.001
0.00094
0.00087
0.00079
0.00072
0.00065
0.00058
0.00051
0.00044
0.00037
0.00031
0.00024
0.00019
0.00012
7e-05
1e-05
-5e-05
-9e-05
-0.00014
-0.00019
-0.00023
-0.00027
-0.00031
-0.00035
-0.00038
-0.00041
-0.00044
-0.00047
-0.00049
-0.00052
-0.00054
-0.00056
-0.00058
-0.0006
-0.00061
-0.00063
-0.00064
-0.00065
-0.00066
-0.00068
-0.00068
-0.00069
-0.0007
-0.0007
-0.0007
-0.00071
-0.00071
-0.00072
-0.00072
-0.00072
-0.00071
-0.00071
-0.0007
-0.0007
-0.00069
-0.00068
-0.00067
-0.00066
-0.00065
-0.00064
-0.00062
-0.0006
-0.00059
-0.00057
-0.00055
-0.00053
-0.0005
-0.00048
-0.00045
-0.00043
-0.0004
-0.00037
-0.00033
-0.00031
-0.00027
-0.00024
-0.0002
-0.00017
-0.00013
-9e-05
-5e-05
-1e-05
4e-05
8e-05
0.00013
0.00018
0.00023
0.00028
0.00034
0.0004
0.00046
0.00052
0.00059
0.00065
0.00072
0.00079
0.00086
0.00093
0.00101
0.00109
0.00118
0.00125
0.00134
0.00142
0.00152
0.0016
0.00169
0.00178
0.00188
0.00197
0.00206
0.00215
0.00224
0.00233
0.00242
0.00251
0.0026
0.00268
0.00278
0.00286
0.00294
0.00302
0.00311
0.00318
0.00326
0.00333
0.0034
0.00347
0.00354
0.0036
0.00367
0.00373
0.00378
0.00384
0.00389
0.00394
0.00399
0.00404
0.00408
0.00412
0.00417
0.0042
0.00424
0.00427
0.0043
0.00433
0.00436
0.00439
0.00441
0.00443
0.00445
0.00447
0.00449
0.00449
0.00451
0.00451
0.00452
0.00452
0.00452
0.00452
0.00451
0.00451
0.0045
0.00448
0.00447
0.00445
0.00443
0.0044
0.00438
0.00435
0.00431
0.00428
0.00424
0.0042
0.00416
0.00411
0.00406
0.00401
0.00396
0.0039
0.00384
0.00377
0.00371
0.00364
0.00357
0.0035
0.00342
0.00334
0.00326
0.00318
0.00309
0.003
0.00291
0.00281
0.00272
0.00262
0.00251
0.0024
0.0023
0.00219
0.00208
0.00196
0.00185
0.00173
0.00162
0.0015
0.00138
0.00126
0.00114
0.00102
0.0009
0.00079
0.00068
0.00056
0.00045
0.00034
0.00024
0.00014
4e-05
-5e-05
-0.00014
-0.00023
-0.0003
-0.00038
-0.00045
-0.00051
-0.00057
-0.00063
-0.00068
-0.00072
-0.00076
-0.0008
-0.00082
-0.00085
-0.00087
-0.00089
-0.0009
-0.00091
-0.00092
-0.00092
-0.00092
-0.00092
-0.00091
-0.0009
-0.00089
-0.00089
-0.00087
-0.00086
-0.00084
-0.00082
-0.0008
-0.00079
-0.00076
-0.00074
-0.00072
-0.0007
-0.00068
-0.00066
-0.00063
-0.00061
-0.00059
-0.00057
-0.00054
-0.00052
-0.00049
-0.00048
-0.00045
-0.00043
-0.00041
-0.00039
-0.00037
-0.00035
-0.00033
-0.00032
-0.0003
-0.00028
-0.00027
-0.00026
-0.00025
-0.00024
-0.00023
-0.00023
-0.00022
-0.00022
-0.00021
-0.00021
-0.00021
-0.00021
-0.00021
-0.00021
-0.00022
-0.00022
-0.00022
-0.00023
-0.00023
-0.00024
-0.00024
-0.00025
-0.00025
-0.00026
-0.00026
-0.00027
-0.00027
-0.00028
-0.00028
-0.00028
-0.00028
-0.00028
-0.00028
-0.00029
-0.00028
-0.00029
-0.00028
-0.00029
-0.00028
-0.00029
-0.00028
-0.00029
-0.00029
-0.0003
-0.0003
-0.00031
-0.00031
-0.00032
-0.00033
-0.00035
-0.00036
-0.00038
-0.00039
-0.00042
-0.00044
-0.00047
-0.00049
-0.00052
-0.00056
-0.00059
-0.00063
-0.00067
-0.00072
-0.00076
-0.00081
-0.00087
-0.00092
-0.00098
-0.00103
-0.0011
-0.00116
-0.00123
-0.0013
-0.00137
-0.00145
-0.00153
-0.00161
-0.00169
-0.00177
-0.00185
-0.00194
-0.00203
-0.00212
-0.00221
-0.0023
-0.00239
-0.00248
-0.00258
-0.00267
-0.00277
-0.00286
-0.00296
-0.00305
-0.00314
-0.00323
-0.00332
-0.00341
-0.0035
-0.00358
-0.00367
-0.00374
-0.00383
-0.0039
-0.00398
-0.00404
-0.00412
-0.00418
-0.00424
-0.0043
-0.00435
-0.0044
-0.00445
-0.00449
-0.00453
-0.00456
-0.00459
-0.00461
-0.00464
-0.00465
-0.00466
-0.00466
-0.00466
-0.00466
-0.00465
-0.00463
-0.00461
-0.00458
-0.00455
-0.00451
-0.00447
-0.00442
-0.00436
-0.0043
-0.00423
-0.00416
-0.00408
-0.00399
-0.00391
-0.00381
-0.00371
-0.00361
-0.0035
-0.00338
-0.00326
-0.00314
-0.00301
-0.00288
-0.00275
-0.00261
-0.00248
-0.00233
-0.00219
-0.00204
-0.0019
-0.00176
-0.00161
-0.00147
-0.00132
-0.00117
-0.00102
-0.00087
-0.00073
-0.00059
-0.00044
-0.0003
-0.00016
-1e-05
0.00012
0.00027
0.0004
0.00054
0.00067
0.0008
0.00094
0.00107
0.0012
0.00133
0.00145
0.00158
0.0017
0.00183
0.00194
0.00206
0.00218
0.0023
0.00241
0.00251
0.00262
0.00272
0.00282
0.00292
0.00301
0.0031
0.00318
0.00327
0.00334
0.00342
0.00348
0.00354
0.0036
0.00365
0.0037
0.00374
0.00378
0.00382
0.00385
0.00388
0.0039
0.00393
0.00394
0.00396
0.00397
0.00398
0.00398
0.00399
0.00399
0.004
0.004
0.004
0.004
0.004
0.004
0.004
0.004
0.00401
0.004
0.00401
0.004
0.00401
0.004
0.004
0.004
0.004
0.00399
0.00399
0.00398
0.00397
0.00396
0.00395
0.00393
0.00392
0.00389
0.00387
0.00384
0.00382
0.00378
0.00375
0.00371
0.00368
0.00363
0.00358
0.00353
0.00348
0.00343
0.00338
0.00332
0.00326
0.0032
0.00314
0.00308
0.00302
0.00295
0.00289
0.00282
0.00276
0.00269
0.00263
0.00256
0.0025
0.00244
0.00238
0.00232
0.00226
0.0022
0.00215
0.00209
0.00203
0.00197
0.00192
0.00186
0.00181
0.00175
0.0017
0.00164
0.00158
0.00153
0.00147
0.00141
0.00136
0.00129
0.00124
0.00118
0.00112
0.00105
0.00099
0.00093
0.00087
0.0008
0.00074
0.00067
0.0006
0.00054
0.00048
0.00041
0.00035
0.00028
0.00022
0.00016
0.0001
3e-05
-2e-05
-9e-05
-0.00014
-0.0002
-0.00025
-0.00031
-0.00036
-0.00041
-0.00046
-0.00051
-0.00055
-0.00061
-0.00065
-0.00069
-0.00073
-0.00077
-0.00081
-0.00085
-0.00088
-0.00092
-0.00095
-0.00098
-0.00101
-0.00104
-0.00106
-0.00108
-0.0011
-0.00112
-0.00114
-0.00115
-0.00116
-0.00117
-0.00117
-0.00118
-0.00117
-0.00117
-0.00117
-0.00116
-0.00115
-0.00113
-0.00111
-0.00109
-0.00106
-0.00104
-0.001
-0.00097
-0.00093
-0.00089
-0.00084
-0.0008
-0.00074
-0.00069
-0.00063
-0.00058
-0.00052
-0.00045
-0.00038
-0.00032
-0.00024
-0.00017
-0.0001
-2e-05
6e-05
0.00014
0.00022
0.0003
0.00039
0.00047
0.00055
0.00064
0.00072
0.00081
0.0009
0.00098
0.00107
0.00115
0.00123
0.00131
0.0014
0.00148
0.00156
0.00163
0.00171
0.00179
0.00186
0.00193
0.002
0.00207
0.00213
0.0022
0.00226
0.00232
0.00238
0.00243
0.00249
0.00254
0.00259
0.00264
0.00269
0.00273
0.00278
0.00282
0.00285
0.0029
0.00293
0.00297
0.003
0.00303
0.00306
0.00309
0.00312
0.00314
0.00316
0.00318
0.0032
0.00321
0.00323
0.00324
0.00325
0.00325
0.00326
0.00326
0.00327
0.00326
0.00326
0.00326
0.00326
0.00325
0.00324
0.00323
0.00323
0.00321
0.0032
0.00319
0.00318
0.00317
0.00316
0.00314
0.00314
0.00312
0.00311
0.0031
0.00309
0.00308
0.00307
0.00306
0.00305
0.00304
0.00303
0.00302
0.00301
0.00301
0.003
0.00299
0.00299
0.00298
0.00298
0.00297
0.00297
0.00296
0.00296
0.00295
0.00295
0.00294
0.00294
0.00294
0.00294
0.00294
0.00295
0.00295
0.00296
0.00296
0.00298
0.00299
0.003
0.00302
0.00303
0.00305
0.00307
0.00309
0.00312
0.00314
0.00316
0.00319
0.00322
0.00324
0.00327
0.0033
0.00333
0.00335
0.00338
0.0034
0.00342
0.00344
0.00346
0.00347
0.00348
0.00349
0.0035
0.0035
0.0035
0.0035
0.00349
0.00347
0.00346
0.00344
0.00342
0.00339
0.00336
0.00333
0.00329
0.00325
0.0032
0.00315
0.0031
0.00304
0.00298
0.00292
0.00285
0.00277
0.0027
0.00262
0.00254
0.00245
0.00237
0.00227
0.00217
0.00207
0.00196
0.00185
0.00174
0.00162
0.0015
0.00137
0.00125
0.00111
0.00098
0.00084
0.0007
0.00055
0.00041
0.00025
0.00011
-5e-05
-0.0002
-0.00036
-0.00052
-0.00068
-0.00083
-0.00099
-0.00114
-0.0013
-0.00146
-0.00161
-0.00176
-0.00191
-0.00206
-0.00221
-0.00235
-0.00249
-0.00263
-0.00276
-0.00289
-0.00302
-0.00314
-0.00326
-0.00338
-0.00349
-0.0036
-0.0037
-0.0038
-0.0039
-0.00399
-0.00408
-0.00416
-0.00424
-0.00431
-0.00438
-0.00445
-0.00451
-0.00457
-0.00462
-0.00466
-0.00471
-0.00474
-0.00477
-0.0048
-0.00482
-0.00484
-0.00485
-0.00485
-0.00486
-0.00485
-0.00485
-0.00483
-0.00481
-0.00479
-0.00476
-0.00472
-0.00469
-0.00465
-0.0046
-0.00455
-0.00449
-0.00443
-0.00437
-0.0043
-0.00423
-0.00415
-0.00407
-0.00399
-0.0039
-0.00381
-0.00372
-0.00361
-0.00352
-0.00341
-0.0033
-0.00318
-0.00306
-0.00294
-0.00282
-0.00268
-0.00255
-0.00241
-0.00227
-0.00212
-0.00197
-0.00181
-0.00165
-0.00148
-0.00132
-0.00115
-0.00098
-0.0008
-0.00062
-0.00043
-0.00025
-6e-05
0.00013
0.00032
0.00051
0.0007
0.00089
0.00109
0.00128
0.00147
0.00166
0.00185
0.00204
0.00223
0.00241
0.00259
0.00277
0.00295
0.00312
0.00329
0.00345
0.00361
0.00378
0.00393
0.00409
0.00424
0.00438
0.00452
0.00466
0.0048
0.00493
0.00506
0.00518
0.0053
0.00541
0.00553
0.00563
0.00573
0.00584
0.00593
0.00602
0.00611
0.00618
0.00626
0.00632
0.00638
0.00643
0.00648
0.00652
0.00656
0.00658
0.0066
0.0066
0.0066
0.00659
0.00658
0.00655
0.00652
0.00647
0.00643
0.00637
0.0063
0.00622
0.00615
0.00605
0.00596
0.00585
0.00575
0.00563
0.00551
0.00539
0.00526
0.00513
0.00499
0.00485
0.00471
0.00456
0.00442
0.00426
0.00411
0.00396
0.00381
0.00365
0.0035
0.00334
0.00318
0.00302
0.00287
0.00271
0.00255
0.00239
0.00223
0.00207
0.00191
0.00175
0.00159
0.00143
0.00127
0.00111
0.00095
0.00079
0.00064
0.00048
0.00033
0.00018
4e-05
-0.00011
-0.00025
-0.00039
-0.00052
-0.00066
-0.00078
-0.0009
-0.00102
-0.00113
-0.00124
-0.00134
-0.00144
-0.00153
-0.00161
-0.00169
-0.00176
-0.00184
-0.0019
-0.00197
-0.00202
-0.00208
-0.00213
-0.00218
-0.00222
-0.00227
-0.00231
-0.00235
-0.00238
-0.00242
-0.00245
-0.00248
-0.00251
-0.00255
-0.00257
-0.0026
-0.00263
-0.00266
-0.00268
-0.00271
-0.00273
-0.00275
-0.00277
-0.00279
-0.00281
-0.00283
-0.00284
-0.00285
-0.00286
-0.00287
-0.00288
-0.00288
-0.00288
-0.00288
-0.00288
-0.00287
-0.00286
-0.00285
-0.00284
-0.00283
-0.00282
-0.0028
-0.00278
-0.00276
-0.00274
-0.00272
-0.0027
-0.00267
-0.00265
-0.00262
-0.0026
-0.00257
-0.00254
-0.00252
-0.00248
-0.00246
-0.00242
-0.00239
-0.00235
-0.00231
-0.00227
-0.00223
-0.00218
-0.00213
-0.00208
-0.00203
-0.00197
-0.00192
-0.00185
-0.00179
-0.00172
-0.00165
-0.00158
-0.00151
-0.00143
-0.00136
-0.00128
-0.0012
-0.00112
-0.00105
-0.00097
-0.0009
-0.00082
-0.00075
-0.00068
-0.00061
-0.00054
-0.00048
-0.00043
-0.00037
-0.00031
-0.00026
-0.00022
-0.00018
-0.00014
-0.0001
-6e-05
-4e-05
-1e-05
1e-05
4e-05
5e-05
7e-05
8e-05
0.0001
0.00011
0.00012
0.00013
0.00014
0.00014
0.00015
0.00016
0.00016
0.00016
0.00017
0.00017
0.00018
0.00017
0.00018
0.00017
0.00017
0.00017
0.00017
0.00017
0.00017
0.00016
0.00017
0.00016
0.00016
0.00015
0.00015
0.00014
0.00015
0.00014
0.00014
0.00013
0.00013
0.00013
0.00014
0.00014
0.00015
0.00015
0.00016
0.00016
0.00018
0.00019
0.0002
0.00022
0.00024
0.00026
0.00028
0.0003
0.00033
0.00036
0.00039
0.00042
0.00045
0.00048
0.00052
0.00056
0.0006
0.00063
0.00067
0.00071
0.00075
0.00079
0.00083
0.00087
0.00091
0.00096
0.001
0.00104
0.00109
0.00113
0.00117
0.00121
0.00126
0.0013
0.00134
0.00138
0.00142
0.00146
0.0015
0.00154
0.00158
0.00162
0.00166
0.0017
0.00175
0.00178
0.00182
0.00185
0.00189
0.00193
0.00196
0.00199
0.00203
0.00206
0.00209
0.00212
0.00215
0.00218
0.00221
0.00224
0.00226
0.00228
0.00231
0.00233
0.00235
0.00237
0.00239
0.0024
0.00242
0.00244
0.00245
0.00246
0.00246
0.00247
0.00248
0.00248
0.00248
0.00247
0.00247
0.00246
0.00245
0.00243
0.00242
0.00239
0.00237
0.00234
0.00231
0.00228
0.00224
0.0022
0.00216
0.00211
0.00207
0.00201
0.00196
0.0019
0.00185
0.00178
0.00172
0.00165
0.00159
0.00152
0.00146
0.00139
0.00131
0.00125
0.00118
0.00111
0.00104
0.00096
0.0009
0.00082
0.00076
0.00069
0.00062
0.00055
0.00049
0.00042
0.00035
0.00028
0.00021
0.00015
9e-05
2e-05
-4e-05
-0.00011
-0.00016
-0.00023
-0.00029
-0.00035
-0.00041
-0.00047
-0.00053
-0.00059
-0.00065
-0.00071
-0.00076
-0.00081
-0.00087
-0.00092
-0.00096
-0.00102
-0.00106
-0.00111
-0.00115
-0.00119
-0.00123
-0.00127
-0.0013
-0.00134
-0.00137
-0.0014
-0.00143
-0.00145
-0.00147
-0.0015
-0.00151
-0.00154
-0.00156
-0.00158
-0.00159
-0.00161
-0.00163
-0.00165
-0.00166
-0.00168
-0.00169
-0.00171
-0.00173
-0.00174
-0.00176
-0.00178
-0.0018
-0.00182
-0.00184
-0.00186
-0.00188
-0.0019
-0.00192
-0.00195
-0.00197
-0.00199
-0.00201
-0.00204
-0.00206
-0.00208
-0.0021
-0.00213
-0.00214
-0.00217
-0.00218
-0.0022
-0.00222
-0.00224
-0.00225
-0.00226
-0.00227
-0.00228
-0.00229
-0.0023
-0.00231
-0.00231
-0.00231
-0.00231
-0.00231
-0.00231
-0.0023
-0.0023
-0.00228
-0.00227
-0.00226
-0.00224
-0.00222
-0.0022
-0.00217
-0.00215
-0.00212
-0.00209
-0.00205
-0.00201
-0.00197
-0.00193
-0.00188
-0.00184
-0.00178
-0.00173
-0.00168
-0.00162
-0.00156
-0.0015
-0.00144
-0.00138
-0.00132
-0.00126
-0.0012
-0.00113
-0.00107
-0.00102
-0.00095
-0.0009
-0.00084
-0.00079
-0.00073
-0.00069
-0.00064
-0.0006
-0.00056
-0.00053
-0.0005
-0.00046
-0.00044
-0.00041
-0.00039
-0.00038
-0.00037
-0.00036
-0.00035
-0.00035
-0.00034
-0.00035
-0.00034
-0.00035
-0.00036
-0.00037
-0.00037
-0.00038
-0.00039
-0.00041
-0.00042
-0.00044
-0.00045
-0.00047
-0.00048
-0.0005
-0.00052
-0.00055
-0.00056
-0.00059
-0.00061
-0.00064
-0.00067
-0.0007
-0.00072
-0.00076
-0.00079
-0.00083
-0.00086
-0.0009
-0.00094
-0.00098
-0.00102
-0.00107
-0.0011
-0.00115
-0.00119
-0.00124
-0.00128
-0.00133
-0.00137
-0.00141
-0.00145
-0.0015
-0.00153
-0.00157
-0.0016
-0.00164
-0.00166
-0.0017
-0.00172
-0.00174
-0.00176
-0.00178
-0.0018
-0.00181
-0.00181
-0.00182
-0.00182
-0.00183
-0.00182
-0.00182
-0.00181
-0.00181
-0.0018
-0.00179
-0.00177
-0.00176
-0.00174
-0.00173
-0.00171
-0.00169
-0.00166
-0.00164
-0.00161
-0.00159
-0.00156
-0.00154
-0.0015
-0.00148
-0.00145
-0.00142
-0.00138
-0.00135
-0.00131
-0.00128
-0.00124
-0.0012
-0.00116
-0.00112
-0.00108
-0.00104
-0.001
-0.00096
-0.00091
-0.00087
-0.00083
-0.00079
-0.00074
-0.0007
-0.00066
-0.00062
-0.00058
-0.00053
-0.00049
-0.00045
-0.00041
-0.00038
-0.00035
-0.00032
-0.00028
-0.00026
-0.00023
-0.00021
-0.00018
-0.00016
-0.00014
-0.00013
-0.00012
-0.0001
-9e-05
-9e-05
-8e-05
-9e-05
-8e-05
-9e-05
-9e-05
-0.0001
-0.00011
-0.00013
-0.00014
-0.00016
-0.00018
-0.00021
-0.00023
-0.00026
-0.00028
-0.00031
-0.00034
-0.00038
-0.00041
-0.00045
-0.00048
-0.00053
-0.00056
-0.00061
-0.00064
-0.00069
-0.00073
-0.00078
-0.00083
-0.00087
-0.00092
-0.00097
-0.00102
-0.00107
-0.00112
-0.00118
-0.00123
-0.00129
-0.00134
-0.0014
-0.00146
-0.00152
-0.00158
-0.00165
-0.00172
-0.00178
-0.00185
-0.00192
-0.00199
-0.00207
-0.00213
-0.00221
-0.00228
-0.00236
-0.00244
-0.00252
-0.00259
-0.00267
-0.00275
-0.00282
-0.0029
-0.00297
-0.00304
-0.00311
-0.00317
-0.00324
-0.00329
-0.00335
-0.0034
-0.00346
-0.0035
-0.00355
-0.00358
-0.00362
-0.00365
-0.00368
-0.0037
-0.00372
-0.00373
-0.00374
-0.00375
-0.00376
-0.00376
-0.00376
-0.00375
-0.00375
-0.00374
-0.00373
-0.00371
-0.0037
-0.00369
-0.00367
-0.00366
-0.00364
-0.00362
-0.00361
-0.00359
-0.00357
-0.00355
-0.00353
-0.00351
-0.00349
-0.00347
-0.00345
-0.00343
-0.00341
-0.00339
-0.00337
-0.00335
-0.00332
-0.0033
-0.00327
-0.00324
-0.00322
-0.00319
-0.00316
-0.00313
-0.0031
-0.00307
-0.00304
-0.003
-0.00297
-0.00293
-0.0029
-0.00287
-0.00283
-0.00279
-0.00275
-0.00271
-0.00268
-0.00264
-0.0026
-0.00256
-0.00253
-0.00248
-0.00245
-0.0024
-0.00237
-0.00233
-0.00229
-0.00225
-0.0022
-0.00216
-0.00211
-0.00206
-0.00202
-0.00196
-0.00191
-0.00186
-0.00181
-0.00174
-0.00169
-0.00162
-0.00156
-0.00149
-0.00142
-0.00135
-0.00128
-0.0012
-0.00112
-0.00104
-0.00096
-0.00087
-0.00079
-0.00069
-0.00061
-0.00051
-0.00043
-0.00033
-0.00024
-0.00014
-5e-05
4e-05
0.00014
0.00024
0.00033
0.00043
0.00052
0.00061
0.0007
0.0008
0.00089
0.00098
0.00106
0.00116
0.00124
0.00133
0.00141
0.00149
0.00158
0.00166
0.00173
0.00181
0.00188
0.00196
0.00202
0.0021
0.00216
0.00222
0.00228
0.00234
0.00239
0.00244
0.00249
0.00253
0.00257
0.00261
0.00264
0.00267
0.00269
0.00271
0.00272
0.00273
0.00273
0.00274
0.00273
0.00272
0.00271
0.00269
0.00266
0.00263
0.0026
0.00257
0.00253
0.00249
0.00244
0.00239
0.00234
0.00229
0.00223
0.00217
0.0021
0.00205
0.00198
0.00192
0.00185
0.00178
0.00171
0.00164
0.00157
0.0015
0.00143
0.00136
0.00129
0.00122
0.00114
0.00107
0.001
0.00093
0.00086
0.00078
0.00071
0.00064
0.00057
0.0005
0.00043
0.00037
0.0003
0.00023
0.00017
0.00011
4e-05
-1e-05
-7e-05
-0.00012
-0.00017
-0.00022
-0.00027
-0.00031
-0.00035
-0.00038
-0.00041
-0.00044
-0.00047
-0.00049
-0.00051
-0.00052
-0.00053
-0.00054
-0.00054
-0.00054
-0.00054
-0.00053
-0.00052
-0.00051
-0.0005
-0.00048
-0.00046
-0.00044
-0.00042
-0.00039
-0.00037
-0.00033
-0.00031
-0.00028
-0.00025
-0.00021
-0.00018
-0.00014
-0.0001
-7e-05
-3e-05
2e-05
6e-05
0.00011
0.00015
0.0002
0.00025
0.0003
0.00035
0.00041
0.00047
0.00053
0.00059
0.00065
0.00071
0.00078
0.00085
0.00092
0.00099
0.00106
0.00113
0.0012
0.00127
0.00135
0.00142
0.00149
0.00156
0.00163
0.0017
0.00176
0.00183
0.00189
0.00195
0.00201
0.00207
0.00212
0.00217
0.00222
0.00226
0.00231
0.00235
0.00239
0.00242
0.00245
0.00248
0.00251
0.00253
0.00255
0.00257
0.00259
0.0026
0.00262
0.00262
0.00264
0.00264
0.00265
0.00265
0.00266
0.00266
0.00266
0.00266
0.00266
0.00266
0.00265
0.00265
0.00265
0.00264
0.00264
0.00263
0.00262
0.00261
0.0026
0.00259
0.00258
0.00256
0.00255
0.00253
0.00251
0.00249
0.00246
0.00244
0.00241
0.00238
0.00235
0.00231
0.00228
0.00224
0.0022
0.00215
0.0021
0.00205
0.002
0.00194
0.00189
0.00183
0.00176
0.0017
0.00164
0.00157
0.00151
0.00144
0.00137
0.0013
0.00123
0.00116
0.00109
0.00102
0.00096
0.00089
0.00082
0.00076
0.00069
0.00063
0.00057
0.0005
0.00045
0.00038
0.00032
0.00026
0.00021
0.00014
9e-05
3e-05
-3e-05
-9e-05
-0.00015
-0.0002
-0.00027
-0.00032
-0.00038
-0.00044
-0.0005
-0.00056
-0.00062
-0.00068
-0.00073
-0.00079
-0.00085
-0.0009
-0.00095
-0.00101
-0.00106
-0.00111
-0.00116
-0.0012
-0.00124
-0.00128
-0.00131
-0.00135
-0.00138
-0.00141
-0.00143
-0.00145
-0.00147
-0.00148
-0.00149
-0.0015
-0.00151
-0.00151
-0.00151
-0.00151
-0.00151
-0.0015
-0.0015
-0.00149
-0.00148
-0.00147
-0.00146
-0.00145
-0.00144
-0.00143
-0.00141
-0.0014
-0.00138
-0.00137
-0.00136
-0.00134
-0.00132
-0.00131
-0.00129
-0.00127
-0.00125
-0.00123
-0.00121
-0.00119
-0.00116
-0.00114
-0.00111
-0.00108
-0.00106
-0.00103
-0.001
-0.00096
-0.00093
-0.00089
-0.00085
-0.00082
-0.00078
-0.00074
-0.0007
-0.00066
-0.00062
-0.00059
-0.00054
-0.0005
-0.00046
-0.00042
-0.00038
-0.00034
-0.0003
-0.00026
-0.00022
-0.00018
-0.00014
-0.00011
-7e-05
-4e-05
-0.0
3e-05
7e-05
9e-05
0.00012
0.00015
0.00018
0.0002
0.00023
0.00025
0.00028
0.0003
0.00032
0.00034
0.00036
0.00037
0.00039
0.0004
0.00042
0.00042
0.00043
0.00044
0.00044
0.00045
0.00045
0.00045
0.00046
0.00045
0.00045
0.00044
0.00043
0.00042
0.00041
0.00039
0.00038
0.00036
0.00034
0.00032
0.0003
0.00028
0.00025
0.00022
0.00019
0.00016
0.00013
9e-05
6e-05
2e-05
-2e-05
-6e-05
-9e-05
-0.00014
-0.00018
-0.00022
-0.00026
-0.0003
-0.00034
-0.00038
-0.00042
-0.00046
-0.00049
-0.00053
-0.00056
-0.0006
-0.00063
-0.00067
-0.00069
-0.00073
-0.00076
-0.00078
-0.00081
-0.00083
-0.00086
-0.00088
-0.0009
-0.00093
-0.00094
-0.00097
-0.00098
