5.86577806532845E+02

0.00135
0.00131
0.00128
0.00125
0.00122
0.00119
0.00116
0.00113
0.0011
0.00108
0.00106
0.00104
0.00103
0.001
0.001
0.00098
0.00097
0.00096
0.00096
0.00095
0.00095
0.00095
0.00095
0.00095
0.00095
0.00096
0.00096
0.00097
0.00098
0.00099
0.001
0.00101
0.00103
0.00104
0.00106
0.00107
0.00109
0.0011
0.00112
0.00113
0.00115
0.00117
0.00119
0.00121
0.00124
0.00125
0.00128
0.0013
0.00133
0.00135
0.00138
0.00141
0.00144
0.00147
0.0015
0.00154
0.00157
0.00161
0.00165
0.00169
0.00174
0.00178
0.00183
0.00187
0.00193
0.00197
0.00203
0.00208
0.00214
0.0022
0.00226
0.00231
0.00237
0.00244
0.0025
0.00257
0.00263
0.0027
0.00277
0.00283
0.0029
0.00297
0.00304
0.00311
0.00318
0.00325
0.00332
0.00339
0.00346
0.00353
0.0036
0.00366
0.00373
0.0038
0.00387
0.00393
0.00399
0.00405
0.00411
0.00417
0.00423
0.00428
0.00433
0.00438
0.00443
0.00447
0.00452
0.00455
0.00459
0.00462
0.00465
0.00467
0.0047
0.00471
0.00473
0.00474
0.00476
0.00476
0.00476
0.00476
0.00475
0.00475
0.00474
0.00473
0.00471
0.00469
0.00467
0.00464
0.00462
0.00458
0.00455
0.00451
0.00448
0.00444
0.00439
0.00435
0.0043
0.00425
0.0042
0.00414
0.00409
0.00403
0.00397
0.00391
0.00385
0.00378
0.00371
0.00364
0.00358
0.0035
0.00343
0.00336
0.00328
0.00321
0.00313
0.00305
0.00298
0.0029
0.00282
0.00274
0.00266
0.00258
0.00251
0.00243
0.00236
0.00228
0.0022
0.00213
0.00205
0.00198
0.00191
0.00184
0.00178
0.00171
0.00165
0.00159
0.00153
0.00147
0.00142
0.00137
0.00132
0.00127
0.00123
0.00119
0.00115
0.00112
0.00109
0.00106
0.00104
0.00101
0.001
0.00099
0.00098
0.00097
0.00097
0.00097
0.00099
0.001
0.00101
0.00103
0.00106
0.00109
0.00112
0.00116
0.00121
0.00126
0.00131
0.00137
0.00144
0.0015
0.00158
0.00165
0.00174
0.00182
0.00191
0.00201
0.0021
0.00221
0.00231
0.00242
0.00254
0.00265
0.00277
0.00289
0.00302
0.00314
0.00326
0.00339
0.00352
0.00364
0.00377
0.0039
0.00402
0.00414
0.00427
0.00439
0.00451
0.00462
0.00473
0.00484
0.00494
0.00504
0.00513
0.00522
0.0053
0.00538
0.00545
0.00551
0.00556
0.00561
0.00566
0.00569
0.00572
0.00573
0.00575
0.00575
0.00575
0.00574
0.00572
0.0057
0.00567
0.00563
0.00558
0.00553
0.00547
0.0054
0.00533
0.00526
0.00518
0.00509
0.005
0.0049
0.00481
0.0047
0.00459
0.00448
0.00437
0.00425
0.00413
0.004
0.00387
0.00374
0.00361
0.00348
0.00334
0.0032
0.00306
0.00292
0.00277
0.00262
0.00247
0.00232
0.00217
0.00201
0.00185
0.00169
0.00152
0.00136
0.00119
0.00103
0.00086
0.00069
0.00052
0.00035
0.00018
0.0
-0.00016
-0.00034
-0.0005
-0.00067
-0.00083
-0.001
-0.00116
-0.00131
-0.00147
-0.00162
-0.00176
-0.00191
-0.00204
-0.00218
-0.00231
-0.00243
-0.00255
-0.00267
-0.00278
-0.00288
-0.00298
-0.00308
-0.00318
-0.00326
-0.00334
-0.00342
-0.00349
-0.00357
-0.00363
-0.00369
-0.00375
-0.00381
-0.00385
-0.00391
-0.00395
-0.00399
-0.00403
-0.00407
-0.0041
-0.00413
-0.00416
-0.00418
-0.0042
-0.00422
-0.00423
-0.00425
-0.00425
-0.00426
-0.00425
-0.00425
-0.00424
-0.00423
-0.00422
-0.0042
-0.00418
-0.00415
-0.00412
-0.00408
-0.00404
-0.00401
-0.00396
-0.00392
-0.00386
-0.00382
-0.00376
-0.00371
-0.00365
-0.00359
-0.00354
-0.00348
-0.00342
-0.00336
-0.0033
-0.00325
-0.00319
-0.00314
-0.00308
-0.00304
-0.00298
-0.00294
-0.00289
-0.00285
-0.0028
-0.00277
-0.00273
-0.0027
-0.00266
-0.00263
-0.0026
-0.00257
-0.00254
-0.00252
-0.00249
-0.00247
-0.00245
-0.00243
-0.00241
-0.0024
-0.00238
-0.00237
-0.00236
-0.00235
-0.00234
-0.00234
-0.00233
-0.00233
-0.00233
-0.00234
-0.00234
-0.00235
-0.00236
-0.00238
-0.0024
-0.00243
-0.00245
-0.00248
-0.00251
-0.00255
-0.00259
-0.00263
-0.00267
-0.00271
-0.00276
-0.00281
-0.00286
-0.00292
-0.00297
-0.00302
-0.00307
-0.00313
-0.00318
-0.00323
-0.00328
-0.00333
-0.00338
-0.00342
-0.00346
-0.0035
-0.00353
-0.00357
-0.0036
-0.00363
-0.00364
-0.00367
-0.00368
-0.0037
-0.00371
-0.00372
-0.00372
-0.00373
-0.00373
-0.00373
-0.00373
-0.00372
-0.00372
-0.00372
-0.0037
-0.0037
-0.00368
-0.00368
-0.00366
-0.00365
-0.00363
-0.00363
-0.00361
-0.00359
-0.00358
-0.00356
-0.00354
-0.00351
-0.00349
-0.00347
-0.00343
-0.00341
-0.00337
-0.00333
-0.00329
-0.00325
-0.0032
-0.00315
-0.0031
-0.00304
-0.00298
-0.00291
-0.00284
-0.00277
-0.00269
-0.00261
-0.00253
-0.00244
-0.00235
-0.00226
-0.00216
-0.00207
-0.00197
-0.00187
-0.00177
-0.00166
-0.00156
-0.00145
-0.00134
-0.00123
-0.00112
-0.00102
-0.00091
-0.0008
-0.00069
-0.00058
-0.00047
-0.00037
-0.00025
-0.00015
-4e-05
7e-05
0.00017
0.00028
0.00039
0.00049
0.0006
0.0007
0.00081
0.00091
0.00102
0.00111
0.00122
0.00131
0.00142
0.00152
0.00161
0.00171
0.0018
0.0019
0.00199
0.00209
0.00218
0.00226
0.00235
0.00244
0.00253
0.0026
0.00269
0.00276
0.00284
0.00292
0.00299
0.00306
0.00312
0.00319
0.00326
0.00332
0.00338
0.00343
0.00349
0.00354
0.0036
0.00364
0.00369
0.00373
0.00378
0.00382
0.00385
0.00388
0.00391
0.00395
0.00398
0.004
0.00403
0.00404
0.00406
0.00407
0.00409
0.00409
0.0041
0.0041
0.00411
0.00411
0.00411
0.0041
0.00409
0.00408
0.00407
0.00405
0.00404
0.00401
0.00399
0.00396
0.00394
0.00391
0.00388
0.00385
0.00382
0.00378
0.00375
0.00371
0.00367
0.00364
0.0036
0.00356
0.00353
0.00348
0.00345
0.00341
0.00337
0.00333
0.0033
0.00326
0.00322
0.00319
0.00315
0.00311
0.00308
0.00304
0.003
0.00297
0.00293
0.00289
0.00285
0.00281
0.00277
0.00272
0.00268
0.00263
0.00259
0.00253
0.00248
0.00242
0.00236
0.0023
0.00224
0.00217
0.0021
0.00203
0.00195
0.00187
0.0018
0.00171
0.00162
0.00153
0.00144
0.00135
0.00125
0.00115
0.00105
0.00095
0.00085
0.00075
0.00065
0.00054
0.00043
0.00033
0.00022
0.00011
0.0
-0.00011
-0.00021
-0.00032
-0.00043
-0.00054
-0.00065
-0.00076
-0.00087
-0.00098
-0.00108
-0.00119
-0.00129
-0.0014
-0.0015
-0.00161
-0.00171
-0.00181
-0.00191
-0.00201
-0.00211
-0.0022
-0.0023
-0.00239
-0.00248
-0.00257
-0.00265
-0.00274
-0.00282
-0.0029
-0.00298
-0.00306
-0.00313
-0.00321
-0.00327
-0.00334
-0.00341
-0.00348
-0.00354
-0.00361
-0.00367
-0.00372
-0.00378
-0.00384
-0.00389
-0.00395
-0.004
-0.00405
-0.0041
-0.00415
-0.00419
-0.00424
-0.00429
-0.00433
-0.00437
-0.00441
-0.00445
-0.00448
-0.00452
-0.00455
-0.00458
-0.00461
-0.00463
-0.00466
-0.00468
-0.00471
-0.00472
-0.00474
-0.00475
-0.00476
-0.00478
-0.00478
-0.00478
-0.00479
-0.00479
-0.00479
-0.00478
-0.00478
-0.00477
-0.00477
-0.00475
-0.00474
-0.00473
-0.00471
-0.0047
-0.00468
-0.00466
-0.00463
-0.00461
-0.00458
-0.00455
-0.00452
-0.00448
-0.00445
-0.00441
-0.00437
-0.00432
-0.00428
-0.00422
-0.00417
-0.00412
-0.00406
-0.004
-0.00394
-0.00387
-0.0038
-0.00373
-0.00366
-0.00358
-0.00351
-0.00343
-0.00335
-0.00326
-0.00318
-0.0031
-0.00301
-0.00293
-0.00284
-0.00275
-0.00266
-0.00257
-0.00248
-0.00239
-0.0023
-0.00221
-0.00212
-0.00203
-0.00194
-0.00185
-0.00176
-0.00166
-0.00157
-0.00148
-0.00139
-0.00129
-0.0012
-0.0011
-0.001
-0.00089
-0.00079
-0.00068
-0.00057
-0.00046
-0.00034
-0.00022
-0.0001
3e-05
0.00016
0.0003
0.00044
0.00058
0.00074
0.00089
0.00105
0.00122
0.00139
0.00158
0.00175
0.00195
0.00214
0.00234
0.00255
0.00276
0.00298
0.0032
0.00343
0.00366
0.0039
0.00415
0.0044
0.00466
0.00491
0.00518
0.00545
0.00573
0.00601
0.0063
0.00658
0.00688
0.00718
0.00749
0.0078
0.00811
0.00844
0.00876
0.00909
0.00943
0.00977
0.01011
0.01046
0.01081
0.01117
0.01154
0.0119
0.01228
0.01266
0.01304
0.01342
0.01382
0.01421
0.01461
0.01502
0.01543
0.01584
0.01626
0.01668
0.01711
0.01754
0.01798
0.01841
0.01886
0.0193
0.01975
0.02021
0.02066
0.02113
0.02159
0.02206
0.02253
0.02301
0.02349
0.02397
0.02445
0.02494
0.02543
0.02592
0.02642
0.02692
0.02742
0.02792
0.02842
0.02893
0.02944
0.02994
0.03045
0.03096
0.03146
0.03196
0.03247
0.03297
0.03347
0.03396
0.03446
0.03495
0.03544
0.03592
0.0364
0.03687
0.03734
0.0378
0.03826
0.0387
0.03915
0.03958
0.04001
0.04043
0.04084
0.04125
0.04165
0.04204
0.04242
0.04279
0.04316
0.04351
0.04386
0.0442
0.04453
0.04485
0.04516
0.04546
0.04576
0.04604
0.04631
0.04658
0.04684
0.04708
0.04732
0.04755
0.04776
0.04797
0.04817
0.04836
0.04854
0.0487
0.04886
0.04901
0.04915
0.04928
0.0494
0.04951
0.04961
0.0497
0.04978
0.04985
0.04991
0.04996
0.05001
0.05004
0.05006
0.05008
0.05008
0.05008
0.05007
0.05005
0.05002
0.04997
0.04993
0.04987
0.04981
0.04974
0.04965
0.04956
0.04947
0.04936
0.04925
0.04913
0.049
0.04886
0.04872
0.04857
0.04841
0.04825
0.04808
0.0479
0.04772
0.04754
0.04735
0.04715
0.04695
0.04675
0.04654
0.04633
0.04611
0.04589
0.04568
0.04545
0.04523
0.045
0.04477
0.04454
0.04431
0.04408
0.04384
0.04361
0.04337
0.04313
0.0429
0.04265
0.04242
0.04217
0.04193
0.04169
0.04145
0.0412
0.04096
0.04071
0.04046
0.04021
0.03996
0.03971
0.03946
0.0392
0.03895
0.03869
0.03843
0.03818
0.03792
0.03766
0.0374
0.03714
0.03688
0.03661
0.03635
0.03608
0.03582
0.03555
0.03529
0.03502
0.03476
0.03449
0.03422
0.03395
0.03368
0.03341
0.03313
0.03286
0.03259
0.03231
0.03204
0.03176
0.03148
0.03121
0.03093
0.03065
0.03037
0.03008
0.0298
0.02952
0.02924
0.02896
0.02867
0.02839
0.02811
0.02783
0.02755
0.02727
0.02699
0.02672
0.02645
0.02617
0.02591
0.02563
0.02537
0.02511
0.02485
0.02459
0.02434
0.02409
0.02384
0.0236
0.02336
0.02312
0.02289
0.02266
0.02244
0.02222
0.022
0.02179
0.02158
0.02138
0.02118
0.02098
0.02079
0.0206
0.02042
0.02024
0.02007
0.0199
0.01974
0.01958
0.01943
0.01928
0.01914
0.019
0.01887
0.01874
0.01862
0.0185
0.01839
0.01828
0.01817
0.01807
0.01798
0.01789
0.0178
0.01772
0.01764
0.01756
0.01749
0.01741
0.01735
0.01728
0.01722
0.01715
0.01709
0.01702
0.01696
0.0169
0.01684
0.01677
0.01671
0.01665
0.01658
0.01652
0.01645
0.01638
0.01631
0.01624
0.01617
0.01609
0.01602
0.01594
0.01586
0.01578
0.0157
0.01562
0.01554
0.01546
0.01538
0.0153
0.01522
0.01514
0.01507
0.01499
0.01491
0.01484
0.01477
0.01469
0.01462
0.01455
0.01449
0.01442
0.01436
0.0143
0.01424
0.01418
0.01413
0.01407
0.01402
0.01396
0.01391
0.01385
0.0138
0.01375
0.01369
0.01364
0.01358
0.01353
0.01347
0.01341
0.01335
0.01329
0.01323
0.01316
0.0131
0.01303
0.01297
0.0129
0.01283
0.01275
0.01269
0.01261
0.01254
0.01247
0.01239
0.01232
0.01225
0.01218
0.01212
0.01204
0.01198
0.01191
0.01185
0.01178
0.01172
0.01166
0.0116
0.01154
0.01148
0.01143
0.01137
0.01132
0.01126
0.01121
0.01116
0.0111
0.01105
0.011
0.01095
0.01089
0.01084
0.01078
0.01073
0.01067
0.01062
0.01056
0.0105
0.01045
0.01039
0.01034
0.01028
0.01022
0.01017
0.01012
0.01007
0.01001
0.00997
0.00992
0.00988
0.00983
0.00979
0.00975
0.00971
0.00968
0.00965
0.00962
0.00959
0.00956
0.00953
0.00951
0.00948
0.00946
0.00944
0.00941
0.00939
0.00936
0.00934
0.00931
0.00928
0.00925
0.00922
0.00919
0.00915
0.00911
0.00907
0.00903
0.00898
0.00893
0.00888
0.00882
0.00877
0.00872
0.00866
0.00859
0.00853
0.00847
0.00841
0.00834
0.00828
0.00821
0.00815
0.00808
0.00802
0.00795
0.00788
0.00781
0.00775
0.00769
0.00763
0.00756
0.0075
0.00744
0.00738
0.00732
0.00726
0.0072
0.00714
0.00708
0.00703
0.00696
0.00691
0.00685
0.0068
0.00674
0.00668
0.00663
0.00657
0.00652
0.00647
0.00641
0.00636
0.0063
0.00626
0.00621
0.00616
0.00611
0.00607
0.00602
0.00598
0.00593
0.00589
0.00585
0.0058
0.00576
0.00572
0.00568
0.00565
0.0056
0.00557
0.00553
0.00549
0.00545
0.00541
0.00537
0.00533
0.00528
0.00524
0.0052
0.00515
0.00511
0.00507
0.00502
0.00498
0.00493
0.00489
0.00484
0.0048
0.00475
0.00471
0.00466
0.00462
0.00458
0.00454
0.0045
0.00445
0.00442
0.00438
0.00434
0.0043
0.00426
0.00422
0.00418
0.00415
0.0041
0.00407
0.00402
0.00398
0.00394
0.00389
0.00384
0.00379
0.00374
0.00368
0.00363
0.00357
0.0035
0.00344
0.00337
0.00331
0.00323
0.00316
0.00309
0.00302
0.00294
0.00286
0.00279
0.00271
0.00264
0.00256
0.00249
0.00242
0.00235
0.00229
0.00222
0.00216
0.0021
0.00205
0.00199
0.00195
0.0019
0.00185
0.00181
0.00177
0.00174
0.00171
0.00167
0.00165
0.00162
0.00159
0.00156
0.00154
0.00151
0.00149
0.00146
0.00143
0.0014
0.00137
0.00134
0.00131
0.00128
0.00124
0.00121
0.00117
0.00113
0.00109
0.00104
0.001
0.00095
0.00091
0.00085
0.00081
0.00076
0.00071
0.00065
0.0006
0.00055
0.0005
0.00045
0.0004
0.00035
0.0003
0.00025
0.0002
0.00015
0.0001
5e-05
1e-05
-4e-05
-8e-05
-0.00013
-0.00018
-0.00022
-0.00026
-0.0003
-0.00034
-0.00039
-0.00042
-0.00046
-0.00049
-0.00053
-0.00056
-0.0006
-0.00063
-0.00066
-0.00068
-0.00071
-0.00073
-0.00075
-0.00077
-0.00079
-0.0008
-0.00081
-0.00082
-0.00083
-0.00083
-0.00083
-0.00083
-0.00083
-0.00082
-0.00082
-0.00081
-0.0008
-0.00079
-0.00077
-0.00076
-0.00074
-0.00072
-0.0007
-0.00068
-0.00066
-0.00064
-0.00062
-0.00059
-0.00057
-0.00054
-0.00052
-0.0005
-0.00047
-0.00044
-0.00041
-0.00038
-0.00035
-0.00032
-0.00029
-0.00025
-0.00022
-0.00018
-0.00014
-0.0001
-6e-05
-2e-05
2e-05
7e-05
0.00011
0.00016
0.00021
0.00025
0.0003
0.00035
0.0004
0.00045
0.00049
0.00055
0.00059
0.00064
0.00068
0.00073
0.00077
0.00081
0.00085
0.00088
0.00092
0.00096
0.00099
0.00103
0.00105
0.00108
0.00111
0.00114
0.00116
0.00119
0.00121
0.00124
0.00126
0.00128
0.0013
0.00133
0.00135
0.00138
0.0014
0.00143
0.00146
0.00149
0.00152
0.00155
0.00158
0.00161
0.00164
0.00168
0.00171
0.00174
0.00178
0.00181
0.00184
0.00188
0.00191
0.00194
0.00197
0.002
0.00202
0.00205
0.00207
0.00209
0.0021
0.00212
0.00213
0.00214
0.00214
0.00214
0.00215
0.00214
0.00214
0.00214
0.00212
0.00211
0.0021
0.00209
0.00207
0.00206
0.00203
0.00202
0.002
0.00198
0.00196
0.00194
0.00193
0.00191
0.0019
0.00189
0.00187
0.00186
0.00185
0.00184
0.00183
0.00183
0.00182
0.00183
0.00183
0.00183
0.00183
0.00183
0.00184
0.00185
0.00185
0.00187
0.00187
0.00188
0.00189
0.00191
0.00192
0.00193
0.00194
0.00196
0.00197
0.00198
0.002
0.00201
0.00203
0.00204
0.00206
0.00208
0.00209
0.00211
0.00212
0.00214
0.00215
0.00217
0.00218
0.00221
0.00222
0.00224
0.00225
0.00227
0.00229
0.00231
0.00232
0.00234
0.00235
0.00237
0.00239
0.00241
0.00242
0.00244
0.00245
0.00247
0.00249
0.0025
0.00251
0.00252
0.00254
0.00255
0.00257
0.00258
0.00259
0.0026
0.00261
0.00263
0.00263
0.00265
0.00266
0.00268
0.00269
0.0027
0.00272
0.00273
0.00275
0.00277
0.00279
0.00281
0.00282
0.00285
0.00287
0.0029
0.00293
0.00296
0.00299
0.00302
0.00306
0.00309
0.00313
0.00316
0.00321
0.00325
0.00329
0.00334
0.00338
0.00343
0.00347
0.00353
0.00357
0.00362
0.00367
0.00373
0.00377
0.00382
0.00387
0.00392
0.00397
0.00402
0.00406
0.00411
0.00415
0.00419
0.00423
0.00427
0.00431
0.00434
0.00437
0.0044
0.00443
0.00445
0.00447
0.00448
0.0045
0.00451
0.00452
0.00453
0.00453
0.00453
0.00452
0.00452
0.00451
0.0045
0.00448
0.00447
0.00445
0.00443
0.0044
0.00437
0.00435
0.00432
0.00428
0.00425
0.00421
0.00417
0.00413
0.00409
0.00404
0.004
0.00394
0.00389
0.00384
0.00378
0.00372
0.00366
0.00359
0.00353
0.00346
0.00339
0.00331
0.00323
0.00315
0.00307
0.00298
0.0029
0.0028
0.00271
0.00261
0.00251
0.00241
0.00231
0.0022
0.0021
0.00199
0.00188
0.00176
0.00165
0.00154
0.00143
0.0013
0.00119
0.00107
0.00095
0.00083
0.00071
0.00059
0.00047
0.00034
0.00022
0.0001
-2e-05
-0.00015
-0.00027
-0.00039
-0.00051
-0.00064
-0.00076
-0.00089
-0.00101
-0.00113
-0.00126
-0.00138
-0.00151
-0.00163
-0.00175
-0.00187
-0.00198
-0.00211
-0.00222
-0.00234
-0.00244
-0.00256
-0.00266
-0.00277
-0.00286
-0.00296
-0.00306
-0.00315
-0.00323
-0.00331
-0.00339
-0.00346
-0.00352
-0.00359
-0.00364
-0.0037
-0.00374
-0.00379
-0.00382
-0.00386
-0.00388
-0.00391
-0.00393
-0.00395
-0.00396
-0.00397
-0.00397
-0.00397
-0.00396
-0.00396
-0.00395
-0.00394
-0.00392
-0.00391
-0.00389
-0.00387
-0.00384
-0.00382
-0.00379
-0.00376
-0.00373
-0.0037
-0.00366
-0.00362
-0.00358
-0.00354
-0.0035
-0.00345
-0.0034
-0.00336
-0.0033
-0.00325
-0.00319
-0.00314
-0.00308
-0.00302
-0.00297
-0.0029
-0.00284
-0.00278
-0.00271
-0.00265
-0.00258
-0.00252
-0.00245
-0.00239
-0.00232
-0.00226
-0.00219
-0.00213
-0.00207
-0.00201
-0.00196
-0.0019
-0.00184
-0.00179
-0.00173
-0.00169
-0.00163
-0.00159
-0.00153
-0.00149
-0.00144
-0.0014
-0.00135
-0.00131
-0.00127
-0.00122
-0.00118
-0.00114
-0.00109
-0.00104
-0.00099
-0.00095
-0.0009
-0.00085
-0.00079
-0.00074
-0.00068
-0.00063
-0.00057
-0.00051
-0.00045
-0.00039
-0.00033
-0.00026
-0.00019
-0.00013
-6e-05
0.0
7e-05
0.00014
0.00021
0.00028
0.00035
0.00041
0.00049
0.00055
0.00062
0.00069
0.00076
0.00082
0.00089
0.00096
0.00103
0.00109
0.00116
0.00123
0.0013
0.00136
0.00143
0.0015
0.00157
0.00163
0.0017
0.00177
0.00184
0.00191
0.00198
0.00205
0.00212
0.00218
0.00225
0.00232
0.00239
0.00245
0.00252
0.00258
0.00264
0.0027
0.00276
0.00282
0.00287
0.00292
0.00298
0.00303
0.00307
0.00311
0.00316
0.00319
0.00323
0.00325
0.00329
0.00331
0.00334
0.00335
0.00337
0.00338
0.00339
0.00341
0.00341
0.00342
0.00342
0.00342
0.00342
0.00341
0.00341
0.0034
0.00339
0.00338
0.00337
0.00335
0.00333
0.00331
0.00329
0.00327
0.00324
0.00322
0.00319
0.00316
0.00313
0.00309
0.00306
0.00302
0.00298
0.00294
0.0029
0.00285
0.00281
0.00276
0.00271
0.00266
0.00261
0.00256
0.0025
0.00245
0.00239
0.00233
0.00228
0.00222
0.00217
0.0021
0.00205
0.00199
0.00193
0.00188
0.00182
0.00176
0.0017
0.00164
0.00159
0.00153
0.00147
0.00141
0.00136
0.0013
0.00124
0.00118
0.00113
0.00107
0.00101
0.00095
0.00089
0.00084
0.00078
0.00073
0.00068
0.00062
0.00057
0.00052
0.00047
0.00042
0.00037
0.00032
0.00028
0.00024
0.0002
0.00016
0.00012
9e-05
6e-05
3e-05
1e-05
-2e-05
-4e-05
-6e-05
-8e-05
-0.0001
-0.00011
-0.00013
-0.00014
-0.00015
-0.00016
-0.00018
-0.00019
-0.00019
-0.0002
-0.00021
-0.00022
-0.00023
-0.00024
-0.00025
-0.00026
-0.00027
-0.00028
-0.00029
-0.0003
-0.00031
-0.00032
-0.00033
-0.00034
-0.00034
-0.00035
-0.00035
-0.00036
-0.00037
-0.00036
-0.00036
-0.00036
-0.00036
-0.00035
-0.00035
-0.00033
-0.00032
-0.00031
-0.0003
-0.00028
-0.00026
-0.00024
-0.00022
-0.0002
-0.00018
-0.00015
-0.00013
-0.0001
-8e-05
-6e-05
-3e-05
-0.0
2e-05
5e-05
7e-05
0.0001
0.00012
0.00015
0.00018
0.00021
0.00023
0.00026
0.00028
0.00032
0.00034
0.00037
0.0004
0.00043
0.00046
0.00049
0.00052
0.00056
0.00059
0.00062
0.00066
0.00069
0.00072
0.00076
0.00079
0.00083
0.00086
0.0009
0.00092
0.00096
0.00099
0.00102
0.00105
0.00107
0.0011
0.00113
0.00115
0.00117
0.00119
0.00121
0.00122
0.00124
0.00126
0.00127
0.00128
0.0013
0.00131
0.00132
0.00133
0.00133
0.00134
0.00135
0.00136
0.00137
0.00137
0.00138
0.00138
0.00139
0.00139
0.0014
0.0014
0.0014
0.0014
0.0014
0.0014
0.0014
0.0014
0.00139
0.00139
0.00138
0.00137
0.00136
0.00135
0.00134
0.00133
0.00131
0.0013
0.00129
0.00127
0.00125
0.00123
0.00122
0.0012
0.00118
0.00117
0.00116
0.00114
0.00113
0.00112
0.00111
0.0011
0.00109
0.00108
0.00109
0.00108
0.00108
0.00108
0.00108
0.00109
0.00109
0.0011
0.00111
0.00112
0.00113
0.00114
0.00115
0.00116
0.00117
0.00118
0.00119
0.00119
0.0012
0.0012
0.00121
0.00121
0.00121
0.00121
0.00121
0.0012
0.00119
0.00118
0.00117
0.00115
0.00113
0.00111
0.00109
0.00107
0.00104
0.00101
0.00099
0.00096
0.00093
0.00089
0.00086
0.00082
0.00079
0.00075
0.00072
0.00068
0.00065
0.0006
0.00057
0.00053
0.0005
0.00046
0.00042
0.00038
0.00035
0.00031
0.00028
0.00023
0.0002
0.00016
0.00012
8e-05
4e-05
-1e-05
-4e-05
-9e-05
-0.00014
-0.00018
-0.00023
-0.00028
-0.00032
-0.00038
-0.00042
-0.00048
-0.00053
-0.00059
-0.00064
-0.0007
-0.00075
-0.00081
-0.00086
-0.00092
-0.00098
-0.00104
-0.00109
-0.00114
-0.0012
-0.00125
-0.00129
-0.00135
-0.00139
-0.00144
-0.00147
-0.00152
-0.00156
-0.0016
-0.00163
-0.00166
-0.0017
-0.00173
-0.00176
-0.00178
-0.00181
-0.00183
-0.00186
-0.00188
-0.0019
-0.00193
-0.00195
-0.00197
-0.00199
-0.00201
-0.00203
-0.00205
-0.00208
-0.0021
-0.00212
-0.00214
-0.00216
-0.00218
-0.0022
-0.00222
-0.00223
-0.00226
-0.00227
-0.00229
-0.0023
-0.00231
-0.00232
-0.00233
-0.00234
-0.00234
-0.00234
-0.00234
-0.00234
-0.00233
-0.00231
-0.00231
-0.00229
-0.00227
-0.00225
-0.00223
-0.0022
-0.00217
-0.00213
-0.0021
-0.00206
-0.00203
-0.00199
-0.00194
-0.00189
-0.00184
-0.00179
-0.00174
-0.00169
-0.00163
-0.00157
-0.00152
-0.00146
-0.0014
-0.00134
-0.00128
-0.00122
-0.00116
-0.00109
-0.00103
-0.00096
-0.0009
-0.00083
-0.00077
-0.00071
-0.00064
-0.00058
-0.00052
-0.00045
-0.0004
-0.00033
-0.00027
-0.00021
-0.00016
-0.0001
-5e-05
1e-05
6e-05
0.00012
0.00016
0.00021
0.00025
0.0003
0.00034
0.00038
0.00042
0.00046
0.00049
0.00053
0.00056
0.00059
0.00062
0.00065
0.00068
0.00071
0.00073
0.00076
0.00078
0.00081
0.00083
0.00086
0.00088
0.00091
0.00093
0.00095
0.00097
0.00099
0.00101
0.00103
0.00105
0.00107
0.00109
0.00111
0.00113
0.00115
0.00116
0.00118
0.0012
0.00122
0.00123
0.00125
0.00127
0.00128
0.0013
0.00132
0.00134
0.00136
0.00137
0.0014
0.00141
0.00144
0.00146
0.00149
0.00151
0.00154
0.00157
0.0016
0.00164
0.00167
0.00171
0.00175
0.0018
0.00185
0.00189
0.00195
0.002
0.00206
0.00211
0.00218
0.00224
0.00231
0.00237
0.00244
0.00251
0.00259
0.00266
0.00274
0.00282
0.0029
0.00297
0.00306
0.00313
0.00322
0.0033
0.00338
0.00346
0.00354
0.00362
0.0037
0.00378
0.00386
0.00394
0.00401
0.00409
0.00417
0.00423
0.00431
0.00438
0.00445
0.00451
0.00458
0.00464
0.00471
0.00477
0.00483
0.00489
0.00495
0.005
0.00506
0.00511
0.00516
0.0052
0.00525
0.0053
0.00534
0.00538
0.00542
0.00545
0.00549
0.00552
0.00554
0.00557
0.00559
0.00561
0.00563
0.00564
0.00565
0.00565
0.00566
0.00566
0.00566
0.00565
0.00564
0.00562
0.00561
0.00559
0.00557
0.00554
0.00551
0.00548
0.00545
0.00541
0.00538
0.00533
0.00529
0.00524
0.0052
0.00515
0.0051
0.00504
0.00499
0.00494
0.00488
0.00482
0.00476
0.0047
0.00464
0.00458
0.00452
0.00444
0.00438
0.00431
0.00424
0.00417
0.00409
0.00401
0.00394
0.00386
0.00377
0.00369
0.00359
0.0035
0.00341
0.00331
0.00321
0.00311
0.003
0.00289
0.00278
0.00267
0.00255
0.00243
0.00231
0.00219
0.00206
0.00193
0.00181
0.00168
0.00155
0.00142
0.00129
0.00115
0.00103
0.00089
0.00076
0.00063
0.0005
0.00036
0.00024
0.00011
-2e-05
-0.00015
-0.00028
-0.00041
-0.00054
-0.00066
-0.00079
-0.00092
-0.00104
-0.00117
-0.0013
-0.00143
-0.00155
-0.00168
-0.00181
-0.00194
-0.00206
-0.00219
-0.00232
-0.00245
-0.00257
-0.0027
-0.00282
-0.00296
-0.00307
-0.0032
-0.00332
-0.00344
-0.00355
-0.00367
-0.00377
-0.00389
-0.00399
-0.00409
-0.0042
-0.00429
-0.00438
-0.00447
-0.00455
-0.00463
-0.0047
-0.00478
-0.00484
-0.00491
-0.00497
-0.00503
-0.00508
-0.00513
-0.00518
-0.00523
-0.00527
-0.00531
-0.00535
-0.00538
-0.00541
-0.00544
-0.00547
-0.0055
-0.00552
-0.00554
-0.00556
-0.00558
-0.00559
-0.0056
-0.00561
-0.00562
-0.00562
-0.00562
-0.00562
-0.00561
-0.0056
-0.00559
-0.00557
-0.00555
-0.00552
-0.00549
-0.00545
-0.00541
-0.00536
-0.00531
-0.00526
-0.0052
-0.00514
-0.00507
-0.00499
-0.00492
-0.00483
-0.00475
-0.00466
-0.00457
-0.00447
-0.00438
-0.00428
-0.00418
-0.00407
-0.00397
-0.00386
-0.00375
-0.00365
-0.00353
-0.00342
-0.00331
-0.00319
-0.00308
-0.00296
-0.00285
-0.00273
-0.00262
-0.0025
-0.00239
-0.00226
-0.00215
-0.00203
-0.00191
-0.0018
-0.00168
-0.00156
-0.00144
-0.00132
-0.0012
-0.00108
-0.00097
-0.00085
-0.00074
-0.00062
-0.00052
-0.0004
-0.00029
-0.00019
-9e-05
1e-05
0.00011
0.00021
0.0003
0.00039
0.00047
0.00055
0.00062
0.0007
0.00076
0.00082
0.00088
0.00094
0.00098
0.00103
0.00107
0.00111
0.00115
0.00118
0.00121
0.00124
0.00126
0.00129
0.00131
0.00133
0.00135
0.00137
0.00138
0.00141
0.00142
0.00144
0.00146
0.00147
0.00149
0.00152
0.00154
0.00156
0.00158
0.0016
0.00162
0.00165
0.00167
0.00169
0.00171
0.00174
0.00175
0.00178
0.00179
0.00181
0.00183
0.00184
0.00186
0.00187
0.00187
0.00188
0.00188
0.00189
0.00188
0.00188
0.00187
0.00187
0.00185
0.00183
0.00181
0.00179
0.00176
0.00174
0.00171
0.00167
0.00163
0.00159
0.00154
0.0015
0.00144
0.00139
0.00133
0.00127
0.00121
0.00114
0.00106
0.00099
0.00091
0.00083
0.00075
0.00066
0.00056
0.00047
0.00037
0.00028
0.00017
7e-05
-4e-05
-0.00014
-0.00026
-0.00037
-0.00048
-0.0006
-0.00071
-0.00082
-0.00093
-0.00104
-0.00116
-0.00126
-0.00137
-0.00148
-0.00158
-0.00168
-0.00178
-0.00187
-0.00197
-0.00206
-0.00214
-0.00222
-0.0023
-0.00237
-0.00244
-0.0025
-0.00257
-0.00262
-0.00268
-0.00272
-0.00277
-0.00281
-0.00285
-0.00287
-0.00291
-0.00293
-0.00295
-0.00297
-0.00298
-0.00299
-0.003
-0.003
-0.003
-0.00299
-0.00299
-0.00297
-0.00296
-0.00293
-0.00291
-0.00288
-0.00285
-0.00281
-0.00277
-0.00272
-0.00267
-0.00262
-0.00256
-0.0025
-0.00244
-0.00236
-0.00229
-0.00221
-0.00214
-0.00205
-0.00197
-0.00188
-0.00179
-0.0017
-0.0016
-0.00151
-0.00141
-0.00131
-0.00121
-0.00111
-0.00102
-0.00091
-0.00082
-0.00072
-0.00062
-0.00052
-0.00043
-0.00033
-0.00024
-0.00015
-7e-05
2e-05
0.00011
0.00019
0.00028
0.00036
0.00043
0.00051
0.00059
0.00067
0.00074
0.00081
0.00088
0.00095
0.00102
0.00109
0.00115
0.00122
0.00129
0.00135
0.00142
0.00149
0.00155
0.00162
0.00167
0.00174
0.0018
0.00187
0.00192
0.00199
0.00205
0.0021
0.00216
0.00222
0.00227
0.00233
0.00238
0.00244
0.00248
0.00253
0.00257
0.00262
0.00265
0.00269
0.00272
0.00276
0.00278
0.00281
0.00283
0.00284
0.00286
0.00287
0.00288
0.00289
0.00288
0.00288
0.00287
0.00287
0.00285
0.00284
0.00281
0.00279
0.00277
0.00274
0.00271
0.00267
0.00264
0.0026
0.00256
0.00252
0.00247
0.00243
0.00238
0.00234
0.00229
0.00224
0.00218
0.00214
0.00208
0.00202
0.00197
0.00191
0.00185
0.00179
0.00173
0.00167
0.0016
0.00154
0.00147
0.0014
0.00133
0.00126
0.00118
0.00111
0.00103
0.00095
0.00087
0.00079
0.00071
0.00063
0.00054
0.00046
0.00037
0.00029
0.0002
0.00011
2e-05
-7e-05
-0.00016
-0.00025
-0.00034
-0.00043
-0.00053
-0.00062
-0.00071
-0.0008
-0.0009
-0.00098
-0.00108
-0.00118
-0.00127
-0.00137
-0.00147
-0.00156
-0.00167
-0.00176
-0.00187
-0.00197
-0.00208
-0.00219
-0.00229
-0.0024
-0.00251
-0.00262
-0.00274
-0.00285
-0.00296
-0.00307
-0.00319
-0.0033
-0.00342
-0.00353
-0.00364
-0.00375
-0.00386
-0.00397
-0.00407
-0.00417
-0.00427
-0.00437
-0.00446
-0.00455
-0.00463
-0.00471
-0.00479
-0.00486
-0.00492
-0.00498
-0.00504
-0.00509
-0.00514
-0.00519
-0.00522
-0.00526
-0.00528
-0.00531
-0.00533
-0.00535
-0.00536
-0.00536
-0.00537
-0.00537
-0.00537
-0.00536
-0.00535
-0.00534
-0.00532
-0.0053
-0.00527
-0.00524
-0.00521
-0.00517
-0.00513
-0.00508
-0.00503
-0.00497
-0.00491
-0.00485
-0.00478
-0.0047
-0.00462
-0.00454
-0.00445
-0.00436
-0.00426
-0.00416
-0.00405
-0.00394
-0.00383
-0.00371
-0.00359
-0.00346
-0.00333
-0.0032
-0.00307
-0.00292
-0.00279
-0.00264
-0.0025
-0.00235
-0.00221
-0.00205
-0.0019
-0.00175
-0.0016
-0.00144
-0.00129
-0.00113
-0.00098
-0.00082
-0.00067
-0.00051
-0.00036
-0.0002
-5e-05
0.00011
0.00026
0.00042
0.00057
0.00073
0.00087
0.00103
0.00118
0.00133
0.00148
0.00162
0.00176
0.00191
0.00205
0.00219
0.00232
0.00246
0.00259
0.00272
0.00285
0.00297
0.00309
0.00321
0.00332
0.00344
0.00354
0.00365
0.00374
0.00384
0.00393
0.00402
0.0041
0.00418
0.00426
0.00433
0.0044
0.00446
0.00451
0.00457
0.00462
0.00467
0.00471
0.00475
0.00477
0.00481
0.00483
0.00485
0.00486
0.00487
0.00488
0.00488
0.00488
0.00488
0.00487
0.00486
0.00484
0.00483
0.0048
0.00478
0.00475
0.00472
0.00468
0.00465
0.00461
0.00457
0.00453
0.00449
0.00445
0.00441
0.00435
0.00431
0.00427
0.00422
0.00417
0.00412
0.00407
0.00403
0.00398
0.00393
0.00388
0.00383
0.00379
0.00374
0.00369
0.00365
0.0036
0.00356
0.00352
0.00347
0.00343
0.00339
0.00334
0.00331
0.00326
0.00322
0.00318
0.00314
0.00311
0.00307
0.00303
0.003
0.00296
0.00293
0.00289
0.00286
0.00283
0.0028
0.00277
0.00274
0.00271
0.00268
0.00265
0.00262
0.00259
0.00257
0.00254
0.00252
0.00249
0.00247
0.00244
0.00242
0.0024
0.00237
0.00235
0.00233
0.00231
0.00228
0.00226
0.00224
0.00222
0.00219
0.00217
0.00215
0.00212
0.0021
0.00207
0.00205
0.00202
0.00199
0.00196
0.00193
0.00189
0.00186
0.00182
0.00178
0.00174
0.0017
0.00166
0.00161
0.00156
0.00151
0.00146
0.00141
0.00135
0.00129
0.00123
0.00117
0.00111
0.00104
0.00097
0.00091
0.00084
0.00077
0.0007
0.00064
0.00056
0.0005
0.00042
0.00036
0.00028
0.00022
0.00014
8e-05
1e-05
-6e-05
-0.00013
-0.0002
-0.00026
-0.00033
-0.00039
-0.00045
-0.00052
-0.00058
-0.00065
-0.00071
-0.00077
-0.00083
-0.00089
-0.00095
-0.00101
-0.00107
-0.00113
-0.00118
-0.00124
-0.00129
-0.00135
-0.0014
-0.00146
-0.0015
-0.00156
-0.0016
-0.00166
-0.0017
-0.00175
-0.00179
-0.00184
-0.00188
-0.00193
-0.00197
-0.00202
-0.00206
-0.0021
-0.00214
-0.00218
-0.00222
-0.00227
-0.00231
-0.00235
-0.00239
-0.00244
-0.00248
-0.00252
-0.00257
-0.00261
-0.00266
-0.0027
-0.00274
-0.00279
-0.00283
-0.00287
-0.00291
-0.00296
-0.00299
-0.00303
-0.00306
-0.0031
-0.00313
-0.00316
-0.00318
-0.00321
-0.00323
-0.00324
-0.00325
-0.00326
-0.00326
-0.00326
-0.00325
-0.00325
-0.00323
-0.00322
-0.0032
-0.00318
-0.00315
-0.00312
-0.00308
-0.00305
-0.00301
-0.00296
-0.00291
-0.00286
-0.0028
-0.00275
-0.00268
-0.00262
-0.00255
-0.00249
-0.00241
-0.00234
-0.00225
-0.00217
-0.00209
-0.002
-0.00191
-0.00181
-0.00171
-0.0016
-0.00149
-0.00138
-0.00126
-0.00115
-0.00102
-0.00089
-0.00076
-0.00063
-0.00049
-0.00035
-0.00021
-6e-05
8e-05
0.00023
0.00038
0.00053
0.00069
0.00083
0.00098
0.00113
0.00128
0.00143
0.00158
0.00171
0.00186
0.002
0.00214
0.00227
0.0024
0.00253
0.00266
0.00278
0.00291
0.00302
0.00314
0.00325
0.00337
0.00347
0.00359
0.00369
0.0038
0.0039
0.004
0.0041
0.00419
0.00429
0.00439
0.00448
0.00458
0.00466
0.00476
0.00484
0.00493
0.00501
0.00509
0.00517
0.00525
0.00532
0.00539
0.00545
0.00551
0.00557
0.00563
0.00568
0.00573
0.00576
0.0058
0.00583
0.00586
0.00588
0.0059
0.00591
0.00592
0.00592
0.00592
0.00591
0.0059
0.00588
0.00586
0.00584
0.00582
0.00578
0.00575
0.00571
0.00568
0.00563
0.00559
0.00554
0.0055
0.00544
0.00539
0.00533
0.00528
0.00522
0.00516
0.0051
0.00505
0.00498
0.00492
0.00485
0.00479
0.00472
0.00465
0.00458
0.00451
0.00444
0.00436
0.00428
0.0042
0.00413
0.00405
0.00396
0.00388
0.00378
0.0037
0.0036
0.00351
0.00341
0.00331
0.00321
0.00311
0.003
0.00289
0.00278
0.00266
0.00255
0.00243
0.00231
0.00219
0.00206
0.00193
0.0018
0.00168
0.00154
0.00142
0.00128
0.00115
0.00102
0.00088
0.00075
0.00062
0.00049
0.00036
0.00023
0.00011
-2e-05
-0.00014
-0.00026
-0.00037
-0.00049
-0.0006
-0.00071
-0.0008
-0.0009
-0.00099
-0.00108
-0.00117
-0.00124
-0.00131
-0.00138
-0.00144
-0.0015
-0.00155
-0.0016
-0.00164
-0.00168
-0.0017
-0.00173
-0.00175
-0.00177
-0.00178
-0.00178
-0.00179
-0.00178
-0.00178
-0.00177
-0.00175
-0.00174
-0.00172
-0.0017
-0.00167
-0.00165
-0.00162
-0.00159
-0.00156
-0.00152
-0.00149
-0.00146
-0.00142
-0.00138
-0.00134
-0.0013
-0.00126
-0.00122
-0.00118
-0.00114
-0.00109
-0.00105
-0.001
-0.00096
-0.00091
-0.00087
-0.00082
-0.00078
-0.00073
-0.00068
-0.00063
-0.00059
-0.00054
-0.00049
-0.00044
-0.0004
-0.00034
-0.0003
-0.00025
-0.00021
-0.00016
-0.00012
-7e-05
-3e-05
0.0
4e-05
8e-05
0.00012
0.00015
0.00017
0.00021
0.00023
0.00025
0.00027
0.00029
0.0003
0.00032
0.00033
0.00033
0.00034
0.00034
0.00034
0.00033
0.00032
0.00032
0.0003
0.00029
0.00026
0.00024
0.00021
0.00019
0.00015
0.00012
8e-05
4e-05
-1e-05
-6e-05
-0.0001
-0.00016
-0.00021
-0.00027
-0.00034
-0.0004
-0.00046
-0.00053
-0.00061
-0.00068
-0.00075
-0.00082
-0.0009
-0.00098
-0.00106
-0.00114
-0.00122
-0.00129
-0.00137
-0.00144
-0.00152
-0.00159
-0.00166
-0.00172
-0.00179
-0.00185
-0.00191
-0.00197
-0.00202
-0.00207
-0.00212
-0.00217
-0.00221
-0.00225
-0.00228
-0.00231
-0.00234
-0.00237
-0.00239
-0.00241
-0.00243
-0.00244
-0.00246
-0.00247
-0.00248
-0.00249
-0.00249
-0.0025
-0.00249
-0.00249
-0.00249
-0.00248
-0.00248
-0.00246
-0.00245
-0.00243
-0.00241
-0.00239
-0.00237
-0.00234
-0.00231
-0.00228
-0.00224
-0.0022
-0.00216
-0.00211
-0.00207
-0.00201
-0.00196
-0.0019
-0.00185
-0.00178
-0.00173
-0.00166
-0.0016
-0.00153
-0.00146
-0.00139
-0.00133
-0.00126
-0.00119
-0.00112
-0.00105
-0.00099
-0.00093
-0.00086
-0.0008
-0.00074
-0.00068
-0.00062
-0.00057
-0.00051
-0.00046
-0.00041
-0.00037
-0.00032
-0.00027
-0.00023
-0.00018
-0.00014
-0.0001
-6e-05
-2e-05
3e-05
7e-05
0.00011
0.00015
0.0002
0.00024
0.00029
0.00034
0.00039
0.00044
0.0005
0.00055
0.00061
0.00067
0.00074
0.0008
0.00087
0.00094
0.00101
0.00109
0.00117
0.00125
0.00133
0.00141
0.00149
0.00158
0.00167
0.00177
0.00186
0.00195
0.00205
0.00214
0.00224
0.00233
0.00243
0.00252
0.00262
0.00272
0.00281
0.0029
0.00299
0.00309
0.00318
0.00327
0.00336
0.00344
0.00353
0.00361
0.0037
0.00377
0.00385
0.00392
0.004
0.00407
0.00414
0.0042
0.00427
0.00433
0.00439
0.00445
0.00451
0.00456
0.00461
0.00466
0.00471
0.00476
0.00481
0.00485
0.00489
0.00493
0.00497
0.00501
0.00504
0.00508
0.00511
0.00514
0.00518
0.0052
0.00523
0.00525
0.00528
0.0053
0.00533
0.00534
0.00537
0.00539
0.00541
0.00542
0.00544
0.00545
0.00547
0.00548
0.0055
0.00551
0.00552
0.00553
0.00555
0.00556
0.00557
0.00558
0.00559
0.0056
0.00561
0.00562
0.00563
0.00564
0.00565
0.00566
0.00567
0.00567
0.00568
0.00568
0.00569
0.00569
0.0057
0.00569
0.0057
0.00569
0.00569
0.00568
0.00567
0.00566
0.00565
0.00564
0.00563
0.00561
0.00559
0.00557
0.00555
0.00553
0.00551
0.00548
0.00547
0.00544
0.00541
0.00539
0.00536
0.00533
0.00531
0.00528
0.00526
0.00522
0.0052
0.00517
0.00514
0.0051
0.00507
0.00504
0.00501
0.00497
0.00493
0.00489
0.00485
0.0048
0.00476
0.00471
0.00466
0.0046
0.00455
0.00448
0.00443
0.00435
0.00429
0.00422
0.00415
0.00407
0.00399
0.00391
0.00383
0.00375
0.00367
0.00359
0.00351
0.00342
0.00334
0.00325
0.00317
0.00308
0.003
0.00291
0.00284
0.00276
0.00268
0.0026
0.00252
0.00244
0.00237
0.0023
0.00222
0.00215
0.00208
0.002
0.00193
0.00186
0.00179
0.00171
0.00165
0.00157
0.0015
0.00143
0.00136
0.00129
0.00122
0.00115
0.00108
0.00101
0.00095
0.00088
0.00082
0.00076
0.0007
0.00064
0.00059
0.00053
0.00048
0.00043
0.00038
0.00034
0.0003
0.00026
0.00023
0.00018
0.00015
0.00011
8e-05
5e-05
2e-05
-2e-05
-5e-05
-9e-05
-0.00013
-0.00017
-0.00021
-0.00025
-0.00029
-0.00034
-0.00038
-0.00044
-0.00049
-0.00055
-0.0006
-0.00066
-0.00072
-0.00079
-0.00084
-0.00091
-0.00097
-0.00103
-0.0011
-0.00116
-0.00122
-0.00128
-0.00133
-0.00139
-0.00144
-0.00149
-0.00153
-0.00158
-0.00162
-0.00166
-0.00169
-0.00172
-0.00175
-0.00178
-0.00181
-0.00182
-0.00184
-0.00186
-0.00187
-0.00189
-0.0019
-0.00191
-0.00192
-0.00193
-0.00194
-0.00195
-0.00195
-0.00195
-0.00196
-0.00196
-0.00196
-0.00196
-0.00196
-0.00196
-0.00195
-0.00195
-0.00193
-0.00192
-0.0019
-0.00188
-0.00185
-0.00183
-0.00179
-0.00176
-0.00171
-0.00167
-0.00162
-0.00156
-0.0015
-0.00144
-0.00137
-0.0013
-0.00122
-0.00115
-0.00106
-0.00098
-0.00089
-0.00081
-0.00071
-0.00062
-0.00052
-0.00043
-0.00034
-0.00024
-0.00015
-6e-05
4e-05
0.00013
0.00022
0.00031
0.0004
