1.69949255144960E+03

0.00316
0.00315
0.00314
0.00312
0.00312
0.0031
0.00308
0.00307
0.00305
0.00303
0.00301
0.003
0.00298
0.00296
0.00294
0.00293
0.00291
0.0029
0.00288
0.00287
0.00286
0.00285
0.00284
0.00284
0.00283
0.00283
0.00284
0.00284
0.00285
0.00286
0.00287
0.00289
0.00291
0.00292
0.00295
0.00297
0.003
0.00302
0.00305
0.00308
0.00311
0.00314
0.00317
0.0032
0.00323
0.00326
0.00329
0.00332
0.00335
0.00338
0.0034
0.00343
0.00345
0.00347
0.0035
0.00352
0.00354
0.00356
0.00357
0.00359
0.00361
0.00362
0.00364
0.00365
0.00367
0.00368
0.00369
0.0037
0.00372
0.00373
0.00374
0.00374
0.00375
0.00376
0.00376
0.00376
0.00377
0.00376
0.00376
0.00375
0.00375
0.00373
0.00372
0.0037
0.00369
0.00366
0.00363
0.0036
0.00357
0.00353
0.00349
0.00345
0.00341
0.00335
0.0033
0.00325
0.0032
0.00313
0.00308
0.00301
0.00295
0.00288
0.00281
0.00274
0.00267
0.00259
0.00252
0.00244
0.00237
0.00228
0.00221
0.00212
0.00204
0.00195
0.00186
0.00177
0.00168
0.00158
0.00148
0.00137
0.00127
0.00116
0.00105
0.00094
0.00083
0.0007
0.00059
0.00046
0.00034
0.00021
9e-05
-4e-05
-0.00016
-0.00029
-0.00042
-0.00054
-0.00067
-0.00079
-0.00091
-0.00103
-0.00114
-0.00126
-0.00137
-0.00148
-0.00157
-0.00168
-0.00177
-0.00187
-0.00195
-0.00203
-0.00211
-0.00219
-0.00226
-0.00233
-0.00239
-0.00245
-0.0025
-0.00256
-0.00261
-0.00266
-0.0027
-0.00274
-0.00278
-0.00282
-0.00284
-0.00287
-0.0029
-0.00292
-0.00294
-0.00295
-0.00296
-0.00297
-0.00297
-0.00297
-0.00296
-0.00295
-0.00293
-0.00291
-0.00288
-0.00285
-0.0028
-0.00276
-0.00271
-0.00266
-0.0026
-0.00253
-0.00246
-0.00239
-0.0023
-0.00222
-0.00213
-0.00204
-0.00195
-0.00186
-0.00175
-0.00166
-0.00155
-0.00145
-0.00135
-0.00125
-0.00115
-0.00105
-0.00095
-0.00085
-0.00075
-0.00066
-0.00057
-0.00048
-0.00039
-0.0003
-0.00022
-0.00014
-6e-05
2e-05
9e-05
0.00016
0.00023
0.00029
0.00036
0.00042
0.00049
0.00054
0.0006
0.00065
0.00071
0.00076
0.00082
0.00087
0.00092
0.00097
0.00101
0.00106
0.0011
0.00115
0.0012
0.00124
0.00128
0.00132
0.00136
0.0014
0.00144
0.00147
0.00151
0.00154
0.00158
0.0016
0.00163
0.00166
0.00168
0.00171
0.00174
0.00176
0.00178
0.0018
0.00182
0.00184
0.00186
0.00187
0.00189
0.0019
0.00192
0.00193
0.00194
0.00195
0.00196
0.00197
0.00198
0.00199
0.002
0.002
0.00201
0.00201
0.00202
0.00202
0.00203
0.00202
0.00203
0.00203
0.00203
0.00203
0.00202
0.00202
0.00202
0.00202
0.00202
0.00201
0.00201
0.002
0.002
0.00199
0.00198
0.00197
0.00197
0.00196
0.00195
0.00194
0.00193
0.00193
0.00192
0.00191
0.0019
0.00189
0.00188
0.00187
0.00186
0.00184
0.00183
0.00181
0.0018
0.00177
0.00175
0.00173
0.0017
0.00167
0.00164
0.00161
0.00158
0.00153
0.00149
0.00144
0.0014
0.00134
0.00128
0.00122
0.00116
0.00109
0.00102
0.00095
0.00087
0.00079
0.00071
0.00063
0.00054
0.00045
0.00036
0.00027
0.00018
8e-05
-1e-05
-0.00011
-0.0002
-0.0003
-0.00039
-0.00049
-0.00059
-0.00068
-0.00077
-0.00087
-0.00096
-0.00106
-0.00115
-0.00124
-0.00133
-0.00142
-0.00151
-0.0016
-0.00169
-0.00178
-0.00187
-0.00196
-0.00205
-0.00213
-0.00222
-0.00231
-0.00239
-0.00248
-0.00256
-0.00265
-0.00273
-0.00281
-0.00289
-0.00297
-0.00304
-0.00311
-0.00318
-0.00325
-0.00331
-0.00337
-0.00342
-0.00348
-0.00352
-0.00357
-0.0036
-0.00363
-0.00366
-0.00368
-0.0037
-0.00372
-0.00372
-0.00372
-0.00372
-0.00372
-0.00371
-0.00369
-0.00367
-0.00365
-0.00362
-0.0036
-0.00356
-0.00353
-0.00349
-0.00345
-0.00341
-0.00337
-0.00332
-0.00328
-0.00324
-0.00319
-0.00315
-0.0031
-0.00304
-0.00299
-0.00294
-0.00289
-0.00284
-0.00279
-0.00273
-0.00268
-0.00262
-0.00257
-0.0025
-0.00244
-0.00239
-0.00233
-0.00226
-0.0022
-0.00214
-0.00207
-0.002
-0.00194
-0.00187
-0.00181
-0.00174
-0.00167
-0.0016
-0.00154
-0.00147
-0.0014
-0.00133
-0.00127
-0.0012
-0.00113
-0.00107
-0.001
-0.00093
-0.00087
-0.00081
-0.00075
-0.00068
-0.00063
-0.00057
-0.00051
-0.00045
-0.0004
-0.00034
-0.00029
-0.00024
-0.00019
-0.00014
-9e-05
-4e-05
0.0
5e-05
9e-05
0.00013
0.00017
0.00021
0.00024
0.00028
0.0003
0.00033
0.00035
0.00037
0.00039
0.00041
0.00043
0.00044
0.00045
0.00046
0.00046
0.00047
0.00046
0.00046
0.00045
0.00045
0.00044
0.00043
0.00041
0.00039
0.00038
0.00036
0.00034
0.00032
0.00029
0.00027
0.00024
0.00021
0.00018
0.00015
0.00011
8e-05
4e-05
1e-05
-4e-05
-8e-05
-0.00012
-0.00016
-0.00021
-0.00025
-0.0003
-0.00035
-0.0004
-0.00045
-0.00051
-0.00056
-0.00062
-0.00067
-0.00073
-0.00078
-0.00084
-0.00089
-0.00095
-0.001
-0.00105
-0.0011
-0.00115
-0.00119
-0.00124
-0.00128
-0.00133
-0.00136
-0.0014
-0.00143
-0.00146
-0.00149
-0.00151
-0.00154
-0.00156
-0.00157
-0.00158
-0.00159
-0.0016
-0.00161
-0.00161
-0.00161
-0.00162
-0.00161
-0.00161
-0.0016
-0.0016
-0.00159
-0.00158
-0.00157
-0.00155
-0.00154
-0.00152
-0.0015
-0.00149
-0.00146
-0.00144
-0.00141
-0.00139
-0.00136
-0.00133
-0.00129
-0.00126
-0.00122
-0.00119
-0.00115
-0.0011
-0.00105
-0.001
-0.00095
-0.0009
-0.00084
-0.00078
-0.00072
-0.00066
-0.00059
-0.00053
-0.00045
-0.00039
-0.00032
-0.00025
-0.00018
-0.0001
-2e-05
5e-05
0.00013
0.0002
0.00028
0.00035
0.00043
0.00049
0.00057
0.00063
0.00071
0.00077
0.00084
0.0009
0.00096
0.00101
0.00107
0.00112
0.00117
0.00121
0.00126
0.00129
0.00133
0.00135
0.00138
0.0014
0.00142
0.00142
0.00143
0.00142
0.00142
0.0014
0.00139
0.00136
0.00134
0.0013
0.00126
0.00121
0.00116
0.00109
0.00103
0.00095
0.00088
0.00079
0.0007
0.0006
0.0005
0.0004
0.00029
0.00017
6e-05
-7e-05
-0.00019
-0.00033
-0.00045
-0.0006
-0.00073
-0.00088
-0.00101
-0.00116
-0.0013
-0.00145
-0.0016
-0.00174
-0.00189
-0.00203
-0.00218
-0.00233
-0.00246
-0.00261
-0.00275
-0.00289
-0.00302
-0.00316
-0.00329
-0.00342
-0.00355
-0.00368
-0.00381
-0.00392
-0.00404
-0.00416
-0.00426
-0.00438
-0.00448
-0.00459
-0.00468
-0.00478
-0.00487
-0.00496
-0.00504
-0.00513
-0.00521
-0.00529
-0.00536
-0.00542
-0.00548
-0.00554
-0.0056
-0.00565
-0.00569
-0.00574
-0.00577
-0.00581
-0.00584
-0.00587
-0.00588
-0.0059
-0.00591
-0.00592
-0.00592
-0.00591
-0.0059
-0.00589
-0.00587
-0.00585
-0.00582
-0.00579
-0.00575
-0.00572
-0.00567
-0.00563
-0.00557
-0.00552
-0.00546
-0.0054
-0.00533
-0.00526
-0.00519
-0.00511
-0.00503
-0.00496
-0.00487
-0.00479
-0.0047
-0.00461
-0.00452
-0.00443
-0.00433
-0.00424
-0.00414
-0.00405
-0.00395
-0.00385
-0.00375
-0.00364
-0.00354
-0.00344
-0.00333
-0.00323
-0.00312
-0.00302
-0.00291
-0.00281
-0.0027
-0.0026
-0.0025
-0.00239
-0.00229
-0.00219
-0.00208
-0.00198
-0.00188
-0.00179
-0.00169
-0.0016
-0.0015
-0.00142
-0.00133
-0.00125
-0.00116
-0.00108
-0.00101
-0.00094
-0.00087
-0.0008
-0.00074
-0.00068
-0.00063
-0.00058
-0.00052
-0.00048
-0.00043
-0.00039
-0.00035
-0.00032
-0.00028
-0.00025
-0.00022
-0.00019
-0.00016
-0.00013
-0.0001
-8e-05
-5e-05
-2e-05
2e-05
4e-05
8e-05
0.00011
0.00014
0.00017
0.00021
0.00025
0.00029
0.00033
0.00037
0.00042
0.00046
0.00051
0.00056
0.0006
0.00065
0.0007
0.00075
0.0008
0.00086
0.0009
0.00096
0.00101
0.00106
0.00112
0.00117
0.00123
0.00129
0.00135
0.00142
0.00149
0.00156
0.00163
0.00171
0.0018
0.00189
0.00198
0.00209
0.0022
0.00232
0.00245
0.00259
0.00274
0.0029
0.00307
0.00326
0.00346
0.00367
0.00389
0.00413
0.00439
0.00466
0.00495
0.00526
0.00558
0.00592
0.00627
0.00665
0.00705
0.00746
0.00789
0.00834
0.00881
0.0093
0.00981
0.01034
0.01089
0.01146
0.01205
0.01267
0.0133
0.01395
0.01463
0.01533
0.01605
0.01679
0.01755
0.01833
0.01913
0.01996
0.0208
0.02166
0.02255
0.02345
0.02438
0.02532
0.02628
0.02726
0.02826
0.02927
0.0303
0.03135
0.03241
0.03348
0.03457
0.03567
0.03678
0.0379
0.03904
0.04018
0.04133
0.04249
0.04366
0.04483
0.046
0.04719
0.04837
0.04956
0.05075
0.05194
0.05313
0.05432
0.05551
0.05669
0.05788
0.05906
0.06024
0.06141
0.06258
0.06374
0.06489
0.06604
0.06718
0.0683
0.06942
0.07053
0.07162
0.07271
0.07377
0.07483
0.07588
0.07691
0.07792
0.07893
0.07991
0.08088
0.08183
0.08276
0.08368
0.08457
0.08545
0.08631
0.08715
0.08796
0.08876
0.08955
0.09031
0.09104
0.09176
0.09246
0.09314
0.0938
0.09444
0.09506
0.09565
0.09623
0.09678
0.09732
0.09784
0.09833
0.09881
0.09926
0.0997
0.10012
0.10052
0.1009
0.10126
0.1016
0.10192
0.10223
0.10252
0.10279
0.10304
0.10327
0.1035
0.1037
0.10388
0.10405
0.1042
0.10434
0.10446
0.10457
0.10466
0.10474
0.1048
0.10485
0.10488
0.1049
0.10489
0.10488
0.10486
0.10482
0.10477
0.1047
0.10462
0.10452
0.10442
0.10429
0.10416
0.10401
0.10385
0.10368
0.10348
0.10328
0.10306
0.10283
0.1026
0.10234
0.10207
0.10179
0.1015
0.10119
0.10088
0.10056
0.10022
0.09987
0.09952
0.09915
0.09877
0.09839
0.09799
0.0976
0.09719
0.09677
0.09635
0.09593
0.0955
0.09506
0.09463
0.09419
0.09374
0.0933
0.09285
0.0924
0.09195
0.09149
0.09104
0.09059
0.09013
0.08968
0.08923
0.08877
0.08831
0.08786
0.08741
0.08696
0.0865
0.08606
0.0856
0.08515
0.0847
0.08425
0.0838
0.08334
0.08289
0.08244
0.08199
0.08153
0.08108
0.08063
0.08019
0.07973
0.07928
0.07884
0.07839
0.07794
0.07749
0.07705
0.0766
0.07616
0.07572
0.07528
0.07484
0.0744
0.07397
0.07354
0.07312
0.07269
0.07227
0.07185
0.07143
0.07102
0.0706
0.07019
0.06978
0.06937
0.06897
0.06856
0.06816
0.06776
0.06736
0.06696
0.06657
0.06617
0.06577
0.06538
0.06499
0.0646
0.0642
0.06381
0.06342
0.06303
0.06264
0.06225
0.06187
0.06148
0.06109
0.06071
0.06033
0.05995
0.05957
0.05919
0.05882
0.05845
0.05808
0.05771
0.05735
0.05699
0.05663
0.05627
0.05592
0.05556
0.05521
0.05486
0.05451
0.05416
0.05382
0.05348
0.05313
0.05279
0.05244
0.0521
0.05175
0.05141
0.05106
0.05071
0.05037
0.05001
0.04966
0.04931
0.04895
0.04859
0.04824
0.04788
0.04752
0.04715
0.04679
0.04642
0.04606
0.04569
0.04532
0.04495
0.04459
0.04422
0.04385
0.04349
0.04312
0.04275
0.04239
0.04203
0.04166
0.0413
0.04094
0.04059
0.04023
0.03988
0.03953
0.03918
0.03883
0.03849
0.03814
0.0378
0.03746
0.03713
0.03679
0.03646
0.03613
0.0358
0.03547
0.03515
0.03483
0.03451
0.03419
0.03388
0.03356
0.03325
0.03295
0.03264
0.03234
0.03204
0.03175
0.03145
0.03116
0.03088
0.03059
0.03031
0.03003
0.02975
0.02948
0.02921
0.02894
0.02867
0.0284
0.02814
0.02788
0.02762
0.02736
0.02711
0.02685
0.02659
0.02634
0.02609
0.02584
0.0256
0.02535
0.0251
0.02486
0.02462
0.02438
0.02414
0.0239
0.02366
0.02343
0.0232
0.02297
0.02274
0.02252
0.0223
0.02208
0.02186
0.02165
0.02144
0.02123
0.02103
0.02082
0.02062
0.02042
0.02023
0.02003
0.01984
0.01965
0.01946
0.01927
0.01909
0.0189
0.01872
0.01854
0.01836
0.01817
0.01799
0.01781
0.01763
0.01745
0.01727
0.01709
0.01691
0.01673
0.01655
0.01637
0.01619
0.01601
0.01584
0.01566
0.01548
0.0153
0.01513
0.01496
0.01479
0.01462
0.01445
0.01428
0.01412
0.01396
0.0138
0.01365
0.0135
0.01336
0.01322
0.01308
0.01294
0.01281
0.01269
0.01256
0.01245
0.01233
0.01222
0.01212
0.01202
0.01192
0.01183
0.01174
0.01165
0.01157
0.0115
0.01142
0.01135
0.01128
0.01122
0.01116
0.0111
0.01104
0.01099
0.01094
0.01089
0.01084
0.0108
0.01075
0.01071
0.01067
0.01063
0.0106
0.01056
0.01053
0.0105
0.01047
0.01044
0.01041
0.01039
0.01037
0.01035
0.01033
0.01031
0.0103
0.01028
0.01028
0.01027
0.01026
0.01026
0.01026
0.01027
0.01027
0.01028
0.01028
0.0103
0.01031
0.01032
0.01034
0.01035
0.01038
0.0104
0.01042
0.01044
0.01046
0.01049
0.01051
0.01053
0.01055
0.01057
0.01059
0.01061
0.01063
0.01065
0.01066
0.01068
0.01069
0.0107
0.01071
0.01072
0.01073
0.01073
0.01073
0.01074
0.01073
0.01073
0.01072
0.01071
0.0107
0.01069
0.01067
0.01065
0.01063
0.01061
0.01058
0.01056
0.01052
0.01049
0.01045
0.01041
0.01037
0.01032
0.01027
0.01023
0.01017
0.01011
0.01005
0.00999
0.00993
0.00986
0.00979
0.00972
0.00964
0.00957
0.00949
0.00942
0.00933
0.00925
0.00917
0.00909
0.00901
0.00892
0.00884
0.00875
0.00867
0.00859
0.00851
0.00843
0.00834
0.00827
0.00819
0.00811
0.00803
0.00796
0.00788
0.0078
0.00773
0.00766
0.00758
0.00751
0.00744
0.00737
0.0073
0.00723
0.00715
0.00709
0.00701
0.00695
0.00687
0.00681
0.00674
0.00667
0.0066
0.00654
0.00647
0.0064
0.00634
0.00628
0.00622
0.00616
0.0061
0.00605
0.006
0.00596
0.00591
0.00587
0.00582
0.00579
0.00576
0.00573
0.0057
0.00568
0.00566
0.00564
0.00563
0.00562
0.00561
0.00561
0.0056
0.0056
0.0056
0.0056
0.0056
0.00561
0.00561
0.00562
0.00562
0.00563
0.00563
0.00563
0.00564
0.00564
0.00564
0.00564
0.00564
0.00564
0.00563
0.00563
0.00562
0.00561
0.0056
0.00559
0.00558
0.00557
0.00556
0.00555
0.00554
0.00553
0.00551
0.0055
0.00548
0.00547
0.00546
0.00545
0.00543
0.00542
0.0054
0.00539
0.00537
0.00535
0.00534
0.00532
0.0053
0.00528
0.00526
0.00524
0.00521
0.00519
0.00516
0.00513
0.0051
0.00507
0.00503
0.00499
0.00495
0.00491
0.00487
0.00483
0.00479
0.00474
0.00469
0.00465
0.0046
0.00455
0.0045
0.00446
0.0044
0.00436
0.00431
0.00426
0.00421
0.00416
0.00411
0.00407
0.00402
0.00397
0.00392
0.00387
0.00382
0.00377
0.00371
0.00366
0.0036
0.00355
0.00348
0.00342
0.00335
0.00328
0.00321
0.00314
0.00306
0.00298
0.00289
0.00281
0.00271
0.00262
0.00252
0.00243
0.00232
0.00223
0.00212
0.00202
0.00191
0.0018
0.0017
0.00159
0.00149
0.00138
0.00127
0.00118
0.00108
0.00098
0.00088
0.0008
0.0007
0.00062
0.00054
0.00046
0.00039
0.00031
0.00025
0.00019
0.00013
7e-05
1e-05
-3e-05
-8e-05
-0.00013
-0.00017
-0.00021
-0.00026
-0.00029
-0.00033
-0.00037
-0.0004
-0.00044
-0.00047
-0.00051
-0.00054
-0.00058
-0.00062
-0.00065
-0.00069
-0.00072
-0.00077
-0.00081
-0.00085
-0.00088
-0.00093
-0.00097
-0.00101
-0.00106
-0.0011
-0.00114
-0.00118
-0.00122
-0.00126
-0.0013
-0.00134
-0.00138
-0.00141
-0.00145
-0.00148
-0.00151
-0.00154
-0.00156
-0.00159
-0.00161
-0.00163
-0.00165
-0.00166
-0.00167
-0.00168
-0.00168
-0.00169
-0.00169
-0.00169
-0.00168
-0.00168
-0.00166
-0.00166
-0.00164
-0.00163
-0.00161
-0.00159
-0.00157
-0.00154
-0.00151
-0.00149
-0.00146
-0.00143
-0.00139
-0.00136
-0.00132
-0.00129
-0.00125
-0.00121
-0.00117
-0.00113
-0.00109
-0.00104
-0.001
-0.00095
-0.0009
-0.00086
-0.00081
-0.00076
-0.00071
-0.00066
-0.00061
-0.00056
-0.00051
-0.00045
-0.0004
-0.00035
-0.0003
-0.00024
-0.00018
-0.00012
-6e-05
-1e-05
6e-05
0.00012
0.00019
0.00025
0.00032
0.00038
0.00046
0.00053
0.0006
0.00068
0.00076
0.00084
0.00092
0.001
0.00109
0.00117
0.00126
0.00135
0.00144
0.00153
0.00162
0.00171
0.0018
0.00189
0.00197
0.00206
0.00215
0.00223
0.00231
0.00239
0.00247
0.00254
0.00261
0.00267
0.00274
0.00279
0.00285
0.0029
0.00295
0.00299
0.00302
0.00306
0.00308
0.00311
0.00313
0.00315
0.00317
0.00318
0.0032
0.0032
0.00321
0.00321
0.00321
0.00321
0.00321
0.00321
0.00321
0.0032
0.00319
0.00319
0.00318
0.00317
0.00316
0.00315
0.00314
0.00312
0.00311
0.00309
0.00307
0.00304
0.00302
0.00299
0.00296
0.00293
0.00289
0.00285
0.0028
0.00276
0.00271
0.00264
0.00259
0.00252
0.00246
0.00238
0.00231
0.00223
0.00216
0.00207
0.00199
0.0019
0.00182
0.00173
0.00164
0.00155
0.00147
0.00138
0.0013
0.00121
0.00113
0.00105
0.00097
0.00089
0.00083
0.00076
0.00069
0.00063
0.00057
0.00052
0.00048
0.00043
0.0004
0.00036
0.00033
0.0003
0.00029
0.00026
0.00025
0.00024
0.00024
0.00023
0.00024
0.00024
0.00025
0.00026
0.00028
0.0003
0.00033
0.00035
0.00038
0.00042
0.00046
0.0005
0.00054
0.00059
0.00065
0.0007
0.00076
0.00082
0.00089
0.00096
0.00104
0.00111
0.0012
0.00127
0.00136
0.00145
0.00155
0.00164
0.00174
0.00183
0.00194
0.00204
0.00214
0.00224
0.00235
0.00245
0.00256
0.00266
0.00276
0.00286
0.00296
0.00306
0.00316
0.00325
0.00334
0.00342
0.00351
0.00359
0.00367
0.00374
0.00381
0.00388
0.00395
0.004
0.00406
0.00411
0.00416
0.0042
0.00424
0.00427
0.00431
0.00433
0.00435
0.00437
0.00438
0.00439
0.00439
0.00439
0.00439
0.00438
0.00437
0.00435
0.00433
0.0043
0.00427
0.00423
0.0042
0.00415
0.0041
0.00405
0.00399
0.00392
0.00385
0.00378
0.0037
0.00362
0.00354
0.00345
0.00336
0.00326
0.00317
0.00306
0.00296
0.00285
0.00275
0.00264
0.00253
0.00242
0.00231
0.0022
0.00209
0.00197
0.00187
0.00175
0.00165
0.00154
0.00144
0.00133
0.00123
0.00113
0.00104
0.00094
0.00085
0.00075
0.00067
0.00058
0.0005
0.00042
0.00034
0.00026
0.00019
0.00012
5e-05
-2e-05
-9e-05
-0.00015
-0.00021
-0.00028
-0.00033
-0.00039
-0.00045
-0.0005
-0.00054
-0.00059
-0.00063
-0.00068
-0.00072
-0.00076
-0.00079
-0.00082
-0.00084
-0.00087
-0.00088
-0.0009
-0.00091
-0.00092
-0.00092
-0.00091
-0.0009
-0.00088
-0.00086
-0.00083
-0.0008
-0.00076
-0.00071
-0.00066
-0.0006
-0.00054
-0.00047
-0.00039
-0.00031
-0.00023
-0.00014
-4e-05
7e-05
0.00017
0.00029
0.0004
0.00052
0.00064
0.00077
0.0009
0.00103
0.00116
0.0013
0.00143
0.00157
0.00171
0.00185
0.00199
0.00213
0.00227
0.00241
0.00254
0.00268
0.00281
0.00295
0.00308
0.00321
0.00334
0.00347
0.00359
0.00371
0.00382
0.00394
0.00405
0.00416
0.00427
0.00437
0.00447
0.00457
0.00466
0.00475
0.00483
0.00492
0.00499
0.00507
0.00513
0.0052
0.00525
0.00531
0.00536
0.0054
0.00544
0.00548
0.0055
0.00553
0.00555
0.00556
0.00557
0.00557
0.00556
0.00556
0.00554
0.00552
0.00549
0.00546
0.00543
0.00539
0.00534
0.0053
0.00524
0.00519
0.00512
0.00506
0.00499
0.00493
0.00485
0.00478
0.0047
0.00462
0.00454
0.00446
0.00438
0.0043
0.00422
0.00414
0.00405
0.00397
0.00389
0.00381
0.00372
0.00364
0.00356
0.00348
0.0034
0.00332
0.00324
0.00316
0.00308
0.00301
0.00293
0.00286
0.00277
0.0027
0.00262
0.00255
0.00247
0.00239
0.00231
0.00224
0.00216
0.00208
0.002
0.00192
0.00184
0.00176
0.00167
0.00159
0.0015
0.00142
0.00134
0.00125
0.00116
0.00108
0.00099
0.0009
0.00081
0.00072
0.00063
0.00053
0.00044
0.00035
0.00025
0.00016
6e-05
-4e-05
-0.00014
-0.00023
-0.00034
-0.00044
-0.00054
-0.00064
-0.00075
-0.00085
-0.00096
-0.00107
-0.00118
-0.00129
-0.00141
-0.00152
-0.00164
-0.00175
-0.00187
-0.00198
-0.00211
-0.00222
-0.00235
-0.00246
-0.00258
-0.0027
-0.00283
-0.00295
-0.00306
-0.00318
-0.00329
-0.0034
-0.00352
-0.00362
-0.00373
-0.00383
-0.00394
-0.00403
-0.00413
-0.00421
-0.0043
-0.00438
-0.00446
-0.00453
-0.0046
-0.00466
-0.00472
-0.00478
-0.00483
-0.00487
-0.00492
-0.00496
-0.005
-0.00503
-0.00506
-0.00508
-0.0051
-0.00512
-0.00514
-0.00515
-0.00516
-0.00517
-0.00518
-0.00518
-0.00519
-0.00518
-0.00519
-0.00518
-0.00518
-0.00517
-0.00517
-0.00515
-0.00514
-0.00513
-0.00511
-0.0051
-0.00508
-0.00505
-0.00503
-0.005
-0.00498
-0.00494
-0.00491
-0.00488
-0.00484
-0.0048
-0.00477
-0.00472
-0.00468
-0.00464
-0.00459
-0.00454
-0.00449
-0.00444
-0.00439
-0.00433
-0.00428
-0.00422
-0.00417
-0.00411
-0.00406
-0.004
-0.00394
-0.00387
-0.00381
-0.00375
-0.00369
-0.00363
-0.00356
-0.00349
-0.00342
-0.00335
-0.00328
-0.0032
-0.00312
-0.00304
-0.00296
-0.00288
-0.0028
-0.0027
-0.00262
-0.00253
-0.00244
-0.00234
-0.00225
-0.00215
-0.00205
-0.00195
-0.00186
-0.00175
-0.00166
-0.00156
-0.00146
-0.00136
-0.00127
-0.00117
-0.00108
-0.00099
-0.00091
-0.00083
-0.00074
-0.00066
-0.00059
-0.00051
-0.00045
-0.00037
-0.00031
-0.00025
-0.00019
-0.00014
-9e-05
-3e-05
1e-05
6e-05
0.0001
0.00014
0.00018
0.00022
0.00026
0.0003
0.00033
0.00036
0.00039
0.00043
0.00046
0.00049
0.00052
0.00055
0.00058
0.00061
0.00064
0.00066
0.00069
0.00072
0.00075
0.00078
0.0008
0.00082
0.00085
0.00087
0.00089
0.00092
0.00093
0.00096
0.00098
0.001
0.00101
0.00103
0.00105
0.00106
0.00108
0.0011
0.00111
0.00113
0.00114
0.00116
0.00118
0.00119
0.00121
0.00123
0.00124
0.00126
0.00127
0.00129
0.00131
0.00133
0.00134
0.00136
0.00138
0.0014
0.00141
0.00143
0.00144
0.00146
0.00146
0.00148
0.00149
0.0015
0.0015
0.0015
0.00151
0.00151
0.0015
0.0015
0.00149
0.00148
0.00146
0.00144
0.00142
0.00139
0.00136
0.00133
0.00129
0.00125
0.0012
0.00115
0.0011
0.00105
0.001
0.00094
0.00087
0.00081
0.00074
0.00068
0.00061
0.00054
0.00047
0.00041
0.00034
0.00027
0.0002
0.00014
8e-05
2e-05
-4e-05
-9e-05
-0.00015
-0.00019
-0.00023
-0.00027
-0.0003
-0.00033
-0.00036
-0.00037
-0.00039
-0.0004
-0.0004
-0.00041
-0.0004
-0.00039
-0.00037
-0.00035
-0.00033
-0.0003
-0.00027
-0.00023
-0.0002
-0.00016
-0.00012
-7e-05
-3e-05
2e-05
7e-05
0.00012
0.00017
0.00022
0.00027
0.00032
0.00036
0.00042
0.00046
0.00051
0.00056
0.0006
0.00064
0.00069
0.00072
0.00076
0.0008
0.00083
0.00086
0.0009
0.00092
0.00096
0.00097
0.001
0.00102
0.00105
0.00106
0.00109
0.0011
0.00112
0.00113
0.00114
0.00116
0.00117
0.00118
0.00118
0.00119
0.0012
0.0012
0.0012
0.0012
0.00121
0.0012
0.0012
0.00119
0.00119
0.00118
0.00117
0.00115
0.00114
0.00113
0.00111
0.00109
0.00108
0.00105
0.00103
0.001
0.00098
0.00095
0.00092
0.00089
0.00086
0.00083
0.00079
0.00076
0.00072
0.00069
0.00065
0.00062
0.00059
0.00054
0.00051
0.00047
0.00044
0.0004
0.00036
0.00032
0.00029
0.00025
0.00022
0.00018
0.00015
0.00012
9e-05
6e-05
3e-05
-0.0
-2e-05
-5e-05
-7e-05
-0.0001
-0.00012
-0.00015
-0.00016
-0.00018
-0.0002
-0.00021
-0.00023
-0.00024
-0.00025
-0.00026
-0.00026
-0.00027
-0.00027
-0.00028
-0.00028
-0.00028
-0.00027
-0.00027
-0.00026
-0.00026
-0.00025
-0.00024
-0.00023
-0.00021
-0.00019
-0.00018
-0.00016
-0.00014
-0.00012
-0.0001
-6e-05
-4e-05
-1e-05
1e-05
5e-05
8e-05
0.00011
0.00014
0.00018
0.00021
0.00025
0.00029
0.00033
0.00036
0.00041
0.00044
0.00048
0.00052
0.00056
0.00059
0.00063
0.00066
0.0007
0.00073
0.00076
0.00079
0.00082
0.00084
0.00087
0.00088
0.00091
0.00092
0.00094
0.00094
0.00095
0.00095
0.00096
0.00096
0.00095
0.00094
0.00093
0.00091
0.0009
0.00088
0.00085
0.00082
0.00079
0.00076
0.00073
0.00068
0.00064
0.00059
0.00055
0.0005
0.00045
0.00039
0.00033
0.00027
0.00021
0.00015
9e-05
2e-05
-5e-05
-0.00012
-0.00019
-0.00027
-0.00034
-0.00042
-0.00049
-0.00057
-0.00065
-0.00073
-0.00081
-0.00089
-0.00097
-0.00105
-0.00113
-0.00122
-0.0013
-0.00138
-0.00146
-0.00155
-0.00163
-0.00171
-0.00179
-0.00187
-0.00195
-0.00203
-0.0021
-0.00217
-0.00225
-0.00231
-0.00238
-0.00244
-0.0025
-0.00256
-0.00261
-0.00266
-0.0027
-0.00275
-0.00278
-0.00281
-0.00284
-0.00286
-0.00288
-0.00289
-0.00289
-0.00289
-0.00288
-0.00288
-0.00286
-0.00284
-0.00281
-0.00278
-0.00274
-0.00271
-0.00266
-0.00261
-0.00256
-0.0025
-0.00245
-0.00238
-0.00231
-0.00225
-0.00217
-0.00211
-0.00203
-0.00195
-0.00187
-0.0018
-0.00171
-0.00164
-0.00155
-0.00147
-0.00138
-0.0013
-0.00122
-0.00113
-0.00105
-0.00096
-0.00087
-0.00079
-0.0007
-0.00062
-0.00053
-0.00045
-0.00036
-0.00028
-0.00019
-0.0001
-2e-05
7e-05
0.00015
0.00023
0.00032
0.0004
0.00048
0.00055
0.00063
0.00071
0.00078
0.00085
0.00092
0.00098
0.00105
0.0011
0.00116
0.00121
0.00126
0.00131
0.00135
0.0014
0.00144
0.00146
0.0015
0.00153
0.00156
0.00157
0.0016
0.00161
0.00163
0.00164
0.00166
0.00167
0.00167
0.00168
0.00169
0.0017
0.00171
0.00171
0.00172
0.00172
0.00174
0.00174
0.00175
0.00175
0.00176
0.00176
0.00177
0.00177
0.00178
0.00178
0.00179
0.00179
0.0018
0.0018
0.0018
0.0018
0.0018
0.0018
0.00179
0.00178
0.00178
0.00177
0.00176
0.00174
0.00173
0.00171
0.00169
0.00167
0.00165
0.00162
0.00159
0.00156
0.00153
0.0015
0.00146
0.00142
0.00139
0.00135
0.0013
0.00126
0.00121
0.00116
0.00111
0.00106
0.00101
0.00095
0.00089
0.00083
0.00077
0.0007
0.00063
0.00056
0.00049
0.00041
0.00033
0.00025
0.00016
7e-05
-2e-05
-0.00012
-0.00021
-0.00032
-0.00042
-0.00053
-0.00064
-0.00076
-0.00087
-0.00099
-0.00111
-0.00123
-0.00135
-0.00148
-0.0016
-0.00173
-0.00185
-0.00197
-0.00209
-0.00222
-0.00234
-0.00246
-0.00257
-0.00269
-0.0028
-0.00291
-0.003
-0.00311
-0.0032
-0.00329
-0.00338
-0.00346
-0.00354
-0.00361
-0.00367
-0.00374
-0.0038
-0.00386
-0.0039
-0.00395
-0.00399
-0.00403
-0.00406
-0.00409
-0.00412
-0.00414
-0.00416
-0.00418
-0.00419
-0.0042
-0.0042
-0.00421
-0.0042
-0.0042
-0.00419
-0.00419
-0.00417
-0.00416
-0.00414
-0.00412
-0.00409
-0.00406
-0.00403
-0.00399
-0.00395
-0.0039
-0.00385
-0.00381
-0.00375
-0.00369
-0.00362
-0.00356
-0.00349
-0.00342
-0.00334
-0.00327
-0.00319
-0.00311
-0.00303
-0.00294
-0.00286
-0.00277
-0.00268
-0.0026
-0.00252
-0.00244
-0.00235
-0.00227
-0.00219
-0.00212
-0.00203
-0.00196
-0.00189
-0.00182
-0.00175
-0.00168
-0.00162
-0.00155
-0.00149
-0.00143
-0.00137
-0.00131
-0.00125
-0.00119
-0.00113
-0.00108
-0.00102
-0.00096
-0.0009
-0.00084
-0.00078
-0.00072
-0.00066
-0.00059
-0.00053
-0.00047
-0.0004
-0.00034
-0.00027
-0.00021
-0.00014
-8e-05
-1e-05
5e-05
0.00011
0.00017
0.00023
0.00029
0.00035
0.0004
0.00046
0.00051
0.00056
0.00061
0.00066
0.00071
0.00076
0.0008
0.00084
0.00088
0.00092
0.00096
0.001
0.00104
0.00108
0.00112
0.00116
0.00119
0.00124
0.00127
0.00131
0.00134
0.00138
0.00141
0.00145
0.00149
0.00152
0.00155
0.00158
0.00161
0.00164
0.00166
0.00169
0.00171
0.00173
0.00175
0.00177
0.00177
0.00179
0.00179
0.0018
0.0018
0.0018
0.0018
0.00179
0.00179
0.00178
0.00177
0.00177
0.00175
0.00174
0.00173
0.00172
0.0017
0.00169
0.00167
0.00166
0.00164
0.00163
0.00162
0.0016
0.00159
0.00158
0.00157
0.00156
0.00155
0.00154
0.00153
0.00152
0.00151
0.0015
0.00149
0.00149
0.00148
0.00147
0.00146
0.00145
0.00145
0.00144
0.00144
0.00144
0.00143
0.00143
0.00142
0.00143
0.00142
0.00143
0.00143
0.00144
0.00144
0.00145
0.00145
0.00146
0.00148
0.00149
0.00151
0.00153
0.00153
0.00156
0.00157
0.00159
0.0016
0.00162
0.00163
0.00165
0.00166
0.00167
0.00167
0.00168
0.00168
0.00168
0.00168
0.00167
0.00165
0.00164
0.00162
0.00159
0.00156
0.00153
0.00149
0.00145
0.0014
0.00135
0.00129
0.00123
0.00117
0.00111
0.00104
0.00097
0.00089
0.00081
0.00073
0.00065
0.00056
0.00047
0.00038
0.00029
0.0002
0.0001
0.0
-0.0001
-0.0002
-0.0003
-0.0004
-0.0005
-0.00061
-0.00072
-0.00082
-0.00093
-0.00104
-0.00115
-0.00127
-0.00138
-0.00149
-0.0016
-0.00172
-0.00183
-0.00195
-0.00206
-0.00217
-0.00228
-0.00239
-0.0025
-0.00261
-0.00271
-0.00282
-0.00292
-0.00302
-0.00311
-0.00321
-0.0033
-0.00339
-0.00347
-0.00355
-0.00363
-0.0037
-0.00376
-0.00383
-0.00389
-0.00395
-0.004
-0.00405
-0.00409
-0.00413
-0.00416
-0.0042
-0.00423
-0.00425
-0.00427
-0.00429
-0.0043
-0.00432
-0.00432
-0.00434
-0.00434
-0.00434
-0.00434
-0.00434
-0.00434
-0.00433
-0.00432
-0.00431
-0.0043
-0.00429
-0.00428
-0.00427
-0.00425
-0.00423
-0.00421
-0.0042
-0.00417
-0.00415
-0.00412
-0.0041
-0.00407
-0.00405
-0.00401
-0.00398
-0.00395
-0.00392
-0.00388
-0.00384
-0.0038
-0.00376
-0.00371
-0.00367
-0.00362
-0.00357
-0.00351
-0.00346
-0.0034
-0.00334
-0.00328
-0.00321
-0.00315
-0.00308
-0.00301
-0.00293
-0.00285
-0.00277
-0.00268
-0.0026
-0.00251
-0.00242
-0.00232
-0.00222
-0.00212
-0.00201
-0.0019
-0.00179
-0.00167
-0.00155
-0.00143
-0.0013
-0.00117
-0.00104
-0.0009
-0.00077
-0.00063
-0.00049
-0.00034
-0.0002
-5e-05
0.0001
0.00025
0.0004
0.00056
0.0007
0.00086
0.00101
0.00116
0.00131
0.00146
0.0016
0.00175
0.00189
0.00203
0.00216
0.0023
0.00242
0.00256
0.00268
0.0028
0.00291
0.00303
0.00314
0.00324
0.00334
0.00344
0.00353
0.00362
0.0037
0.00379
0.00386
0.00393
0.004
0.00406
0.00412
0.00417
0.00422
0.00427
0.00431
0.00435
0.00438
0.00442
0.00444
0.00446
0.00448
0.00449
0.0045
0.00451
0.0045
0.00451
0.0045
0.00449
0.00448
0.00446
0.00444
0.00442
0.0044
0.00438
0.00434
0.00432
0.00428
0.00425
0.00421
0.00418
0.00414
0.0041
0.00406
0.00402
0.00398
0.00394
0.0039
0.00386
0.00382
0.00378
0.00374
0.0037
0.00366
0.00362
0.00358
0.00354
0.0035
0.00346
0.00342
0.00338
0.00334
0.0033
0.00325
0.00321
0.00317
0.00313
0.00308
0.00304
0.003
0.00295
0.0029
0.00286
0.00281
0.00277
0.00272
0.00267
0.00262
0.00257
0.00252
0.00247
0.00241
0.00237
0.00231
0.00226
0.0022
0.00215
0.00209
0.00204
0.00198
0.00193
0.00187
0.00181
0.00175
0.00169
0.00163
0.00157
0.0015
0.00144
0.00137
0.00131
0.00124
0.00118
0.0011
0.00103
0.00096
0.00089
0.00081
0.00073
0.00065
0.00057
0.00049
0.00041
0.00033
0.00025
0.00015
7e-05
-2e-05
-0.00011
-0.0002
-0.00029
-0.00039
-0.00048
-0.00057
-0.00067
-0.00076
-0.00086
-0.00095
-0.00104
-0.00114
-0.00122
-0.00132
-0.00141
-0.0015
-0.00158
-0.00167
-0.00176
-0.00184
-0.00192
-0.002
-0.00208
-0.00215
-0.00222
-0.00229
-0.00235
-0.00242
-0.00248
-0.00254
-0.00259
-0.00264
-0.00268
-0.00273
-0.00277
-0.00282
-0.00285
-0.00288
-0.00292
-0.00295
-0.00297
-0.003
-0.00301
-0.00303
-0.00305
-0.00307
-0.00307
-0.00309
-0.00309
-0.0031
-0.0031
-0.0031
-0.0031
-0.0031
-0.00309
-0.00308
-0.00307
-0.00305
-0.00303
-0.00301
-0.00298
-0.00296
-0.00293
-0.00289
-0.00285
-0.00281
-0.00276
-0.00272
-0.00266
-0.0026
-0.00254
-0.00248
-0.00241
-0.00233
-0.00225
-0.00217
-0.00209
-0.002
-0.00191
-0.00182
-0.00172
-0.00163
-0.00153
-0.00143
-0.00133
-0.00123
-0.00113
-0.00103
-0.00093
-0.00082
-0.00072
-0.00063
-0.00053
-0.00044
-0.00034
-0.00025
-0.00016
-7e-05
1e-05
9e-05
0.00018
0.00025
0.00032
0.00039
0.00046
0.00053
0.0006
0.00066
0.00072
0.00078
0.00084
0.00089
0.00095
0.001
0.00105
0.00109
0.00115
0.00119
0.00124
0.00128
0.00133
0.00137
0.00142
0.00146
0.0015
0.00153
0.00158
0.00161
0.00165
0.00169
0.00172
0.00175
0.00179
0.00181
0.00184
0.00187
0.00189
0.00192
0.00194
0.00196
0.00198
0.00199
0.00201
0.00202
0.00204
0.00205
0.00207
0.00207
0.00209
0.0021
0.00211
0.00212
0.00213
0.00215
0.00216
0.00218
0.0022
0.00221
0.00223
0.00225
0.00227
0.00229
0.00232
0.00234
0.00237
0.00239
0.00242
0.00245
0.00248
0.00251
0.00254
0.00257
0.00261
0.00264
0.00267
0.0027
0.00274
0.00276
0.0028
0.00282
0.00286
0.00289
0.00292
0.00294
0.00297
0.003
0.00303
0.00306
0.00309
0.00312
0.00316
0.00319
0.00322
0.00325
0.0033
0.00333
0.00338
0.00342
0.00347
0.00351
0.00356
0.00362
0.00368
0.00373
0.0038
0.00385
0.00392
0.00399
0.00406
0.00412
0.00419
0.00426
0.00433
0.0044
0.00447
0.00454
0.00461
0.00467
0.00474
0.0048
0.00487
0.00492
0.00498
0.00503
0.00508
0.00513
0.00518
0.00521
0.00526
0.00529
0.00532
0.00535
0.00538
0.0054
0.00542
0.00544
0.00546
0.00546
0.00547
0.00547
0.00548
0.00547
0.00546
0.00545
0.00544
0.00542
0.0054
0.00537
0.00534
0.00531
0.00527
0.00523
0.00518
0.00513
0.00507
0.00501
0.00495
0.00488
0.00481
0.00473
0.00466
0.00457
0.00449
0.0044
0.00431
0.00421
0.00412
0.00402
0.00393
0.00382
0.00373
0.00362
0.00353
0.00342
0.00333
0.00322
0.00313
0.00303
0.00293
0.00283
0.00273
0.00264
0.00255
0.00245
0.00236
0.00226
0.00218
0.00208
0.002
0.00191
0.00182
0.00173
0.00165
0.00156
0.00148
0.00139
0.00131
0.00122
0.00114
0.00106
0.00099
0.00091
0.00083
0.00076
0.00069
0.00062
0.00056
0.00049
0.00043
0.00037
0.00032
0.00026
0.00021
0.00017
0.00013
9e-05
6e-05
2e-05
-0.0
-3e-05
-5e-05
-7e-05
-9e-05
-0.0001
-0.00011
-0.00012
-0.00013
-0.00014
-0.00014
-0.00014
-0.00013
-0.00013
-0.00012
-0.00012
-0.0001
-9e-05
-7e-05
-6e-05
-3e-05
-1e-05
1e-05
4e-05
7e-05
0.0001
0.00013
0.00017
0.00022
0.00026
0.00031
0.00035
0.0004
0.00045
0.00051
0.00056
0.00062
0.00067
0.00073
0.00079
0.00085
0.0009
0.00096
0.00101
0.00107
0.00112
0.00117
0.00121
0.00126
0.0013
0.00134
0.00138
0.00141
0.00144
0.00147
0.00149
0.00151
0.00153
0.00154
0.00156
0.00157
0.00158
0.00158
0.00158
0.00159
0.00158
0.00158
0.00158
0.00157
0.00156
0.00156
0.00155
0.00153
0.00152
0.0015
0.00149
0.00147
0.00145
0.00144
0.00141
0.00139
0.00136
0.00134
0.0013
0.00127
0.00124
0.00121
0.00117
0.00113
0.00109
0.00105
0.00102
0.00098
0.00094
0.00091
0.00087
0.00083
0.0008
0.00077
0.00074
0.00072
0.00069
0.00068
0.00067
0.00066
0.00065
0.00065
0.00066
0.00067
0.00069
0.00071
0.00074
0.00077
0.0008
0.00085
0.00089
0.00094
0.00099
0.00105
0.0011
0.00116
0.00122
0.00129
0.00136
0.00143
0.00149
0.00157
0.00163
0.00171
0.00177
0.00185
0.00192
0.00199
0.00206
0.00213
0.0022
0.00227
0.00233
0.0024
0.00247
0.00254
0.0026
0.00267
0.00273
0.0028
0.00286
0.00293
0.00299
0.00305
0.0031
0.00316
0.00322
0.00327
0.00332
0.00336
0.00341
0.00345
0.00348
0.00352
0.00354
0.00356
0.00358
0.00359
0.00359
0.0036
0.00359
0.00358
0.00356
0.00354
0.00351
0.00347
0.00343
0.00338
0.00333
0.00328
0.00321
0.00315
0.00307
0.003
0.00292
0.00283
0.00274
0.00266
0.00256
0.00247
0.00237
0.00227
0.00217
0.00207
0.00196
0.00186
0.00175
0.00164
0.00153
0.00143
0.00131
0.00121
0.00109
0.00099
0.00087
0.00076
0.00065
0.00054
0.00043
0.00032
0.00022
0.00011
0.0
-0.0001
-0.0002
-0.0003
-0.0004
-0.0005
-0.00059
-0.00068
-0.00076
-0.00085
-0.00093
-0.001
-0.00107
-0.00113
-0.00119
-0.00125
-0.0013
-0.00134
-0.00138
-0.00141
-0.00144
-0.00146
-0.00148
-0.00149
-0.00149
-0.00149
-0.00149
-0.00148
-0.00147
-0.00144
-0.00142
-0.00139
-0.00136
-0.00133
-0.00129
-0.00125
-0.00121
-0.00116
-0.00112
-0.00107
-0.00102
-0.00097
-0.00092
-0.00086
-0.00081
-0.00075
-0.0007
-0.00064
-0.00059
-0.00053
-0.00047
-0.00041
-0.00036
-0.0003
-0.00024
-0.00018
-0.00012
-6e-05
-0.0
6e-05
0.00012
0.00018
0.00025
0.00031
0.00037
0.00044
0.0005
0.00057
0.00063
0.00069
0.00075
0.00082
0.00088
0.00094
0.001
0.00105
0.00111
0.00117
0.00122
0.00127
0.00131
0.00136
0.00139
0.00143
0.00146
0.00149
0.00151
0.00154
0.00156
0.00157
0.00158
0.00158
0.00158
0.00158
0.00158
0.00157
0.00155
0.00154
0.00152
0.00149
0.00146
0.00143
0.0014
0.00136
0.00132
0.00127
0.00122
0.00117
0.00112
0.00106
0.001
0.00094
0.00087
0.0008
0.00073
0.00066
0.00057
0.0005
0.00041
0.00033
0.00024
0.00015
6e-05
-4e-05
-0.00013
-0.00022
-0.00032
-0.00041
-0.00051
-0.00061
-0.00071
-0.0008
-0.0009
-0.00099
-0.00109
-0.00118
-0.00127
-0.00136
-0.00145
-0.00153
-0.00161
-0.00169
-0.00176
-0.00183
-0.00191
-0.00197
-0.00203
-0.00209
-0.00215
-0.0022
-0.00225
-0.00229
-0.00234
-0.00238
-0.00242
-0.00245
-0.00248
-0.00251
-0.00253
-0.00255
-0.00257
-0.00258
-0.0026
-0.0026
-0.00261
-0.00261
-0.00261
-0.0026
-0.0026
-0.00258
-0.00257
-0.00255
-0.00253
-0.00249
-0.00246
-0.00242
-0.00239
-0.00234
-0.00229
-0.00223
-0.00217
-0.00211
-0.00205
-0.00197
-0.0019
-0.00182
-0.00174
-0.00165
-0.00156
-0.00147
-0.00138
-0.00128
-0.00118
-0.00108
-0.00098
-0.00087
-0.00077
-0.00067
-0.00056
-0.00045
-0.00035
-0.00024
-0.00013
-3e-05
8e-05
0.00019
0.00029
0.0004
0.0005
0.00061
0.00071
0.00081
0.00091
0.00101
0.00111
0.00121
0.00131
0.0014
0.0015
0.00159
0.00168
0.00177
0.00186
0.00195
0.00204
0.00212
0.0022
0.00229
0.00236
0.00244
0.00251
0.00259
0.00265
0.00272
0.00278
0.00284
0.0029
0.00295
0.003
0.00305
0.00309
0.00314
0.00318
0.00322
0.00325
0.00328
0.0033
0.00333
0.00335
0.00338
0.00339
0.00341
0.00342
0.00344
0.00345
0.00346
0.00347
0.00348
0.00348
0.00349
0.00349
0.0035
0.0035
0.00351
0.00351
0.00351
0.00351
0.00351
0.00351
0.00351
0.00351
0.00351
0.00351
0.00351
0.00351
0.00351
0.0035
0.0035
0.00349
0.00349
0.00348
0.00348
0.00347
0.00346
0.00345
0.00344
0.00343
0.00343
0.00341
0.0034
0.00338
0.00338
