4.8704774682764E+01

0.00081
0.00081
0.00083
0.00084
0.00086
0.00088
0.0009
0.00092
0.00095
0.00098
0.00101
0.00104
0.00108
0.00111
0.00115
0.00119
0.00124
0.00128
0.00133
0.00138
0.00144
0.00149
0.00154
0.0016
0.00165
0.00171
0.00177
0.00182
0.00188
0.00193
0.00198
0.00203
0.00208
0.00212
0.00217
0.0022
0.00224
0.00227
0.00229
0.00231
0.00232
0.00233
0.00234
0.00234
0.00233
0.00232
0.00231
0.00228
0.00226
0.00223
0.0022
0.00216
0.00213
0.00209
0.00204
0.002
0.00195
0.0019
0.00186
0.00181
0.00176
0.00171
0.00166
0.00161
0.00157
0.00152
0.00148
0.00143
0.00139
0.00135
0.0013
0.00126
0.00122
0.00118
0.00114
0.0011
0.00106
0.00102
0.00098
0.00094
0.0009
0.00086
0.00082
0.00077
0.00073
0.00068
0.00063
0.00059
0.00054
0.00049
0.00044
0.00039
0.00034
0.00029
0.00024
0.00018
0.00013
8e-05
3e-05
-3e-05
-7e-05
-0.00012
-0.00017
-0.00022
-0.00027
-0.00031
-0.00036
-0.0004
-0.00043
-0.00048
-0.00051
-0.00054
-0.00057
-0.0006
-0.00063
-0.00065
-0.00067
-0.00069
-0.0007
-0.00071
-0.00072
-0.00073
-0.00073
-0.00073
-0.00072
-0.00072
-0.00071
-0.00071
-0.00069
-0.00068
-0.00066
-0.00064
-0.00062
-0.0006
-0.00058
-0.00056
-0.00054
-0.00051
-0.00049
-0.00046
-0.00043
-0.00041
-0.00039
-0.00037
-0.00034
-0.00033
-0.0003
-0.00029
-0.00027
-0.00025
-0.00024
-0.00023
-0.00022
-0.0002
-0.00019
-0.00018
-0.00017
-0.00017
-0.00015
-0.00015
-0.00013
-0.00013
-0.00011
-0.00011
-9e-05
-8e-05
-6e-05
-5e-05
-3e-05
-1e-05
2e-05
4e-05
7e-05
0.0001
0.00013
0.00017
0.00021
0.00024
0.00029
0.00033
0.00038
0.00043
0.00048
0.00053
0.00059
0.00065
0.00071
0.00077
0.00083
0.00089
0.00096
0.00103
0.0011
0.00116
0.00124
0.0013
0.00138
0.00145
0.00152
0.00159
0.00166
0.00173
0.0018
0.00188
0.00195
0.00202
0.00209
0.00215
0.00223
0.00229
0.00236
0.00242
0.00249
0.00255
0.00262
0.00268
0.00273
0.00279
0.00285
0.00291
0.00296
0.00301
0.00306
0.00311
0.00316
0.0032
0.00325
0.00329
0.00333
0.00337
0.0034
0.00344
0.00347
0.0035
0.00353
0.00356
0.00359
0.0036
0.00363
0.00365
0.00366
0.00367
0.00369
0.00369
0.0037
0.0037
0.0037
0.0037
0.00369
0.00368
0.00367
0.00365
0.00364
0.00361
0.00359
0.00355
0.00352
0.00348
0.00344
0.0034
0.00335
0.0033
0.00325
0.00319
0.00313
0.00308
0.00302
0.00295
0.00289
0.00282
0.00276
0.00269
0.00263
0.00256
0.0025
0.00243
0.00237
0.0023
0.00224
0.00218
0.00212
0.00207
0.00202
0.00197
0.00192
0.00187
0.00183
0.00178
0.00175
0.0017
0.00167
0.00164
0.00161
0.00158
0.00155
0.00153
0.0015
0.00149
0.00147
0.00145
0.00144
0.00142
0.00141
0.0014
0.0014
0.00139
0.00139
0.00138
0.00138
0.00138
0.00138
0.00138
0.00138
0.00139
0.0014
0.00141
0.00142
0.00143
0.00145
0.00146
0.00149
0.0015
0.00152
0.00154
0.00157
0.00159
0.00161
0.00163
0.00166
0.00168
0.00171
0.00173
0.00175
0.00177
0.00179
0.0018
0.00182
0.00183
0.00184
0.00184
0.00184
0.00184
0.00184
0.00182
0.00181
0.00179
0.00177
0.00174
0.00171
0.00166
0.00163
0.00158
0.00153
0.00147
0.00141
0.00135
0.00128
0.00121
0.00113
0.00105
0.00097
0.00089
0.0008
0.00072
0.00063
0.00053
0.00044
0.00034
0.00025
0.00014
5e-05
-6e-05
-0.00015
-0.00026
-0.00036
-0.00046
-0.00057
-0.00067
-0.00078
-0.00088
-0.00098
-0.0011
-0.0012
-0.00131
-0.00141
-0.00152
-0.00163
-0.00174
-0.00184
-0.00195
-0.00205
-0.00216
-0.00227
-0.00237
-0.00247
-0.00257
-0.00267
-0.00278
-0.00287
-0.00297
-0.00306
-0.00315
-0.00323
-0.00333
-0.0034
-0.00349
-0.00356
-0.00364
-0.00371
-0.00378
-0.00384
-0.00391
-0.00396
-0.00402
-0.00407
-0.00412
-0.00416
-0.00421
-0.00424
-0.00428
-0.00431
-0.00434
-0.00436
-0.00438
-0.0044
-0.00442
-0.00442
-0.00443
-0.00443
-0.00444
-0.00443
-0.00442
-0.00441
-0.0044
-0.00438
-0.00436
-0.00433
-0.0043
-0.00427
-0.00423
-0.00419
-0.00415
-0.0041
-0.00405
-0.00399
-0.00394
-0.00387
-0.00381
-0.00374
-0.00368
-0.0036
-0.00354
-0.00345
-0.00338
-0.0033
-0.00322
-0.00314
-0.00305
-0.00296
-0.00288
-0.00278
-0.0027
-0.0026
-0.00251
-0.00241
-0.00231
-0.00221
-0.00211
-0.002
-0.0019
-0.00179
-0.00168
-0.00157
-0.00146
-0.00134
-0.00122
-0.0011
-0.00098
-0.00086
-0.00073
-0.0006
-0.00048
-0.00034
-0.00022
-8e-05
5e-05
0.00019
0.00032
0.00045
0.00058
0.00072
0.00085
0.00098
0.0011
0.00123
0.00135
0.00148
0.00159
0.00171
0.00182
0.00194
0.00204
0.00215
0.00224
0.00234
0.00243
0.00253
0.00261
0.0027
0.00277
0.00285
0.00292
0.003
0.00306
0.00313
0.00318
0.00324
0.0033
0.00334
0.00339
0.00343
0.00347
0.0035
0.00353
0.00356
0.00358
0.0036
0.0036
0.00361
0.00361
0.00361
0.0036
0.00359
0.00356
0.00353
0.0035
0.00346
0.00342
0.00337
0.00332
0.00326
0.00319
0.00313
0.00306
0.00299
0.0029
0.00283
0.00274
0.00266
0.00257
0.00249
0.0024
0.00231
0.00223
0.00214
0.00206
0.00198
0.00189
0.00182
0.00174
0.00167
0.00159
0.00152
0.00145
0.00139
0.00132
0.00126
0.0012
0.00114
0.00109
0.00104
0.00099
0.00094
0.00088
0.00084
0.00079
0.00075
0.0007
0.00066
0.00061
0.00057
0.00053
0.00049
0.00045
0.00041
0.00038
0.00034
0.00031
0.00029
0.00025
0.00023
0.00021
0.0002
0.00018
0.00016
0.00015
0.00015
0.00015
0.00015
0.00015
0.00016
0.00017
0.00019
0.00021
0.00023
0.00025
0.00028
0.00031
0.00034
0.00037
0.00041
0.00044
0.00048
0.00052
0.00056
0.0006
0.00064
0.00068
0.00072
0.00076
0.0008
0.00084
0.00088
0.00092
0.00096
0.001
0.00104
0.00107
0.00111
0.00115
0.00118
0.00122
0.00125
0.00129
0.00132
0.00135
0.00139
0.00142
0.00145
0.00148
0.00152
0.00154
0.00158
0.0016
0.00163
0.00166
0.00168
0.00171
0.00173
0.00175
0.00177
0.00179
0.00181
0.00183
0.00184
0.00186
0.00187
0.00188
0.00189
0.0019
0.00191
0.00191
0.00192
0.00192
0.00192
0.00192
0.00192
0.00192
0.00192
0.00191
0.00191
0.0019
0.0019
0.00189
0.00188
0.00187
0.00186
0.00185
0.00184
0.00182
0.0018
0.00179
0.00178
0.00176
0.00175
0.00172
0.00171
0.00169
0.00167
0.00165
0.00163
0.00161
0.0016
0.00158
0.00156
0.00154
0.00153
0.00151
0.0015
0.00149
0.00149
0.00147
0.00147
0.00146
0.00147
0.00146
0.00147
0.00147
0.00147
0.00148
0.00149
0.0015
0.00151
0.00152
0.00153
0.00155
0.00157
0.00158
0.0016
0.00161
0.00163
0.00164
0.00166
0.00166
0.00168
0.00168
0.00169
0.00169
0.00169
0.00169
0.00169
0.00168
0.00167
0.00165
0.00164
0.00161
0.00159
0.00156
0.00152
0.00148
0.00144
0.00139
0.00134
0.00128
0.00122
0.00116
0.00109
0.00101
0.00094
0.00085
0.00077
0.00068
0.00059
0.00049
0.00039
0.00028
0.00018
6e-05
-5e-05
-0.00017
-0.00029
-0.00041
-0.00053
-0.00066
-0.00078
-0.00091
-0.00104
-0.00117
-0.00129
-0.00143
-0.00155
-0.00169
-0.00181
-0.00193
-0.00206
-0.00218
-0.0023
-0.00242
-0.00253
-0.00264
-0.00274
-0.00285
-0.00294
-0.00304
-0.00312
-0.00321
-0.00328
-0.00336
-0.00342
-0.00347
-0.00352
-0.00357
-0.0036
-0.00362
-0.00364
-0.00365
-0.00364
-0.00363
-0.0036
-0.00357
-0.00352
-0.00347
-0.0034
-0.00332
-0.00322
-0.00312
-0.003
-0.00286
-0.00272
-0.00255
-0.00238
-0.00219
-0.00198
-0.00176
-0.00153
-0.00128
-0.00101
-0.00074
-0.00044
-0.00014
0.00019
0.00052
0.00087
0.00124
0.00162
0.00201
0.00241
0.00283
0.00326
0.0037
0.00415
0.00461
0.00509
0.00557
0.00606
0.00656
0.00707
0.00758
0.0081
0.00863
0.00917
0.00971
0.01026
0.01081
0.01137
0.01193
0.01249
0.01305
0.01363
0.0142
0.01477
0.01534
0.01592
0.0165
0.01707
0.01765
0.01823
0.0188
0.01938
0.01995
0.02053
0.0211
0.02167
0.02223
0.0228
0.02336
0.02392
0.02447
0.02502
0.02557
0.02611
0.02664
0.02717
0.0277
0.02822
0.02873
0.02923
0.02973
0.03022
0.03069
0.03117
0.03163
0.03209
0.03253
0.03297
0.03339
0.03381
0.03421
0.03461
0.03499
0.03537
0.03573
0.03608
0.03642
0.03675
0.03706
0.03737
0.03767
0.03795
0.03823
0.03849
0.03874
0.03898
0.03921
0.03943
0.03964
0.03984
0.04002
0.0402
0.04036
0.04052
0.04066
0.0408
0.04092
0.04103
0.04114
0.04123
0.04131
0.04139
0.04145
0.0415
0.04155
0.04159
0.04161
0.04163
0.04164
0.04164
0.04164
0.04163
0.0416
0.04158
0.04154
0.0415
0.04145
0.0414
0.04134
0.04128
0.04121
0.04114
0.04106
0.04098
0.04089
0.04081
0.04071
0.04062
0.04052
0.04041
0.04031
0.0402
0.04008
0.03997
0.03985
0.03973
0.0396
0.03947
0.03934
0.03921
0.03907
0.03893
0.03879
0.03865
0.0385
0.03835
0.0382
0.03805
0.03789
0.03774
0.03758
0.03743
0.03727
0.03712
0.03697
0.03682
0.03666
0.03652
0.03637
0.03623
0.03608
0.03595
0.03581
0.03568
0.03555
0.03543
0.03531
0.03519
0.03508
0.03497
0.03487
0.03476
0.03466
0.03456
0.03447
0.03437
0.03428
0.03418
0.03409
0.034
0.03391
0.03381
0.03371
0.03362
0.03352
0.03342
0.03331
0.03321
0.0331
0.03299
0.03287
0.03275
0.03263
0.0325
0.03238
0.03225
0.03211
0.03198
0.03184
0.0317
0.03155
0.03141
0.03126
0.03111
0.03096
0.0308
0.03065
0.03049
0.03032
0.03016
0.02999
0.02983
0.02965
0.02948
0.0293
0.02912
0.02893
0.02874
0.02855
0.02835
0.02814
0.02794
0.02772
0.02751
0.02728
0.02706
0.02682
0.02659
0.02635
0.0261
0.02585
0.0256
0.02535
0.02509
0.02483
0.02457
0.0243
0.02404
0.02378
0.02352
0.02325
0.023
0.02274
0.02248
0.02223
0.02198
0.02173
0.02149
0.02125
0.02101
0.02078
0.02055
0.02032
0.02011
0.01989
0.01968
0.01947
0.01927
0.01906
0.01887
0.01867
0.01848
0.01829
0.0181
0.01792
0.01774
0.01756
0.01739
0.01721
0.01704
0.01688
0.01672
0.01656
0.0164
0.01625
0.0161
0.01596
0.01582
0.01569
0.01556
0.01543
0.01531
0.0152
0.01509
0.01499
0.01489
0.0148
0.01471
0.01462
0.01455
0.01447
0.0144
0.01433
0.01426
0.0142
0.01414
0.01408
0.01402
0.01397
0.01391
0.01385
0.0138
0.01374
0.01369
0.01362
0.01357
0.0135
0.01344
0.01337
0.01331
0.01323
0.01316
0.01309
0.01302
0.01294
0.01286
0.01278
0.0127
0.01262
0.01254
0.01246
0.01238
0.01229
0.01221
0.01213
0.01204
0.01196
0.01188
0.0118
0.01172
0.01163
0.01155
0.01147
0.01139
0.01131
0.01123
0.01114
0.01106
0.01097
0.01088
0.01079
0.0107
0.0106
0.0105
0.01041
0.01031
0.01021
0.0101
0.00999
0.00988
0.00977
0.00965
0.00953
0.00941
0.00929
0.00916
0.00903
0.0089
0.00877
0.00864
0.00851
0.00837
0.00824
0.0081
0.00797
0.00783
0.0077
0.00757
0.00743
0.0073
0.00716
0.00704
0.00691
0.00678
0.00666
0.00654
0.00642
0.0063
0.00619
0.00608
0.00597
0.00587
0.00577
0.00567
0.00558
0.00549
0.0054
0.00532
0.00523
0.00515
0.00508
0.005
0.00493
0.00487
0.0048
0.00474
0.00467
0.00462
0.00456
0.0045
0.00444
0.00439
0.00434
0.00429
0.00423
0.00418
0.00413
0.00408
0.00403
0.00399
0.00394
0.00389
0.00384
0.0038
0.00376
0.00372
0.00368
0.00365
0.00361
0.00358
0.00355
0.00353
0.0035
0.00349
0.00347
0.00347
0.00347
0.00347
0.00347
0.00349
0.0035
0.00353
0.00355
0.00358
0.00362
0.00366
0.0037
0.00375
0.00381
0.00386
0.00392
0.00398
0.00405
0.00412
0.00418
0.00425
0.00431
0.00439
0.00445
0.00452
0.00458
0.00464
0.0047
0.00476
0.00481
0.00486
0.0049
0.00495
0.00498
0.00502
0.00504
0.00507
0.00508
0.0051
0.0051
0.00511
0.0051
0.0051
0.00508
0.00506
0.00504
0.00501
0.00498
0.00495
0.00491
0.00487
0.00482
0.00477
0.00472
0.00466
0.00461
0.00455
0.00449
0.00443
0.00437
0.00431
0.00424
0.00418
0.00412
0.00406
0.004
0.00394
0.00388
0.00382
0.00377
0.00372
0.00366
0.00361
0.00356
0.00351
0.00346
0.00342
0.00337
0.00332
0.00328
0.00323
0.00319
0.00315
0.00309
0.00305
0.003
0.00296
0.00291
0.00286
0.0028
0.00276
0.0027
0.00264
0.00259
0.00253
0.00247
0.00241
0.00235
0.00229
0.00222
0.00217
0.0021
0.00205
0.00198
0.00193
0.00187
0.00182
0.00176
0.00171
0.00167
0.00162
0.00158
0.00155
0.00152
0.00149
0.00146
0.00144
0.00142
0.00141
0.00139
0.00139
0.00138
0.00139
0.00139
0.0014
0.0014
0.00141
0.00143
0.00144
0.00146
0.00148
0.0015
0.00153
0.00154
0.00157
0.00159
0.00162
0.00164
0.00167
0.00169
0.00171
0.00174
0.00176
0.00178
0.0018
0.00182
0.00185
0.00186
0.00188
0.0019
0.00192
0.00193
0.00195
0.00195
0.00197
0.00198
0.00199
0.00199
0.002
0.002
0.00201
0.00201
0.00201
0.00201
0.00201
0.002
0.002
0.00199
0.00198
0.00197
0.00196
0.00195
0.00193
0.00192
0.0019
0.00189
0.00188
0.00187
0.00185
0.00184
0.00183
0.00181
0.00181
0.0018
0.00179
0.00178
0.00178
0.00178
0.00178
0.00178
0.00178
0.00179
0.0018
0.00181
0.00183
0.00184
0.00187
0.00188
0.00191
0.00194
0.00197
0.002
0.00204
0.00207
0.00211
0.00215
0.00218
0.00223
0.00227
0.00231
0.00236
0.0024
0.00245
0.00249
0.00254
0.00257
0.00262
0.00266
0.0027
0.00274
0.00277
0.00281
0.00284
0.00288
0.00291
0.00294
0.00296
0.00298
0.00301
0.00303
0.00305
0.00306
0.00308
0.00309
0.0031
0.00311
0.00312
0.00312
0.00312
0.00313
0.00313
0.00314
0.00314
0.00314
0.00315
0.00315
0.00316
0.00316
0.00316
0.00317
0.00318
0.00319
0.0032
0.00321
0.00322
0.00323
0.00325
0.00326
0.00328
0.0033
0.00332
0.00334
0.00336
0.00338
0.0034
0.00342
0.00344
0.00346
0.00348
0.0035
0.00352
0.00353
0.00355
0.00356
0.00357
0.00358
0.00359
0.00359
0.0036
0.0036
0.0036
0.00359
0.00359
0.00357
0.00356
0.00355
0.00353
0.00352
0.0035
0.00348
0.00346
0.00343
0.0034
0.00337
0.00335
0.00331
0.00328
0.00324
0.00321
0.00316
0.00312
0.00308
0.00303
0.00299
0.00294
0.00288
0.00283
0.00276
0.00271
0.00264
0.00257
0.0025
0.00242
0.00234
0.00226
0.00217
0.00208
0.00198
0.00188
0.00178
0.00168
0.00157
0.00147
0.00135
0.00124
0.00112
0.001
0.00088
0.00076
0.00064
0.00052
0.00039
0.00027
0.00015
3e-05
-9e-05
-0.0002
-0.00031
-0.00042
-0.00053
-0.00063
-0.00074
-0.00083
-0.00093
-0.00102
-0.00111
-0.00119
-0.00127
-0.00134
-0.00141
-0.00148
-0.00154
-0.0016
-0.00165
-0.00169
-0.00174
-0.00178
-0.00182
-0.00184
-0.00187
-0.00189
-0.00191
-0.00192
-0.00193
-0.00194
-0.00194
-0.00194
-0.00193
-0.00191
-0.0019
-0.00187
-0.00186
-0.00182
-0.00179
-0.00176
-0.00172
-0.00167
-0.00163
-0.00157
-0.00152
-0.00147
-0.0014
-0.00134
-0.00127
-0.0012
-0.00113
-0.00105
-0.00098
-0.00089
-0.00081
-0.00072
-0.00064
-0.00055
-0.00047
-0.00037
-0.00028
-0.00019
-0.0001
-1e-05
9e-05
0.00018
0.00028
0.00037
0.00046
0.00056
0.00064
0.00074
0.00082
0.00091
0.00099
0.00108
0.00116
0.00124
0.00131
0.00139
0.00146
0.00153
0.0016
0.00166
0.00172
0.00178
0.00183
0.00188
0.00193
0.00197
0.00201
0.00206
0.00209
0.00212
0.00214
0.00216
0.00218
0.0022
0.00221
0.00223
0.00223
0.00223
0.00223
0.00223
0.00222
0.00221
0.00219
0.00218
0.00216
0.00213
0.00211
0.00208
0.00205
0.00202
0.00198
0.00195
0.0019
0.00187
0.00182
0.00178
0.00174
0.00169
0.00164
0.0016
0.00155
0.00151
0.00146
0.00141
0.00136
0.00132
0.00127
0.00123
0.00118
0.00114
0.0011
0.00106
0.00101
0.00098
0.00093
0.0009
0.00086
0.00082
0.00079
0.00075
0.00072
0.00069
0.00065
0.00063
0.00059
0.00057
0.00054
0.00051
0.00048
0.00046
0.00043
0.00042
0.00039
0.00037
0.00035
0.00034
0.00032
0.00031
0.0003
0.00029
0.00027
0.00027
0.00026
0.00026
0.00025
0.00025
0.00025
0.00025
0.00025
0.00025
0.00025
0.00025
0.00026
0.00026
0.00026
0.00026
0.00026
0.00026
0.00026
0.00026
0.00025
0.00024
0.00023
0.00022
0.0002
0.00019
0.00016
0.00014
0.00012
9e-05
6e-05
3e-05
-0.0
-4e-05
-8e-05
-0.00011
-0.00016
-0.0002
-0.00024
-0.00028
-0.00033
-0.00038
-0.00043
-0.00048
-0.00052
-0.00057
-0.00062
-0.00066
-0.00071
-0.00075
-0.0008
-0.00084
-0.00088
-0.00092
-0.00097
-0.001
-0.00104
-0.00107
-0.00111
-0.00114
-0.00117
-0.00119
-0.00122
-0.00124
-0.00127
-0.00128
-0.0013
-0.00131
-0.00132
-0.00133
-0.00134
-0.00134
-0.00134
-0.00134
-0.00134
-0.00134
-0.00133
-0.00131
-0.0013
-0.00128
-0.00127
-0.00125
-0.00123
-0.0012
-0.00118
-0.00115
-0.00112
-0.00108
-0.00105
-0.00102
-0.00098
-0.00094
-0.0009
-0.00086
-0.00081
-0.00076
-0.00072
-0.00067
-0.00062
-0.00056
-0.00051
-0.00045
-0.0004
-0.00034
-0.00028
-0.00022
-0.00016
-9e-05
-3e-05
4e-05
0.00011
0.00017
0.00024
0.00031
0.00037
0.00044
0.0005
0.00057
0.00063
0.0007
0.00076
0.00082
0.00088
0.00093
0.00099
0.00105
0.0011
0.00115
0.00119
0.00124
0.00128
0.00132
0.00136
0.0014
0.00143
0.00147
0.0015
0.00153
0.00156
0.00159
0.00162
0.00165
0.00168
0.00171
0.00173
0.00177
0.0018
0.00183
0.00186
0.00189
0.00192
0.00196
0.002
0.00203
0.00207
0.00211
0.00215
0.00219
0.00223
0.00228
0.00231
0.00236
0.0024
0.00245
0.00248
0.00253
0.00257
0.00262
0.00266
0.0027
0.00274
0.00278
0.00283
0.00287
0.00291
0.00296
0.00299
0.00304
0.00308
0.00312
0.00316
0.0032
0.00324
0.00328
0.00332
0.00336
0.0034
0.00343
0.00347
0.00351
0.00354
0.00358
0.0036
0.00364
0.00366
0.00369
0.00371
0.00373
0.00374
0.00376
0.00377
0.00378
0.00378
0.00378
0.00378
0.00378
0.00376
0.00375
0.00373
0.00371
0.00368
0.00365
0.00362
0.00358
0.00354
0.0035
0.00345
0.00339
0.00334
0.00328
0.00322
0.00316
0.0031
0.00304
0.00296
0.0029
0.00282
0.00275
0.00267
0.0026
0.00252
0.00244
0.00236
0.00228
0.00219
0.00211
0.00203
0.00194
0.00186
0.00177
0.00168
0.0016
0.00151
0.00142
0.00133
0.00125
0.00115
0.00107
0.00098
0.0009
0.00081
0.00073
0.00065
0.00057
0.00049
0.00041
0.00033
0.00026
0.00019
0.00013
6e-05
-0.0
-6e-05
-0.00011
-0.00017
-0.00022
-0.00027
-0.00032
-0.00035
-0.00039
-0.00042
-0.00045
-0.00049
-0.00051
-0.00054
-0.00055
-0.00058
-0.00059
-0.00061
-0.00061
-0.00062
-0.00063
-0.00063
-0.00064
-0.00063
-0.00063
-0.00063
-0.00062
-0.00061
-0.0006
-0.00059
-0.00057
-0.00056
-0.00054
-0.00052
-0.0005
-0.00048
-0.00045
-0.00043
-0.00041
-0.00038
-0.00035
-0.00032
-0.00029
-0.00027
-0.00023
-0.00021
-0.00017
-0.00015
-0.00012
-0.0001
-7e-05
-5e-05
-3e-05
-2e-05
-1e-05
1e-05
2e-05
3e-05
3e-05
3e-05
3e-05
2e-05
2e-05
0.0
-1e-05
-3e-05
-5e-05
-8e-05
-0.0001
-0.00014
-0.00017
-0.00021
-0.00024
-0.00029
-0.00033
-0.00038
-0.00042
-0.00048
-0.00053
-0.00058
-0.00064
-0.0007
-0.00075
-0.00082
-0.00088
-0.00094
-0.00101
-0.00108
-0.00115
-0.00121
-0.00128
-0.00136
-0.00143
-0.0015
-0.00157
-0.00165
-0.00173
-0.00181
-0.00188
-0.00195
-0.00203
-0.00211
-0.00219
-0.00226
-0.00233
-0.0024
-0.00247
-0.00255
-0.00261
-0.00268
-0.00274
-0.00281
-0.00286
-0.00292
-0.00297
-0.00302
-0.00306
-0.0031
-0.00314
-0.00317
-0.00319
-0.00321
-0.00323
-0.00324
-0.00324
-0.00325
-0.00323
-0.00323
-0.00321
-0.00319
-0.00315
-0.00312
-0.00308
-0.00303
-0.00298
-0.00293
-0.00286
-0.00279
-0.00272
-0.00265
-0.00257
-0.00248
-0.00239
-0.00231
-0.00221
-0.00212
-0.00201
-0.00191
-0.00181
-0.00171
-0.0016
-0.0015
-0.00139
-0.00128
-0.00117
-0.00107
-0.00096
-0.00086
-0.00075
-0.00065
-0.00054
-0.00045
-0.00034
-0.00025
-0.00015
-6e-05
3e-05
0.00012
0.00021
0.0003
0.00039
0.00047
0.00055
0.00063
0.00071
0.00078
0.00086
0.00092
0.001
0.00106
0.00113
0.00119
0.00125
0.00131
0.00137
0.00142
0.00148
0.00152
0.00158
0.00162
0.00167
0.00171
0.00175
0.00178
0.00182
0.00185
0.00189
0.00192
0.00194
0.00197
0.002
0.00203
0.00206
0.00208
0.0021
0.00213
0.00215
0.00218
0.0022
0.00222
0.00225
0.00228
0.00231
0.00233
0.00236
0.00239
0.00242
0.00245
0.00249
0.00252
0.00255
0.00259
0.00263
0.00266
0.0027
0.00273
0.00277
0.0028
0.00284
0.00287
0.0029
0.00294
0.00297
0.00299
0.00303
0.00305
0.00307
0.00309
0.00312
0.00313
0.00315
0.00315
0.00317
0.00317
0.00318
0.00318
0.00318
0.00318
0.00318
0.00318
0.00318
0.00317
0.00316
0.00315
0.00315
0.00313
0.00313
0.00311
0.00311
0.00309
0.00308
0.00307
0.00306
0.00305
0.00305
0.00304
0.00304
0.00303
0.00303
0.00302
0.00302
0.00301
0.00301
0.00301
0.00301
0.00301
0.00301
0.00301
0.00301
0.00301
0.00302
0.00302
0.00302
0.00302
0.00302
0.00302
0.00303
0.00303
0.00303
0.00302
0.00303
0.00303
0.00303
0.00302
0.00302
0.00302
0.00301
0.00301
0.00301
0.003
0.00299
0.00299
0.00298
0.00297
0.00297
0.00295
0.00295
0.00294
0.00293
0.00291
0.0029
0.00289
0.00288
0.00287
0.00286
0.00284
0.00284
0.00282
0.00281
0.0028
0.00279
0.00277
0.00277
0.00276
0.00275
0.00273
0.00272
0.00272
0.00271
0.00271
0.0027
0.00269
0.00269
0.00269
0.00269
0.00268
0.00269
0.00268
0.00269
0.00269
0.00269
0.00269
0.0027
0.0027
0.00271
0.00271
0.00272
0.00272
0.00273
0.00273
0.00274
0.00274
0.00274
0.00274
0.00275
0.00275
0.00276
0.00276
0.00276
0.00276
0.00276
0.00277
0.00277
0.00276
0.00277
0.00277
0.00277
0.00277
0.00277
0.00276
0.00277
0.00277
0.00276
0.00276
0.00276
0.00276
0.00276
0.00275
0.00275
0.00274
0.00274
0.00273
0.00273
0.00271
0.0027
0.00268
0.00267
0.00265
0.00263
0.0026
0.00257
0.00254
0.00251
0.00247
0.00243
0.00238
0.00234
0.00228
0.00223
0.00217
0.00211
0.00205
0.00199
0.00192
0.00185
0.00177
0.0017
0.00163
0.00155
0.00148
0.0014
0.00132
0.00125
0.00117
0.00109
0.00101
0.00094
0.00086
0.00079
0.00072
0.00065
0.00057
0.0005
0.00043
0.00036
0.00029
0.00022
0.00015
8e-05
1e-05
-5e-05
-0.00012
-0.00019
-0.00026
-0.00033
-0.0004
-0.00047
-0.00054
-0.00061
-0.00068
-0.00075
-0.00082
-0.00089
-0.00096
-0.00103
-0.00109
-0.00116
-0.00123
-0.00129
-0.00135
-0.00141
-0.00147
-0.00152
-0.00158
-0.00163
-0.00168
-0.00172
-0.00176
-0.0018
-0.00185
-0.00188
-0.00191
-0.00194
-0.00197
-0.00199
-0.00202
-0.00204
-0.00206
-0.00209
-0.00211
-0.00213
-0.00214
-0.00216
-0.00217
-0.00219
-0.00221
-0.00222
-0.00224
-0.00226
-0.00228
-0.0023
-0.00232
-0.00233
-0.00235
-0.00237
-0.00239
-0.00241
-0.00242
-0.00244
-0.00245
-0.00246
-0.00248
-0.00249
-0.0025
-0.00251
-0.00252
-0.00253
-0.00253
-0.00253
-0.00253
-0.00253
-0.00253
-0.00253
-0.00252
-0.00252
-0.00251
-0.0025
-0.00249
-0.00248
-0.00247
-0.00246
-0.00245
-0.00244
-0.00243
-0.00242
-0.00241
-0.0024
-0.0024
-0.00239
-0.00238
-0.00237
-0.00237
-0.00236
-0.00236
-0.00236
-0.00235
-0.00235
-0.00235
-0.00235
-0.00235
-0.00234
-0.00234
-0.00233
-0.00233
-0.00233
-0.00232
-0.00231
-0.0023
-0.00229
-0.00228
-0.00226
-0.00225
-0.00223
-0.00222
-0.00219
-0.00217
-0.00215
-0.00212
-0.0021
-0.00207
-0.00204
-0.00201
-0.00197
-0.00194
-0.0019
-0.00187
-0.00183
-0.00179
-0.00175
-0.00171
-0.00166
-0.00162
-0.00157
-0.00152
-0.00147
-0.00142
-0.00137
-0.00131
-0.00125
-0.0012
-0.00113
-0.00108
-0.00101
-0.00095
-0.00088
-0.00082
-0.00075
-0.00068
-0.0006
-0.00054
-0.00046
-0.00039
-0.00032
-0.00024
-0.00017
-0.0001
-2e-05
4e-05
0.00012
0.00019
0.00026
0.00032
0.00039
0.00045
0.00052
0.00058
0.00063
0.00069
0.00074
0.0008
0.00085
0.0009
0.00095
0.00098
0.00103
0.00107
0.00111
0.00114
0.00118
0.00121
0.00124
0.00127
0.0013
0.00132
0.00135
0.00137
0.00139
0.00141
0.00143
0.00144
0.00146
0.00147
0.00148
0.00149
0.00149
0.00149
0.0015
0.0015
0.00149
0.00149
0.00148
0.00147
0.00145
0.00144
0.00142
0.00139
0.00137
0.00134
0.00131
0.00128
0.00125
0.00121
0.00118
0.00113
0.00109
0.00105
0.001
0.00096
0.00091
0.00087
0.00082
0.00077
0.00073
0.00068
0.00063
0.00058
0.00054
0.00049
0.00044
0.0004
0.00035
0.0003
0.00025
0.00021
0.00016
0.00012
7e-05
2e-05
-2e-05
-7e-05
-0.00011
-0.00016
-0.00021
-0.00026
-0.00031
-0.00036
-0.00041
-0.00046
-0.00051
-0.00056
-0.00061
-0.00066
-0.00071
-0.00076
-0.0008
-0.00085
-0.00089
-0.00093
-0.00097
-0.00101
-0.00103
-0.00107
-0.00109
-0.00112
-0.00114
-0.00116
-0.00116
-0.00117
-0.00118
-0.00118
-0.00118
-0.00118
-0.00116
-0.00116
-0.00114
-0.00112
-0.0011
-0.00108
-0.00106
-0.00103
-0.00101
-0.00098
-0.00095
-0.00092
-0.00089
-0.00086
-0.00083
-0.0008
-0.00076
-0.00074
-0.0007
-0.00068
-0.00064
-0.00062
-0.00059
-0.00056
-0.00053
-0.0005
-0.00047
-0.00044
-0.00041
-0.00039
-0.00035
-0.00033
-0.0003
-0.00027
-0.00024
-0.00022
-0.00018
-0.00015
-0.00013
-0.0001
-7e-05
-5e-05
-2e-05
1e-05
4e-05
6e-05
8e-05
0.0001
0.00013
0.00015
0.00017
0.00019
0.00021
0.00023
0.00025
0.00027
0.00028
0.0003
0.00032
0.00034
0.00037
0.00038
0.00041
0.00043
0.00046
0.00048
0.00051
0.00054
0.00057
0.0006
0.00064
0.00067
0.00071
0.00075
0.00079
0.00083
0.00088
0.00091
0.00096
0.00101
0.00106
0.0011
0.00115
0.00119
0.00125
0.00129
0.00134
0.00138
0.00143
0.00148
0.00153
0.00158
0.00162
0.00167
0.00172
0.00176
0.00182
0.00186
0.00192
0.00196
0.00202
0.00207
0.00212
0.00218
0.00223
0.00229
0.00234
0.0024
0.00246
0.00251
0.00257
0.00263
0.00269
0.00274
0.00279
0.00284
0.00289
0.00294
0.00298
0.00301
0.00305
0.00308
0.00311
0.00312
0.00314
0.00315
0.00316
0.00315
0.00315
0.00313
0.00311
0.00308
0.00306
0.00302
0.00297
0.00292
0.00287
0.00281
0.00275
0.00269
0.00262
0.00254
0.00247
0.00238
0.0023
0.00221
0.00213
0.00203
0.00195
0.00185
0.00175
0.00166
0.00156
0.00146
0.00136
0.00126
0.00116
0.00105
0.00095
0.00084
0.00074
0.00063
0.00053
0.00042
0.00032
0.00021
0.0001
-0.0
-0.00011
-0.00021
-0.00032
-0.00042
-0.00052
-0.00063
-0.00072
-0.00083
-0.00092
-0.00102
-0.00111
-0.0012
-0.00128
-0.00137
-0.00144
-0.00152
-0.0016
-0.00166
-0.00173
-0.00179
-0.00184
-0.0019
-0.00194
-0.00198
-0.00201
-0.00205
-0.00207
-0.0021
-0.00211
-0.00212
-0.00213
-0.00213
-0.00212
-0.00211
-0.00209
-0.00207
-0.00204
-0.00201
-0.00197
-0.00193
-0.00187
-0.00182
-0.00176
-0.0017
-0.00163
-0.00156
-0.00149
-0.00141
-0.00133
-0.00124
-0.00115
-0.00106
-0.00096
-0.00087
-0.00077
-0.00068
-0.00057
-0.00048
-0.00037
-0.00028
-0.00017
-8e-05
2e-05
0.00012
0.00021
0.00031
0.0004
0.0005
0.00059
0.00067
0.00076
0.00084
0.00093
0.001
0.00109
0.00116
0.00124
0.00131
0.00138
0.00145
0.00152
0.00158
0.00165
0.00171
0.00178
0.00184
0.0019
0.00195
0.00202
0.00207
0.00212
0.00217
0.00223
0.00227
0.00232
0.00236
0.00241
0.00245
0.00249
0.00253
0.00256
0.00259
0.00263
0.00265
0.00268
0.0027
0.00273
0.00275
0.00277
0.00279
0.0028
0.00281
0.00282
0.00284
0.00285
0.00286
0.00287
0.00287
0.00288
0.00288
0.00289
0.00289
0.0029
0.0029
0.0029
0.0029
0.0029
0.0029
0.0029
0.00289
0.00289
0.00288
0.00287
0.00285
0.00285
0.00283
0.00281
0.00279
0.00277
0.00273
0.00271
0.00267
0.00264
0.0026
0.00255
0.00251
0.00246
0.00241
0.00236
0.0023
0.00225
0.00219
0.00214
0.00207
0.00201
0.00194
0.00189
0.00182
0.00176
0.0017
0.00164
0.00158
0.00152
0.00147
0.00141
0.00136
0.00131
0.00126
0.00122
0.00117
0.00113
0.00109
0.00106
0.00102
0.00099
0.00096
0.00093
0.00091
0.00089
0.00087
0.00085
0.00082
0.00081
0.00079
0.00078
0.00076
0.00075
0.00073
0.00072
0.00071
0.00069
0.00068
0.00067
0.00065
0.00064
0.00063
0.00062
0.0006
0.00059
0.00057
0.00056
0.00054
0.00053
0.00051
0.0005
0.00048
0.00047
0.00045
0.00043
0.00042
0.0004
0.00039
0.00037
0.00035
0.00034
0.00032
0.00031
0.00029
0.00028
0.00026
0.00025
0.00023
0.00022
0.0002
0.00018
0.00017
0.00016
0.00014
0.00013
0.00011
0.0001
8e-05
7e-05
6e-05
5e-05
3e-05
2e-05
0.0
-1e-05
-2e-05
-4e-05
-5e-05
-6e-05
-8e-05
-9e-05
-0.0001
-0.00011
-0.00012
-0.00013
-0.00015
-0.00015
-0.00017
-0.00017
-0.00018
-0.00019
-0.00019
-0.0002
-0.0002
-0.00021
-0.00021
-0.00021
-0.00021
-0.00021
-0.00021
-0.0002
-0.0002
-0.00019
-0.00019
-0.00017
-0.00016
-0.00015
-0.00014
-0.00013
-0.00011
-9e-05
-7e-05
-5e-05
-4e-05
-1e-05
1e-05
3e-05
5e-05
8e-05
0.0001
0.00014
0.00016
0.00019
0.00022
0.00025
0.00028
0.00032
0.00035
0.00039
0.00042
0.00046
0.0005
0.00054
0.00058
0.00062
0.00066
0.00071
0.00075
0.00079
0.00084
0.00088
0.00093
0.00098
0.00102
0.00107
0.00111
0.00116
0.0012
0.00125
0.00129
0.00134
0.00137
0.00142
0.00146
0.00149
0.00153
0.00156
0.00159
0.00162
0.00165
0.00168
0.0017
0.00173
0.00175
0.00177
0.00179
0.00181
0.00182
0.00184
0.00185
0.00187
0.00188
0.00189
0.0019
0.00192
0.00193
0.00195
0.00195
0.00197
0.00198
0.002
0.00201
0.00203
0.00204
0.00206
0.00207
0.00209
0.0021
0.00211
0.00213
0.00215
0.00216
0.00217
0.00218
0.00219
0.0022
0.00221
0.00222
0.00222
0.00222
0.00222
0.00222
0.00221
0.0022
0.00219
0.00217
0.00216
0.00214
0.00212
0.00208
0.00206
0.00202
0.00199
0.00195
0.00191
0.00186
0.00182
0.00177
0.00172
0.00167
0.00161
0.00156
0.0015
0.00144
0.00138
0.00132
0.00126
0.0012
0.00114
0.00107
0.00101
0.00095
0.00089
0.00083
0.00077
0.00071
0.00065
0.00059
0.00053
0.00048
0.00043
0.00037
0.00032
0.00026
0.00022
0.00016
0.00011
6e-05
2e-05
-4e-05
-9e-05
-0.00014
-0.00019
-0.00024
-0.00029
-0.00034
-0.00039
-0.00045
-0.00051
-0.00057
-0.00063
-0.00069
-0.00076
-0.00083
-0.00089
-0.00096
-0.00104
-0.00111
-0.00119
-0.00127
-0.00135
-0.00143
-0.00151
-0.0016
-0.00169
-0.00178
-0.00186
-0.00196
-0.00204
-0.00214
-0.00222
-0.00231
-0.0024
-0.00249
-0.00258
-0.00266
-0.00274
-0.00283
-0.0029
-0.00298
-0.00305
-0.00312
-0.00319
-0.00325
-0.00331
-0.00337
-0.00342
-0.00347
-0.00351
-0.00356
-0.00359
-0.00362
-0.00365
-0.00367
-0.00368
-0.0037
-0.00371
-0.00371
-0.0037
-0.0037
-0.00369
-0.00367
-0.00365
-0.00362
-0.00359
-0.00356
-0.00352
-0.00347
-0.00342
-0.00337
-0.00331
-0.00326
-0.00319
-0.00313
-0.00306
-0.00299
-0.00291
-0.00284
-0.00275
-0.00268
-0.00259
-0.00251
-0.00243
-0.00234
-0.00225
-0.00216
-0.00207
-0.00199
-0.00189
-0.00181
-0.00171
-0.00162
-0.00153
-0.00144
-0.00135
-0.00126
-0.00117
-0.00108
-0.00099
-0.0009
-0.00081
-0.00072
-0.00063
-0.00055
-0.00046
-0.00037
-0.00028
-0.0002
-0.00011
-3e-05
6e-05
0.00014
0.00022
0.0003
0.00038
0.00046
0.00054
0.00062
0.0007
0.00077
0.00085
0.00092
0.001
0.00107
0.00114
0.00121
0.00129
0.00135
0.00142
0.00149
0.00156
0.00163
0.0017
0.00177
0.00184
0.0019
0.00197
0.00204
0.00211
0.00218
0.00225
0.00232
0.0024
0.00247
0.00254
0.00261
0.00268
0.00275
0.00283
0.0029
0.00297
0.00304
0.00311
0.00318
0.00325
0.00331
0.00338
0.00344
0.0035
0.00356
0.00361
0.00366
0.00371
0.00375
0.0038
0.00383
0.00387
0.0039
0.00393
0.00395
0.00397
0.00398
0.00399
0.00399
0.004
0.00399
0.00398
0.00397
0.00395
0.00393
0.00391
0.00388
0.00385
0.0038
0.00376
0.00371
0.00366
0.0036
0.00355
0.00348
0.00342
0.00334
0.00326
0.00319
0.0031
0.00302
0.00293
0.00284
0.00275
0.00265
0.00256
0.00246
0.00236
0.00226
0.00216
0.00206
0.00196
0.00186
0.00176
0.00166
0.00157
0.00148
0.00139
0.0013
0.00122
0.00114
0.00106
0.00099
0.00092
0.00085
0.00079
0.00073
0.00068
0.00063
0.00059
0.00055
0.00051
0.00048
0.00045
0.00043
0.00041
0.00038
0.00038
0.00036
0.00036
0.00035
0.00035
0.00035
0.00036
0.00037
0.00038
0.00039
0.0004
0.00042
0.00044
0.00046
0.00049
0.00051
0.00054
0.00057
0.0006
0.00064
0.00067
0.00071
0.00075
0.00079
0.00083
0.00087
0.00092
0.00097
0.00102
0.00107
0.00112
0.00117
0.00122
0.00127
0.00133
0.00138
0.00144
0.00149
0.00155
0.0016
0.00166
0.00171
0.00177
0.00183
0.00188
0.00194
0.002
0.00205
0.00211
0.00216
0.00222
0.00227
0.00232
0.00237
0.00243
0.00248
0.00253
0.00257
0.00262
0.00267
0.00271
0.00276
0.0028
0.00284
0.00288
0.00291
0.00295
0.00298
0.00301
0.00303
0.00306
0.00308
0.00309
0.00311
0.00312
0.00313
0.00314
0.00314
0.00315
0.00314
0.00315
0.00314
0.00314
0.00313
0.00312
0.00311
0.00311
0.0031
0.00309
0.00308
0.00307
0.00307
0.00307
0.00306
0.00306
0.00306
0.00307
0.00307
0.00308
0.00308
0.0031
0.00311
0.00313
0.00314
0.00316
0.00318
0.00321
0.00323
0.00326
0.00328
0.00331
0.00334
0.00336
0.00339
0.00342
0.00343
0.00346
0.00347
0.0035
0.00351
0.00352
0.00353
0.00353
0.00353
0.00353
0.00353
0.00352
0.0035
0.00349
0.00346
0.00344
0.00341
0.00338
0.00334
0.0033
0.00325
0.00321
0.00316
0.0031
0.00305
0.00299
0.00293
0.00287
0.0028
0.00274
0.00267
0.0026
0.00252
0.00245
0.00237
0.0023
0.00222
0.00214
0.00206
0.00198
0.0019
0.00181
0.00173
0.00165
0.00155
0.00147
0.00138
0.0013
0.0012
0.00111
0.00102
0.00093
0.00084
0.00075
0.00066
0.00056
0.00047
0.00038
0.0003
0.00021
0.00012
4e-05
-5e-05
-0.00013
-0.00021
-0.00029
-0.00037
-0.00044
-0.00052
-0.00059
-0.00065
-0.00072
-0.00078
-0.00084
-0.0009
-0.00095
-0.001
-0.00105
-0.00109
-0.00113
-0.00118
-0.00121
-0.00125
-0.00128
-0.00131
-0.00134
-0.00136
-0.00139
-0.00141
-0.00143
-0.00144
-0.00145
-0.00147
-0.00148
-0.00149
-0.00149
-0.0015
-0.00151
-0.00151
-0.00151
-0.00151
-0.00151
-0.0015
-0.0015
-0.00149
-0.00148
-0.00147
-0.00146
-0.00146
-0.00144
-0.00143
-0.00141
-0.0014
-0.00138
-0.00137
-0.00134
-0.00133
-0.00131
-0.00129
-0.00127
-0.00125
-0.00122
-0.0012
-0.00117
-0.00116
-0.00113
-0.0011
-0.00107
-0.00105
-0.00102
-0.00099
-0.00095
-0.00092
-0.00089
-0.00085
-0.00081
-0.00077
-0.00073
-0.00068
-0.00063
-0.00059
-0.00054
-0.00049
-0.00043
-0.00037
-0.00031
-0.00025
-0.00019
-0.00012
-6e-05
1e-05
8e-05
0.00015
0.00023
0.0003
0.00038
0.00045
0.00053
0.0006
0.00068
0.00075
0.00082
0.00089
0.00097
0.00104
0.0011
0.00117
0.00123
0.0013
0.00136
0.00141
0.00147
0.00152
0.00157
0.00162
0.00166
0.0017
0.00174
0.00177
0.0018
0.00183
0.00186
0.00188
0.00189
0.00191
0.00193
0.00194
0.00195
0.00196
0.00197
0.00197
0.00197
0.00197
0.00197
0.00197
0.00197
0.00197
0.00197
0.00196
0.00196
0.00196
0.00196
0.00195
0.00195
0.00195
0.00195
0.00195
0.00195
0.00195
0.00195
0.00195
0.00195
0.00195
0.00195
0.00195
0.00194
0.00194
0.00194
0.00194
0.00194
0.00193
0.00192
0.00191
0.0019
0.00188
0.00187
0.00184
0.00183
0.0018
0.00177
0.00174
0.0017
0.00167
0.00163
0.00159
0.00155
0.0015
0.00145
0.0014
0.00135
0.00128
0.00123
0.00116
0.0011
0.00103
0.00096
0.00089
0.00082
0.00074
0.00066
0.00059
0.00051
0.00042
0.00034
0.00025
0.00016
7e-05
-2e-05
-0.00011
-0.0002
-0.0003
-0.0004
-0.0005
-0.00059
-0.00069
-0.00079
-0.00089
-0.00098
-0.00109
-0.00119
-0.00129
-0.00138
-0.00148
-0.00157
-0.00167
-0.00175
-0.00185
-0.00193
-0.00202
-0.0021
-0.00217
-0.00225
-0.00231
-0.00238
-0.00244
-0.0025
-0.00255
-0.0026
-0.00265
-0.00268
-0.00272
-0.00275
-0.00277
-0.00279
-0.00281
-0.00282
-0.00283
-0.00283
-0.00282
-0.00281
-0.0028
-0.00278
-0.00276
-0.00273
-0.0027
-0.00266
-0.00263
-0.00258
-0.00253
-0.00248
-0.00242
-0.00236
-0.00229
-0.00222
-0.00214
-0.00206
-0.00198
-0.00188
-0.0018
-0.00169
-0.0016
-0.00149
-0.00139
-0.00127
-0.00116
-0.00105
-0.00093
-0.00081
-0.00068
-0.00056
-0.00043
-0.0003
-0.00017
-3e-05
0.0001
0.00024
0.00037
0.00051
0.00064
0.00078
0.00091
0.00105
0.00118
0.00131
0.00145
0.00158
0.00172
0.00185
0.00197
0.0021
0.00223
0.00235
0.00247
0.00259
0.0027
0.00282
0.00293
0.00303
0.00314
0.00324
0.00333
0.00343
0.00352
0.0036
0.00367
0.00375
0.00382
0.00388
0.00394
0.00399
0.00403
0.00408
0.00411
0.00414
0.00416
0.00417
0.00418
0.00419
0.00418
0.00418
0.00416
0.00414
0.00411
0.00409
0.00405
0.00401
0.00396
0.00391
0.00386
0.0038
0.00374
0.00367
0.0036
0.00354
0.00346
0.00339
0.00331
0.00324
0.00316
0.00308
0.003
0.00292
0.00284
0.00276
0.00267
0.00259
0.00251
0.00242
0.00234
0.00226
0.00218
0.0021
0.00201
0.00193
0.00184
0.00176
0.00167
0.00159
0.0015
0.00143
0.00134
0.00126
0.00118
0.00109
0.00101
0.00093
0.00085
0.00078
0.00069
0.00062
0.00054
0.00047
0.00039
0.00032
0.00025
0.00018
0.00011
4e-05
-2e-05
-9e-05
-0.00015
-0.00021
-0.00028
-0.00033
-0.0004
-0.00045
-0.00052
-0.00057
