9.40577505393953E+02

0.00068
0.00067
0.00067
0.00066
0.00066
0.00065
0.00065
0.00064
0.00063
0.00063
0.00062
0.00061
0.0006
0.00058
0.00057
0.00056
0.00054
0.00052
0.0005
0.00047
0.00046
0.00043
0.00039
0.00036
0.00032
0.00029
0.00025
0.0002
0.00016
0.0001
5e-05
-0.0
-6e-05
-0.00012
-0.00018
-0.00025
-0.00031
-0.00038
-0.00045
-0.00053
-0.0006
-0.00067
-0.00075
-0.00082
-0.00089
-0.00097
-0.00104
-0.00112
-0.00119
-0.00127
-0.00134
-0.00141
-0.00148
-0.00155
-0.00162
-0.00169
-0.00175
-0.00181
-0.00187
-0.00193
-0.00199
-0.00205
-0.00211
-0.00217
-0.00222
-0.00227
-0.00233
-0.00239
-0.00243
-0.00249
-0.00255
-0.0026
-0.00266
-0.00271
-0.00277
-0.00283
-0.00288
-0.00294
-0.003
-0.00306
-0.00312
-0.00318
-0.00324
-0.0033
-0.00336
-0.00342
-0.00348
-0.00354
-0.00359
-0.00364
-0.00369
-0.00374
-0.00379
-0.00383
-0.00387
-0.00391
-0.00394
-0.00397
-0.00399
-0.00401
-0.00402
-0.00403
-0.00404
-0.00404
-0.00404
-0.00403
-0.00402
-0.004
-0.00398
-0.00396
-0.00393
-0.0039
-0.00386
-0.00383
-0.00379
-0.00375
-0.0037
-0.00366
-0.00361
-0.00356
-0.00351
-0.00345
-0.0034
-0.00334
-0.00328
-0.00323
-0.00317
-0.00311
-0.00304
-0.00298
-0.00292
-0.00286
-0.00278
-0.00271
-0.00264
-0.00257
-0.0025
-0.00242
-0.00234
-0.00226
-0.00218
-0.0021
-0.00201
-0.00193
-0.00183
-0.00175
-0.00165
-0.00156
-0.00146
-0.00137
-0.00127
-0.00117
-0.00107
-0.00097
-0.00086
-0.00076
-0.00065
-0.00055
-0.00044
-0.00033
-0.00022
-0.00011
1e-05
0.00012
0.00024
0.00036
0.00048
0.0006
0.00072
0.00085
0.00098
0.00111
0.00124
0.00137
0.00151
0.00164
0.00178
0.00191
0.00205
0.00219
0.00233
0.00247
0.00261
0.00274
0.00288
0.00302
0.00316
0.00329
0.00343
0.00355
0.00369
0.00381
0.00394
0.00405
0.00418
0.00429
0.0044
0.00451
0.00461
0.00471
0.00481
0.0049
0.005
0.00508
0.00517
0.00524
0.00532
0.00539
0.00547
0.00553
0.00559
0.00565
0.00571
0.00576
0.00581
0.00585
0.0059
0.00594
0.00597
0.006
0.00603
0.00605
0.00607
0.00609
0.0061
0.0061
0.00611
0.0061
0.0061
0.00609
0.00607
0.00605
0.00602
0.00599
0.00596
0.00592
0.00587
0.00582
0.00577
0.00571
0.00565
0.00558
0.00552
0.00544
0.00537
0.00529
0.00521
0.00513
0.00504
0.00495
0.00487
0.00477
0.00469
0.00459
0.0045
0.0044
0.00431
0.00421
0.00412
0.00402
0.00392
0.00382
0.00373
0.00363
0.00353
0.00344
0.00334
0.00324
0.00315
0.00305
0.00295
0.00286
0.00276
0.00266
0.00257
0.00247
0.00238
0.00228
0.00219
0.00209
0.002
0.00191
0.00182
0.00173
0.00164
0.00155
0.00146
0.00138
0.0013
0.00121
0.00114
0.00106
0.00099
0.00091
0.00084
0.00077
0.00071
0.00065
0.00059
0.00053
0.00048
0.00042
0.00038
0.00033
0.00029
0.00025
0.00021
0.00018
0.00015
0.00012
9e-05
7e-05
4e-05
3e-05
1e-05
-0.0
-1e-05
-3e-05
-3e-05
-4e-05
-4e-05
-4e-05
-4e-05
-4e-05
-3e-05
-3e-05
-2e-05
-1e-05
-1e-05
1e-05
2e-05
3e-05
5e-05
6e-05
7e-05
9e-05
0.00011
0.00012
0.00013
0.00014
0.00016
0.00017
0.00018
0.00019
0.0002
0.0002
0.00021
0.00021
0.00022
0.00021
0.00021
0.00021
0.00021
0.00019
0.00019
0.00017
0.00016
0.00014
0.00012
0.0001
8e-05
5e-05
3e-05
0.0
-2e-05
-6e-05
-8e-05
-0.00012
-0.00015
-0.00018
-0.00021
-0.00025
-0.00028
-0.00032
-0.00035
-0.00039
-0.00042
-0.00046
-0.00049
-0.00052
-0.00055
-0.00059
-0.00062
-0.00065
-0.00068
-0.00071
-0.00074
-0.00077
-0.00079
-0.00081
-0.00084
-0.00086
-0.00088
-0.0009
-0.00091
-0.00092
-0.00093
-0.00095
-0.00095
-0.00096
-0.00096
-0.00096
-0.00096
-0.00096
-0.00094
-0.00094
-0.00092
-0.00091
-0.0009
-0.00087
-0.00085
-0.00083
-0.0008
-0.00077
-0.00074
-0.00071
-0.00067
-0.00064
-0.0006
-0.00057
-0.00052
-0.00049
-0.00044
-0.0004
-0.00036
-0.00032
-0.00027
-0.00023
-0.00018
-0.00014
-9e-05
-4e-05
1e-05
6e-05
0.00011
0.00015
0.00021
0.00025
0.00031
0.00036
0.00041
0.00046
0.00052
0.00057
0.00063
0.00068
0.00074
0.0008
0.00086
0.00091
0.00098
0.00103
0.00109
0.00115
0.0012
0.00126
0.00131
0.00137
0.00142
0.00147
0.00152
0.00156
0.0016
0.00164
0.00168
0.00171
0.00174
0.00176
0.00179
0.0018
0.00182
0.00183
0.00184
0.00184
0.00184
0.00184
0.00184
0.00182
0.00181
0.00179
0.00178
0.00175
0.00173
0.0017
0.00168
0.00165
0.00161
0.00158
0.00154
0.0015
0.00147
0.00143
0.00139
0.00133
0.00129
0.00124
0.0012
0.00114
0.00109
0.00103
0.00098
0.00091
0.00085
0.00079
0.00072
0.00065
0.00059
0.00051
0.00044
0.00036
0.00029
0.00021
0.00013
5e-05
-3e-05
-0.00011
-0.00019
-0.00027
-0.00035
-0.00043
-0.00051
-0.00059
-0.00066
-0.00074
-0.00081
-0.00088
-0.00094
-0.00101
-0.00107
-0.00113
-0.00119
-0.00124
-0.00129
-0.00134
-0.00138
-0.00143
-0.00147
-0.0015
-0.00154
-0.00157
-0.0016
-0.00163
-0.00165
-0.00168
-0.00169
-0.00171
-0.00173
-0.00175
-0.00176
-0.00177
-0.00178
-0.00179
-0.00179
-0.0018
-0.00179
-0.00179
-0.00179
-0.00179
-0.00178
-0.00177
-0.00175
-0.00174
-0.00172
-0.00171
-0.00168
-0.00166
-0.00163
-0.0016
-0.00157
-0.00154
-0.0015
-0.00147
-0.00143
-0.00139
-0.00135
-0.00131
-0.00127
-0.00123
-0.00119
-0.00115
-0.0011
-0.00107
-0.00103
-0.00099
-0.00095
-0.00091
-0.00087
-0.00084
-0.0008
-0.00077
-0.00073
-0.0007
-0.00067
-0.00064
-0.00061
-0.00059
-0.00056
-0.00054
-0.00051
-0.00049
-0.00047
-0.00045
-0.00042
-0.0004
-0.00038
-0.00037
-0.00034
-0.00033
-0.00031
-0.00029
-0.00028
-0.00026
-0.00024
-0.00023
-0.00022
-0.00021
-0.0002
-0.00019
-0.00018
-0.00017
-0.00015
-0.00015
-0.00014
-0.00013
-0.00012
-0.00011
-0.0001
-9e-05
-7e-05
-6e-05
-4e-05
-3e-05
-1e-05
2e-05
5e-05
7e-05
0.00011
0.00014
0.00019
0.00023
0.00029
0.00034
0.0004
0.00046
0.00053
0.0006
0.00068
0.00076
0.00085
0.00094
0.00104
0.00114
0.00125
0.00135
0.00147
0.00158
0.0017
0.00182
0.00194
0.00206
0.00219
0.00231
0.00243
0.00256
0.00268
0.00281
0.00293
0.00305
0.00317
0.00329
0.00341
0.00352
0.00364
0.00374
0.00385
0.00395
0.00406
0.00415
0.00424
0.00434
0.00442
0.00451
0.00459
0.00467
0.00475
0.00481
0.00488
0.00495
0.00501
0.00506
0.00512
0.00517
0.00522
0.00526
0.0053
0.00533
0.00536
0.00539
0.00541
0.00543
0.00545
0.00546
0.00547
0.00547
0.00547
0.00546
0.00545
0.00543
0.00541
0.00539
0.00536
0.00532
0.00528
0.00524
0.0052
0.00515
0.0051
0.00504
0.00499
0.00492
0.00486
0.00479
0.00472
0.00465
0.00458
0.0045
0.00442
0.00434
0.00426
0.00418
0.0041
0.00402
0.00394
0.00385
0.00378
0.00369
0.0036
0.00352
0.00343
0.00334
0.00325
0.00316
0.00306
0.00297
0.00287
0.00277
0.00268
0.00257
0.00247
0.00237
0.00227
0.00215
0.00205
0.00194
0.00183
0.00172
0.00161
0.00149
0.00138
0.00127
0.00115
0.00104
0.00093
0.00082
0.0007
0.00059
0.00048
0.00036
0.00025
0.00014
2e-05
-0.0001
-0.00021
-0.00033
-0.00046
-0.00058
-0.00071
-0.00084
-0.00097
-0.0011
-0.00123
-0.00137
-0.00151
-0.00165
-0.00179
-0.00193
-0.00207
-0.00222
-0.00235
-0.00249
-0.00262
-0.00275
-0.00288
-0.00299
-0.0031
-0.0032
-0.0033
-0.00339
-0.00347
-0.00354
-0.00361
-0.00366
-0.00372
-0.00376
-0.0038
-0.00383
-0.00386
-0.00388
-0.0039
-0.00392
-0.00393
-0.00395
-0.00396
-0.00398
-0.00399
-0.00401
-0.00402
-0.00403
-0.00404
-0.00404
-0.00404
-0.00403
-0.00402
-0.00399
-0.00395
-0.00389
-0.00381
-0.00372
-0.00359
-0.00344
-0.00327
-0.00306
-0.00281
-0.00253
-0.00222
-0.00187
-0.00148
-0.00106
-0.00059
-9e-05
0.00045
0.00102
0.00163
0.00227
0.00295
0.00365
0.00438
0.00513
0.00592
0.00673
0.00755
0.00841
0.00929
0.01019
0.01111
0.01207
0.01306
0.01409
0.01516
0.01626
0.01742
0.01864
0.01991
0.02125
0.02267
0.02417
0.02574
0.02741
0.02917
0.03103
0.03299
0.03505
0.03722
0.03948
0.04184
0.0443
0.04685
0.04948
0.05218
0.05495
0.05778
0.06065
0.06354
0.06645
0.06937
0.07227
0.07513
0.07795
0.0807
0.08338
0.08597
0.08845
0.09081
0.09305
0.09514
0.09708
0.09888
0.10051
0.10198
0.10329
0.10444
0.10544
0.10627
0.10696
0.10721
0.10721
0.10721
0.10721
0.10721
0.10721
0.10721
0.10721
0.10721
0.10721
0.10721
0.10721
0.10716
0.10692
0.10669
0.10648
0.10629
0.10613
0.10601
0.10592
0.10587
0.10587
0.10588
0.10593
0.106
0.10611
0.10623
0.10637
0.10652
0.10667
0.10683
0.10698
0.10713
0.10721
0.10721
0.10721
0.10721
0.10721
0.10721
0.10721
0.10721
0.10721
0.10721
0.10721
0.10721
0.10721
0.10721
0.10721
0.10721
0.10712
0.10703
0.10694
0.10687
0.10681
0.10675
0.10671
0.10667
0.10666
0.10665
0.10666
0.10667
0.1067
0.10674
0.10679
0.10684
0.10689
0.10695
0.107
0.10706
0.10712
0.10717
0.10721
0.10721
0.10721
0.10721
0.10721
0.10721
0.10721
0.10721
0.10721
0.10721
0.10721
0.10721
0.10721
0.10719
0.10715
0.10711
0.10708
0.10705
0.10702
0.10699
0.10697
0.10695
0.10693
0.10693
0.10692
0.10692
0.10693
0.10693
0.10694
0.10695
0.10697
0.10698
0.10701
0.10702
0.10705
0.10706
0.10708
0.1071
0.10711
0.10712
0.10713
0.10714
0.10714
0.10714
0.10714
0.10713
0.10713
0.10712
0.10711
0.1071
0.10709
0.10708
0.10707
0.10706
0.10705
0.10705
0.10704
0.10704
0.10703
0.10703
0.10702
0.10702
0.10703
0.10703
0.10704
0.10704
0.10705
0.10706
0.10707
0.10708
0.10709
0.1071
0.1071
0.10711
0.10712
0.10712
0.10713
0.10713
0.10714
0.10713
0.10714
0.10713
0.10714
0.10713
0.10714
0.10713
0.10713
0.10713
0.10714
0.10714
0.10713
0.10713
0.10714
0.10714
0.10714
0.10714
0.10715
0.10715
0.10716
0.10716
0.10717
0.10717
0.10718
0.10719
0.10719
0.1072
0.1072
0.10719
0.10719
0.10719
0.10719
0.10718
0.10718
0.10716
0.10716
0.10715
0.10714
0.10713
0.10712
0.10711
0.1071
0.10709
0.10708
0.10707
0.10707
0.10706
0.10707
0.10706
0.10707
0.10707
0.10709
0.1071
0.10711
0.10712
0.10714
0.10716
0.10718
0.1072
0.10721
0.10721
0.10721
0.10721
0.10721
0.10721
0.10721
0.10721
0.10721
0.10721
0.10721
0.1072
0.10718
0.10716
0.10713
0.1071
0.10707
0.10703
0.107
0.10697
0.10695
0.10692
0.10691
0.10689
0.10688
0.10688
0.10689
0.1069
0.10693
0.10696
0.10699
0.10703
0.10708
0.10712
0.10717
0.10721
0.10721
0.10721
0.10721
0.10721
0.10721
0.10721
0.10721
0.10721
0.10721
0.10712
0.10699
0.10682
0.10662
0.10639
0.10611
0.10579
0.10544
0.10505
0.10462
0.10414
0.10363
0.10308
0.1025
0.10187
0.10122
0.10054
0.09984
0.09911
0.09836
0.0976
0.09682
0.09603
0.09524
0.09444
0.09365
0.09285
0.09206
0.09127
0.0905
0.08973
0.08897
0.08823
0.0875
0.08678
0.08607
0.08537
0.08469
0.08401
0.08335
0.08269
0.08205
0.0814
0.08076
0.08013
0.0795
0.07887
0.07823
0.07761
0.07697
0.07634
0.0757
0.07506
0.07442
0.07377
0.07312
0.07247
0.07182
0.07117
0.07051
0.06987
0.06922
0.06857
0.06793
0.0673
0.06666
0.06604
0.06542
0.06481
0.06422
0.06362
0.06304
0.06246
0.0619
0.06134
0.0608
0.06026
0.05973
0.05921
0.05869
0.05819
0.05769
0.05719
0.0567
0.05621
0.05574
0.05526
0.05478
0.05431
0.05385
0.05338
0.05291
0.05245
0.052
0.05154
0.05109
0.05064
0.0502
0.04975
0.04932
0.04888
0.04846
0.04803
0.04761
0.0472
0.0468
0.04639
0.046
0.04561
0.04523
0.04485
0.04448
0.04412
0.04377
0.04342
0.04308
0.04274
0.04241
0.04209
0.04177
0.04146
0.04116
0.04086
0.04056
0.04027
0.03999
0.03971
0.03943
0.03916
0.0389
0.03863
0.03837
0.03812
0.03787
0.03763
0.03739
0.03715
0.03691
0.03668
0.03646
0.03624
0.03602
0.0358
0.03559
0.03538
0.03517
0.03497
0.03477
0.03457
0.03438
0.03419
0.034
0.03381
0.03363
0.03345
0.03327
0.0331
0.03292
0.03275
0.03258
0.03241
0.03224
0.03208
0.03192
0.03175
0.0316
0.03144
0.03128
0.03113
0.03098
0.03082
0.03067
0.03052
0.03037
0.03021
0.03006
0.02991
0.02976
0.02961
0.02946
0.0293
0.02915
0.02899
0.02883
0.02867
0.02851
0.02835
0.02818
0.02801
0.02784
0.02766
0.02748
0.0273
0.02712
0.02693
0.02675
0.02655
0.02636
0.02616
0.02596
0.02575
0.02555
0.02534
0.02513
0.02491
0.02469
0.02448
0.02425
0.02403
0.02381
0.02358
0.02336
0.02313
0.0229
0.02267
0.02243
0.0222
0.02197
0.02174
0.0215
0.02126
0.02103
0.02079
0.02055
0.02031
0.02007
0.01984
0.0196
0.01936
0.01913
0.01889
0.01865
0.01841
0.01818
0.01794
0.0177
0.01747
0.01724
0.01701
0.01677
0.01654
0.01632
0.01609
0.01587
0.01564
0.01543
0.01521
0.01499
0.01478
0.01458
0.01437
0.01417
0.01397
0.01377
0.01358
0.0134
0.01321
0.01303
0.01285
0.01268
0.01251
0.01235
0.01219
0.01202
0.01187
0.01172
0.01157
0.01141
0.01127
0.01113
0.01099
0.01085
0.01071
0.01057
0.01044
0.0103
0.01017
0.01004
0.00991
0.00978
0.00965
0.00952
0.0094
0.00927
0.00915
0.00902
0.0089
0.00878
0.00866
0.00854
0.00842
0.00831
0.00819
0.00809
0.00798
0.00787
0.00777
0.00767
0.00757
0.00747
0.00739
0.00729
0.00721
0.00713
0.00704
0.00696
0.00689
0.00682
0.00675
0.00668
0.00662
0.00655
0.00649
0.00643
0.00638
0.00632
0.00627
0.00621
0.00616
0.00612
0.00607
0.00602
0.00598
0.00594
0.0059
0.00586
0.00583
0.00579
0.00576
0.00573
0.0057
0.00568
0.00566
0.00563
0.00562
0.00561
0.0056
0.00559
0.00559
0.00559
0.00559
0.00559
0.0056
0.00561
0.00563
0.00564
0.00566
0.00568
0.0057
0.00572
0.00575
0.00577
0.0058
0.00583
0.00585
0.00588
0.00591
0.00594
0.00598
0.006
0.00603
0.00606
0.00609
0.00612
0.00615
0.00617
0.00621
0.00623
0.00626
0.00629
0.00632
0.00635
0.00638
0.00641
0.00645
0.00647
0.00651
0.00655
0.00659
0.00662
0.00667
0.0067
0.00675
0.00679
0.00684
0.00689
0.00693
0.00698
0.00703
0.00709
0.00714
0.00719
0.00724
0.00729
0.00735
0.00739
0.00744
0.00749
0.00754
0.00759
0.00763
0.00767
0.00771
0.00776
0.0078
0.00783
0.00787
0.0079
0.00793
0.00796
0.00799
0.00801
0.00804
0.00806
0.00808
0.0081
0.00812
0.00813
0.00814
0.00816
0.00817
0.00818
0.00819
0.00819
0.0082
0.00821
0.00821
0.00821
0.00821
0.00821
0.00821
0.0082
0.00819
0.00818
0.00816
0.00815
0.00813
0.00811
0.00809
0.00806
0.00803
0.008
0.00797
0.00793
0.00789
0.00784
0.0078
0.00775
0.0077
0.00765
0.00759
0.00753
0.00747
0.00741
0.00735
0.00728
0.00722
0.00714
0.00708
0.007
0.00693
0.00685
0.00678
0.0067
0.00662
0.00654
0.00646
0.00638
0.00629
0.00621
0.00612
0.00603
0.00595
0.00586
0.00577
0.00568
0.00558
0.00549
0.0054
0.0053
0.0052
0.0051
0.005
0.00489
0.00479
0.00469
0.00459
0.00448
0.00437
0.00426
0.00416
0.00405
0.00394
0.00382
0.00372
0.0036
0.00349
0.00338
0.00326
0.00315
0.00304
0.00293
0.00282
0.00271
0.0026
0.0025
0.00239
0.00228
0.00219
0.00208
0.00199
0.00189
0.0018
0.00171
0.00163
0.00155
0.00147
0.0014
0.00134
0.00127
0.00122
0.00117
0.00113
0.00108
0.00105
0.00102
0.001
0.00098
0.00097
0.00096
0.00096
0.00097
0.00098
0.00099
0.00101
0.00103
0.00106
0.00109
0.00112
0.00115
0.00119
0.00123
0.00127
0.00131
0.00135
0.0014
0.00144
0.00148
0.00153
0.00157
0.00161
0.00165
0.00169
0.00172
0.00176
0.0018
0.00183
0.00186
0.0019
0.00193
0.00195
0.00198
0.00201
0.00204
0.00206
0.00209
0.00212
0.00214
0.00216
0.00219
0.00221
0.00223
0.00226
0.00228
0.00231
0.00233
0.00236
0.00238
0.00241
0.00243
0.00246
0.00249
0.00252
0.00255
0.00258
0.0026
0.00264
0.00266
0.0027
0.00272
0.00276
0.00279
0.00282
0.00285
0.00288
0.00291
0.00294
0.00297
0.00301
0.00303
0.00307
0.00309
0.00312
0.00315
0.00318
0.0032
0.00323
0.00325
0.00327
0.00329
0.00331
0.00333
0.00335
0.00337
0.00338
0.00339
0.00341
0.00342
0.00343
0.00344
0.00345
0.00345
0.00346
0.00346
0.00347
0.00347
0.00347
0.00347
0.00347
0.00347
0.00347
0.00347
0.00347
0.00346
0.00346
0.00345
0.00345
0.00344
0.00343
0.00342
0.00341
0.0034
0.00339
0.00338
0.00336
0.00334
0.00333
0.00331
0.00329
0.00327
0.00325
0.00322
0.0032
0.00317
0.00314
0.00311
0.00308
0.00305
0.00302
0.00299
0.00296
0.00292
0.00289
0.00285
0.00282
0.00279
0.00276
0.00272
0.00269
0.00265
0.00262
0.00258
0.00255
0.00251
0.00247
0.00244
0.0024
0.00237
0.00233
0.00229
0.00225
0.00221
0.00217
0.00212
0.00208
0.00203
0.00198
0.00193
0.00188
0.00183
0.00177
0.00171
0.00166
0.0016
0.00154
0.00148
0.00142
0.00135
0.00129
0.00122
0.00116
0.0011
0.00104
0.00097
0.00091
0.00085
0.00079
0.00074
0.00068
0.00063
0.00058
0.00052
0.00047
0.00043
0.00039
0.00034
0.0003
0.00026
0.00023
0.0002
0.00017
0.00014
0.00011
9e-05
7e-05
5e-05
4e-05
2e-05
1e-05
-0.0
-1e-05
-2e-05
-2e-05
-3e-05
-2e-05
-2e-05
-2e-05
-1e-05
-0.0
1e-05
2e-05
4e-05
6e-05
7e-05
0.0001
0.00012
0.00015
0.00017
0.0002
0.00023
0.00026
0.00029
0.00033
0.00036
0.00039
0.00043
0.00046
0.0005
0.00053
0.00056
0.0006
0.00063
0.00066
0.00069
0.00072
0.00074
0.00078
0.0008
0.00082
0.00084
0.00086
0.00088
0.00089
0.00091
0.00092
0.00093
0.00094
0.00094
0.00095
0.00095
0.00096
0.00095
0.00096
0.00095
0.00094
0.00094
0.00093
0.00092
0.00091
0.00089
0.00088
0.00086
0.00084
0.00082
0.0008
0.00077
0.00075
0.00071
0.00069
0.00065
0.00062
0.00058
0.00055
0.00051
0.00047
0.00043
0.00039
0.00034
0.0003
0.00026
0.00022
0.00017
0.00013
8e-05
4e-05
-1e-05
-5e-05
-0.0001
-0.00014
-0.00018
-0.00022
-0.00026
-0.00029
-0.00033
-0.00037
-0.0004
-0.00043
-0.00047
-0.0005
-0.00053
-0.00055
-0.00058
-0.00061
-0.00063
-0.00066
-0.00068
-0.00069
-0.00071
-0.00072
-0.00074
-0.00075
-0.00076
-0.00076
-0.00076
-0.00075
-0.00075
-0.00074
-0.00072
-0.00071
-0.00068
-0.00066
-0.00063
-0.00059
-0.00055
-0.0005
-0.00046
-0.0004
-0.00034
-0.00027
-0.00021
-0.00014
-6e-05
2e-05
0.0001
0.00019
0.00027
0.00036
0.00046
0.00055
0.00065
0.00075
0.00084
0.00095
0.00104
0.00115
0.00124
0.00134
0.00144
0.00154
0.00164
0.00174
0.00183
0.00193
0.00202
0.00212
0.00221
0.00231
0.0024
0.00249
0.00258
0.00267
0.00275
0.00284
0.00292
0.00301
0.00309
0.00318
0.00325
0.00333
0.00341
0.00349
0.00356
0.00363
0.0037
0.00377
0.00383
0.00389
0.00395
0.00401
0.00406
0.00411
0.00416
0.0042
0.00424
0.00428
0.00432
0.00436
0.00439
0.00442
0.00444
0.00447
0.00449
0.00452
0.00454
0.00456
0.00457
0.00459
0.0046
0.00462
0.00463
0.00464
0.00465
0.00466
0.00466
0.00467
0.00467
0.00468
0.00468
0.00468
0.00467
0.00467
0.00466
0.00466
0.00464
0.00463
0.00461
0.00459
0.00456
0.00454
0.00451
0.00448
0.00444
0.0044
0.00435
0.00431
0.00426
0.00422
0.00416
0.00411
0.00405
0.00399
0.00393
0.00387
0.00381
0.00376
0.00369
0.00364
0.00357
0.00352
0.00346
0.00341
0.00335
0.0033
0.00325
0.00321
0.00316
0.00312
0.00308
0.00304
0.00301
0.00297
0.00294
0.00292
0.00289
0.00286
0.00284
0.00282
0.00279
0.00278
0.00276
0.00274
0.00272
0.0027
0.00269
0.00267
0.00265
0.00264
0.00262
0.0026
0.00258
0.00257
0.00255
0.00253
0.0025
0.00249
0.00246
0.00245
0.00242
0.0024
0.00238
0.00235
0.00233
0.00231
0.00229
0.00227
0.00224
0.00223
0.0022
0.00219
0.00216
0.00215
0.00212
0.00211
0.00209
0.00207
0.00205
0.00203
0.00201
0.00199
0.00197
0.00195
0.00193
0.00191
0.00188
0.00186
0.00184
0.00181
0.00178
0.00175
0.00172
0.00169
0.00165
0.00161
0.00157
0.00153
0.00149
0.00145
0.0014
0.00136
0.00131
0.00127
0.00121
0.00116
0.00111
0.00107
0.00101
0.00096
0.00091
0.00086
0.00082
0.00077
0.00072
0.00068
0.00063
0.00059
0.00055
0.00052
0.00047
0.00044
0.0004
0.00037
0.00034
0.0003
0.00027
0.00024
0.00021
0.00018
0.00016
0.00013
0.0001
7e-05
4e-05
2e-05
-1e-05
-4e-05
-8e-05
-0.0001
-0.00013
-0.00017
-0.0002
-0.00023
-0.00026
-0.00029
-0.00033
-0.00036
-0.0004
-0.00042
-0.00046
-0.00048
-0.00052
-0.00054
-0.00058
-0.00059
-0.00062
-0.00064
-0.00066
-0.00068
-0.0007
-0.00071
-0.00072
-0.00072
-0.00073
-0.00072
-0.00072
-0.00071
-0.00071
-0.00069
-0.00068
-0.00066
-0.00064
-0.00061
-0.00059
-0.00056
-0.00052
-0.00049
-0.00045
-0.00041
-0.00037
-0.00032
-0.00028
-0.00023
-0.00019
-0.00013
-9e-05
-3e-05
1e-05
7e-05
0.00012
0.00016
0.00022
0.00027
0.00032
0.00037
0.00042
0.00047
0.00052
0.00057
0.00061
0.00066
0.0007
0.00076
0.0008
0.00084
0.00089
0.00093
0.00097
0.00102
0.00106
0.0011
0.00114
0.00118
0.00122
0.00127
0.00131
0.00135
0.00139
0.00143
0.00147
0.00151
0.00155
0.00159
0.00164
0.00168
0.00172
0.00176
0.0018
0.00184
0.00187
0.00192
0.00195
0.00198
0.00201
0.00205
0.00208
0.00211
0.00214
0.00216
0.00219
0.00221
0.00223
0.00225
0.00226
0.00228
0.00229
0.0023
0.00231
0.00232
0.00232
0.00233
0.00232
0.00232
0.00232
0.00232
0.00232
0.00231
0.00231
0.0023
0.00229
0.00228
0.00227
0.00227
0.00225
0.00224
0.00223
0.00222
0.0022
0.00219
0.00217
0.00215
0.00214
0.00212
0.0021
0.00208
0.00206
0.00204
0.00201
0.00199
0.00196
0.00193
0.0019
0.00188
0.00184
0.00181
0.00178
0.00174
0.00171
0.00167
0.00163
0.0016
0.00155
0.00152
0.00148
0.00144
0.0014
0.00136
0.00131
0.00128
0.00124
0.0012
0.00116
0.00112
0.00108
0.00105
0.00101
0.00098
0.00094
0.00091
0.00088
0.00085
0.00082
0.00079
0.00076
0.00074
0.00071
0.00069
0.00066
0.00064
0.00062
0.0006
0.00058
0.00057
0.00055
0.00054
0.00052
0.00052
0.00051
0.0005
0.00049
0.0005
0.00049
0.0005
0.0005
0.00051
0.00052
0.00053
0.00055
0.00057
0.00058
0.00061
0.00063
0.00067
0.00069
0.00073
0.00076
0.0008
0.00084
0.00088
0.00092
0.00096
0.00101
0.00106
0.0011
0.00116
0.0012
0.00126
0.00131
0.00136
0.00141
0.00147
0.00152
0.00158
0.00164
0.00169
0.00175
0.00181
0.00187
0.00193
0.00199
0.00205
0.00211
0.00217
0.00223
0.0023
0.00236
0.00242
0.00248
0.00255
0.00261
0.00267
0.00273
0.00279
0.00285
0.00291
0.00296
0.00302
0.00307
0.00313
0.00318
0.00323
0.00327
0.00332
0.00336
0.0034
0.00343
0.00347
0.0035
0.00353
0.00356
0.00358
0.00361
0.00363
0.00364
0.00366
0.00368
0.00369
0.0037
0.00371
0.00372
0.00373
0.00373
0.00374
0.00374
0.00374
0.00374
0.00374
0.00374
0.00374
0.00373
0.00372
0.00371
0.0037
0.00369
0.00367
0.00365
0.00363
0.0036
0.00357
0.00354
0.0035
0.00347
0.00343
0.00338
0.00334
0.00328
0.00323
0.00317
0.00312
0.00306
0.003
0.00293
0.00287
0.0028
0.00274
0.00267
0.0026
0.00254
0.00247
0.00241
0.00235
0.00229
0.00223
0.00217
0.00212
0.00206
0.00202
0.00197
0.00193
0.00188
0.00184
0.0018
0.00176
0.00172
0.00169
0.00166
0.00163
0.00159
0.00156
0.00153
0.0015
0.00147
0.00144
0.00141
0.00139
0.00135
0.00133
0.0013
0.00127
0.00124
0.00122
0.00119
0.00117
0.00114
0.00112
0.0011
0.00108
0.00106
0.00105
0.00104
0.00104
0.00103
0.00103
0.00103
0.00103
0.00104
0.00105
0.00107
0.00109
0.0011
0.00113
0.00115
0.00118
0.00121
0.00124
0.00127
0.00131
0.00134
0.00138
0.00141
0.00144
0.00148
0.00152
0.00156
0.0016
0.00163
0.00167
0.0017
0.00174
0.00177
0.00181
0.00184
0.00188
0.00192
0.00196
0.00199
0.00203
0.00207
0.00212
0.00216
0.00221
0.00225
0.0023
0.00235
0.0024
0.00245
0.00251
0.00256
0.00262
0.00268
0.00274
0.00279
0.00285
0.00291
0.00297
0.00303
0.00309
0.00314
0.0032
0.00325
0.0033
0.00334
0.00339
0.00343
0.00347
0.00351
0.00354
0.00356
0.00359
0.00361
0.00363
0.00364
0.00365
0.00365
0.00366
0.00366
0.00365
0.00364
0.00363
0.00361
0.0036
0.00357
0.00355
0.00352
0.00349
0.00345
0.00342
0.00338
0.00334
0.0033
0.00325
0.00321
0.00316
0.0031
0.00306
0.003
0.00295
0.00289
0.00283
0.00277
0.0027
0.00264
0.00258
0.00252
0.00245
0.00238
0.00232
0.00224
0.00218
0.0021
0.00203
0.00196
0.00189
0.00181
0.00174
0.00166
0.00158
0.0015
0.00142
0.00135
0.00127
0.00118
0.0011
0.00102
0.00094
0.00085
0.00077
0.00068
0.0006
0.00051
0.00042
0.00033
0.00024
0.00016
7e-05
-2e-05
-0.00011
-0.0002
-0.00029
-0.00038
-0.00047
-0.00056
-0.00065
-0.00074
-0.00083
-0.00092
-0.00101
-0.0011
-0.00119
-0.00128
-0.00136
-0.00145
-0.00154
-0.00163
-0.00172
-0.00181
-0.00189
-0.00198
-0.00206
-0.00215
-0.00223
-0.00231
-0.00239
-0.00248
-0.00256
-0.00263
-0.0027
-0.00278
-0.00284
-0.00292
-0.00297
-0.00304
-0.00309
-0.00315
-0.0032
-0.00325
-0.00328
-0.00332
-0.00335
-0.00338
-0.00341
-0.00342
-0.00343
-0.00344
-0.00344
-0.00344
-0.00343
-0.00342
-0.0034
-0.00337
-0.00334
-0.00331
-0.00327
-0.00323
-0.00318
-0.00313
-0.00307
-0.00301
-0.00294
-0.00287
-0.00279
-0.00272
-0.00264
-0.00256
-0.00247
-0.00238
-0.00228
-0.00219
-0.00208
-0.00198
-0.00187
-0.00177
-0.00166
-0.00154
-0.00142
-0.0013
-0.00118
-0.00106
-0.00093
-0.0008
-0.00067
-0.00054
-0.0004
-0.00027
-0.00012
1e-05
0.00015
0.00029
0.00043
0.00058
0.00072
0.00087
0.00102
0.00116
0.00131
0.00145
0.0016
0.00174
0.00188
0.00202
0.00217
0.00231
0.00245
0.00259
0.00272
0.00286
0.00299
0.00313
0.00326
0.00338
0.00351
0.00363
0.00376
0.00387
0.00399
0.00409
0.00421
0.00431
0.00441
0.0045
0.00459
0.00468
0.00476
0.00484
0.00492
0.00498
0.00504
0.0051
0.00515
0.00519
0.00523
0.00526
0.00529
0.00531
0.00533
0.00534
0.00534
0.00535
0.00534
0.00533
0.00532
0.0053
0.00528
0.00524
0.00522
0.00518
0.00514
0.0051
0.00506
0.005
0.00495
0.0049
0.00484
0.00479
0.00473
0.00467
0.00461
0.00454
0.00448
0.00441
0.00435
0.00427
0.00421
0.00413
0.00407
0.004
0.00393
0.00386
0.00379
0.00372
0.00365
0.00358
0.00351
0.00344
0.00338
0.00331
0.00325
0.00318
0.00312
0.00305
0.003
0.00293
0.00288
0.00282
0.00277
0.00272
0.00267
0.00262
0.00258
0.00253
0.00249
0.00245
0.00242
0.00238
0.00235
0.00231
0.00228
0.00225
0.00223
0.0022
0.00217
0.00215
0.00213
0.00211
0.00209
0.00206
0.00205
0.00203
0.00201
0.00199
0.00198
0.00196
0.00195
0.00193
0.00191
0.00189
0.00188
0.00186
0.00185
0.00184
0.00182
0.0018
0.00179
0.00178
0.00177
0.00175
0.00174
0.00172
0.00171
0.00169
0.00167
0.00165
0.00163
0.00162
0.0016
0.00158
0.00156
0.00153
0.00151
0.00148
0.00145
0.00142
0.00139
0.00136
0.00133
0.00129
0.00125
0.00121
0.00117
0.00113
0.00109
0.00105
0.001
0.00096
0.00091
0.00086
0.00082
0.00077
0.00073
0.00068
0.00064
0.00059
0.00055
0.0005
0.00046
0.00042
0.00038
0.00034
0.00031
0.00027
0.00025
0.00021
0.00019
0.00016
0.00013
0.00011
9e-05
6e-05
4e-05
2e-05
-0.0
-2e-05
-4e-05
-6e-05
-8e-05
-0.0001
-0.00012
-0.00014
-0.00016
-0.00019
-0.00022
-0.00025
-0.00027
-0.0003
-0.00033
-0.00037
-0.00041
-0.00044
-0.00048
-0.00051
-0.00055
-0.00059
-0.00063
-0.00067
-0.00071
-0.00075
-0.00079
-0.00083
-0.00086
-0.0009
-0.00093
-0.00096
-0.00099
-0.00102
-0.00104
-0.00106
-0.00108
-0.0011
-0.00111
-0.00112
-0.00113
-0.00114
-0.00113
-0.00114
-0.00113
-0.00113
-0.00112
-0.00111
-0.0011
-0.00109
-0.00108
-0.00106
-0.00105
-0.00103
-0.00102
-0.001
-0.00098
-0.00097
-0.00095
-0.00094
-0.00092
-0.00091
-0.0009
-0.00089
-0.00088
-0.00086
-0.00085
-0.00084
-0.00082
-0.00081
-0.0008
-0.00079
-0.00077
-0.00076
-0.00074
-0.00073
-0.00071
-0.00069
-0.00067
-0.00065
-0.00062
-0.0006
-0.00057
-0.00054
-0.0005
-0.00047
-0.00043
-0.0004
-0.00035
-0.00032
-0.00027
-0.00023
-0.00017
-0.00013
-7e-05
-2e-05
3e-05
9e-05
0.00015
0.00021
0.00027
0.00032
0.00039
0.00045
0.00052
0.00058
0.00064
0.0007
0.00077
0.00083
0.0009
0.00096
0.00102
0.00108
0.00114
0.0012
0.00126
0.00131
0.00137
0.00142
0.00148
0.00152
0.00157
0.00161
0.00166
0.0017
0.00173
0.00177
0.0018
0.00183
0.00185
0.00188
0.0019
0.00191
0.00193
0.00193
0.00194
0.00194
0.00195
0.00194
0.00194
0.00193
0.00192
0.00191
0.00189
0.00187
0.00185
0.00182
0.0018
0.00176
0.00173
0.00169
0.00166
0.00161
0.00157
0.00152
0.00148
0.00142
0.00137
0.00131
0.00126
0.0012
0.00114
0.00108
0.00102
0.00096
0.0009
0.00083
0.00077
0.00071
0.00065
0.00058
0.00053
0.00047
0.00042
0.00036
0.00031
0.00026
0.00022
0.00017
0.00014
0.0001
7e-05
3e-05
1e-05
-1e-05
-3e-05
-5e-05
-6e-05
-7e-05
-8e-05
-9e-05
-9e-05
-9e-05
-8e-05
-7e-05
-6e-05
-5e-05
-3e-05
-2e-05
0.0
2e-05
4e-05
7e-05
0.0001
0.00012
0.00016
0.00019
0.00022
0.00026
0.0003
0.00034
0.00039
0.00043
0.00048
0.00053
0.00059
0.00064
0.0007
0.00075
0.00082
0.00087
0.00094
0.001
0.00106
0.00113
0.0012
0.00127
0.00134
0.0014
0.00148
0.00154
0.00161
0.00168
0.00175
0.00181
0.00188
0.00195
0.00201
0.00208
0.00214
0.00221
0.00227
0.00233
0.0024
0.00246
0.00252
0.00258
0.00265
0.00271
0.00277
0.00283
0.0029
0.00296
0.00303
0.0031
0.00316
0.00323
0.0033
0.00337
0.00345
0.00351
0.00359
0.00366
0.00374
0.0038
0.00388
0.00395
0.00402
0.00409
0.00416
0.00422
0.00428
0.00435
0.00441
0.00447
0.00452
0.00457
0.00462
0.00466
0.0047
0.00474
0.00477
0.0048
0.00482
0.00484
0.00486
0.00486
0.00487
0.00487
0.00487
0.00486
0.00485
0.00483
0.00482
0.00479
0.00476
0.00473
0.00469
0.00465
0.00461
0.00455
0.0045
0.00444
0.00438
0.00431
0.00424
0.00417
0.00409
0.004
0.00392
0.00383
0.00374
0.00364
0.00354
0.00343
0.00333
0.00321
0.0031
0.00298
0.00285
0.00273
0.0026
0.00247
0.00234
0.0022
0.00207
0.00193
0.00179
0.00164
0.0015
0.00135
0.00121
0.00106
0.00091
0.00076
0.00061
0.00047
0.00032
0.00017
3e-05
-0.00013
-0.00027
-0.00041
-0.00055
-0.00069
-0.00083
-0.00097
-0.00109
-0.00122
-0.00135
-0.00147
-0.0016
-0.00171
-0.00182
-0.00193
-0.00203
-0.00213
-0.00222
-0.00231
-0.0024
-0.00248
-0.00255
-0.00263
-0.00269
-0.00275
-0.00281
-0.00286
-0.00291
-0.00296
-0.00299
-0.00303
-0.00306
-0.00309
-0.00311
-0.00314
-0.00315
-0.00317
-0.00318
-0.0032
-0.0032
-0.00321
-0.00321
-0.00322
-0.00322
-0.00322
-0.00322
-0.00321
-0.00321
-0.00321
-0.0032
-0.0032
-0.00319
-0.00318
-0.00317
-0.00317
-0.00315
-0.00315
-0.00314
-0.00313
-0.00312
-0.0031
-0.00309
-0.00308
-0.00306
-0.00305
-0.00303
-0.00302
-0.003
-0.00298
-0.00296
-0.00294
-0.00292
-0.0029
-0.00287
-0.00285
-0.00283
-0.0028
-0.00277
-0.00274
-0.00271
-0.00268
-0.00265
-0.00262
-0.00258
-0.00255
-0.00252
-0.00249
-0.00245
-0.00242
-0.00238
-0.00235
-0.00232
-0.00228
-0.00225
-0.00222
-0.00219
-0.00216
-0.00213
-0.00211
-0.00208
-0.00206
-0.00203
-0.00202
-0.00199
-0.00198
-0.00196
-0.00195
-0.00194
-0.00193
-0.00192
-0.00191
-0.0019
-0.0019
-0.00189
-0.00189
-0.00188
-0.00189
-0.00188
-0.00188
-0.00187
-0.00187
-0.00187
-0.00186
-0.00186
-0.00185
-0.00183
-0.00182
-0.00181
-0.0018
-0.00178
-0.00176
-0.00174
-0.00172
-0.00169
-0.00167
-0.00163
-0.00161
-0.00157
-0.00154
-0.00151
-0.00147
-0.00143
-0.0014
-0.00136
-0.00132
-0.00128
-0.00124
-0.0012
-0.00116
-0.00111
-0.00107
-0.00103
-0.00099
-0.00094
-0.0009
-0.00086
-0.00081
-0.00077
-0.00072
-0.00067
-0.00063
-0.00058
-0.00053
-0.00048
-0.00043
-0.00038
-0.00033
-0.00027
-0.00021
-0.00015
-9e-05
-3e-05
3e-05
9e-05
0.00016
0.00023
0.00029
0.00036
0.00043
0.0005
0.00056
0.00064
0.0007
0.00078
0.00084
0.00091
0.00098
0.00105
0.00111
0.00118
0.00125
0.00132
0.00138
0.00145
0.00151
0.00158
0.00164
0.0017
0.00176
0.00183
0.00189
0.00195
0.00202
0.00208
0.00214
0.00221
0.00228
0.00234
0.00241
0.00248
0.00254
0.00261
0.00268
0.00275
0.00281
0.00289
0.00296
0.00303
0.00309
0.00316
0.00323
0.0033
0.00337
0.00343
0.00349
0.00356
0.00362
0.00368
0.00373
0.00379
0.00384
0.00389
0.00394
0.00398
0.00402
0.00406
0.0041
0.00413
0.00417
0.0042
0.00422
0.00425
0.00427
0.0043
0.00431
0.00433
0.00434
0.00436
0.00437
0.00438
0.00439
0.0044
0.00441
0.00441
0.00442
0.00442
0.00442
0.00442
0.00441
0.00441
0.0044
0.0044
0.00438
0.00437
0.00435
0.00433
0.00431
0.00428
0.00425
0.00422
0.00418
0.00415
0.0041
0.00405
0.004
0.00395
0.00388
0.00382
0.00374
0.00368
0.0036
0.00351
0.00342
0.00333
0.00324
0.00314
0.00303
0.00293
0.00281
0.0027
0.00258
0.00246
0.00233
0.0022
0.00207
0.00194
0.0018
0.00167
0.00153
0.00139
0.00125
0.0011
0.00096
0.00082
0.00066
0.00052
0.00037
0.00023
8e-05
-6e-05
-0.00022
-0.00036
-0.00051
-0.00065
-0.0008
-0.00094
-0.00108
-0.00123
-0.00137
-0.00151
-0.00165
-0.00178
-0.00192
-0.00205
-0.00219
-0.00232
-0.00245
-0.00258
-0.00271
-0.00283
-0.00296
-0.00308
-0.0032
-0.00331
-0.00343
-0.00354
-0.00365
-0.00375
-0.00386
-0.00396
-0.00406
-0.00415
-0.00425
-0.00433
-0.00442
-0.0045
-0.00458
-0.00466
-0.00473
-0.00479
-0.00485
-0.00491
-0.00497
-0.00501
-0.00506
-0.0051
-0.00514
-0.00517
-0.0052
-0.00522
-0.00524
-0.00525
-0.00526
-0.00527
-0.00527
-0.00526
-0.00526
-0.00524
-0.00523
-0.00521
-0.00519
-0.00516
-0.00513
-0.00509
-0.00506
-0.00501
-0.00497
-0.00492
-0.00487
-0.00482
-0.00476
-0.0047
-0.00464
-0.00457
-0.0045
-0.00443
-0.00436
-0.00428
-0.0042
-0.00411
-0.00403
-0.00394
-0.00385
-0.00376
-0.00367
-0.00358
-0.00348
-0.00337
-0.00327
-0.00317
-0.00307
-0.00296
-0.00285
-0.00274
-0.00264
-0.00253
-0.00242
-0.00231
-0.0022
-0.00209
-0.00198
-0.00187
-0.00176
-0.00165
-0.00155
-0.00144
-0.00134
-0.00124
-0.00114
-0.00104
-0.00094
-0.00085
-0.00076
-0.00066
-0.00058
-0.00049
-0.00041
-0.00033
-0.00025
-0.00017
-0.0001
-3e-05
4e-05
0.00011
0.00016
0.00023
0.00028
0.00034
0.00039
0.00044
0.00049
0.00053
0.00057
0.00061
0.00065
0.00068
0.00071
0.00075
0.00077
0.00079
0.00081
0.00083
0.00084
0.00086
0.00086
0.00087
0.00087
0.00087
0.00087
0.00086
0.00085
0.00084
0.00082
0.0008
0.00078
0.00075
0.00072
0.00069
0.00065
0.00061
0.00056
0.00052
0.00047
0.00042
0.00036
0.0003
0.00024
0.00018
0.00011
5e-05
-3e-05
-0.0001
-0.00018
-0.00025
-0.00033
-0.0004
-0.00048
-0.00056
-0.00064
-0.00072
-0.0008
-0.00088
-0.00095
-0.00103
-0.0011
-0.00117
-0.00125
-0.00132
-0.00139
-0.00146
-0.00153
-0.00159
-0.00166
-0.00172
-0.00178
-0.00184
-0.0019
-0.00195
-0.00201
-0.00206
-0.00211
-0.00215
-0.00221
-0.00225
-0.00229
-0.00233
-0.00237
-0.00241
-0.00244
-0.00247
-0.0025
-0.00253
-0.00256
-0.00258
-0.00259
-0.00261
-0.00262
-0.00262
-0.00263
-0.00262
-0.00262
-0.00261
-0.00259
-0.00257
-0.00255
-0.00252
-0.00248
-0.00244
-0.0024
-0.00235
-0.0023
-0.00224
-0.00217
-0.0021
-0.00203
-0.00195
-0.00187
-0.00178
-0.00169
-0.0016
-0.0015
-0.00139
-0.00129
-0.00118
-0.00107
-0.00096
-0.00084
-0.00072
-0.0006
-0.00047
-0.00036
-0.00023
-0.0001
3e-05
0.00016
0.00029
0.00042
0.00055
0.00068
0.00081
0.00094
0.00107
0.00119
0.00132
0.00145
0.00157
0.00169
0.00181
0.00192
0.00203
0.00214
0.00225
0.00235
0.00245
0.00254
0.00263
0.00272
0.0028
0.00288
0.00296
0.00303
0.0031
0.00316
0.00322
0.00328
0.00334
0.00338
0.00343
0.00348
0.00352
0.00356
0.0036
0.00364
0.00367
0.00371
0.00374
0.00377
0.0038
0.00383
0.00386
0.00388
0.00391
0.00393
0.00396
0.00397
0.004
0.00401
0.00403
0.00404
0.00405
0.00406
0.00407
0.00407
0.00408
0.00407
0.00407
0.00406
0.00405
0.00403
0.00401
0.00399
0.00397
0.00393
0.0039
0.00387
0.00383
0.00379
0.00375
0.00371
0.00366
0.00361
0.00357
0.00352
0.00347
0.00342
0.00337
0.00331
0.00327
0.00322
0.00317
0.00312
0.00308
0.00303
0.00299
0.00294
0.0029
0.00286
0.00282
0.00278
0.00274
0.0027
0.00266
0.00262
0.00259
0.00255
0.00251
0.00247
0.00243
0.00239
0.00235
0.00231
0.00227
0.00222
0.00218
0.00213
0.00209
0.00204
0.002
0.00195
0.00192
0.00187
0.00183
0.00178
0.00174
0.0017
0.00166
0.00163
0.0016
0.00156
0.00153
0.0015
0.00148
0.00145
0.00144
0.00141
0.0014
0.00139
0.00137
0.00136
0.00135
0.00135
0.00135
0.00135
0.00135
0.00134
0.00134
0.00134
0.00134
0.00134
0.00134
0.00134
0.00134
0.00133
0.00133
0.00132
0.00131
0.0013
0.00129
0.00127
0.00126
0.00124
0.00122
0.00119
0.00117
