3.68156005466039E+02

-0.0052
-0.00511
-0.00501
-0.00492
-0.00481
-0.00471
-0.00461
-0.0045
-0.00439
-0.00428
-0.00417
-0.00406
-0.00394
-0.00383
-0.00371
-0.0036
-0.00347
-0.00336
-0.00323
-0.00311
-0.00298
-0.00286
-0.00273
-0.00261
-0.00248
-0.00234
-0.00221
-0.00208
-0.00194
-0.00181
-0.00167
-0.00153
-0.00139
-0.00125
-0.00111
-0.00098
-0.00083
-0.0007
-0.00056
-0.00042
-0.00029
-0.00016
-2e-05
0.00011
0.00024
0.00035
0.00048
0.0006
0.00071
0.00082
0.00093
0.00103
0.00113
0.00122
0.00131
0.00139
0.00147
0.00154
0.00161
0.00167
0.00173
0.00178
0.00183
0.00187
0.00191
0.00194
0.00197
0.00198
0.00201
0.00202
0.00203
0.00203
0.00203
0.00203
0.00203
0.00202
0.00201
0.00199
0.00198
0.00196
0.00194
0.00191
0.00189
0.00186
0.00184
0.00181
0.00178
0.00175
0.00172
0.00169
0.00166
0.00162
0.00159
0.00155
0.00152
0.00148
0.00145
0.00141
0.00137
0.00133
0.00129
0.00124
0.0012
0.00115
0.0011
0.00105
0.001
0.00095
0.0009
0.00084
0.00079
0.00073
0.00067
0.00061
0.00055
0.00049
0.00043
0.00037
0.00031
0.00025
0.00019
0.00013
7e-05
1e-05
-4e-05
-0.0001
-0.00015
-0.0002
-0.00024
-0.00029
-0.00033
-0.00037
-0.0004
-0.00044
-0.00047
-0.0005
-0.00053
-0.00055
-0.00057
-0.00059
-0.0006
-0.00062
-0.00062
-0.00063
-0.00063
-0.00064
-0.00064
-0.00064
-0.00063
-0.00062
-0.00061
-0.0006
-0.00059
-0.00057
-0.00055
-0.00053
-0.0005
-0.00048
-0.00045
-0.00042
-0.00038
-0.00035
-0.00031
-0.00027
-0.00022
-0.00018
-0.00014
-9e-05
-4e-05
1e-05
7e-05
0.00012
0.00018
0.00024
0.0003
0.00036
0.00042
0.00048
0.00055
0.0006
0.00068
0.00074
0.0008
0.00087
0.00093
0.001
0.00106
0.00113
0.0012
0.00126
0.00132
0.00139
0.00146
0.00152
0.00159
0.00165
0.00172
0.00178
0.00184
0.00191
0.00197
0.00203
0.0021
0.00216
0.00222
0.00227
0.00233
0.00239
0.00245
0.0025
0.00255
0.00259
0.00264
0.00268
0.00273
0.00276
0.0028
0.00283
0.00286
0.00289
0.00292
0.00293
0.00296
0.00297
0.00299
0.00299
0.003
0.00301
0.00302
0.00302
0.00302
0.00301
0.00301
0.00301
0.003
0.00299
0.00299
0.00298
0.00297
0.00296
0.00296
0.00294
0.00294
0.00292
0.00291
0.0029
0.00289
0.00287
0.00286
0.00284
0.00283
0.00281
0.0028
0.00277
0.00275
0.00273
0.00271
0.00268
0.00265
0.00261
0.00259
0.00255
0.00251
0.00247
0.00243
0.00239
0.00235
0.00231
0.00227
0.00222
0.00217
0.00212
0.00208
0.00203
0.00198
0.00193
0.00188
0.00184
0.00179
0.00174
0.00169
0.00165
0.00161
0.00157
0.00153
0.00148
0.00145
0.00141
0.00138
0.00134
0.00131
0.00127
0.00125
0.00122
0.00119
0.00117
0.00114
0.00113
0.00111
0.00109
0.00108
0.00106
0.00105
0.00104
0.00104
0.00103
0.00103
0.00102
0.00103
0.00103
0.00104
0.00105
0.00105
0.00107
0.00108
0.0011
0.00112
0.00113
0.00115
0.00117
0.0012
0.00122
0.00124
0.00126
0.00129
0.00131
0.00133
0.00135
0.00137
0.00139
0.00141
0.00143
0.00145
0.00146
0.00148
0.00149
0.00151
0.00151
0.00153
0.00153
0.00154
0.00154
0.00155
0.00155
0.00155
0.00155
0.00156
0.00156
0.00156
0.00155
0.00155
0.00155
0.00155
0.00154
0.00154
0.00153
0.00153
0.00152
0.00151
0.0015
0.00149
0.00148
0.00147
0.00145
0.00144
0.00142
0.0014
0.00138
0.00136
0.00133
0.00131
0.00128
0.00126
0.00123
0.0012
0.00117
0.00114
0.00111
0.00108
0.00105
0.00102
0.00099
0.00096
0.00094
0.00091
0.00089
0.00087
0.00084
0.00083
0.00081
0.00079
0.00078
0.00076
0.00075
0.00075
0.00074
0.00073
0.00072
0.00072
0.00071
0.00071
0.0007
0.00069
0.00068
0.00068
0.00067
0.00066
0.00065
0.00063
0.00062
0.0006
0.00058
0.00056
0.00054
0.00052
0.00049
0.00047
0.00044
0.00042
0.00038
0.00036
0.00033
0.0003
0.00027
0.00024
0.00022
0.00019
0.00017
0.00015
0.00012
0.0001
7e-05
6e-05
3e-05
2e-05
-1e-05
-2e-05
-4e-05
-6e-05
-7e-05
-9e-05
-0.00011
-0.00012
-0.00014
-0.00015
-0.00018
-0.00019
-0.00021
-0.00023
-0.00025
-0.00028
-0.0003
-0.00032
-0.00035
-0.00037
-0.0004
-0.00043
-0.00046
-0.00049
-0.00052
-0.00055
-0.00059
-0.00061
-0.00065
-0.00068
-0.00071
-0.00074
-0.00078
-0.00081
-0.00085
-0.00088
-0.00091
-0.00095
-0.00098
-0.00101
-0.00105
-0.00108
-0.00112
-0.00115
-0.00118
-0.00121
-0.00125
-0.00127
-0.00131
-0.00134
-0.00137
-0.00139
-0.00142
-0.00145
-0.00147
-0.0015
-0.00152
-0.00154
-0.00156
-0.00158
-0.0016
-0.00161
-0.00163
-0.00164
-0.00165
-0.00166
-0.00167
-0.00167
-0.00168
-0.00169
-0.00169
-0.00169
-0.0017
-0.0017
-0.00171
-0.00171
-0.00171
-0.00171
-0.00172
-0.00173
-0.00174
-0.00174
-0.00175
-0.00176
-0.00178
-0.00179
-0.00181
-0.00182
-0.00184
-0.00185
-0.00188
-0.00189
-0.00192
-0.00194
-0.00196
-0.00198
-0.00201
-0.00203
-0.00205
-0.00208
-0.0021
-0.00213
-0.00215
-0.00217
-0.00219
-0.00221
-0.00223
-0.00225
-0.00227
-0.00229
-0.00231
-0.00232
-0.00234
-0.00235
-0.00237
-0.00239
-0.0024
-0.00242
-0.00243
-0.00244
-0.00245
-0.00246
-0.00247
-0.00248
-0.00249
-0.00249
-0.0025
-0.0025
-0.0025
-0.0025
-0.0025
-0.0025
-0.00249
-0.00249
-0.00248
-0.00246
-0.00245
-0.00243
-0.00241
-0.00238
-0.00236
-0.00233
-0.0023
-0.00226
-0.00223
-0.00218
-0.00214
-0.0021
-0.00205
-0.002
-0.00195
-0.00189
-0.00183
-0.00177
-0.00171
-0.00164
-0.00158
-0.00151
-0.00144
-0.00137
-0.0013
-0.00122
-0.00114
-0.00107
-0.00099
-0.00091
-0.00082
-0.00074
-0.00065
-0.00056
-0.00048
-0.00039
-0.0003
-0.00021
-0.00012
-3e-05
6e-05
0.00016
0.00025
0.00035
0.00044
0.00054
0.00064
0.00073
0.00083
0.00093
0.00102
0.00111
0.0012
0.0013
0.00139
0.00148
0.00157
0.00166
0.00175
0.00183
0.00191
0.00199
0.00207
0.00215
0.00223
0.00231
0.00237
0.00245
0.00251
0.00258
0.00264
0.0027
0.00276
0.00282
0.00287
0.00292
0.00296
0.003
0.00305
0.00308
0.00312
0.00315
0.00318
0.00321
0.00322
0.00325
0.00325
0.00327
0.00327
0.00328
0.00327
0.00327
0.00326
0.00325
0.00323
0.00321
0.00319
0.00316
0.00313
0.0031
0.00306
0.00303
0.00298
0.00294
0.00288
0.00284
0.00278
0.00272
0.00266
0.0026
0.00254
0.00247
0.0024
0.00233
0.00226
0.00219
0.00211
0.00204
0.00195
0.00187
0.00179
0.00171
0.00162
0.00153
0.00145
0.00136
0.00127
0.00118
0.00109
0.00101
0.00091
0.00083
0.00074
0.00065
0.00056
0.00048
0.00039
0.0003
0.00022
0.00014
6e-05
-2e-05
-9e-05
-0.00016
-0.00023
-0.0003
-0.00037
-0.00042
-0.00048
-0.00053
-0.00058
-0.00063
-0.00067
-0.00071
-0.00075
-0.00078
-0.00081
-0.00084
-0.00086
-0.00087
-0.00089
-0.0009
-0.00091
-0.00091
-0.00091
-0.00091
-0.00091
-0.0009
-0.00089
-0.00087
-0.00085
-0.00084
-0.00082
-0.00079
-0.00076
-0.00074
-0.00071
-0.00067
-0.00064
-0.0006
-0.00056
-0.00052
-0.00048
-0.00044
-0.0004
-0.00036
-0.00032
-0.00028
-0.00023
-0.00019
-0.00015
-0.0001
-6e-05
-2e-05
2e-05
6e-05
0.0001
0.00014
0.00017
0.00021
0.00023
0.00027
0.0003
0.00032
0.00034
0.00037
0.00039
0.00041
0.00043
0.00045
0.00047
0.00049
0.0005
0.00051
0.00052
0.00054
0.00055
0.00056
0.00057
0.00058
0.00059
0.0006
0.00061
0.00062
0.00064
0.00065
0.00066
0.00068
0.00069
0.00071
0.00073
0.00074
0.00076
0.00078
0.00081
0.00083
0.00086
0.00089
0.00093
0.00096
0.00101
0.00105
0.0011
0.00117
0.00122
0.0013
0.00138
0.00146
0.00156
0.00167
0.00179
0.00191
0.00206
0.00221
0.00238
0.00257
0.00277
0.003
0.00324
0.0035
0.00377
0.00408
0.0044
0.00474
0.0051
0.0055
0.00591
0.00634
0.00681
0.00729
0.0078
0.00834
0.00889
0.00948
0.01008
0.01071
0.01136
0.01204
0.01274
0.01346
0.0142
0.01496
0.01575
0.01655
0.01737
0.01822
0.01908
0.01997
0.02086
0.02179
0.02273
0.02368
0.02465
0.02565
0.02666
0.02768
0.02873
0.02979
0.03087
0.03197
0.03308
0.03421
0.03536
0.03652
0.0377
0.03889
0.0401
0.04132
0.04255
0.0438
0.04506
0.04632
0.0476
0.04888
0.05018
0.05147
0.05277
0.05407
0.05538
0.05669
0.05799
0.05929
0.0606
0.06189
0.06318
0.06446
0.06574
0.067
0.06827
0.06952
0.07076
0.07199
0.07321
0.07442
0.07561
0.0768
0.07797
0.07913
0.08028
0.08142
0.08254
0.08365
0.08476
0.08584
0.08691
0.08797
0.08902
0.09004
0.09105
0.09204
0.09302
0.09397
0.0949
0.09581
0.09669
0.09755
0.09838
0.09918
0.09995
0.10069
0.10139
0.10206
0.1027
0.10329
0.10385
0.10437
0.10484
0.10528
0.10567
0.10603
0.10635
0.10662
0.10686
0.10706
0.10721
0.10721
0.10721
0.10721
0.10721
0.10721
0.10721
0.10721
0.10721
0.10721
0.10721
0.10721
0.10721
0.10721
0.10713
0.10706
0.10699
0.10692
0.10687
0.10682
0.10679
0.10676
0.10675
0.10675
0.10675
0.10677
0.1068
0.10684
0.10688
0.10693
0.10699
0.10704
0.1071
0.10715
0.10721
0.10721
0.10721
0.10721
0.10721
0.10721
0.10721
0.10721
0.10719
0.1071
0.10699
0.10685
0.10669
0.1065
0.10629
0.10605
0.10578
0.10548
0.10516
0.10482
0.10444
0.10405
0.10363
0.10319
0.10273
0.10225
0.10176
0.10125
0.10073
0.10019
0.09965
0.0991
0.09854
0.09797
0.0974
0.09683
0.09625
0.09567
0.09509
0.09451
0.09393
0.09335
0.09277
0.09219
0.09162
0.09104
0.09047
0.0899
0.08934
0.08877
0.0882
0.08764
0.08708
0.08652
0.08595
0.08539
0.08483
0.08427
0.08371
0.08315
0.08259
0.08203
0.08147
0.08092
0.08037
0.07981
0.07926
0.07871
0.07816
0.07761
0.07706
0.07652
0.07598
0.07544
0.0749
0.07437
0.07384
0.07331
0.07278
0.07226
0.07174
0.07122
0.0707
0.07019
0.06968
0.06917
0.06865
0.06815
0.06764
0.06713
0.06662
0.0661
0.0656
0.06508
0.06457
0.06406
0.06356
0.06304
0.06252
0.06201
0.06149
0.06098
0.06046
0.05994
0.05942
0.05891
0.05839
0.05787
0.05736
0.05684
0.05632
0.05581
0.05531
0.05479
0.05429
0.05379
0.05328
0.05279
0.05229
0.05179
0.05131
0.05082
0.05033
0.04985
0.04938
0.0489
0.04843
0.04797
0.0475
0.04704
0.04658
0.04613
0.04568
0.04524
0.04479
0.04435
0.04392
0.04349
0.04306
0.04264
0.04222
0.0418
0.04139
0.04099
0.04059
0.0402
0.03981
0.03943
0.03905
0.03868
0.03831
0.03795
0.0376
0.03725
0.03691
0.03657
0.03625
0.03592
0.0356
0.03529
0.03498
0.03468
0.03439
0.0341
0.03382
0.03354
0.03326
0.03299
0.03273
0.03247
0.03221
0.03197
0.03172
0.03148
0.03124
0.03101
0.03078
0.03055
0.03033
0.03011
0.0299
0.02968
0.02948
0.02927
0.02907
0.02888
0.02868
0.02849
0.02831
0.02812
0.02794
0.02776
0.02759
0.02741
0.02724
0.02708
0.02691
0.02675
0.02659
0.02643
0.02628
0.02612
0.02597
0.02582
0.02567
0.02553
0.02538
0.02524
0.0251
0.02496
0.02483
0.0247
0.02456
0.02443
0.02431
0.02418
0.02406
0.02394
0.02382
0.02371
0.0236
0.02349
0.02337
0.02327
0.02316
0.02306
0.02295
0.02285
0.02275
0.02265
0.02255
0.02245
0.02235
0.02225
0.02215
0.02205
0.02195
0.02185
0.02174
0.02164
0.02153
0.02143
0.02132
0.02121
0.0211
0.02099
0.02088
0.02077
0.02065
0.02054
0.02042
0.02031
0.02019
0.02008
0.01996
0.01985
0.01973
0.01962
0.01951
0.0194
0.01929
0.01918
0.01908
0.01898
0.01888
0.01878
0.01868
0.01858
0.01849
0.0184
0.0183
0.01822
0.01813
0.01804
0.01795
0.01787
0.01778
0.0177
0.01761
0.01753
0.01744
0.01736
0.01727
0.01719
0.0171
0.01701
0.01692
0.01684
0.01674
0.01665
0.01656
0.01647
0.01637
0.01628
0.01618
0.01609
0.01599
0.0159
0.0158
0.0157
0.01561
0.01552
0.01542
0.01532
0.01523
0.01513
0.01504
0.01495
0.01486
0.01477
0.01468
0.01459
0.0145
0.01442
0.01433
0.01425
0.01416
0.01408
0.014
0.01392
0.01384
0.01376
0.01368
0.0136
0.01352
0.01344
0.01336
0.01328
0.0132
0.01312
0.01303
0.01295
0.01286
0.01278
0.01268
0.0126
0.0125
0.01241
0.01231
0.01221
0.01211
0.012
0.0119
0.01179
0.01168
0.01156
0.01144
0.01132
0.0112
0.01107
0.01094
0.01081
0.01067
0.01054
0.0104
0.01026
0.01011
0.00996
0.00982
0.00967
0.00952
0.00937
0.00921
0.00905
0.00889
0.00874
0.00858
0.00842
0.00825
0.0081
0.00793
0.00777
0.00761
0.00745
0.0073
0.00714
0.00699
0.00683
0.00668
0.00653
0.00638
0.00624
0.00609
0.00596
0.00582
0.00569
0.00556
0.00544
0.00532
0.0052
0.00509
0.00499
0.00488
0.00479
0.00469
0.0046
0.00452
0.00444
0.00435
0.00428
0.00421
0.00414
0.00407
0.00401
0.00394
0.00388
0.00382
0.00377
0.00371
0.00366
0.0036
0.00355
0.00349
0.00344
0.00338
0.00333
0.00327
0.00322
0.00317
0.00312
0.00307
0.00301
0.00297
0.00292
0.00288
0.00284
0.0028
0.00277
0.00274
0.00271
0.00269
0.00268
0.00266
0.00266
0.00266
0.00266
0.00267
0.00269
0.00271
0.00274
0.00278
0.00282
0.00285
0.00291
0.00295
0.00301
0.00307
0.00313
0.00318
0.00325
0.00331
0.00337
0.00343
0.00348
0.00354
0.00359
0.00364
0.00369
0.00372
0.00376
0.00379
0.00382
0.00383
0.00385
0.00385
0.00385
0.00385
0.00384
0.00382
0.0038
0.00378
0.00375
0.00371
0.00368
0.00363
0.00359
0.00354
0.00349
0.00344
0.00339
0.00333
0.00328
0.00322
0.00316
0.0031
0.00304
0.00298
0.00292
0.00286
0.00281
0.00274
0.00269
0.00263
0.00257
0.00251
0.00245
0.00239
0.00233
0.00227
0.00221
0.00215
0.00209
0.00203
0.00197
0.0019
0.00184
0.00177
0.00171
0.00164
0.00158
0.00151
0.00144
0.00137
0.00131
0.00124
0.00117
0.0011
0.00103
0.00097
0.0009
0.00083
0.00077
0.0007
0.00064
0.00057
0.00052
0.00045
0.00039
0.00033
0.00028
0.00022
0.00016
0.00011
5e-05
0.0
-5e-05
-9e-05
-0.00014
-0.00019
-0.00023
-0.00028
-0.00032
-0.00037
-0.00041
-0.00045
-0.00048
-0.00053
-0.00057
-0.0006
-0.00064
-0.00068
-0.00072
-0.00075
-0.00079
-0.00083
-0.00086
-0.0009
-0.00093
-0.00097
-0.001
-0.00104
-0.00107
-0.00111
-0.00114
-0.00117
-0.00121
-0.00124
-0.00127
-0.00129
-0.00132
-0.00135
-0.00137
-0.0014
-0.00142
-0.00144
-0.00145
-0.00147
-0.00147
-0.00148
-0.00149
-0.00149
-0.00149
-0.00148
-0.00147
-0.00145
-0.00143
-0.00142
-0.00138
-0.00136
-0.00132
-0.00128
-0.00123
-0.00119
-0.00113
-0.00108
-0.00102
-0.00096
-0.00089
-0.00082
-0.00074
-0.00067
-0.00059
-0.00051
-0.00042
-0.00034
-0.00025
-0.00017
-8e-05
0.0
9e-05
0.00018
0.00026
0.00035
0.00043
0.00052
0.0006
0.00069
0.00077
0.00084
0.00093
0.001
0.00108
0.00115
0.00123
0.0013
0.00138
0.00144
0.00151
0.00158
0.00165
0.00172
0.00179
0.00186
0.00193
0.002
0.00207
0.00214
0.00221
0.00228
0.00235
0.00242
0.00249
0.00256
0.00263
0.0027
0.00277
0.00284
0.00291
0.00298
0.00305
0.00311
0.00318
0.00324
0.0033
0.00336
0.00342
0.00347
0.00352
0.00357
0.00362
0.00366
0.0037
0.00375
0.00378
0.00382
0.00385
0.00387
0.00391
0.00393
0.00395
0.00397
0.00399
0.004
0.00401
0.00402
0.00403
0.00404
0.00404
0.00405
0.00405
0.00405
0.00405
0.00405
0.00405
0.00405
0.00405
0.00404
0.00404
0.00403
0.00404
0.00403
0.00403
0.00402
0.00402
0.00401
0.00401
0.00401
0.00401
0.004
0.00401
0.004
0.00401
0.004
0.00401
0.00401
0.00401
0.00401
0.00401
0.00401
0.00402
0.00402
0.00402
0.00402
0.00403
0.00402
0.00403
0.00403
0.00403
0.00402
0.00402
0.00401
0.00401
0.004
0.004
0.00399
0.00398
0.00397
0.00396
0.00394
0.00393
0.00391
0.0039
0.00388
0.00387
0.00385
0.00383
0.00381
0.0038
0.00378
0.00376
0.00374
0.00371
0.0037
0.00368
0.00366
0.00364
0.00362
0.0036
0.00358
0.00356
0.00353
0.00352
0.00349
0.00347
0.00345
0.00342
0.0034
0.00337
0.00334
0.00332
0.00329
0.00327
0.00323
0.00321
0.00317
0.00314
0.00311
0.00308
0.00304
0.00302
0.00298
0.00295
0.00291
0.00288
0.00285
0.00282
0.00279
0.00276
0.00272
0.00269
0.00266
0.00263
0.0026
0.00257
0.00254
0.00251
0.00248
0.00245
0.00242
0.00239
0.00236
0.00232
0.00229
0.00226
0.00222
0.00219
0.00215
0.00211
0.00207
0.00203
0.00199
0.00195
0.00191
0.00186
0.00182
0.00177
0.00173
0.00169
0.00165
0.00161
0.00156
0.00152
0.00148
0.00144
0.0014
0.00136
0.00133
0.0013
0.00126
0.00123
0.0012
0.00118
0.00115
0.00113
0.00111
0.0011
0.00108
0.00107
0.00105
0.00105
0.00104
0.00104
0.00103
0.00104
0.00104
0.00105
0.00105
0.00107
0.00108
0.0011
0.00112
0.00115
0.00117
0.0012
0.00123
0.00127
0.00131
0.00135
0.00139
0.00144
0.00149
0.00154
0.00159
0.00164
0.00169
0.00175
0.0018
0.00186
0.00191
0.00197
0.00202
0.00207
0.00212
0.00217
0.00221
0.00226
0.00229
0.00233
0.00236
0.00239
0.00242
0.00244
0.00246
0.00248
0.00248
0.0025
0.0025
0.0025
0.0025
0.0025
0.00248
0.00248
0.00246
0.00245
0.00243
0.00241
0.00239
0.00237
0.00234
0.00232
0.00229
0.00227
0.00224
0.00221
0.00218
0.00216
0.00213
0.00211
0.00208
0.00205
0.00202
0.00199
0.00197
0.00195
0.00192
0.0019
0.00188
0.00186
0.00184
0.00182
0.0018
0.00179
0.00177
0.00176
0.00174
0.00173
0.00173
0.00172
0.00171
0.00171
0.00171
0.00172
0.00172
0.00173
0.00174
0.00175
0.00176
0.00177
0.00179
0.00181
0.00182
0.00184
0.00186
0.00188
0.0019
0.00192
0.00194
0.00197
0.00198
0.00201
0.00202
0.00204
0.00205
0.00207
0.00208
0.0021
0.0021
0.00211
0.00212
0.00212
0.00213
0.00213
0.00213
0.00213
0.00212
0.00212
0.00211
0.0021
0.00209
0.00208
0.00206
0.00205
0.00203
0.00202
0.002
0.00197
0.00195
0.00193
0.0019
0.00188
0.00184
0.00182
0.00178
0.00175
0.0017
0.00166
0.00161
0.00157
0.00152
0.00146
0.0014
0.00133
0.00127
0.0012
0.00113
0.00105
0.00097
0.00089
0.00079
0.00071
0.00061
0.00051
0.00041
0.00031
0.00021
0.0001
-1e-05
-0.00012
-0.00023
-0.00034
-0.00045
-0.00056
-0.00068
-0.00079
-0.0009
-0.00101
-0.00112
-0.00123
-0.00134
-0.00144
-0.00154
-0.00164
-0.00174
-0.00184
-0.00194
-0.00203
-0.00212
-0.00221
-0.00231
-0.00239
-0.00248
-0.00255
-0.00264
-0.00272
-0.0028
-0.00287
-0.00294
-0.00302
-0.00309
-0.00316
-0.00322
-0.00328
-0.00334
-0.0034
-0.00346
-0.00351
-0.00356
-0.0036
-0.00365
-0.00368
-0.00372
-0.00374
-0.00377
-0.00379
-0.0038
-0.00381
-0.00381
-0.00381
-0.0038
-0.00379
-0.00377
-0.00374
-0.00372
-0.00368
-0.00364
-0.00359
-0.00354
-0.00348
-0.00342
-0.00335
-0.00328
-0.00321
-0.00313
-0.00304
-0.00295
-0.00286
-0.00278
-0.00268
-0.00258
-0.00248
-0.00238
-0.00227
-0.00217
-0.00206
-0.00196
-0.00185
-0.00174
-0.00163
-0.00151
-0.0014
-0.00128
-0.00116
-0.00105
-0.00093
-0.00081
-0.00068
-0.00056
-0.00043
-0.00031
-0.00018
-5e-05
8e-05
0.00021
0.00034
0.00048
0.00061
0.00075
0.00089
0.00102
0.00116
0.0013
0.00144
0.00157
0.00171
0.00184
0.00197
0.0021
0.00223
0.00235
0.00247
0.00259
0.00271
0.00282
0.00294
0.00304
0.00314
0.00324
0.00334
0.00343
0.00352
0.0036
0.00368
0.00375
0.00383
0.0039
0.00396
0.00403
0.00409
0.00415
0.00421
0.00426
0.00431
0.00436
0.00441
0.00445
0.0045
0.00454
0.00458
0.00462
0.00466
0.0047
0.00473
0.00477
0.0048
0.00483
0.00486
0.00488
0.00491
0.00493
0.00496
0.00497
0.00499
0.005
0.00502
0.00502
0.00502
0.00502
0.00502
0.00502
0.00501
0.00499
0.00498
0.00496
0.00494
0.00491
0.00488
0.00484
0.00481
0.00477
0.00473
0.00468
0.00463
0.00458
0.00453
0.00447
0.00441
0.00435
0.0043
0.00422
0.00416
0.00409
0.00403
0.00396
0.00389
0.00382
0.00375
0.00367
0.0036
0.00353
0.00345
0.00338
0.00331
0.00324
0.00317
0.00309
0.00303
0.00296
0.00289
0.00282
0.00276
0.00269
0.00263
0.00257
0.00251
0.00245
0.00239
0.00233
0.00228
0.00223
0.00218
0.00213
0.00208
0.00203
0.00199
0.00195
0.00191
0.00186
0.00183
0.00178
0.00175
0.00171
0.00167
0.00163
0.0016
0.00156
0.00152
0.00148
0.00144
0.0014
0.00137
0.00132
0.00128
0.00124
0.0012
0.00115
0.0011
0.00105
0.001
0.00095
0.0009
0.00084
0.00079
0.00073
0.00067
0.0006
0.00055
0.00047
0.00041
0.00034
0.00027
0.0002
0.00013
5e-05
-3e-05
-0.0001
-0.00018
-0.00025
-0.00033
-0.00042
-0.00049
-0.00058
-0.00065
-0.00074
-0.00082
-0.0009
-0.00098
-0.00106
-0.00115
-0.00123
-0.00131
-0.00139
-0.00147
-0.00155
-0.00163
-0.00171
-0.00178
-0.00187
-0.00194
-0.00202
-0.0021
-0.00218
-0.00225
-0.00233
-0.00241
-0.00248
-0.00256
-0.00264
-0.00271
-0.00279
-0.00286
-0.00294
-0.00301
-0.00309
-0.00316
-0.00323
-0.00331
-0.00338
-0.00345
-0.00352
-0.00359
-0.00366
-0.00372
-0.00378
-0.00385
-0.0039
-0.00396
-0.00402
-0.00407
-0.00412
-0.00416
-0.0042
-0.00424
-0.00428
-0.00431
-0.00434
-0.00436
-0.00438
-0.0044
-0.00441
-0.00442
-0.00443
-0.00442
-0.00443
-0.00442
-0.00441
-0.00439
-0.00438
-0.00436
-0.00434
-0.00431
-0.00429
-0.00426
-0.00422
-0.00419
-0.00415
-0.00411
-0.00407
-0.00402
-0.00398
-0.00392
-0.00387
-0.00381
-0.00376
-0.0037
-0.00364
-0.00357
-0.0035
-0.00343
-0.00336
-0.00329
-0.00321
-0.00313
-0.00305
-0.00296
-0.00287
-0.00278
-0.00269
-0.00259
-0.00249
-0.00239
-0.00229
-0.00218
-0.00208
-0.00197
-0.00186
-0.00176
-0.00164
-0.00153
-0.00142
-0.0013
-0.0012
-0.00108
-0.00097
-0.00085
-0.00075
-0.00063
-0.00053
-0.00042
-0.00032
-0.00021
-0.00011
-1e-05
9e-05
0.00018
0.00028
0.00037
0.00045
0.00054
0.00062
0.0007
0.00077
0.00085
0.00091
0.00098
0.00104
0.0011
0.00115
0.0012
0.00124
0.00129
0.00132
0.00135
0.00138
0.0014
0.00142
0.00144
0.00144
0.00145
0.00144
0.00144
0.00143
0.00141
0.0014
0.00137
0.00135
0.00132
0.00129
0.00126
0.00121
0.00118
0.00113
0.00109
0.00104
0.001
0.00095
0.00091
0.00086
0.00081
0.00076
0.00071
0.00066
0.00061
0.00057
0.00052
0.00047
0.00043
0.00038
0.00034
0.00029
0.00025
0.0002
0.00016
0.00012
7e-05
3e-05
-2e-05
-7e-05
-0.00011
-0.00016
-0.0002
-0.00026
-0.0003
-0.00036
-0.0004
-0.00046
-0.0005
-0.00056
-0.0006
-0.00066
-0.00071
-0.00076
-0.0008
-0.00085
-0.00089
-0.00093
-0.00097
-0.00101
-0.00104
-0.00107
-0.0011
-0.00113
-0.00115
-0.00117
-0.00117
-0.00119
-0.00119
-0.0012
-0.0012
-0.00119
-0.00118
-0.00117
-0.00115
-0.00114
-0.00112
-0.00109
-0.00106
-0.00104
-0.00101
-0.00098
-0.00094
-0.0009
-0.00087
-0.00083
-0.00079
-0.00075
-0.0007
-0.00066
-0.00061
-0.00058
-0.00053
-0.00048
-0.00043
-0.00039
-0.00034
-0.00029
-0.00023
-0.00018
-0.00013
-8e-05
-2e-05
4e-05
0.0001
0.00016
0.00023
0.00029
0.00036
0.00043
0.0005
0.00057
0.00065
0.00072
0.00081
0.00089
0.00097
0.00106
0.00115
0.00124
0.00133
0.00143
0.00153
0.00162
0.00173
0.00183
0.00193
0.00203
0.00214
0.00225
0.00236
0.00247
0.00258
0.00269
0.0028
0.00292
0.00303
0.00315
0.00326
0.00337
0.00349
0.0036
0.00372
0.00383
0.00395
0.00405
0.00417
0.00428
0.00439
0.00449
0.0046
0.00471
0.00481
0.00491
0.00501
0.0051
0.0052
0.00529
0.00539
0.00547
0.00556
0.00564
0.00573
0.0058
0.00588
0.00594
0.00601
0.00608
0.00614
0.0062
0.00625
0.0063
0.00635
0.00639
0.00643
0.00646
0.00649
0.00652
0.00654
0.00656
0.00657
0.00657
0.00658
0.00657
0.00657
0.00656
0.00654
0.00652
0.0065
0.00646
0.00643
0.00639
0.00634
0.00629
0.00625
0.00618
0.00612
0.00606
0.00599
0.00591
0.00584
0.00575
0.00567
0.00558
0.00549
0.00539
0.00529
0.00518
0.00508
0.00497
0.00486
0.00474
0.00462
0.0045
0.00437
0.00425
0.00412
0.00399
0.00386
0.00372
0.00359
0.00344
0.00331
0.00316
0.00303
0.00288
0.00275
0.0026
0.00246
0.00232
0.00218
0.00204
0.00191
0.00178
0.00165
0.00152
0.0014
0.00127
0.00116
0.00105
0.00094
0.00083
0.00074
0.00064
0.00055
0.00047
0.00039
0.00032
0.00025
0.00019
0.00013
8e-05
4e-05
-1e-05
-4e-05
-7e-05
-9e-05
-0.00012
-0.00013
-0.00014
-0.00015
-0.00015
-0.00014
-0.00014
-0.00012
-0.00011
-8e-05
-7e-05
-3e-05
-1e-05
3e-05
6e-05
0.00011
0.00015
0.0002
0.00024
0.00029
0.00034
0.0004
0.00046
0.00052
0.00058
0.00064
0.0007
0.00077
0.00083
0.0009
0.00096
0.00103
0.00109
0.00115
0.00121
0.00127
0.00133
0.00139
0.00145
0.0015
0.00155
0.00161
0.00165
0.00169
0.00173
0.00177
0.0018
0.00183
0.00185
0.00188
0.00189
0.0019
0.00191
0.00192
0.00192
0.00192
0.00192
0.00191
0.0019
0.00189
0.00187
0.00186
0.00183
0.00181
0.00178
0.00176
0.00173
0.0017
0.00167
0.00163
0.0016
0.00157
0.00153
0.0015
0.00146
0.00142
0.00138
0.00135
0.00131
0.00127
0.00123
0.00119
0.00115
0.00111
0.00107
0.00103
0.00099
0.00095
0.00091
0.00088
0.00083
0.00079
0.00075
0.00071
0.00067
0.00063
0.00059
0.00055
0.00051
0.00047
0.00043
0.00038
0.00034
0.00031
0.00027
0.00023
0.00018
0.00015
0.00011
7e-05
3e-05
-0.0
-4e-05
-7e-05
-0.00011
-0.00014
-0.00018
-0.00021
-0.00023
-0.00026
-0.00029
-0.00031
-0.00034
-0.00035
-0.00037
-0.00038
-0.0004
-0.00041
-0.00042
-0.00042
-0.00042
-0.00042
-0.00041
-0.00041
-0.0004
-0.00038
-0.00036
-0.00034
-0.00032
-0.00029
-0.00026
-0.00023
-0.0002
-0.00016
-0.00012
-8e-05
-4e-05
1e-05
5e-05
0.0001
0.00014
0.00019
0.00024
0.00029
0.00033
0.00038
0.00043
0.00048
0.00052
0.00057
0.00061
0.00066
0.0007
0.00075
0.00079
0.00083
0.00088
0.00092
0.00096
0.00101
0.00105
0.0011
0.00114
0.00119
0.00123
0.00128
0.00132
0.00138
0.00142
0.00147
0.00152
0.00157
0.00163
0.00168
0.00173
0.00179
0.00183
0.00189
0.00193
0.00199
0.00203
0.00208
0.00212
0.00217
0.0022
0.00224
0.00227
0.0023
0.00233
0.00236
0.00238
0.0024
0.00241
0.00243
0.00243
0.00245
0.00245
0.00245
0.00245
0.00245
0.00244
0.00244
0.00243
0.00242
0.00241
0.0024
0.00239
0.00238
0.00236
0.00235
0.00234
0.00233
0.00231
0.0023
0.00229
0.00228
0.00227
0.00226
0.00224
0.00223
0.00222
0.0022
0.00219
0.00218
0.00215
0.00214
0.00212
0.0021
0.00207
0.00205
0.00202
0.002
0.00197
0.00194
0.00191
0.00187
0.00184
0.00181
0.00177
0.00174
0.0017
0.00166
0.00162
0.00159
0.00155
0.00152
0.00148
0.00145
0.00141
0.00138
0.00134
0.00131
0.00128
0.00125
0.00122
0.0012
0.00117
0.00114
0.00112
0.0011
0.00107
0.00105
0.00102
0.001
0.00097
0.00095
0.00092
0.0009
0.00087
0.00084
0.00082
0.00079
0.00075
0.00073
0.00069
0.00066
0.00062
0.00059
0.00055
0.00052
0.00048
0.00044
0.00041
0.00037
0.00033
0.0003
0.00026
0.00023
0.00019
0.00016
0.00012
0.0001
6e-05
4e-05
0.0
-2e-05
-5e-05
-7e-05
-0.0001
-0.00013
-0.00015
-0.00017
-0.00019
-0.00022
-0.00025
-0.00027
-0.00029
-0.00031
-0.00034
-0.00037
-0.0004
-0.00042
-0.00045
-0.00047
-0.0005
-0.00053
-0.00056
-0.00059
-0.00062
-0.00064
-0.00068
-0.0007
-0.00073
-0.00075
-0.00078
-0.0008
-0.00083
-0.00084
-0.00086
-0.00088
-0.00089
-0.0009
-0.00091
-0.00091
-0.00091
-0.0009
-0.00091
-0.00089
-0.00089
-0.00087
-0.00085
-0.00083
-0.00081
-0.00079
-0.00076
-0.00073
-0.0007
-0.00067
-0.00064
-0.0006
-0.00056
-0.00052
-0.00049
-0.00044
-0.0004
-0.00036
-0.00032
-0.00027
-0.00023
-0.00018
-0.00014
-9e-05
-5e-05
-1e-05
4e-05
9e-05
0.00014
0.00019
0.00023
0.00028
0.00033
0.00038
0.00042
0.00047
0.00051
0.00056
0.00061
0.00065
0.00069
0.00074
0.00078
0.00082
0.00086
0.0009
0.00093
0.00097
0.001
0.00104
0.00107
0.0011
0.00112
0.00115
0.00117
0.0012
0.00122
0.00123
0.00125
0.00127
0.00129
0.00131
0.00131
0.00133
0.00134
0.00136
0.00137
0.00138
0.00139
0.0014
0.00141
0.00142
0.00143
0.00144
0.00145
0.00146
0.00146
0.00147
0.00147
0.00148
0.00147
0.00147
0.00147
0.00146
0.00145
0.00144
0.00142
0.0014
0.00138
0.00135
0.00132
0.00129
0.00125
0.00122
0.00117
0.00112
0.00107
0.00102
0.00096
0.0009
0.00084
0.00078
0.00071
0.00065
0.00058
0.00051
0.00044
0.00038
0.00031
0.00024
0.00017
0.00011
4e-05
-2e-05
-8e-05
-0.00014
-0.0002
-0.00025
-0.00031
-0.00036
-0.00041
-0.00046
-0.0005
-0.00054
-0.00059
-0.00062
-0.00066
-0.0007
-0.00073
-0.00076
-0.0008
-0.00082
-0.00085
-0.00087
-0.0009
-0.00092
-0.00095
-0.00097
-0.00099
-0.001
-0.00102
-0.00103
-0.00105
-0.00106
-0.00107
-0.00108
-0.00109
-0.00109
-0.0011
-0.0011
-0.00111
-0.00111
-0.00111
-0.00111
-0.00111
-0.0011
-0.0011
-0.0011
-0.0011
-0.00109
-0.00109
-0.00108
-0.00108
-0.00107
-0.00107
-0.00107
-0.00107
-0.00107
-0.00107
-0.00107
-0.00107
-0.00107
-0.00107
-0.00107
-0.00108
-0.00108
-0.00109
-0.00109
-0.0011
-0.0011
-0.00111
-0.00111
-0.00112
-0.00112
-0.00113
-0.00113
-0.00114
-0.00114
-0.00114
-0.00114
-0.00115
-0.00114
-0.00114
-0.00114
-0.00114
-0.00113
-0.00112
-0.00111
-0.00111
-0.00109
-0.00108
-0.00107
-0.00106
-0.00104
-0.00102
-0.001
-0.00098
-0.00096
-0.00094
-0.0009
-0.00088
-0.00085
-0.00082
-0.00079
-0.00076
-0.00072
-0.00068
-0.00065
-0.00061
-0.00056
-0.00052
-0.00047
-0.00043
-0.00038
-0.00033
-0.00028
-0.00023
-0.00017
-0.00012
-6e-05
-1e-05
5e-05
0.0001
0.00016
0.00021
0.00027
0.00033
0.00039
0.00044
0.0005
0.00055
0.00061
0.00066
0.00071
0.00076
0.00081
0.00085
0.0009
0.00094
0.00098
0.00102
0.00105
0.00109
0.00112
0.00115
0.00118
0.0012
0.00122
0.00124
0.00126
0.00127
0.00129
0.0013
0.00131
0.00131
0.00132
0.00132
0.00132
0.00132
0.00132
0.00131
0.00131
0.0013
0.0013
0.00129
0.00128
0.00126
0.00125
0.00124
0.00122
0.0012
0.00119
0.00117
0.00115
0.00114
0.00112
0.00109
0.00108
0.00106
0.00104
0.00102
0.001
0.00097
0.00096
0.00093
0.00091
0.00089
0.00086
0.00084
0.00082
0.00079
0.00077
0.00074
0.00072
0.00069
0.00067
0.00064
0.00062
0.00059
0.00056
0.00053
0.00051
0.00047
0.00044
0.00041
0.00038
0.00035
0.00032
0.00028
0.00025
0.00021
0.00018
0.00014
0.00011
7e-05
4e-05
-0.0
-4e-05
-8e-05
-0.00012
-0.00015
-0.00019
-0.00023
-0.00026
-0.0003
-0.00033
-0.00037
-0.00041
-0.00045
-0.00048
-0.00052
-0.00054
-0.00058
-0.00062
-0.00065
-0.00068
-0.00071
-0.00074
-0.00077
-0.0008
-0.00083
-0.00086
-0.00089
-0.00091
-0.00094
-0.00097
-0.001
-0.00102
-0.00105
-0.00108
-0.00111
-0.00113
-0.00116
-0.00118
-0.00121
-0.00123
-0.00126
-0.00128
-0.00131
-0.00133
-0.00136
-0.00138
-0.00141
-0.00143
-0.00145
-0.00147
-0.0015
-0.00152
-0.00154
-0.00156
-0.00158
-0.00159
-0.00162
-0.00163
-0.00165
-0.00166
-0.00168
-0.00169
-0.0017
-0.00171
-0.00172
-0.00173
-0.00174
-0.00175
-0.00175
-0.00175
-0.00175
-0.00175
-0.00175
-0.00175
-0.00175
-0.00174
-0.00173
-0.00172
-0.00172
-0.0017
-0.00169
-0.00168
-0.00166
-0.00165
-0.00163
-0.00161
-0.00159
-0.00157
-0.00156
-0.00153
-0.00151
-0.00149
-0.00147
-0.00145
-0.00143
-0.00141
-0.00139
-0.00137
-0.00135
-0.00134
-0.00132
-0.0013
-0.00128
-0.00127
-0.00126
-0.00124
-0.00123
-0.00121
-0.0012
-0.00119
-0.00118
-0.00116
-0.00116
-0.00114
-0.00113
-0.00112
-0.00111
-0.0011
-0.00109
-0.00107
-0.00107
-0.00105
-0.00104
-0.00102
-0.00101
-0.00099
-0.00098
-0.00096
-0.00095
-0.00094
-0.00092
-0.00091
-0.00089
-0.00088
-0.00086
-0.00084
-0.00083
-0.00082
-0.00081
-0.00079
-0.00078
-0.00076
-0.00075
-0.00073
-0.00072
-0.0007
-0.00069
-0.00067
-0.00065
-0.00063
-0.0006
-0.00057
-0.00055
-0.00051
-0.00048
-0.00044
-0.00041
-0.00036
-0.00031
-0.00026
-0.0002
-0.00015
-8e-05
-2e-05
5e-05
0.00013
0.0002
0.00029
0.00036
0.00045
0.00054
0.00063
0.00072
0.00082
0.00091
0.00101
0.0011
0.0012
0.0013
0.0014
0.00149
0.00159
0.00169
0.00179
0.00188
0.00199
0.00208
0.00218
0.00227
0.00237
0.00246
0.00256
0.00266
0.00275
0.00285
0.00294
0.00304
0.00313
0.00323
0.00333
0.00342
0.00352
0.00361
0.00371
0.0038
0.0039
0.00399
0.00408
0.00417
0.00426
0.00435
0.00443
0.00452
0.0046
0.00468
0.00476
0.00483
0.0049
0.00497
0.00503
0.00508
0.00514
0.00519
0.00524
0.00527
0.00531
0.00533
0.00536
0.00538
0.0054
0.00541
0.00541
0.00541
0.00541
0.00539
0.00538
0.00536
0.00534
0.00531
0.00528
0.00524
0.0052
0.00515
0.0051
0.00505
0.00499
0.00493
0.00487
0.00479
0.00473
0.00465
0.00458
0.0045
0.00442
0.00434
0.00426
0.00417
0.00409
0.004
0.00391
0.00382
0.00374
0.00365
0.00357
0.00348
0.0034
0.00331
0.00324
0.00315
0.00308
0.00299
0.00292
0.00284
0.00277
0.0027
0.00263
0.00256
0.00249
0.00242
0.00236
0.00228
0.00222
0.00215
0.00209
0.00202
0.00196
0.00189
0.00182
0.00175
0.00168
0.00161
0.00153
0.00146
0.00139
0.00131
0.00124
0.00116
0.00108
0.001
0.00093
0.00085
0.00077
0.00069
0.00062
0.00054
0.00047
0.0004
0.00033
0.00026
0.0002
0.00014
8e-05
2e-05
-2e-05
-7e-05
-0.00011
-0.00015
-0.00019
-0.00022
-0.00024
-0.00027
-0.00029
-0.0003
-0.00032
-0.00032
-0.00033
-0.00033
-0.00033
-0.00033
-0.00032
-0.00032
-0.00031
-0.0003
-0.00028
-0.00027
-0.00025
-0.00024
-0.00022
-0.0002
-0.00018
-0.00016
-0.00014
-0.00011
-9e-05
-7e-05
-4e-05
-1e-05
2e-05
4e-05
8e-05
0.0001
0.00014
0.00017
0.0002
0.00024
0.00027
0.0003
0.00034
0.00037
0.00041
0.00043
0.00047
0.0005
0.00053
0.00056
0.00059
0.00061
0.00064
0.00066
0.00068
0.00069
0.00071
0.00072
0.00073
0.00074
0.00074
0.00074
0.00074
0.00074
0.00074
0.00073
0.00072
0.0007
0.00069
0.00067
0.00065
0.00063
0.00061
0.00059
0.00056
0.00054
0.00051
0.00048
0.00046
0.00042
0.00039
0.00036
0.00033
0.00029
0.00026
0.00022
0.00018
0.00014
0.0001
6e-05
1e-05
-3e-05
-8e-05
-0.00013
-0.00018
-0.00023
-0.00028
-0.00034
-0.00039
-0.00046
-0.00051
-0.00058
-0.00064
-0.0007
-0.00077
-0.00084
-0.0009
-0.00097
-0.00104
-0.00112
-0.00118
-0.00126
-0.00133
-0.0014
-0.00147
-0.00155
-0.00161
-0.00169
-0.00176
-0.00183
-0.00191
-0.00197
-0.00204
-0.00211
-0.00217
-0.00224
-0.00231
-0.00237
-0.00243
-0.00249
-0.00255
-0.00261
-0.00266
-0.00271
-0.00277
-0.00281
-0.00286
-0.0029
-0.00294
-0.00298
-0.00301
-0.00304
-0.00306
-0.00309
-0.0031
-0.00312
-0.00313
-0.00314
-0.00313
-0.00313
-0.00312
-0.0031
-0.00309
-0.00306
-0.00303
-0.00299
-0.00295
-0.00291
-0.00285
-0.0028
-0.00274
-0.00268
-0.00261
-0.00254
-0.00246
-0.00238
-0.0023
-0.00222
-0.00213
-0.00204
-0.00195
-0.00186
-0.00176
-0.00167
-0.00157
-0.00147
-0.00137
-0.00127
-0.00117
-0.00108
-0.00097
-0.00088
-0.00078
-0.00068
-0.00058
-0.00048
-0.00038
-0.00028
-0.00018
-8e-05
2e-05
0.00012
0.00022
0.00032
0.00042
0.00052
0.00063
0.00073
0.00083
0.00093
0.00103
0.00114
0.00124
0.00134
0.00145
0.00154
0.00165
0.00175
0.00185
0.00194
0.00203
0.00212
0.00221
0.00229
0.00237
0.00244
0.00251
0.00258
0.00264
0.0027
0.00276
0.0028
0.00284
0.00287
0.00291
0.00293
0.00295
0.00296
0.00298
0.00298
0.00298
0.00297
0.00297
0.00296
0.00294
0.00293
0.00291
0.00288
0.00286
0.00284
0.00281
0.00278
0.00276
0.00273
0.0027
0.00267
0.00264
0.00261
0.00258
0.00255
0.00252
0.00249
0.00246
0.00242
0.00239
0.00236
0.00233
0.00229
0.00225
0.00221
0.00218
0.00214
0.00209
0.00205
0.002
0.00196
0.00191
0.00186
0.00181
0.00175
0.0017
0.00164
0.00159
0.00153
0.00148
0.00141
0.00136
0.0013
0.00124
0.00118
0.00113
0.00107
0.00102
0.00097
0.00092
0.00086
0.00082
0.00077
0.00073
0.00068
0.00064
0.0006
0.00056
0.00053
0.00049
0.00046
0.00043
0.0004
0.00038
0.00035
0.00033
0.0003
0.00029
0.00027
0.00025
0.00023
0.00022
0.0002
0.00019
0.00018
0.00017
0.00016
0.00014
0.00014
0.00013
0.00012
0.00012
0.0001
0.0001
9e-05
8e-05
7e-05
7e-05
6e-05
6e-05
5e-05
4e-05
3e-05
3e-05
2e-05
2e-05
1e-05
1e-05
-0.0
-1e-05
-1e-05
-1e-05
-2e-05
-2e-05
-2e-05
-2e-05
-2e-05
-2e-05
-2e-05
-1e-05
-1e-05
0.0
1e-05
3e-05
3e-05
5e-05
6e-05
8e-05
0.0001
0.00012
0.00014
0.00017
0.00019
0.00021
0.00023
0.00026
0.00028
0.00031
0.00034
0.00036
0.00038
0.00041
0.00043
0.00046
0.00048
0.00051
0.00052
0.00055
0.00057
0.00059
0.00061
0.00062
0.00065
0.00066
0.00068
0.0007
0.00072
0.00074
0.00075
0.00078
0.00079
0.00082
0.00083
0.00086
0.00087
0.0009
0.00092
0.00094
0.00096
0.00098
0.001
0.00103
0.00105
0.00107
0.00109
0.00111
0.00112
0.00114
0.00115
0.00117
0.00118
0.00119
0.0012
0.0012
0.00121
0.00121
0.00121
0.00121
0.0012
0.0012
0.00119
0.00118
0.00117
0.00116
0.00114
0.00113
0.00112
0.0011
0.00109
0.00107
0.00106
0.00105
0.00104
0.00103
0.00101
0.00101
0.001
0.001
0.00099
0.00099
0.00098
0.00099
0.00099
0.00099
0.00099
0.00099
0.001
0.001
0.001
0.00101
0.00101
0.00102
0.00101
0.00102
