1.97666283698946E+03

-0.0027
-0.00273
-0.00274
-0.00276
-0.00277
-0.00278
-0.00279
-0.00279
-0.00279
-0.00279
-0.00278
-0.00276
-0.00275
-0.00273
-0.0027
-0.00268
-0.00264
-0.00261
-0.00257
-0.00253
-0.00248
-0.00243
-0.00238
-0.00232
-0.00226
-0.0022
-0.00214
-0.00207
-0.002
-0.00194
-0.00186
-0.00179
-0.00171
-0.00164
-0.00156
-0.00149
-0.0014
-0.00132
-0.00124
-0.00116
-0.00108
-0.001
-0.00092
-0.00083
-0.00075
-0.00067
-0.00059
-0.00051
-0.00042
-0.00034
-0.00026
-0.00019
-0.0001
-3e-05
5e-05
0.00012
0.00019
0.00026
0.00033
0.0004
0.00046
0.00052
0.00058
0.00063
0.00069
0.00073
0.00078
0.00081
0.00085
0.00088
0.00091
0.00094
0.00096
0.00098
0.001
0.00101
0.00102
0.00102
0.00102
0.00102
0.00102
0.00101
0.001
0.00099
0.00098
0.00096
0.00095
0.00093
0.00091
0.00089
0.00087
0.00085
0.00083
0.0008
0.00078
0.00075
0.00073
0.0007
0.00067
0.00064
0.00062
0.00058
0.00055
0.00052
0.00048
0.00045
0.00042
0.00038
0.00035
0.0003
0.00026
0.00022
0.00018
0.00013
9e-05
4e-05
-0.0
-5e-05
-0.0001
-0.00015
-0.0002
-0.00025
-0.00029
-0.00034
-0.00038
-0.00043
-0.00047
-0.00051
-0.00055
-0.00059
-0.00062
-0.00066
-0.00068
-0.00071
-0.00073
-0.00075
-0.00076
-0.00077
-0.00078
-0.00079
-0.00079
-0.00079
-0.00078
-0.00078
-0.00076
-0.00076
-0.00074
-0.00072
-0.0007
-0.00068
-0.00065
-0.00063
-0.0006
-0.00057
-0.00054
-0.00051
-0.00048
-0.00045
-0.00041
-0.00038
-0.00034
-0.00031
-0.00027
-0.00023
-0.00019
-0.00015
-0.00012
-8e-05
-4e-05
0.0
4e-05
9e-05
0.00013
0.00017
0.00021
0.00025
0.0003
0.00034
0.00039
0.00043
0.00048
0.00053
0.00057
0.00062
0.00066
0.00071
0.00076
0.00081
0.00086
0.0009
0.00095
0.00099
0.00104
0.00108
0.00113
0.00117
0.00121
0.00125
0.00129
0.00133
0.00137
0.00141
0.00144
0.00148
0.00151
0.00153
0.00157
0.00159
0.00162
0.00163
0.00165
0.00166
0.00167
0.00168
0.00168
0.00168
0.00167
0.00166
0.00165
0.00163
0.00161
0.00158
0.00155
0.00151
0.00147
0.00142
0.00137
0.00131
0.00125
0.00118
0.00111
0.00103
0.00095
0.00087
0.00078
0.00069
0.0006
0.00049
0.0004
0.00029
0.00019
8e-05
-3e-05
-0.00015
-0.00025
-0.00037
-0.00049
-0.0006
-0.00072
-0.00084
-0.00095
-0.00107
-0.00118
-0.0013
-0.00141
-0.00153
-0.00164
-0.00176
-0.00187
-0.00198
-0.00209
-0.0022
-0.0023
-0.00241
-0.00251
-0.00261
-0.00271
-0.00281
-0.0029
-0.00299
-0.00308
-0.00317
-0.00324
-0.00333
-0.0034
-0.00348
-0.00354
-0.0036
-0.00366
-0.00372
-0.00377
-0.00382
-0.00385
-0.00389
-0.00392
-0.00395
-0.00397
-0.00399
-0.00399
-0.004
-0.004
-0.004
-0.00399
-0.00398
-0.00396
-0.00394
-0.00392
-0.00389
-0.00385
-0.00381
-0.00377
-0.00373
-0.00368
-0.00363
-0.00358
-0.00353
-0.00347
-0.00342
-0.00335
-0.0033
-0.00323
-0.00317
-0.00311
-0.00305
-0.00298
-0.00292
-0.00285
-0.00279
-0.00272
-0.00266
-0.00259
-0.00253
-0.00247
-0.00241
-0.00235
-0.00229
-0.00223
-0.00218
-0.00213
-0.00207
-0.00202
-0.00197
-0.00192
-0.00187
-0.00182
-0.00178
-0.00174
-0.0017
-0.00166
-0.00163
-0.00159
-0.00156
-0.00152
-0.00149
-0.00147
-0.00144
-0.00141
-0.00138
-0.00135
-0.00134
-0.00131
-0.00129
-0.00126
-0.00125
-0.00123
-0.00121
-0.00119
-0.00118
-0.00117
-0.00116
-0.00114
-0.00113
-0.00112
-0.00112
-0.00111
-0.00111
-0.0011
-0.00111
-0.0011
-0.00111
-0.00111
-0.00112
-0.00112
-0.00113
-0.00114
-0.00115
-0.00117
-0.00118
-0.00119
-0.0012
-0.00121
-0.00123
-0.00124
-0.00125
-0.00125
-0.00127
-0.00127
-0.00128
-0.00128
-0.00128
-0.00128
-0.00128
-0.00127
-0.00126
-0.00124
-0.00123
-0.0012
-0.00119
-0.00116
-0.00113
-0.0011
-0.00107
-0.00103
-0.001
-0.00096
-0.00092
-0.00088
-0.00084
-0.0008
-0.00076
-0.00071
-0.00067
-0.00063
-0.00059
-0.00054
-0.00051
-0.00046
-0.00043
-0.00039
-0.00036
-0.00032
-0.00029
-0.00026
-0.00023
-0.0002
-0.00017
-0.00014
-0.00011
-8e-05
-6e-05
-3e-05
-1e-05
2e-05
4e-05
7e-05
9e-05
0.00012
0.00014
0.00016
0.00018
0.00021
0.00023
0.00025
0.00028
0.0003
0.00032
0.00034
0.00036
0.00039
0.0004
0.00043
0.00044
0.00046
0.00047
0.00049
0.0005
0.00052
0.00053
0.00054
0.00055
0.00056
0.00057
0.00058
0.00059
0.0006
0.0006
0.00061
0.00061
0.00062
0.00063
0.00063
0.00064
0.00064
0.00065
0.00065
0.00066
0.00067
0.00067
0.00068
0.00068
0.00069
0.00069
0.00069
0.00069
0.00069
0.00069
0.00069
0.00068
0.00067
0.00067
0.00065
0.00064
0.00063
0.0006
0.00058
0.00055
0.00053
0.00049
0.00045
0.00041
0.00037
0.00032
0.00027
0.00021
0.00015
9e-05
2e-05
-5e-05
-0.00012
-0.0002
-0.00027
-0.00036
-0.00044
-0.00053
-0.00061
-0.00071
-0.00079
-0.00089
-0.00098
-0.00107
-0.00117
-0.00126
-0.00135
-0.00145
-0.00154
-0.00164
-0.00173
-0.00182
-0.0019
-0.00199
-0.00208
-0.00216
-0.00224
-0.00232
-0.0024
-0.00247
-0.00254
-0.00261
-0.00267
-0.00273
-0.00279
-0.00284
-0.00289
-0.00293
-0.00297
-0.00301
-0.00304
-0.00307
-0.00309
-0.00311
-0.00312
-0.00313
-0.00313
-0.00313
-0.00312
-0.00311
-0.00309
-0.00307
-0.00304
-0.00301
-0.00297
-0.00293
-0.00288
-0.00283
-0.00277
-0.00271
-0.00264
-0.00257
-0.0025
-0.00242
-0.00234
-0.00225
-0.00216
-0.00208
-0.00198
-0.00188
-0.00178
-0.00168
-0.00157
-0.00147
-0.00135
-0.00124
-0.00113
-0.00102
-0.0009
-0.00078
-0.00067
-0.00055
-0.00043
-0.00032
-0.00019
-8e-05
4e-05
0.00016
0.00028
0.00039
0.00051
0.00061
0.00073
0.00083
0.00094
0.00105
0.00115
0.00125
0.00135
0.00145
0.00154
0.00163
0.00173
0.00181
0.0019
0.00197
0.00206
0.00213
0.00221
0.00228
0.00234
0.00241
0.00248
0.00254
0.0026
0.00265
0.00271
0.00276
0.00281
0.00285
0.0029
0.00294
0.00298
0.00301
0.00304
0.00307
0.0031
0.00312
0.00314
0.00316
0.00317
0.00318
0.00319
0.00319
0.00319
0.00318
0.00317
0.00316
0.00314
0.00312
0.0031
0.00307
0.00303
0.003
0.00296
0.00292
0.00288
0.00283
0.00278
0.00273
0.00268
0.00262
0.00257
0.0025
0.00245
0.00239
0.00233
0.00227
0.0022
0.00215
0.00209
0.00202
0.00197
0.0019
0.00185
0.00178
0.00173
0.00166
0.00161
0.00155
0.0015
0.00144
0.00138
0.00132
0.00127
0.00121
0.00116
0.0011
0.00105
0.001
0.00095
0.0009
0.00085
0.0008
0.00075
0.0007
0.00066
0.00062
0.00058
0.00054
0.0005
0.00047
0.00044
0.00042
0.00039
0.00037
0.00035
0.00034
0.00033
0.00031
0.00031
0.0003
0.0003
0.0003
0.0003
0.00031
0.00032
0.00033
0.00034
0.00036
0.00037
0.00038
0.00041
0.00042
0.00044
0.00045
0.00047
0.00049
0.00051
0.00052
0.00054
0.00056
0.00057
0.00058
0.0006
0.00061
0.00062
0.00063
0.00064
0.00064
0.00065
0.00065
0.00066
0.00066
0.00066
0.00066
0.00065
0.00065
0.00064
0.00064
0.00063
0.00061
0.0006
0.00058
0.00057
0.00054
0.00052
0.00049
0.00047
0.00043
0.0004
0.00036
0.00032
0.00028
0.00023
0.00018
0.00014
8e-05
3e-05
-3e-05
-8e-05
-0.00014
-0.0002
-0.00026
-0.00032
-0.00038
-0.00044
-0.0005
-0.00056
-0.00062
-0.00068
-0.00074
-0.0008
-0.00085
-0.00091
-0.00096
-0.00101
-0.00106
-0.00111
-0.00116
-0.0012
-0.00125
-0.00129
-0.00133
-0.00137
-0.00141
-0.00145
-0.00148
-0.00151
-0.00154
-0.00157
-0.0016
-0.00162
-0.00165
-0.00166
-0.00168
-0.00169
-0.0017
-0.0017
-0.0017
-0.00169
-0.00168
-0.00166
-0.00162
-0.00158
-0.00154
-0.00148
-0.00141
-0.00133
-0.00124
-0.00114
-0.00102
-0.0009
-0.00076
-0.00059
-0.00042
-0.00024
-4e-05
0.00018
0.00041
0.00066
0.00093
0.00121
0.0015
0.00182
0.00215
0.0025
0.00286
0.00323
0.00363
0.00404
0.00447
0.00491
0.00537
0.00585
0.00634
0.00685
0.00738
0.00792
0.00848
0.00905
0.00964
0.01025
0.01087
0.01151
0.01216
0.01283
0.01352
0.01422
0.01493
0.01566
0.0164
0.01716
0.01793
0.01872
0.01952
0.02032
0.02114
0.02197
0.02281
0.02366
0.02451
0.02538
0.02624
0.02712
0.028
0.02888
0.02976
0.03065
0.03154
0.03243
0.03331
0.0342
0.03508
0.03597
0.03685
0.03773
0.0386
0.03947
0.04033
0.04119
0.04204
0.04289
0.04373
0.04456
0.04538
0.0462
0.04701
0.04781
0.0486
0.04939
0.05016
0.05092
0.05167
0.05241
0.05314
0.05386
0.05456
0.05525
0.05593
0.05659
0.05723
0.05787
0.05848
0.05908
0.05965
0.06022
0.06076
0.06129
0.06179
0.06228
0.06274
0.06319
0.06361
0.06401
0.0644
0.06476
0.0651
0.06542
0.06572
0.066
0.06626
0.0665
0.06672
0.06692
0.0671
0.06727
0.06741
0.06754
0.06765
0.06775
0.06782
0.06789
0.06793
0.06797
0.06799
0.068
0.06799
0.06797
0.06794
0.06789
0.06784
0.06777
0.06769
0.0676
0.0675
0.06739
0.06726
0.06713
0.06699
0.06684
0.06668
0.06651
0.06633
0.06614
0.06594
0.06573
0.06552
0.0653
0.06507
0.06483
0.06458
0.06433
0.06407
0.06381
0.06354
0.06326
0.06298
0.06269
0.0624
0.0621
0.0618
0.06149
0.06118
0.06087
0.06056
0.06024
0.05993
0.05961
0.05928
0.05896
0.05864
0.05832
0.05799
0.05766
0.05734
0.05702
0.05669
0.05637
0.05604
0.05572
0.05539
0.05507
0.05475
0.05443
0.0541
0.05378
0.05346
0.05314
0.05281
0.05249
0.05217
0.05184
0.05152
0.05119
0.05087
0.05055
0.05022
0.04989
0.04956
0.04923
0.0489
0.04857
0.04824
0.04791
0.04757
0.04723
0.0469
0.04656
0.04622
0.04588
0.04554
0.0452
0.04486
0.04452
0.04418
0.04383
0.04349
0.04315
0.0428
0.04246
0.04212
0.04177
0.04143
0.04109
0.04075
0.04041
0.04008
0.03974
0.0394
0.03907
0.03874
0.0384
0.03807
0.03775
0.03742
0.0371
0.03678
0.03646
0.03614
0.03583
0.03552
0.03521
0.03491
0.03461
0.03431
0.03402
0.03373
0.03345
0.03317
0.03289
0.03262
0.03236
0.03209
0.03184
0.03159
0.03134
0.0311
0.03087
0.03064
0.03042
0.0302
0.02999
0.02979
0.02959
0.02939
0.0292
0.02902
0.02885
0.02867
0.02851
0.02834
0.02819
0.02803
0.02788
0.02774
0.0276
0.02745
0.02732
0.02719
0.02705
0.02693
0.0268
0.02668
0.02655
0.02643
0.02631
0.02619
0.02607
0.02595
0.02583
0.02571
0.02559
0.02548
0.02536
0.02524
0.02512
0.02501
0.02489
0.02478
0.02466
0.02455
0.02443
0.02432
0.02421
0.0241
0.02399
0.02388
0.02377
0.02366
0.02355
0.02344
0.02333
0.02323
0.02312
0.02302
0.02291
0.0228
0.0227
0.0226
0.02249
0.02238
0.02228
0.02217
0.02206
0.02196
0.02184
0.02173
0.02162
0.02151
0.02139
0.02127
0.02115
0.02103
0.02091
0.02078
0.02066
0.02053
0.0204
0.02026
0.02013
0.02
0.01986
0.01972
0.01958
0.01945
0.01931
0.01917
0.01903
0.01889
0.01876
0.01862
0.01848
0.01834
0.01821
0.01808
0.01794
0.01781
0.01769
0.01756
0.01743
0.01731
0.01719
0.01707
0.01695
0.01684
0.01672
0.01661
0.0165
0.01639
0.01629
0.01618
0.01608
0.01597
0.01587
0.01577
0.01567
0.01557
0.01547
0.01537
0.01527
0.01517
0.01507
0.01497
0.01487
0.01477
0.01467
0.01457
0.01446
0.01436
0.01426
0.01415
0.01404
0.01394
0.01383
0.01372
0.01361
0.01349
0.01339
0.01327
0.01316
0.01304
0.01292
0.0128
0.01268
0.01256
0.01243
0.01231
0.01218
0.01206
0.01193
0.01181
0.01168
0.01155
0.01142
0.01129
0.01116
0.01103
0.0109
0.01076
0.01064
0.0105
0.01037
0.01024
0.01011
0.00998
0.00985
0.00972
0.0096
0.00946
0.00934
0.00921
0.00909
0.00896
0.00883
0.0087
0.00858
0.00845
0.00833
0.0082
0.00808
0.00795
0.00783
0.0077
0.00758
0.00745
0.00732
0.00719
0.00707
0.00693
0.00681
0.00667
0.00655
0.00641
0.00628
0.00615
0.00602
0.00588
0.00575
0.00562
0.00549
0.00535
0.00522
0.00509
0.00496
0.00483
0.0047
0.00457
0.00444
0.00431
0.00418
0.00406
0.00393
0.00381
0.00369
0.00357
0.00345
0.00333
0.00321
0.0031
0.00298
0.00286
0.00275
0.00264
0.00253
0.00241
0.0023
0.00219
0.00208
0.00197
0.00186
0.00175
0.00165
0.00154
0.00144
0.00133
0.00123
0.00113
0.00104
0.00094
0.00085
0.00076
0.00068
0.0006
0.00052
0.00045
0.00038
0.00032
0.00026
0.00021
0.00017
0.00013
0.0001
7e-05
5e-05
3e-05
3e-05
2e-05
3e-05
4e-05
5e-05
7e-05
0.0001
0.00013
0.00017
0.00021
0.00026
0.0003
0.00036
0.00041
0.00047
0.00053
0.00059
0.00065
0.00072
0.00078
0.00085
0.00091
0.00098
0.00105
0.00111
0.00118
0.00124
0.0013
0.00137
0.00143
0.00149
0.00155
0.00161
0.00167
0.00172
0.00178
0.00183
0.00189
0.00195
0.002
0.00206
0.0021
0.00216
0.00221
0.00227
0.00231
0.00237
0.00241
0.00247
0.00252
0.00258
0.00263
0.00268
0.00273
0.00279
0.00284
0.0029
0.00295
0.00301
0.00306
0.00312
0.00318
0.00324
0.00329
0.00336
0.00341
0.00347
0.00354
0.0036
0.00366
0.00372
0.00379
0.00385
0.00391
0.00398
0.00404
0.00411
0.00417
0.00424
0.0043
0.00437
0.00443
0.00449
0.00454
0.0046
0.00466
0.00471
0.00477
0.00482
0.00486
0.00491
0.00495
0.00499
0.00503
0.00506
0.00509
0.00512
0.00514
0.00516
0.00517
0.00518
0.00519
0.00519
0.00519
0.00519
0.00517
0.00516
0.00514
0.00512
0.00509
0.00506
0.00501
0.00498
0.00493
0.00488
0.00482
0.00476
0.0047
0.00463
0.00456
0.00449
0.0044
0.00432
0.00424
0.00415
0.00406
0.00397
0.00387
0.00378
0.00367
0.00357
0.00347
0.00337
0.00327
0.00317
0.00307
0.00297
0.00287
0.00277
0.00267
0.00258
0.00248
0.0024
0.0023
0.00222
0.00214
0.00206
0.00198
0.0019
0.00183
0.00176
0.0017
0.00164
0.00158
0.00153
0.00148
0.00143
0.00139
0.00135
0.00131
0.00129
0.00126
0.00124
0.00122
0.00121
0.00121
0.00121
0.00122
0.00123
0.00124
0.00127
0.00129
0.00133
0.00137
0.00142
0.00147
0.00153
0.00159
0.00166
0.00174
0.00182
0.0019
0.002
0.00209
0.00219
0.00229
0.0024
0.0025
0.00262
0.00273
0.00284
0.00295
0.00307
0.00318
0.0033
0.00341
0.00352
0.00363
0.00373
0.00384
0.00394
0.00403
0.00413
0.00422
0.00431
0.0044
0.00448
0.00455
0.00463
0.0047
0.00477
0.00483
0.00489
0.00495
0.005
0.00505
0.0051
0.00514
0.00519
0.00522
0.00526
0.00529
0.00532
0.00534
0.00537
0.00539
0.0054
0.00541
0.00541
0.00542
0.00541
0.00541
0.0054
0.00537
0.00535
0.00532
0.00529
0.00525
0.0052
0.00515
0.0051
0.00503
0.00497
0.00489
0.00481
0.00473
0.00465
0.00455
0.00446
0.00436
0.00426
0.00415
0.00405
0.00394
0.00383
0.00371
0.0036
0.00348
0.00337
0.00325
0.00313
0.00302
0.00291
0.00279
0.00268
0.00257
0.00246
0.00235
0.00224
0.00214
0.00203
0.00193
0.00184
0.00173
0.00164
0.00154
0.00145
0.00136
0.00127
0.00119
0.00111
0.00102
0.00094
0.00086
0.00079
0.00071
0.00064
0.00057
0.00051
0.00044
0.00038
0.00032
0.00026
0.0002
0.00015
0.0001
6e-05
1e-05
-3e-05
-7e-05
-0.0001
-0.00013
-0.00016
-0.00018
-0.00019
-0.00021
-0.00022
-0.00023
-0.00023
-0.00022
-0.00021
-0.0002
-0.00018
-0.00016
-0.00012
-0.0001
-5e-05
-1e-05
3e-05
8e-05
0.00014
0.00019
0.00025
0.00032
0.00038
0.00045
0.00053
0.0006
0.00068
0.00075
0.00083
0.00091
0.00099
0.00106
0.00115
0.00122
0.00131
0.00138
0.00146
0.00153
0.00161
0.00169
0.00176
0.00184
0.00192
0.00198
0.00206
0.00214
0.00221
0.00228
0.00236
0.00243
0.00251
0.00259
0.00267
0.00274
0.00282
0.0029
0.00298
0.00307
0.00315
0.00322
0.00331
0.00339
0.00347
0.00355
0.00363
0.0037
0.00378
0.00385
0.00392
0.00399
0.00405
0.00411
0.00417
0.00422
0.00427
0.00431
0.00435
0.00438
0.00441
0.00443
0.00445
0.00445
0.00447
0.00446
0.00446
0.00445
0.00443
0.00441
0.00439
0.00436
0.00433
0.00428
0.00425
0.0042
0.00415
0.00409
0.00404
0.00397
0.00391
0.00384
0.00377
0.0037
0.00362
0.00354
0.00346
0.00337
0.00329
0.00319
0.0031
0.003
0.00291
0.00281
0.00271
0.0026
0.0025
0.00239
0.00228
0.00217
0.00205
0.00194
0.00183
0.00172
0.00161
0.00149
0.00138
0.00127
0.00116
0.00105
0.00095
0.00084
0.00075
0.00065
0.00055
0.00046
0.00037
0.00029
0.00021
0.00013
6e-05
-1e-05
-8e-05
-0.00014
-0.0002
-0.00026
-0.00031
-0.00036
-0.0004
-0.00044
-0.00048
-0.00052
-0.00056
-0.00059
-0.00062
-0.00065
-0.00067
-0.0007
-0.00072
-0.00074
-0.00076
-0.00078
-0.0008
-0.00082
-0.00083
-0.00084
-0.00086
-0.00087
-0.00088
-0.00088
-0.00089
-0.00089
-0.00089
-0.00089
-0.00089
-0.00088
-0.00087
-0.00087
-0.00085
-0.00084
-0.00082
-0.00081
-0.00078
-0.00076
-0.00074
-0.00071
-0.00068
-0.00065
-0.00061
-0.00059
-0.00055
-0.00051
-0.00047
-0.00044
-0.0004
-0.00037
-0.00032
-0.00029
-0.00025
-0.00022
-0.00019
-0.00015
-0.00011
-8e-05
-4e-05
-2e-05
2e-05
4e-05
8e-05
0.0001
0.00013
0.00016
0.00019
0.00022
0.00024
0.00027
0.0003
0.00032
0.00035
0.00038
0.00041
0.00043
0.00047
0.00049
0.00053
0.00056
0.00059
0.00062
0.00065
0.00068
0.00072
0.00075
0.00078
0.00081
0.00085
0.00088
0.00091
0.00094
0.00097
0.001
0.00103
0.00106
0.00109
0.00111
0.00114
0.00116
0.00119
0.00121
0.00123
0.00125
0.00127
0.00128
0.0013
0.00131
0.00132
0.00133
0.00134
0.00134
0.00135
0.00135
0.00135
0.00135
0.00135
0.00134
0.00133
0.00133
0.00132
0.0013
0.00129
0.00127
0.00125
0.00123
0.00121
0.00118
0.00116
0.00112
0.0011
0.00106
0.00103
0.001
0.00096
0.00092
0.00089
0.00085
0.00082
0.00078
0.00075
0.00071
0.00068
0.00064
0.00061
0.00058
0.00055
0.00052
0.0005
0.00047
0.00045
0.00044
0.00042
0.00041
0.0004
0.00039
0.00039
0.00038
0.00039
0.00038
0.00039
0.0004
0.00041
0.00042
0.00043
0.00045
0.00047
0.00049
0.00051
0.00053
0.00056
0.00058
0.00062
0.00064
0.00068
0.00071
0.00074
0.00078
0.00082
0.00085
0.00089
0.00093
0.00098
0.00102
0.00107
0.00111
0.00117
0.00121
0.00126
0.00131
0.00137
0.00141
0.00147
0.00152
0.00158
0.00163
0.00169
0.00174
0.00179
0.00184
0.0019
0.00195
0.002
0.00205
0.0021
0.00214
0.00219
0.00223
0.00227
0.0023
0.00235
0.00238
0.00241
0.00244
0.00246
0.00249
0.00252
0.00254
0.00256
0.00257
0.00259
0.0026
0.00262
0.00262
0.00263
0.00264
0.00265
0.00265
0.00266
0.00266
0.00266
0.00266
0.00266
0.00266
0.00266
0.00265
0.00265
0.00264
0.00263
0.00262
0.00262
0.0026
0.0026
0.00259
0.00257
0.00256
0.00254
0.00253
0.00251
0.0025
0.00248
0.00246
0.00244
0.00242
0.0024
0.00237
0.00236
0.00233
0.00231
0.00228
0.00226
0.00224
0.00221
0.00219
0.00217
0.00214
0.00212
0.00209
0.00206
0.00203
0.00201
0.00198
0.00195
0.00192
0.00189
0.00185
0.00181
0.00177
0.00173
0.00169
0.00165
0.0016
0.00155
0.0015
0.00145
0.00139
0.00133
0.00127
0.0012
0.00113
0.00107
0.001
0.00093
0.00085
0.00078
0.0007
0.00063
0.00055
0.00048
0.0004
0.00033
0.00025
0.00018
0.0001
3e-05
-4e-05
-0.0001
-0.00017
-0.00024
-0.0003
-0.00037
-0.00042
-0.00048
-0.00054
-0.00059
-0.00065
-0.0007
-0.00075
-0.0008
-0.00085
-0.0009
-0.00096
-0.001
-0.00105
-0.0011
-0.00116
-0.00121
-0.00126
-0.00131
-0.00136
-0.00141
-0.00147
-0.00152
-0.00158
-0.00163
-0.00169
-0.00175
-0.00181
-0.00186
-0.00192
-0.00197
-0.00203
-0.00209
-0.00214
-0.00219
-0.00224
-0.00229
-0.00235
-0.00239
-0.00244
-0.00248
-0.00253
-0.00257
-0.00262
-0.00265
-0.00269
-0.00273
-0.00277
-0.00281
-0.00285
-0.00288
-0.00292
-0.00295
-0.00299
-0.00302
-0.00306
-0.00309
-0.00313
-0.00316
-0.0032
-0.00323
-0.00327
-0.00331
-0.00335
-0.00339
-0.00342
-0.00345
-0.00349
-0.00352
-0.00356
-0.00359
-0.00362
-0.00365
-0.00368
-0.0037
-0.00373
-0.00375
-0.00377
-0.00379
-0.00381
-0.00382
-0.00383
-0.00384
-0.00385
-0.00385
-0.00385
-0.00385
-0.00384
-0.00383
-0.00382
-0.00381
-0.00379
-0.00377
-0.00375
-0.00372
-0.0037
-0.00367
-0.00363
-0.00359
-0.00355
-0.00351
-0.00347
-0.00341
-0.00337
-0.00331
-0.00325
-0.00319
-0.00313
-0.00306
-0.00299
-0.00292
-0.00284
-0.00276
-0.00268
-0.0026
-0.00251
-0.00242
-0.00233
-0.00223
-0.00213
-0.00203
-0.00193
-0.00182
-0.00172
-0.00161
-0.0015
-0.00139
-0.00128
-0.00117
-0.00105
-0.00094
-0.00082
-0.0007
-0.00059
-0.00047
-0.00036
-0.00023
-0.00012
-0.0
0.00011
0.00023
0.00035
0.00046
0.00058
0.00069
0.00081
0.00092
0.00104
0.00115
0.00126
0.00138
0.00149
0.0016
0.00171
0.00181
0.00192
0.00203
0.00213
0.00223
0.00232
0.00242
0.00252
0.00261
0.0027
0.00279
0.00286
0.00295
0.00302
0.0031
0.00317
0.00324
0.00329
0.00336
0.00341
0.00346
0.00351
0.00355
0.00359
0.00363
0.00367
0.0037
0.00372
0.00375
0.00376
0.00378
0.00379
0.00381
0.00381
0.00382
0.00382
0.00382
0.00382
0.00381
0.00381
0.0038
0.00378
0.00377
0.00375
0.00373
0.00371
0.00369
0.00366
0.00363
0.0036
0.00357
0.00353
0.00349
0.00345
0.00341
0.00337
0.00333
0.00329
0.00324
0.00319
0.00315
0.0031
0.00305
0.003
0.00295
0.0029
0.00285
0.0028
0.00275
0.0027
0.00266
0.00261
0.00257
0.00253
0.00249
0.00244
0.00241
0.00236
0.00233
0.00229
0.00226
0.00223
0.0022
0.00217
0.00214
0.00212
0.00209
0.00207
0.00205
0.00203
0.00202
0.00199
0.00198
0.00197
0.00196
0.00194
0.00193
0.00192
0.00192
0.00191
0.00191
0.00191
0.0019
0.0019
0.00191
0.00191
0.00191
0.00191
0.00192
0.00192
0.00193
0.00193
0.00193
0.00193
0.00194
0.00194
0.00194
0.00194
0.00194
0.00193
0.00193
0.00192
0.00192
0.0019
0.00189
0.00187
0.00185
0.00183
0.00181
0.00178
0.00176
0.00173
0.0017
0.00166
0.00163
0.00159
0.00156
0.00152
0.00149
0.00144
0.00141
0.00137
0.00134
0.0013
0.00126
0.00122
0.00119
0.00116
0.00112
0.00109
0.00105
0.00103
0.001
0.00097
0.00094
0.00091
0.00089
0.00086
0.00084
0.00081
0.00079
0.00076
0.00075
0.00072
0.0007
0.00068
0.00066
0.00064
0.00062
0.0006
0.00059
0.00056
0.00055
0.00053
0.00052
0.0005
0.00049
0.00047
0.00046
0.00044
0.00043
0.00041
0.0004
0.00038
0.00037
0.00035
0.00034
0.00032
0.0003
0.00028
0.00026
0.00024
0.00021
0.00018
0.00016
0.00012
9e-05
5e-05
0.0
-4e-05
-9e-05
-0.00014
-0.00019
-0.00025
-0.00031
-0.00037
-0.00044
-0.00051
-0.00058
-0.00066
-0.00073
-0.00082
-0.0009
-0.00098
-0.00107
-0.00116
-0.00124
-0.00133
-0.00142
-0.00151
-0.0016
-0.00169
-0.00178
-0.00187
-0.00196
-0.00205
-0.00213
-0.00222
-0.00231
-0.0024
-0.00248
-0.00256
-0.00264
-0.00272
-0.0028
-0.00288
-0.00295
-0.00302
-0.00309
-0.00316
-0.00323
-0.00329
-0.00335
-0.00341
-0.00347
-0.00352
-0.00357
-0.00362
-0.00366
-0.00371
-0.00374
-0.00378
-0.00381
-0.00384
-0.00387
-0.0039
-0.00391
-0.00393
-0.00394
-0.00396
-0.00397
-0.00398
-0.00398
-0.00398
-0.00398
-0.00398
-0.00398
-0.00398
-0.00397
-0.00396
-0.00395
-0.00394
-0.00393
-0.00393
-0.00391
-0.0039
-0.00389
-0.00389
-0.00388
-0.00387
-0.00386
-0.00385
-0.00384
-0.00384
-0.00383
-0.00383
-0.00382
-0.00383
-0.00382
-0.00383
-0.00383
-0.00384
-0.00385
-0.00385
-0.00387
-0.00388
-0.00389
-0.0039
-0.00392
-0.00394
-0.00396
-0.00398
-0.004
-0.00403
-0.00405
-0.00408
-0.0041
-0.00413
-0.00415
-0.00418
-0.00421
-0.00424
-0.00426
-0.00429
-0.00431
-0.00434
-0.00435
-0.00438
-0.00439
-0.00441
-0.00443
-0.00444
-0.00444
-0.00445
-0.00446
-0.00446
-0.00446
-0.00445
-0.00444
-0.00443
-0.00442
-0.0044
-0.00438
-0.00436
-0.00433
-0.0043
-0.00427
-0.00424
-0.0042
-0.00416
-0.00412
-0.00408
-0.00403
-0.00398
-0.00393
-0.00388
-0.00382
-0.00376
-0.0037
-0.00363
-0.00356
-0.0035
-0.00342
-0.00335
-0.00326
-0.00318
-0.0031
-0.00301
-0.00292
-0.00282
-0.00272
-0.00262
-0.00251
-0.0024
-0.00228
-0.00217
-0.00205
-0.00193
-0.0018
-0.00168
-0.00155
-0.00142
-0.00129
-0.00115
-0.00102
-0.00088
-0.00075
-0.00061
-0.00047
-0.00034
-0.0002
-7e-05
6e-05
0.00019
0.00032
0.00045
0.00058
0.0007
0.00082
0.00094
0.00106
0.00118
0.00129
0.0014
0.00152
0.00162
0.00173
0.00182
0.00193
0.00202
0.00212
0.00221
0.0023
0.00239
0.00247
0.00255
0.00263
0.0027
0.00278
0.00285
0.00292
0.00298
0.00304
0.00309
0.00315
0.0032
0.00325
0.00329
0.00334
0.00338
0.00341
0.00344
0.00347
0.0035
0.00353
0.00355
0.00358
0.00359
0.00361
0.00363
0.00365
0.00366
0.00367
0.00368
0.0037
0.00371
0.00372
0.00373
0.00374
0.00375
0.00377
0.00378
0.00379
0.0038
0.00382
0.00383
0.00384
0.00385
0.00387
0.00387
0.00389
0.0039
0.00391
0.00392
0.00393
0.00395
0.00396
0.00397
0.00398
0.00399
0.004
0.004
0.00402
0.00402
0.00403
0.00404
0.00405
0.00405
0.00406
0.00407
0.00407
0.00408
0.00409
0.00409
0.0041
0.0041
0.00411
0.0041
0.00411
0.00411
0.00411
0.0041
0.0041
0.00409
0.00409
0.00408
0.00406
0.00405
0.00404
0.00402
0.004
0.00396
0.00394
0.00391
0.00388
0.00384
0.0038
0.00375
0.00371
0.00366
0.00361
0.00356
0.0035
0.00344
0.00338
0.00332
0.00325
0.00318
0.00311
0.00304
0.00297
0.00289
0.00282
0.00274
0.00267
0.00259
0.0025
0.00242
0.00234
0.00226
0.00218
0.00209
0.00201
0.00192
0.00184
0.00176
0.00168
0.00159
0.00151
0.00142
0.00134
0.00126
0.00118
0.0011
0.00102
0.00094
0.00087
0.00079
0.00073
0.00065
0.00059
0.00052
0.00046
0.0004
0.00034
0.00029
0.00024
0.00019
0.00014
0.0001
6e-05
2e-05
-1e-05
-5e-05
-8e-05
-0.00011
-0.00013
-0.00016
-0.00018
-0.0002
-0.00021
-0.00023
-0.00024
-0.00026
-0.00027
-0.00028
-0.00029
-0.0003
-0.0003
-0.00031
-0.00031
-0.00032
-0.00032
-0.00032
-0.00032
-0.00032
-0.00032
-0.00032
-0.00031
-0.00031
-0.0003
-0.0003
-0.00029
-0.00028
-0.00028
-0.00027
-0.00026
-0.00025
-0.00024
-0.00024
-0.00022
-0.00022
-0.00021
-0.00021
-0.0002
-0.0002
-0.00019
-0.00019
-0.00019
-0.00019
-0.00019
-0.00019
-0.0002
-0.00021
-0.00021
-0.00022
-0.00023
-0.00024
-0.00025
-0.00026
-0.00027
-0.00028
-0.0003
-0.00031
-0.00032
-0.00033
-0.00034
-0.00034
-0.00035
-0.00036
-0.00036
-0.00036
-0.00036
-0.00036
-0.00035
-0.00035
-0.00033
-0.00032
-0.00031
-0.00029
-0.00028
-0.00026
-0.00023
-0.00021
-0.00019
-0.00017
-0.00014
-0.00011
-9e-05
-6e-05
-4e-05
-1e-05
1e-05
3e-05
6e-05
8e-05
9e-05
0.00012
0.00013
0.00015
0.00016
0.00017
0.00018
0.00018
0.00019
0.00019
0.0002
0.00019
0.0002
0.00019
0.00018
0.00017
0.00016
0.00015
0.00014
0.00013
0.00012
9e-05
8e-05
5e-05
3e-05
0.0
-2e-05
-5e-05
-8e-05
-0.00011
-0.00015
-0.00019
-0.00023
-0.00027
-0.00032
-0.00037
-0.00041
-0.00047
-0.00052
-0.00059
-0.00064
-0.00071
-0.00078
-0.00085
-0.00091
-0.00099
-0.00106
-0.00114
-0.00121
-0.00129
-0.00136
-0.00144
-0.00151
-0.00159
-0.00166
-0.00173
-0.0018
-0.00187
-0.00193
-0.002
-0.00205
-0.00211
-0.00216
-0.00221
-0.00226
-0.0023
-0.00234
-0.00237
-0.0024
-0.00243
-0.00245
-0.00248
-0.00249
-0.00251
-0.00252
-0.00253
-0.00253
-0.00253
-0.00254
-0.00253
-0.00253
-0.00252
-0.00251
-0.0025
-0.00248
-0.00247
-0.00245
-0.00243
-0.0024
-0.00238
-0.00234
-0.00231
-0.00227
-0.00223
-0.00218
-0.00213
-0.00207
-0.00201
-0.00194
-0.00187
-0.0018
-0.00172
-0.00163
-0.00154
-0.00144
-0.00135
-0.00124
-0.00114
-0.00102
-0.00091
-0.00079
-0.00067
-0.00055
-0.00043
-0.0003
-0.00017
-4e-05
8e-05
0.00021
0.00033
0.00046
0.00058
0.0007
0.00082
0.00094
0.00105
0.00117
0.00127
0.00138
0.00149
0.00159
0.00169
0.00179
0.00188
0.00197
0.00206
0.00215
0.00224
0.00232
0.0024
0.00249
0.00257
0.00264
0.00272
0.00279
0.00287
0.00294
0.00301
0.00308
0.00314
0.00321
0.00327
0.00333
0.00338
0.00344
0.00348
0.00353
0.00357
0.0036
0.00363
0.00365
0.00367
0.00369
0.0037
0.0037
0.00369
0.00369
0.00368
0.00366
0.00363
0.0036
0.00356
0.00353
0.00348
0.00343
0.00337
0.00331
0.00325
0.00319
0.00312
0.00305
0.00296
0.00289
0.00281
0.00273
0.00264
0.00255
0.00246
0.00237
0.00228
0.00219
0.0021
0.002
0.00191
0.00182
0.00172
0.00163
0.00153
0.00144
0.00134
0.00125
0.00115
0.00106
0.00097
0.00088
0.00079
0.0007
0.00061
0.00052
0.00044
0.00036
0.00028
0.0002
0.00012
5e-05
-3e-05
-0.0001
-0.00017
-0.00024
-0.00031
-0.00037
-0.00044
-0.0005
-0.00056
-0.00062
-0.00067
-0.00072
-0.00078
-0.00083
-0.00088
-0.00093
-0.00098
-0.00102
-0.00107
-0.00111
-0.00116
-0.0012
-0.00124
-0.00128
-0.00132
-0.00136
-0.00139
-0.00142
-0.00146
-0.00148
-0.00152
-0.00154
-0.00157
-0.00159
-0.00162
-0.00164
-0.00166
-0.00167
-0.00169
-0.0017
-0.00171
-0.00172
-0.00172
-0.00172
-0.00173
-0.00172
-0.00172
-0.00171
-0.00171
-0.00169
-0.00169
-0.00167
-0.00166
-0.00163
-0.00162
-0.0016
-0.00157
-0.00155
-0.00152
-0.00149
-0.00146
-0.00143
-0.0014
-0.00137
-0.00133
-0.00129
-0.00126
-0.00122
-0.00118
-0.00113
-0.00109
-0.00105
-0.001
-0.00095
-0.0009
-0.00085
-0.0008
-0.00074
-0.00069
-0.00063
-0.00057
-0.0005
-0.00044
-0.00037
-0.00031
-0.00023
-0.00016
-8e-05
-1e-05
7e-05
0.00016
0.00025
0.00033
0.00043
0.00052
0.00062
0.00072
0.00082
0.00092
0.00104
0.00114
0.00126
0.00138
0.0015
0.00162
0.00174
0.00187
0.002
0.00213
0.00227
0.0024
0.00254
0.00268
0.00282
0.00295
0.00309
0.00323
0.00338
0.00351
0.00365
0.00379
0.00392
0.00406
0.0042
0.00433
0.00446
0.00459
0.00472
0.00484
0.00497
0.00509
0.00521
0.00532
0.00544
0.00554
0.00565
0.00575
0.00585
0.00595
0.00604
0.00613
0.00622
0.0063
0.00638
0.00645
0.00652
0.00659
0.00665
0.0067
0.00676
0.0068
0.00684
0.00687
0.0069
0.00693
0.00695
0.00696
0.00697
0.00697
0.00697
0.00696
0.00695
0.00693
0.00691
0.00687
0.00685
0.00681
0.00676
0.00671
0.00666
0.00661
0.00655
0.00649
0.00642
0.00635
0.00628
0.0062
0.00613
0.00604
0.00596
0.00588
0.00579
0.0057
0.00561
0.00551
0.00541
0.00531
0.00521
0.0051
0.00499
0.00488
0.00476
0.00464
0.00453
0.0044
0.00427
0.00414
0.00401
0.00387
0.00373
0.00359
0.00345
0.0033
0.00316
0.00301
0.00286
0.00271
0.00256
0.00241
0.00226
0.0021
0.00196
0.00181
0.00167
0.00152
0.00138
0.00124
0.00111
0.00098
0.00085
0.00072
0.00061
0.00048
0.00038
0.00026
0.00016
6e-05
-3e-05
-0.00013
-0.00021
-0.0003
-0.00037
-0.00045
-0.00053
-0.00059
-0.00065
-0.00072
-0.00077
-0.00083
-0.00088
-0.00092
-0.00096
-0.00101
-0.00104
-0.00108
-0.0011
-0.00113
-0.00115
-0.00117
-0.00118
-0.00119
-0.00119
-0.00119
-0.00119
-0.00119
-0.00117
-0.00116
-0.00113
-0.00111
-0.00108
-0.00105
-0.00101
-0.00097
-0.00093
-0.00088
-0.00084
-0.00078
-0.00072
-0.00067
-0.0006
-0.00054
-0.00048
-0.00041
-0.00034
-0.00028
-0.0002
-0.00013
-6e-05
1e-05
9e-05
0.00016
0.00023
0.00031
0.00038
0.00046
0.00054
0.0006
0.00068
0.00076
0.00083
0.00091
0.00098
0.00106
0.00114
0.00121
0.00128
0.00136
0.00143
0.00151
0.00158
0.00166
0.00174
0.00181
0.00188
0.00195
0.00203
0.0021
0.00217
0.00224
0.00231
0.00237
0.00244
0.0025
0.00256
0.00263
0.00269
0.00274
0.0028
0.00285
0.00291
0.00296
0.00301
0.00305
0.0031
0.00314
0.00319
0.00322
0.00326
0.0033
0.00333
0.00336
0.00339
0.00342
0.00345
0.00347
0.00349
0.00351
0.00353
0.00354
0.00355
0.00356
0.00357
0.00357
0.00358
0.00357
0.00357
0.00356
0.00356
0.00354
0.00353
0.00351
0.00349
0.00347
0.00345
0.00341
0.00339
0.00335
0.00332
0.00328
0.00324
0.0032
0.00316
0.00312
0.00307
0.00303
0.00299
0.00294
0.00289
0.00284
0.0028
0.00275
0.0027
0.00265
0.00261
0.00256
0.00251
0.00246
0.00242
0.00237
0.00233
0.00228
0.00223
0.00218
0.00214
0.00208
0.00204
0.00198
0.00193
0.00187
0.00182
0.00176
0.0017
0.00164
0.00158
0.00151
0.00145
0.00138
0.00131
0.00123
0.00116
0.00108
0.00101
0.00092
0.00084
0.00075
0.00067
0.00058
0.00049
0.0004
0.00031
0.00022
0.00013
4e-05
-5e-05
-0.00015
-0.00024
-0.00034
-0.00043
-0.00053
-0.00062
-0.00072
-0.00081
-0.00091
-0.001
-0.0011
-0.0012
-0.00129
-0.00139
-0.00149
-0.00159
-0.00169
-0.00178
-0.00189
-0.00198
-0.00209
-0.00219
-0.00229
-0.00239
-0.00249
-0.00259
-0.0027
-0.0028
-0.0029
-0.003
-0.0031
-0.00319
-0.00329
-0.00339
-0.00349
-0.00357
-0.00367
-0.00376
-0.00385
-0.00393
-0.00402
-0.0041
-0.00418
-0.00426
-0.00434
-0.00441
-0.00448
-0.00454
-0.00461
-0.00467
-0.00473
-0.00478
-0.00484
-0.00488
-0.00493
-0.00497
-0.00501
-0.00504
-0.00508
-0.0051
-0.00513
-0.00514
-0.00516
-0.00516
-0.00517
-0.00517
-0.00517
-0.00516
-0.00515
-0.00513
-0.00512
-0.00509
-0.00506
-0.00503
-0.00499
-0.00495
-0.00491
-0.00486
-0.0048
-0.00474
-0.00469
-0.00462
-0.00456
-0.00449
-0.00442
-0.00434
-0.00427
-0.00419
-0.00411
-0.00403
-0.00395
-0.00386
-0.00377
-0.00368
-0.00359
-0.00349
-0.0034
-0.0033
-0.0032
-0.0031
-0.003
-0.00289
-0.00279
-0.00268
-0.00257
-0.00246
-0.00235
-0.00224
-0.00213
-0.00201
-0.00189
-0.00178
-0.00166
-0.00154
-0.00143
-0.00131
-0.00119
-0.00107
-0.00096
-0.00084
-0.00073
-0.00062
-0.00051
-0.00041
-0.0003
-0.00019
-9e-05
1e-05
0.0001
0.0002
0.00029
0.00038
0.00046
0.00055
0.00063
0.00071
0.00079
0.00087
0.00094
0.00101
0.00108
0.00115
0.00122
0.00129
0.00135
0.00141
0.00147
0.00154
0.00159
0.00165
0.00171
0.00177
0.00182
0.00188
0.00193
0.00198
0.00203
0.00208
0.00213
0.00217
0.00221
0.00226
0.0023
0.00235
0.00238
0.00242
0.00246
0.0025
0.00254
0.00257
0.00261
0.00264
0.00268
0.00271
0.00275
0.00279
0.00282
0.00286
0.0029
0.00294
0.00297
0.00302
0.00305
0.0031
0.00314
0.00318
0.00322
0.00326
0.0033
0.00335
0.00339
0.00343
0.00347
0.00351
0.00354
0.00358
0.00361
0.00365
0.00367
0.0037
0.00372
0.00375
0.00376
0.00378
0.00379
0.00381
0.00382
0.00382
0.00382
0.00382
0.00382
0.00382
0.00381
0.00381
0.00379
0.00378
0.00377
0.00375
0.00374
0.00372
0.0037
0.00369
0.00366
0.00365
0.00362
0.0036
0.00357
0.00355
0.00352
0.0035
0.00347
0.00344
0.00341
0.00337
0.00334
0.0033
0.00326
0.00322
0.00318
0.00314
0.00308
0.00304
0.00298
0.00293
0.00287
0.00281
0.00275
0.00269
0.00262
0.00255
0.00247
0.0024
0.00232
0.00225
0.00217
0.00209
0.002
0.00192
0.00184
0.00175
0.00166
0.00158
0.00148
0.0014
0.00131
0.00122
0.00113
0.00104
0.00095
0.00087
0.00078
0.00069
0.0006
0.00052
0.00043
0.00036
0.00027
0.00019
0.00011
3e-05
-4e-05
-0.00012
-0.00019
-0.00027
-0.00034
-0.00041
-0.00047
-0.00054
-0.0006
-0.00066
-0.00073
-0.00078
-0.00084
-0.0009
-0.00095
-0.001
-0.00105
-0.0011
-0.00115
-0.0012
-0.00124
-0.00128
-0.00132
-0.00136
-0.00141
-0.00144
-0.00148
-0.00151
-0.00156
-0.00159
-0.00162
-0.00165
-0.00168
-0.00171
-0.00174
-0.00177
-0.00179
-0.00182
-0.00184
-0.00185
-0.00187
-0.00189
-0.0019
-0.00191
-0.00191
-0.00191
-0.00192
-0.00191
-0.0019
-0.00189
-0.00188
-0.00186
-0.00184
-0.00181
-0.00178
-0.00174
-0.00171
-0.00166
-0.00162
-0.00157
-0.00152
-0.00147
-0.00141
-0.00135
-0.00129
-0.00123
-0.00117
-0.00111
-0.00104
-0.00098
-0.00092
-0.00085
-0.00079
-0.00073
-0.00067
-0.0006
-0.00055
-0.00049
-0.00044
-0.00037
-0.00032
-0.00027
-0.00021
-0.00016
-0.00011
-5e-05
0.0
6e-05
0.00011
0.00017
0.00022
0.00029
0.00034
0.00041
0.00047
0.00054
0.00061
0.00068
0.00075
0.00083
0.00091
0.00099
0.00106
0.00115
0.00122
0.00131
0.00139
0.00148
0.00156
0.00164
0.00172
0.0018
0.00187
0.00195
0.00202
0.00209
0.00215
0.00222
0.00227
0.00233
0.00238
0.00243
0.00247
0.00251
0.00255
0.00258
0.00261
0.00264
0.00266
0.00268
0.0027
0.00271
0.00272
0.00273
0.00274
0.00275
0.00274
0.00275
0.00274
0.00274
0.00273
0.00272
0.00271
0.0027
0.00268
0.00266
0.00264
0.00262
0.00259
0.00256
0.00253
0.0025
0.00245
0.00241
0.00237
0.00232
0.00226
0.00221
0.00215
0.00209
0.00203
0.00196
0.00189
0.00182
0.00174
0.00167
0.00159
0.00152
0.00143
0.00136
0.00127
0.0012
0.00111
0.00104
0.00095
0.00088
0.00079
0.00072
0.00064
0.00056
0.00048
0.00041
0.00034
0.00027
0.00019
0.00012
5e-05
-2e-05
-9e-05
-0.00016
-0.00023
-0.00029
-0.00036
-0.00043
-0.0005
-0.00057
-0.00063
-0.0007
-0.00076
-0.00083
-0.0009
-0.00096
-0.00103
-0.00108
-0.00115
-0.00121
-0.00127
-0.00133
-0.00139
-0.00144
-0.0015
-0.00155
-0.0016
-0.00165
-0.00169
-0.00173
-0.00177
-0.0018
-0.00184
-0.00186
-0.00189
-0.0019
-0.00192
-0.00193
-0.00194
-0.00194
-0.00194
-0.00194
-0.00193
-0.00191
-0.00189
-0.00187
-0.00185
-0.00181
-0.00178
-0.00174
-0.0017
-0.00166
-0.00161
-0.00156
-0.00151
-0.00145
-0.0014
-0.00134
-0.00128
-0.00122
-0.00116
-0.00109
-0.00104
-0.00097
-0.00091
-0.00085
-0.00079
-0.00072
-0.00067
-0.0006
-0.00055
-0.00049
-0.00044
-0.00038
-0.00033
-0.00028
-0.00023
-0.00017
-0.00013
-8e-05
-3e-05
2e-05
6e-05
0.00011
0.00015
0.0002
0.00024
0.00029
0.00033
0.00038
0.00042
0.00047
0.00051
0.00056
0.0006
0.00065
0.0007
0.00075
