9.08855165965887E+02

-0.00131
-0.00136
-0.00141
-0.00147
-0.00151
-0.00157
-0.00162
-0.00168
-0.00173
-0.00178
-0.00184
-0.00189
-0.00193
-0.00199
-0.00203
-0.00208
-0.00211
-0.00216
-0.00219
-0.00222
-0.00225
-0.00227
-0.00229
-0.00231
-0.00233
-0.00233
-0.00234
-0.00234
-0.00233
-0.00233
-0.00231
-0.0023
-0.00228
-0.00226
-0.00223
-0.00221
-0.00217
-0.00213
-0.0021
-0.00206
-0.00202
-0.00197
-0.00192
-0.00187
-0.00182
-0.00177
-0.00171
-0.00165
-0.00159
-0.00153
-0.00146
-0.0014
-0.00133
-0.00126
-0.00119
-0.00112
-0.00104
-0.00096
-0.00088
-0.0008
-0.00072
-0.00064
-0.00055
-0.00047
-0.00038
-0.0003
-0.00021
-0.00013
-4e-05
4e-05
0.00013
0.00021
0.0003
0.00038
0.00046
0.00054
0.00062
0.00069
0.00077
0.00084
0.00092
0.00098
0.00105
0.00111
0.00117
0.00122
0.00128
0.00133
0.00138
0.00142
0.00147
0.00151
0.00155
0.00158
0.00161
0.00164
0.00167
0.00169
0.00171
0.00172
0.00174
0.00175
0.00176
0.00177
0.00178
0.00178
0.00179
0.00179
0.00179
0.00178
0.00178
0.00178
0.00177
0.00176
0.00176
0.00175
0.00174
0.00173
0.00172
0.00171
0.0017
0.0017
0.00169
0.00168
0.00168
0.00166
0.00166
0.00166
0.00166
0.00165
0.00166
0.00165
0.00166
0.00167
0.00167
0.00168
0.00169
0.00171
0.00172
0.00174
0.00176
0.00178
0.00181
0.00183
0.00186
0.00189
0.00193
0.00196
0.002
0.00203
0.00207
0.00211
0.00216
0.0022
0.00225
0.0023
0.00235
0.00239
0.00245
0.0025
0.00255
0.00259
0.00265
0.00269
0.00275
0.00279
0.00284
0.00288
0.00292
0.00297
0.00301
0.00304
0.00308
0.00311
0.00314
0.00316
0.00319
0.00321
0.00322
0.00323
0.00325
0.00325
0.00325
0.00325
0.00325
0.00324
0.00323
0.00322
0.00321
0.00318
0.00317
0.00314
0.00312
0.00309
0.00307
0.00303
0.00301
0.00297
0.00294
0.00291
0.00287
0.00284
0.00281
0.00278
0.00275
0.00271
0.00268
0.00265
0.00262
0.00259
0.00256
0.00253
0.0025
0.00247
0.00243
0.0024
0.00237
0.00233
0.0023
0.00226
0.00223
0.00218
0.00215
0.0021
0.00206
0.002
0.00196
0.0019
0.00185
0.00179
0.00173
0.00167
0.0016
0.00154
0.00147
0.0014
0.00133
0.00125
0.00118
0.0011
0.00103
0.00095
0.00087
0.00079
0.00072
0.00064
0.00056
0.00049
0.00041
0.00034
0.00027
0.00019
0.00012
5e-05
-2e-05
-9e-05
-0.00015
-0.00023
-0.00029
-0.00036
-0.00042
-0.00049
-0.00056
-0.00063
-0.0007
-0.00076
-0.00083
-0.0009
-0.00097
-0.00104
-0.00111
-0.00118
-0.00125
-0.00133
-0.0014
-0.00147
-0.00154
-0.00162
-0.00169
-0.00176
-0.00184
-0.00191
-0.00197
-0.00204
-0.0021
-0.00217
-0.00223
-0.00229
-0.00235
-0.0024
-0.00245
-0.0025
-0.00253
-0.00257
-0.00261
-0.00264
-0.00266
-0.00268
-0.0027
-0.00271
-0.00271
-0.00271
-0.00271
-0.0027
-0.00268
-0.00266
-0.00264
-0.00261
-0.00257
-0.00254
-0.0025
-0.00245
-0.0024
-0.00234
-0.00228
-0.00222
-0.00215
-0.00209
-0.00201
-0.00194
-0.00186
-0.00178
-0.00169
-0.00161
-0.00152
-0.00144
-0.00134
-0.00125
-0.00116
-0.00107
-0.00097
-0.00088
-0.00078
-0.00069
-0.00059
-0.00049
-0.00039
-0.0003
-0.00019
-0.0001
0.0
9e-05
0.00019
0.00029
0.00038
0.00048
0.00057
0.00066
0.00076
0.00084
0.00094
0.00102
0.00111
0.0012
0.00128
0.00136
0.00144
0.00151
0.00158
0.00165
0.00172
0.00178
0.00184
0.00189
0.00194
0.00198
0.00202
0.00206
0.00209
0.00211
0.00213
0.00214
0.00215
0.00216
0.00215
0.00215
0.00213
0.00212
0.0021
0.00207
0.00205
0.00201
0.00198
0.00194
0.0019
0.00186
0.00182
0.00177
0.00173
0.00168
0.00163
0.00158
0.00153
0.00149
0.00144
0.00139
0.00135
0.0013
0.00126
0.00121
0.00118
0.00113
0.00109
0.00105
0.00101
0.00097
0.00093
0.00089
0.00085
0.00082
0.00078
0.00074
0.0007
0.00065
0.00062
0.00058
0.00054
0.00049
0.00046
0.00041
0.00038
0.00033
0.00029
0.00025
0.00021
0.00018
0.00015
0.00011
8e-05
5e-05
3e-05
1e-05
-1e-05
-3e-05
-4e-05
-5e-05
-5e-05
-6e-05
-5e-05
-5e-05
-4e-05
-3e-05
-1e-05
1e-05
3e-05
6e-05
9e-05
0.00012
0.00015
0.00018
0.00022
0.00025
0.00029
0.00033
0.00037
0.0004
0.00044
0.00048
0.00052
0.00056
0.0006
0.00063
0.00066
0.00069
0.00073
0.00076
0.00079
0.00082
0.00085
0.00087
0.0009
0.00093
0.00095
0.00097
0.001
0.00102
0.00105
0.00106
0.00109
0.00111
0.00113
0.00115
0.00117
0.00118
0.0012
0.00122
0.00123
0.00124
0.00125
0.00126
0.00127
0.00128
0.00129
0.00128
0.00129
0.00128
0.00128
0.00127
0.00126
0.00124
0.00122
0.0012
0.00118
0.00115
0.00112
0.00109
0.00105
0.00101
0.00098
0.00093
0.00088
0.00083
0.00079
0.00073
0.00068
0.00062
0.00057
0.00051
0.00046
0.0004
0.00034
0.00028
0.00022
0.00017
0.00011
5e-05
-0.0
-6e-05
-0.00011
-0.00016
-0.00021
-0.00026
-0.0003
-0.00035
-0.00039
-0.00044
-0.00048
-0.00051
-0.00054
-0.00057
-0.0006
-0.00063
-0.00065
-0.00067
-0.00068
-0.0007
-0.00071
-0.00072
-0.00072
-0.00072
-0.00072
-0.00071
-0.00071
-0.00069
-0.00067
-0.00065
-0.00063
-0.00061
-0.00057
-0.00054
-0.0005
-0.00047
-0.00043
-0.00039
-0.00033
-0.00029
-0.00023
-0.00018
-0.00013
-6e-05
-0.0
6e-05
0.00013
0.00019
0.00026
0.00033
0.0004
0.00047
0.00054
0.00061
0.00069
0.00076
0.00083
0.00091
0.00098
0.00105
0.00112
0.00119
0.00127
0.00133
0.0014
0.00146
0.00153
0.00159
0.00165
0.00171
0.00176
0.00181
0.00186
0.00191
0.00195
0.00199
0.00203
0.00207
0.0021
0.00212
0.00215
0.00217
0.00219
0.00219
0.00221
0.00221
0.00221
0.00221
0.0022
0.00219
0.00217
0.00215
0.00213
0.0021
0.00208
0.00204
0.002
0.00195
0.00191
0.00185
0.0018
0.00173
0.00167
0.0016
0.00153
0.00145
0.00137
0.00129
0.00121
0.00112
0.00103
0.00093
0.00084
0.00074
0.00064
0.00054
0.00044
0.00034
0.00025
0.00014
4e-05
-5e-05
-0.00015
-0.00024
-0.00033
-0.00042
-0.0005
-0.00059
-0.00066
-0.00073
-0.0008
-0.00087
-0.00093
-0.00099
-0.00104
-0.00109
-0.00114
-0.00118
-0.00122
-0.00125
-0.00128
-0.00131
-0.00133
-0.00135
-0.00137
-0.00138
-0.00139
-0.0014
-0.00141
-0.00141
-0.00141
-0.00141
-0.00141
-0.0014
-0.00139
-0.00138
-0.00137
-0.00135
-0.00133
-0.00131
-0.00128
-0.00125
-0.00122
-0.00119
-0.00115
-0.00111
-0.00106
-0.00102
-0.00097
-0.00092
-0.00086
-0.0008
-0.00074
-0.00067
-0.0006
-0.00054
-0.00047
-0.0004
-0.00032
-0.00025
-0.00018
-0.0001
-2e-05
5e-05
0.00012
0.00019
0.00027
0.00034
0.00041
0.00048
0.00055
0.00061
0.00067
0.00073
0.00079
0.00084
0.0009
0.00095
0.001
0.00104
0.00108
0.00112
0.00115
0.00119
0.00122
0.00125
0.00128
0.00129
0.00132
0.00133
0.00135
0.00135
0.00136
0.00136
0.00137
0.00136
0.00136
0.00135
0.00134
0.00133
0.00131
0.00129
0.00127
0.00125
0.00122
0.00119
0.00116
0.00113
0.00109
0.00105
0.00102
0.00098
0.00094
0.0009
0.00085
0.00081
0.00077
0.00073
0.00069
0.00064
0.0006
0.00056
0.00052
0.00048
0.00044
0.0004
0.00037
0.00033
0.0003
0.00026
0.00023
0.00021
0.00018
0.00016
0.00014
0.00012
0.00011
9e-05
8e-05
7e-05
7e-05
7e-05
8e-05
9e-05
0.00011
0.00012
0.00015
0.00018
0.00022
0.00027
0.00032
0.00038
0.00045
0.00052
0.00061
0.0007
0.00081
0.00091
0.00104
0.00117
0.00131
0.00147
0.00163
0.0018
0.00199
0.00218
0.00238
0.00259
0.00282
0.00305
0.00329
0.00354
0.00379
0.00405
0.00433
0.00461
0.00489
0.00518
0.00547
0.00577
0.00608
0.00638
0.00669
0.007
0.00732
0.00763
0.00795
0.00827
0.00859
0.0089
0.00922
0.00953
0.00984
0.01015
0.01046
0.01077
0.01107
0.01137
0.01167
0.01196
0.01225
0.01254
0.01282
0.0131
0.01337
0.01363
0.0139
0.01416
0.01441
0.01466
0.0149
0.01514
0.01537
0.01559
0.01581
0.01602
0.01623
0.01642
0.01662
0.0168
0.01698
0.01714
0.01731
0.01746
0.01761
0.01775
0.01788
0.018
0.01812
0.01823
0.01833
0.01842
0.01851
0.01859
0.01866
0.01872
0.01878
0.01883
0.01888
0.01892
0.01895
0.01898
0.019
0.01902
0.01903
0.01904
0.01905
0.01905
0.01905
0.01904
0.01904
0.01902
0.01901
0.01899
0.01898
0.01896
0.01894
0.01891
0.01889
0.01887
0.01884
0.01881
0.01878
0.01874
0.01871
0.01867
0.01864
0.0186
0.01856
0.01851
0.01847
0.01842
0.01837
0.01832
0.01826
0.01821
0.01815
0.01809
0.01803
0.01797
0.01791
0.01784
0.01778
0.01771
0.01765
0.01758
0.01752
0.01745
0.01739
0.01732
0.01726
0.01719
0.01713
0.01707
0.01702
0.01695
0.0169
0.01684
0.0168
0.01674
0.01669
0.01664
0.0166
0.01655
0.01651
0.01646
0.01642
0.01638
0.01634
0.0163
0.01627
0.01622
0.01619
0.01615
0.01612
0.01608
0.01604
0.01601
0.01597
0.01594
0.0159
0.01587
0.01583
0.0158
0.01577
0.01574
0.01571
0.01567
0.01564
0.01561
0.01558
0.01555
0.01552
0.01548
0.01546
0.01543
0.01539
0.01536
0.01533
0.0153
0.01526
0.01523
0.01519
0.01515
0.01511
0.01507
0.01503
0.01498
0.01494
0.01489
0.01485
0.01479
0.01474
0.01469
0.01463
0.01458
0.01452
0.01447
0.01442
0.01436
0.0143
0.01425
0.0142
0.01415
0.0141
0.01405
0.014
0.01396
0.01391
0.01387
0.01383
0.0138
0.01376
0.01373
0.0137
0.01366
0.01364
0.01361
0.01358
0.01356
0.01353
0.01351
0.01349
0.01346
0.01344
0.01341
0.01339
0.01336
0.01334
0.01331
0.01329
0.01326
0.01323
0.0132
0.01318
0.01315
0.01312
0.01309
0.01307
0.01305
0.01303
0.013
0.01299
0.01297
0.01296
0.01295
0.01294
0.01293
0.01294
0.01294
0.01294
0.01295
0.01296
0.01296
0.01298
0.013
0.01301
0.01303
0.01305
0.01307
0.01309
0.01311
0.01313
0.01315
0.01317
0.01318
0.0132
0.0132
0.01322
0.01322
0.01323
0.01323
0.01323
0.01322
0.01321
0.01321
0.01319
0.01318
0.01317
0.01314
0.01313
0.0131
0.01308
0.01305
0.01302
0.01299
0.01296
0.01293
0.01289
0.01286
0.01282
0.01278
0.01274
0.0127
0.01266
0.01261
0.01257
0.01252
0.01247
0.01241
0.01236
0.01229
0.01224
0.01217
0.0121
0.01203
0.01195
0.01187
0.01179
0.01171
0.01162
0.01153
0.01144
0.01134
0.01125
0.01115
0.01105
0.01094
0.01084
0.01073
0.01063
0.01052
0.01041
0.0103
0.01019
0.01008
0.00997
0.00986
0.00975
0.00964
0.00953
0.00942
0.00931
0.00919
0.00908
0.00896
0.00885
0.00873
0.00861
0.00849
0.00837
0.00825
0.00812
0.00799
0.00787
0.00774
0.00761
0.00747
0.00734
0.0072
0.00707
0.00693
0.0068
0.00666
0.00652
0.00639
0.00626
0.00613
0.006
0.00587
0.00574
0.00562
0.0055
0.00538
0.00527
0.00515
0.00505
0.00494
0.00484
0.00473
0.00463
0.00453
0.00444
0.00434
0.00425
0.00415
0.00406
0.00396
0.00387
0.00377
0.00368
0.00358
0.00348
0.00338
0.00327
0.00316
0.00305
0.00294
0.00283
0.00272
0.00261
0.00248
0.00237
0.00225
0.00214
0.00202
0.0019
0.00179
0.00168
0.00157
0.00146
0.00136
0.00126
0.00117
0.00109
0.001
0.00093
0.00086
0.0008
0.00074
0.00069
0.00065
0.00061
0.00057
0.00056
0.00053
0.00052
0.00051
0.0005
0.0005
0.00051
0.00052
0.00053
0.00053
0.00055
0.00056
0.00058
0.00059
0.00061
0.00062
0.00064
0.00065
0.00066
0.00066
0.00067
0.00068
0.00068
0.00068
0.00068
0.00067
0.00066
0.00065
0.00064
0.00063
0.00061
0.00059
0.00058
0.00056
0.00054
0.00052
0.00049
0.00047
0.00045
0.00043
0.00041
0.00039
0.00037
0.00035
0.00033
0.0003
0.00029
0.00026
0.00025
0.00022
0.0002
0.00018
0.00015
0.00013
0.00011
8e-05
6e-05
3e-05
0.0
-3e-05
-6e-05
-0.0001
-0.00013
-0.00017
-0.0002
-0.00024
-0.00028
-0.00032
-0.00036
-0.0004
-0.00044
-0.00048
-0.00052
-0.00057
-0.00061
-0.00065
-0.00068
-0.00072
-0.00075
-0.00079
-0.00081
-0.00085
-0.00087
-0.00089
-0.00091
-0.00093
-0.00094
-0.00095
-0.00095
-0.00096
-0.00095
-0.00095
-0.00094
-0.00093
-0.00092
-0.00091
-0.00088
-0.00087
-0.00085
-0.00082
-0.0008
-0.00077
-0.00075
-0.00072
-0.00069
-0.00066
-0.00063
-0.0006
-0.00057
-0.00054
-0.00051
-0.00048
-0.00045
-0.00042
-0.00038
-0.00035
-0.00032
-0.00028
-0.00025
-0.00021
-0.00017
-0.00014
-9e-05
-5e-05
0.0
5e-05
0.0001
0.00015
0.00021
0.00027
0.00033
0.00039
0.00046
0.00053
0.0006
0.00068
0.00076
0.00083
0.00091
0.00099
0.00108
0.00115
0.00124
0.00132
0.0014
0.00148
0.00156
0.00164
0.00171
0.00179
0.00186
0.00193
0.002
0.00206
0.00212
0.00218
0.00224
0.00228
0.00233
0.00237
0.00241
0.00244
0.00247
0.00249
0.00251
0.00253
0.00255
0.00256
0.00257
0.00257
0.00257
0.00257
0.00257
0.00256
0.00255
0.00254
0.00254
0.00252
0.0025
0.00249
0.00247
0.00245
0.00244
0.00241
0.0024
0.00237
0.00235
0.00233
0.00231
0.00228
0.00226
0.00223
0.0022
0.00217
0.00214
0.00211
0.00208
0.00205
0.00202
0.00198
0.00195
0.00191
0.00188
0.00184
0.0018
0.00176
0.00172
0.00168
0.00164
0.00159
0.00155
0.00151
0.00147
0.00142
0.00138
0.00134
0.0013
0.00126
0.00122
0.00118
0.00114
0.00109
0.00106
0.00101
0.00098
0.00094
0.0009
0.00087
0.00083
0.00079
0.00076
0.00072
0.00068
0.00064
0.0006
0.00056
0.00052
0.00048
0.00044
0.00039
0.00035
0.0003
0.00025
0.00021
0.00015
0.0001
5e-05
-1e-05
-6e-05
-0.00012
-0.00018
-0.00024
-0.0003
-0.00036
-0.00042
-0.00049
-0.00054
-0.00061
-0.00067
-0.00073
-0.0008
-0.00085
-0.00091
-0.00097
-0.00103
-0.00109
-0.00114
-0.00119
-0.00124
-0.00129
-0.00134
-0.00138
-0.00142
-0.00146
-0.0015
-0.00154
-0.00157
-0.0016
-0.00162
-0.00165
-0.00167
-0.00169
-0.0017
-0.00172
-0.00173
-0.00174
-0.00174
-0.00175
-0.00174
-0.00174
-0.00173
-0.00172
-0.00171
-0.0017
-0.00168
-0.00166
-0.00163
-0.00161
-0.00158
-0.00156
-0.00152
-0.00149
-0.00146
-0.00143
-0.00138
-0.00135
-0.00131
-0.00127
-0.00123
-0.00119
-0.00115
-0.00111
-0.00106
-0.00102
-0.00098
-0.00094
-0.00089
-0.00085
-0.0008
-0.00076
-0.00071
-0.00067
-0.00063
-0.00059
-0.00054
-0.0005
-0.00045
-0.00041
-0.00036
-0.00032
-0.00027
-0.00022
-0.00017
-0.00013
-7e-05
-3e-05
3e-05
7e-05
0.00012
0.00017
0.00022
0.00027
0.00033
0.00038
0.00043
0.00048
0.00053
0.00058
0.00064
0.00068
0.00073
0.00078
0.00083
0.00088
0.00092
0.00097
0.00101
0.00106
0.0011
0.00114
0.00119
0.00122
0.00126
0.0013
0.00134
0.00137
0.00141
0.00144
0.00147
0.0015
0.00153
0.00156
0.00159
0.00162
0.00165
0.00167
0.0017
0.00172
0.00175
0.00177
0.0018
0.00182
0.00185
0.00187
0.0019
0.00192
0.00194
0.00197
0.00199
0.00202
0.00205
0.00208
0.00211
0.00213
0.00217
0.00219
0.00223
0.00226
0.00229
0.00232
0.00236
0.0024
0.00243
0.00246
0.0025
0.00253
0.00257
0.0026
0.00264
0.00267
0.0027
0.00273
0.00276
0.00278
0.00281
0.00283
0.00285
0.00287
0.00289
0.0029
0.00291
0.00292
0.00292
0.00293
0.00293
0.00292
0.00292
0.00291
0.0029
0.00288
0.00287
0.00285
0.00283
0.00281
0.00278
0.00275
0.00272
0.0027
0.00267
0.00263
0.0026
0.00256
0.00253
0.00249
0.00245
0.00241
0.00237
0.00233
0.00229
0.00225
0.00221
0.00216
0.00212
0.00208
0.00204
0.00199
0.00196
0.00191
0.00187
0.00183
0.0018
0.00176
0.00172
0.00169
0.00166
0.00163
0.0016
0.00158
0.00156
0.00154
0.00153
0.00152
0.00151
0.0015
0.0015
0.0015
0.00151
0.00152
0.00153
0.00155
0.00157
0.00159
0.00162
0.00164
0.00167
0.0017
0.00174
0.00177
0.00181
0.00184
0.00188
0.00192
0.00196
0.002
0.00204
0.00207
0.00211
0.00215
0.00218
0.00222
0.00225
0.00228
0.00232
0.00235
0.00238
0.0024
0.00243
0.00246
0.00249
0.00251
0.00254
0.00256
0.00259
0.0026
0.00263
0.00265
0.00267
0.00268
0.0027
0.00272
0.00274
0.00275
0.00277
0.00277
0.00279
0.00279
0.0028
0.0028
0.0028
0.00279
0.00279
0.00277
0.00276
0.00274
0.00272
0.0027
0.00267
0.00263
0.0026
0.00255
0.00251
0.00246
0.00241
0.00234
0.00228
0.00222
0.00215
0.00207
0.00199
0.00192
0.00183
0.00175
0.00166
0.00157
0.00148
0.00138
0.00128
0.00118
0.00108
0.00097
0.00087
0.00076
0.00065
0.00053
0.00042
0.00031
0.00019
8e-05
-4e-05
-0.00016
-0.00027
-0.00039
-0.00051
-0.00063
-0.00074
-0.00087
-0.00098
-0.0011
-0.00121
-0.00133
-0.00144
-0.00155
-0.00165
-0.00176
-0.00186
-0.00196
-0.00205
-0.00215
-0.00223
-0.00232
-0.0024
-0.00248
-0.00255
-0.00262
-0.00268
-0.00275
-0.0028
-0.00285
-0.00289
-0.00294
-0.00297
-0.00301
-0.00304
-0.00306
-0.00308
-0.0031
-0.00312
-0.00313
-0.00314
-0.00315
-0.00315
-0.00315
-0.00315
-0.00315
-0.00314
-0.00313
-0.00312
-0.00311
-0.00309
-0.00308
-0.00306
-0.00305
-0.00303
-0.00301
-0.00298
-0.00297
-0.00294
-0.00292
-0.00289
-0.00286
-0.00283
-0.00279
-0.00276
-0.00273
-0.00268
-0.00265
-0.0026
-0.00256
-0.00251
-0.00246
-0.00241
-0.00235
-0.0023
-0.00224
-0.00218
-0.00211
-0.00204
-0.00198
-0.0019
-0.00183
-0.00175
-0.00167
-0.00159
-0.00151
-0.00142
-0.00134
-0.00124
-0.00115
-0.00106
-0.00097
-0.00087
-0.00077
-0.00067
-0.00057
-0.00047
-0.00037
-0.00026
-0.00016
-6e-05
5e-05
0.00015
0.00025
0.00036
0.00047
0.00057
0.00067
0.00077
0.00088
0.00098
0.00108
0.00118
0.00127
0.00137
0.00146
0.00156
0.00164
0.00173
0.00181
0.0019
0.00197
0.00205
0.00212
0.00218
0.00224
0.00231
0.00236
0.00241
0.00245
0.0025
0.00253
0.00256
0.00258
0.00261
0.00262
0.00263
0.00264
0.00264
0.00263
0.00263
0.00261
0.0026
0.00258
0.00256
0.00253
0.0025
0.00247
0.00244
0.0024
0.00236
0.00231
0.00227
0.00223
0.00218
0.00213
0.00208
0.00203
0.00198
0.00193
0.00188
0.00182
0.00177
0.00171
0.00166
0.00161
0.00155
0.00149
0.00144
0.00138
0.00132
0.00126
0.0012
0.00114
0.00109
0.00102
0.00097
0.0009
0.00084
0.00078
0.00072
0.00065
0.00059
0.00053
0.00047
0.00041
0.00035
0.00028
0.00022
0.00016
0.00011
5e-05
0.0
-6e-05
-0.00011
-0.00016
-0.00021
-0.00026
-0.0003
-0.00034
-0.00038
-0.00042
-0.00045
-0.00048
-0.00051
-0.00054
-0.00055
-0.00057
-0.00059
-0.0006
-0.00061
-0.00061
-0.00061
-0.00061
-0.0006
-0.0006
-0.00058
-0.00057
-0.00055
-0.00053
-0.0005
-0.00048
-0.00045
-0.00041
-0.00038
-0.00035
-0.0003
-0.00027
-0.00022
-0.00018
-0.00013
-9e-05
-4e-05
0.0
5e-05
0.0001
0.00015
0.0002
0.00025
0.0003
0.00035
0.00039
0.00045
0.00049
0.00055
0.00059
0.00065
0.00069
0.00075
0.00079
0.00084
0.00089
0.00094
0.00099
0.00104
0.00108
0.00113
0.00118
0.00123
0.00127
0.00132
0.00136
0.00141
0.00145
0.0015
0.00154
0.00158
0.00162
0.00165
0.00169
0.00173
0.00176
0.0018
0.00182
0.00185
0.00188
0.00191
0.00193
0.00196
0.00198
0.00201
0.00202
0.00204
0.00206
0.00208
0.0021
0.00211
0.00213
0.00215
0.00216
0.00218
0.00219
0.00221
0.00222
0.00224
0.00225
0.00227
0.00228
0.00229
0.0023
0.00231
0.00232
0.00232
0.00233
0.00234
0.00233
0.00234
0.00233
0.00233
0.00232
0.00232
0.0023
0.00229
0.00227
0.00225
0.00223
0.00221
0.00218
0.00216
0.00213
0.0021
0.00206
0.00203
0.00199
0.00196
0.00192
0.00189
0.00185
0.00182
0.00178
0.00175
0.00171
0.00168
0.00165
0.00162
0.00159
0.00157
0.00155
0.00153
0.00151
0.0015
0.00148
0.00148
0.00147
0.00147
0.00146
0.00146
0.00146
0.00147
0.00148
0.00149
0.0015
0.00151
0.00153
0.00155
0.00156
0.00159
0.00161
0.00163
0.00165
0.00169
0.00171
0.00174
0.00177
0.0018
0.00184
0.00188
0.00191
0.00196
0.00199
0.00204
0.00208
0.00213
0.00217
0.00222
0.00227
0.00232
0.00237
0.00243
0.00248
0.00254
0.0026
0.00266
0.00272
0.00278
0.00283
0.0029
0.00296
0.00302
0.00308
0.00314
0.00319
0.00325
0.0033
0.00336
0.00341
0.00346
0.0035
0.00355
0.00359
0.00363
0.00366
0.00369
0.00371
0.00374
0.00375
0.00377
0.00378
0.00379
0.00378
0.00378
0.00377
0.00376
0.00374
0.00372
0.00369
0.00367
0.00363
0.00359
0.00355
0.0035
0.00345
0.0034
0.00334
0.00328
0.00321
0.00314
0.00307
0.003
0.00292
0.00285
0.00277
0.00268
0.00259
0.00251
0.00242
0.00233
0.00223
0.00214
0.00204
0.00194
0.00184
0.00174
0.00164
0.00153
0.00143
0.00133
0.00122
0.00112
0.00101
0.00091
0.0008
0.0007
0.00059
0.00049
0.00038
0.00029
0.00019
9e-05
-0.0
-0.0001
-0.00019
-0.00027
-0.00035
-0.00043
-0.00051
-0.00058
-0.00066
-0.00072
-0.00078
-0.00084
-0.0009
-0.00094
-0.00099
-0.00104
-0.00108
-0.00112
-0.00115
-0.00118
-0.0012
-0.00122
-0.00125
-0.00126
-0.00128
-0.00129
-0.00131
-0.00131
-0.00133
-0.00133
-0.00133
-0.00134
-0.00134
-0.00134
-0.00134
-0.00134
-0.00134
-0.00133
-0.00133
-0.00133
-0.00132
-0.00132
-0.00131
-0.0013
-0.0013
-0.00129
-0.00128
-0.00127
-0.00127
-0.00126
-0.00124
-0.00123
-0.00121
-0.00119
-0.00118
-0.00116
-0.00114
-0.00112
-0.0011
-0.00107
-0.00104
-0.00101
-0.00098
-0.00095
-0.00092
-0.00089
-0.00085
-0.00082
-0.00078
-0.00074
-0.0007
-0.00066
-0.00062
-0.00058
-0.00054
-0.00049
-0.00045
-0.00041
-0.00037
-0.00033
-0.00029
-0.00025
-0.0002
-0.00016
-0.00012
-8e-05
-5e-05
-1e-05
3e-05
7e-05
0.0001
0.00014
0.00017
0.00021
0.00024
0.00027
0.0003
0.00033
0.00036
0.00039
0.00042
0.00045
0.00047
0.00051
0.00053
0.00056
0.00058
0.00061
0.00063
0.00066
0.00068
0.0007
0.00073
0.00074
0.00077
0.00078
0.0008
0.00082
0.00083
0.00084
0.00085
0.00086
0.00086
0.00086
0.00085
0.00085
0.00084
0.00083
0.00081
0.00079
0.00077
0.00075
0.00072
0.00069
0.00065
0.00061
0.00056
0.00052
0.00047
0.00042
0.00036
0.0003
0.00024
0.00018
0.00011
4e-05
-2e-05
-9e-05
-0.00016
-0.00023
-0.00031
-0.00038
-0.00046
-0.00053
-0.0006
-0.00068
-0.00076
-0.00082
-0.0009
-0.00097
-0.00105
-0.00112
-0.00119
-0.00126
-0.00133
-0.00139
-0.00147
-0.00153
-0.0016
-0.00166
-0.00173
-0.00178
-0.00185
-0.0019
-0.00196
-0.00201
-0.00206
-0.00211
-0.00216
-0.0022
-0.00224
-0.00227
-0.00231
-0.00234
-0.00237
-0.00239
-0.00241
-0.00243
-0.00244
-0.00245
-0.00245
-0.00246
-0.00245
-0.00245
-0.00244
-0.00243
-0.00241
-0.00239
-0.00237
-0.00234
-0.00232
-0.00229
-0.00226
-0.00222
-0.00219
-0.00215
-0.00212
-0.00208
-0.00204
-0.002
-0.00196
-0.00192
-0.00188
-0.00183
-0.0018
-0.00175
-0.00171
-0.00166
-0.00163
-0.00158
-0.00154
-0.00149
-0.00145
-0.0014
-0.00136
-0.00131
-0.00126
-0.00121
-0.00116
-0.00111
-0.00107
-0.00101
-0.00096
-0.0009
-0.00085
-0.00079
-0.00074
-0.00068
-0.00062
-0.00056
-0.00051
-0.00045
-0.00039
-0.00033
-0.00027
-0.00021
-0.00016
-0.0001
-4e-05
2e-05
7e-05
0.00012
0.00018
0.00023
0.00028
0.00034
0.00038
0.00043
0.00049
0.00054
0.00059
0.00064
0.00068
0.00073
0.00078
0.00083
0.00088
0.00093
0.00097
0.00103
0.00108
0.00113
0.00118
0.00122
0.00128
0.00133
0.00138
0.00144
0.00149
0.00154
0.00159
0.00165
0.00171
0.00176
0.00182
0.00188
0.00193
0.00199
0.00205
0.00211
0.00218
0.00224
0.0023
0.00237
0.00243
0.0025
0.00257
0.00264
0.00271
0.00278
0.00285
0.00293
0.00301
0.00308
0.00316
0.00324
0.00332
0.00341
0.00349
0.00357
0.00365
0.00374
0.00382
0.00391
0.00398
0.00407
0.00415
0.00423
0.00431
0.00438
0.00446
0.00453
0.0046
0.00467
0.00474
0.0048
0.00485
0.00492
0.00497
0.00502
0.00506
0.0051
0.00514
0.00518
0.00521
0.00523
0.00525
0.00527
0.00528
0.00529
0.0053
0.0053
0.00529
0.00528
0.00526
0.00525
0.00522
0.00519
0.00516
0.00512
0.00508
0.00503
0.00497
0.00492
0.00485
0.00479
0.00472
0.00465
0.00456
0.00448
0.00439
0.00431
0.00421
0.00411
0.00401
0.00391
0.00381
0.0037
0.00359
0.00348
0.00337
0.00325
0.00314
0.00303
0.00291
0.0028
0.00268
0.00257
0.00245
0.00233
0.00221
0.0021
0.00198
0.00187
0.00175
0.00164
0.00153
0.00142
0.00131
0.0012
0.00109
0.00098
0.00087
0.00077
0.00066
0.00056
0.00046
0.00036
0.00026
0.00017
7e-05
-2e-05
-0.00011
-0.00019
-0.00028
-0.00036
-0.00045
-0.00052
-0.00059
-0.00066
-0.00074
-0.0008
-0.00087
-0.00092
-0.00099
-0.00104
-0.0011
-0.00115
-0.0012
-0.00125
-0.0013
-0.00134
-0.00139
-0.00143
-0.00148
-0.00152
-0.00156
-0.0016
-0.00165
-0.00168
-0.00173
-0.00177
-0.00181
-0.00185
-0.00188
-0.00192
-0.00196
-0.00199
-0.00203
-0.00206
-0.00209
-0.00212
-0.00215
-0.00218
-0.0022
-0.00222
-0.00224
-0.00226
-0.00227
-0.00228
-0.00229
-0.00229
-0.00229
-0.00228
-0.00228
-0.00227
-0.00226
-0.00225
-0.00223
-0.00221
-0.00219
-0.00217
-0.00214
-0.00212
-0.00209
-0.00206
-0.00203
-0.002
-0.00197
-0.00193
-0.0019
-0.00187
-0.00183
-0.0018
-0.00177
-0.00173
-0.00169
-0.00165
-0.00162
-0.00158
-0.00154
-0.0015
-0.00146
-0.00141
-0.00136
-0.00131
-0.00127
-0.00121
-0.00116
-0.00111
-0.00105
-0.00099
-0.00094
-0.00087
-0.00081
-0.00075
-0.00068
-0.00062
-0.00055
-0.00049
-0.00042
-0.00035
-0.0003
-0.00023
-0.00017
-0.00011
-6e-05
-1e-05
4e-05
9e-05
0.00013
0.00016
0.0002
0.00022
0.00025
0.00027
0.00029
0.0003
0.0003
0.00031
0.00031
0.00031
0.0003
0.00029
0.00027
0.00026
0.00024
0.00022
0.0002
0.00017
0.00014
0.00012
9e-05
6e-05
3e-05
0.0
-3e-05
-6e-05
-9e-05
-0.00011
-0.00015
-0.00017
-0.0002
-0.00023
-0.00026
-0.00029
-0.00032
-0.00034
-0.00037
-0.00039
-0.00042
-0.00045
-0.00047
-0.0005
-0.00052
-0.00054
-0.00057
-0.00059
-0.00062
-0.00064
-0.00066
-0.00068
-0.00069
-0.00071
-0.00072
-0.00074
-0.00075
-0.00076
-0.00077
-0.00077
-0.00078
-0.00078
-0.00078
-0.00077
-0.00077
-0.00077
-0.00076
-0.00075
-0.00073
-0.00072
-0.0007
-0.00068
-0.00067
-0.00064
-0.00062
-0.00059
-0.00057
-0.00054
-0.00052
-0.00049
-0.00046
-0.00044
-0.00041
-0.00038
-0.00036
-0.00033
-0.0003
-0.00027
-0.00025
-0.00022
-0.00019
-0.00016
-0.00014
-0.00011
-9e-05
-6e-05
-4e-05
-1e-05
1e-05
3e-05
6e-05
9e-05
0.00012
0.00014
0.00016
0.0002
0.00022
0.00025
0.00028
0.00031
0.00033
0.00037
0.0004
0.00043
0.00046
0.00048
0.00052
0.00055
0.00058
0.00061
0.00064
0.00067
0.0007
0.00074
0.00076
0.00079
0.00082
0.00085
0.00087
0.0009
0.00092
0.00094
0.00096
0.00099
0.001
0.00103
0.00104
0.00106
0.00107
0.00109
0.00109
0.00111
0.00111
0.00113
0.00113
0.00114
0.00114
0.00115
0.00115
0.00116
0.00116
0.00116
0.00115
0.00116
0.00115
0.00115
0.00115
0.00115
0.00114
0.00114
0.00113
0.00112
0.00111
0.00111
0.0011
0.00109
0.00109
0.00108
0.00107
0.00106
0.00105
0.00105
0.00104
0.00103
0.00102
0.00102
0.00101
0.00101
0.001
0.001
0.00099
0.00099
0.00099
0.00099
0.00099
0.00099
0.00099
0.00099
0.00099
0.001
0.00099
0.001
0.001
0.001
0.001
0.001
0.001
0.001
0.001
0.00099
0.00098
0.00098
0.00097
0.00096
0.00095
0.00093
0.00091
0.0009
0.00088
0.00086
0.00084
0.00081
0.00079
0.00077
0.00074
0.00072
0.00068
0.00066
0.00063
0.00061
0.00058
0.00056
0.00052
0.00051
0.00048
0.00046
0.00044
0.00042
0.0004
0.00039
0.00038
0.00037
0.00035
0.00035
0.00034
0.00034
0.00033
0.00032
0.00032
0.00032
0.00031
0.00031
0.0003
0.0003
0.0003
0.00029
0.00028
0.00028
0.00026
0.00025
0.00024
0.00022
0.0002
0.00018
0.00016
0.00014
0.00011
8e-05
4e-05
1e-05
-3e-05
-6e-05
-0.00011
-0.00015
-0.0002
-0.00024
-0.00029
-0.00034
-0.00039
-0.00044
-0.0005
-0.00055
-0.00061
-0.00067
-0.00073
-0.00079
-0.00085
-0.0009
-0.00096
-0.00102
-0.00108
-0.00114
-0.0012
-0.00125
-0.00131
-0.00136
-0.00142
-0.00146
-0.00151
-0.00156
-0.00161
-0.00165
-0.00169
-0.00173
-0.00176
-0.00179
-0.00182
-0.00184
-0.00187
-0.00188
-0.0019
-0.00191
-0.00192
-0.00192
-0.00192
-0.00192
-0.00191
-0.00191
-0.00189
-0.00188
-0.00186
-0.00184
-0.00183
-0.0018
-0.00178
-0.00175
-0.00173
-0.0017
-0.00168
-0.00164
-0.00162
-0.00159
-0.00156
-0.00153
-0.00149
-0.00146
-0.00143
-0.00139
-0.00136
-0.00132
-0.00129
-0.00125
-0.00122
-0.00118
-0.00114
-0.0011
-0.00106
-0.00102
-0.00098
-0.00094
-0.00089
-0.00085
-0.0008
-0.00075
-0.00071
-0.00066
-0.00062
-0.00057
-0.00053
-0.00048
-0.00044
-0.00039
-0.00035
-0.00031
-0.00027
-0.00024
-0.0002
-0.00017
-0.00014
-0.00011
-9e-05
-6e-05
-5e-05
-3e-05
-2e-05
-0.0
0.0
1e-05
1e-05
2e-05
1e-05
1e-05
1e-05
0.0
-1e-05
-1e-05
-3e-05
-4e-05
-5e-05
-6e-05
-8e-05
-9e-05
-0.0001
-0.00011
-0.00013
-0.00015
-0.00016
-0.00018
-0.0002
-0.00021
-0.00023
-0.00024
-0.00026
-0.00028
-0.0003
-0.00031
-0.00033
-0.00035
-0.00037
-0.00038
-0.00041
-0.00042
-0.00045
-0.00047
-0.00049
-0.00051
-0.00053
-0.00055
-0.00057
-0.00059
-0.00062
-0.00063
-0.00066
-0.00068
-0.00071
-0.00073
-0.00076
-0.00078
-0.00081
-0.00083
-0.00086
-0.00089
-0.00091
-0.00094
-0.00097
-0.001
-0.00103
-0.00106
-0.0011
-0.00113
-0.00117
-0.0012
-0.00124
-0.00128
-0.00132
-0.00136
-0.0014
-0.00144
-0.00149
-0.00153
-0.00157
-0.00161
-0.00166
-0.0017
-0.00174
-0.00178
-0.00183
-0.00186
-0.0019
-0.00194
-0.00198
-0.00201
-0.00204
-0.00208
-0.00211
-0.00213
-0.00216
-0.00218
-0.00221
-0.00223
-0.00225
-0.00227
-0.00229
-0.0023
-0.00232
-0.00233
-0.00234
-0.00236
-0.00237
-0.00238
-0.00239
-0.00239
-0.00241
-0.00241
-0.00242
-0.00243
-0.00244
-0.00245
-0.00246
-0.00246
-0.00247
-0.00248
-0.00249
-0.0025
-0.0025
-0.0025
-0.00251
-0.00251
-0.00252
-0.00252
-0.00252
-0.00251
-0.00251
-0.00251
-0.0025
-0.00249
-0.00248
-0.00247
-0.00246
-0.00244
-0.00242
-0.0024
-0.00237
-0.00234
-0.00232
-0.00228
-0.00225
-0.00221
-0.00218
-0.00213
-0.0021
-0.00204
-0.002
-0.00195
-0.0019
-0.00185
-0.00179
-0.00173
-0.00167
-0.00161
-0.00156
-0.00149
-0.00143
-0.00136
-0.0013
-0.00123
-0.00117
-0.00109
-0.00103
-0.00097
-0.0009
-0.00084
-0.00077
-0.00071
-0.00065
-0.00059
-0.00054
-0.00048
-0.00043
-0.00038
-0.00034
-0.00029
-0.00026
-0.00022
-0.00019
-0.00017
-0.00015
-0.00013
-0.00011
-0.0001
-9e-05
-9e-05
-9e-05
-9e-05
-0.0001
-0.0001
-0.00012
-0.00013
-0.00014
-0.00015
-0.00017
-0.00019
-0.0002
-0.00022
-0.00023
-0.00024
-0.00025
-0.00026
-0.00027
-0.00027
-0.00028
-0.00028
-0.00028
-0.00027
-0.00027
-0.00025
-0.00024
-0.00023
-0.00021
-0.00019
-0.00017
-0.00015
-0.00013
-0.0001
-8e-05
-6e-05
-4e-05
-1e-05
1e-05
3e-05
4e-05
7e-05
8e-05
9e-05
0.0001
0.00011
0.00012
0.00013
0.00013
0.00014
0.00013
0.00013
0.00013
0.00013
0.00012
0.00011
0.0001
0.0001
9e-05
8e-05
7e-05
5e-05
4e-05
3e-05
2e-05
1e-05
-1e-05
-1e-05
-3e-05
-4e-05
-6e-05
-7e-05
-9e-05
-0.00011
-0.00013
-0.00015
-0.00018
-0.0002
-0.00023
-0.00026
-0.00029
-0.00032
-0.00036
-0.00039
-0.00043
-0.00047
-0.00052
-0.00056
-0.00061
-0.00065
-0.0007
-0.00075
-0.00081
-0.00086
-0.00091
-0.00096
-0.00101
-0.00106
-0.00111
-0.00116
-0.0012
-0.00125
-0.00129
-0.00133
-0.00138
-0.00141
-0.00145
-0.00148
-0.00151
-0.00154
-0.00156
-0.00158
-0.0016
-0.00161
-0.00163
-0.00164
-0.00165
-0.00165
-0.00166
-0.00166
-0.00166
-0.00165
-0.00165
-0.00164
-0.00163
-0.00162
-0.0016
-0.00159
-0.00157
-0.00155
-0.00154
-0.00151
-0.0015
-0.00147
-0.00145
-0.00143
-0.00141
-0.00138
-0.00136
-0.00134
-0.00132
-0.0013
-0.00127
-0.00125
-0.00123
-0.0012
-0.00119
-0.00117
-0.00115
-0.00113
-0.00111
-0.00109
-0.00108
-0.00106
-0.00104
-0.00102
-0.00101
-0.00099
-0.00097
-0.00095
-0.00094
-0.00091
-0.0009
-0.00088
-0.00086
-0.00083
-0.00081
-0.00079
-0.00077
-0.00074
-0.00071
-0.00068
-0.00066
-0.00063
-0.00059
-0.00056
-0.00053
-0.00049
-0.00046
-0.00042
-0.00038
-0.00034
-0.0003
-0.00026
-0.00022
-0.00017
-0.00012
-8e-05
-3e-05
2e-05
7e-05
0.00013
0.00019
0.00025
0.0003
0.00037
0.00043
0.0005
0.00056
0.00064
0.0007
0.00078
0.00086
0.00094
0.00101
0.0011
0.00118
0.00127
0.00135
0.00144
0.00153
0.00162
0.00171
0.0018
0.00189
0.00199
0.00207
0.00217
0.00226
0.00235
0.00244
0.00252
0.00261
0.0027
0.00279
0.00288
0.00296
0.00305
0.00313
0.00321
0.0033
0.00338
0.00346
0.00355
0.00363
0.00371
0.0038
0.00388
0.00397
0.00405
0.00414
0.00423
0.00432
0.00441
0.0045
0.00459
0.00468
0.00477
0.00486
0.00496
0.00505
0.00515
0.00524
0.00533
0.00542
0.00551
0.0056
0.00569
0.00577
0.00586
0.00594
0.00603
0.0061
0.00618
0.00625
0.00633
0.0064
0.00647
0.00653
0.0066
0.00666
0.00672
0.00678
0.00684
0.00688
0.00694
0.00699
0.00704
0.00708
0.00713
0.00717
0.00721
0.00725
0.00729
0.00732
0.00735
0.00738
0.00741
0.00744
0.00746
0.00748
0.0075
0.00751
0.00752
0.00752
0.00753
0.00752
0.00752
0.0075
0.00749
0.00747
0.00744
0.00741
0.00738
0.00734
0.00729
0.00723
0.00718
0.00712
0.00705
0.00698
0.0069
0.00682
0.00673
0.00664
0.00654
0.00643
0.00633
0.00621
0.0061
0.00598
0.00586
0.00572
0.00559
0.00546
0.00532
0.00517
0.00503
0.00487
0.00472
0.00456
0.0044
0.00424
0.00407
0.0039
0.00373
0.00356
0.00339
0.0032
0.00303
0.00284
0.00267
0.00248
0.00229
0.0021
0.00192
0.00173
0.00154
0.00135
0.00116
0.00098
0.00079
0.00061
0.00043
0.00024
7e-05
-0.00011
-0.00029
-0.00046
-0.00063
-0.0008
-0.00095
-0.00111
-0.00127
-0.00142
-0.00156
-0.0017
-0.00183
-0.00196
-0.00208
-0.00221
-0.00231
-0.00242
-0.00252
-0.00262
-0.00271
-0.0028
-0.00288
-0.00296
-0.00302
-0.00309
-0.00315
-0.00321
-0.00326
-0.00331
-0.00335
-0.00339
-0.00342
-0.00346
-0.00348
-0.00351
-0.00353
-0.00356
-0.00357
-0.00359
-0.0036
-0.00361
-0.00361
-0.00362
-0.00362
-0.00362
-0.00361
-0.00361
-0.0036
-0.00359
-0.00357
-0.00355
-0.00353
-0.00351
-0.00348
-0.00345
-0.00342
-0.00338
-0.00334
-0.0033
-0.00325
-0.0032
-0.00314
-0.00309
-0.00303
-0.00297
-0.0029
-0.00283
-0.00276
-0.00269
-0.00261
-0.00254
-0.00246
-0.00239
-0.00231
-0.00222
-0.00214
-0.00206
-0.00198
-0.00191
-0.00182
-0.00175
-0.00166
-0.00159
-0.00151
-0.00144
-0.00136
-0.00129
-0.00122
-0.00115
-0.00108
-0.00101
-0.00093
-0.00086
-0.00079
-0.00073
-0.00065
-0.00058
-0.00051
-0.00044
-0.00036
-0.00029
-0.00021
-0.00014
-6e-05
2e-05
0.0001
0.00019
0.00028
0.00036
0.00045
0.00054
0.00063
0.00072
0.00082
0.0009
0.001
0.00109
0.00118
0.00127
0.00136
0.00145
0.00154
0.00162
0.00171
0.00179
0.00188
0.00195
0.00203
0.0021
0.00217
0.00223
0.0023
0.00235
0.00241
0.00247
0.00252
0.00257
0.00261
0.00266
0.0027
0.00274
0.00278
0.00281
0.00284
0.00287
0.00291
0.00293
0.00296
0.00298
0.00301
0.00303
0.00305
0.00307
0.00309
0.00311
0.00313
0.00314
0.00316
0.00317
0.00318
0.00319
0.0032
0.0032
0.00321
0.0032
0.00321
0.0032
0.00319
0.00318
0.00317
0.00316
0.00314
0.00312
0.0031
0.00307
0.00305
0.00302
0.003
0.00296
0.00294
0.0029
0.00287
0.00284
0.00281
0.00277
0.00274
0.00271
0.00269
0.00266
0.00264
0.00261
0.00259
0.00257
0.00256
0.00255
0.00254
0.00253
0.00252
0.00252
0.00252
0.00251
0.00252
0.00252
0.00253
0.00253
0.00254
0.00254
0.00255
0.00256
0.00257
0.00257
0.00258
0.00258
0.00258
0.00258
0.00258
0.00258
0.00257
0.00257
0.00256
0.00255
0.00255
0.00253
0.00252
0.0025
0.00248
0.00246
0.00244
0.00241
0.0024
0.00237
0.00234
0.00231
0.00228
0.00225
0.00222
0.00218
0.00215
0.0021
0.00207
0.00202
0.00198
0.00193
0.00188
0.00182
0.00177
0.00171
0.00164
0.00157
0.0015
0.00143
0.00135
0.00127
0.00119
0.0011
0.00101
0.00092
0.00082
0.00072
0.00062
0.00051
0.00041
0.0003
0.00019
7e-05
-4e-05
-0.00015
-0.00026
-0.00038
-0.00049
-0.00061
-0.00072
-0.00084
-0.00095
-0.00106
-0.00117
-0.00129
-0.00139
-0.0015
-0.00161
-0.00172
-0.00182
-0.00192
-0.00202
-0.00212
-0.00222
-0.00232
-0.00241
-0.0025
-0.00259
-0.00268
-0.00276
-0.00285
-0.00293
-0.00301
-0.00308
-0.00315
-0.00322
-0.00328
-0.00334
-0.00339
-0.00344
-0.00349
-0.00353
-0.00356
-0.00359
-0.00362
-0.00363
-0.00365
-0.00365
-0.00366
-0.00366
-0.00365
-0.00364
-0.00362
-0.0036
-0.00357
-0.00354
-0.00351
-0.00346
-0.00342
-0.00337
-0.00333
-0.00328
-0.00323
-0.00317
-0.00311
-0.00306
-0.003
-0.00294
-0.00288
-0.00281
-0.00275
-0.00268
-0.00262
-0.00255
-0.00249
-0.00242
-0.00235
-0.00228
-0.00221
-0.00213
-0.00206
-0.00198
-0.00191
-0.00182
-0.00174
-0.00165
-0.00156
-0.00147
-0.00138
-0.00128
-0.00119
-0.00108
-0.00098
-0.00087
-0.00077
-0.00065
-0.00054
-0.00043
-0.00031
-0.0002
-8e-05
5e-05
0.00017
0.00029
0.00041
0.00053
0.00065
0.00078
0.0009
0.00102
0.00113
0.00126
0.00138
0.00149
0.00161
0.00172
0.00184
0.00195
0.00207
0.00218
0.00228
0.0024
0.0025
0.00261
0.00271
0.00282
0.00292
0.00303
0.00312
0.00322
0.00332
0.00341
0.00351
0.0036
0.00369
0.00378
0.00387
0.00395
0.00403
0.00412
0.00419
0.00427
0.00434
0.00441
0.00448
0.00454
0.0046
0.00466
0.00471
0.00476
0.00481
0.00486
0.0049
0.00494
0.00497
0.00501
