7.2172826686116E+01

0.0001
7e-05
6e-05
3e-05
2e-05
-1e-05
-3e-05
-5e-05
-7e-05
-9e-05
-0.00011
-0.00013
-0.00015
-0.00018
-0.00019
-0.00022
-0.00024
-0.00027
-0.00029
-0.00032
-0.00034
-0.00037
-0.0004
-0.00043
-0.00046
-0.00049
-0.00052
-0.00056
-0.00059
-0.00063
-0.00067
-0.00071
-0.00075
-0.0008
-0.00085
-0.0009
-0.00094
-0.00099
-0.00105
-0.0011
-0.00116
-0.00122
-0.00128
-0.00134
-0.0014
-0.00147
-0.00153
-0.0016
-0.00166
-0.00173
-0.0018
-0.00187
-0.00194
-0.00202
-0.00209
-0.00217
-0.00225
-0.00232
-0.0024
-0.00247
-0.00255
-0.00263
-0.0027
-0.00279
-0.00286
-0.00294
-0.00302
-0.0031
-0.00317
-0.00325
-0.00333
-0.00341
-0.00348
-0.00356
-0.00363
-0.0037
-0.00377
-0.00385
-0.00391
-0.00398
-0.00404
-0.00411
-0.00416
-0.00423
-0.00428
-0.00433
-0.00438
-0.00443
-0.00447
-0.00451
-0.00455
-0.00458
-0.0046
-0.00464
-0.00465
-0.00467
-0.00468
-0.0047
-0.0047
-0.00471
-0.0047
-0.0047
-0.00469
-0.00468
-0.00467
-0.00465
-0.00463
-0.00461
-0.00458
-0.00455
-0.00452
-0.00448
-0.00444
-0.00441
-0.00436
-0.00432
-0.00427
-0.00422
-0.00417
-0.00412
-0.00407
-0.00401
-0.00395
-0.00388
-0.00381
-0.00375
-0.00368
-0.00361
-0.00353
-0.00346
-0.00337
-0.00329
-0.0032
-0.00312
-0.00303
-0.00294
-0.00284
-0.00274
-0.00264
-0.00254
-0.00243
-0.00233
-0.00222
-0.00211
-0.00199
-0.00188
-0.00177
-0.00166
-0.00154
-0.00142
-0.00131
-0.0012
-0.00108
-0.00097
-0.00085
-0.00074
-0.00063
-0.00053
-0.00042
-0.00032
-0.00021
-0.00012
-2e-05
7e-05
0.00017
0.00025
0.00034
0.00042
0.0005
0.00058
0.00065
0.00073
0.0008
0.00086
0.00092
0.00098
0.00104
0.00109
0.00114
0.00118
0.00123
0.00127
0.00131
0.00134
0.00137
0.0014
0.00143
0.00145
0.00147
0.00148
0.00149
0.00149
0.0015
0.00149
0.00149
0.00147
0.00146
0.00144
0.00141
0.00138
0.00134
0.00131
0.00126
0.00122
0.00117
0.0011
0.00105
0.00098
0.00092
0.00085
0.00078
0.0007
0.00063
0.00055
0.00047
0.00038
0.0003
0.00022
0.00013
5e-05
-3e-05
-0.00012
-0.0002
-0.00028
-0.00036
-0.00044
-0.00052
-0.0006
-0.00066
-0.00074
-0.00081
-0.00088
-0.00094
-0.001
-0.00106
-0.00112
-0.00117
-0.00123
-0.00127
-0.00132
-0.00136
-0.00141
-0.00144
-0.00148
-0.00151
-0.00154
-0.00157
-0.0016
-0.00162
-0.00164
-0.00165
-0.00166
-0.00167
-0.00168
-0.00168
-0.00168
-0.00167
-0.00167
-0.00165
-0.00165
-0.00163
-0.00161
-0.00159
-0.00157
-0.00154
-0.00151
-0.00148
-0.00145
-0.00141
-0.00138
-0.00134
-0.0013
-0.00126
-0.00122
-0.00118
-0.00114
-0.00109
-0.00105
-0.00101
-0.00096
-0.00092
-0.00087
-0.00083
-0.00078
-0.00073
-0.0007
-0.00065
-0.0006
-0.00056
-0.00052
-0.00047
-0.00043
-0.00038
-0.00034
-0.0003
-0.00026
-0.00022
-0.00018
-0.00014
-0.0001
-5e-05
-2e-05
3e-05
6e-05
0.0001
0.00013
0.00017
0.0002
0.00024
0.00027
0.0003
0.00032
0.00035
0.00037
0.0004
0.00042
0.00044
0.00045
0.00046
0.00047
0.00048
0.00048
0.00048
0.00048
0.00048
0.00047
0.00045
0.00044
0.00042
0.0004
0.00037
0.00034
0.00032
0.00028
0.00024
0.0002
0.00016
0.00011
6e-05
1e-05
-4e-05
-0.0001
-0.00016
-0.00022
-0.00029
-0.00035
-0.00042
-0.00049
-0.00056
-0.00064
-0.00071
-0.00079
-0.00086
-0.00094
-0.00102
-0.0011
-0.00118
-0.00126
-0.00134
-0.00143
-0.00151
-0.00159
-0.00167
-0.00176
-0.00184
-0.00193
-0.002
-0.00209
-0.00217
-0.00225
-0.00232
-0.00241
-0.00248
-0.00255
-0.00262
-0.00269
-0.00276
-0.00282
-0.00288
-0.00294
-0.00299
-0.00304
-0.00308
-0.00312
-0.00315
-0.00319
-0.00321
-0.00323
-0.00324
-0.00325
-0.00325
-0.00325
-0.00324
-0.00322
-0.00319
-0.00316
-0.00313
-0.00309
-0.00304
-0.00298
-0.00292
-0.00286
-0.00279
-0.00272
-0.00263
-0.00255
-0.00246
-0.00237
-0.00227
-0.00217
-0.00207
-0.00196
-0.00185
-0.00175
-0.00163
-0.00152
-0.0014
-0.00129
-0.00116
-0.00105
-0.00092
-0.00081
-0.00068
-0.00056
-0.00044
-0.00032
-0.0002
-8e-05
4e-05
0.00016
0.00028
0.00039
0.00052
0.00063
0.00074
0.00085
0.00096
0.00107
0.00117
0.00127
0.00137
0.00147
0.00157
0.00166
0.00175
0.00182
0.00191
0.00198
0.00206
0.00212
0.00219
0.00224
0.0023
0.00235
0.00239
0.00243
0.00247
0.0025
0.00253
0.00255
0.00257
0.00258
0.00259
0.0026
0.0026
0.0026
0.00259
0.00258
0.00257
0.00255
0.00252
0.00249
0.00246
0.00243
0.00239
0.00235
0.00231
0.00225
0.0022
0.00215
0.00209
0.00202
0.00196
0.00188
0.00181
0.00173
0.00165
0.00157
0.00148
0.00139
0.00129
0.0012
0.0011
0.00099
0.00089
0.00078
0.00067
0.00055
0.00044
0.00031
0.0002
8e-05
-5e-05
-0.00017
-0.00029
-0.00042
-0.00054
-0.00067
-0.00079
-0.00092
-0.00103
-0.00116
-0.00128
-0.0014
-0.00151
-0.00163
-0.00174
-0.00186
-0.00196
-0.00207
-0.00217
-0.00227
-0.00237
-0.00246
-0.00254
-0.00263
-0.0027
-0.00278
-0.00285
-0.00292
-0.00298
-0.00304
-0.00308
-0.00313
-0.00317
-0.00321
-0.00324
-0.00327
-0.00329
-0.0033
-0.00331
-0.00332
-0.00332
-0.00332
-0.00331
-0.0033
-0.00328
-0.00327
-0.00324
-0.00321
-0.00318
-0.00315
-0.00311
-0.00306
-0.00302
-0.00297
-0.00292
-0.00287
-0.00281
-0.00275
-0.00268
-0.00262
-0.00255
-0.00248
-0.0024
-0.00233
-0.00225
-0.00217
-0.00209
-0.00201
-0.00192
-0.00183
-0.00174
-0.00166
-0.00156
-0.00147
-0.00137
-0.00128
-0.00118
-0.00109
-0.00099
-0.0009
-0.0008
-0.00071
-0.00062
-0.00052
-0.00043
-0.00034
-0.00025
-0.00016
-7e-05
1e-05
9e-05
0.00017
0.00025
0.00033
0.00041
0.00048
0.00056
0.00063
0.0007
0.00077
0.00084
0.00091
0.00098
0.00105
0.00113
0.00119
0.00127
0.00134
0.00142
0.00149
0.00158
0.00166
0.00174
0.00182
0.0019
0.00199
0.00208
0.00217
0.00227
0.00236
0.00245
0.00255
0.00264
0.00273
0.00283
0.00292
0.00302
0.0031
0.00319
0.00328
0.00336
0.00344
0.00352
0.0036
0.00367
0.00373
0.0038
0.00386
0.00391
0.00396
0.00401
0.00405
0.00409
0.00412
0.00415
0.00418
0.00419
0.00421
0.00423
0.00424
0.00425
0.00425
0.00426
0.00425
0.00425
0.00424
0.00424
0.00422
0.00421
0.0042
0.00418
0.00416
0.00414
0.00412
0.00409
0.00407
0.00404
0.00401
0.00398
0.00394
0.00391
0.00387
0.00383
0.00378
0.00374
0.00369
0.00364
0.00358
0.00353
0.00347
0.00341
0.00335
0.00329
0.00321
0.00315
0.00308
0.00301
0.00293
0.00286
0.00278
0.00271
0.00263
0.00255
0.00247
0.00239
0.00232
0.00224
0.00216
0.00209
0.00201
0.00194
0.00186
0.00179
0.00172
0.00165
0.00158
0.00152
0.00145
0.00139
0.00133
0.00127
0.00121
0.00116
0.0011
0.00106
0.001
0.00096
0.00091
0.00087
0.00083
0.00079
0.00075
0.00072
0.00068
0.00065
0.00061
0.00058
0.00056
0.00053
0.00051
0.00049
0.00047
0.00045
0.00043
0.00042
0.0004
0.00039
0.00038
0.00037
0.00036
0.00035
0.00035
0.00035
0.00035
0.00035
0.00036
0.00037
0.00037
0.00038
0.0004
0.00042
0.00043
0.00046
0.00048
0.00051
0.00054
0.00057
0.00061
0.00065
0.0007
0.00075
0.0008
0.00086
0.00091
0.00098
0.00105
0.00112
0.0012
0.00128
0.00136
0.00145
0.00154
0.00163
0.00173
0.00183
0.00193
0.00204
0.00215
0.00227
0.00237
0.0025
0.00261
0.00273
0.00285
0.00298
0.0031
0.00323
0.00335
0.00347
0.0036
0.00373
0.00386
0.00399
0.00411
0.00425
0.00437
0.0045
0.00463
0.00477
0.0049
0.00503
0.00516
0.0053
0.00543
0.00557
0.00571
0.00584
0.00599
0.00613
0.00627
0.00643
0.00657
0.00672
0.00688
0.00704
0.00719
0.00736
0.00752
0.00769
0.00786
0.00803
0.00821
0.00839
0.00857
0.00876
0.00894
0.00913
0.00932
0.00952
0.00971
0.00991
0.01011
0.01031
0.01051
0.01071
0.01091
0.01112
0.01132
0.01152
0.01173
0.01194
0.01214
0.01234
0.01255
0.01275
0.01295
0.01315
0.01335
0.01355
0.01374
0.01394
0.01414
0.01433
0.01452
0.01471
0.01489
0.01508
0.01526
0.01545
0.01562
0.0158
0.01597
0.01615
0.01631
0.01648
0.01665
0.01681
0.01697
0.01712
0.01727
0.01742
0.01756
0.01771
0.01784
0.01797
0.0181
0.01822
0.01834
0.01845
0.01856
0.01866
0.01876
0.01885
0.01894
0.01902
0.01909
0.01916
0.01923
0.01929
0.01935
0.0194
0.01944
0.01949
0.01952
0.01955
0.01958
0.01961
0.01963
0.01965
0.01966
0.01967
0.01968
0.01969
0.0197
0.0197
0.01971
0.01971
0.0197
0.0197
0.0197
0.0197
0.01969
0.01968
0.01967
0.01967
0.01965
0.01964
0.01963
0.01962
0.0196
0.01958
0.01956
0.01955
0.01952
0.0195
0.01947
0.01944
0.01941
0.01938
0.01934
0.01931
0.01927
0.01923
0.01918
0.01913
0.01909
0.01904
0.01898
0.01893
0.01887
0.01881
0.01875
0.01869
0.01862
0.01856
0.01849
0.01843
0.01836
0.01829
0.01821
0.01814
0.01807
0.018
0.01792
0.01785
0.01777
0.0177
0.01762
0.01755
0.01747
0.01739
0.01731
0.01724
0.01715
0.01708
0.01699
0.01691
0.01683
0.01675
0.01666
0.01658
0.01649
0.0164
0.01631
0.01622
0.01612
0.01602
0.01592
0.01583
0.01573
0.01562
0.01552
0.01541
0.0153
0.01519
0.01508
0.01497
0.01485
0.01474
0.01462
0.01451
0.01439
0.01427
0.01415
0.01404
0.01392
0.0138
0.01368
0.01356
0.01344
0.01333
0.01321
0.0131
0.01298
0.01287
0.01276
0.01265
0.01254
0.01243
0.01232
0.01222
0.01212
0.01201
0.01191
0.01181
0.01171
0.01161
0.01151
0.01142
0.01132
0.01122
0.01113
0.01104
0.01094
0.01085
0.01075
0.01067
0.01057
0.01048
0.01039
0.0103
0.01022
0.01013
0.01004
0.00996
0.00987
0.00979
0.00971
0.00963
0.00955
0.00947
0.00939
0.00931
0.00924
0.00916
0.00909
0.00902
0.00895
0.00888
0.00881
0.00874
0.00867
0.00861
0.00855
0.00849
0.00842
0.00836
0.00829
0.00824
0.00818
0.00812
0.00806
0.00799
0.00794
0.00788
0.00782
0.00776
0.0077
0.00764
0.00758
0.00753
0.00746
0.00741
0.00735
0.00729
0.00723
0.00717
0.00712
0.00706
0.007
0.00695
0.00689
0.00684
0.00678
0.00674
0.00669
0.00664
0.00659
0.00654
0.0065
0.00646
0.00642
0.00638
0.00634
0.0063
0.00627
0.00623
0.0062
0.00618
0.00614
0.00612
0.00609
0.00607
0.00605
0.00603
0.006
0.00599
0.00597
0.00595
0.00594
0.00592
0.00591
0.0059
0.00589
0.00588
0.00587
0.00587
0.00586
0.00586
0.00585
0.00586
0.00585
0.00586
0.00587
0.00588
0.00589
0.0059
0.00591
0.00593
0.00595
0.00598
0.00599
0.00603
0.00605
0.00609
0.00612
0.00615
0.00619
0.00623
0.00627
0.00631
0.00635
0.00639
0.00643
0.00648
0.00652
0.00657
0.0066
0.00665
0.00669
0.00674
0.00677
0.00681
0.00685
0.00689
0.00692
0.00696
0.00699
0.00702
0.00705
0.00708
0.00711
0.00714
0.00716
0.00719
0.00721
0.00724
0.00726
0.00728
0.00729
0.00732
0.00733
0.00735
0.00736
0.00738
0.00739
0.00741
0.00742
0.00743
0.00744
0.00745
0.00745
0.00746
0.00747
0.00747
0.00747
0.00747
0.00747
0.00746
0.00746
0.00745
0.00744
0.00743
0.00741
0.0074
0.00738
0.00736
0.00734
0.00732
0.00729
0.00726
0.00723
0.0072
0.00717
0.00713
0.00709
0.00705
0.00701
0.00697
0.00692
0.00687
0.00682
0.00677
0.00671
0.00666
0.0066
0.00654
0.00647
0.00642
0.00635
0.00628
0.00621
0.00613
0.00606
0.00599
0.00591
0.00583
0.00575
0.00567
0.00559
0.00551
0.00542
0.00534
0.00525
0.00517
0.00508
0.005
0.00491
0.00482
0.00474
0.00466
0.00457
0.00449
0.0044
0.00432
0.00424
0.00416
0.00407
0.00399
0.0039
0.00382
0.00374
0.00365
0.00357
0.00348
0.0034
0.00331
0.00322
0.00313
0.00303
0.00294
0.00285
0.00275
0.00265
0.00255
0.00244
0.00234
0.00223
0.00212
0.00201
0.0019
0.00179
0.00168
0.00157
0.00145
0.00133
0.00122
0.00111
0.001
0.00088
0.00077
0.00066
0.00056
0.00045
0.00034
0.00024
0.00014
4e-05
-5e-05
-0.00014
-0.00023
-0.00032
-0.0004
-0.00049
-0.00056
-0.00064
-0.00071
-0.00079
-0.00085
-0.00092
-0.00099
-0.00105
-0.00112
-0.00118
-0.00124
-0.0013
-0.00136
-0.00142
-0.00148
-0.00154
-0.0016
-0.00166
-0.00171
-0.00177
-0.00182
-0.00188
-0.00194
-0.002
-0.00205
-0.0021
-0.00215
-0.00219
-0.00223
-0.00228
-0.00231
-0.00235
-0.00238
-0.00241
-0.00242
-0.00244
-0.00245
-0.00245
-0.00245
-0.00244
-0.00243
-0.00241
-0.00238
-0.00235
-0.00231
-0.00227
-0.00221
-0.00216
-0.00209
-0.00202
-0.00195
-0.00187
-0.00178
-0.0017
-0.00161
-0.00151
-0.00142
-0.00131
-0.00121
-0.0011
-0.00098
-0.00088
-0.00076
-0.00065
-0.00052
-0.00041
-0.00029
-0.00017
-4e-05
8e-05
0.0002
0.00032
0.00045
0.00057
0.0007
0.00082
0.00095
0.00106
0.00119
0.00131
0.00143
0.00154
0.00166
0.00177
0.00188
0.00198
0.00209
0.00219
0.00228
0.00237
0.00246
0.00254
0.00262
0.00268
0.00275
0.00281
0.00287
0.00291
0.00296
0.00299
0.00303
0.00306
0.00308
0.00309
0.00311
0.00312
0.00312
0.00312
0.00312
0.00311
0.0031
0.00309
0.00308
0.00306
0.00304
0.00302
0.003
0.00298
0.00295
0.00292
0.0029
0.00287
0.00284
0.00281
0.00278
0.00274
0.00271
0.00267
0.00264
0.00259
0.00256
0.00251
0.00247
0.00243
0.00238
0.00233
0.00228
0.00224
0.00219
0.00214
0.00209
0.00203
0.00198
0.00193
0.00188
0.00183
0.00179
0.00174
0.0017
0.00165
0.00161
0.00157
0.00153
0.00149
0.00146
0.00143
0.0014
0.00137
0.00134
0.00132
0.0013
0.00127
0.00125
0.00123
0.00122
0.00119
0.00118
0.00116
0.00114
0.00113
0.00111
0.0011
0.00108
0.00106
0.00105
0.00104
0.00103
0.00101
0.001
0.00099
0.00099
0.00098
0.00097
0.00097
0.00097
0.00097
0.00098
0.00099
0.001
0.001
0.00102
0.00104
0.00106
0.00108
0.00111
0.00113
0.00116
0.00119
0.00122
0.00125
0.00128
0.00132
0.00135
0.00138
0.00142
0.00145
0.00148
0.00151
0.00154
0.00157
0.0016
0.00162
0.00165
0.00167
0.0017
0.00172
0.00174
0.00176
0.00178
0.0018
0.00183
0.00184
0.00186
0.00188
0.00191
0.00193
0.00195
0.00197
0.002
0.00203
0.00206
0.00208
0.00211
0.00214
0.00218
0.00221
0.00224
0.00227
0.00231
0.00233
0.00237
0.0024
0.00243
0.00245
0.00249
0.00251
0.00253
0.00255
0.00257
0.00259
0.00261
0.00262
0.00263
0.00264
0.00265
0.00265
0.00266
0.00266
0.00267
0.00267
0.00267
0.00267
0.00267
0.00267
0.00266
0.00266
0.00266
0.00266
0.00266
0.00266
0.00266
0.00266
0.00266
0.00265
0.00265
0.00265
0.00265
0.00264
0.00264
0.00263
0.00262
0.00261
0.0026
0.00259
0.00257
0.00255
0.00253
0.0025
0.00247
0.00244
0.00241
0.00237
0.00233
0.00228
0.00224
0.00219
0.00214
0.00208
0.00203
0.00197
0.00192
0.00185
0.00179
0.00173
0.00167
0.0016
0.00154
0.00148
0.00142
0.00136
0.0013
0.00123
0.00117
0.00112
0.00106
0.001
0.00095
0.00089
0.00085
0.00079
0.00074
0.00069
0.00065
0.0006
0.00056
0.00051
0.00046
0.00042
0.00037
0.00033
0.00029
0.00025
0.00021
0.00017
0.00014
0.0001
6e-05
2e-05
-1e-05
-5e-05
-8e-05
-0.00011
-0.00014
-0.00018
-0.00021
-0.00023
-0.00026
-0.00029
-0.00032
-0.00035
-0.00037
-0.0004
-0.00042
-0.00045
-0.00047
-0.0005
-0.00052
-0.00055
-0.00058
-0.0006
-0.00063
-0.00066
-0.00069
-0.00072
-0.00074
-0.00078
-0.00081
-0.00084
-0.00087
-0.00091
-0.00094
-0.00098
-0.00101
-0.00105
-0.00108
-0.00112
-0.00116
-0.00119
-0.00122
-0.00125
-0.00129
-0.00132
-0.00135
-0.00138
-0.00141
-0.00144
-0.00147
-0.0015
-0.00152
-0.00154
-0.00156
-0.00159
-0.00161
-0.00162
-0.00164
-0.00165
-0.00166
-0.00168
-0.00168
-0.00169
-0.00169
-0.0017
-0.00171
-0.00171
-0.00171
-0.00171
-0.0017
-0.0017
-0.0017
-0.00169
-0.00168
-0.00166
-0.00165
-0.00164
-0.00162
-0.0016
-0.00157
-0.00156
-0.00153
-0.0015
-0.00147
-0.00144
-0.00141
-0.00138
-0.00134
-0.0013
-0.00126
-0.00122
-0.00118
-0.00114
-0.0011
-0.00106
-0.00101
-0.00097
-0.00093
-0.00089
-0.00084
-0.0008
-0.00076
-0.00072
-0.00069
-0.00065
-0.00062
-0.00058
-0.00055
-0.00052
-0.00049
-0.00047
-0.00044
-0.00042
-0.0004
-0.00039
-0.00037
-0.00036
-0.00035
-0.00034
-0.00034
-0.00033
-0.00033
-0.00033
-0.00033
-0.00035
-0.00035
-0.00036
-0.00037
-0.00039
-0.0004
-0.00042
-0.00044
-0.00046
-0.00048
-0.00051
-0.00053
-0.00055
-0.00058
-0.0006
-0.00062
-0.00065
-0.00066
-0.00069
-0.0007
-0.00072
-0.00073
-0.00075
-0.00075
-0.00075
-0.00075
-0.00075
-0.00074
-0.00073
-0.00071
-0.00069
-0.00066
-0.00063
-0.00059
-0.00054
-0.00049
-0.00045
-0.00038
-0.00033
-0.00026
-0.00019
-0.00011
-4e-05
4e-05
0.00012
0.00021
0.0003
0.00039
0.00047
0.00056
0.00065
0.00074
0.00083
0.00092
0.00101
0.0011
0.00118
0.00127
0.00135
0.00143
0.00151
0.00159
0.00167
0.00175
0.00182
0.00189
0.00196
0.00204
0.0021
0.00218
0.00224
0.00231
0.00237
0.00244
0.0025
0.00257
0.00263
0.0027
0.00276
0.00283
0.00288
0.00295
0.003
0.00307
0.00312
0.00318
0.00323
0.00329
0.00334
0.00339
0.00344
0.00348
0.00353
0.00357
0.00362
0.00366
0.00369
0.00373
0.00376
0.0038
0.00382
0.00386
0.00388
0.00391
0.00393
0.00396
0.00398
0.004
0.00402
0.00404
0.00406
0.00408
0.00409
0.0041
0.00412
0.00413
0.00414
0.00415
0.00415
0.00416
0.00416
0.00415
0.00415
0.00414
0.00413
0.00411
0.00409
0.00407
0.00404
0.00401
0.00397
0.00393
0.00388
0.00383
0.00376
0.00371
0.00363
0.00356
0.00348
0.00339
0.00331
0.00321
0.00312
0.00302
0.00291
0.00281
0.00269
0.00258
0.00246
0.00235
0.00222
0.00211
0.00198
0.00186
0.00173
0.00161
0.00149
0.00137
0.00124
0.00113
0.001
0.00088
0.00076
0.00065
0.00053
0.00042
0.00031
0.0002
9e-05
-1e-05
-0.00012
-0.00022
-0.00032
-0.00041
-0.00051
-0.00059
-0.00069
-0.00077
-0.00086
-0.00094
-0.00102
-0.00109
-0.00116
-0.00123
-0.0013
-0.00136
-0.00142
-0.00147
-0.00152
-0.00157
-0.00161
-0.00165
-0.00169
-0.00171
-0.00174
-0.00175
-0.00177
-0.00178
-0.00179
-0.00178
-0.00178
-0.00177
-0.00175
-0.00173
-0.0017
-0.00167
-0.00163
-0.00158
-0.00154
-0.00149
-0.00143
-0.00137
-0.0013
-0.00123
-0.00116
-0.00108
-0.00101
-0.00093
-0.00085
-0.00076
-0.00067
-0.00058
-0.00049
-0.0004
-0.00032
-0.00022
-0.00013
-4e-05
5e-05
0.00014
0.00022
0.00031
0.00039
0.00047
0.00055
0.00063
0.00071
0.00078
0.00086
0.00093
0.00099
0.00106
0.00112
0.00118
0.00123
0.00129
0.00134
0.00139
0.00143
0.00147
0.00151
0.00154
0.00157
0.0016
0.00162
0.00164
0.00165
0.00166
0.00167
0.00167
0.00166
0.00166
0.00164
0.00162
0.0016
0.00157
0.00153
0.00149
0.00145
0.0014
0.00135
0.00129
0.00123
0.00117
0.00109
0.00103
0.00095
0.00087
0.00079
0.00072
0.00063
0.00055
0.00047
0.00038
0.0003
0.00021
0.00013
5e-05
-4e-05
-0.00012
-0.0002
-0.00028
-0.00036
-0.00043
-0.00051
-0.00059
-0.00066
-0.00074
-0.00081
-0.00088
-0.00095
-0.00102
-0.00109
-0.00116
-0.00124
-0.0013
-0.00137
-0.00144
-0.00151
-0.00158
-0.00165
-0.00172
-0.00179
-0.00186
-0.00193
-0.002
-0.00207
-0.00214
-0.00221
-0.00227
-0.00235
-0.00241
-0.00247
-0.00253
-0.0026
-0.00266
-0.00272
-0.00277
-0.00282
-0.00287
-0.00292
-0.00297
-0.00301
-0.00305
-0.00309
-0.00312
-0.00315
-0.00317
-0.0032
-0.00322
-0.00324
-0.00325
-0.00326
-0.00326
-0.00327
-0.00327
-0.00326
-0.00326
-0.00324
-0.00323
-0.00321
-0.00318
-0.00316
-0.00313
-0.0031
-0.00306
-0.00302
-0.00297
-0.00293
-0.00288
-0.00283
-0.00277
-0.00272
-0.00266
-0.0026
-0.00253
-0.00246
-0.00239
-0.00233
-0.00225
-0.00218
-0.0021
-0.00203
-0.00195
-0.00188
-0.00179
-0.00172
-0.00164
-0.00156
-0.00148
-0.0014
-0.00131
-0.00123
-0.00115
-0.00107
-0.00099
-0.00091
-0.00083
-0.00076
-0.00068
-0.0006
-0.00052
-0.00045
-0.00037
-0.0003
-0.00023
-0.00015
-8e-05
-1e-05
6e-05
0.00012
0.00019
0.00025
0.00031
0.00037
0.00043
0.00048
0.00054
0.00059
0.00064
0.00068
0.00073
0.00078
0.00082
0.00086
0.0009
0.00094
0.00098
0.00101
0.00105
0.00108
0.00112
0.00115
0.00119
0.00122
0.00125
0.00128
0.00131
0.00135
0.00138
0.00141
0.00145
0.00148
0.00152
0.00155
0.00159
0.00162
0.00166
0.00169
0.00174
0.00177
0.00181
0.00184
0.00188
0.00192
0.00195
0.00199
0.00202
0.00205
0.00209
0.00212
0.00215
0.00218
0.00221
0.00224
0.00227
0.00229
0.00232
0.00234
0.00236
0.00238
0.0024
0.00242
0.00244
0.00245
0.00247
0.00248
0.0025
0.00251
0.00252
0.00253
0.00255
0.00255
0.00256
0.00257
0.00258
0.00258
0.00259
0.00259
0.0026
0.00259
0.0026
0.00259
0.00259
0.00259
0.00258
0.00257
0.00256
0.00254
0.00252
0.0025
0.00248
0.00245
0.00242
0.00239
0.00235
0.00231
0.00227
0.00222
0.00217
0.00211
0.00206
0.00199
0.00193
0.00187
0.0018
0.00172
0.00165
0.00157
0.00149
0.00141
0.00133
0.00124
0.00116
0.00108
0.001
0.00091
0.00082
0.00073
0.00065
0.00057
0.00049
0.0004
0.00033
0.00025
0.00017
0.0001
3e-05
-4e-05
-0.0001
-0.00016
-0.00022
-0.00028
-0.00032
-0.00037
-0.00041
-0.00045
-0.00049
-0.00052
-0.00054
-0.00056
-0.00057
-0.00058
-0.00058
-0.00058
-0.00057
-0.00056
-0.00054
-0.00051
-0.00048
-0.00045
-0.0004
-0.00036
-0.0003
-0.00024
-0.00018
-0.00011
-4e-05
4e-05
0.00013
0.00021
0.0003
0.00039
0.00049
0.00059
0.00069
0.00079
0.0009
0.00101
0.00112
0.00123
0.00134
0.00145
0.00156
0.00168
0.00179
0.0019
0.00202
0.00213
0.00224
0.00235
0.00247
0.00258
0.00269
0.0028
0.00291
0.00302
0.00313
0.00325
0.00336
0.00347
0.00358
0.00368
0.00379
0.0039
0.00401
0.00411
0.00422
0.00432
0.00443
0.00452
0.00462
0.00472
0.00481
0.0049
0.00499
0.00508
0.00517
0.00524
0.00532
0.00539
0.00547
0.00553
0.00559
0.00565
0.00571
0.00576
0.0058
0.00584
0.00588
0.00592
0.00595
0.00597
0.00599
0.00601
0.00602
0.00603
0.00604
0.00603
0.00603
0.00602
0.00601
0.00599
0.00597
0.00594
0.00591
0.00588
0.00584
0.0058
0.00576
0.0057
0.00565
0.00558
0.00552
0.00545
0.00538
0.00529
0.00522
0.00513
0.00503
0.00494
0.00484
0.00473
0.00462
0.00451
0.0044
0.00427
0.00415
0.00402
0.00389
0.00375
0.00362
0.00347
0.00334
0.00319
0.00304
0.00289
0.00273
0.00258
0.00242
0.00226
0.00211
0.00194
0.00178
0.00161
0.00145
0.00128
0.00112
0.00095
0.00078
0.00061
0.00044
0.00027
0.0001
-6e-05
-0.00023
-0.00039
-0.00055
-0.00072
-0.00087
-0.00103
-0.00119
-0.00134
-0.00149
-0.00164
-0.00178
-0.00192
-0.00206
-0.00219
-0.00232
-0.00244
-0.00256
-0.00268
-0.00279
-0.0029
-0.003
-0.0031
-0.00318
-0.00328
-0.00336
-0.00344
-0.0035
-0.00358
-0.00364
-0.0037
-0.00376
-0.00381
-0.00386
-0.0039
-0.00394
-0.00398
-0.00402
-0.00405
-0.00407
-0.0041
-0.00412
-0.00414
-0.00415
-0.00417
-0.00418
-0.00419
-0.0042
-0.0042
-0.0042
-0.00419
-0.00418
-0.00418
-0.00417
-0.00416
-0.00414
-0.00412
-0.0041
-0.00408
-0.00405
-0.00402
-0.00398
-0.00395
-0.00391
-0.00387
-0.00383
-0.00378
-0.00373
-0.00368
-0.00362
-0.00356
-0.0035
-0.00343
-0.00336
-0.0033
-0.00322
-0.00315
-0.00306
-0.00298
-0.0029
-0.00281
-0.00272
-0.00263
-0.00253
-0.00244
-0.00234
-0.00225
-0.00214
-0.00204
-0.00194
-0.00183
-0.00172
-0.00162
-0.00151
-0.0014
-0.0013
-0.00119
-0.00108
-0.00097
-0.00086
-0.00076
-0.00065
-0.00054
-0.00044
-0.00034
-0.00023
-0.00014
-3e-05
6e-05
0.00015
0.00025
0.00033
0.00042
0.00051
0.0006
0.00068
0.00076
0.00084
0.00091
0.00099
0.00106
0.00113
0.00119
0.00126
0.00132
0.00138
0.00144
0.0015
0.00155
0.00161
0.00166
0.00171
0.00175
0.0018
0.00183
0.00188
0.00191
0.00195
0.00197
0.00201
0.00203
0.00206
0.00208
0.0021
0.00212
0.00214
0.00215
0.00216
0.00217
0.00218
0.00219
0.0022
0.0022
0.0022
0.0022
0.00221
0.00221
0.00221
0.00221
0.00221
0.00221
0.00221
0.0022
0.0022
0.0022
0.0022
0.00219
0.00219
0.00218
0.00218
0.00217
0.00216
0.00215
0.00214
0.00213
0.00211
0.0021
0.00208
0.00206
0.00204
0.00201
0.00199
0.00196
0.00193
0.00189
0.00185
0.00181
0.00178
0.00173
0.00169
0.00164
0.00159
0.00154
0.00149
0.00144
0.0014
0.00134
0.00129
0.00124
0.00119
0.00114
0.00109
0.00104
0.001
0.00096
0.00091
0.00087
0.00083
0.00079
0.00076
0.00072
0.00069
0.00065
0.00062
0.00059
0.00056
0.00052
0.0005
0.00046
0.00044
0.0004
0.00038
0.00034
0.00031
0.00028
0.00025
0.00022
0.00019
0.00016
0.00013
0.0001
7e-05
4e-05
2e-05
-1e-05
-3e-05
-5e-05
-7e-05
-9e-05
-0.0001
-0.00011
-0.00011
-0.00011
-0.00011
-0.0001
-9e-05
-8e-05
-6e-05
-4e-05
-1e-05
2e-05
6e-05
9e-05
0.00014
0.00018
0.00022
0.00028
0.00033
0.00038
0.00044
0.00049
0.00056
0.00061
0.00067
0.00073
0.00079
0.00084
0.00091
0.00096
0.00102
0.00107
0.00112
0.00118
0.00123
0.00128
0.00133
0.00137
0.00143
0.00147
0.00152
0.00156
0.0016
0.00164
0.00169
0.00172
0.00176
0.0018
0.00184
0.00187
0.00191
0.00194
0.00197
0.002
0.00203
0.00205
0.00208
0.0021
0.00212
0.00213
0.00214
0.00215
0.00215
0.00215
0.00214
0.00213
0.00212
0.0021
0.00208
0.00204
0.00201
0.00197
0.00193
0.00187
0.00182
0.00175
0.00169
0.00162
0.00154
0.00146
0.00137
0.00129
0.00119
0.00109
0.001
0.00088
0.00078
0.00066
0.00055
0.00043
0.00031
0.00018
6e-05
-7e-05
-0.00021
-0.00034
-0.00048
-0.00062
-0.00076
-0.0009
-0.00104
-0.00119
-0.00133
-0.00148
-0.00163
-0.00178
-0.00193
-0.00208
-0.00223
-0.00238
-0.00253
-0.00268
-0.00283
-0.00298
-0.00312
-0.00327
-0.00341
-0.00356
-0.00369
-0.00383
-0.00396
-0.0041
-0.00422
-0.00435
-0.00446
-0.00458
-0.00469
-0.0048
-0.00491
-0.005
-0.00509
-0.00518
-0.00526
-0.00534
-0.00541
-0.00548
-0.00554
-0.0056
-0.00565
-0.0057
-0.00573
-0.00577
-0.0058
-0.00583
-0.00585
-0.00586
-0.00586
-0.00587
-0.00586
-0.00586
-0.00584
-0.00582
-0.00579
-0.00576
-0.00573
-0.00569
-0.00563
-0.00558
-0.00553
-0.00546
-0.0054
-0.00532
-0.00524
-0.00516
-0.00507
-0.00498
-0.00488
-0.00478
-0.00467
-0.00456
-0.00445
-0.00434
-0.00422
-0.0041
-0.00398
-0.00386
-0.00375
-0.00362
-0.0035
-0.00338
-0.00325
-0.00314
-0.00302
-0.0029
-0.00279
-0.00268
-0.00257
-0.00246
-0.00235
-0.00226
-0.00216
-0.00207
-0.00198
-0.00189
-0.0018
-0.00172
-0.00164
-0.00157
-0.0015
-0.00143
-0.00136
-0.0013
-0.00124
-0.00118
-0.00112
-0.00107
-0.00101
-0.00096
-0.00091
-0.00086
-0.00081
-0.00076
-0.00071
-0.00067
-0.00062
-0.00058
-0.00053
-0.00049
-0.00045
-0.00041
-0.00037
-0.00033
-0.00029
-0.00025
-0.00022
-0.00018
-0.00015
-0.00011
-8e-05
-5e-05
-1e-05
1e-05
4e-05
7e-05
9e-05
0.00011
0.00014
0.00016
0.00018
0.0002
0.00021
0.00023
0.00025
0.00027
0.00029
0.0003
0.00031
0.00032
0.00034
0.00034
0.00036
0.00036
0.00038
0.00038
0.00039
0.0004
0.0004
0.00041
0.00042
0.00042
0.00043
0.00042
0.00043
0.00043
0.00043
0.00043
0.00043
0.00042
0.00043
0.00042
0.00042
0.00041
0.00041
0.00041
0.00041
0.0004
0.0004
0.0004
0.0004
0.0004
0.00041
0.00041
0.00042
0.00042
0.00043
0.00044
0.00045
0.00047
0.00048
0.0005
0.00052
0.00054
0.00057
0.00059
0.00062
0.00065
0.00068
0.00071
0.00075
0.00078
0.00082
0.00085
0.00089
0.00093
0.00096
0.001
0.00105
0.00109
0.00113
0.00116
0.00121
0.00124
0.00129
0.00132
0.00136
0.0014
0.00145
0.00148
0.00152
0.00156
0.0016
0.00164
0.00168
0.00172
0.00176
0.00179
0.00184
0.00187
0.00191
0.00195
0.00199
0.00202
0.00207
0.0021
0.00214
0.00218
0.00221
0.00225
0.00228
0.00232
0.00236
0.00238
0.00241
0.00244
0.00247
0.00249
0.00252
0.00254
0.00256
0.00257
0.00259
0.0026
0.00261
0.00262
0.00263
0.00263
0.00263
0.00263
0.00263
0.00262
0.00262
0.00261
0.0026
0.00259
0.00259
0.00257
0.00256
0.00255
0.00253
0.00252
0.00251
0.0025
0.00249
0.00247
0.00247
0.00246
0.00245
0.00244
0.00244
0.00243
0.00243
0.00243
0.00243
0.00243
0.00243
0.00243
0.00244
0.00244
0.00245
0.00245
0.00246
0.00246
0.00247
0.00247
0.00248
0.00248
0.00249
0.00249
0.0025
0.0025
0.0025
0.0025
0.0025
0.0025
0.0025
0.00248
0.00248
0.00247
0.00247
0.00245
0.00244
0.00243
0.00242
0.0024
0.00238
0.00236
0.00234
0.00232
0.0023
0.00227
0.00225
0.00222
0.00219
0.00216
0.00213
0.0021
0.00206
0.00202
0.00199
0.00195
0.00191
0.00187
0.00182
0.00178
0.00173
0.00168
0.00163
0.00157
0.00152
0.00145
0.0014
0.00133
0.00126
0.00119
0.00112
0.00105
0.00097
0.00089
0.0008
0.00072
0.00064
0.00055
0.00046
0.00036
0.00027
0.00017
8e-05
-3e-05
-0.00012
-0.00023
-0.00033
-0.00043
-0.00054
-0.00064
-0.00075
-0.00085
-0.00096
-0.00106
-0.00116
-0.00127
-0.00138
-0.00148
-0.00158
-0.00169
-0.00179
-0.0019
-0.002
-0.0021
-0.0022
-0.0023
-0.0024
-0.0025
-0.0026
-0.00269
-0.00278
-0.00288
-0.00297
-0.00306
-0.00314
-0.00323
-0.00331
-0.00339
-0.00346
-0.00354
-0.0036
-0.00367
-0.00373
-0.00379
-0.00384
-0.00388
-0.00392
-0.00397
-0.00399
-0.00402
-0.00404
-0.00406
-0.00407
-0.00407
-0.00407
-0.00407
-0.00406
-0.00404
-0.00402
-0.00399
-0.00396
-0.00393
-0.00389
-0.00385
-0.0038
-0.00376
-0.0037
-0.00365
-0.00359
-0.00354
-0.00347
-0.00341
-0.00334
-0.00328
-0.00321
-0.00314
-0.00306
-0.00299
-0.00291
-0.00284
-0.00275
-0.00268
-0.00259
-0.00251
-0.00242
-0.00234
-0.00225
-0.00216
-0.00207
-0.00198
-0.00188
-0.00179
-0.00169
-0.00159
-0.00149
-0.00139
-0.00129
-0.00119
-0.00109
-0.00099
-0.00089
-0.0008
-0.00069
-0.0006
-0.0005
-0.00041
-0.00032
-0.00023
-0.00015
-6e-05
2e-05
0.0001
0.00018
0.00025
0.00032
0.00038
0.00045
0.00051
0.00057
0.00063
0.00068
0.00073
0.00078
0.00083
0.00087
0.00092
0.00097
0.001
0.00105
0.00109
0.00113
0.00117
0.00122
0.00125
0.0013
0.00134
0.00138
0.00142
0.00146
0.0015
0.00155
0.00159
0.00163
0.00167
0.00172
0.00175
0.0018
0.00184
0.00188
0.00192
0.00196
0.002
0.00203
0.00207
0.0021
0.00214
0.00217
0.0022
0.00224
0.00226
0.00229
0.00232
0.00235
0.00237
0.0024
0.00241
0.00244
0.00246
0.00248
0.00249
0.00251
0.00252
0.00254
0.00255
0.00257
0.00257
0.00259
0.00259
0.0026
0.0026
0.00261
0.0026
0.00261
0.0026
0.0026
0.0026
0.00259
0.00258
0.00258
0.00257
0.00256
0.00254
0.00253
0.00251
0.0025
0.00248
0.00247
0.00245
0.00243
0.00241
0.0024
0.00238
0.00236
0.00235
0.00233
0.00232
0.00231
0.00229
0.00228
0.00227
0.00227
0.00226
0.00226
0.00225
0.00226
0.00225
0.00226
0.00226
0.00227
0.00227
0.00228
0.0023
0.00231
0.00232
0.00234
0.00235
0.00237
0.00239
0.00241
0.00243
0.00246
0.00248
0.0025
0.00252
0.00255
0.00258
0.0026
0.00263
0.00266
0.00269
0.00272
0.00275
0.00278
0.00281
0.00285
0.00287
0.00291
0.00294
0.00297
0.003
0.00303
0.00307
0.0031
0.00313
0.00316
0.00319
0.00322
0.00325
0.00328
0.0033
0.00333
0.00334
0.00337
0.00338
0.0034
0.00341
0.00342
0.00343
0.00344
0.00344
0.00344
0.00343
0.00343
0.00342
0.00341
0.00339
0.00338
0.00335
0.00334
0.00331
0.00328
0.00325
0.00322
0.00318
0.00315
0.00311
0.00308
0.00303
0.003
0.00296
0.00292
0.00288
0.00284
0.0028
0.00276
0.00272
0.00268
0.00265
0.00261
0.00258
0.00255
0.00252
0.00249
0.00246
0.00243
0.00241
0.00239
0.00236
0.00234
0.00232
0.0023
0.00228
0.00226
0.00224
0.00223
0.00221
0.0022
0.00218
0.00217
0.00215
0.00213
0.00211
0.0021
0.00208
0.00206
0.00204
0.00203
0.00201
0.00198
0.00197
0.00194
0.00193
0.00191
0.00189
0.00187
0.00185
0.00183
0.00181
0.0018
0.00178
0.00177
0.00175
0.00174
0.00173
0.00172
0.00171
0.0017
0.00169
0.00168
0.00168
0.00167
0.00166
0.00166
0.00166
0.00165
0.00164
0.00164
0.00163
0.00163
0.00162
0.0016
0.00159
0.00158
0.00156
0.00155
0.00153
0.00151
0.00149
0.00147
0.00144
0.00141
0.00138
0.00135
0.00132
0.00129
0.00126
0.00122
0.00119
0.00115
0.00112
0.00108
0.00105
0.00101
0.00097
0.00094
0.0009
0.00087
0.00084
0.00081
0.00077
0.00075
0.00072
0.00069
0.00066
0.00063
0.00061
0.00058
0.00056
0.00054
0.00051
0.00049
0.00047
0.00045
0.00043
0.00041
0.00038
0.00037
0.00035
0.00033
0.00031
0.00029
0.00028
0.00026
0.00025
0.00023
0.00021
0.00021
0.00019
0.00018
0.00017
0.00016
0.00015
0.00015
0.00014
0.00014
0.00014
0.00014
0.00014
0.00015
0.00016
0.00017
0.00017
0.00019
0.0002
0.00022
0.00024
0.00026
0.00028
0.00031
0.00034
0.00037
0.0004
0.00044
0.00047
0.00052
0.00056
0.0006
0.00064
0.00069
0.00074
0.00079
0.00084
0.0009
0.00095
0.001
0.00105
0.00111
0.00116
0.00122
0.00127
0.00132
0.00138
0.00143
0.00147
0.00153
0.00157
0.00162
0.00165
0.00169
0.00172
0.00176
0.00179
0.00182
0.00184
0.00186
0.00188
0.0019
0.00191
0.00192
0.00192
0.00193
0.00193
0.00194
0.00193
0.00193
0.00192
0.00192
0.00191
0.0019
0.00188
0.00187
0.00186
0.00184
0.00182
0.00181
0.00179
0.00177
0.00175
0.00173
0.0017
0.00168
0.00165
0.00162
0.00159
0.00156
0.00153
0.0015
0.00146
0.00143
0.0014
0.00136
0.00132
0.00128
0.00124
0.00121
0.00116
0.00112
0.00108
0.00105
0.001
0.00096
0.00092
0.00089
0.00085
0.00082
0.00079
0.00076
0.00072
0.0007
0.00067
0.00065
0.00062
0.0006
0.00058
0.00056
0.00054
0.00052
0.0005
0.00048
0.00047
0.00045
0.00043
0.00042
0.00039
0.00038
0.00035
0.00033
0.0003
0.00028
0.00024
0.00022
0.00018
0.00015
0.00011
7e-05
4e-05
-0.0
-4e-05
-8e-05
-0.00013
-0.00017
-0.00021
-0.00025
-0.0003
-0.00034
-0.00039
-0.00042
-0.00047
-0.0005
-0.00054
-0.00058
-0.00062
-0.00065
-0.00068
-0.00071
-0.00074
-0.00076
-0.00079
-0.00081
-0.00083
-0.00085
-0.00087
-0.00089
-0.00091
-0.00092
-0.00094
-0.00095
-0.00097
-0.00098
-0.00099
-0.001
-0.00102
-0.00102
-0.00104
-0.00104
-0.00106
-0.00107
-0.00108
-0.00109
-0.00111
-0.00112
-0.00113
-0.00115
-0.00116
-0.00117
-0.00119
-0.0012
-0.00122
-0.00124
-0.00126
-0.00127
-0.0013
-0.00131
-0.00134
-0.00135
-0.00138
-0.0014
-0.00143
-0.00145
-0.00148
-0.0015
-0.00153
-0.00155
-0.00159
-0.00161
-0.00164
-0.00167
-0.0017
-0.00173
-0.00176
-0.00178
-0.00182
-0.00184
-0.00187
-0.0019
-0.00193
-0.00195
-0.00198
-0.002
-0.00203
-0.00205
-0.00207
-0.00209
-0.00211
-0.00213
-0.00215
-0.00216
-0.00217
-0.00219
-0.0022
-0.00221
-0.00221
-0.00222
-0.00222
-0.00222
-0.00222
-0.00221
-0.00221
-0.0022
-0.00219
-0.00217
-0.00217
-0.00214
-0.00213
-0.00211
-0.00208
-0.00206
-0.00203
-0.002
-0.00197
-0.00194
-0.00191
-0.00187
-0.00184
-0.00179
-0.00176
-0.00172
-0.00169
-0.00164
-0.00161
-0.00157
-0.00153
-0.0015
-0.00146
-0.00143
-0.00139
-0.00136
-0.00133
-0.0013
-0.00128
-0.00125
-0.00123
-0.0012
-0.00119
-0.00117
-0.00116
-0.00114
-0.00113
-0.00113
-0.00112
-0.00111
-0.00111
-0.00111
-0.00111
-0.00111
-0.00112
-0.00112
-0.00113
-0.00113
-0.00115
-0.00115
-0.00117
-0.00118
-0.0012
-0.00122
-0.00124
-0.00125
-0.00128
-0.0013
-0.00133
-0.00135
-0.00139
-0.00141
-0.00145
-0.00148
-0.00152
-0.00156
-0.0016
-0.00164
-0.00168
-0.00173
-0.00177
-0.00181
-0.00186
-0.0019
-0.00195
-0.00199
-0.00204
-0.00208
-0.00212
-0.00216
-0.0022
-0.00223
-0.00226
-0.0023
-0.00232
-0.00235
-0.00237
-0.00238
-0.0024
-0.0024
-0.00241
-0.0024
-0.0024
-0.00239
-0.00238
-0.00236
-0.00234
-0.00231
-0.00228
-0.00224
-0.00221
-0.00216
-0.00211
-0.00206
-0.00201
-0.00195
-0.00189
-0.00182
-0.00176
-0.00169
-0.00162
-0.00154
-0.00147
-0.00138
-0.00131
-0.00122
-0.00114
-0.00106
-0.00097
-0.00088
-0.00079
-0.00069
-0.00061
-0.00051
-0.00042
-0.00032
-0.00023
-0.00013
-4e-05
6e-05
0.00016
0.00025
0.00035
0.00044
0.00054
0.00064
0.00073
0.00083
0.00092
0.00101
0.0011
0.00119
0.00127
0.00136
0.00144
0.00152
0.0016
0.00167
0.00174
0.00181
0.00187
0.00193
0.00199
0.00205
0.00209
0.00214
0.00218
0.00222
0.00225
0.00228
0.0023
0.00233
0.00234
0.00235
0.00236
0.00236
0.00236
0.00235
0.00234
0.00233
0.00231
0.00229
0.00227
0.00224
0.0022
0.00217
0.00213
0.00209
0.00204
0.002
0.00194
0.00189
0.00184
0.00178
0.00172
0.00166
0.00159
0.00153
0.00147
0.00141
0.00134
0.00127
0.0012
0.00114
0.00107
0.00101
0.00094
0.00088
0.00082
0.00076
0.0007
0.00065
0.00059
0.00055
0.00049
0.00045
0.00041
0.00037
0.00033
0.0003
0.00026
0.00024
0.00021
0.00018
0.00016
0.00015
0.00014
0.00013
0.00011
0.00011
0.0001
0.0001
0.0001
0.0001
0.0001
0.00011
0.00011
0.00012
0.00012
0.00013
0.00014
0.00016
0.00017
0.00018
0.00019
0.00021
0.00022
0.00024
0.00025
0.00027
0.00028
0.0003
0.00031
0.00033
0.00035
0.00036
0.00038
0.0004
0.00042
0.00043
0.00044
0.00046
0.00047
0.00049
0.0005
0.00051
0.00051
0.00052
0.00052
0.00053
0.00052
0.00052
0.00052
0.00051
0.00049
0.00048
0.00046
0.00044
0.00041
0.00038
0.00035
0.00032
0.00027
0.00023
0.00018
0.00013
8e-05
2e-05
-4e-05
-0.0001
-0.00017
-0.00023
-0.00031
-0.00038
-0.00045
-0.00052
