6.13103489718039E+02

0.00428
0.00425
0.00423
0.0042
0.00417
0.00413
0.00409
0.00405
0.004
0.00394
0.00389
0.00383
0.00377
0.0037
0.00363
0.00356
0.00349
0.0034
0.00333
0.00324
0.00316
0.00308
0.00299
0.00291
0.00282
0.00273
0.00264
0.00255
0.00247
0.00237
0.00229
0.0022
0.00211
0.00202
0.00193
0.00184
0.00176
0.00167
0.00159
0.0015
0.00141
0.00133
0.00125
0.00117
0.00109
0.001
0.00092
0.00084
0.00077
0.00069
0.00061
0.00053
0.00047
0.00039
0.00032
0.00025
0.00018
0.00011
5e-05
-2e-05
-8e-05
-0.00015
-0.0002
-0.00026
-0.00031
-0.00037
-0.00042
-0.00048
-0.00052
-0.00057
-0.00062
-0.00066
-0.0007
-0.00074
-0.00077
-0.00081
-0.00084
-0.00087
-0.00089
-0.00092
-0.00094
-0.00096
-0.00097
-0.00099
-0.00099
-0.001
-0.00101
-0.00101
-0.00101
-0.001
-0.00099
-0.00098
-0.00096
-0.00095
-0.00092
-0.0009
-0.00087
-0.00084
-0.0008
-0.00077
-0.00072
-0.00068
-0.00063
-0.00059
-0.00054
-0.00048
-0.00042
-0.00036
-0.0003
-0.00024
-0.00017
-0.00011
-3e-05
3e-05
0.00011
0.00018
0.00026
0.00033
0.00041
0.00049
0.00057
0.00065
0.00073
0.00081
0.0009
0.00098
0.00106
0.00115
0.00123
0.00131
0.0014
0.00148
0.00157
0.00165
0.00173
0.00181
0.00189
0.00197
0.00205
0.00212
0.0022
0.00227
0.00234
0.00241
0.00247
0.00253
0.00259
0.00265
0.00271
0.00276
0.00281
0.00285
0.0029
0.00294
0.00298
0.00301
0.00305
0.00308
0.00311
0.00313
0.00316
0.00318
0.00321
0.00322
0.00325
0.00326
0.00328
0.0033
0.00331
0.00333
0.00335
0.00336
0.00338
0.00339
0.00341
0.00343
0.00345
0.00346
0.00347
0.00349
0.00351
0.00352
0.00353
0.00354
0.00355
0.00356
0.00358
0.00358
0.00359
0.00359
0.0036
0.0036
0.0036
0.00359
0.00359
0.00358
0.00357
0.00356
0.00354
0.00352
0.0035
0.00348
0.00346
0.00343
0.00341
0.00338
0.00335
0.00332
0.00329
0.00325
0.00321
0.00317
0.00314
0.0031
0.00305
0.00301
0.00297
0.00293
0.00288
0.00284
0.0028
0.00274
0.0027
0.00265
0.0026
0.00255
0.0025
0.00245
0.0024
0.00234
0.00229
0.00223
0.00218
0.00212
0.00206
0.00201
0.00195
0.00189
0.00184
0.00177
0.00172
0.00166
0.0016
0.00154
0.00149
0.00143
0.00137
0.00131
0.00126
0.00121
0.00115
0.0011
0.00105
0.001
0.00096
0.00091
0.00087
0.00082
0.00078
0.00073
0.00069
0.00065
0.00061
0.00058
0.00054
0.00051
0.00047
0.00044
0.00042
0.00038
0.00036
0.00033
0.00031
0.00028
0.00026
0.00023
0.00022
0.0002
0.00018
0.00016
0.00014
0.00013
0.00012
0.00011
0.0001
9e-05
9e-05
8e-05
8e-05
7e-05
7e-05
6e-05
6e-05
6e-05
5e-05
5e-05
5e-05
4e-05
4e-05
4e-05
3e-05
2e-05
2e-05
1e-05
0.0
-1e-05
-2e-05
-4e-05
-5e-05
-7e-05
-9e-05
-0.0001
-0.00013
-0.00015
-0.00016
-0.00019
-0.0002
-0.00023
-0.00025
-0.00028
-0.0003
-0.00032
-0.00034
-0.00037
-0.00038
-0.0004
-0.00042
-0.00044
-0.00046
-0.00047
-0.00048
-0.00049
-0.0005
-0.00051
-0.00051
-0.00052
-0.00052
-0.00052
-0.00051
-0.00051
-0.0005
-0.00049
-0.00048
-0.00047
-0.00045
-0.00043
-0.00041
-0.00039
-0.00036
-0.00033
-0.0003
-0.00027
-0.00023
-0.0002
-0.00015
-0.00012
-7e-05
-2e-05
3e-05
7e-05
0.00013
0.00018
0.00024
0.0003
0.00036
0.00042
0.00048
0.00055
0.00061
0.00068
0.00075
0.00081
0.00089
0.00096
0.00103
0.0011
0.00117
0.00124
0.00132
0.00139
0.00147
0.00154
0.00162
0.00169
0.00177
0.00184
0.00192
0.00199
0.00206
0.00214
0.00221
0.00228
0.00235
0.00243
0.0025
0.00257
0.00264
0.00271
0.00278
0.00284
0.00291
0.00297
0.00303
0.00308
0.00314
0.00319
0.00324
0.00329
0.00333
0.00338
0.00341
0.00345
0.00348
0.0035
0.00353
0.00355
0.00356
0.00357
0.00358
0.00357
0.00358
0.00357
0.00355
0.00354
0.00351
0.00349
0.00346
0.00342
0.00338
0.00334
0.00329
0.00323
0.00318
0.00311
0.00305
0.00297
0.0029
0.00282
0.00274
0.00265
0.00256
0.00246
0.00237
0.00227
0.00216
0.00205
0.00195
0.00184
0.00172
0.00161
0.00149
0.00137
0.00126
0.00113
0.00102
0.0009
0.00078
0.00066
0.00054
0.00043
0.00031
0.00019
9e-05
-3e-05
-0.00013
-0.00024
-0.00033
-0.00044
-0.00053
-0.00062
-0.00071
-0.00079
-0.00088
-0.00095
-0.00102
-0.00109
-0.00116
-0.00122
-0.00128
-0.00134
-0.00138
-0.00143
-0.00147
-0.00152
-0.00155
-0.00159
-0.00162
-0.00165
-0.00167
-0.00169
-0.00171
-0.00172
-0.00173
-0.00175
-0.00175
-0.00175
-0.00175
-0.00175
-0.00174
-0.00173
-0.00171
-0.0017
-0.00168
-0.00166
-0.00164
-0.00161
-0.00158
-0.00154
-0.0015
-0.00147
-0.00143
-0.00138
-0.00134
-0.00129
-0.00124
-0.0012
-0.00114
-0.00109
-0.00104
-0.00098
-0.00093
-0.00088
-0.00082
-0.00076
-0.00071
-0.00066
-0.00061
-0.00056
-0.00051
-0.00047
-0.00042
-0.00038
-0.00033
-0.0003
-0.00026
-0.00023
-0.0002
-0.00017
-0.00014
-0.00011
-8e-05
-7e-05
-4e-05
-3e-05
-1e-05
0.0
2e-05
3e-05
5e-05
5e-05
7e-05
7e-05
8e-05
9e-05
0.0001
0.00011
0.00012
0.00013
0.00014
0.00015
0.00016
0.00017
0.00018
0.00019
0.00021
0.00021
0.00022
0.00023
0.00024
0.00025
0.00026
0.00026
0.00027
0.00027
0.00028
0.00028
0.00028
0.00028
0.00027
0.00026
0.00026
0.00025
0.00024
0.00023
0.00021
0.0002
0.00019
0.00017
0.00015
0.00013
0.00012
9e-05
8e-05
5e-05
4e-05
2e-05
0.0
-1e-05
-3e-05
-5e-05
-6e-05
-7e-05
-7e-05
-8e-05
-8e-05
-9e-05
-9e-05
-9e-05
-8e-05
-8e-05
-7e-05
-7e-05
-6e-05
-5e-05
-4e-05
-3e-05
-2e-05
-1e-05
1e-05
2e-05
3e-05
4e-05
6e-05
7e-05
8e-05
9e-05
0.0001
0.00011
0.00012
0.00013
0.00014
0.00014
0.00015
0.00016
0.00017
0.00018
0.00019
0.0002
0.00021
0.00022
0.00024
0.00025
0.00027
0.00028
0.00031
0.00033
0.00035
0.00038
0.0004
0.00043
0.00047
0.0005
0.00054
0.00057
0.00061
0.00065
0.00069
0.00073
0.00078
0.00082
0.00087
0.00091
0.00096
0.001
0.00105
0.0011
0.00114
0.00119
0.00124
0.00128
0.00133
0.00137
0.00142
0.00146
0.00151
0.00155
0.0016
0.00164
0.00168
0.00173
0.00177
0.00181
0.00186
0.0019
0.00195
0.00199
0.00203
0.00208
0.00212
0.00216
0.00221
0.00225
0.0023
0.00234
0.00238
0.00242
0.00246
0.0025
0.00254
0.00258
0.00261
0.00264
0.00267
0.0027
0.00272
0.00274
0.00277
0.00278
0.00279
0.0028
0.00281
0.00281
0.0028
0.0028
0.00279
0.00278
0.00277
0.00275
0.00273
0.00271
0.00269
0.00266
0.00263
0.0026
0.00257
0.00253
0.0025
0.00246
0.00242
0.00239
0.00236
0.00232
0.00229
0.00225
0.00222
0.00219
0.00216
0.00212
0.0021
0.00207
0.00204
0.00202
0.00199
0.00197
0.00194
0.00192
0.0019
0.00188
0.00186
0.00183
0.00181
0.00179
0.00177
0.00174
0.00171
0.00168
0.00165
0.00162
0.00158
0.00155
0.00151
0.00147
0.00143
0.00139
0.00134
0.00129
0.00124
0.00119
0.00114
0.00108
0.00103
0.00097
0.00092
0.00086
0.0008
0.00074
0.00069
0.00063
0.00058
0.00053
0.00048
0.00042
0.00038
0.00033
0.00029
0.00024
0.00021
0.00016
0.00013
0.0001
7e-05
5e-05
2e-05
0.0
-1e-05
-3e-05
-3e-05
-5e-05
-5e-05
-5e-05
-4e-05
-4e-05
-2e-05
-1e-05
1e-05
4e-05
7e-05
0.0001
0.00014
0.00019
0.00024
0.0003
0.00037
0.00043
0.00052
0.0006
0.0007
0.0008
0.00091
0.00103
0.00117
0.00131
0.00146
0.00162
0.00178
0.00197
0.00215
0.00236
0.00257
0.00278
0.00302
0.00326
0.00351
0.00377
0.00404
0.00432
0.00462
0.00491
0.00522
0.00554
0.00586
0.0062
0.00654
0.00689
0.00725
0.00762
0.00799
0.00837
0.00876
0.00915
0.00955
0.00995
0.01037
0.01078
0.0112
0.01163
0.01206
0.0125
0.01294
0.01339
0.01384
0.01429
0.01475
0.01521
0.01567
0.01614
0.01661
0.01708
0.01756
0.01804
0.01852
0.019
0.01948
0.01997
0.02045
0.02094
0.02143
0.02191
0.0224
0.02288
0.02337
0.02385
0.02434
0.02482
0.0253
0.02578
0.02626
0.02673
0.0272
0.02767
0.02814
0.0286
0.02906
0.02951
0.02996
0.0304
0.03084
0.03127
0.0317
0.03211
0.03253
0.03294
0.03334
0.03373
0.03411
0.03449
0.03486
0.03521
0.03557
0.03591
0.03624
0.03656
0.03687
0.03718
0.03747
0.03775
0.03803
0.03829
0.03854
0.03878
0.03902
0.03924
0.03945
0.03965
0.03985
0.04003
0.04021
0.04037
0.04053
0.04068
0.04083
0.04096
0.04109
0.0412
0.04131
0.04142
0.04151
0.0416
0.04169
0.04177
0.04184
0.0419
0.04197
0.04202
0.04207
0.04211
0.04215
0.04218
0.04221
0.04223
0.04225
0.04226
0.04227
0.04226
0.04226
0.04225
0.04223
0.04221
0.04218
0.04215
0.04211
0.04206
0.04201
0.04196
0.0419
0.04183
0.04175
0.04167
0.04159
0.0415
0.04141
0.0413
0.0412
0.04108
0.04097
0.04085
0.04072
0.04059
0.04045
0.04031
0.04017
0.04002
0.03986
0.0397
0.03954
0.03937
0.0392
0.03902
0.03884
0.03866
0.03847
0.03828
0.03808
0.03788
0.03767
0.03746
0.03725
0.03703
0.03682
0.03659
0.03636
0.03613
0.0359
0.03566
0.03542
0.03517
0.03492
0.03467
0.03441
0.03415
0.03389
0.03363
0.03336
0.03309
0.03282
0.03254
0.03226
0.03198
0.0317
0.03142
0.03113
0.03084
0.03055
0.03026
0.02997
0.02968
0.02938
0.02909
0.0288
0.0285
0.02821
0.02791
0.02762
0.02733
0.02704
0.02675
0.02647
0.02618
0.0259
0.02562
0.02534
0.02506
0.02479
0.02452
0.02426
0.02399
0.02374
0.02348
0.02323
0.02298
0.02273
0.02249
0.02225
0.02201
0.02178
0.02155
0.02133
0.0211
0.02088
0.02067
0.02045
0.02024
0.02003
0.01982
0.01961
0.0194
0.01919
0.01899
0.01879
0.01858
0.01838
0.01818
0.01798
0.01778
0.01758
0.01738
0.01718
0.01698
0.01678
0.01658
0.01638
0.01618
0.01598
0.01579
0.01559
0.01539
0.0152
0.015
0.01481
0.01462
0.01443
0.01424
0.01405
0.01387
0.01369
0.01351
0.01333
0.01316
0.01299
0.01283
0.01267
0.01251
0.01235
0.0122
0.01206
0.01192
0.01179
0.01165
0.01153
0.01141
0.01129
0.01118
0.01108
0.01098
0.01088
0.01079
0.01071
0.01062
0.01055
0.01048
0.01041
0.01034
0.01029
0.01023
0.01018
0.01013
0.01009
0.01004
0.01
0.00997
0.00994
0.00991
0.00988
0.00985
0.00983
0.0098
0.00978
0.00976
0.00974
0.00972
0.00971
0.00969
0.00967
0.00966
0.00964
0.00963
0.00961
0.0096
0.00959
0.00957
0.00956
0.00954
0.00952
0.0095
0.00949
0.00947
0.00945
0.00943
0.0094
0.00938
0.00935
0.00933
0.0093
0.00927
0.00924
0.0092
0.00917
0.00913
0.00909
0.00905
0.00901
0.00896
0.00892
0.00887
0.00882
0.00877
0.00872
0.00867
0.00861
0.00856
0.00851
0.00845
0.0084
0.00834
0.00829
0.00823
0.00818
0.00812
0.00807
0.00802
0.00797
0.00791
0.00786
0.00781
0.00776
0.00772
0.00767
0.00762
0.00757
0.00753
0.00748
0.00743
0.00738
0.00733
0.00729
0.00723
0.00718
0.00713
0.00707
0.00702
0.00696
0.0069
0.00684
0.00677
0.0067
0.00663
0.00656
0.00647
0.0064
0.00631
0.00623
0.00614
0.00606
0.00597
0.00587
0.00578
0.00569
0.0056
0.0055
0.00541
0.00532
0.00523
0.00514
0.00505
0.00497
0.00488
0.00481
0.00473
0.00466
0.00459
0.00452
0.00446
0.00441
0.00436
0.00431
0.00427
0.00423
0.00419
0.00417
0.00413
0.00411
0.00409
0.00407
0.00405
0.00404
0.00403
0.00401
0.004
0.004
0.00399
0.00398
0.00396
0.00396
0.00394
0.00394
0.00392
0.00391
0.00389
0.00387
0.00385
0.00383
0.00381
0.00379
0.00377
0.00375
0.00373
0.00371
0.00368
0.00366
0.00364
0.00362
0.0036
0.00359
0.00357
0.00357
0.00356
0.00355
0.00354
0.00354
0.00355
0.00355
0.00356
0.00357
0.00358
0.00359
0.0036
0.00363
0.00364
0.00366
0.00368
0.0037
0.00371
0.00373
0.00375
0.00376
0.00378
0.00379
0.0038
0.00381
0.00381
0.00382
0.00381
0.00381
0.0038
0.00379
0.00377
0.00376
0.00374
0.00372
0.00369
0.00366
0.00363
0.0036
0.00356
0.00352
0.00348
0.00344
0.0034
0.00336
0.00332
0.00327
0.00323
0.00319
0.00314
0.0031
0.00306
0.00301
0.00298
0.00294
0.0029
0.00286
0.00282
0.00279
0.00275
0.00272
0.00269
0.00266
0.00263
0.00261
0.00258
0.00256
0.00253
0.00251
0.00249
0.00248
0.00246
0.00245
0.00243
0.00242
0.00241
0.0024
0.00239
0.00238
0.00237
0.00237
0.00237
0.00237
0.00236
0.00236
0.00236
0.00237
0.00237
0.00238
0.00238
0.00239
0.00239
0.00241
0.00241
0.00243
0.00244
0.00246
0.00248
0.0025
0.00252
0.00254
0.00256
0.00259
0.00262
0.00265
0.00268
0.00272
0.00275
0.0028
0.00283
0.00288
0.00292
0.00297
0.00301
0.00306
0.00311
0.00316
0.00321
0.00327
0.00332
0.00338
0.00342
0.00348
0.00353
0.00359
0.00364
0.00369
0.00374
0.00379
0.00384
0.00389
0.00394
0.00399
0.00404
0.00408
0.00413
0.00418
0.00422
0.00427
0.00432
0.00437
0.00442
0.00447
0.00451
0.00457
0.00462
0.00467
0.00472
0.00478
0.00483
0.00489
0.00495
0.00501
0.00506
0.00512
0.00517
0.00523
0.00529
0.00534
0.00539
0.00545
0.0055
0.00555
0.00559
0.00563
0.00568
0.00571
0.00575
0.00578
0.0058
0.00583
0.00585
0.00586
0.00587
0.00588
0.00589
0.00589
0.00589
0.00588
0.00587
0.00586
0.00585
0.00584
0.00582
0.0058
0.00578
0.00576
0.00573
0.00571
0.00568
0.00566
0.00563
0.0056
0.00557
0.00554
0.0055
0.00547
0.00544
0.0054
0.00536
0.00532
0.00528
0.00524
0.00519
0.00514
0.00509
0.00503
0.00497
0.00491
0.00485
0.00478
0.00471
0.00463
0.00455
0.00447
0.00438
0.0043
0.0042
0.00411
0.00401
0.00391
0.0038
0.0037
0.00358
0.00348
0.00336
0.00325
0.00313
0.00301
0.00289
0.00278
0.00266
0.00254
0.00241
0.0023
0.00217
0.00206
0.00193
0.00182
0.0017
0.00158
0.00147
0.00135
0.00123
0.00112
0.00101
0.0009
0.00079
0.00069
0.00058
0.00048
0.00038
0.00029
0.00019
0.0001
0.0
-8e-05
-0.00017
-0.00025
-0.00033
-0.00041
-0.00048
-0.00055
-0.00062
-0.00068
-0.00074
-0.0008
-0.00085
-0.0009
-0.00094
-0.00098
-0.00102
-0.00105
-0.00108
-0.00111
-0.00114
-0.00116
-0.00117
-0.00118
-0.00119
-0.0012
-0.00121
-0.0012
-0.0012
-0.00119
-0.00119
-0.00117
-0.00116
-0.00114
-0.00112
-0.0011
-0.00108
-0.00106
-0.00103
-0.00099
-0.00096
-0.00092
-0.00089
-0.00085
-0.00081
-0.00076
-0.00072
-0.00067
-0.00062
-0.00057
-0.00052
-0.00046
-0.00041
-0.00036
-0.0003
-0.00024
-0.00018
-0.00012
-6e-05
1e-05
7e-05
0.00013
0.0002
0.00026
0.00032
0.00039
0.00046
0.00052
0.00059
0.00066
0.00073
0.0008
0.00087
0.00094
0.001
0.00108
0.00114
0.00122
0.00129
0.00136
0.00143
0.00151
0.00159
0.00166
0.00174
0.00182
0.00189
0.00197
0.00206
0.00214
0.00221
0.0023
0.00238
0.00246
0.00254
0.00262
0.0027
0.00278
0.00286
0.00294
0.00301
0.00309
0.00316
0.00323
0.0033
0.00337
0.00343
0.0035
0.00355
0.00361
0.00366
0.00372
0.00376
0.00381
0.00385
0.00388
0.00392
0.00395
0.00398
0.00401
0.00403
0.00405
0.00407
0.00409
0.0041
0.00412
0.00413
0.00414
0.00414
0.00415
0.00416
0.00416
0.00416
0.00417
0.00417
0.00417
0.00417
0.00418
0.00417
0.00418
0.00417
0.00418
0.00417
0.00417
0.00416
0.00416
0.00415
0.00415
0.00414
0.00413
0.00412
0.00411
0.0041
0.00409
0.00407
0.00405
0.00403
0.00401
0.00398
0.00396
0.00392
0.0039
0.00386
0.00382
0.00378
0.00374
0.0037
0.00365
0.0036
0.00355
0.00349
0.00344
0.00338
0.00332
0.00325
0.00319
0.00312
0.00306
0.00298
0.00291
0.00283
0.00276
0.00268
0.0026
0.00252
0.00244
0.00235
0.00227
0.00218
0.0021
0.00201
0.00192
0.00182
0.00174
0.00165
0.00155
0.00146
0.00136
0.00127
0.00118
0.00109
0.00099
0.00089
0.0008
0.0007
0.00061
0.00051
0.00042
0.00032
0.00024
0.00014
5e-05
-5e-05
-0.00014
-0.00023
-0.00032
-0.00041
-0.00049
-0.00058
-0.00066
-0.00074
-0.00082
-0.0009
-0.00097
-0.00105
-0.00112
-0.00119
-0.00125
-0.00131
-0.00137
-0.00143
-0.00147
-0.00152
-0.00156
-0.0016
-0.00163
-0.00166
-0.00169
-0.00171
-0.00172
-0.00174
-0.00174
-0.00174
-0.00173
-0.00173
-0.00171
-0.00169
-0.00167
-0.00164
-0.0016
-0.00156
-0.00152
-0.00147
-0.00142
-0.00136
-0.0013
-0.00124
-0.00116
-0.0011
-0.00102
-0.00094
-0.00087
-0.00078
-0.0007
-0.00061
-0.00052
-0.00043
-0.00033
-0.00024
-0.00014
-5e-05
5e-05
0.00014
0.00024
0.00034
0.00044
0.00053
0.00063
0.00073
0.00083
0.00093
0.00103
0.00112
0.00122
0.00131
0.00142
0.00151
0.00161
0.0017
0.0018
0.00189
0.00199
0.00208
0.00217
0.00227
0.00236
0.00246
0.00255
0.00263
0.00273
0.00282
0.00291
0.00299
0.00308
0.00316
0.00325
0.00332
0.0034
0.00347
0.00355
0.00362
0.00369
0.00375
0.00381
0.00386
0.00392
0.00396
0.00401
0.00405
0.00409
0.00412
0.00415
0.00417
0.00419
0.0042
0.00421
0.00422
0.00422
0.00422
0.00422
0.0042
0.00419
0.00417
0.00416
0.00413
0.00411
0.00407
0.00404
0.004
0.00397
0.00392
0.00388
0.00383
0.00378
0.00373
0.00368
0.00362
0.00357
0.0035
0.00344
0.00338
0.00331
0.00324
0.00318
0.0031
0.00303
0.00295
0.00288
0.0028
0.00272
0.00265
0.00257
0.00249
0.00241
0.00233
0.00226
0.00218
0.0021
0.00202
0.00195
0.00187
0.0018
0.00173
0.00166
0.00159
0.00152
0.00145
0.00139
0.00132
0.00126
0.0012
0.00114
0.00108
0.00102
0.00096
0.0009
0.00084
0.00078
0.00072
0.00066
0.0006
0.00054
0.00048
0.00042
0.00035
0.0003
0.00023
0.00017
0.0001
4e-05
-3e-05
-9e-05
-0.00015
-0.00021
-0.00028
-0.00034
-0.0004
-0.00045
-0.0005
-0.00055
-0.00061
-0.00065
-0.0007
-0.00074
-0.00078
-0.00081
-0.00085
-0.00087
-0.0009
-0.00092
-0.00094
-0.00096
-0.00098
-0.00099
-0.001
-0.00101
-0.00103
-0.00103
-0.00104
-0.00104
-0.00105
-0.00106
-0.00107
-0.00107
-0.00108
-0.00108
-0.00109
-0.0011
-0.0011
-0.00111
-0.00112
-0.00112
-0.00113
-0.00113
-0.00114
-0.00113
-0.00114
-0.00113
-0.00113
-0.00112
-0.00111
-0.0011
-0.00108
-0.00107
-0.00104
-0.00101
-0.00098
-0.00094
-0.00091
-0.00087
-0.00083
-0.00077
-0.00073
-0.00067
-0.00062
-0.00056
-0.0005
-0.00045
-0.00039
-0.00033
-0.00027
-0.0002
-0.00015
-8e-05
-3e-05
3e-05
8e-05
0.00013
0.00018
0.00023
0.00027
0.00032
0.00035
0.00039
0.00042
0.00045
0.00048
0.00051
0.00054
0.00056
0.00058
0.0006
0.00061
0.00063
0.00064
0.00066
0.00066
0.00068
0.00068
0.00069
0.00069
0.0007
0.0007
0.00071
0.00071
0.00071
0.0007
0.0007
0.0007
0.00069
0.00068
0.00068
0.00066
0.00065
0.00064
0.00062
0.0006
0.00058
0.00056
0.00054
0.00051
0.00049
0.00046
0.00043
0.0004
0.00038
0.00034
0.00031
0.00028
0.00025
0.00022
0.00019
0.00016
0.00013
0.0001
7e-05
5e-05
3e-05
-0.0
-2e-05
-4e-05
-6e-05
-8e-05
-9e-05
-0.00011
-0.00012
-0.00013
-0.00015
-0.00015
-0.00016
-0.00017
-0.00017
-0.00018
-0.00018
-0.00019
-0.00019
-0.00019
-0.00019
-0.00019
-0.00018
-0.00018
-0.00017
-0.00017
-0.00016
-0.00015
-0.00014
-0.00012
-0.00011
-9e-05
-7e-05
-5e-05
-2e-05
1e-05
4e-05
7e-05
0.00012
0.00015
0.0002
0.00025
0.0003
0.00035
0.0004
0.00046
0.00052
0.00058
0.00065
0.00071
0.00078
0.00085
0.00092
0.00099
0.00106
0.00112
0.0012
0.00126
0.00133
0.00139
0.00145
0.00152
0.00158
0.00164
0.00169
0.00174
0.00179
0.00183
0.00188
0.00192
0.00196
0.00198
0.00202
0.00204
0.00207
0.00209
0.0021
0.00212
0.00214
0.00215
0.00216
0.00216
0.00217
0.00217
0.00217
0.00217
0.00217
0.00216
0.00216
0.00215
0.00215
0.00214
0.00213
0.00212
0.00211
0.0021
0.00209
0.00208
0.00207
0.00205
0.00205
0.00203
0.00202
0.002
0.00199
0.00197
0.00196
0.00194
0.00192
0.0019
0.00188
0.00187
0.00185
0.00182
0.00181
0.00178
0.00176
0.00174
0.00171
0.00168
0.00166
0.00163
0.00161
0.00158
0.00154
0.00151
0.00148
0.00145
0.00142
0.00138
0.00135
0.00131
0.00128
0.00124
0.0012
0.00116
0.00113
0.00109
0.00105
0.00101
0.00098
0.00094
0.00091
0.00087
0.00084
0.0008
0.00077
0.00074
0.00071
0.00068
0.00065
0.00062
0.0006
0.00057
0.00055
0.00053
0.00051
0.0005
0.00048
0.00047
0.00046
0.00045
0.00044
0.00043
0.00043
0.00042
0.00042
0.00042
0.00042
0.00042
0.00042
0.00042
0.00042
0.00043
0.00043
0.00044
0.00045
0.00045
0.00047
0.00047
0.00048
0.00049
0.00051
0.00051
0.00053
0.00054
0.00055
0.00056
0.00057
0.00059
0.0006
0.00062
0.00064
0.00064
0.00066
0.00067
0.00069
0.0007
0.00071
0.00072
0.00074
0.00075
0.00076
0.00076
0.00077
0.00078
0.00079
0.00079
0.0008
0.00079
0.0008
0.0008
0.0008
0.0008
0.0008
0.00079
0.00079
0.00078
0.00078
0.00077
0.00076
0.00076
0.00075
0.00075
0.00074
0.00073
0.00073
0.00072
0.00072
0.00071
0.00071
0.0007
0.00071
0.0007
0.0007
0.0007
0.0007
0.0007
0.0007
0.00071
0.00071
0.00071
0.00072
0.00072
0.00073
0.00073
0.00074
0.00074
0.00075
0.00076
0.00076
0.00076
0.00077
0.00077
0.00078
0.00078
0.00079
0.00078
0.00079
0.00079
0.00079
0.00079
0.00079
0.00078
0.00078
0.00078
0.00078
0.00077
0.00076
0.00076
0.00076
0.00075
0.00074
0.00073
0.00073
0.00072
0.00071
0.0007
0.0007
0.00069
0.00068
0.00067
0.00066
0.00065
0.00064
0.00064
0.00063
0.00062
0.00062
0.00061
0.0006
0.0006
0.00059
0.00058
0.00058
0.00057
0.00057
0.00056
0.00056
0.00056
0.00055
0.00055
0.00055
0.00055
0.00055
0.00054
0.00054
0.00054
0.00054
0.00054
0.00055
0.00054
0.00055
0.00056
0.00056
0.00057
0.00058
0.00059
0.00061
0.00063
0.00065
0.00067
0.0007
0.00073
0.00076
0.00079
0.00084
0.00088
0.00093
0.00098
0.00104
0.00109
0.00116
0.00122
0.00129
0.00136
0.00144
0.00151
0.00159
0.00166
0.00175
0.00182
0.0019
0.00197
0.00206
0.00213
0.0022
0.00226
0.00232
0.00239
0.00244
0.00249
0.00254
0.00258
0.00262
0.00265
0.00268
0.00269
0.00271
0.00271
0.00272
0.00272
0.00271
0.0027
0.00268
0.00266
0.00264
0.00262
0.00259
0.00255
0.00252
0.00249
0.00245
0.00241
0.00237
0.00233
0.00229
0.00224
0.0022
0.00215
0.00211
0.00206
0.00202
0.00197
0.00192
0.00187
0.00182
0.00176
0.00171
0.00165
0.00159
0.00153
0.00147
0.0014
0.00134
0.00127
0.00119
0.00112
0.00105
0.00098
0.0009
0.00082
0.00075
0.00066
0.00059
0.00051
0.00043
0.00035
0.00028
0.0002
0.00013
6e-05
-1e-05
-8e-05
-0.00014
-0.0002
-0.00026
-0.00032
-0.00037
-0.00042
-0.00047
-0.00052
-0.00055
-0.0006
-0.00063
-0.00067
-0.0007
-0.00073
-0.00075
-0.00078
-0.0008
-0.00082
-0.00084
-0.00086
-0.00087
-0.00089
-0.0009
-0.00092
-0.00093
-0.00094
-0.00094
-0.00095
-0.00096
-0.00097
-0.00097
-0.00097
-0.00097
-0.00097
-0.00097
-0.00097
-0.00096
-0.00096
-0.00095
-0.00094
-0.00093
-0.00092
-0.0009
-0.00088
-0.00086
-0.00085
-0.00082
-0.0008
-0.00077
-0.00075
-0.00072
-0.00069
-0.00066
-0.00063
-0.00059
-0.00056
-0.00052
-0.00049
-0.00045
-0.00041
-0.00037
-0.00033
-0.00029
-0.00024
-0.0002
-0.00015
-0.0001
-6e-05
-1e-05
4e-05
0.0001
0.00014
0.0002
0.00025
0.00031
0.00036
0.00042
0.00047
0.00052
0.00058
0.00064
0.0007
0.00075
0.00081
0.00087
0.00092
0.00098
0.00103
0.00108
0.00113
0.00118
0.00123
0.00128
0.00133
0.00137
0.00142
0.00147
0.00151
0.00156
0.00159
0.00164
0.00167
0.00171
0.00175
0.00178
0.00181
0.00185
0.00188
0.0019
0.00193
0.00195
0.00198
0.002
0.00202
0.00204
0.00205
0.00206
0.00207
0.00208
0.00208
0.00208
0.00208
0.00207
0.00206
0.00205
0.00203
0.00201
0.00199
0.00196
0.00193
0.0019
0.00185
0.00182
0.00177
0.00173
0.00167
0.00162
0.00156
0.00151
0.00145
0.00139
0.00133
0.00126
0.0012
0.00113
0.00107
0.001
0.00093
0.00086
0.00079
0.00073
0.00065
0.00058
0.00051
0.00044
0.00037
0.0003
0.00022
0.00015
7e-05
-0.0
-8e-05
-0.00015
-0.00024
-0.00032
-0.0004
-0.00048
-0.00057
-0.00065
-0.00074
-0.00082
-0.00092
-0.00101
-0.0011
-0.00119
-0.00128
-0.00137
-0.00147
-0.00155
-0.00165
-0.00174
-0.00183
-0.00192
-0.00201
-0.00209
-0.00218
-0.00226
-0.00235
-0.00242
-0.0025
-0.00258
-0.00265
-0.00272
-0.00279
-0.00285
-0.00292
-0.00298
-0.00304
-0.00309
-0.00315
-0.00319
-0.00325
-0.00329
-0.00334
-0.00338
-0.00342
-0.00346
-0.0035
-0.00353
-0.00356
-0.00359
-0.00363
-0.00365
-0.00368
-0.0037
-0.00372
-0.00374
-0.00376
-0.00377
-0.00379
-0.0038
-0.00381
-0.00382
-0.00382
-0.00383
-0.00383
-0.00382
-0.00382
-0.00381
-0.0038
-0.00378
-0.00377
-0.00375
-0.00373
-0.0037
-0.00368
-0.00365
-0.00362
-0.00359
-0.00354
-0.0035
-0.00346
-0.00341
-0.00337
-0.00332
-0.00328
-0.00322
-0.00317
-0.00311
-0.00306
-0.003
-0.00294
-0.00288
-0.00283
-0.00277
-0.0027
-0.00264
-0.00258
-0.00252
-0.00246
-0.00239
-0.00233
-0.00227
-0.00221
-0.00214
-0.00209
-0.00202
-0.00196
-0.0019
-0.00184
-0.00178
-0.00172
-0.00165
-0.0016
-0.00153
-0.00147
-0.00141
-0.00135
-0.00129
-0.00123
-0.00116
-0.00111
-0.00104
-0.00098
-0.00092
-0.00085
-0.0008
-0.00073
-0.00067
-0.00061
-0.00055
-0.00049
-0.00043
-0.00038
-0.00032
-0.00027
-0.00021
-0.00016
-0.00011
-6e-05
-2e-05
2e-05
6e-05
0.0001
0.00014
0.00017
0.00021
0.00023
0.00026
0.00029
0.00031
0.00033
0.00035
0.00036
0.00038
0.00039
0.0004
0.00041
0.00042
0.00043
0.00043
0.00044
0.00044
0.00044
0.00045
0.00045
0.00046
0.00046
0.00046
0.00046
0.00047
0.00047
0.00048
0.00048
0.00048
0.00049
0.0005
0.0005
0.00051
0.00052
0.00053
0.00053
0.00054
0.00055
0.00056
0.00057
0.00058
0.00059
0.0006
0.00061
0.00062
0.00064
0.00065
0.00067
0.00068
0.00069
0.00071
0.00073
0.00075
0.00076
0.00078
0.0008
0.00082
0.00084
0.00086
0.00088
0.0009
0.00092
0.00095
0.00097
0.001
0.00102
0.00105
0.00107
0.0011
0.00112
0.00115
0.00117
0.0012
0.00123
0.00125
0.00128
0.00131
0.00133
0.00136
0.00139
0.00142
0.00144
0.00147
0.00149
0.00152
0.00154
0.00157
0.00159
0.00162
0.00164
0.00166
0.00168
0.0017
0.00173
0.00175
0.00176
0.00179
0.0018
0.00182
0.00183
0.00185
0.00186
0.00188
0.00189
0.00191
0.00192
0.00193
0.00195
0.00196
0.00197
0.00199
0.002
0.00202
0.00203
0.00205
0.00206
0.00208
0.0021
0.00212
0.00214
0.00216
0.00218
0.00221
0.00224
0.00226
0.00229
0.00233
0.00236
0.0024
0.00243
0.00247
0.00251
0.00256
0.0026
0.00265
0.00269
0.00274
0.00279
0.00284
0.00289
0.00294
0.00299
0.00305
0.0031
0.00316
0.00321
0.00326
0.00331
0.00337
0.00342
0.00347
0.00352
0.00357
0.00362
0.00367
0.00371
0.00376
0.0038
0.00385
0.00389
0.00393
0.00397
0.00401
0.00404
0.00408
0.00411
0.00414
0.00416
0.0042
0.00422
0.00424
0.00426
0.00427
0.00429
0.00431
0.00432
0.00433
0.00432
0.00433
0.00432
0.00432
0.00431
0.0043
0.00427
0.00426
0.00423
0.00419
0.00416
0.00411
0.00407
0.00402
0.00396
0.0039
0.00383
0.00376
0.00368
0.0036
0.00351
0.00342
0.00332
0.00322
0.00311
0.003
0.00289
0.00277
0.00265
0.00253
0.0024
0.00228
0.00214
0.00201
0.00187
0.00174
0.0016
0.00147
0.00133
0.0012
0.00106
0.00092
0.00078
0.00065
0.00052
0.00038
0.00025
0.00012
-1e-05
-0.00014
-0.00026
-0.00039
-0.00051
-0.00063
-0.00075
-0.00087
-0.00098
-0.0011
-0.00121
-0.00132
-0.00143
-0.00153
-0.00163
-0.00173
-0.00183
-0.00192
-0.00201
-0.00209
-0.00218
-0.00226
-0.00234
-0.00241
-0.00248
-0.00254
-0.00261
-0.00266
-0.00271
-0.00276
-0.0028
-0.00284
-0.00288
-0.0029
-0.00293
-0.00294
-0.00296
-0.00296
-0.00297
-0.00297
-0.00296
-0.00295
-0.00294
-0.00292
-0.0029
-0.00287
-0.00284
-0.0028
-0.00277
-0.00272
-0.00268
-0.00263
-0.00259
-0.00253
-0.00248
-0.00242
-0.00237
-0.00231
-0.00225
-0.00219
-0.00212
-0.00205
-0.00199
-0.00192
-0.00185
-0.00178
-0.00171
-0.00163
-0.00156
-0.00149
-0.00142
-0.00133
-0.00126
-0.00118
-0.0011
-0.00103
-0.00094
-0.00086
-0.00078
-0.00069
-0.00062
-0.00053
-0.00045
-0.00036
-0.00028
-0.0002
-0.00012
-3e-05
5e-05
0.00013
0.0002
0.00028
0.00035
0.00043
0.0005
0.00057
0.00063
0.0007
0.00076
0.00082
0.00087
0.00093
0.00097
0.00103
0.00107
0.0011
0.00114
0.00117
0.0012
0.00123
0.00125
0.00127
0.00128
0.0013
0.00131
0.00132
0.00132
0.00132
0.00132
0.00132
0.00131
0.0013
0.00129
0.00127
0.00125
0.00123
0.00121
0.00119
0.00116
0.00113
0.0011
0.00107
0.00103
0.00099
0.00095
0.00091
0.00087
0.00082
0.00077
0.00072
0.00068
0.00063
0.00057
0.00052
0.00047
0.00042
0.00036
0.00031
0.00025
0.00019
0.00013
8e-05
2e-05
-4e-05
-0.0001
-0.00015
-0.00021
-0.00027
-0.00032
-0.00037
-0.00044
-0.00049
-0.00054
-0.00059
-0.00065
-0.0007
-0.00075
-0.00079
-0.00084
-0.00089
-0.00094
-0.00098
-0.00102
-0.00106
-0.00109
-0.00112
-0.00116
-0.00119
-0.00122
-0.00124
-0.00126
-0.00128
-0.0013
-0.0013
-0.00132
-0.00133
-0.00133
-0.00134
-0.00134
-0.00133
-0.00133
-0.00132
-0.00132
-0.00131
-0.0013
-0.00129
-0.00128
-0.00127
-0.00126
-0.00125
-0.00124
-0.00124
-0.00123
-0.00122
-0.00122
-0.00121
-0.00121
-0.00121
-0.00121
-0.00121
-0.00122
-0.00122
-0.00123
-0.00124
-0.00125
-0.00125
-0.00127
-0.00128
-0.0013
-0.00131
-0.00133
-0.00134
-0.00135
-0.00137
-0.00139
-0.0014
-0.00142
-0.00143
-0.00145
-0.00146
-0.00148
-0.00148
-0.0015
-0.00151
-0.00153
-0.00154
-0.00156
-0.00157
-0.00158
-0.00159
-0.00161
-0.00162
-0.00163
-0.00164
-0.00166
-0.00167
-0.00169
-0.00169
-0.00171
-0.00172
-0.00173
-0.00174
-0.00175
-0.00176
-0.00177
-0.00178
-0.00179
-0.00179
-0.00179
-0.00179
-0.0018
-0.00179
-0.00179
-0.00178
-0.00178
-0.00177
-0.00176
-0.00174
-0.00172
-0.0017
-0.00168
-0.00166
-0.00164
-0.0016
-0.00158
-0.00154
-0.00151
-0.00147
-0.00144
-0.00139
-0.00135
-0.00131
-0.00127
-0.00122
-0.00118
-0.00113
-0.00108
-0.00103
-0.00098
-0.00093
-0.00088
-0.00082
-0.00077
-0.00072
-0.00067
-0.00061
-0.00055
-0.0005
-0.00045
-0.00039
-0.00033
-0.00028
-0.00022
-0.00016
-0.00011
-6e-05
-0.0
6e-05
0.00011
0.00017
0.00022
0.00028
0.00033
0.00039
0.00044
0.0005
0.00055
0.00061
0.00066
0.00072
0.00077
0.00083
0.00088
0.00094
0.00099
0.00105
0.0011
0.00116
0.00121
0.00126
0.00131
0.00136
0.00142
0.00147
0.00152
0.00157
0.00161
0.00166
0.0017
0.00175
0.00178
0.00183
0.00186
0.0019
0.00194
0.00197
0.002
0.00203
0.00206
0.0021
0.00212
0.00215
0.00217
0.0022
0.00221
0.00224
0.00225
0.00228
0.00229
0.00231
0.00232
0.00233
0.00234
0.00236
0.00237
0.00238
0.00239
0.0024
0.0024
0.00241
0.00241
0.00242
0.00242
0.00242
0.00242
0.00242
0.00242
0.00241
0.00241
0.0024
0.00239
0.00238
0.00237
0.00236
0.00233
0.00232
0.0023
0.00228
0.00225
0.00223
0.00219
0.00217
0.00214
0.0021
0.00207
0.00203
0.00199
0.00195
0.00191
0.00187
0.00183
0.00178
0.00174
0.00169
0.00164
0.0016
0.00155
0.0015
0.00145
0.0014
0.00135
0.00131
0.00126
0.00122
0.00117
0.00113
0.00108
0.00104
0.001
0.00096
0.00092
0.00089
0.00085
0.00083
0.00079
0.00077
0.00074
0.00071
0.00069
0.00068
0.00066
0.00065
0.00063
0.00062
0.00061
0.0006
0.00059
0.00059
0.00058
0.00059
0.00058
0.00058
0.00058
0.00058
0.00058
0.00058
0.00058
0.00058
0.00058
0.00058
0.00058
0.00058
0.00057
0.00057
0.00056
0.00056
0.00056
0.00055
0.00054
0.00053
0.00053
0.00052
0.00051
0.0005
0.00049
0.00048
0.00047
0.00047
0.00046
0.00046
0.00045
0.00045
0.00044
0.00044
0.00044
0.00045
0.00046
0.00047
0.00047
0.00049
0.0005
0.00052
0.00054
0.00056
0.00059
0.00061
0.00064
0.00067
0.0007
0.00073
0.00076
0.00079
0.00083
0.00087
0.0009
0.00094
0.00096
0.001
0.00103
0.00107
0.00109
0.00112
0.00115
0.00118
0.0012
0.00123
0.00125
0.00127
0.00129
0.00131
0.00133
0.00135
0.00135
0.00137
0.00139
0.0014
0.00141
0.00143
0.00144
0.00145
0.00147
0.00148
0.00149
0.0015
0.00152
0.00154
0.00155
0.00157
0.00158
0.0016
0.00162
0.00164
0.00165
0.00167
0.00169
0.00171
0.00173
0.00175
0.00177
0.00178
0.0018
0.00182
0.00183
0.00185
0.00186
0.00188
0.00188
0.0019
0.00191
0.00192
0.00192
0.00193
0.00193
0.00194
0.00194
0.00194
0.00194
0.00195
0.00195
0.00195
0.00194
0.00194
0.00194
0.00194
0.00194
0.00194
0.00194
0.00194
0.00194
0.00194
0.00194
0.00195
0.00195
0.00196
0.00197
0.00198
0.00198
0.002
0.00201
0.00202
0.00204
0.00206
0.00207
0.0021
0.00212
0.00214
0.00217
0.00219
0.00222
0.00226
0.00229
0.00232
0.00236
0.0024
0.00243
0.00248
0.00251
0.00256
0.0026
0.00264
0.00269
0.00273
0.00278
0.00282
0.00287
0.00291
0.00296
0.00301
0.00304
0.00309
0.00313
0.00317
0.00321
0.00325
0.00328
0.00332
0.00334
0.00337
0.0034
0.00342
0.00344
0.00346
0.00347
0.00349
0.00349
0.0035
0.0035
0.00351
0.0035
0.0035
0.00349
0.00348
0.00347
0.00345
0.00344
0.00342
0.0034
0.00338
0.00336
0.00334
0.00331
0.00329
0.00326
0.00324
0.00321
0.00318
0.00315
0.00313
0.0031
0.00308
0.00305
0.00302
0.00299
0.00297
0.00294
0.00292
0.00289
0.00287
0.00284
0.00282
0.00279
0.00277
0.00274
0.00271
0.00268
0.00266
0.00263
0.0026
0.00257
0.00255
0.00252
0.00249
0.00246
0.00243
0.0024
0.00238
0.00234
0.00232
0.00229
0.00227
0.00224
0.00222
0.00219
0.00217
0.00215
0.00213
0.00211
0.0021
0.00207
0.00206
0.00204
0.00203
0.00201
0.002
0.00198
0.00197
0.00195
0.00194
0.00192
0.0019
0.00188
0.00186
0.00184
0.00182
0.00179
0.00176
0.00173
0.0017
0.00166
0.00163
0.00158
0.00155
0.0015
0.00145
0.0014
0.00135
0.00129
0.00124
0.00118
0.00112
0.00105
0.001
0.00093
0.00087
0.00079
0.00073
0.00065
0.00059
0.00052
0.00044
0.00037
0.00029
0.00022
0.00015
7e-05
-1e-05
-9e-05
-0.00016
-0.00025
-0.00032
-0.00041
-0.00049
-0.00057
-0.00065
-0.00073
-0.00082
-0.0009
-0.00098
-0.00107
-0.00115
-0.00123
-0.0013
-0.00139
-0.00146
-0.00153
-0.0016
-0.00168
-0.00174
-0.00181
-0.00186
-0.00192
-0.00197
-0.00202
-0.00207
-0.00211
-0.00214
-0.00217
-0.0022
-0.00223
-0.00224
-0.00226
-0.00227
-0.00228
-0.00229
-0.0023
-0.00229
-0.00229
-0.00228
-0.00228
-0.00227
-0.00226
-0.00224
-0.00223
-0.00221
-0.0022
-0.00218
-0.00216
-0.00214
-0.00213
-0.0021
-0.00209
-0.00206
-0.00204
-0.00202
-0.00201
-0.00199
-0.00196
-0.00194
-0.00192
-0.0019
-0.00188
-0.00186
-0.00184
-0.00182
-0.0018
-0.00177
-0.00176
-0.00173
-0.00171
-0.00169
-0.00167
-0.00165
-0.00163
-0.00161
-0.00159
-0.00157
-0.00156
-0.00153
-0.00152
-0.0015
-0.00148
-0.00147
-0.00145
-0.00143
-0.00142
-0.0014
-0.00139
-0.00137
-0.00135
-0.00134
-0.00132
-0.0013
-0.00129
-0.00126
-0.00125
-0.00123
-0.00121
-0.00119
-0.00117
-0.00114
-0.00112
-0.0011
-0.00108
-0.00106
-0.00103
-0.00101
-0.00099
-0.00096
-0.00094
-0.00092
-0.0009
-0.00088
-0.00086
-0.00084
-0.00083
-0.00081
-0.0008
-0.00079
-0.00078
-0.00078
-0.00077
-0.00077
-0.00077
-0.00077
-0.00078
-0.00078
-0.00079
-0.0008
-0.00081
-0.00082
-0.00085
-0.00086
-0.00088
-0.0009
-0.00093
-0.00095
-0.00098
-0.001
-0.00103
-0.00106
-0.00109
-0.00112
-0.00115
-0.00118
-0.00121
-0.00124
-0.00128
-0.0013
-0.00134
-0.00137
-0.0014
-0.00143
-0.00145
-0.00147
-0.0015
-0.00151
-0.00154
-0.00155
-0.00157
-0.00158
-0.0016
-0.0016
-0.00161
-0.00161
-0.00161
-0.00161
-0.0016
-0.00159
-0.00158
-0.00156
-0.00154
-0.00151
-0.00149
-0.00146
-0.00143
-0.00139
-0.00135
-0.0013
-0.00126
-0.00121
-0.00116
-0.0011
-0.00104
-0.00098
-0.00092
-0.00085
-0.00078
-0.00071
-0.00065
-0.00057
-0.0005
-0.00042
-0.00034
-0.00026
-0.00019
-0.00011
-3e-05
4e-05
0.00012
0.00019
0.00026
0.00033
0.0004
0.00047
0.00052
0.00059
0.00064
0.00069
0.00074
0.00078
0.00082
0.00086
0.00089
0.00091
0.00093
0.00095
0.00096
0.00097
0.00097
0.00097
0.00096
0.00096
0.00094
0.00093
0.00091
0.00089
0.00086
0.00084
0.00081
0.00077
0.00074
0.0007
0.00067
0.00063
0.0006
0.00056
0.00052
0.00048
0.00044
0.00041
0.00036
0.00033
0.00029
0.00025
0.00021
0.00018
0.00014
0.0001
7e-05
3e-05
-0.0
-3e-05
-7e-05
-0.0001
-0.00014
-0.00017
-0.0002
-0.00023
-0.00027
-0.00029
-0.00032
-0.00035
-0.00038
-0.00041
-0.00043
-0.00045
-0.00047
-0.00049
-0.00051
-0.00052
-0.00053
-0.00053
-0.00054
-0.00054
-0.00054
-0.00053
-0.00053
-0.00052
-0.0005
-0.00049
-0.00046
-0.00043
-0.00041
-0.00037
-0.00034
-0.00029
-0.00025
-0.0002
-0.00016
-0.00011
-6e-05
0.0
6e-05
0.00012
0.00017
0.00023
0.0003
0.00036
0.00042
0.00048
0.00054
0.0006
0.00066
0.00072
0.00077
0.00083
0.00088
0.00093
0.00097
0.00102
0.00106
0.00109
0.00113
0.00116
0.00119
0.00122
0.00123
0.00126
0.00127
0.00129
