1.02265290316411E+03

0.00012
0.00015
0.0002
0.00024
0.00029
0.00034
0.00039
0.00044
0.00049
0.00055
0.00061
0.00067
0.00073
0.00078
0.00085
0.00091
0.00098
0.00104
0.00111
0.00117
0.00124
0.00131
0.00137
0.00144
0.0015
0.00156
0.00163
0.00169
0.00175
0.00181
0.00187
0.00192
0.00198
0.00202
0.00208
0.00212
0.00216
0.0022
0.00223
0.00226
0.00229
0.00232
0.00234
0.00235
0.00237
0.00237
0.00238
0.00237
0.00237
0.00236
0.00235
0.00233
0.00232
0.00229
0.00227
0.00224
0.00221
0.00217
0.00214
0.0021
0.00206
0.00201
0.00197
0.00192
0.00188
0.00182
0.00177
0.00171
0.00167
0.00161
0.00155
0.0015
0.00144
0.00138
0.00132
0.00126
0.0012
0.00113
0.00107
0.001
0.00094
0.00087
0.00081
0.00074
0.00068
0.0006
0.00054
0.00047
0.0004
0.00033
0.00026
0.0002
0.00013
7e-05
1e-05
-6e-05
-0.00011
-0.00017
-0.00022
-0.00027
-0.00031
-0.00035
-0.00039
-0.00042
-0.00045
-0.00048
-0.0005
-0.00051
-0.00052
-0.00053
-0.00053
-0.00053
-0.00051
-0.0005
-0.00049
-0.00047
-0.00044
-0.00041
-0.00038
-0.00034
-0.00031
-0.00026
-0.00022
-0.00017
-0.00011
-6e-05
-0.0
5e-05
0.00012
0.00018
0.00025
0.00031
0.00039
0.00046
0.00054
0.00062
0.0007
0.00079
0.00088
0.00097
0.00107
0.00116
0.00127
0.00137
0.00149
0.00159
0.00171
0.00182
0.00195
0.00207
0.00219
0.00231
0.00244
0.00256
0.00269
0.00281
0.00294
0.00306
0.00318
0.0033
0.00342
0.00353
0.00364
0.00374
0.00384
0.00394
0.00403
0.00411
0.00418
0.00426
0.00433
0.00439
0.00444
0.00449
0.00453
0.00457
0.0046
0.00462
0.00464
0.00465
0.00467
0.00467
0.00467
0.00466
0.00466
0.00464
0.00463
0.00461
0.00459
0.00455
0.00453
0.00449
0.00445
0.00441
0.00436
0.00431
0.00426
0.0042
0.00414
0.00407
0.004
0.00392
0.00384
0.00376
0.00367
0.00357
0.00348
0.00338
0.00327
0.00316
0.00304
0.00292
0.00281
0.00268
0.00255
0.00242
0.00229
0.00216
0.00202
0.00189
0.00176
0.00162
0.00149
0.00135
0.00123
0.00109
0.00097
0.00084
0.00072
0.0006
0.00049
0.00037
0.00026
0.00016
5e-05
-5e-05
-0.00014
-0.00024
-0.00033
-0.00042
-0.00051
-0.0006
-0.00068
-0.00076
-0.00084
-0.00092
-0.001
-0.00108
-0.00116
-0.00124
-0.00131
-0.00138
-0.00146
-0.00154
-0.00161
-0.00168
-0.00175
-0.00183
-0.00189
-0.00197
-0.00203
-0.0021
-0.00216
-0.00222
-0.00229
-0.00234
-0.0024
-0.00245
-0.00249
-0.00254
-0.00258
-0.00262
-0.00266
-0.00269
-0.00272
-0.00275
-0.00276
-0.00279
-0.0028
-0.00281
-0.00283
-0.00283
-0.00284
-0.00284
-0.00284
-0.00284
-0.00283
-0.00283
-0.00282
-0.00282
-0.0028
-0.0028
-0.00278
-0.00278
-0.00276
-0.00275
-0.00274
-0.00273
-0.00272
-0.0027
-0.00269
-0.00268
-0.00266
-0.00264
-0.00262
-0.00261
-0.00259
-0.00257
-0.00254
-0.00252
-0.0025
-0.00247
-0.00244
-0.00241
-0.00238
-0.00235
-0.00231
-0.00228
-0.00223
-0.00219
-0.00215
-0.00211
-0.00206
-0.00202
-0.00197
-0.00193
-0.00188
-0.00183
-0.00179
-0.00174
-0.00169
-0.00165
-0.0016
-0.00157
-0.00153
-0.00149
-0.00145
-0.00142
-0.00139
-0.00136
-0.00133
-0.00131
-0.00129
-0.00127
-0.00125
-0.00124
-0.00122
-0.00121
-0.0012
-0.0012
-0.00119
-0.00119
-0.00118
-0.00119
-0.00118
-0.00119
-0.00118
-0.00119
-0.00119
-0.00119
-0.00119
-0.00119
-0.00118
-0.00118
-0.00117
-0.00117
-0.00116
-0.00116
-0.00115
-0.00115
-0.00113
-0.00113
-0.00111
-0.0011
-0.00109
-0.00107
-0.00106
-0.00104
-0.00103
-0.00101
-0.001
-0.00099
-0.00097
-0.00096
-0.00094
-0.00094
-0.00093
-0.00092
-0.00091
-0.00091
-0.00091
-0.00091
-0.00091
-0.00091
-0.00092
-0.00093
-0.00094
-0.00095
-0.00097
-0.00098
-0.001
-0.00103
-0.00105
-0.00107
-0.0011
-0.00113
-0.00116
-0.00119
-0.00122
-0.00125
-0.00128
-0.00131
-0.00134
-0.00137
-0.0014
-0.00143
-0.00146
-0.00149
-0.00151
-0.00154
-0.00156
-0.00158
-0.0016
-0.00162
-0.00163
-0.00165
-0.00165
-0.00166
-0.00166
-0.00167
-0.00167
-0.00167
-0.00167
-0.00167
-0.00165
-0.00165
-0.00163
-0.00162
-0.00161
-0.00159
-0.00157
-0.00155
-0.00153
-0.0015
-0.00147
-0.00145
-0.00142
-0.00138
-0.00134
-0.00131
-0.00127
-0.00123
-0.00117
-0.00113
-0.00107
-0.00102
-0.00096
-0.0009
-0.00083
-0.00076
-0.00068
-0.00061
-0.00052
-0.00044
-0.00034
-0.00025
-0.00015
-5e-05
6e-05
0.00017
0.00029
0.0004
0.00052
0.00065
0.00077
0.0009
0.00104
0.00116
0.0013
0.00143
0.00157
0.00171
0.00184
0.00198
0.00212
0.00225
0.00238
0.00251
0.00264
0.00277
0.0029
0.00302
0.00314
0.00325
0.00336
0.00347
0.00358
0.00367
0.00377
0.00386
0.00395
0.00402
0.0041
0.00417
0.00424
0.0043
0.00436
0.00441
0.00446
0.00449
0.00454
0.00457
0.0046
0.00462
0.00464
0.00465
0.00466
0.00466
0.00466
0.00466
0.00465
0.00464
0.00462
0.0046
0.00458
0.00454
0.00452
0.00448
0.00444
0.00439
0.00435
0.00429
0.00424
0.00418
0.00412
0.00405
0.00399
0.00392
0.00385
0.00378
0.0037
0.00362
0.00355
0.00347
0.00339
0.0033
0.00323
0.00314
0.00306
0.00298
0.00289
0.00281
0.00273
0.00265
0.00257
0.00249
0.00241
0.00232
0.00225
0.00217
0.0021
0.00202
0.00195
0.00187
0.0018
0.00172
0.00165
0.00158
0.00151
0.00144
0.00136
0.00129
0.00122
0.00115
0.00108
0.001
0.00093
0.00086
0.00078
0.00071
0.00064
0.00056
0.00048
0.0004
0.00032
0.00025
0.00017
9e-05
1e-05
-8e-05
-0.00016
-0.00025
-0.00033
-0.00042
-0.0005
-0.0006
-0.00068
-0.00077
-0.00087
-0.00096
-0.00106
-0.00115
-0.00124
-0.00134
-0.00143
-0.00154
-0.00163
-0.00174
-0.00183
-0.00194
-0.00203
-0.00213
-0.00223
-0.00233
-0.00243
-0.00252
-0.00262
-0.00271
-0.0028
-0.00288
-0.00297
-0.00305
-0.00312
-0.0032
-0.00327
-0.00334
-0.0034
-0.00346
-0.00351
-0.00356
-0.0036
-0.00365
-0.00368
-0.00372
-0.00374
-0.00376
-0.00378
-0.0038
-0.00381
-0.00382
-0.00382
-0.00382
-0.00382
-0.00382
-0.0038
-0.0038
-0.00378
-0.00376
-0.00375
-0.00372
-0.0037
-0.00367
-0.00364
-0.00361
-0.00357
-0.00353
-0.00348
-0.00344
-0.00338
-0.00333
-0.00327
-0.0032
-0.00314
-0.00306
-0.00299
-0.0029
-0.00281
-0.00272
-0.00262
-0.00252
-0.0024
-0.00229
-0.00216
-0.00204
-0.0019
-0.00177
-0.00163
-0.00148
-0.00133
-0.00118
-0.00103
-0.00086
-0.0007
-0.00054
-0.00037
-0.0002
-3e-05
0.00014
0.00031
0.00048
0.00065
0.00082
0.00099
0.00115
0.00132
0.00148
0.00164
0.0018
0.00195
0.0021
0.00226
0.0024
0.00255
0.00268
0.00282
0.00294
0.00308
0.00319
0.00332
0.00343
0.00353
0.00364
0.00374
0.00383
0.00392
0.00401
0.00409
0.00416
0.00423
0.00429
0.00435
0.0044
0.00444
0.00448
0.00452
0.00454
0.00456
0.00458
0.00459
0.00459
0.00459
0.00459
0.00458
0.00456
0.00454
0.00451
0.00449
0.00445
0.00441
0.00437
0.00433
0.00428
0.00423
0.00418
0.00412
0.00406
0.00401
0.00395
0.00389
0.00382
0.00377
0.0037
0.00364
0.00357
0.00352
0.00345
0.00339
0.00333
0.00327
0.00321
0.00315
0.00309
0.00303
0.00298
0.00293
0.00287
0.00283
0.00277
0.00273
0.00269
0.00265
0.00261
0.00258
0.00254
0.00251
0.00249
0.00246
0.00245
0.00244
0.00243
0.00242
0.00242
0.00243
0.00244
0.00246
0.00247
0.0025
0.00252
0.00257
0.0026
0.00265
0.0027
0.00276
0.00282
0.00289
0.00296
0.00304
0.00312
0.00321
0.0033
0.00339
0.00349
0.0036
0.00371
0.00383
0.00396
0.00408
0.00421
0.00435
0.00449
0.00465
0.0048
0.00496
0.00512
0.0053
0.00547
0.00566
0.00585
0.00605
0.00624
0.00646
0.00667
0.00688
0.00711
0.00733
0.00757
0.00781
0.00805
0.00829
0.00854
0.0088
0.00905
0.00931
0.00956
0.00983
0.01009
0.01035
0.01062
0.01088
0.01114
0.01141
0.01167
0.01193
0.01219
0.01246
0.01271
0.01298
0.01323
0.01349
0.01375
0.01401
0.01426
0.01452
0.01477
0.01502
0.01528
0.01553
0.01578
0.01604
0.01629
0.01654
0.01679
0.01705
0.0173
0.01755
0.0178
0.01805
0.0183
0.01855
0.0188
0.01904
0.01928
0.01952
0.01976
0.02
0.02023
0.02046
0.02069
0.02091
0.02113
0.02134
0.02155
0.02176
0.02196
0.02216
0.02234
0.02253
0.02271
0.02288
0.02306
0.02323
0.02339
0.02355
0.02369
0.02384
0.02398
0.02412
0.02425
0.02438
0.02451
0.02463
0.02474
0.02485
0.02496
0.02506
0.02516
0.02525
0.02534
0.02543
0.0255
0.02558
0.02565
0.02572
0.02578
0.02584
0.02589
0.02594
0.02598
0.02602
0.02606
0.02609
0.02612
0.02614
0.02616
0.02617
0.02618
0.02619
0.02619
0.02619
0.02618
0.02617
0.02615
0.02613
0.0261
0.02607
0.02604
0.02599
0.02595
0.0259
0.02584
0.02577
0.0257
0.02562
0.02554
0.02545
0.02534
0.02524
0.02512
0.025
0.02487
0.02473
0.02458
0.02443
0.02427
0.0241
0.02392
0.02374
0.02354
0.02335
0.02314
0.02293
0.02271
0.02249
0.02226
0.02203
0.02179
0.02155
0.0213
0.02106
0.02081
0.02056
0.02031
0.02006
0.0198
0.01955
0.01929
0.01904
0.01878
0.01853
0.01827
0.01803
0.01777
0.01752
0.01728
0.01703
0.01678
0.01654
0.0163
0.01606
0.01582
0.01559
0.01535
0.01512
0.01489
0.01467
0.01444
0.01423
0.01401
0.01379
0.01358
0.01337
0.01317
0.01297
0.01278
0.01259
0.01239
0.01222
0.01204
0.01187
0.0117
0.01154
0.01138
0.01124
0.01109
0.01095
0.01081
0.01068
0.01056
0.01044
0.01032
0.01021
0.0101
0.01
0.0099
0.00981
0.00971
0.00963
0.00954
0.00946
0.00937
0.00929
0.00921
0.00914
0.00907
0.009
0.00893
0.00886
0.00879
0.00873
0.00867
0.00861
0.00855
0.0085
0.00844
0.0084
0.00835
0.0083
0.00826
0.00822
0.00819
0.00816
0.00813
0.0081
0.00808
0.00807
0.00805
0.00804
0.00803
0.00803
0.00803
0.00803
0.00804
0.00805
0.00806
0.00807
0.00809
0.0081
0.00812
0.00815
0.00817
0.00819
0.00822
0.00825
0.00828
0.00831
0.00834
0.00837
0.0084
0.00844
0.00847
0.0085
0.00854
0.00858
0.00862
0.00866
0.0087
0.00874
0.00878
0.00883
0.00887
0.00892
0.00896
0.00901
0.00905
0.0091
0.00914
0.00919
0.00923
0.00927
0.00932
0.00936
0.00939
0.00943
0.00947
0.0095
0.00953
0.00956
0.00958
0.0096
0.00961
0.00963
0.00964
0.00964
0.00964
0.00964
0.00964
0.00963
0.00961
0.0096
0.00958
0.00956
0.00953
0.00951
0.00947
0.00944
0.0094
0.00937
0.00933
0.00929
0.00924
0.0092
0.00916
0.00911
0.00906
0.00901
0.00896
0.0089
0.00885
0.00879
0.00873
0.00867
0.0086
0.00854
0.00846
0.00839
0.00831
0.00823
0.00815
0.00806
0.00797
0.00788
0.00778
0.00768
0.00757
0.00746
0.00734
0.00723
0.0071
0.00698
0.00685
0.00672
0.00659
0.00645
0.00632
0.00618
0.00604
0.0059
0.00576
0.00562
0.00548
0.00534
0.0052
0.00506
0.00493
0.00479
0.00465
0.00452
0.00439
0.00426
0.00413
0.004
0.00387
0.00375
0.00363
0.00351
0.00338
0.00326
0.00314
0.00303
0.0029
0.00279
0.00267
0.00255
0.00244
0.00232
0.00221
0.0021
0.00199
0.00188
0.00177
0.00167
0.00156
0.00146
0.00136
0.00128
0.00118
0.0011
0.00102
0.00094
0.00087
0.00081
0.00075
0.00071
0.00065
0.00062
0.00059
0.00056
0.00054
0.00053
0.00052
0.00053
0.00053
0.00054
0.00056
0.00058
0.00061
0.00064
0.00068
0.00072
0.00076
0.0008
0.00085
0.0009
0.00094
0.00099
0.00104
0.00109
0.00113
0.00118
0.00122
0.00127
0.00131
0.00135
0.00139
0.00142
0.00145
0.00149
0.00151
0.00154
0.00157
0.00159
0.00161
0.00163
0.00165
0.00166
0.00168
0.00169
0.0017
0.00171
0.00172
0.00173
0.00173
0.00174
0.00175
0.00176
0.00176
0.00176
0.00176
0.00177
0.00177
0.00177
0.00177
0.00177
0.00177
0.00178
0.00178
0.00178
0.00178
0.00178
0.00178
0.00179
0.00179
0.00179
0.00179
0.0018
0.00181
0.00182
0.00183
0.00184
0.00185
0.00186
0.00188
0.0019
0.00191
0.00194
0.00196
0.00198
0.00201
0.00203
0.00206
0.00209
0.00212
0.00215
0.00218
0.00221
0.00224
0.00227
0.00231
0.00234
0.00237
0.00241
0.00244
0.00247
0.0025
0.00253
0.00256
0.00259
0.00262
0.00265
0.00268
0.00271
0.00273
0.00276
0.00279
0.00281
0.00283
0.00286
0.00288
0.0029
0.00292
0.00294
0.00295
0.00297
0.00298
0.00299
0.00299
0.00299
0.00299
0.00299
0.00298
0.00297
0.00294
0.00293
0.0029
0.00287
0.00282
0.00278
0.00273
0.00268
0.00262
0.00255
0.00248
0.0024
0.00231
0.00223
0.00213
0.00204
0.00193
0.00183
0.00171
0.00161
0.00149
0.00137
0.00124
0.00113
0.001
0.00088
0.00075
0.00063
0.00051
0.00039
0.00027
0.00015
3e-05
-8e-05
-0.0002
-0.00031
-0.00042
-0.00052
-0.00063
-0.00073
-0.00083
-0.00093
-0.00103
-0.00112
-0.00122
-0.00131
-0.0014
-0.00148
-0.00157
-0.00166
-0.00174
-0.00182
-0.00191
-0.00199
-0.00207
-0.00215
-0.00222
-0.0023
-0.00238
-0.00245
-0.00252
-0.00259
-0.00265
-0.00271
-0.00278
-0.00283
-0.00288
-0.00293
-0.00297
-0.00301
-0.00305
-0.00307
-0.0031
-0.00312
-0.00313
-0.00314
-0.00314
-0.00314
-0.00312
-0.0031
-0.00308
-0.00305
-0.00302
-0.00297
-0.00293
-0.00287
-0.00282
-0.00275
-0.00268
-0.00261
-0.00253
-0.00245
-0.00236
-0.00226
-0.00217
-0.00207
-0.00198
-0.00187
-0.00177
-0.00166
-0.00155
-0.00144
-0.00133
-0.00121
-0.0011
-0.00099
-0.00088
-0.00076
-0.00065
-0.00053
-0.00042
-0.00031
-0.0002
-9e-05
2e-05
0.00013
0.00023
0.00034
0.00043
0.00054
0.00063
0.00073
0.00082
0.0009
0.00099
0.00107
0.00115
0.00122
0.00129
0.00136
0.00142
0.00148
0.00153
0.00158
0.00162
0.00167
0.00171
0.00174
0.00177
0.0018
0.00182
0.00184
0.00185
0.00187
0.00187
0.00188
0.00188
0.00189
0.00188
0.00188
0.00187
0.00187
0.00185
0.00184
0.00183
0.00181
0.00179
0.00177
0.00175
0.00173
0.0017
0.00167
0.00164
0.00162
0.00158
0.00155
0.00151
0.00148
0.00144
0.0014
0.00136
0.00131
0.00127
0.00123
0.00118
0.00114
0.00109
0.00105
0.001
0.00096
0.00091
0.00087
0.00082
0.00079
0.00074
0.00071
0.00067
0.00063
0.0006
0.00057
0.00055
0.00053
0.0005
0.00049
0.00047
0.00046
0.00045
0.00044
0.00043
0.00043
0.00043
0.00043
0.00044
0.00044
0.00045
0.00046
0.00047
0.00049
0.0005
0.00051
0.00053
0.00055
0.00056
0.00057
0.00059
0.00061
0.00062
0.00064
0.00066
0.00068
0.0007
0.00072
0.00074
0.00077
0.00079
0.00082
0.00084
0.00087
0.0009
0.00094
0.00097
0.00101
0.00105
0.00109
0.00113
0.00118
0.00122
0.00128
0.00133
0.00139
0.00144
0.0015
0.00156
0.00162
0.00168
0.00175
0.00181
0.00188
0.00194
0.00201
0.00208
0.00215
0.00222
0.00229
0.00236
0.00243
0.00249
0.00256
0.00263
0.0027
0.00277
0.00284
0.0029
0.00297
0.00303
0.0031
0.00316
0.00322
0.00329
0.00335
0.00341
0.00347
0.00352
0.00358
0.00363
0.00369
0.00373
0.00378
0.00382
0.00386
0.0039
0.00393
0.00396
0.00399
0.00401
0.00404
0.00405
0.00407
0.00407
0.00408
0.00408
0.00408
0.00407
0.00407
0.00405
0.00404
0.00402
0.004
0.00397
0.00395
0.00392
0.00389
0.00386
0.00383
0.00379
0.00376
0.00373
0.00369
0.00365
0.00362
0.00358
0.00355
0.00351
0.00347
0.00343
0.00339
0.00335
0.00332
0.00328
0.00324
0.0032
0.00316
0.00312
0.00309
0.00304
0.003
0.00296
0.00292
0.00287
0.00283
0.00278
0.00273
0.00268
0.00264
0.00259
0.00254
0.00248
0.00243
0.00237
0.00232
0.00225
0.0022
0.00214
0.00208
0.00202
0.00196
0.00189
0.00183
0.00177
0.00171
0.00165
0.00159
0.00152
0.00146
0.0014
0.00135
0.00128
0.00123
0.00117
0.00112
0.00107
0.00102
0.00097
0.00092
0.00088
0.00083
0.00079
0.00076
0.00072
0.00069
0.00065
0.00062
0.00059
0.00057
0.00054
0.00052
0.00049
0.00047
0.00045
0.00043
0.00041
0.00039
0.00038
0.00036
0.00034
0.00032
0.0003
0.00029
0.00027
0.00025
0.00023
0.00021
0.00019
0.00017
0.00015
0.00013
0.00011
9e-05
7e-05
5e-05
2e-05
0.0
-2e-05
-4e-05
-6e-05
-8e-05
-0.00011
-0.00012
-0.00015
-0.00016
-0.00019
-0.00021
-0.00023
-0.00024
-0.00026
-0.00028
-0.00031
-0.00033
-0.00035
-0.00037
-0.00041
-0.00043
-0.00046
-0.00049
-0.00053
-0.00057
-0.00061
-0.00065
-0.00069
-0.00074
-0.00079
-0.00084
-0.0009
-0.00096
-0.00102
-0.00108
-0.00115
-0.00122
-0.00129
-0.00136
-0.00143
-0.00151
-0.00158
-0.00166
-0.00173
-0.0018
-0.00187
-0.00195
-0.00202
-0.00209
-0.00216
-0.00222
-0.00228
-0.00234
-0.0024
-0.00245
-0.0025
-0.00254
-0.00259
-0.00263
-0.00266
-0.00269
-0.00271
-0.00273
-0.00276
-0.00277
-0.00278
-0.00278
-0.00279
-0.00278
-0.00278
-0.00277
-0.00276
-0.00274
-0.00272
-0.0027
-0.00268
-0.00265
-0.00262
-0.00258
-0.00255
-0.00251
-0.00247
-0.00242
-0.00238
-0.00233
-0.00229
-0.00223
-0.00218
-0.00213
-0.00207
-0.00202
-0.00195
-0.00189
-0.00183
-0.00176
-0.0017
-0.00162
-0.00155
-0.00147
-0.0014
-0.00132
-0.00125
-0.00116
-0.00107
-0.00098
-0.0009
-0.0008
-0.00071
-0.00061
-0.00051
-0.0004
-0.0003
-0.00019
-9e-05
3e-05
0.00013
0.00025
0.00036
0.00048
0.00059
0.0007
0.00082
0.00093
0.00105
0.00116
0.00127
0.00139
0.00149
0.0016
0.00171
0.00181
0.00191
0.00201
0.0021
0.00219
0.00228
0.00237
0.00245
0.00252
0.0026
0.00267
0.00274
0.00281
0.00286
0.00293
0.00298
0.00303
0.00308
0.00312
0.00316
0.00321
0.00324
0.00327
0.0033
0.00333
0.00336
0.00338
0.0034
0.00342
0.00343
0.00344
0.00345
0.00346
0.00346
0.00347
0.00347
0.00347
0.00346
0.00345
0.00344
0.00343
0.00341
0.0034
0.00338
0.00336
0.00333
0.0033
0.00327
0.00324
0.00321
0.00317
0.00313
0.00309
0.00304
0.003
0.00295
0.00289
0.00284
0.00279
0.00273
0.00267
0.0026
0.00254
0.00247
0.0024
0.00232
0.00225
0.00217
0.0021
0.00201
0.00193
0.00184
0.00175
0.00166
0.00157
0.00148
0.00139
0.00128
0.00119
0.00109
0.00099
0.00089
0.00079
0.00068
0.00058
0.00048
0.00038
0.00027
0.00017
7e-05
-3e-05
-0.00013
-0.00022
-0.00032
-0.00041
-0.0005
-0.00059
-0.00067
-0.00075
-0.00084
-0.00091
-0.00098
-0.00105
-0.00112
-0.00118
-0.00124
-0.0013
-0.00135
-0.0014
-0.00145
-0.00149
-0.00153
-0.00156
-0.0016
-0.00163
-0.00167
-0.00169
-0.00172
-0.00174
-0.00177
-0.00179
-0.00181
-0.00183
-0.00185
-0.00187
-0.00189
-0.00191
-0.00193
-0.00195
-0.00197
-0.00199
-0.00201
-0.00203
-0.00205
-0.00207
-0.0021
-0.00212
-0.00214
-0.00216
-0.00218
-0.0022
-0.00222
-0.00224
-0.00226
-0.00227
-0.00229
-0.0023
-0.00232
-0.00232
-0.00233
-0.00234
-0.00235
-0.00235
-0.00235
-0.00235
-0.00234
-0.00233
-0.00233
-0.00232
-0.00231
-0.00229
-0.00228
-0.00227
-0.00226
-0.00224
-0.00222
-0.00221
-0.00219
-0.00218
-0.00217
-0.00215
-0.00214
-0.00212
-0.00212
-0.0021
-0.0021
-0.00209
-0.00208
-0.00207
-0.00207
-0.00206
-0.00205
-0.00205
-0.00204
-0.00204
-0.00203
-0.00203
-0.00202
-0.002
-0.002
-0.00198
-0.00197
-0.00195
-0.00194
-0.00192
-0.0019
-0.00187
-0.00185
-0.00182
-0.00179
-0.00176
-0.00172
-0.00169
-0.00165
-0.0016
-0.00156
-0.00152
-0.00147
-0.00142
-0.00138
-0.00133
-0.00128
-0.00122
-0.00117
-0.00112
-0.00107
-0.00101
-0.00096
-0.0009
-0.00084
-0.00078
-0.00073
-0.00067
-0.00061
-0.00054
-0.00049
-0.00042
-0.00036
-0.00029
-0.00023
-0.00016
-0.0001
-3e-05
4e-05
0.00011
0.00018
0.00025
0.00031
0.00039
0.00045
0.00053
0.00059
0.00066
0.00072
0.00079
0.00085
0.00091
0.00097
0.00102
0.00108
0.00113
0.00118
0.00123
0.00127
0.00132
0.00135
0.00139
0.00142
0.00146
0.00148
0.00151
0.00153
0.00155
0.00157
0.00158
0.00159
0.00161
0.00162
0.00163
0.00163
0.00164
0.00164
0.00165
0.00165
0.00165
0.00165
0.00165
0.00165
0.00165
0.00165
0.00165
0.00165
0.00165
0.00164
0.00165
0.00164
0.00164
0.00163
0.00164
0.00163
0.00163
0.00162
0.00163
0.00162
0.00162
0.00162
0.00162
0.00162
0.00162
0.00163
0.00163
0.00163
0.00164
0.00165
0.00166
0.00167
0.00168
0.00169
0.00171
0.00173
0.00175
0.00177
0.00179
0.00181
0.00184
0.00187
0.0019
0.00192
0.00196
0.00198
0.00202
0.00205
0.00208
0.00211
0.00214
0.00217
0.00219
0.00222
0.00224
0.00227
0.00229
0.00231
0.00232
0.00233
0.00234
0.00235
0.00235
0.00235
0.00235
0.00234
0.00233
0.00231
0.00229
0.00227
0.00224
0.00222
0.00218
0.00215
0.00211
0.00206
0.00202
0.00197
0.00192
0.00186
0.0018
0.00174
0.00168
0.00161
0.00154
0.00146
0.00139
0.00131
0.00123
0.00114
0.00106
0.00096
0.00087
0.00078
0.00068
0.00058
0.00048
0.00037
0.00027
0.00016
5e-05
-6e-05
-0.00017
-0.00028
-0.0004
-0.00051
-0.00063
-0.00075
-0.00086
-0.00098
-0.00109
-0.00121
-0.00133
-0.00145
-0.00156
-0.00167
-0.00178
-0.0019
-0.00201
-0.00212
-0.00222
-0.00233
-0.00243
-0.00253
-0.00263
-0.00273
-0.00282
-0.00292
-0.003
-0.00309
-0.00317
-0.00326
-0.00333
-0.00341
-0.00349
-0.00355
-0.00362
-0.00368
-0.00374
-0.0038
-0.00385
-0.00391
-0.00395
-0.004
-0.00404
-0.00408
-0.00411
-0.00414
-0.00417
-0.00419
-0.00421
-0.00423
-0.00424
-0.00425
-0.00426
-0.00427
-0.00426
-0.00427
-0.00426
-0.00425
-0.00424
-0.00423
-0.0042
-0.00418
-0.00416
-0.00413
-0.0041
-0.00407
-0.00403
-0.00398
-0.00394
-0.0039
-0.00384
-0.00379
-0.00372
-0.00367
-0.0036
-0.00353
-0.00345
-0.00338
-0.0033
-0.00322
-0.00314
-0.00305
-0.00296
-0.00287
-0.00277
-0.00268
-0.00258
-0.00248
-0.00237
-0.00227
-0.00217
-0.00206
-0.00195
-0.00184
-0.00174
-0.00163
-0.00152
-0.00141
-0.0013
-0.00119
-0.00107
-0.00097
-0.00086
-0.00075
-0.00064
-0.00053
-0.00042
-0.00032
-0.0002
-0.0001
1e-05
0.00011
0.00021
0.00032
0.00042
0.00052
0.00063
0.00072
0.00082
0.00091
0.001
0.00109
0.00117
0.00125
0.00133
0.0014
0.00147
0.00154
0.00159
0.00165
0.0017
0.00175
0.00179
0.00181
0.00184
0.00186
0.00188
0.00188
0.00188
0.00187
0.00186
0.00184
0.00182
0.00178
0.00174
0.0017
0.00166
0.0016
0.00154
0.00147
0.00141
0.00133
0.00126
0.00117
0.00109
0.001
0.00091
0.00082
0.00072
0.00062
0.00051
0.00041
0.00031
0.0002
9e-05
-2e-05
-0.00013
-0.00025
-0.00036
-0.00048
-0.00059
-0.00072
-0.00083
-0.00095
-0.00107
-0.0012
-0.00132
-0.00144
-0.00156
-0.00168
-0.0018
-0.00193
-0.00205
-0.00217
-0.00229
-0.00241
-0.00253
-0.00265
-0.00276
-0.00288
-0.003
-0.00311
-0.00322
-0.00333
-0.00343
-0.00354
-0.00364
-0.00374
-0.00383
-0.00393
-0.00401
-0.00411
-0.00419
-0.00427
-0.00434
-0.00442
-0.00449
-0.00456
-0.00462
-0.00468
-0.00473
-0.00479
-0.00483
-0.00489
-0.00493
-0.00497
-0.00501
-0.00505
-0.00508
-0.00511
-0.00513
-0.00516
-0.00519
-0.00521
-0.00523
-0.00525
-0.00526
-0.00527
-0.00528
-0.00529
-0.00529
-0.0053
-0.00529
-0.0053
-0.00529
-0.00528
-0.00527
-0.00526
-0.00524
-0.00522
-0.0052
-0.00517
-0.00514
-0.00511
-0.00507
-0.00504
-0.005
-0.00495
-0.0049
-0.00485
-0.00479
-0.00474
-0.00467
-0.00461
-0.00454
-0.00447
-0.0044
-0.00432
-0.00424
-0.00416
-0.00407
-0.00398
-0.00389
-0.0038
-0.0037
-0.00361
-0.00351
-0.00341
-0.0033
-0.0032
-0.00309
-0.00298
-0.00287
-0.00276
-0.00264
-0.00252
-0.0024
-0.00228
-0.00215
-0.00202
-0.00189
-0.00176
-0.00162
-0.00149
-0.00135
-0.00121
-0.00107
-0.00093
-0.00078
-0.00063
-0.00049
-0.00034
-0.00019
-4e-05
0.00011
0.00026
0.00041
0.00055
0.0007
0.00084
0.001
0.00113
0.00127
0.00141
0.00154
0.00168
0.00181
0.00193
0.00206
0.00218
0.0023
0.00241
0.00252
0.00262
0.00272
0.00282
0.00292
0.00301
0.0031
0.00318
0.00326
0.00334
0.00342
0.00349
0.00357
0.00363
0.0037
0.00377
0.00383
0.00389
0.00395
0.00401
0.00407
0.00412
0.00418
0.00423
0.00427
0.00433
0.00437
0.00442
0.00446
0.0045
0.00454
0.00458
0.00461
0.00464
0.00467
0.00469
0.00472
0.00473
0.00475
0.00475
0.00476
0.00476
0.00476
0.00475
0.00475
0.00472
0.00471
0.00468
0.00466
0.00462
0.00458
0.00453
0.00449
0.00444
0.00438
0.00432
0.00426
0.00419
0.00413
0.00405
0.00398
0.0039
0.00382
0.00374
0.00365
0.00356
0.00348
0.00338
0.0033
0.0032
0.00311
0.00301
0.00291
0.00282
0.00272
0.00262
0.00253
0.00243
0.00233
0.00223
0.00214
0.00204
0.00194
0.00184
0.00175
0.00166
0.00156
0.00147
0.00138
0.00129
0.0012
0.00112
0.00104
0.00095
0.00087
0.0008
0.00073
0.00065
0.00059
0.00052
0.00046
0.0004
0.00034
0.00028
0.00023
0.00018
0.00014
0.0001
6e-05
1e-05
-2e-05
-5e-05
-8e-05
-0.00012
-0.00014
-0.00017
-0.00019
-0.00022
-0.00024
-0.00026
-0.00029
-0.00031
-0.00032
-0.00035
-0.00036
-0.00039
-0.00041
-0.00043
-0.00044
-0.00047
-0.00049
-0.00051
-0.00053
-0.00055
-0.00058
-0.0006
-0.00063
-0.00065
-0.00067
-0.0007
-0.00072
-0.00075
-0.00077
-0.0008
-0.00083
-0.00086
-0.00088
-0.00091
-0.00094
-0.00097
-0.00099
-0.00102
-0.00105
-0.00108
-0.0011
-0.00113
-0.00116
-0.00119
-0.00121
-0.00124
-0.00126
-0.00129
-0.00131
-0.00134
-0.00136
-0.00138
-0.0014
-0.00143
-0.00145
-0.00147
-0.00149
-0.00151
-0.00153
-0.00156
-0.00157
-0.00159
-0.00161
-0.00163
-0.00165
-0.00167
-0.00168
-0.0017
-0.00172
-0.00174
-0.00177
-0.00178
-0.0018
-0.00182
-0.00184
-0.00187
-0.00188
-0.00191
-0.00192
-0.00195
-0.00196
-0.00199
-0.00201
-0.00203
-0.00205
-0.00207
-0.00209
-0.00211
-0.00213
-0.00215
-0.00217
-0.00219
-0.00221
-0.00223
-0.00224
-0.00226
-0.00228
-0.0023
-0.00231
-0.00233
-0.00234
-0.00236
-0.00238
-0.00239
-0.0024
-0.00242
-0.00243
-0.00245
-0.00246
-0.00248
-0.00249
-0.00251
-0.00252
-0.00254
-0.00255
-0.00257
-0.00259
-0.00261
-0.00262
-0.00264
-0.00265
-0.00267
-0.00268
-0.0027
-0.00271
-0.00273
-0.00274
-0.00276
-0.00277
-0.00278
-0.00279
-0.0028
-0.00281
-0.00283
-0.00284
-0.00284
-0.00285
-0.00286
-0.00286
-0.00287
-0.00287
-0.00288
-0.00288
-0.00288
-0.00288
-0.00289
-0.00289
-0.00289
-0.00289
-0.0029
-0.0029
-0.0029
-0.0029
-0.0029
-0.0029
-0.00291
-0.0029
-0.00291
-0.0029
-0.00291
-0.00291
-0.00291
-0.00291
-0.00292
-0.00292
-0.00292
-0.00292
-0.00293
-0.00293
-0.00293
-0.00293
-0.00293
-0.00293
-0.00294
-0.00294
-0.00294
-0.00294
-0.00295
-0.00295
-0.00295
-0.00296
-0.00296
-0.00296
-0.00296
-0.00297
-0.00297
-0.00297
-0.00297
-0.00297
-0.00298
-0.00298
-0.00298
-0.00298
-0.00298
-0.00298
-0.00298
-0.00298
-0.00298
-0.00298
-0.00297
-0.00297
-0.00296
-0.00295
-0.00294
-0.00292
-0.00291
-0.00289
-0.00288
-0.00285
-0.00283
-0.0028
-0.00277
-0.00274
-0.0027
-0.00266
-0.00262
-0.00257
-0.00252
-0.00246
-0.00241
-0.00235
-0.00229
-0.00222
-0.00215
-0.00208
-0.002
-0.00192
-0.00184
-0.00175
-0.00167
-0.00158
-0.00149
-0.0014
-0.0013
-0.0012
-0.00111
-0.00101
-0.00091
-0.00081
-0.00071
-0.00061
-0.00052
-0.00041
-0.00031
-0.00021
-0.00011
-2e-05
8e-05
0.00018
0.00028
0.00038
0.00047
0.00057
0.00067
0.00077
0.00086
0.00095
0.00104
0.00114
0.00123
0.00132
0.00141
0.0015
0.00159
0.00167
0.00176
0.00185
0.00193
0.00201
0.00209
0.00217
0.00224
0.00232
0.00238
0.00246
0.00252
0.00259
0.00264
0.0027
0.00275
0.00281
0.00285
0.0029
0.00294
0.00298
0.00301
0.00304
0.00306
0.00309
0.00311
0.00313
0.00315
0.00316
0.00317
0.00318
0.00319
0.0032
0.0032
0.00321
0.00321
0.00321
0.00321
0.00322
0.00321
0.00322
0.00322
0.00322
0.00322
0.00323
0.00323
0.00323
0.00324
0.00324
0.00325
0.00325
0.00325
0.00326
0.00327
0.00328
0.00328
0.00329
0.00329
0.0033
0.00331
0.00331
0.00332
0.00333
0.00333
0.00334
0.00334
0.00335
0.00335
0.00336
0.00336
0.00336
0.00336
0.00336
0.00335
0.00336
0.00335
0.00334
0.00334
0.00332
0.00331
0.0033
0.00328
0.00327
0.00324
0.00322
0.00319
0.00316
0.00313
0.00309
0.00305
0.00302
0.00297
0.00292
0.00287
0.00282
0.00277
0.00272
0.00266
0.0026
0.00254
0.00248
0.00242
0.00236
0.0023
0.00224
0.00218
0.00213
0.00207
0.00202
0.00197
0.00192
0.00187
0.00183
0.00179
0.00175
0.00171
0.00168
0.00165
0.00162
0.00159
0.00157
0.00154
0.00153
0.00151
0.00149
0.00147
0.00145
0.00144
0.00142
0.0014
0.00139
0.00136
0.00135
0.00132
0.00131
0.00128
0.00126
0.00122
0.0012
0.00117
0.00114
0.00111
0.00107
0.00104
0.00101
0.00097
0.00094
0.0009
0.00087
0.00083
0.0008
0.00076
0.00073
0.00069
0.00066
0.00063
0.0006
0.00057
0.00054
0.00051
0.00049
0.00046
0.00044
0.00041
0.00039
0.00037
0.00035
0.00033
0.00031
0.00029
0.00027
0.00025
0.00023
0.00022
0.0002
0.00018
0.00017
0.00016
0.00015
0.00013
0.00012
0.00011
0.0001
9e-05
9e-05
8e-05
8e-05
7e-05
7e-05
7e-05
7e-05
8e-05
8e-05
9e-05
0.0001
0.00011
0.00012
0.00014
0.00016
0.00017
0.00019
0.00021
0.00024
0.00026
0.00029
0.00032
0.00035
0.00038
0.00042
0.00045
0.00049
0.00053
0.00057
0.00061
0.00066
0.00071
0.00076
0.00081
0.00087
0.00092
0.00098
0.00104
0.0011
0.00117
0.00124
0.00131
0.00138
0.00144
0.00152
0.00159
0.00168
0.00175
0.00183
0.00191
0.00199
0.00207
0.00215
0.00223
0.00232
0.0024
0.00248
0.00256
0.00265
0.00272
0.00281
0.00289
0.00297
0.00304
0.00312
0.0032
0.00328
0.00335
0.00343
0.0035
0.00357
0.00365
0.00372
0.00379
0.00386
0.00392
0.00399
0.00406
0.00413
0.00419
0.00425
0.00431
0.00437
0.00443
0.00449
0.00454
0.00459
0.00465
0.0047
0.00474
0.00479
0.00483
0.00488
0.00492
0.00496
0.00499
0.00503
0.00506
0.0051
0.00512
0.00515
0.00518
0.0052
0.00523
0.00525
0.00527
0.00529
0.00531
0.00533
0.00534
0.00536
0.00536
0.00538
0.00538
0.00539
0.00539
0.00539
0.00539
0.00538
0.00537
0.00536
0.00535
0.00533
0.0053
0.00528
0.00524
0.00521
0.00516
0.00511
0.00506
0.005
0.00493
0.00486
0.00478
0.0047
0.00461
0.00451
0.00441
0.00431
0.00419
0.00408
0.00396
0.00383
0.0037
0.00356
0.00342
0.00329
0.00314
0.00299
0.00284
0.00269
0.00254
0.00239
0.00223
0.00208
0.00192
0.00177
0.00162
0.00147
0.00131
0.00117
0.00101
0.00087
0.00073
0.00058
0.00044
0.0003
0.00016
3e-05
-0.00011
-0.00024
-0.00037
-0.0005
-0.00063
-0.00075
-0.00088
-0.001
-0.00112
-0.00124
-0.00136
-0.00148
-0.0016
-0.00171
-0.00183
-0.00194
-0.00205
-0.00216
-0.00227
-0.00238
-0.00248
-0.00259
-0.00269
-0.00279
-0.00289
-0.00298
-0.00307
-0.00316
-0.00324
-0.00333
-0.0034
-0.00347
-0.00354
-0.0036
-0.00367
-0.00372
-0.00377
-0.00381
-0.00385
-0.00388
-0.00391
-0.00392
-0.00394
-0.00395
-0.00396
-0.00396
-0.00395
-0.00394
-0.00392
-0.0039
-0.00388
-0.00384
-0.00381
-0.00377
-0.00373
-0.00368
-0.00364
-0.00358
-0.00353
-0.00347
-0.00341
-0.00335
-0.00328
-0.00321
-0.00315
-0.00307
-0.003
-0.00293
-0.00285
-0.00278
-0.0027
-0.00262
-0.00255
-0.00246
-0.00238
-0.0023
-0.00222
-0.00214
-0.00206
-0.00198
-0.00189
-0.00181
-0.00173
-0.00164
-0.00156
-0.00147
-0.00139
-0.0013
-0.00122
-0.00113
-0.00104
-0.00096
-0.00087
-0.00079
-0.0007
-0.00061
-0.00052
-0.00043
-0.00035
-0.00026
-0.00017
-8e-05
1e-05
0.0001
0.00018
0.00028
0.00036
0.00045
0.00054
0.00063
0.00072
0.0008
0.00089
0.00098
0.00106
0.00115
0.00123
0.00132
0.0014
0.00148
0.00156
0.00164
0.00171
0.00179
0.00186
0.00193
0.00201
0.00207
0.00214
0.00221
0.00227
0.00234
0.0024
0.00246
0.00252
0.00259
0.00264
0.0027
0.00276
0.00282
0.00288
0.00293
0.00299
0.00305
0.00311
0.00318
0.00323
0.0033
0.00336
0.00343
0.00348
0.00355
0.00361
0.00368
0.00374
0.0038
0.00387
0.00392
0.00399
0.00405
0.00411
0.00417
0.00422
0.00427
0.00432
0.00437
0.0044
0.00445
0.00448
0.00451
0.00453
0.00456
0.00457
0.00458
0.00459
0.00459
0.00459
0.00458
0.00456
0.00454
0.00452
0.00449
0.00445
0.00441
0.00436
0.00432
0.00426
0.0042
0.00413
0.00407
0.004
0.00392
0.00384
0.00376
0.00367
0.00359
0.0035
0.00341
0.00331
0.00321
0.00311
0.00301
0.00291
0.0028
0.00269
0.00259
0.00248
0.00237
0.00226
0.00215
0.00203
0.00192
0.0018
0.00169
0.00157
0.00146
0.00134
0.00123
0.00111
0.00099
0.00088
0.00076
0.00065
0.00054
0.00043
0.00032
0.00021
0.0001
-0.0
-0.0001
-0.0002
-0.0003
-0.00039
-0.00048
-0.00057
-0.00065
-0.00073
-0.00081
-0.00088
-0.00094
-0.001
-0.00106
-0.00112
-0.00116
-0.00121
-0.00124
-0.00128
-0.00131
-0.00134
-0.00136
-0.00138
-0.00139
-0.00141
-0.00141
-0.00142
-0.00142
-0.00141
-0.00141
-0.0014
-0.00139
-0.00138
-0.00136
-0.00135
-0.00133
-0.00132
-0.00129
-0.00127
-0.00125
-0.00123
-0.00121
-0.00118
-0.00116
-0.00113
-0.00111
-0.00109
-0.00106
-0.00104
-0.00101
-0.00099
-0.00096
-0.00094
-0.00091
-0.00089
-0.00086
-0.00084
-0.00081
-0.00078
-0.00076
-0.00073
-0.0007
-0.00068
-0.00065
-0.00063
-0.00059
-0.00057
-0.00054
-0.00051
-0.00048
-0.00045
-0.00042
-0.00039
-0.00036
-0.00032
-0.00028
-0.00024
-0.0002
-0.00017
-0.00012
-8e-05
-4e-05
1e-05
6e-05
0.0001
0.00016
0.00021
0.00026
0.00032
0.00038
0.00044
0.00051
0.00057
0.00064
0.0007
0.00078
0.00084
0.00092
0.00099
0.00107
0.00114
0.00122
0.00129
0.00137
0.00145
0.00152
0.0016
0.00168
0.00175
0.00183
0.0019
0.00198
0.00205
0.00212
0.00218
0.00225
0.00231
0.00237
0.00242
0.00248
0.00252
0.00257
0.00261
0.00265
0.00269
0.00272
0.00274
0.00277
0.00278
0.0028
0.00281
0.00282
0.00282
0.00282
0.00281
0.0028
0.00278
0.00277
0.00274
0.00272
0.00269
0.00266
0.00262
0.00258
0.00253
0.00249
0.00244
0.00238
0.00232
0.00227
0.0022
0.00214
0.00207
0.00199
0.00192
0.00184
0.00176
0.00168
0.00158
0.0015
0.0014
0.00131
0.0012
0.0011
0.001
0.00089
0.00078
0.00067
0.00056
0.00044
0.00032
0.00021
9e-05
-3e-05
-0.00016
-0.00027
-0.0004
-0.00051
-0.00063
-0.00075
-0.00087
-0.00098
-0.0011
-0.00121
-0.00132
-0.00143
-0.00153
-0.00162
-0.00172
-0.00181
-0.00191
-0.00199
-0.00207
-0.00215
-0.00223
-0.0023
-0.00237
-0.00243
-0.00249
-0.00255
-0.0026
-0.00265
-0.0027
-0.00274
-0.00278
-0.00282
-0.00286
-0.00288
-0.00291
-0.00294
-0.00296
-0.00298
-0.003
-0.00301
-0.00302
-0.00303
-0.00304
-0.00304
-0.00304
-0.00304
-0.00303
-0.00302
-0.00301
-0.00299
-0.00298
-0.00295
-0.00293
-0.0029
-0.00287
-0.00284
-0.0028
-0.00276
-0.00272
-0.00268
-0.00264
-0.00259
-0.00254
-0.00249
-0.00244
-0.00239
-0.00234
-0.00228
-0.00224
-0.00218
-0.00213
-0.00208
-0.00203
-0.00198
-0.00194
-0.00189
-0.00184
-0.0018
-0.00175
-0.00171
-0.00167
-0.00163
-0.00159
-0.00155
-0.00152
-0.00148
-0.00145
-0.00142
-0.00138
-0.00135
-0.00133
-0.0013
-0.00127
-0.00124
-0.0012
-0.00117
-0.00115
-0.00112
-0.00109
-0.00106
-0.00103
-0.001
-0.00098
-0.00095
-0.00092
-0.00089
-0.00087
-0.00084
-0.00081
-0.00078
-0.00076
-0.00073
-0.00071
-0.00068
-0.00066
-0.00063
-0.00061
-0.00059
-0.00057
-0.00054
-0.00053
-0.00051
-0.00049
-0.00047
-0.00045
-0.00043
-0.00041
-0.00039
-0.00037
-0.00035
-0.00034
-0.00031
-0.0003
-0.00028
-0.00026
-0.00023
-0.00022
-0.0002
-0.00018
-0.00016
-0.00014
-0.00012
-0.0001
-8e-05
-6e-05
-4e-05
-3e-05
-1e-05
0.0
2e-05
3e-05
4e-05
5e-05
6e-05
6e-05
6e-05
7e-05
7e-05
7e-05
6e-05
5e-05
5e-05
4e-05
4e-05
2e-05
2e-05
0.0
-0.0
-2e-05
-3e-05
-4e-05
-5e-05
-6e-05
-6e-05
-7e-05
-7e-05
-8e-05
-8e-05
-8e-05
-8e-05
-8e-05
-7e-05
-7e-05
-6e-05
-5e-05
-4e-05
-3e-05
-2e-05
-1e-05
1e-05
2e-05
4e-05
5e-05
7e-05
8e-05
0.0001
0.00011
0.00013
0.00014
0.00016
0.00017
0.00018
0.00019
0.00021
0.00022
0.00023
0.00024
0.00026
0.00027
0.00029
0.0003
0.00032
0.00033
0.00035
0.00036
0.00039
0.0004
0.00043
0.00045
0.00047
0.0005
0.00052
0.00055
0.00058
0.0006
0.00064
0.00067
0.0007
0.00073
0.00076
0.00078
0.00082
0.00084
0.00087
0.0009
0.00092
0.00095
0.00097
0.00099
0.00101
0.00102
0.00104
0.00105
0.00106
0.00107
0.00108
0.00107
0.00108
0.00108
0.00108
0.00107
0.00106
0.00106
0.00105
0.00104
0.00103
0.00101
0.001
0.00097
0.00096
0.00093
0.00091
0.00088
0.00087
0.00083
0.0008
0.00077
0.00074
0.0007
0.00067
0.00063
0.0006
0.00055
0.00052
0.00047
0.00043
0.00038
0.00034
0.00029
0.00024
0.00019
0.00014
9e-05
4e-05
-1e-05
-6e-05
-0.00011
-0.00015
-0.00021
-0.00025
-0.00031
-0.00035
-0.0004
-0.00045
-0.0005
-0.00054
-0.00059
-0.00064
-0.00068
-0.00073
-0.00078
-0.00082
-0.00087
-0.00091
-0.00096
-0.001
-0.00105
-0.0011
-0.00115
-0.0012
-0.00125
-0.00129
-0.00135
-0.0014
-0.00145
-0.0015
-0.00155
-0.0016
-0.00165
-0.0017
-0.00176
-0.00181
-0.00186
-0.00191
-0.00196
-0.00201
-0.00206
-0.0021
-0.00214
-0.00219
-0.00223
-0.00227
-0.00231
-0.00234
-0.00238
-0.00241
-0.00244
-0.00247
-0.00249
-0.00251
-0.00254
-0.00256
-0.00258
-0.00259
-0.00261
-0.00262
-0.00263
-0.00264
-0.00265
-0.00265
-0.00266
-0.00266
-0.00266
-0.00266
-0.00266
-0.00265
-0.00265
-0.00265
-0.00264
-0.00263
-0.00262
-0.00261
-0.0026
-0.00259
-0.00257
-0.00255
-0.00254
-0.00252
-0.0025
-0.00248
-0.00246
-0.00243
-0.00241
-0.00238
-0.00236
-0.00233
-0.0023
-0.00227
-0.00224
-0.00221
-0.00218
-0.00214
-0.00211
-0.00207
-0.00204
-0.002
-0.00196
-0.00191
