1.96126041010406E+03

-0.00069
-0.00068
-0.00066
-0.00065
-0.00063
-0.00061
-0.0006
-0.00059
-0.00058
-0.00056
-0.00055
-0.00054
-0.00053
-0.00052
-0.00051
-0.00051
-0.0005
-0.00049
-0.00049
-0.00049
-0.00048
-0.00047
-0.00047
-0.00047
-0.00047
-0.00046
-0.00046
-0.00045
-0.00045
-0.00045
-0.00044
-0.00044
-0.00043
-0.00042
-0.00041
-0.00041
-0.0004
-0.00039
-0.00038
-0.00037
-0.00036
-0.00034
-0.00033
-0.00031
-0.00029
-0.00028
-0.00026
-0.00025
-0.00022
-0.00021
-0.00018
-0.00016
-0.00013
-0.00011
-9e-05
-6e-05
-3e-05
-0.0
3e-05
7e-05
0.0001
0.00013
0.00018
0.00021
0.00026
0.0003
0.00035
0.0004
0.00045
0.00051
0.00056
0.00062
0.00068
0.00075
0.00082
0.00089
0.00097
0.00104
0.00112
0.0012
0.00128
0.00136
0.00145
0.00154
0.00163
0.00172
0.00182
0.00191
0.002
0.0021
0.0022
0.00229
0.00239
0.00248
0.00258
0.00267
0.00277
0.00286
0.00296
0.00304
0.00314
0.00323
0.00331
0.0034
0.00348
0.00357
0.00365
0.00373
0.00381
0.00388
0.00396
0.00403
0.00411
0.00417
0.00424
0.00429
0.00435
0.00441
0.00446
0.0045
0.00454
0.00458
0.00462
0.00464
0.00467
0.00468
0.00469
0.00469
0.00469
0.00468
0.00466
0.00464
0.00461
0.00458
0.00453
0.00448
0.00442
0.00436
0.0043
0.00422
0.00415
0.00406
0.00398
0.00388
0.00379
0.00369
0.00359
0.00349
0.00339
0.00328
0.00317
0.00306
0.00295
0.00284
0.00273
0.00262
0.00251
0.0024
0.00229
0.00218
0.00207
0.00195
0.00184
0.00173
0.00162
0.00151
0.00139
0.00127
0.00116
0.00104
0.00092
0.0008
0.00067
0.00054
0.00042
0.00029
0.00016
2e-05
-0.00011
-0.00025
-0.00038
-0.00052
-0.00066
-0.0008
-0.00093
-0.00107
-0.0012
-0.00133
-0.00146
-0.00159
-0.00171
-0.00184
-0.00195
-0.00207
-0.00217
-0.00228
-0.00237
-0.00247
-0.00256
-0.00265
-0.00272
-0.0028
-0.00286
-0.00293
-0.00298
-0.00304
-0.00308
-0.00312
-0.00316
-0.00319
-0.00322
-0.00325
-0.00326
-0.00328
-0.00329
-0.0033
-0.0033
-0.0033
-0.00329
-0.00329
-0.00328
-0.00327
-0.00324
-0.00323
-0.0032
-0.00318
-0.00315
-0.00312
-0.00308
-0.00305
-0.00301
-0.00296
-0.00292
-0.00287
-0.00282
-0.00277
-0.00271
-0.00266
-0.00259
-0.00254
-0.00247
-0.00241
-0.00234
-0.00228
-0.00221
-0.00214
-0.00207
-0.002
-0.00193
-0.00186
-0.00179
-0.00171
-0.00164
-0.00157
-0.00149
-0.00142
-0.00134
-0.00127
-0.0012
-0.00112
-0.00104
-0.00097
-0.0009
-0.00083
-0.00076
-0.00068
-0.00061
-0.00054
-0.00046
-0.0004
-0.00032
-0.00026
-0.00019
-0.00013
-6e-05
-0.0
7e-05
0.00012
0.00018
0.00023
0.00029
0.00034
0.00039
0.00043
0.00048
0.00052
0.00056
0.0006
0.00064
0.00067
0.0007
0.00073
0.00076
0.00078
0.00081
0.00083
0.00085
0.00087
0.0009
0.00091
0.00094
0.00095
0.00097
0.00098
0.001
0.00102
0.00104
0.00105
0.00107
0.00108
0.00109
0.0011
0.00112
0.00113
0.00114
0.00115
0.00117
0.00117
0.00118
0.00118
0.00119
0.00119
0.00119
0.00118
0.00118
0.00117
0.00116
0.00115
0.00113
0.00112
0.0011
0.00108
0.00106
0.00103
0.001
0.00097
0.00094
0.0009
0.00087
0.00082
0.00079
0.00075
0.00071
0.00067
0.00062
0.00059
0.00055
0.00051
0.00047
0.00043
0.0004
0.00036
0.00034
0.0003
0.00028
0.00025
0.00023
0.00021
0.00019
0.00017
0.00016
0.00015
0.00015
0.00014
0.00014
0.00014
0.00015
0.00015
0.00016
0.00017
0.00019
0.0002
0.00022
0.00023
0.00025
0.00027
0.0003
0.00032
0.00035
0.00037
0.0004
0.00042
0.00046
0.00048
0.00052
0.00054
0.00058
0.0006
0.00064
0.00067
0.0007
0.00073
0.00076
0.00079
0.00082
0.00085
0.00088
0.00091
0.00094
0.00096
0.001
0.00102
0.00104
0.00106
0.00109
0.0011
0.00112
0.00113
0.00114
0.00116
0.00117
0.00117
0.00118
0.00117
0.00117
0.00116
0.00116
0.00114
0.00113
0.00111
0.00109
0.00107
0.00105
0.00102
0.00098
0.00095
0.00092
0.00088
0.00085
0.0008
0.00077
0.00072
0.00069
0.00064
0.0006
0.00055
0.00051
0.00046
0.00042
0.00037
0.00032
0.00028
0.00023
0.00019
0.00015
0.0001
6e-05
1e-05
-3e-05
-8e-05
-0.00012
-0.00017
-0.00021
-0.00026
-0.0003
-0.00035
-0.0004
-0.00045
-0.00049
-0.00054
-0.00059
-0.00064
-0.00068
-0.00074
-0.00078
-0.00083
-0.00088
-0.00093
-0.00098
-0.00103
-0.00107
-0.00112
-0.00116
-0.0012
-0.00124
-0.00128
-0.00131
-0.00135
-0.00138
-0.00141
-0.00143
-0.00146
-0.00148
-0.00151
-0.00152
-0.00153
-0.00155
-0.00156
-0.00157
-0.00157
-0.00157
-0.00157
-0.00157
-0.00157
-0.00156
-0.00156
-0.00155
-0.00154
-0.00153
-0.00152
-0.0015
-0.00148
-0.00146
-0.00144
-0.00142
-0.0014
-0.00137
-0.00134
-0.00131
-0.00129
-0.00125
-0.00122
-0.00118
-0.00115
-0.0011
-0.00107
-0.00102
-0.00097
-0.00093
-0.00088
-0.00083
-0.00078
-0.00072
-0.00067
-0.00061
-0.00056
-0.0005
-0.00045
-0.00039
-0.00033
-0.00027
-0.00021
-0.00015
-9e-05
-3e-05
2e-05
8e-05
0.00014
0.0002
0.00025
0.00031
0.00036
0.00041
0.00046
0.00051
0.00056
0.0006
0.00064
0.00069
0.00073
0.00076
0.00079
0.00082
0.00085
0.00088
0.0009
0.00092
0.00093
0.00095
0.00095
0.00096
0.00095
0.00095
0.00094
0.00093
0.00092
0.0009
0.00087
0.00085
0.00082
0.00079
0.00075
0.00072
0.00067
0.00063
0.00059
0.00054
0.00049
0.00045
0.0004
0.00036
0.0003
0.00026
0.00021
0.00016
0.00012
8e-05
4e-05
-0.0
-5e-05
-8e-05
-0.00012
-0.00015
-0.00019
-0.00022
-0.00025
-0.00028
-0.00031
-0.00033
-0.00037
-0.00039
-0.00042
-0.00045
-0.00047
-0.0005
-0.00053
-0.00056
-0.00059
-0.00062
-0.00065
-0.00068
-0.00072
-0.00075
-0.00078
-0.00081
-0.00085
-0.00088
-0.00091
-0.00094
-0.00098
-0.001
-0.00104
-0.00106
-0.00109
-0.00111
-0.00114
-0.00116
-0.00119
-0.0012
-0.00122
-0.00123
-0.00125
-0.00126
-0.00127
-0.00128
-0.00129
-0.0013
-0.00131
-0.00131
-0.00133
-0.00133
-0.00134
-0.00135
-0.00136
-0.00137
-0.00138
-0.0014
-0.00142
-0.00143
-0.00145
-0.00147
-0.00148
-0.0015
-0.00153
-0.00155
-0.00157
-0.00159
-0.00161
-0.00163
-0.00166
-0.00167
-0.00169
-0.00171
-0.00173
-0.00174
-0.00175
-0.00176
-0.00177
-0.00177
-0.00178
-0.00178
-0.00178
-0.00178
-0.00178
-0.00177
-0.00177
-0.00176
-0.00176
-0.00176
-0.00175
-0.00175
-0.00175
-0.00175
-0.00175
-0.00175
-0.00177
-0.00177
-0.00179
-0.0018
-0.00183
-0.00185
-0.00188
-0.00191
-0.00195
-0.00199
-0.00203
-0.00208
-0.00213
-0.00218
-0.00223
-0.00228
-0.00235
-0.0024
-0.00246
-0.00251
-0.00257
-0.00263
-0.00269
-0.00274
-0.0028
-0.00285
-0.0029
-0.00295
-0.00299
-0.00303
-0.00307
-0.00311
-0.00315
-0.00317
-0.00321
-0.00323
-0.00326
-0.00328
-0.0033
-0.00331
-0.00333
-0.00335
-0.00336
-0.00338
-0.00339
-0.0034
-0.00341
-0.00341
-0.00343
-0.00343
-0.00344
-0.00344
-0.00345
-0.00345
-0.00346
-0.00346
-0.00347
-0.00347
-0.00347
-0.00347
-0.00346
-0.00345
-0.00345
-0.00344
-0.00343
-0.00341
-0.00339
-0.00337
-0.00335
-0.00332
-0.0033
-0.00326
-0.00323
-0.00319
-0.00315
-0.00311
-0.00307
-0.00302
-0.00297
-0.00292
-0.00287
-0.00281
-0.00276
-0.0027
-0.00264
-0.00258
-0.00253
-0.00247
-0.00241
-0.00235
-0.0023
-0.00224
-0.00218
-0.00212
-0.00206
-0.002
-0.00195
-0.00189
-0.00184
-0.00178
-0.00173
-0.00167
-0.00161
-0.00155
-0.0015
-0.00144
-0.00138
-0.00132
-0.00125
-0.00118
-0.00111
-0.00104
-0.00096
-0.00088
-0.0008
-0.00071
-0.00062
-0.00052
-0.00042
-0.00031
-0.00019
-7e-05
5e-05
0.00019
0.00033
0.00048
0.00064
0.00081
0.00098
0.00117
0.00136
0.00156
0.00177
0.002
0.00222
0.00247
0.00272
0.00298
0.00326
0.00354
0.00383
0.00414
0.00446
0.00479
0.00512
0.00547
0.00582
0.00619
0.00657
0.00696
0.00735
0.00776
0.00818
0.0086
0.00903
0.00947
0.00992
0.01037
0.01083
0.0113
0.01177
0.01226
0.01274
0.01323
0.01372
0.01422
0.01472
0.01523
0.01574
0.01624
0.01675
0.01727
0.01778
0.0183
0.01881
0.01933
0.01984
0.02036
0.02086
0.02138
0.02189
0.0224
0.0229
0.02341
0.0239
0.0244
0.02489
0.02538
0.02587
0.02635
0.02682
0.0273
0.02776
0.02822
0.02867
0.02913
0.02957
0.03001
0.03044
0.03087
0.03128
0.0317
0.0321
0.0325
0.0329
0.03328
0.03366
0.03404
0.0344
0.03476
0.03511
0.03546
0.03579
0.03612
0.03644
0.03675
0.03706
0.03735
0.03764
0.03792
0.03819
0.03845
0.0387
0.03894
0.03917
0.03939
0.0396
0.03981
0.03999
0.04017
0.04034
0.0405
0.04064
0.04078
0.0409
0.04101
0.04111
0.04119
0.04127
0.04134
0.04139
0.04144
0.04147
0.04149
0.0415
0.04151
0.0415
0.04149
0.04147
0.04144
0.0414
0.04135
0.0413
0.04124
0.04118
0.0411
0.04102
0.04094
0.04085
0.04076
0.04066
0.04056
0.04045
0.04034
0.04022
0.0401
0.03997
0.03985
0.03971
0.03957
0.03943
0.03929
0.03913
0.03898
0.03882
0.03866
0.03849
0.03832
0.03814
0.03796
0.03777
0.03758
0.03739
0.03719
0.03699
0.03679
0.03658
0.03638
0.03616
0.03595
0.03573
0.03551
0.03529
0.03507
0.03485
0.03464
0.03441
0.0342
0.03398
0.03376
0.03354
0.03333
0.03312
0.03291
0.0327
0.0325
0.0323
0.03211
0.03191
0.03173
0.03154
0.03137
0.03119
0.03102
0.03086
0.03069
0.03054
0.03038
0.03024
0.0301
0.02995
0.02982
0.02969
0.02956
0.02944
0.02932
0.0292
0.02909
0.02897
0.02887
0.02876
0.02866
0.02856
0.02846
0.02836
0.02827
0.02817
0.02808
0.02799
0.0279
0.0278
0.02771
0.02762
0.02753
0.02744
0.02735
0.02726
0.02716
0.02707
0.02698
0.02688
0.02678
0.02668
0.02659
0.02648
0.02638
0.02628
0.02617
0.02606
0.02595
0.02584
0.02573
0.02561
0.02549
0.02537
0.02524
0.02512
0.02499
0.02486
0.02473
0.02459
0.02446
0.02432
0.02418
0.02403
0.02389
0.02374
0.02359
0.02343
0.02328
0.02312
0.02297
0.0228
0.02264
0.02248
0.02231
0.02215
0.02198
0.02181
0.02164
0.02146
0.02129
0.02111
0.02093
0.02075
0.02057
0.02038
0.0202
0.02001
0.01982
0.01963
0.01944
0.01925
0.01905
0.01886
0.01866
0.01846
0.01826
0.01806
0.01786
0.01766
0.01745
0.01725
0.01705
0.01684
0.01664
0.01643
0.01623
0.01603
0.01583
0.01562
0.01543
0.01523
0.01503
0.01484
0.01464
0.01445
0.01426
0.01408
0.0139
0.01372
0.01354
0.01336
0.01319
0.01302
0.01285
0.01268
0.01252
0.01236
0.0122
0.01204
0.01189
0.01173
0.01158
0.01143
0.01128
0.01114
0.011
0.01085
0.01071
0.01057
0.01043
0.01029
0.01016
0.01002
0.00989
0.00976
0.00963
0.00951
0.00938
0.00926
0.00914
0.00903
0.00891
0.0088
0.00869
0.00858
0.00848
0.00838
0.00828
0.00819
0.0081
0.00801
0.00792
0.00784
0.00775
0.00768
0.0076
0.00753
0.00746
0.00739
0.00733
0.00727
0.00721
0.00715
0.0071
0.00704
0.007
0.00695
0.00691
0.00686
0.00682
0.00679
0.00675
0.00672
0.0067
0.00667
0.00665
0.00663
0.00661
0.0066
0.00659
0.00658
0.00658
0.00658
0.00659
0.00659
0.0066
0.00661
0.00663
0.00665
0.00667
0.00669
0.00672
0.00675
0.00679
0.00682
0.00686
0.00689
0.00694
0.00698
0.00702
0.00707
0.00711
0.00716
0.00721
0.00727
0.00732
0.00737
0.00743
0.00749
0.00755
0.0076
0.00767
0.00773
0.0078
0.00786
0.00793
0.00799
0.00806
0.00813
0.0082
0.00828
0.00835
0.00842
0.0085
0.00858
0.00866
0.00873
0.00882
0.00889
0.00898
0.00906
0.00914
0.00922
0.0093
0.00938
0.00946
0.00954
0.00962
0.00969
0.00977
0.00985
0.00992
0.00999
0.01006
0.01013
0.0102
0.01026
0.01032
0.01038
0.01043
0.01049
0.01053
0.01058
0.01062
0.01066
0.0107
0.01072
0.01075
0.01077
0.01079
0.0108
0.01082
0.01082
0.01082
0.01081
0.0108
0.01079
0.01077
0.01074
0.01072
0.01068
0.01064
0.01059
0.01055
0.01049
0.01043
0.01036
0.01029
0.01021
0.01013
0.01004
0.00994
0.00984
0.00974
0.00963
0.00951
0.00938
0.00926
0.00912
0.00899
0.00883
0.00868
0.00852
0.00836
0.00819
0.00802
0.00783
0.00765
0.00746
0.00726
0.00706
0.00686
0.00665
0.00644
0.00622
0.00601
0.00578
0.00556
0.00533
0.0051
0.00487
0.00464
0.00441
0.00418
0.00395
0.00372
0.00349
0.00326
0.00302
0.0028
0.00257
0.00235
0.00212
0.00191
0.00168
0.00147
0.00126
0.00105
0.00084
0.00064
0.00044
0.00025
6e-05
-0.00013
-0.00031
-0.00048
-0.00066
-0.00082
-0.00098
-0.00113
-0.00128
-0.00142
-0.00155
-0.00168
-0.0018
-0.00191
-0.00201
-0.0021
-0.00219
-0.00226
-0.00234
-0.0024
-0.00245
-0.00249
-0.00254
-0.00257
-0.00259
-0.0026
-0.00262
-0.00262
-0.00262
-0.00261
-0.00259
-0.00257
-0.00255
-0.00252
-0.0025
-0.00246
-0.00243
-0.00239
-0.00235
-0.00231
-0.00227
-0.00222
-0.00218
-0.00213
-0.00209
-0.00204
-0.00199
-0.00194
-0.0019
-0.00184
-0.0018
-0.00175
-0.0017
-0.00164
-0.00159
-0.00153
-0.00148
-0.00142
-0.00136
-0.0013
-0.00124
-0.00118
-0.00112
-0.00105
-0.00098
-0.00091
-0.00085
-0.00077
-0.00071
-0.00063
-0.00057
-0.0005
-0.00043
-0.00036
-0.00029
-0.00023
-0.00016
-0.0001
-4e-05
2e-05
8e-05
0.00014
0.00019
0.00025
0.0003
0.00035
0.00039
0.00045
0.00049
0.00054
0.00058
0.00063
0.00067
0.00072
0.00076
0.00081
0.00085
0.0009
0.00095
0.001
0.00104
0.00109
0.00114
0.00119
0.00124
0.00129
0.00134
0.00139
0.00144
0.00149
0.00154
0.00159
0.00164
0.00169
0.00173
0.00178
0.00182
0.00187
0.0019
0.00195
0.00198
0.00202
0.00206
0.00209
0.00212
0.00215
0.00219
0.00222
0.00225
0.00228
0.00231
0.00235
0.00237
0.00241
0.00244
0.00247
0.0025
0.00254
0.00257
0.00261
0.00264
0.00268
0.00272
0.00276
0.0028
0.00284
0.00288
0.00292
0.00295
0.003
0.00303
0.00307
0.0031
0.00314
0.00317
0.0032
0.00323
0.00325
0.00328
0.0033
0.00332
0.00334
0.00334
0.00335
0.00336
0.00336
0.00335
0.00335
0.00334
0.00333
0.00332
0.0033
0.00328
0.00325
0.00322
0.0032
0.00316
0.00313
0.00309
0.00305
0.00301
0.00297
0.00292
0.00287
0.00282
0.00278
0.00272
0.00267
0.00262
0.00256
0.00251
0.00246
0.0024
0.00235
0.00228
0.00223
0.00217
0.00212
0.00206
0.00201
0.00195
0.0019
0.00184
0.00179
0.00173
0.00168
0.00163
0.00158
0.00153
0.00148
0.00143
0.00139
0.00134
0.0013
0.00125
0.00121
0.00117
0.00113
0.00109
0.00106
0.00102
0.00099
0.00096
0.00093
0.0009
0.00088
0.00085
0.00083
0.0008
0.00079
0.00077
0.00076
0.00074
0.00074
0.00072
0.00072
0.00071
0.0007
0.0007
0.00071
0.00071
0.00071
0.00071
0.00072
0.00073
0.00074
0.00075
0.00076
0.00077
0.00079
0.0008
0.00081
0.00083
0.00084
0.00086
0.00087
0.00089
0.00091
0.00092
0.00094
0.00096
0.00098
0.00099
0.00101
0.00102
0.00104
0.00105
0.00106
0.00107
0.00109
0.0011
0.00111
0.00112
0.00113
0.00113
0.00114
0.00115
0.00115
0.00115
0.00116
0.00115
0.00115
0.00115
0.00114
0.00113
0.00112
0.00111
0.0011
0.00108
0.00107
0.00104
0.00102
0.001
0.00097
0.00094
0.00091
0.00088
0.00085
0.00081
0.00077
0.00073
0.00069
0.00065
0.00061
0.00057
0.00053
0.00048
0.00045
0.0004
0.00037
0.00032
0.00029
0.00024
0.00021
0.00017
0.00014
0.00011
8e-05
5e-05
3e-05
0.0
-2e-05
-4e-05
-6e-05
-8e-05
-9e-05
-0.0001
-0.00011
-0.00013
-0.00013
-0.00014
-0.00015
-0.00015
-0.00015
-0.00016
-0.00016
-0.00016
-0.00015
-0.00016
-0.00016
-0.00016
-0.00015
-0.00016
-0.00015
-0.00015
-0.00015
-0.00015
-0.00015
-0.00015
-0.00016
-0.00016
-0.00016
-0.00016
-0.00017
-0.00018
-0.00018
-0.00019
-0.0002
-0.00022
-0.00023
-0.00025
-0.00026
-0.00028
-0.00031
-0.00033
-0.00036
-0.00039
-0.00042
-0.00045
-0.00048
-0.00052
-0.00056
-0.0006
-0.00063
-0.00068
-0.00072
-0.00077
-0.00081
-0.00085
-0.0009
-0.00094
-0.00099
-0.00103
-0.00107
-0.00111
-0.00114
-0.00119
-0.00122
-0.00125
-0.00128
-0.00132
-0.00134
-0.00137
-0.00139
-0.00142
-0.00143
-0.00146
-0.00147
-0.00149
-0.0015
-0.00151
-0.00152
-0.00154
-0.00155
-0.00156
-0.00157
-0.00159
-0.0016
-0.00161
-0.00162
-0.00163
-0.00165
-0.00166
-0.00168
-0.00169
-0.00171
-0.00173
-0.00174
-0.00176
-0.00178
-0.00179
-0.00181
-0.00183
-0.00184
-0.00186
-0.00186
-0.00188
-0.00189
-0.0019
-0.0019
-0.0019
-0.0019
-0.0019
-0.00189
-0.00189
-0.00187
-0.00186
-0.00184
-0.00183
-0.0018
-0.00178
-0.00175
-0.00172
-0.00169
-0.00166
-0.00162
-0.00158
-0.00154
-0.0015
-0.00146
-0.00142
-0.00138
-0.00133
-0.00128
-0.00124
-0.00119
-0.00115
-0.0011
-0.00105
-0.001
-0.00095
-0.0009
-0.00085
-0.00079
-0.00074
-0.00068
-0.00063
-0.00057
-0.00051
-0.00044
-0.00038
-0.00031
-0.00024
-0.00016
-9e-05
-1e-05
7e-05
0.00015
0.00023
0.00032
0.00041
0.00051
0.0006
0.0007
0.00079
0.0009
0.00099
0.00109
0.00119
0.0013
0.00139
0.00149
0.00159
0.00168
0.00178
0.00188
0.00197
0.00206
0.00214
0.00223
0.0023
0.00239
0.00246
0.00253
0.0026
0.00267
0.00273
0.00279
0.00284
0.0029
0.00295
0.003
0.00305
0.0031
0.00314
0.00318
0.00322
0.00326
0.00329
0.00333
0.00336
0.00339
0.00342
0.00344
0.00347
0.00349
0.00351
0.00352
0.00354
0.00355
0.00355
0.00356
0.00356
0.00356
0.00355
0.00354
0.00352
0.0035
0.00347
0.00344
0.0034
0.00336
0.00332
0.00327
0.00322
0.00316
0.00309
0.00303
0.00296
0.00289
0.00281
0.00273
0.00265
0.00257
0.00248
0.0024
0.00231
0.00222
0.00213
0.00204
0.00195
0.00186
0.00176
0.00167
0.00158
0.00149
0.0014
0.00131
0.00122
0.00113
0.00104
0.00095
0.00086
0.00077
0.00068
0.00059
0.0005
0.00041
0.00031
0.00022
0.00013
4e-05
-6e-05
-0.00015
-0.00025
-0.00034
-0.00044
-0.00053
-0.00063
-0.00072
-0.00082
-0.00091
-0.001
-0.00108
-0.00117
-0.00125
-0.00134
-0.00141
-0.00148
-0.00155
-0.00162
-0.00168
-0.00173
-0.00178
-0.00183
-0.00187
-0.00191
-0.00194
-0.00196
-0.00198
-0.002
-0.002
-0.002
-0.002
-0.002
-0.00198
-0.00197
-0.00194
-0.00192
-0.0019
-0.00187
-0.00183
-0.0018
-0.00176
-0.00172
-0.00167
-0.00164
-0.00159
-0.00155
-0.00149
-0.00145
-0.0014
-0.00136
-0.0013
-0.00126
-0.00121
-0.00116
-0.00112
-0.00106
-0.00101
-0.00096
-0.00091
-0.00086
-0.00081
-0.00076
-0.0007
-0.00065
-0.00059
-0.00054
-0.00047
-0.00042
-0.00036
-0.00029
-0.00023
-0.00016
-0.0001
-3e-05
4e-05
0.00011
0.00019
0.00025
0.00033
0.0004
0.00048
0.00055
0.00063
0.0007
0.00077
0.00084
0.00091
0.00097
0.00104
0.00111
0.00117
0.00122
0.00129
0.00134
0.00139
0.00144
0.00149
0.00152
0.00157
0.0016
0.00163
0.00166
0.00169
0.00171
0.00173
0.00175
0.00176
0.00177
0.00178
0.00179
0.00179
0.00179
0.00179
0.00178
0.00178
0.00177
0.00176
0.00174
0.00173
0.00171
0.00169
0.00167
0.00165
0.00162
0.0016
0.00157
0.00154
0.0015
0.00147
0.00143
0.0014
0.00135
0.00131
0.00127
0.00122
0.00117
0.00113
0.00108
0.00103
0.00097
0.00092
0.00086
0.00081
0.00075
0.0007
0.00064
0.0006
0.00054
0.00048
0.00043
0.00038
0.00033
0.00029
0.00024
0.0002
0.00016
0.00012
9e-05
6e-05
3e-05
1e-05
-2e-05
-3e-05
-5e-05
-6e-05
-7e-05
-8e-05
-8e-05
-7e-05
-7e-05
-6e-05
-5e-05
-3e-05
-2e-05
0.0
2e-05
5e-05
7e-05
0.0001
0.00013
0.00016
0.00019
0.00023
0.00026
0.0003
0.00034
0.00038
0.00041
0.00046
0.0005
0.00054
0.00058
0.00063
0.00067
0.00072
0.00076
0.00081
0.00085
0.0009
0.00095
0.00099
0.00104
0.00109
0.00113
0.00118
0.00122
0.00127
0.00131
0.00136
0.0014
0.00144
0.00148
0.00152
0.00155
0.00159
0.00162
0.00166
0.00168
0.00171
0.00173
0.00175
0.00177
0.00179
0.0018
0.00181
0.00182
0.00183
0.00183
0.00183
0.00182
0.00182
0.00181
0.00181
0.0018
0.00179
0.00177
0.00176
0.00175
0.00173
0.00171
0.0017
0.00168
0.00167
0.00165
0.00164
0.00162
0.0016
0.00159
0.00158
0.00157
0.00156
0.00154
0.00154
0.00153
0.00152
0.00151
0.00151
0.0015
0.0015
0.0015
0.0015
0.0015
0.00149
0.0015
0.0015
0.0015
0.00151
0.00151
0.00152
0.00152
0.00153
0.00153
0.00155
0.00155
0.00157
0.00157
0.00158
0.00159
0.0016
0.00161
0.00162
0.00164
0.00165
0.00165
0.00167
0.00168
0.00169
0.0017
0.00171
0.00171
0.00172
0.00172
0.00173
0.00173
0.00173
0.00173
0.00173
0.00172
0.00172
0.00171
0.0017
0.00169
0.00168
0.00166
0.00165
0.00163
0.00162
0.00159
0.00157
0.00155
0.00153
0.0015
0.00148
0.00145
0.00143
0.0014
0.00138
0.00135
0.00132
0.00129
0.00127
0.00124
0.00122
0.00118
0.00116
0.00113
0.0011
0.00108
0.00105
0.00102
0.001
0.00096
0.00094
0.00091
0.00089
0.00085
0.00082
0.00079
0.00077
0.00073
0.0007
0.00066
0.00063
0.00059
0.00056
0.00052
0.00048
0.00044
0.0004
0.00035
0.00031
0.00026
0.00021
0.00016
0.00012
6e-05
0.0
-5e-05
-0.00011
-0.00017
-0.00023
-0.00029
-0.00036
-0.00043
-0.00049
-0.00056
-0.00063
-0.0007
-0.00077
-0.00085
-0.00092
-0.001
-0.00108
-0.00116
-0.00124
-0.00131
-0.00139
-0.00147
-0.00154
-0.00163
-0.0017
-0.00178
-0.00185
-0.00193
-0.002
-0.00208
-0.00215
-0.00222
-0.00229
-0.00236
-0.00243
-0.00249
-0.00255
-0.00262
-0.00267
-0.00274
-0.00279
-0.00285
-0.0029
-0.00295
-0.003
-0.00306
-0.0031
-0.00315
-0.00319
-0.00323
-0.00328
-0.00332
-0.00335
-0.00339
-0.00342
-0.00346
-0.00349
-0.00352
-0.00355
-0.00358
-0.0036
-0.00363
-0.00364
-0.00366
-0.00368
-0.00369
-0.00371
-0.00371
-0.00372
-0.00372
-0.00371
-0.00372
-0.0037
-0.0037
-0.00368
-0.00367
-0.00364
-0.00363
-0.00359
-0.00357
-0.00354
-0.00351
-0.00347
-0.00343
-0.00339
-0.00335
-0.0033
-0.00327
-0.00321
-0.00317
-0.00312
-0.00308
-0.00302
-0.00298
-0.00293
-0.00288
-0.00284
-0.00279
-0.00275
-0.0027
-0.00266
-0.00261
-0.00257
-0.00253
-0.00249
-0.00245
-0.00241
-0.00238
-0.00234
-0.00231
-0.00226
-0.00223
-0.0022
-0.00216
-0.00213
-0.00209
-0.00206
-0.00202
-0.00198
-0.00195
-0.00191
-0.00187
-0.00182
-0.00179
-0.00174
-0.0017
-0.00166
-0.00161
-0.00157
-0.00153
-0.00148
-0.00143
-0.00139
-0.00134
-0.00129
-0.00125
-0.0012
-0.00116
-0.00111
-0.00107
-0.00102
-0.00098
-0.00094
-0.0009
-0.00086
-0.00082
-0.00078
-0.00074
-0.0007
-0.00066
-0.00062
-0.00059
-0.00055
-0.00052
-0.00048
-0.00044
-0.00041
-0.00037
-0.00033
-0.00029
-0.00026
-0.00022
-0.00018
-0.00014
-0.0001
-6e-05
-2e-05
1e-05
6e-05
9e-05
0.00014
0.00017
0.00021
0.00024
0.00029
0.00032
0.00035
0.00038
0.00041
0.00044
0.00047
0.00049
0.00052
0.00053
0.00055
0.00056
0.00058
0.00059
0.0006
0.0006
0.0006
0.0006
0.0006
0.0006
0.00059
0.00058
0.00057
0.00056
0.00055
0.00053
0.00052
0.0005
0.00048
0.00046
0.00044
0.00042
0.0004
0.00038
0.00036
0.00034
0.00032
0.0003
0.00029
0.00027
0.00026
0.00024
0.00024
0.00022
0.00022
0.00021
0.00021
0.0002
0.00021
0.00021
0.00021
0.00022
0.00023
0.00025
0.00026
0.00028
0.00031
0.00033
0.00036
0.00038
0.00042
0.00045
0.0005
0.00053
0.00058
0.00063
0.00068
0.00073
0.00078
0.00084
0.0009
0.00096
0.00103
0.00109
0.00116
0.00123
0.00131
0.00138
0.00146
0.00154
0.00163
0.00171
0.0018
0.00188
0.00198
0.00207
0.00217
0.00227
0.00237
0.00247
0.00258
0.00268
0.00279
0.00289
0.003
0.00311
0.00322
0.00333
0.00343
0.00354
0.00365
0.00375
0.00386
0.00396
0.00406
0.00415
0.00425
0.00433
0.00442
0.0045
0.00458
0.00465
0.00473
0.00479
0.00485
0.00491
0.00496
0.005
0.00505
0.00508
0.00512
0.00514
0.00516
0.00518
0.00519
0.0052
0.00521
0.0052
0.00521
0.0052
0.00519
0.00518
0.00516
0.00514
0.00512
0.0051
0.00507
0.00504
0.00501
0.00497
0.00494
0.0049
0.00486
0.00481
0.00477
0.00472
0.00467
0.00462
0.00456
0.0045
0.00444
0.00438
0.00431
0.00424
0.00417
0.00409
0.00402
0.00394
0.00386
0.00377
0.00369
0.00359
0.0035
0.0034
0.00331
0.00321
0.00311
0.00301
0.00291
0.0028
0.0027
0.00259
0.00249
0.00238
0.00228
0.00217
0.00207
0.00196
0.00186
0.00176
0.00166
0.00157
0.00147
0.00138
0.00129
0.0012
0.00112
0.00103
0.00095
0.00087
0.0008
0.00072
0.00065
0.00058
0.00051
0.00044
0.00037
0.00031
0.00025
0.00019
0.00013
6e-05
0.0
-6e-05
-0.00011
-0.00018
-0.00023
-0.0003
-0.00035
-0.00042
-0.00048
-0.00054
-0.00061
-0.00067
-0.00074
-0.0008
-0.00087
-0.00094
-0.00101
-0.00108
-0.00115
-0.00123
-0.0013
-0.00138
-0.00145
-0.00152
-0.0016
-0.00168
-0.00176
-0.00184
-0.00192
-0.002
-0.00207
-0.00216
-0.00223
-0.00232
-0.00239
-0.00248
-0.00255
-0.00264
-0.00271
-0.00279
-0.00287
-0.00295
-0.00303
-0.0031
-0.00318
-0.00325
-0.00332
-0.0034
-0.00347
-0.00354
-0.00361
-0.00368
-0.00375
-0.00382
-0.00388
-0.00394
-0.00401
-0.00407
-0.00413
-0.00419
-0.00425
-0.00431
-0.00436
-0.00442
-0.00447
-0.00453
-0.00457
-0.00463
-0.00468
-0.00473
-0.00477
-0.00482
-0.00487
-0.00492
-0.00496
-0.00501
-0.00505
-0.0051
-0.00514
-0.00519
-0.00523
-0.00527
-0.00531
-0.00536
-0.0054
-0.00545
-0.00549
-0.00554
-0.00558
-0.00563
-0.00568
-0.00572
-0.00576
-0.00581
-0.00585
-0.0059
-0.00594
-0.00599
-0.00603
-0.00608
-0.00612
-0.00616
-0.0062
-0.00624
-0.00628
-0.00632
-0.00635
-0.00638
-0.00641
-0.00644
-0.00646
-0.00649
-0.00651
-0.00653
-0.00654
-0.00655
-0.00656
-0.00657
-0.00656
-0.00656
-0.00655
-0.00654
-0.00652
-0.0065
-0.00647
-0.00644
-0.0064
-0.00636
-0.00631
-0.00627
-0.00621
-0.00615
-0.00608
-0.00602
-0.00594
-0.00586
-0.00578
-0.00569
-0.0056
-0.00551
-0.00541
-0.00531
-0.00519
-0.00509
-0.00497
-0.00486
-0.00473
-0.00462
-0.00449
-0.00437
-0.00423
-0.0041
-0.00396
-0.00383
-0.00369
-0.00354
-0.0034
-0.00326
-0.0031
-0.00296
-0.00281
-0.00266
-0.0025
-0.00235
-0.00219
-0.00204
-0.00188
-0.00172
-0.00156
-0.0014
-0.00124
-0.00108
-0.00091
-0.00075
-0.00058
-0.00042
-0.00025
-8e-05
9e-05
0.00025
0.00043
0.00059
0.00077
0.00094
0.00111
0.00128
0.00145
0.00163
0.0018
0.00197
0.00215
0.00232
0.0025
0.00267
0.00284
0.00301
0.00318
0.00334
0.00352
0.00368
0.00384
0.004
0.00416
0.00432
0.00447
0.00462
0.00477
0.00491
0.00505
0.00519
0.00532
0.00544
0.00556
0.00567
0.00579
0.00589
0.00598
0.00607
0.00616
0.00623
0.00631
0.00637
0.00643
0.00648
0.00653
0.00656
0.0066
0.00662
0.00664
0.00665
0.00666
0.00666
0.00665
0.00663
0.00661
0.00659
0.00656
0.00652
0.00648
0.00642
0.00637
0.00631
0.00625
0.00617
0.0061
0.00601
0.00593
0.00584
0.00574
0.00563
0.00553
0.00542
0.0053
0.00518
0.00506
0.00493
0.0048
0.00466
0.00452
0.00437
0.00423
0.00408
0.00393
0.00378
0.00363
0.00347
0.00331
0.00316
0.003
0.00285
0.00269
0.00254
0.00239
0.00223
0.00209
0.00194
0.0018
0.00165
0.00152
0.00138
0.00124
0.00111
0.00098
0.00086
0.00074
0.00063
0.00052
0.0004
0.0003
0.00019
9e-05
-1e-05
-0.00011
-0.00021
-0.00029
-0.00039
-0.00047
-0.00056
-0.00064
-0.00072
-0.0008
-0.00088
-0.00095
-0.00103
-0.0011
-0.00117
-0.00123
-0.0013
-0.00136
-0.00142
-0.00147
-0.00152
-0.00157
-0.00162
-0.00166
-0.0017
-0.00173
-0.00176
-0.00179
-0.00182
-0.00184
-0.00186
-0.00187
-0.00188
-0.00188
-0.00189
-0.00189
-0.00189
-0.00188
-0.00188
-0.00187
-0.00185
-0.00184
-0.00182
-0.0018
-0.00179
-0.00176
-0.00174
-0.00172
-0.0017
-0.00167
-0.00165
-0.00161
-0.00159
-0.00156
-0.00153
-0.0015
-0.00147
-0.00143
-0.0014
-0.00137
-0.00134
-0.0013
-0.00126
-0.00122
-0.00119
-0.00115
-0.00111
-0.00106
-0.00102
-0.00098
-0.00094
-0.0009
-0.00085
-0.00081
-0.00076
-0.00071
-0.00068
-0.00063
-0.00058
-0.00054
-0.0005
-0.00045
-0.00041
-0.00036
-0.00032
-0.00028
-0.00024
-0.0002
-0.00016
-0.00012
-9e-05
-5e-05
-1e-05
3e-05
6e-05
0.0001
0.00013
0.00017
0.00021
0.00025
0.00028
0.00031
0.00035
0.00038
0.00042
0.00045
0.00049
0.00052
0.00055
0.00059
0.00062
0.00065
0.00068
0.00071
0.00073
0.00076
0.00078
0.00081
0.00083
0.00085
0.00087
0.00088
0.0009
0.00091
0.00092
0.00093
0.00093
0.00094
0.00095
0.00095
0.00095
0.00095
0.00095
0.00095
0.00094
0.00094
0.00094
0.00093
0.00093
0.00092
0.00091
0.0009
0.00089
0.00088
0.00087
0.00086
0.00084
0.00082
0.00081
0.00078
0.00076
0.00074
0.00072
0.00069
0.00066
0.00064
0.0006
0.00057
0.00053
0.0005
0.00046
0.00042
0.00038
0.00034
0.0003
0.00026
0.00022
0.00017
0.00013
0.0001
6e-05
2e-05
-2e-05
-5e-05
-8e-05
-0.00011
-0.00014
-0.00016
-0.00019
-0.0002
-0.00022
-0.00023
-0.00025
-0.00026
-0.00026
-0.00027
-0.00027
-0.00027
-0.00027
-0.00026
-0.00026
-0.00025
-0.00024
-0.00023
-0.00023
-0.00021
-0.0002
-0.00018
-0.00017
-0.00015
-0.00014
-0.00012
-0.0001
-7e-05
-6e-05
-3e-05
-1e-05
2e-05
4e-05
7e-05
0.0001
0.00014
0.00017
0.0002
0.00024
0.00027
0.00031
0.00035
0.00039
0.00043
0.00047
0.00052
0.00056
0.0006
0.00064
0.00069
0.00073
0.00078
0.00082
0.00086
0.0009
0.00094
0.00099
0.00103
0.00107
0.00112
0.00115
0.0012
0.00124
0.00129
0.00133
0.00138
0.00142
0.00147
0.00152
0.00157
0.00162
0.00168
0.00174
0.0018
0.00186
0.00192
0.00198
0.00205
0.00211
0.00219
0.00225
0.00232
0.00239
0.00247
0.00253
0.0026
0.00267
0.00273
0.0028
0.00286
0.00292
0.00298
0.00302
0.00308
0.00312
0.00316
0.00319
0.00322
0.00325
0.00327
0.00329
0.0033
0.0033
0.0033
0.0033
0.0033
0.00329
0.00328
0.00326
0.00324
0.00322
0.0032
0.00316
0.00314
0.0031
0.00307
0.00303
0.00299
0.00295
0.0029
0.00286
0.00281
0.00277
0.00272
0.00266
0.0026
0.00254
0.00248
0.00241
0.00234
0.00226
0.00218
0.0021
0.00201
0.00191
0.00181
0.00171
0.0016
0.00149
0.00138
0.00125
0.00112
0.00099
0.00086
0.00071
0.00057
0.00042
0.00028
0.00012
-3e-05
-0.00019
-0.00035
-0.00051
-0.00067
-0.00083
-0.00099
-0.00116
-0.00132
-0.00148
-0.00164
-0.0018
-0.00195
-0.00212
-0.00227
-0.00242
-0.00258
-0.00273
-0.00288
-0.00303
-0.00317
-0.00332
-0.00346
-0.00361
-0.00374
-0.00388
-0.00402
-0.00416
-0.00429
-0.00442
-0.00454
-0.00467
-0.0048
-0.00492
-0.00504
-0.00516
-0.00527
-0.00538
-0.00548
-0.00559
-0.00568
-0.00578
-0.00587
-0.00595
-0.00603
-0.00611
-0.00617
-0.00624
-0.00629
-0.00635
-0.00639
-0.00643
-0.00646
-0.00649
-0.00651
-0.00653
-0.00654
-0.00654
-0.00654
-0.00653
-0.00651
-0.0065
-0.00647
-0.00644
-0.00641
-0.00637
-0.00632
-0.00627
-0.00621
-0.00615
-0.00609
-0.00603
-0.00595
-0.00588
-0.0058
-0.00572
-0.00563
-0.00555
-0.00545
-0.00536
-0.00526
-0.00516
-0.00506
-0.00496
-0.00485
-0.00474
-0.00463
-0.00452
-0.00441
-0.0043
-0.00418
-0.00407
-0.00395
-0.00384
-0.00372
-0.0036
-0.00349
-0.00337
-0.00326
-0.00314
-0.00303
-0.00291
-0.0028
-0.00269
-0.00258
-0.00248
-0.00236
-0.00226
-0.00216
-0.00206
-0.00195
-0.00186
-0.00176
-0.00167
-0.00158
-0.00149
-0.0014
-0.00132
-0.00123
-0.00116
-0.00107
-0.001
-0.00092
-0.00086
-0.00079
-0.00073
-0.00066
-0.0006
-0.00055
-0.0005
-0.00045
-0.0004
-0.00035
-0.00031
-0.00027
-0.00024
-0.0002
-0.00018
-0.00015
-0.00012
-0.0001
-8e-05
-6e-05
-5e-05
-3e-05
-2e-05
-1e-05
0.0
1e-05
2e-05
3e-05
4e-05
5e-05
6e-05
7e-05
7e-05
9e-05
0.0001
0.00012
0.00013
0.00015
0.00016
0.00018
0.00021
0.00023
0.00026
0.00029
0.00031
0.00035
0.00038
0.00042
0.00045
0.00049
0.00053
0.00058
0.00062
0.00066
0.00071
0.00076
0.00081
0.00086
0.00091
0.00096
0.00101
0.00107
0.00112
0.00118
0.00123
0.00129
0.00135
0.00141
0.00146
0.00152
0.00158
0.00164
0.0017
0.00176
0.00182
0.00188
0.00193
0.00199
0.00204
0.0021
0.00215
0.00221
0.00226
0.00232
0.00236
0.00241
0.00245
0.0025
0.00254
0.00258
0.00262
0.00265
0.00268
0.00271
0.00274
0.00277
0.00278
0.0028
0.00281
0.00283
0.00284
0.00285
0.00285
0.00285
0.00285
0.00285
0.00285
0.00284
0.00283
0.00282
0.0028
0.00279
0.00277
0.00275
0.00272
0.00271
0.00268
0.00265
0.00261
0.00258
0.00255
0.00251
0.00247
0.00243
0.00239
0.00235
0.0023
0.00225
0.0022
0.00215
0.00209
0.00204
0.00198
0.00193
0.00186
0.0018
0.00174
0.00168
0.00161
0.00155
0.00148
0.00142
0.00135
0.00128
0.00121
0.00114
0.00107
0.00101
0.00094
0.00087
0.0008
0.00073
0.00066
0.00059
0.00052
0.00046
0.00039
0.00032
0.00025
0.00019
0.00012
6e-05
-1e-05
-7e-05
-0.00014
-0.0002
-0.00027
-0.00034
-0.0004
-0.00046
-0.00052
-0.00058
-0.00065
-0.00071
-0.00077
-0.00083
-0.00089
-0.00095
-0.00101
-0.00106
-0.00112
-0.00117
-0.00123
-0.00128
-0.00133
-0.00138
-0.00143
-0.00147
-0.00152
-0.00155
-0.0016
-0.00163
-0.00167
-0.0017
-0.00174
-0.00177
-0.0018
-0.00182
-0.00185
-0.00188
-0.0019
-0.00191
-0.00193
-0.00195
-0.00197
-0.00197
-0.00199
-0.00199
-0.002
-0.00201
-0.00202
-0.00201
-0.00202
-0.00201
-0.00201
-0.00201
-0.002
-0.002
-0.00199
-0.00197
-0.00197
-0.00195
-0.00194
-0.00192
-0.0019
-0.00188
-0.00187
-0.00184
-0.00182
-0.0018
-0.00177
-0.00175
-0.00172
-0.00169
-0.00166
-0.00163
-0.00161
-0.00157
-0.00155
-0.00151
-0.00148
-0.00145
-0.00142
-0.00138
-0.00135
-0.00132
-0.00129
-0.00125
-0.00122
-0.00118
-0.00115
-0.00111
-0.00108
-0.00104
-0.001
-0.00096
-0.00093
-0.00089
-0.00085
-0.00081
-0.00077
-0.00073
-0.00069
-0.00065
-0.00061
-0.00056
-0.00052
-0.00047
-0.00043
-0.00038
-0.00034
-0.00028
-0.00024
-0.00019
-0.00014
-8e-05
-3e-05
2e-05
7e-05
0.00013
0.00018
0.00024
0.0003
0.00035
0.0004
0.00046
0.00051
0.00056
0.00061
0.00066
0.00071
0.00076
0.0008
0.00085
0.00089
0.00092
0.00096
0.001
0.00103
0.00106
0.00109
0.00111
0.00113
0.00116
0.00117
0.00119
0.00119
0.00121
0.00121
0.00122
0.00122
0.00122
0.00122
0.00122
0.00122
0.00121
0.0012
0.0012
0.00119
0.00118
0.00117
0.00117
0.00115
0.00115
0.00114
0.00113
0.00113
0.00112
0.00111
0.00111
0.0011
0.0011
0.00109
0.00109
0.00109
0.00109
0.00109
0.00109
0.00108
0.00109
0.00109
0.00108
0.00108
0.00108
0.00108
0.00108
0.00108
0.00107
0.00106
0.00106
0.00105
0.00104
0.00103
0.00102
0.001
0.00098
0.00096
0.00094
0.00091
0.00088
0.00085
0.00082
0.00079
0.00075
0.00071
0.00067
0.00062
0.00058
0.00053
0.00049
0.00043
0.00039
0.00034
0.00028
0.00023
0.00018
0.00012
7e-05
3e-05
-2e-05
-8e-05
-0.00012
-0.00017
-0.00021
-0.00025
-0.00029
-0.00033
-0.00036
-0.0004
-0.00043
-0.00045
-0.00048
-0.0005
-0.00052
-0.00053
-0.00054
-0.00056
-0.00056
-0.00057
-0.00057
-0.00057
-0.00056
-0.00056
-0.00055
-0.00054
-0.00052
-0.0005
-0.00049
-0.00046
-0.00043
-0.0004
-0.00037
-0.00034
-0.0003
-0.00026
-0.00021
-0.00017
-0.00012
-7e-05
-1e-05
5e-05
0.00011
0.00017
0.00023
0.0003
0.00037
0.00043
0.00051
0.00057
0.00065
0.00071
0.00079
0.00086
0.00093
0.00099
0.00106
0.00113
0.00119
0.00125
0.00131
0.00136
0.00141
0.00146
0.00151
0.00155
0.00159
0.00163
0.00167
0.00169
0.00173
0.00175
0.00178
0.0018
0.00181
0.00183
0.00184
0.00186
0.00187
0.00189
0.0019
0.00191
0.00192
0.00193
0.00194
0.00195
0.00196
0.00197
0.00198
0.00199
0.002
0.002
0.00201
0.00202
0.00203
0.00203
0.00204
0.00204
0.00204
0.00204
0.00204
0.00204
0.00204
0.00202
0.00202
0.00201
0.002
0.00198
0.00197
0.00195
0.00194
0.00192
0.0019
0.00188
0.00186
0.00184
0.00182
0.0018
0.00178
0.00175
0.00174
0.00172
0.0017
0.00168
0.00166
0.00165
0.00164
0.00162
0.00162
0.0016
0.00159
0.00158
0.00157
0.00156
0.00155
0.00153
0.00153
0.00151
0.00149
0.00148
0.00146
0.00144
0.00143
0.00141
0.00139
0.00136
0.00134
0.00131
0.00128
0.00125
0.00122
0.00119
0.00117
0.00113
0.0011
0.00107
0.00104
0.00101
0.00098
0.00096
0.00094
0.00091
0.0009
0.00087
0.00087
0.00085
0.00085
0.00084
0.00084
0.00084
0.00084
0.00085
0.00086
0.00088
0.00089
0.00091
0.00094
0.00096
0.00098
0.00101
0.00104
0.00107
0.0011
0.00113
0.00116
0.00119
0.00122
0.00126
0.00128
0.00132
0.00135
0.00138
0.00141
0.00144
0.00147
0.00149
0.00152
0.00155
0.00158
0.0016
0.00163
0.00165
0.00167
0.0017
0.00172
0.00174
0.00176
0.00179
0.00181
0.00183
0.00185
0.00187
0.00189
0.00191
0.00193
0.00194
0.00196
0.00197
0.00199
0.002
0.00201
0.00202
0.00203
0.00204
0.00204
0.00204
0.00205
0.00205
0.00205
0.00205
0.00205
0.00204
0.00205
0.00204
0.00203
0.00203
0.00202
0.00202
0.00202
0.00201
0.00201
0.002
0.00201
0.002
0.00201
0.002
0.00201
0.00201
0.00202
0.00202
0.00203
0.00204
0.00205
0.00206
0.00207
0.00208
0.0021
0.0021
0.00212
0.00214
0.00215
0.00216
0.00218
0.00219
0.00221
0.00223
0.00224
0.00226
0.00227
0.00229
0.00231
0.00233
0.00235
0.00236
0.00238
0.0024
0.00243
0.00245
0.00248
0.0025
0.00253
0.00255
0.00259
0.00262
0.00265
0.00268
0.00272
0.00275
0.00279
0.00282
0.00286
0.0029
0.00293
0.00296
0.003
0.00303
0.00306
0.00308
0.00311
0.00312
0.00314
0.00316
0.00316
0.00317
0.00317
0.00316
0.00315
0.00314
0.00312
