3.26039781853080E+02

-0.00073
-0.00071
-0.00068
-0.00066
-0.00063
-0.0006
-0.00057
-0.00054
-0.00051
-0.00048
-0.00045
-0.00041
-0.00037
-0.00034
-0.0003
-0.00026
-0.00022
-0.00018
-0.00013
-9e-05
-3e-05
2e-05
7e-05
0.00013
0.00019
0.00025
0.00032
0.00038
0.00046
0.00053
0.0006
0.00068
0.00076
0.00084
0.00093
0.00101
0.0011
0.00118
0.00127
0.00135
0.00144
0.00153
0.00162
0.0017
0.00179
0.00187
0.00195
0.00203
0.00211
0.00218
0.00226
0.00232
0.0024
0.00246
0.00253
0.00258
0.00264
0.0027
0.00275
0.0028
0.00285
0.00289
0.00293
0.00296
0.003
0.00303
0.00306
0.00308
0.0031
0.00311
0.00312
0.00313
0.00313
0.00314
0.00313
0.00313
0.00312
0.0031
0.00308
0.00305
0.00303
0.00299
0.00295
0.0029
0.00286
0.00281
0.00275
0.00269
0.00262
0.00255
0.00248
0.0024
0.00232
0.00223
0.00215
0.00205
0.00196
0.00185
0.00175
0.00164
0.00154
0.00143
0.00131
0.0012
0.00108
0.00096
0.00084
0.00072
0.0006
0.00047
0.00035
0.00022
0.0001
-3e-05
-0.00016
-0.00029
-0.00041
-0.00054
-0.00067
-0.00079
-0.00092
-0.00104
-0.00116
-0.00128
-0.0014
-0.00152
-0.00164
-0.00176
-0.00187
-0.00198
-0.00209
-0.00221
-0.00231
-0.00242
-0.00253
-0.00263
-0.00274
-0.00283
-0.00293
-0.00303
-0.00312
-0.00322
-0.00331
-0.0034
-0.00349
-0.00358
-0.00366
-0.00374
-0.00382
-0.0039
-0.00398
-0.00405
-0.00412
-0.00419
-0.00425
-0.00431
-0.00437
-0.00443
-0.00448
-0.00453
-0.00458
-0.00462
-0.00466
-0.0047
-0.00473
-0.00476
-0.00479
-0.00482
-0.00484
-0.00486
-0.00487
-0.00489
-0.00489
-0.00491
-0.00491
-0.00491
-0.00491
-0.00491
-0.00491
-0.00491
-0.00489
-0.00488
-0.00487
-0.00486
-0.00484
-0.00482
-0.0048
-0.00478
-0.00474
-0.00472
-0.00468
-0.00465
-0.00461
-0.00457
-0.00452
-0.00448
-0.00443
-0.00438
-0.00432
-0.00426
-0.0042
-0.00413
-0.00407
-0.00399
-0.00392
-0.00385
-0.00377
-0.00369
-0.00361
-0.00353
-0.00345
-0.00337
-0.00328
-0.0032
-0.00312
-0.00304
-0.00296
-0.00288
-0.00279
-0.00272
-0.00263
-0.00256
-0.00248
-0.00241
-0.00233
-0.00226
-0.00218
-0.00212
-0.00204
-0.00197
-0.0019
-0.00182
-0.00175
-0.00168
-0.0016
-0.00153
-0.00145
-0.00138
-0.0013
-0.00122
-0.00114
-0.00106
-0.00097
-0.00089
-0.0008
-0.00072
-0.00063
-0.00054
-0.00045
-0.00036
-0.00026
-0.00017
-7e-05
1e-05
0.00011
0.0002
0.0003
0.00038
0.00048
0.00057
0.00066
0.00075
0.00084
0.00093
0.00102
0.00111
0.0012
0.00128
0.00138
0.00146
0.00155
0.00164
0.00173
0.00182
0.00191
0.002
0.00209
0.00218
0.00228
0.00237
0.00246
0.00255
0.00264
0.00273
0.00282
0.00291
0.003
0.00308
0.00316
0.00324
0.00331
0.00338
0.00345
0.00351
0.00357
0.00362
0.00366
0.0037
0.00374
0.00376
0.00378
0.00379
0.00381
0.0038
0.0038
0.00379
0.00378
0.00375
0.00373
0.00369
0.00365
0.00361
0.00356
0.00351
0.00346
0.0034
0.00334
0.00327
0.00321
0.00314
0.00308
0.003
0.00293
0.00285
0.00278
0.0027
0.00262
0.00253
0.00245
0.00237
0.00228
0.00219
0.0021
0.002
0.00191
0.00181
0.00172
0.00161
0.00151
0.0014
0.0013
0.00119
0.00108
0.00097
0.00085
0.00074
0.00063
0.00051
0.0004
0.00028
0.00017
5e-05
-6e-05
-0.00018
-0.00028
-0.0004
-0.0005
-0.00061
-0.00072
-0.00082
-0.00092
-0.00102
-0.00111
-0.0012
-0.00129
-0.00138
-0.00146
-0.00155
-0.00163
-0.00171
-0.00178
-0.00187
-0.00194
-0.00201
-0.00209
-0.00216
-0.00223
-0.0023
-0.00237
-0.00244
-0.00251
-0.00259
-0.00266
-0.00273
-0.0028
-0.00287
-0.00294
-0.00301
-0.00308
-0.00315
-0.00322
-0.00329
-0.00337
-0.00343
-0.0035
-0.00356
-0.00362
-0.00369
-0.00375
-0.00381
-0.00387
-0.00393
-0.00398
-0.00404
-0.00408
-0.00414
-0.00418
-0.00423
-0.00427
-0.00431
-0.00434
-0.00438
-0.00441
-0.00444
-0.00446
-0.00449
-0.0045
-0.00452
-0.00453
-0.00454
-0.00454
-0.00455
-0.00454
-0.00454
-0.00453
-0.00451
-0.00449
-0.00447
-0.00443
-0.00441
-0.00437
-0.00433
-0.00427
-0.00423
-0.00417
-0.00411
-0.00404
-0.00398
-0.00391
-0.00384
-0.00376
-0.00368
-0.0036
-0.00352
-0.00343
-0.00335
-0.00326
-0.00318
-0.00308
-0.003
-0.00291
-0.00283
-0.00275
-0.00266
-0.00259
-0.00251
-0.00244
-0.00236
-0.00229
-0.00222
-0.00215
-0.00209
-0.00202
-0.00197
-0.0019
-0.00185
-0.00179
-0.00175
-0.00169
-0.00164
-0.00159
-0.00155
-0.0015
-0.00145
-0.0014
-0.00135
-0.0013
-0.00126
-0.00121
-0.00116
-0.00111
-0.00107
-0.00102
-0.00097
-0.00092
-0.00087
-0.00083
-0.00078
-0.00073
-0.00069
-0.00064
-0.0006
-0.00055
-0.00051
-0.00047
-0.00043
-0.00039
-0.00036
-0.00032
-0.00029
-0.00026
-0.00023
-0.0002
-0.00018
-0.00015
-0.00013
-0.0001
-8e-05
-5e-05
-3e-05
-1e-05
1e-05
4e-05
6e-05
8e-05
0.00011
0.00014
0.00016
0.00019
0.00021
0.00024
0.00027
0.00031
0.00034
0.00038
0.00041
0.00044
0.00048
0.00052
0.00055
0.00059
0.00062
0.00066
0.00069
0.00073
0.00076
0.00079
0.00083
0.00086
0.00089
0.00092
0.00095
0.00098
0.001
0.00103
0.00105
0.00108
0.00109
0.00112
0.00113
0.00115
0.00117
0.00118
0.0012
0.00121
0.00122
0.00124
0.00125
0.00126
0.00127
0.00128
0.00128
0.00129
0.00129
0.0013
0.0013
0.0013
0.0013
0.0013
0.0013
0.00129
0.00128
0.00128
0.00126
0.00125
0.00123
0.00122
0.0012
0.00118
0.00115
0.00113
0.0011
0.00107
0.00104
0.00101
0.00097
0.00094
0.0009
0.00087
0.00082
0.00078
0.00074
0.0007
0.00065
0.00061
0.00056
0.00052
0.00047
0.00043
0.00038
0.00034
0.00029
0.00025
0.0002
0.00016
0.0001
6e-05
1e-05
-3e-05
-8e-05
-0.00013
-0.00018
-0.00022
-0.00027
-0.00031
-0.00036
-0.00041
-0.00045
-0.0005
-0.00054
-0.00059
-0.00064
-0.00068
-0.00073
-0.00077
-0.00082
-0.00087
-0.00092
-0.00095
-0.001
-0.00105
-0.00109
-0.00114
-0.00118
-0.00122
-0.00127
-0.00131
-0.00136
-0.0014
-0.00144
-0.00148
-0.00153
-0.00157
-0.00162
-0.00165
-0.0017
-0.00174
-0.00179
-0.00183
-0.00187
-0.00191
-0.00195
-0.00199
-0.00203
-0.00207
-0.00211
-0.00214
-0.00218
-0.00221
-0.00224
-0.00226
-0.00229
-0.00232
-0.00234
-0.00236
-0.00237
-0.00238
-0.00239
-0.00239
-0.0024
-0.00239
-0.00238
-0.00237
-0.00235
-0.00233
-0.00231
-0.00228
-0.00225
-0.00221
-0.00217
-0.00213
-0.00208
-0.00202
-0.00197
-0.00191
-0.00185
-0.00178
-0.00172
-0.00165
-0.00158
-0.00151
-0.00143
-0.00135
-0.00128
-0.0012
-0.00112
-0.00104
-0.00096
-0.00087
-0.00079
-0.0007
-0.00062
-0.00053
-0.00044
-0.00035
-0.00027
-0.00017
-9e-05
1e-05
0.0001
0.00019
0.00028
0.00037
0.00046
0.00056
0.00065
0.00074
0.00083
0.00093
0.00101
0.00111
0.0012
0.00129
0.00137
0.00146
0.00154
0.00163
0.00171
0.00178
0.00186
0.00194
0.00201
0.00208
0.00214
0.00221
0.00227
0.00233
0.00238
0.00244
0.00248
0.00253
0.00257
0.00261
0.00265
0.00268
0.00272
0.00275
0.00278
0.0028
0.00282
0.00285
0.00286
0.00288
0.00289
0.0029
0.00291
0.00292
0.00293
0.00293
0.00293
0.00293
0.00294
0.00294
0.00293
0.00293
0.00292
0.00292
0.00291
0.00291
0.0029
0.0029
0.00288
0.00288
0.00287
0.00286
0.00285
0.00285
0.00284
0.00284
0.00283
0.00284
0.00283
0.00284
0.00284
0.00285
0.00285
0.00286
0.00287
0.0029
0.00291
0.00294
0.00297
0.003
0.00304
0.00308
0.00312
0.00318
0.00323
0.0033
0.00336
0.00344
0.00352
0.0036
0.00369
0.0038
0.0039
0.00401
0.00413
0.00425
0.00438
0.00452
0.00466
0.00481
0.00497
0.00513
0.00529
0.00547
0.00565
0.00583
0.00602
0.00622
0.00641
0.00662
0.00682
0.00703
0.00725
0.00746
0.00768
0.0079
0.00812
0.00835
0.00857
0.0088
0.00902
0.00925
0.00947
0.0097
0.00993
0.01015
0.01037
0.01059
0.01082
0.01104
0.01125
0.01147
0.01168
0.0119
0.0121
0.01231
0.01251
0.01271
0.01291
0.01311
0.0133
0.01349
0.01367
0.01385
0.01403
0.01421
0.01438
0.01455
0.01471
0.01487
0.01502
0.01517
0.01531
0.01545
0.01557
0.01571
0.01582
0.01594
0.01605
0.01615
0.01625
0.01634
0.01642
0.0165
0.01657
0.01664
0.0167
0.01676
0.01681
0.01685
0.01689
0.01693
0.01696
0.01698
0.017
0.01702
0.01703
0.01704
0.01704
0.01705
0.01704
0.01704
0.01702
0.01702
0.017
0.01698
0.01696
0.01694
0.01692
0.01689
0.01687
0.01684
0.01681
0.01678
0.01675
0.01672
0.01669
0.01666
0.01663
0.0166
0.01657
0.01654
0.01651
0.01649
0.01647
0.01645
0.01643
0.01642
0.01641
0.0164
0.0164
0.0164
0.0164
0.01641
0.01642
0.01644
0.01645
0.01647
0.0165
0.01653
0.01656
0.01659
0.01663
0.01667
0.01671
0.01675
0.0168
0.01684
0.01689
0.01693
0.01698
0.01703
0.01707
0.01711
0.01715
0.0172
0.01724
0.01727
0.01731
0.01734
0.01737
0.0174
0.01742
0.01744
0.01746
0.01748
0.01749
0.0175
0.01751
0.01752
0.01752
0.01753
0.01753
0.01752
0.01752
0.01751
0.0175
0.0175
0.01748
0.01747
0.01746
0.01744
0.01742
0.01741
0.01738
0.01736
0.01734
0.01732
0.01729
0.01726
0.01723
0.0172
0.01717
0.01714
0.0171
0.01707
0.01703
0.01699
0.01695
0.01691
0.01687
0.01683
0.01678
0.01674
0.01669
0.01664
0.01659
0.01654
0.01649
0.01644
0.01638
0.01633
0.01626
0.01621
0.01614
0.01608
0.01601
0.01595
0.01587
0.01581
0.01573
0.01565
0.01558
0.0155
0.01542
0.01534
0.01525
0.01517
0.01508
0.01499
0.0149
0.01482
0.01473
0.01464
0.01455
0.01446
0.01437
0.01428
0.01419
0.0141
0.01402
0.01393
0.01384
0.01376
0.01367
0.01359
0.01351
0.01343
0.01334
0.01326
0.01318
0.0131
0.01301
0.01293
0.01284
0.01276
0.01268
0.01259
0.0125
0.01242
0.01233
0.01224
0.01215
0.01206
0.01196
0.01187
0.01177
0.01168
0.01158
0.01149
0.01139
0.0113
0.01121
0.01112
0.01103
0.01095
0.01086
0.01078
0.0107
0.01063
0.01056
0.01049
0.01042
0.01037
0.01031
0.01026
0.01021
0.01016
0.01012
0.01008
0.01004
0.01001
0.00997
0.00995
0.00992
0.00989
0.00987
0.00984
0.00981
0.00979
0.00976
0.00974
0.0097
0.00967
0.00964
0.00961
0.00958
0.00954
0.0095
0.00946
0.00941
0.00937
0.00932
0.00927
0.00922
0.00917
0.00911
0.00905
0.00899
0.00894
0.00887
0.00881
0.00875
0.00869
0.00862
0.00856
0.00849
0.00842
0.00835
0.00829
0.00821
0.00814
0.00807
0.00799
0.00792
0.00784
0.00776
0.00768
0.00759
0.00751
0.00742
0.00733
0.00724
0.00715
0.00705
0.00696
0.00685
0.00676
0.00665
0.00655
0.00645
0.00634
0.00624
0.00614
0.00604
0.00594
0.00583
0.00573
0.00563
0.00554
0.00544
0.00535
0.00525
0.00517
0.00508
0.005
0.00492
0.00484
0.00477
0.0047
0.00464
0.00458
0.00451
0.00446
0.0044
0.00435
0.0043
0.00426
0.00421
0.00418
0.00413
0.0041
0.00406
0.00403
0.004
0.00397
0.00395
0.00392
0.0039
0.00388
0.00386
0.00385
0.00383
0.00382
0.0038
0.0038
0.00379
0.00379
0.00378
0.00378
0.00379
0.0038
0.00381
0.00382
0.00383
0.00385
0.00387
0.00389
0.00391
0.00394
0.00396
0.004
0.00403
0.00406
0.00409
0.00412
0.00416
0.00419
0.00423
0.00426
0.00429
0.00432
0.00435
0.00439
0.00441
0.00444
0.00445
0.00448
0.00449
0.00451
0.00452
0.00453
0.00453
0.00454
0.00453
0.00453
0.00452
0.00451
0.00449
0.00448
0.00445
0.00443
0.00439
0.00436
0.00433
0.00429
0.00424
0.0042
0.00415
0.0041
0.00405
0.00399
0.00393
0.00387
0.00381
0.00375
0.00368
0.00361
0.00353
0.00347
0.00339
0.00332
0.00324
0.00316
0.00308
0.00301
0.00293
0.00285
0.00277
0.0027
0.00262
0.00255
0.00247
0.0024
0.00232
0.00226
0.00219
0.00212
0.00206
0.00199
0.00193
0.00188
0.00183
0.00178
0.00173
0.00169
0.00164
0.00161
0.00157
0.00154
0.00151
0.00149
0.00147
0.00145
0.00143
0.00142
0.00141
0.00141
0.0014
0.0014
0.0014
0.00141
0.00141
0.00142
0.00143
0.00144
0.00145
0.00147
0.00149
0.0015
0.00152
0.00153
0.00156
0.00158
0.0016
0.00162
0.00164
0.00166
0.00168
0.00171
0.00172
0.00175
0.00176
0.00179
0.00181
0.00183
0.00185
0.00187
0.0019
0.00192
0.00194
0.00197
0.00199
0.00202
0.00204
0.00207
0.00209
0.00212
0.00215
0.00219
0.00221
0.00224
0.00228
0.00231
0.00235
0.00238
0.00242
0.00246
0.0025
0.00254
0.00258
0.00263
0.00267
0.00272
0.00276
0.00281
0.00285
0.0029
0.00295
0.003
0.00305
0.0031
0.00315
0.0032
0.00325
0.0033
0.00335
0.0034
0.00345
0.0035
0.00355
0.0036
0.00365
0.0037
0.00375
0.0038
0.00385
0.0039
0.00394
0.00399
0.00403
0.00407
0.00411
0.00415
0.00418
0.00422
0.00424
0.00427
0.00429
0.00431
0.00432
0.00433
0.00434
0.00434
0.00434
0.00433
0.00431
0.0043
0.00427
0.00425
0.00421
0.00418
0.00413
0.00409
0.00404
0.00398
0.00392
0.00386
0.00379
0.00372
0.00365
0.00357
0.00349
0.00341
0.00333
0.00325
0.00316
0.00308
0.00299
0.0029
0.00281
0.00272
0.00263
0.00254
0.00245
0.00236
0.00227
0.00218
0.00208
0.002
0.0019
0.00181
0.00172
0.00163
0.00153
0.00144
0.00135
0.00126
0.00116
0.00107
0.00097
0.00088
0.00079
0.0007
0.0006
0.00051
0.00042
0.00033
0.00024
0.00015
6e-05
-2e-05
-0.00011
-0.00019
-0.00027
-0.00035
-0.00042
-0.00049
-0.00056
-0.00063
-0.0007
-0.00075
-0.00081
-0.00087
-0.00092
-0.00097
-0.00102
-0.00106
-0.0011
-0.00114
-0.00118
-0.00121
-0.00124
-0.00127
-0.0013
-0.00132
-0.00135
-0.00137
-0.00139
-0.0014
-0.00142
-0.00143
-0.00145
-0.00146
-0.00147
-0.00148
-0.00149
-0.0015
-0.00151
-0.00151
-0.00152
-0.00152
-0.00153
-0.00153
-0.00153
-0.00153
-0.00153
-0.00153
-0.00153
-0.00152
-0.00152
-0.00152
-0.00151
-0.0015
-0.00149
-0.00148
-0.00147
-0.00145
-0.00144
-0.00142
-0.00141
-0.00138
-0.00136
-0.00134
-0.00132
-0.00129
-0.00126
-0.00123
-0.0012
-0.00117
-0.00113
-0.00109
-0.00105
-0.00101
-0.00098
-0.00093
-0.00089
-0.00084
-0.0008
-0.00075
-0.00071
-0.00066
-0.00062
-0.00057
-0.00053
-0.00048
-0.00043
-0.00039
-0.00035
-0.0003
-0.00027
-0.00022
-0.00019
-0.00015
-0.00012
-8e-05
-6e-05
-2e-05
0.0
2e-05
4e-05
6e-05
8e-05
0.0001
0.00011
0.00012
0.00013
0.00014
0.00015
0.00016
0.00016
0.00016
0.00017
0.00018
0.00018
0.00018
0.00018
0.00019
0.0002
0.00021
0.00021
0.00023
0.00024
0.00025
0.00027
0.00029
0.00031
0.00033
0.00035
0.00039
0.00042
0.00045
0.00048
0.00052
0.00056
0.00061
0.00065
0.0007
0.00075
0.00081
0.00086
0.00092
0.00098
0.00105
0.00111
0.00118
0.00125
0.00132
0.00139
0.00147
0.00155
0.00163
0.00171
0.0018
0.00188
0.00198
0.00207
0.00216
0.00225
0.00235
0.00245
0.00255
0.00265
0.00276
0.00286
0.00296
0.00307
0.00317
0.00328
0.00339
0.00349
0.0036
0.00371
0.00382
0.00392
0.00402
0.00412
0.00423
0.00432
0.00442
0.00452
0.00461
0.00471
0.0048
0.00489
0.00498
0.00506
0.00514
0.00522
0.0053
0.00537
0.00545
0.00551
0.00559
0.00565
0.00572
0.00578
0.00584
0.0059
0.00595
0.00601
0.00606
0.0061
0.00616
0.0062
0.00625
0.00628
0.00632
0.00636
0.0064
0.00643
0.00646
0.00648
0.00651
0.00653
0.00656
0.00657
0.0066
0.00661
0.00662
0.00663
0.00665
0.00665
0.00667
0.00667
0.00668
0.00668
0.00668
0.00669
0.00669
0.00669
0.00669
0.00669
0.00669
0.00668
0.00668
0.00667
0.00667
0.00666
0.00665
0.00664
0.00663
0.00661
0.0066
0.00658
0.00656
0.00653
0.00651
0.00648
0.00645
0.00641
0.00638
0.00634
0.0063
0.00625
0.0062
0.00614
0.00608
0.00602
0.00595
0.00588
0.00581
0.00573
0.00565
0.00557
0.00549
0.00539
0.0053
0.0052
0.0051
0.00499
0.00488
0.00477
0.00466
0.00453
0.00441
0.00428
0.00415
0.00402
0.00388
0.00374
0.0036
0.00345
0.0033
0.00314
0.00299
0.00283
0.00267
0.0025
0.00234
0.00216
0.002
0.00182
0.00165
0.00148
0.00131
0.00114
0.00097
0.0008
0.00064
0.00047
0.00032
0.00016
1e-05
-0.00015
-0.00029
-0.00043
-0.00057
-0.0007
-0.00083
-0.00095
-0.00107
-0.00118
-0.00129
-0.0014
-0.00149
-0.00159
-0.00168
-0.00178
-0.00186
-0.00195
-0.00203
-0.00211
-0.00219
-0.00227
-0.00235
-0.00243
-0.0025
-0.00258
-0.00266
-0.00274
-0.00282
-0.0029
-0.00297
-0.00306
-0.00314
-0.00322
-0.0033
-0.00338
-0.00346
-0.00354
-0.00362
-0.0037
-0.00377
-0.00385
-0.00391
-0.00399
-0.00405
-0.00411
-0.00417
-0.00423
-0.00428
-0.00433
-0.00437
-0.00442
-0.00445
-0.00449
-0.00452
-0.00455
-0.00457
-0.00459
-0.00461
-0.00463
-0.00464
-0.00466
-0.00466
-0.00468
-0.00468
-0.00469
-0.00469
-0.00469
-0.0047
-0.0047
-0.0047
-0.0047
-0.00469
-0.00469
-0.00469
-0.00469
-0.00468
-0.00467
-0.00466
-0.00465
-0.00464
-0.00462
-0.0046
-0.00458
-0.00456
-0.00454
-0.00451
-0.00448
-0.00444
-0.00441
-0.00436
-0.00433
-0.00427
-0.00423
-0.00417
-0.00412
-0.00405
-0.00399
-0.00392
-0.00385
-0.00378
-0.00371
-0.00363
-0.00355
-0.00347
-0.00339
-0.0033
-0.00322
-0.00312
-0.00304
-0.00294
-0.00285
-0.00275
-0.00266
-0.00256
-0.00246
-0.00236
-0.00226
-0.00216
-0.00205
-0.00195
-0.00184
-0.00173
-0.00163
-0.00151
-0.00141
-0.00129
-0.00118
-0.00107
-0.00096
-0.00085
-0.00074
-0.00062
-0.00051
-0.00041
-0.00029
-0.00019
-8e-05
3e-05
0.00013
0.00023
0.00033
0.00043
0.00051
0.0006
0.00068
0.00077
0.00084
0.00091
0.00098
0.00104
0.0011
0.00116
0.00121
0.00125
0.00129
0.00132
0.00135
0.00138
0.0014
0.00141
0.00142
0.00144
0.00144
0.00144
0.00143
0.00143
0.00142
0.00141
0.0014
0.00139
0.00136
0.00135
0.00133
0.00131
0.00128
0.00126
0.00123
0.00122
0.00119
0.00116
0.00113
0.0011
0.00107
0.00104
0.00101
0.00098
0.00094
0.00091
0.00087
0.00083
0.00078
0.00074
0.00069
0.00065
0.00059
0.00054
0.00048
0.00042
0.00035
0.00029
0.00022
0.00015
7e-05
-0.0
-8e-05
-0.00016
-0.00024
-0.00032
-0.00041
-0.00049
-0.00058
-0.00067
-0.00076
-0.00084
-0.00093
-0.00101
-0.00109
-0.00117
-0.00125
-0.00133
-0.00141
-0.00148
-0.00156
-0.00163
-0.0017
-0.00176
-0.00183
-0.00189
-0.00196
-0.00202
-0.00208
-0.00213
-0.00219
-0.00224
-0.0023
-0.00235
-0.00241
-0.00246
-0.00251
-0.00256
-0.00261
-0.00265
-0.0027
-0.00275
-0.00279
-0.00283
-0.00287
-0.00291
-0.00294
-0.00297
-0.00301
-0.00303
-0.00305
-0.00307
-0.00309
-0.0031
-0.00311
-0.00311
-0.00311
-0.0031
-0.0031
-0.00308
-0.00306
-0.00304
-0.00301
-0.00298
-0.00295
-0.00291
-0.00288
-0.00283
-0.00278
-0.00273
-0.00268
-0.00262
-0.00257
-0.00251
-0.00245
-0.00239
-0.00232
-0.00225
-0.00219
-0.00211
-0.00205
-0.00197
-0.0019
-0.00182
-0.00174
-0.00165
-0.00158
-0.00149
-0.0014
-0.00131
-0.00122
-0.00113
-0.00103
-0.00094
-0.00084
-0.00074
-0.00064
-0.00053
-0.00043
-0.00032
-0.00022
-0.00011
-1e-05
0.0001
0.0002
0.00031
0.00041
0.00051
0.00061
0.00071
0.00081
0.00091
0.00099
0.00109
0.00117
0.00126
0.00134
0.00142
0.00149
0.00157
0.00164
0.00171
0.00177
0.00183
0.0019
0.00196
0.00202
0.00208
0.00213
0.00219
0.00224
0.0023
0.00235
0.0024
0.00245
0.0025
0.00255
0.0026
0.00265
0.0027
0.00275
0.0028
0.00285
0.0029
0.00294
0.00299
0.00303
0.00308
0.00311
0.00316
0.00319
0.00323
0.00327
0.0033
0.00333
0.00336
0.00339
0.00342
0.00344
0.00347
0.00348
0.0035
0.00352
0.00354
0.00354
0.00356
0.00356
0.00357
0.00358
0.00358
0.00358
0.00358
0.00357
0.00357
0.00356
0.00356
0.00354
0.00354
0.00352
0.00351
0.00348
0.00347
0.00344
0.00342
0.00339
0.00336
0.00333
0.0033
0.00326
0.00322
0.00318
0.00314
0.00309
0.00305
0.003
0.00295
0.00289
0.00284
0.00278
0.00272
0.00266
0.00259
0.00253
0.00246
0.00239
0.00232
0.00225
0.00218
0.0021
0.00202
0.00194
0.00187
0.00178
0.0017
0.00162
0.00154
0.00145
0.00136
0.00128
0.00119
0.00111
0.00102
0.00093
0.00085
0.00076
0.00068
0.00059
0.00051
0.00042
0.00034
0.00025
0.00018
9e-05
2e-05
-6e-05
-0.00014
-0.00021
-0.00028
-0.00035
-0.00041
-0.00049
-0.00054
-0.00061
-0.00067
-0.00072
-0.00078
-0.00083
-0.00088
-0.00093
-0.00097
-0.00102
-0.00106
-0.0011
-0.00113
-0.00116
-0.00119
-0.00123
-0.00125
-0.00128
-0.00129
-0.00132
-0.00133
-0.00135
-0.00135
-0.00136
-0.00137
-0.00138
-0.00138
-0.00138
-0.00137
-0.00136
-0.00135
-0.00135
-0.00133
-0.00132
-0.0013
-0.00128
-0.00126
-0.00124
-0.00122
-0.0012
-0.00117
-0.00115
-0.00113
-0.0011
-0.00107
-0.00105
-0.00103
-0.00101
-0.00098
-0.00097
-0.00094
-0.00093
-0.00091
-0.0009
-0.00089
-0.00088
-0.00087
-0.00086
-0.00086
-0.00086
-0.00085
-0.00085
-0.00085
-0.00085
-0.00085
-0.00086
-0.00086
-0.00086
-0.00086
-0.00087
-0.00087
-0.00087
-0.00087
-0.00087
-0.00087
-0.00087
-0.00087
-0.00086
-0.00085
-0.00085
-0.00084
-0.00084
-0.00082
-0.00082
-0.0008
-0.0008
-0.00078
-0.00077
-0.00076
-0.00075
-0.00073
-0.00072
-0.00071
-0.0007
-0.00068
-0.00068
-0.00067
-0.00066
-0.00064
-0.00064
-0.00063
-0.00063
-0.00061
-0.00061
-0.0006
-0.00059
-0.00058
-0.00057
-0.00056
-0.00054
-0.00053
-0.00052
-0.0005
-0.00049
-0.00047
-0.00045
-0.00043
-0.00042
-0.00039
-0.00038
-0.00036
-0.00034
-0.00032
-0.0003
-0.00029
-0.00027
-0.00025
-0.00025
-0.00023
-0.00023
-0.00022
-0.00023
-0.00022
-0.00023
-0.00023
-0.00025
-0.00027
-0.00028
-0.00031
-0.00033
-0.00036
-0.00038
-0.00041
-0.00045
-0.00049
-0.00053
-0.00056
-0.0006
-0.00064
-0.00069
-0.00072
-0.00076
-0.00081
-0.00085
-0.00089
-0.00092
-0.00096
-0.00099
-0.00102
-0.00106
-0.00109
-0.00112
-0.00114
-0.00117
-0.0012
-0.00122
-0.00124
-0.00127
-0.00129
-0.00131
-0.00133
-0.00135
-0.00137
-0.00139
-0.00141
-0.00143
-0.00144
-0.00147
-0.00148
-0.0015
-0.00151
-0.00154
-0.00155
-0.00156
-0.00158
-0.00159
-0.0016
-0.00161
-0.00162
-0.00163
-0.00163
-0.00164
-0.00164
-0.00165
-0.00164
-0.00165
-0.00164
-0.00165
-0.00164
-0.00163
-0.00163
-0.00163
-0.00162
-0.00162
-0.00161
-0.00161
-0.0016
-0.00161
-0.0016
-0.0016
-0.0016
-0.00161
-0.00162
-0.00163
-0.00164
-0.00165
-0.00167
-0.00169
-0.00171
-0.00173
-0.00176
-0.00178
-0.00181
-0.00185
-0.00187
-0.00191
-0.00194
-0.00198
-0.00202
-0.00206
-0.00209
-0.00213
-0.00217
-0.00222
-0.00226
-0.0023
-0.00234
-0.00238
-0.00241
-0.00246
-0.00249
-0.00253
-0.00257
-0.00261
-0.00264
-0.00268
-0.00271
-0.00275
-0.00278
-0.00282
-0.00285
-0.00289
-0.00292
-0.00295
-0.00298
-0.00301
-0.00304
-0.00307
-0.00309
-0.00312
-0.00315
-0.00318
-0.00319
-0.00322
-0.00324
-0.00326
-0.00328
-0.0033
-0.00331
-0.00333
-0.00334
-0.00336
-0.00336
-0.00337
-0.00337
-0.00338
-0.00338
-0.00339
-0.00338
-0.00338
-0.00338
-0.00338
-0.00338
-0.00337
-0.00336
-0.00335
-0.00334
-0.00334
-0.00332
-0.00331
-0.0033
-0.00329
-0.00327
-0.00326
-0.00324
-0.00323
-0.00321
-0.00319
-0.00317
-0.00315
-0.00313
-0.0031
-0.00308
-0.00305
-0.00302
-0.00299
-0.00295
-0.00292
-0.00288
-0.00284
-0.00279
-0.00275
-0.0027
-0.00265
-0.00259
-0.00253
-0.00247
-0.00241
-0.00234
-0.00228
-0.0022
-0.00213
-0.00205
-0.00198
-0.00191
-0.00183
-0.00175
-0.00168
-0.0016
-0.00152
-0.00145
-0.00137
-0.0013
-0.00122
-0.00115
-0.00109
-0.00102
-0.00096
-0.00089
-0.00083
-0.00077
-0.00072
-0.00067
-0.00062
-0.00058
-0.00053
-0.00049
-0.00045
-0.00041
-0.00037
-0.00033
-0.0003
-0.00026
-0.00023
-0.00019
-0.00016
-0.00013
-0.0001
-6e-05
-2e-05
1e-05
5e-05
8e-05
0.00012
0.00017
0.00021
0.00025
0.00029
0.00034
0.00038
0.00043
0.00047
0.00052
0.00057
0.00062
0.00066
0.00071
0.00076
0.0008
0.00085
0.00089
0.00094
0.00098
0.00102
0.00106
0.0011
0.00114
0.00118
0.00122
0.00125
0.00129
0.00132
0.00135
0.00138
0.00141
0.00144
0.00147
0.00149
0.00152
0.00154
0.00157
0.00159
0.00162
0.00164
0.00167
0.00168
0.00171
0.00173
0.00175
0.00176
0.00178
0.0018
0.00181
0.00183
0.00184
0.00185
0.00187
0.00188
0.00189
0.00189
0.0019
0.00191
0.00192
0.00193
0.00193
0.00194
0.00194
0.00195
0.00196
0.00197
0.00197
0.00198
0.00199
0.002
0.00201
0.00202
0.00203
0.00204
0.00206
0.00207
0.00208
0.0021
0.00211
0.00213
0.00215
0.00217
0.00219
0.0022
0.00222
0.00223
0.00225
0.00226
0.00228
0.00229
0.0023
0.00231
0.00232
0.00233
0.00233
0.00234
0.00234
0.00234
0.00235
0.00234
0.00234
0.00233
0.00233
0.00232
0.00231
0.0023
0.0023
0.00228
0.00227
0.00226
0.00225
0.00224
0.00223
0.00222
0.00221
0.0022
0.00219
0.00219
0.00218
0.00217
0.00217
0.00216
0.00216
0.00216
0.00216
0.00215
0.00215
0.00215
0.00215
0.00215
0.00215
0.00215
0.00215
0.00214
0.00214
0.00213
0.00213
0.00212
0.00211
0.0021
0.00208
0.00207
0.00205
0.00203
0.00201
0.00199
0.00197
0.00193
0.00191
0.00187
0.00184
0.0018
0.00177
0.00172
0.00169
0.00164
0.0016
0.00156
0.00151
0.00146
0.00141
0.00136
0.00132
0.00126
0.00121
0.00116
0.0011
0.00105
0.00099
0.00093
0.00087
0.00081
0.00074
0.00068
0.00061
0.00054
0.00047
0.0004
0.00033
0.00024
0.00016
8e-05
-0.0
-0.0001
-0.00019
-0.00028
-0.00037
-0.00048
-0.00058
-0.00068
-0.00079
-0.00089
-0.001
-0.00111
-0.00122
-0.00133
-0.00144
-0.00156
-0.00166
-0.00178
-0.00189
-0.002
-0.0021
-0.00222
-0.00232
-0.00243
-0.00253
-0.00263
-0.00273
-0.00282
-0.00292
-0.00301
-0.0031
-0.00319
-0.00327
-0.00336
-0.00344
-0.00353
-0.0036
-0.00368
-0.00376
-0.00383
-0.00391
-0.00398
-0.00405
-0.00412
-0.00419
-0.00426
-0.00433
-0.0044
-0.00446
-0.00453
-0.00459
-0.00465
-0.00471
-0.00477
-0.00482
-0.00487
-0.00493
-0.00497
-0.00501
-0.00505
-0.00508
-0.00512
-0.00514
-0.00516
-0.00517
-0.00519
-0.00519
-0.00519
-0.00518
-0.00517
-0.00516
-0.00513
-0.00511
-0.00507
-0.00503
-0.00498
-0.00493
-0.00488
-0.00481
-0.00475
-0.00468
-0.00461
-0.00453
-0.00445
-0.00436
-0.00428
-0.00419
-0.0041
-0.004
-0.00391
-0.00381
-0.00371
-0.0036
-0.00351
-0.0034
-0.0033
-0.00319
-0.00308
-0.00297
-0.00286
-0.00275
-0.00263
-0.00252
-0.0024
-0.00229
-0.00217
-0.00204
-0.00192
-0.00179
-0.00167
-0.00153
-0.00141
-0.00127
-0.00114
-0.001
-0.00087
-0.00073
-0.00059
-0.00045
-0.00032
-0.00018
-4e-05
0.0001
0.00023
0.00037
0.00049
0.00062
0.00075
0.00087
0.00098
0.0011
0.0012
0.00131
0.00141
0.0015
0.00159
0.00167
0.00175
0.00182
0.00189
0.00195
0.002
0.00205
0.00209
0.00214
0.00217
0.0022
0.00223
0.00226
0.00228
0.00229
0.00231
0.00232
0.00233
0.00235
0.00236
0.00237
0.00237
0.00238
0.00239
0.0024
0.00241
0.00242
0.00242
0.00244
0.00245
0.00246
0.00247
0.00248
0.00249
0.00251
0.00252
0.00254
0.00255
0.00256
0.00257
0.00259
0.00259
0.0026
0.00261
0.00262
0.00263
0.00263
0.00263
0.00263
0.00263
0.00263
0.00263
0.00263
0.00261
0.00261
0.00259
0.00259
0.00257
0.00255
0.00254
0.00252
0.0025
0.00248
0.00246
0.00243
0.00241
0.00239
0.00236
0.00234
0.0023
0.00228
0.00225
0.00222
0.00219
0.00215
0.00212
0.00209
0.00205
0.00201
0.00197
0.00193
0.00189
0.00185
0.0018
0.00176
0.00171
0.00167
0.00162
0.00157
0.00152
0.00147
0.00141
0.00137
0.00131
0.00126
0.00121
0.00116
0.00111
0.00106
0.00101
0.00097
0.00092
0.00088
0.00084
0.00081
0.00077
0.00074
0.00071
0.00069
0.00067
0.00066
0.00064
0.00064
0.00063
0.00064
0.00064
0.00065
0.00066
0.00068
0.0007
0.00073
0.00075
0.00078
0.00082
0.00086
0.0009
0.00094
0.00099
0.00103
0.00109
0.00114
0.00119
0.00125
0.00131
0.00137
0.00143
0.00149
0.00155
0.00162
0.00168
0.00175
0.00181
0.00188
0.00195
0.00201
0.00208
0.00215
0.00222
0.00228
0.00235
0.00241
0.00248
0.00255
0.0026
0.00267
0.00272
0.00278
0.00283
0.00289
0.00294
0.00298
0.00303
0.00307
0.0031
0.00314
0.00316
0.00319
0.00321
0.00324
0.00325
0.00326
0.00326
0.00327
0.00326
0.00325
0.00325
0.00323
0.00321
0.0032
0.00317
0.00315
0.00312
0.00309
0.00305
0.00302
0.00298
0.00294
0.0029
0.00286
0.00282
0.00277
0.00272
0.00268
0.00263
0.00258
0.00253
0.00249
0.00243
0.00238
0.00233
0.00228
0.00222
0.00217
0.00211
0.00206
0.00201
0.00195
0.00189
0.00184
0.00178
0.00173
0.00167
0.00162
0.00156
0.00151
0.00146
0.00141
0.00135
0.00131
0.00126
0.00122
0.00117
0.00113
0.00109
0.00105
0.00102
0.00099
0.00096
0.00093
0.0009
0.00088
0.00086
0.00085
0.00083
0.00082
0.0008
0.0008
0.00079
0.00078
0.00078
0.00078
0.00078
0.00078
0.00079
0.00079
0.00079
0.00081
0.00081
0.00082
0.00083
0.00085
0.00085
0.00087
0.00089
0.0009
0.00092
0.00094
0.00096
0.00098
0.001
0.00103
0.00105
0.00108
0.0011
0.00114
0.00116
0.0012
0.00122
0.00126
0.00129
0.00133
0.00136
0.00139
0.00142
0.00146
0.00149
0.00153
0.00155
0.00158
0.00161
0.00163
0.00165
0.00168
0.00169
0.00171
0.00172
0.00173
0.00173
0.00174
0.00174
0.00173
0.00173
0.00172
0.0017
0.00169
0.00166
0.00164
0.00161
0.00158
0.00155
0.00152
0.00148
0.00144
0.00139
0.00134
0.0013
0.00125
0.0012
0.00115
0.0011
0.00105
0.00099
0.00094
0.00088
0.00083
0.00077
0.00072
0.00066
0.00061
0.00055
0.00049
0.00044
0.00039
0.00034
0.00029
0.00023
0.00018
0.00013
8e-05
3e-05
-1e-05
-7e-05
-0.00011
-0.00016
-0.0002
-0.00025
-0.00029
-0.00034
-0.00038
-0.00042
-0.00046
-0.00051
-0.00055
-0.00059
-0.00063
-0.00067
-0.00071
-0.00075
-0.00078
-0.00082
-0.00086
-0.0009
-0.00094
-0.00097
-0.00101
-0.00104
-0.00107
-0.00111
-0.00114
-0.00117
-0.0012
-0.00124
-0.00126
-0.00129
-0.00132
-0.00135
-0.00137
-0.0014
-0.00143
-0.00145
-0.00147
-0.00149
-0.00151
-0.00154
-0.00156
-0.00158
-0.0016
-0.00162
-0.00164
-0.00166
-0.00167
-0.00169
-0.00171
-0.00173
-0.00174
-0.00176
-0.00177
-0.00179
-0.0018
-0.00182
-0.00182
-0.00184
-0.00185
-0.00187
-0.00187
-0.00189
-0.00189
-0.0019
-0.00191
-0.00192
-0.00193
-0.00193
-0.00193
-0.00194
-0.00194
-0.00194
-0.00194
-0.00194
-0.00193
-0.00193
-0.00192
-0.00191
-0.0019
-0.00189
-0.00188
-0.00186
-0.00185
-0.00182
-0.0018
-0.00178
-0.00175
-0.00173
-0.00169
-0.00166
-0.00163
-0.00159
-0.00155
-0.00151
-0.00147
-0.00143
-0.00138
-0.00133
-0.00129
-0.00123
-0.00118
-0.00113
-0.00107
-0.00102
-0.00096
-0.00091
-0.00085
-0.0008
-0.00074
-0.00068
-0.00062
-0.00057
-0.00051
-0.00045
-0.0004
-0.00034
-0.00028
-0.00023
-0.00017
-0.00012
-5e-05
0.0
7e-05
0.00012
0.00019
0.00024
0.00031
0.00038
0.00044
0.00051
0.00058
0.00066
0.00073
0.00081
0.00089
0.00097
0.00106
0.00114
0.00123
0.00132
0.00141
0.0015
0.0016
0.00169
0.00178
0.00187
0.00197
0.00206
0.00215
0.00224
0.00233
0.00241
0.0025
0.00258
0.00266
0.00273
0.0028
0.00286
0.00293
0.00299
0.00304
0.00309
0.00314
0.00318
0.00322
0.00325
0.00329
0.00331
0.00334
0.00335
0.00337
0.00338
0.0034
0.0034
0.00341
0.00342
0.00342
0.00342
0.00342
0.00342
0.00342
0.00342
0.00342
0.00341
0.00341
0.00341
0.00341
0.0034
0.0034
0.00339
0.0034
0.00339
0.00339
0.00338
0.00338
0.00338
0.00338
0.00337
0.00337
0.00336
0.00335
0.00334
0.00334
0.00332
0.00331
0.00329
0.00328
0.00326
0.00324
0.00321
0.00318
0.00316
0.00313
0.0031
0.00307
0.00302
0.00299
0.00295
0.00291
0.00286
0.00282
0.00277
0.00273
0.00268
0.00264
0.00259
0.00254
0.0025
0.00245
0.00241
0.00236
0.00231
0.00227
0.00223
0.00219
0.00215
0.00211
0.00207
0.00204
0.00201
0.00197
0.00194
0.00191
0.00189
0.00187
0.00184
0.00183
0.0018
0.00179
0.00177
0.00176
0.00174
0.00174
0.00173
0.00173
0.00172
0.00172
0.00172
0.00172
0.00173
0.00174
0.00175
0.00177
0.00179
0.00181
0.00184
0.00187
0.0019
0.00193
0.00197
0.00202
0.00206
0.00211
0.00216
0.00221
0.00227
0.00233
0.00239
0.00246
0.00252
0.00259
0.00266
0.00274
0.00281
0.00288
0.00295
0.00303
0.0031
0.00318
0.00325
0.00332
0.00339
0.00346
0.00353
0.0036
0.00366
0.00373
0.00379
0.00385
0.00391
0.00396
0.00401
0.00406
0.00411
0.00415
0.00419
0.00423
0.00426
0.0043
0.00432
0.00435
0.00437
0.00439
0.0044
0.00441
0.00441
0.00442
0.00441
0.00441
0.0044
0.00439
0.00437
0.00434
0.00432
0.00429
0.00426
0.00422
0.00417
0.00413
0.00408
0.00403
0.00397
0.00392
0.00385
0.00379
0.00372
0.00365
0.00358
0.00351
0.00343
0.00336
0.00328
0.00321
0.00312
0.00305
0.00296
0.00289
0.0028
0.00272
0.00263
0.00256
0.00247
0.00239
0.0023
0.00222
0.00214
0.00206
0.00197
0.00189
0.00181
0.00173
0.00165
0.00157
0.00149
0.00141
0.00133
0.00126
0.00118
0.00111
0.00103
0.00096
0.0009
0.00083
0.00077
0.00072
0.00066
0.00061
0.00056
0.00052
0.00047
0.00044
0.00041
0.00038
0.00036
0.00034
0.00032
0.00031
0.00031
0.00031
0.00031
0.00032
0.00032
0.00034
0.00035
0.00037
0.00038
0.00041
0.00043
0.00046
0.00048
0.00051
0.00054
0.00056
0.0006
0.00063
0.00066
0.00069
0.00071
0.00074
0.00077
0.0008
0.00082
0.00085
0.00087
0.0009
0.00091
0.00094
0.00096
0.00097
0.00099
0.00101
0.00103
0.00105
0.00106
0.00108
0.00109
0.0011
0.00111
0.00113
0.00113
0.00115
0.00115
0.00116
0.00116
0.00117
0.00117
0.00118
0.00118
0.00118
0.00118
0.00118
0.00118
0.00118
0.00118
0.00118
0.00117
0.00117
0.00116
0.00116
0.00115
0.00114
0.00114
0.00113
0.00113
0.00112
0.00111
0.00111
0.0011
0.0011
0.00109
0.00109
0.00109
0.00109
0.00109
0.00109
0.00109
0.00109
0.0011
0.0011
0.00111
0.00113
0.00113
0.00115
0.00116
0.00118
0.0012
0.00122
0.00124
0.00127
0.0013
0.00133
0.00136
0.0014
0.00144
0.00148
0.00152
0.00157
0.00161
0.00166
0.00171
0.00176
0.00181
0.00187
0.00192
0.00198
0.00203
0.00209
0.00214
0.0022
0.00225
0.00231
0.00236
0.00242
0.00246
0.00252
0.00256
0.00261
0.00265
0.00269
0.00273
0.00277
0.0028
0.00283
0.00286
0.00289
0.00291
0.00294
0.00295
0.00297
0.00298
0.003
0.003
0.00301
0.00301
0.00301
0.00301
0.00301
0.003
0.00299
0.00298
0.00296
0.00294
0.00292
0.00289
0.00287
0.00283
0.0028
0.00275
0.00271
0.00266
0.00261
0.00255
0.0025
0.00243
0.00237
0.0023
0.00222
0.00215
0.00207
0.00199
0.0019
0.00181
0.00173
0.00164
0.00155
0.00145
0.00136
0.00127
0.00118
0.00109
0.001
0.00091
0.00082
0.00074
0.00066
0.00058
0.0005
0.00042
0.00035
0.00028
0.00022
0.00015
9e-05
2e-05
-3e-05
-9e-05
-0.00015
-0.0002
-0.00025
-0.0003
-0.00035
-0.00039
-0.00044
-0.00049
-0.00053
-0.00057
-0.00061
-0.00066
-0.00069
-0.00073
-0.00077
-0.00081
-0.00084
-0.00087
-0.0009
-0.00093
-0.00095
-0.00097
-0.00098
-0.001
-0.00101
-0.00102
-0.00102
-0.00102
-0.00101
-0.00101
-0.00098
-0.00097
-0.00095
-0.00092
-0.00089
-0.00085
-0.00081
-0.00077
-0.00072
-0.00068
-0.00062
-0.00057
-0.0005
-0.00045
-0.00038
-0.00032
-0.00025
-0.00019
-0.00012
-6e-05
1e-05
8e-05
0.00015
0.00022
0.0003
0.00036
0.00044
0.00051
0.00059
0.00066
0.00074
0.00081
0.0009
0.00097
0.00105
0.00113
0.00121
0.0013
0.00139
0.00147
0.00156
0.00165
0.00174
0.00183
0.00193
0.00201
0.0021
0.00219
0.00229
0.00237
0.00246
0.00254
0.00262
0.0027
0.00278
0.00285
0.00292
0.00298
0.00304
0.0031
0.00315
0.00319
0.00324
0.00327
0.0033
0.00333
0.00334
0.00336
0.00337
0.00338
0.00338
0.00338
0.00338
0.00336
0.00335
0.00334
0.00333
0.00331
0.00329
0.00327
0.00326
0.00324
0.00322
0.0032
0.00318
0.00316
0.00314
0.00313
0.00312
0.0031
0.00309
0.00308
0.00307
0.00305
0.00305
0.00304
0.00303
0.00303
0.00302
0.00301
0.00301
0.003
0.003
0.00299
0.00299
0.00298
0.00297
0.00296
0.00296
0.00295
0.00294
0.00293
0.00293
0.00292
0.00291
0.0029
0.00289
0.00289
0.00288
0.00287
0.00287
0.00285
0.00285
0.00284
0.00284
0.00283
0.00282
0.00281
0.00281
0.0028
0.00279
0.00277
0.00276
0.00275
0.00273
0.00272
0.0027
0.00268
0.00266
0.00263
0.00261
0.00258
0.00255
0.00251
0.00248
0.00244
0.0024
0.00236
0.00232
0.00227
0.00223
0.00218
0.00214
0.00209
0.00204
0.002
0.00195
0.0019
0.00186
0.00181
0.00177
0.00173
0.00169
0.00165
0.00161
0.00158
0.00155
0.00152
0.00149
0.00145
0.00143
0.0014
0.00138
0.00136
0.00134
0.00131
0.0013
0.00127
0.00125
0.00123
0.00121
0.00118
0.00116
0.00114
0.00112
0.00109
0.00106
0.00103
0.00101
0.00098
0.00095
0.00091
0.00088
0.00085
0.00081
0.00077
0.00073
0.0007
0.00066
0.00062
0.00058
0.00054
0.0005
0.00046
0.00042
0.00038
0.00034
0.00029
0.00025
0.00021
0.00017
0.00012
8e-05
3e-05
-1e-05
-5e-05
-0.0001
-0.00015
-0.00019
-0.00024
-0.00029
-0.00034
-0.00039
-0.00045
-0.00049
-0.00055
-0.00061
-0.00066
-0.00072
-0.00078
-0.00084
-0.0009
-0.00095
-0.00102
-0.00108
-0.00114
-0.0012
-0.00126
-0.00132
-0.00138
-0.00144
-0.0015
-0.00156
-0.00162
-0.00168
-0.00173
-0.00179
-0.00184
-0.00189
-0.00195
-0.002
-0.00205
-0.0021
-0.00215
-0.00219
-0.00225
-0.00229
-0.00233
-0.00238
-0.00242
-0.00246
-0.0025
-0.00254
-0.00258
-0.00262
-0.00266
-0.0027
-0.00273
-0.00276
