1.85523537736969E+03

-0.00329
-0.00317
-0.00305
-0.00293
-0.00279
-0.00267
-0.00254
-0.00241
-0.00228
-0.00215
-0.00202
-0.00189
-0.00175
-0.00163
-0.00149
-0.00136
-0.00122
-0.0011
-0.00096
-0.00083
-0.0007
-0.00057
-0.00044
-0.00031
-0.00018
-5e-05
8e-05
0.00021
0.00034
0.00046
0.00059
0.00071
0.00084
0.00097
0.00109
0.00121
0.00134
0.00146
0.00159
0.00171
0.00182
0.00194
0.00206
0.00218
0.00229
0.0024
0.00251
0.00261
0.00271
0.0028
0.0029
0.00298
0.00307
0.00315
0.00322
0.00329
0.00335
0.00341
0.00347
0.00352
0.00356
0.00359
0.00363
0.00365
0.00368
0.00369
0.00371
0.00371
0.00372
0.00372
0.00371
0.0037
0.00369
0.00367
0.00365
0.00363
0.00361
0.00357
0.00354
0.00351
0.00347
0.00342
0.00338
0.00333
0.00328
0.00322
0.00316
0.0031
0.00304
0.00297
0.0029
0.00282
0.00275
0.00266
0.00259
0.0025
0.00241
0.00232
0.00222
0.00212
0.00203
0.00193
0.00183
0.00173
0.00163
0.00153
0.00144
0.00134
0.00125
0.00115
0.00106
0.00097
0.00089
0.0008
0.00072
0.00064
0.00057
0.0005
0.00043
0.00036
0.0003
0.00024
0.00019
0.00014
9e-05
4e-05
-0.0
-5e-05
-9e-05
-0.00013
-0.00017
-0.00021
-0.00024
-0.00028
-0.00031
-0.00035
-0.00039
-0.00042
-0.00046
-0.00049
-0.00052
-0.00057
-0.0006
-0.00063
-0.00067
-0.0007
-0.00073
-0.00077
-0.0008
-0.00083
-0.00086
-0.00089
-0.00092
-0.00094
-0.00097
-0.00099
-0.001
-0.00103
-0.00104
-0.00106
-0.00107
-0.00109
-0.0011
-0.00111
-0.00112
-0.00113
-0.00114
-0.00115
-0.00116
-0.00117
-0.00117
-0.00119
-0.00119
-0.00121
-0.00122
-0.00124
-0.00125
-0.00127
-0.00129
-0.00131
-0.00133
-0.00136
-0.00138
-0.00141
-0.00144
-0.00147
-0.0015
-0.00153
-0.00156
-0.0016
-0.00164
-0.00168
-0.00171
-0.00175
-0.00178
-0.00182
-0.00185
-0.00188
-0.00192
-0.00195
-0.00198
-0.00201
-0.00204
-0.00206
-0.00209
-0.00212
-0.00213
-0.00216
-0.00217
-0.00219
-0.00221
-0.00222
-0.00223
-0.00224
-0.00225
-0.00226
-0.00227
-0.00227
-0.00227
-0.00227
-0.00227
-0.00228
-0.00227
-0.00227
-0.00226
-0.00226
-0.00225
-0.00225
-0.00224
-0.00223
-0.00222
-0.00221
-0.0022
-0.00219
-0.00218
-0.00216
-0.00214
-0.00213
-0.00212
-0.0021
-0.00208
-0.00207
-0.00204
-0.00203
-0.002
-0.00199
-0.00197
-0.00195
-0.00193
-0.00191
-0.00188
-0.00186
-0.00184
-0.00182
-0.0018
-0.00178
-0.00175
-0.00173
-0.00171
-0.00169
-0.00167
-0.00165
-0.00163
-0.00161
-0.00159
-0.00157
-0.00155
-0.00153
-0.00151
-0.00149
-0.00147
-0.00145
-0.00142
-0.0014
-0.00138
-0.00136
-0.00133
-0.00131
-0.00129
-0.00127
-0.00124
-0.00121
-0.00118
-0.00116
-0.00112
-0.0011
-0.00106
-0.00103
-0.001
-0.00096
-0.00093
-0.00089
-0.00085
-0.00081
-0.00077
-0.00072
-0.00068
-0.00063
-0.00058
-0.00053
-0.00048
-0.00043
-0.00037
-0.00032
-0.00026
-0.00021
-0.00015
-9e-05
-2e-05
3e-05
9e-05
0.00015
0.00021
0.00028
0.00034
0.00039
0.00046
0.00051
0.00056
0.00061
0.00067
0.00071
0.00076
0.0008
0.00084
0.00087
0.0009
0.00093
0.00096
0.00098
0.001
0.00101
0.00103
0.00103
0.00104
0.00104
0.00104
0.00103
0.00103
0.00102
0.00102
0.001
0.00099
0.00098
0.00096
0.00095
0.00094
0.00092
0.00091
0.00089
0.00087
0.00086
0.00085
0.00083
0.00081
0.00079
0.00078
0.00077
0.00075
0.00074
0.00072
0.0007
0.00069
0.00067
0.00065
0.00063
0.00061
0.00059
0.00057
0.00055
0.00053
0.0005
0.00048
0.00046
0.00043
0.00041
0.00038
0.00036
0.00034
0.00032
0.0003
0.00027
0.00026
0.00024
0.00023
0.00021
0.0002
0.00019
0.00018
0.00018
0.00017
0.00017
0.00017
0.00017
0.00018
0.00019
0.0002
0.0002
0.00022
0.00023
0.00025
0.00026
0.00028
0.0003
0.00032
0.00033
0.00035
0.00037
0.00039
0.00041
0.00043
0.00045
0.00047
0.00048
0.0005
0.00051
0.00053
0.00054
0.00056
0.00056
0.00058
0.00059
0.00059
0.0006
0.0006
0.00061
0.00061
0.00061
0.00062
0.00061
0.00061
0.0006
0.0006
0.00059
0.00059
0.00057
0.00057
0.00056
0.00054
0.00053
0.00051
0.0005
0.00049
0.00047
0.00046
0.00044
0.00043
0.00041
0.0004
0.00039
0.00038
0.00037
0.00037
0.00036
0.00035
0.00035
0.00035
0.00035
0.00036
0.00036
0.00038
0.00038
0.0004
0.00041
0.00043
0.00045
0.00047
0.00049
0.00052
0.00054
0.00056
0.00059
0.00061
0.00064
0.00067
0.00069
0.00073
0.00075
0.00078
0.0008
0.00083
0.00085
0.00087
0.00089
0.00092
0.00094
0.00096
0.00097
0.00099
0.001
0.00102
0.00103
0.00104
0.00104
0.00105
0.00105
0.00106
0.00106
0.00106
0.00106
0.00106
0.00105
0.00104
0.00103
0.00102
0.00101
0.001
0.00099
0.00098
0.00095
0.00094
0.00092
0.0009
0.00088
0.00086
0.00084
0.00082
0.00079
0.00077
0.00075
0.00072
0.0007
0.00068
0.00066
0.00064
0.00061
0.00059
0.00057
0.00055
0.00053
0.00051
0.00049
0.00047
0.00045
0.00043
0.00041
0.00039
0.00037
0.00035
0.00034
0.00032
0.00029
0.00028
0.00025
0.00023
0.00021
0.00019
0.00016
0.00014
0.00011
9e-05
6e-05
3e-05
0.0
-2e-05
-5e-05
-8e-05
-0.00011
-0.00014
-0.00017
-0.00019
-0.00022
-0.00025
-0.00028
-0.0003
-0.00033
-0.00036
-0.00038
-0.00041
-0.00043
-0.00045
-0.00047
-0.00049
-0.00051
-0.00052
-0.00054
-0.00055
-0.00057
-0.00057
-0.00059
-0.00059
-0.00059
-0.00059
-0.00059
-0.00059
-0.00059
-0.00058
-0.00057
-0.00055
-0.00054
-0.00052
-0.0005
-0.00048
-0.00046
-0.00043
-0.00041
-0.00037
-0.00035
-0.00031
-0.00028
-0.00025
-0.00021
-0.00017
-0.00014
-0.0001
-6e-05
-2e-05
1e-05
5e-05
8e-05
0.00012
0.00015
0.00018
0.00021
0.00024
0.00026
0.00029
0.00031
0.00033
0.00035
0.00037
0.00038
0.00039
0.0004
0.00041
0.00041
0.00042
0.00041
0.00042
0.00041
0.0004
0.0004
0.00038
0.00037
0.00036
0.00035
0.00033
0.00031
0.00029
0.00027
0.00025
0.00022
0.00019
0.00016
0.00014
0.0001
7e-05
3e-05
-0.0
-4e-05
-7e-05
-0.00011
-0.00015
-0.00019
-0.00022
-0.00026
-0.0003
-0.00034
-0.00037
-0.00041
-0.00045
-0.00048
-0.00052
-0.00055
-0.00058
-0.00061
-0.00063
-0.00065
-0.00067
-0.00069
-0.0007
-0.00072
-0.00072
-0.00073
-0.00073
-0.00073
-0.00072
-0.00072
-0.00071
-0.0007
-0.00068
-0.00066
-0.00063
-0.00061
-0.00058
-0.00055
-0.00051
-0.00047
-0.00043
-0.00039
-0.00035
-0.00031
-0.00025
-0.00021
-0.00016
-0.00011
-6e-05
-1e-05
5e-05
0.0001
0.00016
0.00021
0.00026
0.00031
0.00037
0.00042
0.00047
0.00052
0.00057
0.00062
0.00066
0.00071
0.00075
0.0008
0.00084
0.00088
0.00093
0.00096
0.001
0.00104
0.00108
0.00111
0.00115
0.00118
0.00121
0.00125
0.00128
0.00131
0.00134
0.00137
0.0014
0.00144
0.00147
0.00149
0.00153
0.00156
0.00159
0.00161
0.00164
0.00166
0.00169
0.00171
0.00173
0.00175
0.00177
0.00179
0.0018
0.00181
0.00182
0.00182
0.00183
0.00182
0.00182
0.00181
0.00181
0.00179
0.00178
0.00176
0.00174
0.00172
0.00169
0.00167
0.00164
0.00162
0.00159
0.00156
0.00153
0.0015
0.00147
0.00144
0.00141
0.00138
0.00136
0.00133
0.00131
0.00129
0.00127
0.00125
0.00124
0.00122
0.00121
0.0012
0.00119
0.00118
0.00118
0.00117
0.00117
0.00117
0.00118
0.00118
0.00118
0.00119
0.0012
0.00121
0.00122
0.00124
0.00126
0.00127
0.0013
0.00132
0.00136
0.00139
0.00143
0.00148
0.00153
0.00158
0.00165
0.00172
0.00179
0.00188
0.00197
0.00207
0.00219
0.0023
0.00244
0.00257
0.00273
0.00288
0.00306
0.00323
0.00343
0.00363
0.00384
0.00406
0.0043
0.00454
0.00479
0.00505
0.00532
0.0056
0.00589
0.00618
0.00648
0.00678
0.0071
0.00741
0.00774
0.00806
0.0084
0.00873
0.00907
0.00941
0.00975
0.01009
0.01044
0.01078
0.01113
0.01147
0.01182
0.01216
0.01251
0.01285
0.0132
0.01354
0.01388
0.01422
0.01455
0.01489
0.01522
0.01556
0.01589
0.01621
0.01653
0.01685
0.01717
0.01749
0.0178
0.0181
0.01841
0.01871
0.019
0.01929
0.01958
0.01986
0.02014
0.02041
0.02068
0.02094
0.02119
0.02144
0.02168
0.02191
0.02214
0.02236
0.02258
0.02278
0.02298
0.02318
0.02336
0.02354
0.02371
0.02387
0.02403
0.02417
0.02431
0.02444
0.02456
0.02467
0.02478
0.02488
0.02497
0.02506
0.02513
0.0252
0.02526
0.02531
0.02536
0.02539
0.02542
0.02544
0.02546
0.02546
0.02546
0.02545
0.02544
0.02541
0.02538
0.02534
0.0253
0.02524
0.02518
0.02512
0.02505
0.02497
0.02489
0.0248
0.02471
0.02461
0.02451
0.0244
0.02429
0.02418
0.02406
0.02394
0.02382
0.0237
0.02357
0.02344
0.02331
0.02318
0.02305
0.02292
0.02279
0.02265
0.02252
0.02238
0.02224
0.0221
0.02197
0.02183
0.02169
0.02155
0.0214
0.02126
0.02112
0.02097
0.02082
0.02067
0.02052
0.02037
0.02021
0.02005
0.0199
0.01974
0.01958
0.01942
0.01926
0.01909
0.01893
0.01876
0.0186
0.01844
0.01828
0.01811
0.01795
0.01779
0.01763
0.01747
0.01732
0.01716
0.01701
0.01686
0.01671
0.01657
0.01642
0.01628
0.01615
0.01601
0.01588
0.01574
0.01562
0.01549
0.01537
0.01524
0.01512
0.015
0.01488
0.01477
0.01465
0.01454
0.01442
0.01431
0.0142
0.0141
0.01399
0.01389
0.01379
0.01369
0.01359
0.01349
0.0134
0.01331
0.01323
0.01315
0.01307
0.013
0.01292
0.01286
0.01279
0.01274
0.01268
0.01263
0.01259
0.01254
0.01251
0.01247
0.01244
0.01241
0.01239
0.01237
0.01235
0.01233
0.01231
0.0123
0.01229
0.01228
0.01226
0.01225
0.01224
0.01222
0.01221
0.01219
0.01217
0.01214
0.01212
0.01209
0.01206
0.01203
0.01199
0.01195
0.01191
0.01186
0.01181
0.01176
0.0117
0.01164
0.01158
0.01151
0.01144
0.01137
0.01129
0.01122
0.01114
0.01105
0.01097
0.01088
0.01079
0.0107
0.01061
0.01052
0.01042
0.01032
0.01023
0.01013
0.01003
0.00992
0.00983
0.00972
0.00961
0.00951
0.0094
0.00929
0.00918
0.00907
0.00897
0.00885
0.00874
0.00863
0.00852
0.0084
0.00829
0.00818
0.00807
0.00796
0.00785
0.00774
0.00763
0.00752
0.00742
0.00732
0.00722
0.00711
0.00702
0.00693
0.00684
0.00675
0.00666
0.00658
0.0065
0.00642
0.00635
0.00628
0.00621
0.00615
0.00608
0.00603
0.00597
0.00591
0.00586
0.0058
0.00575
0.0057
0.00565
0.0056
0.00555
0.0055
0.00545
0.0054
0.00535
0.0053
0.00525
0.0052
0.00515
0.0051
0.00505
0.00499
0.00494
0.00489
0.00484
0.00478
0.00474
0.00468
0.00464
0.00459
0.00454
0.0045
0.00446
0.00442
0.00439
0.00435
0.00432
0.0043
0.00427
0.00425
0.00423
0.00421
0.0042
0.00418
0.00417
0.00416
0.00415
0.00415
0.00414
0.00414
0.00413
0.00412
0.00412
0.0041
0.0041
0.00408
0.00407
0.00405
0.00403
0.00401
0.00398
0.00396
0.00392
0.00389
0.00386
0.00382
0.00379
0.00374
0.0037
0.00365
0.00361
0.00356
0.00352
0.00347
0.00343
0.00338
0.00334
0.00329
0.00325
0.00321
0.00318
0.00315
0.00312
0.00309
0.00307
0.00305
0.00304
0.00303
0.00302
0.00302
0.00303
0.00303
0.00304
0.00306
0.00308
0.00311
0.00314
0.00317
0.00321
0.00325
0.0033
0.00334
0.0034
0.00345
0.00352
0.00357
0.00364
0.00371
0.00378
0.00385
0.00392
0.004
0.00408
0.00415
0.00423
0.00431
0.00439
0.00447
0.00456
0.00464
0.00472
0.0048
0.00488
0.00496
0.00505
0.00513
0.00521
0.00529
0.00537
0.00545
0.00553
0.00561
0.00569
0.00577
0.00585
0.00593
0.00601
0.00609
0.00617
0.00625
0.00633
0.00641
0.00649
0.00657
0.00666
0.00674
0.00682
0.0069
0.00698
0.00705
0.00713
0.0072
0.00728
0.00735
0.00742
0.00748
0.00754
0.0076
0.00765
0.0077
0.00774
0.00778
0.00781
0.00784
0.00786
0.00788
0.00789
0.00789
0.00788
0.00787
0.00786
0.00783
0.0078
0.00776
0.00772
0.00767
0.00762
0.00756
0.0075
0.00742
0.00735
0.00726
0.00718
0.00708
0.00698
0.00687
0.00677
0.00665
0.00653
0.00641
0.00627
0.00614
0.006
0.00585
0.0057
0.00554
0.00538
0.00521
0.00503
0.00484
0.00466
0.00446
0.00426
0.00405
0.00384
0.00362
0.00339
0.00316
0.00293
0.00269
0.00245
0.0022
0.00195
0.0017
0.00145
0.00119
0.00095
0.00069
0.00044
0.00019
-5e-05
-0.00029
-0.00053
-0.00076
-0.00098
-0.0012
-0.00141
-0.00162
-0.00181
-0.002
-0.00217
-0.00235
-0.0025
-0.00266
-0.00279
-0.00293
-0.00305
-0.00316
-0.00327
-0.00337
-0.00345
-0.00353
-0.0036
-0.00367
-0.00373
-0.00378
-0.00383
-0.00387
-0.0039
-0.00394
-0.00396
-0.00398
-0.004
-0.00402
-0.00403
-0.00403
-0.00404
-0.00404
-0.00403
-0.00404
-0.00403
-0.00402
-0.004
-0.00399
-0.00397
-0.00395
-0.00393
-0.0039
-0.00387
-0.00384
-0.00381
-0.00377
-0.00373
-0.00369
-0.00364
-0.0036
-0.00355
-0.0035
-0.00344
-0.00339
-0.00333
-0.00328
-0.00322
-0.00316
-0.0031
-0.00304
-0.00298
-0.00292
-0.00286
-0.00279
-0.00273
-0.00267
-0.00261
-0.00255
-0.00249
-0.00244
-0.00237
-0.00232
-0.00226
-0.00221
-0.00216
-0.0021
-0.00205
-0.002
-0.00195
-0.0019
-0.00185
-0.00181
-0.00176
-0.00172
-0.00167
-0.00163
-0.00159
-0.00155
-0.0015
-0.00146
-0.00143
-0.00139
-0.00135
-0.00131
-0.00127
-0.00124
-0.0012
-0.00117
-0.00113
-0.0011
-0.00106
-0.00103
-0.00099
-0.00097
-0.00093
-0.0009
-0.00086
-0.00083
-0.0008
-0.00076
-0.00072
-0.00068
-0.00064
-0.00061
-0.00057
-0.00053
-0.00048
-0.00045
-0.0004
-0.00036
-0.00031
-0.00027
-0.00022
-0.00018
-0.00013
-8e-05
-3e-05
2e-05
7e-05
0.00011
0.00016
0.00021
0.00026
0.0003
0.00034
0.00038
0.00043
0.00047
0.00051
0.00055
0.00058
0.00062
0.00065
0.00069
0.00072
0.00075
0.00078
0.0008
0.00083
0.00086
0.00088
0.0009
0.00093
0.00095
0.00097
0.00099
0.00101
0.00104
0.00106
0.00108
0.0011
0.00112
0.00114
0.00116
0.00118
0.0012
0.00122
0.00124
0.00127
0.00128
0.0013
0.00132
0.00134
0.00135
0.00137
0.00139
0.0014
0.00141
0.00143
0.00144
0.00145
0.00145
0.00146
0.00146
0.00147
0.00147
0.00147
0.00146
0.00146
0.00145
0.00145
0.00144
0.00144
0.00142
0.00141
0.0014
0.00139
0.00137
0.00136
0.00134
0.00133
0.00131
0.0013
0.00128
0.00126
0.00125
0.00123
0.00121
0.0012
0.00118
0.00116
0.00114
0.00113
0.00111
0.0011
0.00108
0.00107
0.00105
0.00103
0.00101
0.00099
0.00098
0.00096
0.00094
0.00093
0.0009
0.00089
0.00087
0.00085
0.00083
0.00081
0.00079
0.00078
0.00076
0.00074
0.00072
0.0007
0.00068
0.00067
0.00065
0.00064
0.00061
0.0006
0.00059
0.00058
0.00056
0.00055
0.00053
0.00053
0.00052
0.00051
0.0005
0.00049
0.00048
0.00048
0.00047
0.00047
0.00047
0.00047
0.00046
0.00047
0.00046
0.00046
0.00046
0.00046
0.00046
0.00046
0.00047
0.00047
0.00047
0.00047
0.00048
0.00049
0.00049
0.0005
0.0005
0.00051
0.00052
0.00053
0.00053
0.00055
0.00056
0.00057
0.00058
0.00059
0.00061
0.00062
0.00064
0.00066
0.00067
0.00069
0.00071
0.00073
0.00075
0.00077
0.00078
0.00081
0.00083
0.00085
0.00087
0.00089
0.00091
0.00093
0.00095
0.00097
0.00098
0.00101
0.00102
0.00104
0.00105
0.00107
0.00108
0.00109
0.0011
0.00111
0.00112
0.00112
0.00113
0.00113
0.00113
0.00113
0.00113
0.00113
0.00112
0.00112
0.00111
0.0011
0.00109
0.00108
0.00107
0.00106
0.00104
0.00103
0.00101
0.001
0.00098
0.00097
0.00095
0.00093
0.00091
0.0009
0.00088
0.00086
0.00083
0.00082
0.0008
0.00078
0.00075
0.00073
0.0007
0.00068
0.00065
0.00062
0.00059
0.00056
0.00052
0.00049
0.00045
0.00042
0.00037
0.00034
0.00029
0.00025
0.0002
0.00015
0.0001
5e-05
-0.0
-5e-05
-0.00011
-0.00016
-0.00022
-0.00027
-0.00032
-0.00037
-0.00042
-0.00047
-0.00052
-0.00056
-0.00061
-0.00065
-0.00069
-0.00072
-0.00075
-0.00078
-0.00081
-0.00083
-0.00085
-0.00086
-0.00088
-0.00089
-0.0009
-0.00089
-0.00089
-0.00089
-0.00088
-0.00087
-0.00086
-0.00084
-0.00082
-0.0008
-0.00077
-0.00074
-0.00072
-0.00068
-0.00065
-0.00061
-0.00058
-0.00053
-0.00049
-0.00045
-0.00041
-0.00036
-0.00031
-0.00026
-0.00021
-0.00015
-0.00011
-5e-05
0.0
6e-05
0.00011
0.00017
0.00022
0.00028
0.00033
0.00038
0.00043
0.00049
0.00054
0.00059
0.00063
0.00068
0.00072
0.00077
0.0008
0.00084
0.00087
0.00091
0.00094
0.00097
0.001
0.00103
0.00105
0.00107
0.00109
0.00111
0.00113
0.00115
0.00117
0.00119
0.0012
0.00122
0.00123
0.00125
0.00126
0.00128
0.00129
0.0013
0.00132
0.00133
0.00135
0.00136
0.00137
0.00139
0.0014
0.00141
0.00142
0.00143
0.00144
0.00145
0.00145
0.00146
0.00146
0.00146
0.00146
0.00146
0.00146
0.00145
0.00144
0.00144
0.00142
0.00142
0.0014
0.00139
0.00137
0.00136
0.00134
0.00132
0.0013
0.00128
0.00127
0.00124
0.00122
0.00121
0.00119
0.00117
0.00115
0.00114
0.00112
0.00111
0.00109
0.00108
0.00107
0.00106
0.00105
0.00105
0.00104
0.00104
0.00104
0.00105
0.00105
0.00106
0.00106
0.00107
0.00108
0.0011
0.00111
0.00113
0.00115
0.00118
0.0012
0.00123
0.00126
0.00129
0.00132
0.00136
0.0014
0.00144
0.00147
0.00152
0.00156
0.0016
0.00164
0.00169
0.00173
0.00178
0.00183
0.00187
0.00192
0.00197
0.00201
0.00206
0.0021
0.00215
0.00219
0.00224
0.00228
0.00233
0.00237
0.00241
0.00245
0.00249
0.00253
0.00257
0.00261
0.00264
0.00268
0.00272
0.00276
0.0028
0.00283
0.00287
0.0029
0.00294
0.00297
0.003
0.00303
0.00306
0.00309
0.00311
0.00313
0.00316
0.00318
0.00319
0.00321
0.00322
0.00322
0.00323
0.00323
0.00323
0.00322
0.00321
0.0032
0.00319
0.00316
0.00314
0.00311
0.00308
0.00304
0.00301
0.00297
0.00293
0.00287
0.00283
0.00278
0.00273
0.00267
0.00262
0.00256
0.00251
0.00246
0.0024
0.00235
0.00229
0.00224
0.00219
0.00214
0.00209
0.00203
0.00199
0.00194
0.0019
0.00186
0.00182
0.00178
0.00175
0.00171
0.00168
0.00165
0.00162
0.00159
0.00156
0.00154
0.00152
0.00149
0.00148
0.00146
0.00145
0.00143
0.00142
0.0014
0.0014
0.00139
0.00139
0.00138
0.00138
0.00138
0.00138
0.00138
0.00139
0.00139
0.0014
0.00141
0.00142
0.00143
0.00145
0.00146
0.00148
0.00149
0.00151
0.00153
0.00155
0.00157
0.00158
0.0016
0.00162
0.00163
0.00166
0.00167
0.00168
0.00169
0.0017
0.00171
0.00172
0.00172
0.00172
0.00172
0.00171
0.0017
0.00169
0.00168
0.00166
0.00164
0.00162
0.00159
0.00157
0.00153
0.00149
0.00145
0.00142
0.00137
0.00132
0.00127
0.00122
0.00116
0.00111
0.00105
0.00099
0.00092
0.00087
0.0008
0.00074
0.00066
0.0006
0.00053
0.00047
0.0004
0.00033
0.00026
0.00019
0.00013
6e-05
0.0
-6e-05
-0.00012
-0.00018
-0.00024
-0.00029
-0.00035
-0.0004
-0.00045
-0.00049
-0.00054
-0.00058
-0.00062
-0.00066
-0.00069
-0.00072
-0.00075
-0.00078
-0.00081
-0.00083
-0.00085
-0.00086
-0.00088
-0.00089
-0.00091
-0.00091
-0.00093
-0.00093
-0.00094
-0.00094
-0.00094
-0.00094
-0.00094
-0.00093
-0.00093
-0.00092
-0.00092
-0.0009
-0.0009
-0.00089
-0.00088
-0.00086
-0.00085
-0.00084
-0.00082
-0.00081
-0.00079
-0.00077
-0.00075
-0.00073
-0.00072
-0.0007
-0.00068
-0.00066
-0.00065
-0.00063
-0.00062
-0.0006
-0.00059
-0.00058
-0.00058
-0.00057
-0.00056
-0.00056
-0.00056
-0.00056
-0.00057
-0.00057
-0.00059
-0.0006
-0.00062
-0.00064
-0.00067
-0.00069
-0.00072
-0.00075
-0.00079
-0.00083
-0.00087
-0.00092
-0.00096
-0.00101
-0.00107
-0.00112
-0.00118
-0.00124
-0.0013
-0.00136
-0.00143
-0.00149
-0.00156
-0.00162
-0.00169
-0.00177
-0.00183
-0.0019
-0.00197
-0.00204
-0.00212
-0.00219
-0.00226
-0.00233
-0.00241
-0.00248
-0.00256
-0.00262
-0.0027
-0.00277
-0.00285
-0.00292
-0.00299
-0.00306
-0.00313
-0.00319
-0.00326
-0.00332
-0.00339
-0.00345
-0.00351
-0.00357
-0.00363
-0.00367
-0.00372
-0.00377
-0.00381
-0.00385
-0.00389
-0.00392
-0.00395
-0.00397
-0.00399
-0.004
-0.00401
-0.00402
-0.00402
-0.00401
-0.00401
-0.00399
-0.00397
-0.00395
-0.00393
-0.0039
-0.00386
-0.00382
-0.00378
-0.00372
-0.00368
-0.00362
-0.00357
-0.0035
-0.00344
-0.00337
-0.00331
-0.00323
-0.00316
-0.00308
-0.00301
-0.00293
-0.00284
-0.00276
-0.00268
-0.00259
-0.0025
-0.00241
-0.00233
-0.00223
-0.00214
-0.00205
-0.00196
-0.00186
-0.00177
-0.00168
-0.00159
-0.00149
-0.0014
-0.0013
-0.0012
-0.00111
-0.00102
-0.00092
-0.00083
-0.00073
-0.00064
-0.00055
-0.00046
-0.00037
-0.00028
-0.0002
-0.00011
-3e-05
5e-05
0.00013
0.00021
0.00029
0.00035
0.00043
0.00049
0.00056
0.00062
0.00068
0.00073
0.00079
0.00084
0.00088
0.00093
0.00097
0.00101
0.00105
0.00109
0.00112
0.00115
0.00118
0.00121
0.00124
0.00126
0.00129
0.00131
0.00133
0.00135
0.00137
0.00139
0.0014
0.00142
0.00144
0.00145
0.00147
0.00148
0.00149
0.0015
0.00151
0.00152
0.00153
0.00153
0.00153
0.00153
0.00153
0.00152
0.00152
0.00151
0.0015
0.00149
0.00148
0.00145
0.00144
0.00141
0.0014
0.00137
0.00135
0.00132
0.0013
0.00127
0.00125
0.00123
0.0012
0.00119
0.00117
0.00115
0.00114
0.00113
0.00112
0.00112
0.00112
0.00112
0.00113
0.00114
0.00116
0.00117
0.00119
0.00122
0.00125
0.00128
0.00131
0.00135
0.00139
0.00143
0.00148
0.00152
0.00157
0.00161
0.00166
0.00171
0.00176
0.0018
0.00185
0.00189
0.00194
0.00199
0.00203
0.00208
0.00212
0.00216
0.0022
0.00224
0.00228
0.00232
0.00236
0.00239
0.00244
0.00247
0.00251
0.00255
0.00258
0.00262
0.00265
0.00269
0.00273
0.00276
0.0028
0.00283
0.00286
0.00289
0.00292
0.00294
0.00298
0.003
0.00302
0.00304
0.00305
0.00307
0.00308
0.00308
0.00309
0.00308
0.00308
0.00308
0.00307
0.00305
0.00303
0.00301
0.00299
0.00296
0.00293
0.00289
0.00285
0.00281
0.00277
0.00273
0.00269
0.00263
0.00259
0.00254
0.00249
0.00244
0.00239
0.00234
0.00229
0.00224
0.00219
0.00214
0.00209
0.00205
0.002
0.00196
0.00192
0.00187
0.00183
0.00179
0.00175
0.00171
0.00168
0.00164
0.00161
0.00157
0.00154
0.00151
0.00147
0.00144
0.00141
0.00138
0.00136
0.00132
0.0013
0.00127
0.00124
0.00121
0.00118
0.00115
0.00113
0.0011
0.00107
0.00104
0.00101
0.00099
0.00096
0.00094
0.00091
0.00088
0.00086
0.00084
0.00082
0.00079
0.00077
0.00074
0.00073
0.00071
0.00069
0.00067
0.00065
0.00063
0.00061
0.00059
0.00057
0.00055
0.00053
0.00051
0.00049
0.00047
0.00045
0.00042
0.0004
0.00037
0.00034
0.00031
0.00028
0.00024
0.00021
0.00017
0.00013
8e-05
4e-05
-1e-05
-6e-05
-0.00011
-0.00016
-0.00022
-0.00027
-0.00033
-0.00039
-0.00045
-0.00051
-0.00057
-0.00063
-0.00069
-0.00075
-0.00081
-0.00087
-0.00093
-0.00098
-0.00104
-0.00109
-0.00114
-0.00118
-0.00123
-0.00128
-0.00132
-0.00136
-0.00139
-0.00142
-0.00145
-0.00147
-0.00149
-0.00151
-0.00152
-0.00153
-0.00154
-0.00154
-0.00154
-0.00153
-0.00152
-0.00151
-0.00149
-0.00148
-0.00145
-0.00143
-0.0014
-0.00136
-0.00133
-0.00129
-0.00125
-0.00121
-0.00117
-0.00112
-0.00108
-0.00102
-0.00098
-0.00093
-0.00088
-0.00083
-0.00077
-0.00072
-0.00067
-0.00062
-0.00058
-0.00052
-0.00048
-0.00043
-0.00039
-0.00034
-0.00031
-0.00026
-0.00022
-0.00018
-0.00015
-0.00011
-8e-05
-4e-05
-1e-05
3e-05
5e-05
9e-05
0.00012
0.00016
0.00018
0.00022
0.00025
0.00029
0.00032
0.00036
0.00039
0.00043
0.00046
0.0005
0.00054
0.00058
0.00061
0.00065
0.00069
0.00073
0.00076
0.00079
0.00082
0.00086
0.00088
0.00091
0.00093
0.00095
0.00097
0.00099
0.001
0.00102
0.00102
0.00103
0.00103
0.00103
0.00102
0.00102
0.00101
0.001
0.00099
0.00097
0.00096
0.00094
0.00092
0.0009
0.00088
0.00086
0.00084
0.00082
0.0008
0.00078
0.00076
0.00074
0.00071
0.0007
0.00068
0.00066
0.00064
0.00062
0.00061
0.00059
0.00058
0.00056
0.00054
0.00053
0.00051
0.0005
0.00048
0.00047
0.00045
0.00045
0.00043
0.00042
0.0004
0.00039
0.00038
0.00037
0.00036
0.00036
0.00034
0.00034
0.00033
0.00033
0.00032
0.00033
0.00032
0.00033
0.00033
0.00033
0.00034
0.00034
0.00035
0.00036
0.00037
0.00038
0.00039
0.0004
0.00042
0.00043
0.00044
0.00046
0.00047
0.0005
0.00051
0.00053
0.00055
0.00057
0.00059
0.00062
0.00064
0.00067
0.00069
0.00073
0.00075
0.00079
0.00082
0.00086
0.0009
0.00095
0.00099
0.00104
0.00108
0.00113
0.00119
0.00124
0.0013
0.00136
0.00142
0.00148
0.00154
0.0016
0.00166
0.00173
0.00178
0.00185
0.0019
0.00196
0.00201
0.00206
0.00211
0.00216
0.0022
0.00224
0.00227
0.0023
0.00233
0.00236
0.00237
0.00239
0.00239
0.00241
0.00241
0.0024
0.0024
0.00239
0.00237
0.00236
0.00234
0.00232
0.00229
0.00227
0.00224
0.00221
0.00217
0.00214
0.0021
0.00206
0.00202
0.00198
0.00193
0.00189
0.00184
0.0018
0.00175
0.0017
0.00164
0.00159
0.00153
0.00148
0.00142
0.00137
0.00131
0.00125
0.00119
0.00113
0.00107
0.001
0.00094
0.00088
0.00082
0.00076
0.00069
0.00064
0.00057
0.00052
0.00045
0.00039
0.00033
0.00028
0.00022
0.00017
0.00012
6e-05
2e-05
-3e-05
-8e-05
-0.00012
-0.00016
-0.0002
-0.00024
-0.00027
-0.00031
-0.00034
-0.00037
-0.0004
-0.00043
-0.00045
-0.00047
-0.0005
-0.00051
-0.00053
-0.00054
-0.00056
-0.00057
-0.00058
-0.00059
-0.00059
-0.0006
-0.0006
-0.0006
-0.0006
-0.0006
-0.00059
-0.00059
-0.00058
-0.00057
-0.00055
-0.00054
-0.00052
-0.0005
-0.00048
-0.00046
-0.00043
-0.0004
-0.00037
-0.00034
-0.00031
-0.00027
-0.00024
-0.0002
-0.00016
-0.00012
-8e-05
-3e-05
1e-05
5e-05
0.0001
0.00014
0.00019
0.00023
0.00027
0.00031
0.00035
0.00039
0.00043
0.00046
0.00049
0.00053
0.00056
0.00058
0.00061
0.00063
0.00065
0.00066
0.00068
0.00069
0.00069
0.00069
0.0007
0.00069
0.00069
0.00068
0.00067
0.00065
0.00064
0.00062
0.0006
0.00057
0.00055
0.00052
0.0005
0.00046
0.00043
0.00039
0.00036
0.00032
0.00029
0.00025
0.00021
0.00016
0.00012
8e-05
4e-05
-1e-05
-4e-05
-9e-05
-0.00013
-0.00018
-0.00022
-0.00027
-0.0003
-0.00035
-0.00039
-0.00043
-0.00047
-0.00051
-0.00055
-0.00059
-0.00062
-0.00066
-0.00068
-0.00072
-0.00074
-0.00077
-0.00079
-0.00082
-0.00083
-0.00085
-0.00086
-0.00087
-0.00088
-0.00088
-0.00088
-0.00087
-0.00086
-0.00086
-0.00084
-0.00082
-0.0008
-0.00077
-0.00074
-0.00071
-0.00067
-0.00063
-0.00059
-0.00054
-0.00049
-0.00043
-0.00037
-0.0003
-0.00023
-0.00016
-8e-05
-0.0
9e-05
0.00017
0.00027
0.00036
0.00047
0.00057
0.00068
0.00078
0.0009
0.00102
0.00114
0.00126
0.00139
0.00151
0.00164
0.00177
0.0019
0.00203
0.00216
0.00229
0.00243
0.00256
0.00269
0.00282
0.00294
0.00307
0.0032
0.00332
0.00343
0.00354
0.00366
0.00376
0.00387
0.00396
0.00406
0.00414
0.00423
0.00431
0.00438
0.00444
0.0045
0.00456
0.00462
0.00466
0.00471
0.00473
0.00477
0.00479
0.00481
0.00482
0.00483
0.00483
0.00483
0.00482
0.0048
0.00479
0.00476
0.00473
0.0047
0.00466
0.00462
0.00457
0.00452
0.00446
0.0044
0.00433
0.00427
0.00419
0.00411
0.00403
0.00395
0.00386
0.00376
0.00367
0.00358
0.00348
0.00338
0.00327
0.00317
0.00307
0.00297
0.00286
0.00275
0.00265
0.00255
0.00244
0.00234
0.00224
0.00214
0.00205
0.00196
0.00187
0.00178
0.0017
0.00162
0.00154
0.00147
0.0014
0.00134
0.00128
0.00123
0.00118
0.00113
0.00109
0.00105
0.00102
0.00099
0.00096
0.00095
0.00092
0.00091
0.0009
0.0009
0.0009
0.0009
0.0009
0.00091
0.00092
0.00093
0.00095
0.00096
0.00099
0.00101
0.00103
0.00106
0.00108
0.00111
0.00114
0.00118
0.0012
0.00123
0.00126
0.0013
0.00133
0.00136
0.00139
0.00141
0.00144
0.00147
0.0015
0.00153
0.00154
0.00157
0.00159
0.00161
0.00162
0.00163
0.00164
0.00165
0.00165
0.00165
0.00165
0.00165
0.00164
0.00163
0.00162
0.00161
0.00159
0.00157
0.00155
0.00153
0.00149
0.00147
0.00144
0.00141
0.00137
0.00134
0.0013
0.00127
0.00123
0.00119
0.00115
0.00112
0.00107
0.00103
0.00099
0.00095
0.00091
0.00087
0.00082
0.00078
0.00074
0.0007
0.00065
0.00061
0.00057
0.00053
0.00048
0.00044
0.00039
0.00035
0.0003
0.00026
0.00021
0.00017
0.00012
8e-05
3e-05
-1e-05
-6e-05
-0.0001
-0.00015
-0.00019
-0.00023
-0.00028
-0.00032
-0.00036
-0.0004
-0.00043
-0.00047
-0.0005
-0.00054
-0.00057
-0.00059
-0.00062
-0.00065
-0.00067
-0.00068
-0.0007
-0.00071
-0.00072
-0.00073
-0.00073
-0.00074
-0.00074
-0.00074
-0.00073
-0.00073
-0.00072
-0.00071
-0.0007
-0.00069
-0.00068
-0.00066
-0.00065
-0.00063
-0.00061
-0.0006
-0.00058
-0.00057
-0.00054
-0.00053
-0.00051
-0.0005
-0.00048
-0.00047
-0.00045
-0.00044
-0.00043
-0.00042
-0.0004
-0.00039
-0.00038
-0.00037
-0.00036
-0.00035
-0.00034
-0.00034
-0.00033
-0.00032
-0.00031
-0.00031
-0.00031
-0.0003
-0.0003
-0.0003
-0.0003
-0.0003
-0.00029
-0.0003
-0.0003
-0.00031
-0.00031
-0.00032
-0.00032
-0.00034
-0.00034
-0.00036
-0.00037
-0.00039
-0.00041
-0.00042
-0.00044
-0.00046
-0.00047
-0.0005
-0.00052
-0.00054
-0.00056
-0.00058
-0.0006
-0.00062
-0.00063
-0.00065
-0.00067
-0.00068
-0.0007
-0.00071
-0.00072
-0.00073
-0.00073
-0.00074
-0.00074
-0.00074
-0.00073
-0.00073
-0.00072
-0.00072
-0.0007
-0.00069
-0.00068
-0.00066
-0.00064
-0.00062
-0.0006
-0.00057
-0.00054
-0.00052
-0.00048
-0.00045
-0.00041
-0.00038
-0.00033
-0.00029
-0.00024
-0.00019
-0.00014
-8e-05
-2e-05
4e-05
0.00011
0.00019
0.00027
0.00034
0.00043
0.00052
0.00062
0.00072
0.00082
0.00093
0.00105
0.00116
0.00128
0.0014
0.00153
0.00166
0.0018
0.00194
0.00208
0.00222
0.00237
0.00251
0.00266
0.0028
0.00295
0.00309
0.00324
0.00338
0.00352
0.00365
0.00379
0.00392
0.00405
0.00418
0.00431
0.00442
0.00454
0.00465
0.00475
0.00485
0.00495
0.00503
0.00512
0.0052
0.00527
0.00534
0.0054
0.00545
0.0055
0.00554
0.00558
0.0056
0.00563
0.00564
0.00566
0.00566
0.00566
0.00564
0.00563
0.00561
0.00558
0.00554
0.0055
0.00545
0.0054
0.00533
0.00527
0.00519
0.00512
0.00503
0.00495
0.00485
0.00475
0.00465
0.00454
0.00443
0.00431
0.0042
0.00407
0.00395
0.00382
0.00369
0.00357
0.00343
0.0033
0.00316
0.00303
0.00289
0.00276
0.00262
0.0025
0.00236
0.00223
0.0021
0.00197
0.00184
0.00172
0.0016
0.00148
0.00136
0.00125
0.00113
0.00102
0.00091
0.00081
0.0007
0.00061
0.00051
0.00041
0.00031
0.00022
0.00013
5e-05
-3e-05
-0.00011
-0.0002
-0.00027
-0.00035
-0.00041
-0.00048
-0.00055
-0.00061
-0.00067
-0.00072
-0.00077
-0.00082
-0.00087
-0.0009
-0.00094
-0.00097
-0.00099
-0.00101
-0.00102
-0.00103
-0.00103
-0.00104
-0.00103
-0.00102
-0.001
-0.00098
-0.00096
-0.00093
-0.00089
-0.00085
-0.00081
-0.00077
-0.00072
-0.00067
-0.00062
-0.00056
-0.0005
-0.00045
-0.00039
-0.00034
-0.00028
-0.00022
-0.00016
-0.00011
-6e-05
0.0
6e-05
0.00011
0.00016
0.00021
0.00026
0.00031
0.00036
0.00041
0.00046
0.0005
0.00056
0.0006
0.00065
0.0007
0.00075
0.00081
0.00086
0.00092
0.00098
0.00103
0.00109
0.00115
0.00121
0.00127
0.00133
0.00139
0.00145
0.00151
0.00157
0.00163
0.00168
0.00174
0.0018
0.00185
0.0019
0.00194
0.00199
0.00203
0.00208
0.00211
0.00214
0.00217
0.0022
0.00222
0.00224
0.00226
0.00227
0.00228
0.00229
0.0023
0.00231
0.0023
0.00231
0.0023
0.0023
0.00229
0.00228
0.00226
0.00225
0.00224
0.00222
0.0022
0.00217
0.00215
0.00212
0.00209
0.00206
0.00202
0.00199
0.00194
0.0019
0.00185
0.0018
0.00174
0.00169
0.00162
0.00156
0.00149
0.00141
0.00134
0.00126
0.00118
0.0011
0.00101
0.00093
0.00084
0.00076
0.00066
0.00058
0.00048
0.0004
0.00031
0.00022
0.00013
4e-05
-5e-05
-0.00013
-0.00021
-0.00029
-0.00037
-0.00045
-0.00052
-0.00059
-0.00067
-0.00073
-0.0008
-0.00086
-0.00092
-0.00098
-0.00104
-0.00109
-0.00114
-0.00118
-0.00123
-0.00126
-0.0013
-0.00133
-0.00136
-0.00138
-0.00141
-0.00142
-0.00144
-0.00144
-0.00144
-0.00144
-0.00143
-0.00142
-0.00139
-0.00137
-0.00134
-0.0013
-0.00126
-0.00121
-0.00116
-0.0011
-0.00104
-0.00097
-0.0009
-0.00082
-0.00074
-0.00066
-0.00058
-0.00049
-0.0004
-0.00031
-0.00021
-0.00012
-3e-05
7e-05
0.00016
0.00026
0.00035
0.00044
0.00053
0.00063
0.00071
0.0008
0.00088
0.00097
0.00105
0.00113
0.00121
0.00129
0.00137
0.00144
0.00152
0.0016
0.00166
0.00174
0.00181
0.00189
0.00196
0.00203
0.0021
0.00217
0.00224
0.00231
0.00238
0.00245
0.00252
0.00259
0.00265
0.00272
0.00278
0.00285
0.0029
0.00297
0.00302
0.00307
0.00312
0.00316
0.00321
0.00325
0.00328
0.00331
0.00333
0.00336
0.00337
0.00338
0.00339
0.00339
0.00338
0.00338
0.00337
0.00335
0.00333
0.0033
0.00328
0.00325
0.00321
0.00318
0.00314
0.0031
0.00306
0.00302
0.00298
0.00294
0.00289
0.00286
0.00281
0.00277
0.00274
0.0027
0.00267
0.00263
0.0026
0.00258
0.00255
0.00253
0.00251
0.00249
0.00247
0.00246
0.00245
0.00245
0.00244
0.00244
0.00244
0.00244
0.00245
0.00246
0.00247
0.00248
0.00249
0.00251
0.00252
0.00255
0.00256
0.00259
0.0026
0.00263
0.00266
0.00268
0.00271
0.00274
0.00277
0.0028
0.00283
0.00286
0.00289
0.00292
0.00295
0.00298
0.00301
0.00304
0.00307
0.0031
0.00313
0.00316
0.00318
0.00321
0.00323
0.00325
0.00327
0.0033
0.00331
0.00333
0.00334
0.00335
0.00336
0.00337
0.00337
0.00338
0.00338
0.00338
0.00338
0.00337
0.00337
0.00336
0.00335
0.00334
0.00332
0.0033
0.00328
0.00326
0.00322
0.0032
0.00316
0.00313
0.00308
0.00304
0.00299
0.00294
0.00288
0.00282
0.00276
0.00269
0.00261
0.00254
0.00245
0.00236
0.00226
0.00217
0.00206
0.00196
0.00184
0.00172
0.0016
0.00147
0.00134
0.0012
0.00107
0.00093
0.00078
0.00063
0.00048
0.00033
0.00017
2e-05
-0.00014
-0.00029
-0.00045
-0.00061
-0.00077
-0.00093
-0.00108
-0.00123
-0.00138
-0.00153
-0.00169
-0.00183
-0.00198
-0.00212
-0.00226
-0.0024
-0.00254
-0.00267
-0.0028
-0.00293
-0.00306
-0.00318
-0.0033
-0.00342
-0.00353
-0.00364
-0.00375
-0.00385
-0.00395
-0.00405
-0.00414
-0.00423
-0.00432
-0.00439
-0.00447
-0.00455
-0.00462
-0.00468
-0.00474
-0.00479
-0.00484
-0.00488
-0.00493
-0.00496
-0.005
-0.00502
-0.00504
-0.00506
-0.00508
-0.00508
-0.00509
-0.00509
-0.00509
-0.00509
-0.00509
-0.00508
-0.00507
-0.00505
-0.00504
-0.00503
-0.00501
-0.005
-0.00498
-0.00497
-0.00496
-0.00494
-0.00493
-0.00491
-0.00491
-0.0049
-0.00489
-0.00488
-0.00487
-0.00487
-0.00487
-0.00486
-0.00487
-0.00486
-0.00487
-0.00487
-0.00487
-0.00487
-0.00488
-0.00488
-0.00489
-0.00489
-0.00489
-0.00489
-0.0049
-0.0049
-0.0049
-0.0049
-0.0049
-0.00489
-0.0049
-0.00489
-0.00489
-0.00488
-0.00487
-0.00487
-0.00486
-0.00485
-0.00484
-0.00482
-0.00481
-0.0048
-0.00479
-0.00477
-0.00476
-0.00474
-0.00473
-0.0047
-0.00469
-0.00467
-0.00465
-0.00463
-0.00461
-0.00459
-0.00456
-0.00454
-0.00451
-0.00448
-0.00446
-0.00442
-0.00439
-0.00435
-0.00432
-0.00428
-0.00424
-0.00419
-0.00414
-0.00409
-0.00404
-0.00399
-0.00393
-0.00387
-0.00381
-0.00374
-0.00368
-0.00361
-0.00354
-0.00346
-0.00339
-0.00331
-0.00324
-0.00315
-0.00308
-0.003
-0.00292
-0.00284
-0.00275
-0.00267
-0.00259
-0.00251
-0.00243
-0.00235
-0.00227
-0.00219
-0.00212
-0.00204
-0.00198
-0.0019
-0.00183
-0.00177
-0.0017
-0.00164
-0.00157
-0.00151
-0.00145
-0.00138
-0.00133
-0.00127
-0.00121
-0.00115
-0.0011
-0.00104
-0.00098
-0.00092
-0.00086
-0.0008
-0.00074
-0.00068
-0.00062
-0.00055
-0.00049
-0.00042
-0.00036
-0.00029
-0.00023
-0.00015
-9e-05
-1e-05
5e-05
0.00013
0.00019
0.00026
0.00033
0.0004
0.00047
0.00054
0.0006
0.00067
0.00073
0.0008
0.00085
0.00092
0.00097
0.00103
0.00108
0.00114
0.00119
0.00124
0.00129
0.00134
0.00138
0.00143
0.00148
0.00153
0.00156
0.00161
0.00165
0.0017
0.00174
0.00178
0.00182
0.00186
0.0019
0.00194
0.00198
0.00201
0.00205
0.00209
0.00212
0.00216
0.00219
0.00222
0.00225
0.00228
0.0023
0.00233
0.00235
0.00237
0.00239
0.0024
0.00241
0.00242
0.00243
0.00244
0.00244
0.00245
0.00244
0.00244
0.00243
0.00243
0.00242
0.00241
0.0024
0.00239
0.00238
0.00237
0.00235
0.00233
0.00232
0.0023
0.00229
0.00227
0.00225
0.00223
0.00221
0.00219
0.00217
0.00215
0.00213
0.00211
0.00208
0.00206
0.00203
0.00201
0.00198
0.00196
0.00193
0.00191
0.00188
0.00186
0.00183
0.0018
0.00177
0.00175
0.00172
0.0017
0.00167
0.00164
0.00162
0.00159
0.00157
0.00155
0.00152
0.0015
0.00147
0.00145
0.00143
0.00141
0.00138
0.00136
0.00134
0.00132
0.00129
0.00127
0.00124
0.00122
0.00119
0.00117
0.00114
0.00111
0.00108
0.00105
0.00102
0.00099
0.00095
0.00092
0.00089
0.00086
0.00082
0.00079
0.00075
0.00072
0.00068
0.00065
0.00062
0.00058
0.00055
0.00052
0.00048
0.00045
0.00042
0.00038
0.00035
0.00032
0.00028
0.00025
0.00021
0.00018
0.00014
0.0001
6e-05
2e-05
-2e-05
-7e-05
-0.00012
-0.00016
-0.00022
-0.00027
-0.00033
-0.00038
-0.00044
-0.0005
-0.00057
-0.00064
-0.0007
-0.00077
-0.00084
-0.0009
-0.00098
-0.00104
-0.00112
-0.00118
