5.30479815869509E+02

-0.00138
-0.00136
-0.00133
-0.00131
-0.00128
-0.00125
-0.00123
-0.0012
-0.00117
-0.00114
-0.00111
-0.00107
-0.00104
-0.00101
-0.00097
-0.00094
-0.00089
-0.00086
-0.00081
-0.00078
-0.00073
-0.00069
-0.00065
-0.0006
-0.00056
-0.00051
-0.00047
-0.00042
-0.00037
-0.00034
-0.00029
-0.00024
-0.00019
-0.00016
-0.00011
-7e-05
-2e-05
2e-05
6e-05
0.0001
0.00014
0.00018
0.00022
0.00025
0.00029
0.00032
0.00036
0.00039
0.00043
0.00045
0.00048
0.00051
0.00054
0.00056
0.00058
0.0006
0.00061
0.00062
0.00064
0.00065
0.00065
0.00065
0.00065
0.00065
0.00064
0.00063
0.00061
0.00059
0.00057
0.00054
0.00051
0.00048
0.00044
0.0004
0.00035
0.0003
0.00025
0.0002
0.00014
8e-05
2e-05
-5e-05
-0.00012
-0.00019
-0.00026
-0.00033
-0.00041
-0.00048
-0.00056
-0.00064
-0.00072
-0.0008
-0.00087
-0.00096
-0.00103
-0.00112
-0.00119
-0.00128
-0.00135
-0.00144
-0.00151
-0.00159
-0.00167
-0.00175
-0.00183
-0.0019
-0.00197
-0.00205
-0.00212
-0.00219
-0.00226
-0.00233
-0.0024
-0.00247
-0.00253
-0.0026
-0.00266
-0.00272
-0.00278
-0.00284
-0.00289
-0.00294
-0.00299
-0.00304
-0.00308
-0.00314
-0.00317
-0.00321
-0.00325
-0.00329
-0.00332
-0.00335
-0.00337
-0.0034
-0.00342
-0.00344
-0.00345
-0.00347
-0.00348
-0.00348
-0.00348
-0.00349
-0.00349
-0.00348
-0.00347
-0.00347
-0.00345
-0.00344
-0.00341
-0.00339
-0.00337
-0.00334
-0.00332
-0.00328
-0.00325
-0.00321
-0.00317
-0.00313
-0.00309
-0.00304
-0.00299
-0.00295
-0.0029
-0.00286
-0.0028
-0.00275
-0.0027
-0.00266
-0.00261
-0.00256
-0.00251
-0.00246
-0.00241
-0.00237
-0.00232
-0.00228
-0.00224
-0.0022
-0.00216
-0.00213
-0.00209
-0.00207
-0.00204
-0.00202
-0.002
-0.00197
-0.00195
-0.00194
-0.00192
-0.00192
-0.00191
-0.00191
-0.0019
-0.0019
-0.0019
-0.00191
-0.00191
-0.00192
-0.00194
-0.00195
-0.00197
-0.00198
-0.002
-0.00202
-0.00204
-0.00207
-0.00209
-0.00212
-0.00214
-0.00218
-0.0022
-0.00224
-0.00226
-0.00229
-0.00232
-0.00236
-0.00239
-0.00242
-0.00244
-0.00247
-0.0025
-0.00253
-0.00255
-0.00257
-0.00259
-0.00262
-0.00263
-0.00265
-0.00266
-0.00268
-0.00269
-0.00269
-0.0027
-0.0027
-0.0027
-0.00269
-0.00268
-0.00268
-0.00266
-0.00265
-0.00263
-0.00262
-0.0026
-0.00258
-0.00255
-0.00252
-0.00249
-0.00246
-0.00243
-0.0024
-0.00236
-0.00233
-0.00229
-0.00226
-0.00222
-0.00218
-0.00213
-0.0021
-0.00206
-0.00202
-0.00197
-0.00193
-0.00189
-0.00184
-0.0018
-0.00175
-0.0017
-0.00165
-0.0016
-0.00155
-0.00149
-0.00144
-0.00138
-0.00132
-0.00125
-0.00119
-0.00112
-0.00105
-0.00097
-0.0009
-0.00082
-0.00073
-0.00065
-0.00056
-0.00047
-0.00038
-0.00028
-0.00019
-8e-05
1e-05
0.00012
0.00022
0.00033
0.00043
0.00053
0.00063
0.00074
0.00084
0.00095
0.00105
0.00115
0.00124
0.00134
0.00144
0.00153
0.00162
0.00171
0.00179
0.00188
0.00196
0.00204
0.00212
0.00219
0.00226
0.00233
0.0024
0.00247
0.00253
0.00259
0.00265
0.00271
0.00277
0.00282
0.00287
0.00292
0.00297
0.00301
0.00305
0.00309
0.00313
0.00317
0.0032
0.00324
0.00326
0.00328
0.0033
0.00332
0.00333
0.00334
0.00334
0.00334
0.00334
0.00333
0.00331
0.00329
0.00327
0.00325
0.00322
0.00318
0.00314
0.0031
0.00305
0.00301
0.00295
0.0029
0.00284
0.00278
0.00272
0.00266
0.00259
0.00253
0.00246
0.0024
0.00234
0.00228
0.00221
0.00215
0.00209
0.00204
0.00198
0.00193
0.00188
0.00183
0.00179
0.00174
0.0017
0.00166
0.00163
0.00159
0.00156
0.00154
0.00151
0.00149
0.00146
0.00145
0.00143
0.00141
0.0014
0.00139
0.00138
0.00137
0.00136
0.00135
0.00135
0.00134
0.00134
0.00134
0.00134
0.00134
0.00134
0.00135
0.00135
0.00135
0.00136
0.00137
0.00137
0.00138
0.00139
0.0014
0.00142
0.00143
0.00145
0.00146
0.00148
0.0015
0.00151
0.00153
0.00155
0.00157
0.00158
0.00161
0.00162
0.00164
0.00166
0.00168
0.0017
0.00172
0.00173
0.00175
0.00176
0.00178
0.00179
0.0018
0.00181
0.00182
0.00182
0.00183
0.00183
0.00183
0.00183
0.00182
0.00181
0.00181
0.0018
0.00178
0.00176
0.00175
0.00172
0.0017
0.00167
0.00164
0.00161
0.00158
0.00154
0.0015
0.00145
0.0014
0.00136
0.00131
0.00126
0.00121
0.00115
0.00109
0.00104
0.00098
0.00092
0.00086
0.00079
0.00074
0.00068
0.00062
0.00056
0.0005
0.00044
0.00039
0.00033
0.00028
0.00023
0.00018
0.00014
0.0001
5e-05
2e-05
-2e-05
-5e-05
-9e-05
-0.00011
-0.00014
-0.00016
-0.00018
-0.0002
-0.00021
-0.00023
-0.00024
-0.00024
-0.00025
-0.00025
-0.00026
-0.00026
-0.00026
-0.00026
-0.00026
-0.00025
-0.00025
-0.00024
-0.00023
-0.00022
-0.00021
-0.00019
-0.00019
-0.00017
-0.00016
-0.00014
-0.00013
-0.00011
-0.0001
-7e-05
-6e-05
-4e-05
-2e-05
-1e-05
2e-05
4e-05
6e-05
8e-05
0.0001
0.00012
0.00014
0.00016
0.00018
0.0002
0.00022
0.00025
0.00026
0.00029
0.0003
0.00032
0.00034
0.00037
0.00039
0.00041
0.00043
0.00045
0.00047
0.00049
0.00051
0.00053
0.00055
0.00058
0.0006
0.00062
0.00065
0.00067
0.0007
0.00073
0.00075
0.00078
0.0008
0.00084
0.00087
0.0009
0.00092
0.00096
0.00099
0.00102
0.00105
0.00109
0.00112
0.00115
0.00119
0.00122
0.00126
0.0013
0.00133
0.00137
0.0014
0.00144
0.00148
0.00152
0.00155
0.0016
0.00163
0.00167
0.00171
0.00175
0.00179
0.00184
0.00188
0.00192
0.00196
0.002
0.00204
0.00209
0.00213
0.00217
0.00221
0.00226
0.0023
0.00234
0.00237
0.00241
0.00245
0.00249
0.00253
0.00256
0.00259
0.00263
0.00265
0.00269
0.00271
0.00274
0.00276
0.00279
0.00281
0.00283
0.00284
0.00286
0.00288
0.00289
0.0029
0.00292
0.00292
0.00294
0.00294
0.00296
0.00296
0.00297
0.00297
0.00298
0.00298
0.00298
0.00298
0.00298
0.00299
0.00299
0.00299
0.00299
0.00298
0.00298
0.00297
0.00297
0.00296
0.00296
0.00294
0.00294
0.00293
0.00292
0.0029
0.00289
0.00288
0.00287
0.00285
0.00285
0.00283
0.00282
0.0028
0.00279
0.00278
0.00277
0.00276
0.00276
0.00275
0.00274
0.00274
0.00273
0.00273
0.00274
0.00274
0.00275
0.00275
0.00277
0.00278
0.0028
0.00281
0.00283
0.00285
0.00287
0.00289
0.00291
0.00294
0.00296
0.00299
0.00302
0.00305
0.00308
0.00311
0.00314
0.00317
0.00321
0.00323
0.00327
0.0033
0.00333
0.00336
0.00339
0.00343
0.00346
0.0035
0.00353
0.00357
0.00361
0.00364
0.00369
0.00373
0.00377
0.00381
0.00386
0.0039
0.00396
0.004
0.00405
0.0041
0.00415
0.00421
0.00427
0.00432
0.00438
0.00443
0.00449
0.00454
0.00459
0.00464
0.0047
0.00474
0.00479
0.00483
0.00487
0.00491
0.00494
0.00497
0.005
0.00502
0.00504
0.00506
0.00507
0.00507
0.00508
0.00507
0.00506
0.00505
0.00504
0.00502
0.00499
0.00496
0.00493
0.00489
0.00485
0.00481
0.00477
0.00472
0.00467
0.00461
0.00456
0.0045
0.00444
0.00438
0.00432
0.00426
0.00419
0.00412
0.00405
0.00399
0.00392
0.00385
0.00378
0.0037
0.00363
0.00355
0.00348
0.0034
0.00332
0.00324
0.00316
0.00308
0.00299
0.00291
0.00282
0.00274
0.00265
0.00257
0.00249
0.0024
0.00232
0.00223
0.00215
0.00207
0.00199
0.00191
0.00184
0.00177
0.0017
0.00163
0.00157
0.00151
0.00146
0.00141
0.00137
0.00132
0.00129
0.00126
0.00124
0.00122
0.00121
0.00121
0.00121
0.00122
0.00123
0.00126
0.00129
0.00133
0.00137
0.00142
0.00149
0.00155
0.00163
0.00171
0.0018
0.00191
0.00202
0.00214
0.00227
0.00241
0.00256
0.00272
0.00289
0.00308
0.00327
0.00348
0.0037
0.00393
0.00418
0.00444
0.00471
0.005
0.0053
0.00562
0.00595
0.00629
0.00665
0.00702
0.00741
0.00781
0.00823
0.00866
0.0091
0.00955
0.01002
0.0105
0.01099
0.01149
0.01201
0.01253
0.01306
0.01361
0.01415
0.01471
0.01528
0.01586
0.01644
0.01703
0.01762
0.01822
0.01883
0.01944
0.02006
0.02068
0.02131
0.02194
0.02258
0.02323
0.02387
0.02452
0.02518
0.02584
0.02651
0.02718
0.02786
0.02854
0.02923
0.02992
0.03061
0.03131
0.03202
0.03272
0.03343
0.03415
0.03486
0.03558
0.0363
0.03703
0.03775
0.03847
0.0392
0.03992
0.04064
0.04136
0.04208
0.04279
0.0435
0.04421
0.04491
0.04561
0.0463
0.04698
0.04765
0.04832
0.04898
0.04963
0.05027
0.0509
0.05152
0.05213
0.05273
0.05332
0.0539
0.05446
0.05502
0.05557
0.0561
0.05662
0.05713
0.05762
0.05811
0.05858
0.05904
0.05949
0.05992
0.06035
0.06076
0.06116
0.06155
0.06192
0.06228
0.06263
0.06297
0.0633
0.06361
0.06391
0.0642
0.06447
0.06474
0.06498
0.06522
0.06544
0.06565
0.06585
0.06603
0.0662
0.06636
0.0665
0.06663
0.06674
0.06685
0.06693
0.06701
0.06706
0.06711
0.06714
0.06716
0.06716
0.06715
0.06713
0.06709
0.06704
0.06698
0.0669
0.06681
0.06671
0.0666
0.06647
0.06634
0.06619
0.06603
0.06586
0.06568
0.06549
0.06529
0.06508
0.06486
0.06463
0.0644
0.06415
0.0639
0.06364
0.06338
0.06311
0.06283
0.06254
0.06225
0.06195
0.06164
0.06133
0.06102
0.0607
0.06037
0.06004
0.05971
0.05937
0.05903
0.05868
0.05833
0.05798
0.05762
0.05726
0.0569
0.05653
0.05617
0.0558
0.05543
0.05506
0.05469
0.05431
0.05394
0.05357
0.0532
0.05282
0.05245
0.05208
0.05171
0.05134
0.05098
0.05061
0.05025
0.04989
0.04953
0.04917
0.04882
0.04847
0.04812
0.04777
0.04742
0.04707
0.04673
0.04639
0.04605
0.04572
0.04538
0.04505
0.04472
0.04439
0.04406
0.04373
0.04341
0.04309
0.04277
0.04245
0.04213
0.04181
0.0415
0.04118
0.04087
0.04056
0.04025
0.03994
0.03963
0.03933
0.03902
0.03872
0.03842
0.03812
0.03783
0.03753
0.03724
0.03694
0.03665
0.03636
0.03607
0.03578
0.03549
0.0352
0.03492
0.03464
0.03435
0.03407
0.03379
0.03351
0.03323
0.03296
0.03268
0.03241
0.03213
0.03186
0.03159
0.03132
0.03106
0.03079
0.03053
0.03027
0.03001
0.02976
0.02951
0.02926
0.02902
0.02877
0.02853
0.0283
0.02807
0.02784
0.02761
0.02739
0.02717
0.02696
0.02675
0.02654
0.02633
0.02613
0.02593
0.02574
0.02555
0.02536
0.02517
0.02498
0.0248
0.02462
0.02444
0.02427
0.0241
0.02392
0.02376
0.02359
0.02342
0.02326
0.0231
0.02294
0.02279
0.02263
0.02248
0.02234
0.02219
0.02205
0.02191
0.02177
0.02164
0.02151
0.02138
0.02125
0.02114
0.02102
0.02091
0.0208
0.02069
0.02059
0.02049
0.0204
0.02031
0.02023
0.02015
0.02008
0.02001
0.01994
0.01988
0.01982
0.01977
0.01972
0.01968
0.01964
0.01961
0.01958
0.01955
0.01953
0.01952
0.01951
0.0195
0.0195
0.0195
0.0195
0.01952
0.01953
0.01955
0.01957
0.01959
0.01962
0.01965
0.01969
0.01972
0.01976
0.01981
0.01985
0.0199
0.01995
0.02001
0.02006
0.02012
0.02018
0.02024
0.02031
0.02037
0.02044
0.02051
0.02058
0.02065
0.02073
0.0208
0.02088
0.02096
0.02104
0.02113
0.02121
0.0213
0.02138
0.02147
0.02156
0.02165
0.02174
0.02183
0.02193
0.02202
0.02212
0.02222
0.02232
0.02242
0.02252
0.02262
0.02272
0.02283
0.02293
0.02303
0.02314
0.02324
0.02335
0.02346
0.02356
0.02367
0.02377
0.02388
0.02399
0.02409
0.0242
0.0243
0.02441
0.02452
0.02462
0.02472
0.02482
0.02493
0.02503
0.02513
0.02523
0.02533
0.02542
0.02552
0.02561
0.0257
0.02579
0.02588
0.02597
0.02605
0.02613
0.02621
0.02629
0.02637
0.02643
0.02651
0.02657
0.02664
0.0267
0.02676
0.02681
0.02687
0.02692
0.02698
0.02702
0.02707
0.02711
0.02716
0.0272
0.02724
0.02728
0.02732
0.02735
0.02739
0.02742
0.02746
0.02749
0.02753
0.02756
0.0276
0.02762
0.02766
0.02769
0.02772
0.02775
0.02778
0.02781
0.02785
0.02787
0.0279
0.02793
0.02796
0.02798
0.028
0.02803
0.02805
0.02807
0.02808
0.0281
0.02811
0.02812
0.02813
0.02813
0.02813
0.02813
0.02813
0.02812
0.02811
0.0281
0.02808
0.02806
0.02804
0.02801
0.02799
0.02795
0.02792
0.02788
0.02784
0.02779
0.02775
0.02769
0.02764
0.02759
0.02753
0.02747
0.02741
0.02734
0.02727
0.0272
0.02713
0.02706
0.02699
0.0269
0.02683
0.02675
0.02667
0.02658
0.0265
0.02641
0.02632
0.02624
0.02615
0.02605
0.02596
0.02587
0.02577
0.02568
0.02558
0.02548
0.02538
0.02528
0.02518
0.02508
0.02498
0.02487
0.02476
0.02465
0.02455
0.02443
0.02432
0.02421
0.02409
0.02398
0.02386
0.02374
0.02362
0.02349
0.02337
0.02324
0.02311
0.02298
0.02284
0.02271
0.02257
0.02243
0.02229
0.02215
0.022
0.02185
0.0217
0.02155
0.0214
0.02124
0.02108
0.02092
0.02075
0.02058
0.02041
0.02024
0.02007
0.01989
0.01972
0.01953
0.01935
0.01916
0.01898
0.01879
0.0186
0.0184
0.01821
0.01801
0.01781
0.01761
0.01741
0.01721
0.017
0.0168
0.01659
0.01638
0.01618
0.01597
0.01576
0.01555
0.01534
0.01513
0.01493
0.01472
0.01451
0.0143
0.0141
0.01389
0.01369
0.01349
0.01329
0.01309
0.01289
0.0127
0.01251
0.01232
0.01213
0.01194
0.01177
0.01159
0.01141
0.01124
0.01107
0.0109
0.01075
0.01059
0.01044
0.01028
0.01014
0.01
0.00987
0.00973
0.00961
0.00948
0.00937
0.00925
0.00914
0.00904
0.00894
0.00885
0.00876
0.00867
0.00859
0.00851
0.00844
0.00837
0.00831
0.00824
0.00819
0.00813
0.00808
0.00803
0.00799
0.00795
0.00791
0.00788
0.00784
0.00781
0.00779
0.00776
0.00774
0.00772
0.0077
0.00768
0.00767
0.00765
0.00765
0.00763
0.00763
0.00762
0.00762
0.00761
0.00761
0.00761
0.00762
0.00761
0.00762
0.00762
0.00763
0.00764
0.00765
0.00765
0.00766
0.00767
0.00768
0.00768
0.00769
0.0077
0.00771
0.00771
0.00772
0.00772
0.00772
0.00772
0.00772
0.00771
0.00771
0.00769
0.00768
0.00766
0.00765
0.00762
0.0076
0.00757
0.00754
0.00751
0.00747
0.00743
0.00739
0.00734
0.0073
0.00724
0.0072
0.00714
0.00709
0.00703
0.00698
0.00692
0.00686
0.0068
0.00674
0.00668
0.00662
0.00656
0.0065
0.00644
0.00638
0.00632
0.00626
0.0062
0.00615
0.00608
0.00603
0.00596
0.0059
0.00584
0.00578
0.00572
0.00566
0.00559
0.00553
0.00546
0.0054
0.00533
0.00526
0.00519
0.00512
0.00505
0.00497
0.0049
0.00482
0.00475
0.00467
0.00459
0.00451
0.00443
0.00435
0.00427
0.00419
0.0041
0.00402
0.00394
0.00386
0.00378
0.00369
0.00361
0.00353
0.00345
0.00338
0.0033
0.00322
0.00314
0.00307
0.00299
0.00293
0.00285
0.00278
0.00271
0.00264
0.00257
0.00251
0.00244
0.00238
0.00232
0.00226
0.00221
0.00215
0.0021
0.00205
0.002
0.00196
0.00191
0.00187
0.00183
0.0018
0.00177
0.00174
0.00171
0.00169
0.00167
0.00166
0.00165
0.00164
0.00163
0.00164
0.00164
0.00164
0.00165
0.00166
0.00167
0.00169
0.0017
0.00172
0.00174
0.00175
0.00177
0.0018
0.00181
0.00184
0.00185
0.00187
0.00188
0.00189
0.0019
0.00191
0.00191
0.00191
0.00191
0.0019
0.00188
0.00187
0.00185
0.00183
0.0018
0.00178
0.00174
0.00171
0.00166
0.00162
0.00157
0.00153
0.00147
0.00142
0.00137
0.00131
0.00125
0.00119
0.00114
0.00108
0.00102
0.00097
0.00091
0.00085
0.0008
0.00074
0.00069
0.00064
0.00059
0.00054
0.00049
0.00045
0.0004
0.00036
0.00032
0.00029
0.00025
0.00022
0.00018
0.00015
0.00012
9e-05
6e-05
4e-05
1e-05
0.0
-2e-05
-3e-05
-5e-05
-6e-05
-6e-05
-6e-05
-6e-05
-5e-05
-4e-05
-2e-05
-1e-05
2e-05
5e-05
9e-05
0.00013
0.00018
0.00023
0.00029
0.00036
0.00043
0.00051
0.00059
0.00068
0.00077
0.00087
0.00097
0.00107
0.00119
0.0013
0.00142
0.00153
0.00166
0.00178
0.0019
0.00203
0.00215
0.00228
0.00241
0.00253
0.00265
0.00277
0.00289
0.003
0.00312
0.00323
0.00334
0.00344
0.00354
0.00364
0.00373
0.00382
0.0039
0.00399
0.00406
0.00414
0.00421
0.00427
0.00434
0.0044
0.00445
0.0045
0.00456
0.0046
0.00465
0.00468
0.00472
0.00475
0.00478
0.00481
0.00484
0.00486
0.00488
0.0049
0.00491
0.00492
0.00493
0.00494
0.00494
0.00494
0.00494
0.00493
0.00491
0.0049
0.00488
0.00485
0.00483
0.0048
0.00476
0.00471
0.00467
0.00462
0.00457
0.00451
0.00445
0.00438
0.00431
0.00423
0.00415
0.00407
0.00398
0.00389
0.0038
0.0037
0.0036
0.0035
0.0034
0.00329
0.00318
0.00307
0.00296
0.00284
0.00273
0.00261
0.00249
0.00237
0.00225
0.00213
0.00201
0.00188
0.00176
0.00163
0.00151
0.00138
0.00126
0.00113
0.001
0.00086
0.00074
0.0006
0.00046
0.00033
0.00019
5e-05
-8e-05
-0.00022
-0.00036
-0.0005
-0.00063
-0.00077
-0.0009
-0.00104
-0.00117
-0.00131
-0.00143
-0.00156
-0.00168
-0.0018
-0.00192
-0.00203
-0.00213
-0.00223
-0.00233
-0.00242
-0.00251
-0.00259
-0.00266
-0.00273
-0.00279
-0.00286
-0.0029
-0.00295
-0.00299
-0.00303
-0.00306
-0.00308
-0.0031
-0.00312
-0.00312
-0.00314
-0.00313
-0.00313
-0.00312
-0.00312
-0.0031
-0.00309
-0.00306
-0.00304
-0.00302
-0.00299
-0.00296
-0.00293
-0.00289
-0.00285
-0.0028
-0.00276
-0.00271
-0.00267
-0.00261
-0.00256
-0.0025
-0.00244
-0.00238
-0.00232
-0.00225
-0.00218
-0.00211
-0.00204
-0.00196
-0.00188
-0.0018
-0.00172
-0.00164
-0.00156
-0.00147
-0.00138
-0.00129
-0.00121
-0.00111
-0.00103
-0.00094
-0.00085
-0.00076
-0.00067
-0.00058
-0.00049
-0.0004
-0.00032
-0.00023
-0.00015
-7e-05
1e-05
9e-05
0.00017
0.00025
0.00032
0.00039
0.00047
0.00053
0.00061
0.00068
0.00074
0.00081
0.00087
0.00095
0.00101
0.00108
0.00114
0.00121
0.00127
0.00135
0.00141
0.00148
0.00155
0.00162
0.0017
0.00177
0.00185
0.00193
0.00201
0.00209
0.00217
0.00226
0.00234
0.00243
0.00252
0.00261
0.0027
0.00279
0.00288
0.00297
0.00307
0.00316
0.00325
0.00335
0.00344
0.00353
0.00362
0.00372
0.0038
0.00389
0.00398
0.00407
0.00415
0.00424
0.00432
0.0044
0.00448
0.00457
0.00464
0.00472
0.0048
0.00488
0.00495
0.00502
0.00509
0.00517
0.00523
0.00531
0.00537
0.00544
0.0055
0.00556
0.00562
0.00568
0.00574
0.0058
0.00585
0.0059
0.00595
0.006
0.00604
0.00608
0.00612
0.00616
0.00619
0.00621
0.00624
0.00626
0.00628
0.0063
0.00632
0.00633
0.00633
0.00634
0.00634
0.00635
0.00634
0.00634
0.00632
0.00632
0.0063
0.00629
0.00627
0.00624
0.00622
0.00619
0.00616
0.00613
0.00609
0.00606
0.00601
0.00597
0.00592
0.00587
0.00581
0.00575
0.00569
0.00562
0.00555
0.00547
0.00539
0.00531
0.00523
0.00514
0.00504
0.00494
0.00484
0.00474
0.00463
0.00452
0.0044
0.00429
0.00417
0.00405
0.00392
0.00379
0.00367
0.00354
0.00342
0.00329
0.00315
0.00303
0.0029
0.00277
0.00264
0.00251
0.00238
0.00226
0.00213
0.002
0.00188
0.00175
0.00163
0.00151
0.0014
0.00128
0.00116
0.00105
0.00094
0.00083
0.00072
0.00062
0.00051
0.00042
0.00032
0.00022
0.00012
3e-05
-6e-05
-0.00015
-0.00023
-0.00031
-0.0004
-0.00047
-0.00055
-0.00063
-0.00071
-0.00078
-0.00085
-0.00092
-0.00099
-0.00106
-0.00113
-0.0012
-0.00127
-0.00133
-0.0014
-0.00147
-0.00154
-0.0016
-0.00168
-0.00174
-0.00182
-0.00189
-0.00197
-0.00204
-0.00211
-0.00219
-0.00227
-0.00235
-0.00243
-0.0025
-0.00258
-0.00266
-0.00275
-0.00282
-0.0029
-0.00298
-0.00306
-0.00313
-0.00321
-0.00328
-0.00336
-0.00343
-0.0035
-0.00357
-0.00363
-0.00369
-0.00375
-0.00381
-0.00387
-0.00392
-0.00397
-0.00401
-0.00406
-0.0041
-0.00414
-0.00417
-0.0042
-0.00423
-0.00426
-0.00428
-0.0043
-0.00432
-0.00434
-0.00435
-0.00436
-0.00437
-0.00438
-0.00438
-0.00439
-0.00439
-0.00439
-0.00438
-0.00438
-0.00438
-0.00437
-0.00436
-0.00435
-0.00434
-0.00432
-0.0043
-0.00429
-0.00427
-0.00425
-0.00422
-0.0042
-0.00417
-0.00415
-0.00411
-0.00408
-0.00404
-0.004
-0.00396
-0.00392
-0.00387
-0.00382
-0.00376
-0.00371
-0.00365
-0.00359
-0.00352
-0.00345
-0.00338
-0.00331
-0.00323
-0.00315
-0.00307
-0.00299
-0.0029
-0.00282
-0.00273
-0.00264
-0.00254
-0.00246
-0.00236
-0.00227
-0.00217
-0.00209
-0.00199
-0.0019
-0.00181
-0.00172
-0.00163
-0.00154
-0.00146
-0.00137
-0.00128
-0.0012
-0.00112
-0.00104
-0.00096
-0.00088
-0.0008
-0.00073
-0.00066
-0.00059
-0.00051
-0.00045
-0.00038
-0.00032
-0.00026
-0.0002
-0.00014
-8e-05
-2e-05
2e-05
7e-05
0.00012
0.00017
0.00021
0.00025
0.00028
0.00031
0.00034
0.00037
0.00039
0.0004
0.00042
0.00043
0.00044
0.00044
0.00043
0.00043
0.00042
0.00042
0.0004
0.00038
0.00035
0.00034
0.0003
0.00027
0.00024
0.0002
0.00017
0.00013
9e-05
5e-05
0.0
-3e-05
-8e-05
-0.00012
-0.00017
-0.00021
-0.00026
-0.0003
-0.00035
-0.00039
-0.00044
-0.00048
-0.00052
-0.00056
-0.0006
-0.00064
-0.00068
-0.00072
-0.00076
-0.00079
-0.00082
-0.00085
-0.00089
-0.00091
-0.00094
-0.00096
-0.00098
-0.00101
-0.00102
-0.00104
-0.00105
-0.00106
-0.00107
-0.00107
-0.00108
-0.00108
-0.00108
-0.00107
-0.00107
-0.00106
-0.00105
-0.00104
-0.00103
-0.00101
-0.00099
-0.00097
-0.00094
-0.00092
-0.0009
-0.00087
-0.00085
-0.00081
-0.00079
-0.00076
-0.00073
-0.0007
-0.00067
-0.00064
-0.00062
-0.00059
-0.00056
-0.00053
-0.00051
-0.00048
-0.00046
-0.00043
-0.00041
-0.00038
-0.00037
-0.00034
-0.00032
-0.0003
-0.00028
-0.00026
-0.00024
-0.00022
-0.0002
-0.00018
-0.00015
-0.00013
-0.00011
-9e-05
-7e-05
-4e-05
-2e-05
1e-05
4e-05
7e-05
0.0001
0.00013
0.00016
0.00019
0.00023
0.00027
0.0003
0.00035
0.00038
0.00043
0.00047
0.00052
0.00056
0.00061
0.00065
0.00071
0.00075
0.0008
0.00085
0.00091
0.00096
0.00101
0.00107
0.00113
0.00118
0.00124
0.00129
0.00135
0.0014
0.00146
0.00151
0.00158
0.00163
0.00168
0.00174
0.00179
0.00185
0.00191
0.00196
0.00202
0.00206
0.00212
0.00217
0.00223
0.00227
0.00232
0.00237
0.00242
0.00246
0.00251
0.00255
0.00259
0.00263
0.00266
0.00269
0.00273
0.00275
0.00278
0.00279
0.00281
0.00283
0.00284
0.00284
0.00285
0.00285
0.00284
0.00283
0.00282
0.0028
0.00278
0.00276
0.00273
0.00269
0.00266
0.00262
0.00258
0.00253
0.00249
0.00243
0.00238
0.00232
0.00227
0.0022
0.00214
0.00208
0.00201
0.00194
0.00188
0.0018
0.00174
0.00166
0.00159
0.00151
0.00144
0.00136
0.00129
0.00122
0.00114
0.00106
0.00099
0.00091
0.00084
0.00076
0.00069
0.00061
0.00054
0.00047
0.0004
0.00033
0.00026
0.00019
0.00014
7e-05
1e-05
-4e-05
-0.0001
-0.00015
-0.00019
-0.00023
-0.00027
-0.00031
-0.00034
-0.00037
-0.00038
-0.00041
-0.00042
-0.00043
-0.00043
-0.00044
-0.00044
-0.00043
-0.00043
-0.00041
-0.0004
-0.00038
-0.00036
-0.00034
-0.00031
-0.00029
-0.00026
-0.00023
-0.0002
-0.00017
-0.00013
-0.0001
-7e-05
-4e-05
-1e-05
2e-05
6e-05
9e-05
0.00012
0.00015
0.00018
0.00021
0.00024
0.00026
0.0003
0.00032
0.00035
0.00038
0.0004
0.00043
0.00045
0.00047
0.0005
0.00052
0.00055
0.00057
0.0006
0.00061
0.00064
0.00065
0.00068
0.00069
0.00072
0.00073
0.00075
0.00076
0.00078
0.00079
0.0008
0.00081
0.00083
0.00083
0.00084
0.00085
0.00086
0.00086
0.00086
0.00086
0.00087
0.00087
0.00087
0.00087
0.00086
0.00086
0.00086
0.00086
0.00086
0.00085
0.00085
0.00084
0.00084
0.00083
0.00083
0.00082
0.00082
0.00081
0.00081
0.0008
0.00079
0.00079
0.00078
0.00078
0.00078
0.00077
0.00077
0.00077
0.00077
0.00076
0.00077
0.00076
0.00077
0.00077
0.00077
0.00078
0.00078
0.00078
0.00079
0.0008
0.00081
0.00081
0.00083
0.00083
0.00085
0.00086
0.00087
0.00088
0.0009
0.00091
0.00092
0.00093
0.00094
0.00096
0.00097
0.00098
0.001
0.001
0.00102
0.00103
0.00105
0.00105
0.00107
0.00108
0.0011
0.00111
0.00112
0.00113
0.00115
0.00117
0.00118
0.0012
0.00122
0.00124
0.00126
0.00128
0.00131
0.00133
0.00136
0.00138
0.00142
0.00144
0.00148
0.00151
0.00154
0.00158
0.00161
0.00165
0.00169
0.00172
0.00176
0.0018
0.00184
0.00187
0.00191
0.00194
0.00198
0.00201
0.00205
0.00208
0.00211
0.00214
0.00217
0.0022
0.00223
0.00224
0.00227
0.00229
0.00231
0.00232
0.00234
0.00234
0.00236
0.00236
0.00237
0.00237
0.00237
0.00237
0.00236
0.00236
0.00235
0.00234
0.00233
0.00231
0.0023
0.00228
0.00227
0.00224
0.00223
0.0022
0.00218
0.00216
0.00213
0.0021
0.00208
0.00206
0.00203
0.002
0.00197
0.00194
0.00192
0.00188
0.00186
0.00182
0.0018
0.00176
0.00173
0.0017
0.00166
0.00163
0.0016
0.00156
0.00153
0.00148
0.00144
0.0014
0.00136
0.00131
0.00127
0.00122
0.00118
0.00112
0.00107
0.00101
0.00096
0.0009
0.00085
0.00079
0.00073
0.00066
0.0006
0.00054
0.00048
0.00041
0.00035
0.00029
0.00023
0.00016
0.0001
4e-05
-2e-05
-8e-05
-0.00014
-0.00019
-0.00025
-0.00031
-0.00035
-0.00041
-0.00045
-0.0005
-0.00055
-0.0006
-0.00063
-0.00068
-0.00072
-0.00076
-0.0008
-0.00083
-0.00087
-0.0009
-0.00093
-0.00097
-0.001
-0.00103
-0.00106
-0.00109
-0.00111
-0.00114
-0.00116
-0.00119
-0.00121
-0.00124
-0.00126
-0.00128
-0.0013
-0.00131
-0.00133
-0.00135
-0.00136
-0.00138
-0.00139
-0.00141
-0.00142
-0.00143
-0.00143
-0.00145
-0.00146
-0.00147
-0.00147
-0.00148
-0.00149
-0.00149
-0.0015
-0.00151
-0.00151
-0.00152
-0.00152
-0.00153
-0.00153
-0.00154
-0.00154
-0.00155
-0.00156
-0.00156
-0.00156
-0.00157
-0.00157
-0.00157
-0.00156
-0.00157
-0.00156
-0.00156
-0.00155
-0.00154
-0.00153
-0.00152
-0.00151
-0.00149
-0.00147
-0.00145
-0.00143
-0.00141
-0.00138
-0.00135
-0.00131
-0.00128
-0.00124
-0.0012
-0.00115
-0.00111
-0.00106
-0.00101
-0.00095
-0.0009
-0.00084
-0.00078
-0.00072
-0.00065
-0.00058
-0.00051
-0.00043
-0.00036
-0.00028
-0.0002
-0.00011
-3e-05
6e-05
0.00015
0.00025
0.00034
0.00044
0.00054
0.00064
0.00074
0.00085
0.00095
0.00106
0.00117
0.00128
0.00139
0.0015
0.00161
0.00172
0.00183
0.00195
0.00206
0.00217
0.00228
0.00238
0.0025
0.0026
0.00271
0.00281
0.00291
0.00302
0.00311
0.00321
0.0033
0.0034
0.00348
0.00357
0.00366
0.00374
0.00382
0.00389
0.00396
0.00404
0.0041
0.00417
0.00422
0.00429
0.00434
0.00439
0.00443
0.00448
0.00451
0.00455
0.00458
0.00461
0.00463
0.00465
0.00466
0.00468
0.00468
0.00469
0.00468
0.00468
0.00466
0.00465
0.00463
0.00461
0.00458
0.00455
0.00451
0.00447
0.00443
0.00438
0.00433
0.00428
0.00422
0.00417
0.0041
0.00404
0.00397
0.0039
0.00382
0.00375
0.00367
0.0036
0.00352
0.00343
0.00335
0.00326
0.00317
0.00308
0.00299
0.00289
0.00279
0.00269
0.00258
0.00248
0.00237
0.00226
0.00214
0.00203
0.00191
0.00179
0.00167
0.00155
0.00142
0.0013
0.00117
0.00104
0.0009
0.00078
0.00064
0.00052
0.00038
0.00025
0.00012
-1e-05
-0.00014
-0.00027
-0.0004
-0.00052
-0.00064
-0.00076
-0.00088
-0.00099
-0.0011
-0.00121
-0.00132
-0.00141
-0.00151
-0.00161
-0.0017
-0.00179
-0.00187
-0.00196
-0.00204
-0.00211
-0.00218
-0.00225
-0.00231
-0.00237
-0.00244
-0.00249
-0.00254
-0.00259
-0.00263
-0.00267
-0.00271
-0.00274
-0.00278
-0.0028
-0.00283
-0.00284
-0.00286
-0.00286
-0.00287
-0.00287
-0.00287
-0.00285
-0.00284
-0.00282
-0.0028
-0.00276
-0.00273
-0.00269
-0.00264
-0.00259
-0.00253
-0.00247
-0.0024
-0.00233
-0.00225
-0.00216
-0.00208
-0.00198
-0.00188
-0.00178
-0.00167
-0.00156
-0.00144
-0.00131
-0.00119
-0.00106
-0.00093
-0.0008
-0.00066
-0.00051
-0.00037
-0.00022
-8e-05
7e-05
0.00022
0.00038
0.00053
0.00069
0.00083
0.00099
0.00114
0.0013
0.00145
0.00159
0.00175
0.00189
0.00204
0.00218
0.00231
0.00245
0.00258
0.00272
0.00284
0.00296
0.00307
0.00319
0.0033
0.0034
0.0035
0.00359
0.00369
0.00377
0.00385
0.00393
0.004
0.00407
0.00413
0.00419
0.00424
0.0043
0.00434
0.00438
0.00442
0.00445
0.00448
0.0045
0.00453
0.00454
0.00456
0.00457
0.00457
0.00458
0.00457
0.00457
0.00456
0.00455
0.00453
0.00451
0.00449
0.00446
0.00443
0.00439
0.00435
0.00431
0.00427
0.00422
0.00417
0.00412
0.00406
0.004
0.00394
0.00388
0.00381
0.00374
0.00367
0.0036
0.00353
0.00346
0.00339
0.00332
0.00325
0.00319
0.00311
0.00305
0.00298
0.00292
0.00285
0.0028
0.00273
0.00268
0.00263
0.00258
0.00253
0.00248
0.00244
0.00241
0.00237
0.00234
0.0023
0.00228
0.00225
0.00223
0.0022
0.00219
0.00217
0.00216
0.00214
0.00213
0.00212
0.00211
0.00211
0.0021
0.0021
0.0021
0.00209
0.0021
0.00209
0.0021
0.0021
0.0021
0.00211
0.00212
0.00212
0.00213
0.00214
0.00215
0.00216
0.00218
0.00219
0.00221
0.00222
0.00224
0.00226
0.00228
0.00229
0.00232
0.00233
0.00236
0.00237
0.00239
0.00241
0.00243
0.00245
0.00247
0.00248
0.0025
0.00251
0.00252
0.00253
0.00255
0.00255
0.00256
0.00256
0.00257
0.00257
0.00257
0.00257
0.00257
0.00258
0.00258
0.00258
0.00258
0.00258
0.00258
0.00258
0.00259
0.00259
0.0026
0.0026
0.00262
0.00263
0.00264
0.00265
0.00266
0.00268
0.0027
0.00272
0.00274
0.00275
0.00278
0.0028
0.00282
0.00284
0.00286
0.00288
0.00291
0.00293
0.00295
0.00297
0.00299
0.003
0.00302
0.00304
0.00306
0.00307
0.00308
0.0031
0.00311
0.00312
0.00313
0.00314
0.00316
0.00316
0.00318
0.00319
0.0032
0.00321
0.00323
0.00324
0.00326
0.00327
0.00329
0.00331
0.00333
0.00335
0.00337
0.00339
0.00342
0.00344
0.00347
0.00349
0.00352
0.00355
0.00358
0.0036
0.00364
0.00366
0.00369
0.00372
0.00375
0.00378
0.00381
0.00383
0.00386
0.00389
0.00391
0.00394
0.00396
0.00399
0.00401
0.00404
0.00406
0.00408
0.0041
0.00412
0.00414
0.00415
0.00417
0.00418
0.0042
0.00421
0.00421
0.00422
0.00422
0.00422
0.00423
0.00422
0.00422
0.00421
0.0042
0.00419
0.00418
0.00416
0.00414
0.00412
0.0041
0.00407
0.00404
0.00401
0.00397
0.00394
0.00391
0.00387
0.00383
0.00378
0.00375
0.0037
0.00366
0.00361
0.00356
0.00351
0.00346
0.0034
0.00335
0.00329
0.00323
0.00316
0.0031
0.00303
0.00296
0.00289
0.00281
0.00273
0.00265
0.00256
0.00247
0.00237
0.00228
0.00218
0.00207
0.00196
0.00185
0.00174
0.00162
0.0015
0.00138
0.00125
0.00113
0.001
0.00087
0.00074
0.00061
0.00048
0.00035
0.00022
9e-05
-5e-05
-0.00018
-0.0003
-0.00042
-0.00055
-0.00067
-0.00079
-0.00091
-0.00103
-0.00114
-0.00125
-0.00136
-0.00147
-0.00157
-0.00168
-0.00178
-0.00187
-0.00197
-0.00207
-0.00216
-0.00225
-0.00234
-0.00243
-0.00251
-0.0026
-0.00268
-0.00276
-0.00284
-0.00292
-0.00299
-0.00307
-0.00315
-0.00322
-0.00329
-0.00336
-0.00342
-0.00349
-0.00355
-0.00362
-0.00367
-0.00373
-0.00378
-0.00384
-0.00389
-0.00394
-0.00398
-0.00403
-0.00407
-0.00412
-0.00416
-0.00419
-0.00422
-0.00425
-0.00428
-0.00432
-0.00434
-0.00437
-0.00439
-0.00441
-0.00443
-0.00446
-0.00447
-0.00449
-0.00451
-0.00453
-0.00455
-0.00456
-0.00458
-0.0046
-0.00461
-0.00464
-0.00466
-0.00468
-0.0047
-0.00473
-0.00475
-0.00478
-0.0048
-0.00484
-0.00487
-0.0049
-0.00494
-0.00497
-0.00501
-0.00504
-0.00508
-0.00512
-0.00516
-0.0052
-0.00523
-0.00527
-0.00531
-0.00535
-0.00538
-0.00541
-0.00544
-0.00548
-0.0055
-0.00553
-0.00555
-0.00556
-0.00557
-0.00559
-0.00559
-0.0056
-0.0056
-0.00559
-0.00558
-0.00557
-0.00555
-0.00553
-0.00551
-0.00548
-0.00544
-0.0054
-0.00536
-0.00531
-0.00526
-0.00521
-0.00514
-0.00508
-0.00501
-0.00494
-0.00487
-0.00479
-0.0047
-0.00461
-0.00452
-0.00442
-0.00432
-0.00422
-0.0041
-0.00399
-0.00387
-0.00375
-0.00362
-0.00349
-0.00335
-0.00321
-0.00306
-0.00292
-0.00276
-0.0026
-0.00244
-0.00228
-0.00211
-0.00194
-0.00177
-0.0016
-0.00142
-0.00124
-0.00106
-0.00088
-0.00069
-0.00051
-0.00033
-0.00015
4e-05
0.00022
0.0004
0.00058
0.00076
0.00094
0.00111
0.00129
0.00146
0.00163
0.0018
0.00197
0.00213
0.00229
0.00245
0.00261
0.00277
0.00291
0.00306
0.0032
0.00334
0.00348
0.00362
0.00375
0.00388
0.004
0.00412
0.00424
0.00435
0.00446
0.00456
0.00466
0.00476
0.00485
0.00493
0.00501
0.00509
0.00516
0.00522
0.00528
0.00534
0.00539
0.00544
0.00548
0.00552
0.00554
0.00557
0.00559
0.00561
0.00562
0.00563
0.00563
0.00563
0.00563
0.00563
0.00562
0.00561
0.00559
0.00558
0.00556
0.00554
0.00551
0.00549
0.00545
0.00543
0.00539
0.00536
0.00532
0.00528
0.00524
0.0052
0.00516
0.00512
0.00506
0.00502
0.00497
0.00492
0.00486
0.00481
0.00475
0.00469
0.00462
0.00456
0.00449
0.00442
0.00435
0.00428
0.0042
0.00413
0.00404
0.00396
0.00387
0.00378
0.00369
0.00359
0.00349
0.0034
0.00329
0.00319
0.00308
0.00297
0.00285
0.00274
0.00262
0.0025
0.00237
0.00225
0.00213
0.002
0.00187
0.00174
0.0016
0.00147
0.00133
0.00119
0.00105
0.00091
0.00077
0.00064
0.00049
0.00036
0.00021
7e-05
-7e-05
-0.0002
-0.00034
-0.00048
-0.00061
-0.00074
-0.00087
-0.001
-0.00113
-0.00125
-0.00137
-0.00149
-0.0016
-0.0017
-0.00182
-0.00191
-0.00201
-0.0021
-0.00219
-0.00228
-0.00236
-0.00243
-0.0025
-0.00257
-0.00263
-0.00268
-0.00273
-0.00277
-0.00281
-0.00284
-0.00288
-0.0029
-0.00292
-0.00293
-0.00294
-0.00294
-0.00294
-0.00293
-0.00292
-0.0029
-0.00288
-0.00286
-0.00283
-0.00279
-0.00276
-0.00271
-0.00267
-0.00262
-0.00257
-0.00251
-0.00245
-0.00239
-0.00233
-0.00226
-0.00219
-0.00212
-0.00205
-0.00197
-0.0019
-0.00182
-0.00174
-0.00165
-0.00158
-0.00149
-0.00141
-0.00132
-0.00124
-0.00115
-0.00107
-0.00098
-0.0009
-0.00081
-0.00072
-0.00063
-0.00054
-0.00045
-0.00037
-0.00028
-0.00019
-0.0001
-1e-05
8e-05
0.00017
0.00026
0.00034
0.00044
0.00053
0.00062
0.0007
0.00079
0.00088
0.00096
0.00105
0.00113
0.00121
0.0013
0.00137
0.00146
0.00153
0.0016
0.00167
0.00175
0.00181
0.00188
0.00194
0.002
0.00206
0.00211
0.00217
0.00222
0.00226
0.00231
0.00235
0.0024
0.00243
0.00247
0.00251
0.00255
0.00258
0.00261
0.00263
0.00266
0.00269
0.00272
0.00274
0.00277
0.00278
0.00281
0.00283
0.00285
0.00286
0.00288
0.00289
0.00291
0.00292
0.00293
0.00294
0.00294
0.00295
0.00296
0.00296
0.00297
0.00296
0.00296
0.00295
0.00295
0.00294
0.00293
0.00292
0.00291
0.00289
0.00287
0.00285
0.00282
0.0028
0.00277
0.00274
0.00271
0.00267
0.00264
0.0026
0.00256
0.00251
0.00247
0.00242
0.00238
0.00232
0.00227
0.00221
0.00215
0.00209
0.00203
0.00197
0.00191
0.00184
0.00177
0.0017
0.00163
0.00155
0.00148
0.00141
0.00134
0.00126
0.00118
0.00111
0.00103
0.00096
0.00089
0.00082
0.00075
0.00067
0.00061
0.00054
0.00047
0.00041
0.00035
0.00029
0.00023
0.00017
0.00012
7e-05
2e-05
-3e-05
-7e-05
-0.00011
-0.00015
-0.00019
-0.00023
-0.00026
-0.00029
-0.00033
-0.00035
-0.00038
-0.0004
-0.00043
-0.00045
-0.00047
-0.00049
-0.0005
-0.00052
-0.00053
-0.00054
-0.00055
-0.00055
-0.00056
-0.00056
-0.00057
-0.00056
-0.00057
-0.00056
-0.00055
-0.00055
-0.00054
-0.00053
-0.00052
-0.0005
-0.00048
-0.00046
-0.00045
-0.00043
-0.00041
-0.00038
-0.00037
-0.00034
-0.00032
-0.00029
-0.00027
-0.00024
-0.00022
-0.00019
-0.00017
-0.00014
-0.00012
-9e-05
-8e-05
-5e-05
-3e-05
-1e-05
1e-05
3e-05
4e-05
7e-05
8e-05
9e-05
0.00011
0.00012
0.00013
0.00014
0.00015
0.00016
0.00016
0.00017
0.00018
0.00019
0.00019
0.00019
0.00019
0.0002
0.00019
0.00019
0.00019
0.00019
0.00019
0.00019
0.00019
0.00019
0.00018
0.00018
0.00017
0.00017
0.00016
0.00016
0.00016
0.00016
0.00016
0.00015
0.00015
0.00015
0.00015
0.00016
0.00016
0.00016
0.00016
0.00017
0.00018
0.00019
0.0002
0.00021
0.00022
0.00024
0.00025
0.00027
0.00028
0.0003
0.00033
0.00035
0.00037
0.0004
0.00043
0.00046
0.00048
0.00052
0.00055
0.00058
0.00061
0.00065
0.00069
0.00072
0.00076
0.00079
0.00083
0.00087
0.0009
0.00094
0.00097
0.001
0.00104
0.00107
0.0011
0.00113
0.00115
0.00118
0.0012
0.00122
0.00123
0.00125
0.00126
0.00127
0.00128
0.00129
0.00128
0.00128
0.00127
0.00127
0.00125
0.00124
0.00122
0.0012
0.00117
0.00114
0.0011
0.00107
0.00103
0.00099
0.00094
0.0009
0.00084
0.00079
0.00073
0.00067
0.0006
0.00054
0.00047
0.0004
0.00032
0.00024
0.00016
7e-05
-1e-05
-9e-05
-0.00018
-0.00027
-0.00037
-0.00046
-0.00056
-0.00066
-0.00076
-0.00085
-0.00096
-0.00106
-0.00116
-0.00126
-0.00137
-0.00147
-0.00157
-0.00167
-0.00177
-0.00187
-0.00197
-0.00206
-0.00216
-0.00225
-0.00235
-0.00244
-0.00253
-0.00262
-0.00271
-0.00279
-0.00288
-0.00296
-0.00303
-0.00311
-0.00319
-0.00325
-0.00333
-0.0034
-0.00346
-0.00352
-0.00359
-0.00364
-0.00371
-0.00375
-0.00381
-0.00385
-0.0039
-0.00394
-0.00398
-0.00401
-0.00403
-0.00406
-0.00408
-0.00409
-0.00411
-0.00411
-0.00411
-0.00411
-0.0041
-0.00408
-0.00406
-0.00404
-0.00401
-0.00397
-0.00393
-0.00389
-0.00384
-0.00378
-0.00372
-0.00366
-0.0036
-0.00352
-0.00345
-0.00337
-0.0033
-0.00321
-0.00313
-0.00305
-0.00297
-0.00288
-0.00279
-0.0027
-0.00261
-0.00251
-0.00242
-0.00232
-0.00223
-0.00213
-0.00204
-0.00194
-0.00184
-0.00173
-0.00164
-0.00153
-0.00143
-0.00132
-0.00121
-0.00109
-0.00098
-0.00086
-0.00074
-0.00061
-0.00049
-0.00035
