1.88463468349052E+03

-0.00143
-0.00137
-0.0013
-0.00125
-0.00118
-0.00112
-0.00106
-0.001
-0.00094
-0.00088
-0.00082
-0.00076
-0.0007
-0.00066
-0.0006
-0.00055
-0.0005
-0.00046
-0.00042
-0.00038
-0.00034
-0.00031
-0.00028
-0.00025
-0.00023
-0.00021
-0.00019
-0.00017
-0.00015
-0.00014
-0.00013
-0.00012
-0.00011
-0.00011
-0.0001
-0.0001
-0.0001
-0.0001
-0.0001
-0.0001
-0.0001
-0.0001
-0.00011
-0.00011
-0.00011
-0.00012
-0.00013
-0.00014
-0.00014
-0.00015
-0.00016
-0.00018
-0.00018
-0.0002
-0.00021
-0.00023
-0.00025
-0.00027
-0.0003
-0.00032
-0.00035
-0.00038
-0.00041
-0.00045
-0.00048
-0.00052
-0.00056
-0.0006
-0.00064
-0.00069
-0.00073
-0.00078
-0.00082
-0.00087
-0.00091
-0.00096
-0.001
-0.00105
-0.00109
-0.00113
-0.00116
-0.00121
-0.00124
-0.00128
-0.0013
-0.00134
-0.00136
-0.00139
-0.00141
-0.00143
-0.00145
-0.00147
-0.00148
-0.00149
-0.0015
-0.00151
-0.00151
-0.00152
-0.00152
-0.00153
-0.00152
-0.00152
-0.00152
-0.00152
-0.00151
-0.00151
-0.00149
-0.00148
-0.00147
-0.00146
-0.00144
-0.00142
-0.0014
-0.00138
-0.00135
-0.00133
-0.00129
-0.00126
-0.00123
-0.00119
-0.00116
-0.00111
-0.00107
-0.00102
-0.00097
-0.00093
-0.00088
-0.00083
-0.00077
-0.00072
-0.00066
-0.00061
-0.00055
-0.00049
-0.00044
-0.00039
-0.00033
-0.00028
-0.00023
-0.00018
-0.00013
-8e-05
-4e-05
0.0
4e-05
7e-05
0.00011
0.00014
0.00017
0.00019
0.00021
0.00023
0.00024
0.00025
0.00026
0.00027
0.00027
0.00026
0.00027
0.00026
0.00025
0.00024
0.00023
0.00021
0.0002
0.00018
0.00017
0.00015
0.00013
0.00011
9e-05
7e-05
6e-05
4e-05
2e-05
0.0
-1e-05
-3e-05
-4e-05
-5e-05
-6e-05
-7e-05
-8e-05
-9e-05
-0.0001
-0.0001
-0.0001
-0.00011
-0.00011
-0.00012
-0.00011
-0.00012
-0.00012
-0.00012
-0.00012
-0.00013
-0.00013
-0.00014
-0.00014
-0.00015
-0.00016
-0.00017
-0.00018
-0.00019
-0.0002
-0.00022
-0.00023
-0.00025
-0.00026
-0.00029
-0.0003
-0.00033
-0.00034
-0.00037
-0.00039
-0.00041
-0.00043
-0.00045
-0.00048
-0.0005
-0.00051
-0.00054
-0.00055
-0.00058
-0.00059
-0.00061
-0.00063
-0.00065
-0.00066
-0.00068
-0.00069
-0.00071
-0.00072
-0.00074
-0.00075
-0.00076
-0.00077
-0.0008
-0.00081
-0.00082
-0.00083
-0.00085
-0.00087
-0.00089
-0.0009
-0.00092
-0.00093
-0.00095
-0.00097
-0.00099
-0.001
-0.00102
-0.00104
-0.00106
-0.00107
-0.00109
-0.0011
-0.00112
-0.00114
-0.00116
-0.00117
-0.00118
-0.0012
-0.00121
-0.00122
-0.00123
-0.00124
-0.00125
-0.00126
-0.00127
-0.00128
-0.00129
-0.00129
-0.0013
-0.00131
-0.00132
-0.00132
-0.00132
-0.00133
-0.00133
-0.00134
-0.00134
-0.00134
-0.00134
-0.00134
-0.00134
-0.00134
-0.00134
-0.00133
-0.00133
-0.00132
-0.00132
-0.00131
-0.0013
-0.00129
-0.00129
-0.00128
-0.00126
-0.00125
-0.00124
-0.00122
-0.00121
-0.00119
-0.00117
-0.00115
-0.00113
-0.00111
-0.00109
-0.00106
-0.00104
-0.00102
-0.00099
-0.00097
-0.00094
-0.00091
-0.00088
-0.00085
-0.00082
-0.00078
-0.00075
-0.00071
-0.00068
-0.00064
-0.0006
-0.00055
-0.00051
-0.00047
-0.00042
-0.00038
-0.00033
-0.00028
-0.00023
-0.00017
-0.00012
-6e-05
-1e-05
6e-05
0.00011
0.00017
0.00023
0.0003
0.00036
0.00042
0.00049
0.00055
0.00062
0.00069
0.00076
0.00083
0.0009
0.00097
0.00105
0.00112
0.00119
0.00127
0.00135
0.00143
0.00151
0.00159
0.00166
0.00175
0.00183
0.00192
0.002
0.00209
0.00217
0.00225
0.00234
0.00243
0.0025
0.00259
0.00267
0.00275
0.00283
0.0029
0.00297
0.00304
0.00311
0.00317
0.00323
0.00329
0.00334
0.00338
0.00342
0.00346
0.00349
0.00352
0.00353
0.00355
0.00356
0.00356
0.00355
0.00354
0.00353
0.00352
0.00349
0.00347
0.00343
0.0034
0.00335
0.00331
0.00326
0.00321
0.00315
0.0031
0.00304
0.00298
0.00291
0.00285
0.00278
0.00271
0.00264
0.00257
0.00249
0.00242
0.00234
0.00227
0.00219
0.00212
0.00203
0.00196
0.00188
0.0018
0.00172
0.00164
0.00156
0.00149
0.0014
0.00133
0.00125
0.00118
0.0011
0.00103
0.00095
0.00088
0.00081
0.00074
0.00068
0.00061
0.00055
0.00049
0.00043
0.00038
0.00033
0.00028
0.00023
0.00019
0.00015
0.00011
7e-05
4e-05
0.0
-2e-05
-6e-05
-8e-05
-0.00011
-0.00014
-0.00016
-0.00019
-0.00021
-0.00024
-0.00027
-0.00029
-0.00032
-0.00035
-0.00038
-0.00041
-0.00045
-0.00048
-0.00052
-0.00055
-0.00059
-0.00064
-0.00068
-0.00072
-0.00076
-0.00081
-0.00086
-0.00091
-0.00096
-0.00101
-0.00107
-0.00112
-0.00118
-0.00124
-0.0013
-0.00136
-0.00142
-0.00149
-0.00155
-0.00161
-0.00168
-0.00174
-0.00182
-0.00189
-0.00196
-0.00203
-0.00211
-0.00218
-0.00226
-0.00234
-0.00242
-0.0025
-0.00259
-0.00267
-0.00276
-0.00284
-0.00293
-0.00301
-0.0031
-0.00319
-0.00328
-0.00336
-0.00345
-0.00353
-0.00362
-0.0037
-0.00379
-0.00387
-0.00395
-0.00403
-0.00411
-0.00418
-0.00425
-0.00432
-0.00439
-0.00446
-0.00452
-0.00458
-0.00465
-0.0047
-0.00476
-0.0048
-0.00485
-0.0049
-0.00494
-0.00498
-0.00501
-0.00504
-0.00507
-0.00509
-0.00512
-0.00513
-0.00515
-0.00515
-0.00516
-0.00516
-0.00516
-0.00514
-0.00513
-0.00511
-0.00508
-0.00505
-0.00501
-0.00497
-0.00492
-0.00486
-0.00481
-0.00473
-0.00466
-0.00458
-0.0045
-0.00441
-0.00432
-0.00421
-0.00411
-0.004
-0.00388
-0.00376
-0.00364
-0.00351
-0.00338
-0.00324
-0.00311
-0.00296
-0.00282
-0.00267
-0.00253
-0.00237
-0.00223
-0.00207
-0.00191
-0.00176
-0.0016
-0.00145
-0.00129
-0.00113
-0.00097
-0.00081
-0.00066
-0.00049
-0.00034
-0.00018
-2e-05
0.00013
0.00028
0.00044
0.00059
0.00074
0.00089
0.00103
0.00118
0.00132
0.00146
0.0016
0.00173
0.00187
0.002
0.00213
0.00225
0.00238
0.00249
0.00262
0.00273
0.00284
0.00295
0.00305
0.00316
0.00326
0.00336
0.00346
0.00355
0.00364
0.00373
0.00382
0.00389
0.00398
0.00405
0.00412
0.00419
0.00425
0.00431
0.00437
0.00442
0.00447
0.00451
0.00455
0.00457
0.0046
0.00462
0.00463
0.00463
0.00463
0.00462
0.00461
0.00458
0.00455
0.00451
0.00447
0.00442
0.00436
0.00429
0.00422
0.00414
0.00406
0.00397
0.00388
0.00378
0.00367
0.00356
0.00345
0.00333
0.00321
0.00309
0.00296
0.00283
0.0027
0.00257
0.00244
0.0023
0.00217
0.00203
0.0019
0.00176
0.00162
0.00148
0.00135
0.00121
0.00107
0.00093
0.00079
0.00066
0.00052
0.00039
0.00025
0.00011
-2e-05
-0.00015
-0.00028
-0.00042
-0.00054
-0.00068
-0.0008
-0.00093
-0.00105
-0.00117
-0.00129
-0.00141
-0.00152
-0.00163
-0.00173
-0.00184
-0.00194
-0.00204
-0.00213
-0.00222
-0.0023
-0.00239
-0.00246
-0.00253
-0.0026
-0.00266
-0.00272
-0.00277
-0.00282
-0.00286
-0.0029
-0.00294
-0.00296
-0.00299
-0.003
-0.00302
-0.00302
-0.00303
-0.00302
-0.00301
-0.003
-0.00298
-0.00296
-0.00293
-0.00289
-0.00285
-0.0028
-0.00276
-0.0027
-0.00264
-0.00257
-0.0025
-0.00242
-0.00235
-0.00226
-0.00217
-0.00208
-0.00198
-0.00189
-0.00178
-0.00168
-0.00157
-0.00146
-0.00135
-0.00124
-0.00113
-0.00101
-0.0009
-0.00078
-0.00067
-0.00055
-0.00044
-0.00032
-0.00021
-0.0001
2e-05
0.00013
0.00024
0.00035
0.00046
0.00057
0.00067
0.00078
0.00088
0.00099
0.00109
0.0012
0.00131
0.00141
0.00151
0.00161
0.00172
0.00182
0.00192
0.00203
0.00212
0.00223
0.00233
0.00243
0.00253
0.00263
0.00273
0.00283
0.00293
0.00303
0.00313
0.00323
0.00333
0.00343
0.00353
0.00363
0.00373
0.00384
0.00394
0.00405
0.00415
0.00426
0.00437
0.00449
0.0046
0.00472
0.00484
0.00496
0.00509
0.00522
0.00535
0.00549
0.00563
0.00578
0.00593
0.00608
0.00624
0.0064
0.00656
0.00673
0.0069
0.00708
0.00726
0.00744
0.00762
0.00781
0.008
0.00819
0.00839
0.00859
0.00878
0.00898
0.00918
0.00938
0.00958
0.00979
0.00999
0.0102
0.0104
0.01061
0.01081
0.01102
0.01122
0.01143
0.01163
0.01184
0.01204
0.01224
0.01244
0.01265
0.01284
0.01305
0.01325
0.01344
0.01364
0.01384
0.01403
0.01423
0.01442
0.01461
0.0148
0.01499
0.01517
0.01536
0.01554
0.01572
0.0159
0.01608
0.01625
0.01643
0.0166
0.01677
0.01694
0.01711
0.01727
0.01744
0.0176
0.01777
0.01792
0.01808
0.01824
0.0184
0.01855
0.01871
0.01886
0.01901
0.01917
0.01931
0.01946
0.01961
0.01975
0.0199
0.02003
0.02017
0.02031
0.02044
0.02057
0.02069
0.02081
0.02093
0.02103
0.02114
0.02124
0.02133
0.02142
0.0215
0.02158
0.02165
0.0217
0.02176
0.0218
0.02185
0.02187
0.0219
0.02192
0.02193
0.02193
0.02193
0.02192
0.02191
0.02189
0.02187
0.02184
0.0218
0.02176
0.02172
0.02168
0.02163
0.02158
0.02153
0.02148
0.02143
0.02137
0.02131
0.02125
0.02119
0.02113
0.02107
0.02101
0.02095
0.02088
0.02082
0.02075
0.02069
0.02062
0.02055
0.02047
0.0204
0.02032
0.02024
0.02015
0.02006
0.01997
0.01988
0.01978
0.01968
0.01957
0.01946
0.01934
0.01922
0.0191
0.01898
0.01884
0.01872
0.01858
0.01845
0.01831
0.01817
0.01803
0.01789
0.01775
0.01761
0.01746
0.01733
0.01719
0.01705
0.01691
0.01678
0.01664
0.01652
0.01639
0.01626
0.01613
0.01601
0.01589
0.01577
0.01565
0.01553
0.01541
0.0153
0.01518
0.01507
0.01495
0.01484
0.01472
0.01461
0.01449
0.01438
0.01426
0.01414
0.01402
0.0139
0.01377
0.01365
0.01352
0.0134
0.01327
0.01315
0.01302
0.01289
0.01276
0.01264
0.01251
0.01239
0.01226
0.01214
0.01202
0.0119
0.01178
0.01167
0.01155
0.01144
0.01133
0.01123
0.01112
0.01102
0.01091
0.01082
0.01072
0.01062
0.01053
0.01044
0.01035
0.01026
0.01017
0.01009
0.01
0.00992
0.00984
0.00976
0.00967
0.00959
0.00951
0.00944
0.00936
0.00928
0.00921
0.00913
0.00906
0.00899
0.00891
0.00885
0.00877
0.00871
0.00864
0.00858
0.00852
0.00846
0.0084
0.00835
0.00829
0.00824
0.00819
0.00813
0.00808
0.00804
0.00799
0.00794
0.00789
0.00785
0.0078
0.00775
0.0077
0.00765
0.0076
0.00755
0.00749
0.00743
0.00737
0.00731
0.00724
0.00717
0.0071
0.00703
0.00695
0.00687
0.00679
0.00671
0.00662
0.00653
0.00643
0.00634
0.00625
0.00615
0.00605
0.00595
0.00585
0.00575
0.00564
0.00554
0.00543
0.00533
0.00523
0.00512
0.00502
0.00491
0.0048
0.0047
0.00459
0.00448
0.00437
0.00426
0.00415
0.00404
0.00392
0.00381
0.00369
0.00357
0.00345
0.00333
0.0032
0.00308
0.00295
0.00283
0.0027
0.00257
0.00244
0.00231
0.00219
0.00206
0.00194
0.00182
0.0017
0.00159
0.00148
0.00138
0.00127
0.00118
0.00109
0.00102
0.00094
0.00088
0.00082
0.00077
0.00073
0.0007
0.00067
0.00066
0.00065
0.00065
0.00065
0.00067
0.00069
0.00072
0.00074
0.00079
0.00082
0.00087
0.00092
0.00097
0.00102
0.00108
0.00113
0.00119
0.00125
0.00131
0.00136
0.00142
0.00147
0.00153
0.00158
0.00163
0.00168
0.00173
0.00178
0.00182
0.00187
0.00191
0.00196
0.002
0.00204
0.00208
0.00212
0.00217
0.0022
0.00225
0.00229
0.00233
0.00237
0.00241
0.00245
0.00249
0.00253
0.00257
0.0026
0.00264
0.00267
0.00271
0.00273
0.00277
0.00279
0.00281
0.00283
0.00285
0.00286
0.00287
0.00288
0.00289
0.00289
0.00289
0.00289
0.00289
0.00287
0.00287
0.00286
0.00285
0.00283
0.00282
0.0028
0.00279
0.00277
0.00275
0.00273
0.00271
0.0027
0.00268
0.00266
0.00265
0.00263
0.00261
0.00259
0.00258
0.00255
0.00254
0.00251
0.00249
0.00247
0.00244
0.00241
0.00238
0.00236
0.00233
0.00229
0.00226
0.00222
0.00219
0.00215
0.00212
0.00208
0.00204
0.002
0.00197
0.00193
0.0019
0.00186
0.00183
0.00181
0.00179
0.00177
0.00175
0.00174
0.00173
0.00173
0.00173
0.00174
0.00175
0.00176
0.00179
0.00181
0.00184
0.00187
0.0019
0.00194
0.00198
0.00202
0.00206
0.0021
0.00215
0.00219
0.00224
0.00228
0.00232
0.00236
0.0024
0.00243
0.00246
0.00249
0.00251
0.00254
0.00255
0.00257
0.00258
0.00258
0.00259
0.00259
0.00259
0.00258
0.00258
0.00256
0.00255
0.00253
0.00252
0.0025
0.00248
0.00246
0.00243
0.00241
0.00239
0.00236
0.00234
0.00231
0.00228
0.00225
0.00223
0.00219
0.00217
0.00213
0.0021
0.00206
0.00203
0.00199
0.00196
0.00192
0.00188
0.00184
0.0018
0.00176
0.00172
0.00167
0.00162
0.00157
0.00153
0.00148
0.00143
0.00138
0.00134
0.00129
0.00124
0.0012
0.00115
0.0011
0.00106
0.00102
0.00098
0.00094
0.00091
0.00087
0.00084
0.0008
0.00078
0.00075
0.00072
0.0007
0.00068
0.00066
0.00065
0.00063
0.00062
0.00061
0.0006
0.00059
0.00059
0.00058
0.00059
0.00059
0.00059
0.00059
0.0006
0.0006
0.00062
0.00063
0.00064
0.00065
0.00067
0.00069
0.00071
0.00073
0.00076
0.00078
0.00082
0.00084
0.00087
0.00091
0.00094
0.00098
0.00102
0.00107
0.00111
0.00116
0.00121
0.00126
0.00131
0.00136
0.00142
0.00148
0.00155
0.00161
0.00167
0.00174
0.00181
0.00188
0.00196
0.00204
0.00212
0.00219
0.00228
0.00236
0.00245
0.00253
0.00263
0.00271
0.00281
0.0029
0.00299
0.00308
0.00317
0.00327
0.00336
0.00345
0.00355
0.00363
0.00372
0.00381
0.00389
0.00397
0.00405
0.00413
0.00421
0.00428
0.00435
0.00441
0.00447
0.00453
0.00459
0.00464
0.00469
0.00473
0.00478
0.00482
0.00486
0.00489
0.00493
0.00496
0.00499
0.00502
0.00504
0.00506
0.00508
0.0051
0.00512
0.00514
0.00515
0.00516
0.00517
0.00518
0.00519
0.00519
0.00519
0.00519
0.00519
0.00519
0.00518
0.00516
0.00515
0.00513
0.00511
0.00509
0.00507
0.00503
0.00501
0.00497
0.00493
0.00488
0.00484
0.00479
0.00475
0.00469
0.00464
0.00458
0.00452
0.00446
0.0044
0.00434
0.00427
0.00421
0.00414
0.00408
0.00402
0.00395
0.00388
0.00382
0.00376
0.00369
0.00363
0.00356
0.0035
0.00344
0.00338
0.00332
0.00326
0.0032
0.00314
0.00308
0.00303
0.00296
0.00291
0.00285
0.0028
0.00274
0.00268
0.00262
0.00257
0.00251
0.00246
0.0024
0.00235
0.00229
0.00224
0.00218
0.00214
0.00208
0.00203
0.00198
0.00193
0.00188
0.00183
0.00178
0.00173
0.00169
0.00164
0.0016
0.00156
0.00151
0.00146
0.00142
0.00138
0.00133
0.00129
0.00124
0.0012
0.00115
0.0011
0.00105
0.001
0.00095
0.0009
0.00085
0.0008
0.00074
0.00069
0.00062
0.00057
0.0005
0.00045
0.00038
0.00032
0.00025
0.00019
0.00012
5e-05
-1e-05
-8e-05
-0.00015
-0.00022
-0.00029
-0.00035
-0.00042
-0.00049
-0.00056
-0.00062
-0.00069
-0.00075
-0.00081
-0.00088
-0.00094
-0.001
-0.00106
-0.00111
-0.00117
-0.00122
-0.00128
-0.00133
-0.00138
-0.00143
-0.00148
-0.00152
-0.00157
-0.00161
-0.00165
-0.00169
-0.00173
-0.00177
-0.0018
-0.00183
-0.00187
-0.00189
-0.00192
-0.00195
-0.00197
-0.00199
-0.00202
-0.00203
-0.00205
-0.00206
-0.00208
-0.00209
-0.00209
-0.0021
-0.0021
-0.0021
-0.0021
-0.0021
-0.0021
-0.00209
-0.00208
-0.00207
-0.00206
-0.00204
-0.00203
-0.00201
-0.002
-0.00197
-0.00195
-0.00193
-0.0019
-0.00187
-0.00185
-0.00181
-0.00178
-0.00175
-0.00171
-0.00167
-0.00164
-0.00159
-0.00155
-0.0015
-0.00145
-0.0014
-0.00135
-0.00129
-0.00123
-0.00117
-0.00111
-0.00104
-0.00098
-0.0009
-0.00083
-0.00075
-0.00068
-0.0006
-0.00052
-0.00044
-0.00036
-0.00028
-0.00019
-0.00011
-3e-05
5e-05
0.00013
0.00021
0.00028
0.00035
0.00042
0.00049
0.00055
0.00061
0.00066
0.00072
0.00076
0.0008
0.00084
0.00088
0.00091
0.00094
0.00096
0.00099
0.001
0.00102
0.00103
0.00105
0.00105
0.00106
0.00107
0.00108
0.00108
0.00109
0.0011
0.0011
0.00112
0.00113
0.00114
0.00116
0.00117
0.00119
0.00121
0.00123
0.00125
0.00128
0.0013
0.00134
0.00136
0.00139
0.00142
0.00145
0.00149
0.00152
0.00156
0.00159
0.00162
0.00166
0.00169
0.00173
0.00176
0.00179
0.00182
0.00186
0.00189
0.00192
0.00195
0.00198
0.00201
0.00204
0.00207
0.00211
0.00214
0.00217
0.0022
0.00224
0.00227
0.0023
0.00233
0.00237
0.0024
0.00243
0.00246
0.00249
0.00252
0.00255
0.00258
0.00261
0.00263
0.00265
0.00267
0.00269
0.0027
0.00272
0.00272
0.00273
0.00273
0.00273
0.00272
0.00271
0.0027
0.00268
0.00266
0.00264
0.00261
0.00259
0.00255
0.00252
0.00248
0.00245
0.0024
0.00237
0.00232
0.00228
0.00223
0.00218
0.00214
0.0021
0.00205
0.00201
0.00196
0.00192
0.00187
0.00183
0.00179
0.00175
0.0017
0.00167
0.00162
0.00158
0.00154
0.0015
0.00146
0.00142
0.00138
0.00134
0.0013
0.00126
0.00121
0.00117
0.00112
0.00107
0.00102
0.00098
0.00092
0.00087
0.00081
0.00076
0.0007
0.00064
0.00058
0.00053
0.00046
0.0004
0.00034
0.00028
0.00021
0.00015
9e-05
3e-05
-4e-05
-0.0001
-0.00016
-0.00022
-0.00028
-0.00033
-0.00039
-0.00044
-0.0005
-0.00055
-0.0006
-0.00064
-0.0007
-0.00074
-0.00079
-0.00083
-0.00087
-0.00092
-0.00096
-0.001
-0.00104
-0.00108
-0.00112
-0.00116
-0.00121
-0.00125
-0.0013
-0.00134
-0.00139
-0.00144
-0.0015
-0.00155
-0.00161
-0.00166
-0.00173
-0.00179
-0.00186
-0.00192
-0.002
-0.00207
-0.00214
-0.00222
-0.0023
-0.00237
-0.00245
-0.00253
-0.00262
-0.00269
-0.00277
-0.00285
-0.00292
-0.003
-0.00307
-0.00313
-0.0032
-0.00326
-0.00332
-0.00337
-0.00342
-0.00346
-0.0035
-0.00353
-0.00356
-0.00358
-0.0036
-0.00361
-0.00362
-0.00362
-0.00361
-0.0036
-0.00358
-0.00356
-0.00354
-0.0035
-0.00347
-0.00343
-0.00339
-0.00334
-0.0033
-0.00324
-0.00318
-0.00312
-0.00306
-0.003
-0.00293
-0.00285
-0.00278
-0.0027
-0.00262
-0.00254
-0.00245
-0.00236
-0.00227
-0.00218
-0.00209
-0.00198
-0.00189
-0.00178
-0.00168
-0.00157
-0.00146
-0.00134
-0.00123
-0.00111
-0.00099
-0.00087
-0.00075
-0.00062
-0.0005
-0.00037
-0.00025
-0.00012
0.0
0.00013
0.00025
0.00037
0.0005
0.00062
0.00074
0.00086
0.00097
0.00109
0.0012
0.00132
0.00142
0.00153
0.00163
0.00174
0.00183
0.00193
0.00202
0.00212
0.00221
0.0023
0.00239
0.00248
0.00256
0.00265
0.00273
0.00282
0.0029
0.00298
0.00306
0.00314
0.00322
0.0033
0.00337
0.00345
0.00352
0.0036
0.00367
0.00374
0.0038
0.00387
0.00393
0.004
0.00405
0.00411
0.00415
0.00421
0.00425
0.0043
0.00434
0.00437
0.00441
0.00444
0.00447
0.0045
0.00452
0.00455
0.00457
0.00459
0.00461
0.00463
0.00464
0.00466
0.00467
0.00469
0.00471
0.00472
0.00473
0.00475
0.00477
0.00478
0.00479
0.00481
0.00482
0.00484
0.00485
0.00487
0.00487
0.00489
0.00489
0.0049
0.00491
0.00491
0.00491
0.00491
0.0049
0.0049
0.00489
0.00488
0.00486
0.00485
0.00482
0.0048
0.00477
0.00475
0.00472
0.00469
0.00466
0.00463
0.0046
0.00457
0.00453
0.0045
0.00447
0.00444
0.00441
0.00439
0.00435
0.00433
0.0043
0.00429
0.00426
0.00425
0.00423
0.00421
0.0042
0.00419
0.00418
0.00417
0.00416
0.00416
0.00415
0.00415
0.00414
0.00413
0.00413
0.00413
0.00412
0.00412
0.00411
0.00411
0.0041
0.0041
0.00409
0.00409
0.00408
0.00408
0.00407
0.00407
0.00405
0.00405
0.00404
0.00403
0.00402
0.00401
0.004
0.00398
0.00397
0.00396
0.00394
0.00392
0.00389
0.00387
0.00384
0.00382
0.00378
0.00375
0.0037
0.00366
0.00361
0.00356
0.0035
0.00344
0.00337
0.0033
0.00323
0.00315
0.00307
0.00298
0.00289
0.0028
0.0027
0.0026
0.00249
0.00239
0.00228
0.00217
0.00206
0.00194
0.00183
0.00171
0.00159
0.00148
0.00135
0.00124
0.00112
0.001
0.00088
0.00076
0.00064
0.00052
0.0004
0.00028
0.00016
4e-05
-7e-05
-0.00019
-0.0003
-0.00041
-0.00053
-0.00064
-0.00076
-0.00087
-0.00098
-0.00109
-0.0012
-0.0013
-0.0014
-0.00151
-0.0016
-0.0017
-0.0018
-0.00188
-0.00197
-0.00205
-0.00214
-0.00221
-0.00229
-0.00236
-0.00243
-0.00249
-0.00255
-0.0026
-0.00266
-0.00271
-0.00275
-0.0028
-0.00284
-0.00287
-0.00291
-0.00294
-0.00297
-0.003
-0.00302
-0.00304
-0.00307
-0.00308
-0.00311
-0.00312
-0.00314
-0.00315
-0.00316
-0.00317
-0.00318
-0.00319
-0.00319
-0.00319
-0.0032
-0.00319
-0.00319
-0.00318
-0.00318
-0.00317
-0.00316
-0.00314
-0.00312
-0.0031
-0.00308
-0.00306
-0.00302
-0.00299
-0.00296
-0.00292
-0.00288
-0.00284
-0.00279
-0.00274
-0.0027
-0.00264
-0.00259
-0.00253
-0.00248
-0.00242
-0.00236
-0.0023
-0.00224
-0.00218
-0.00211
-0.00205
-0.00199
-0.00192
-0.00186
-0.00179
-0.00173
-0.00166
-0.0016
-0.00152
-0.00146
-0.00139
-0.00133
-0.00127
-0.0012
-0.00113
-0.00107
-0.00101
-0.00095
-0.00088
-0.00082
-0.00076
-0.00071
-0.00065
-0.00059
-0.00053
-0.00048
-0.00043
-0.00038
-0.00034
-0.00029
-0.00024
-0.0002
-0.00016
-0.00012
-8e-05
-5e-05
-1e-05
1e-05
5e-05
7e-05
0.0001
0.00013
0.00015
0.00017
0.00019
0.00021
0.00024
0.00025
0.00027
0.00029
0.00031
0.00032
0.00034
0.00035
0.00036
0.00037
0.00039
0.00039
0.0004
0.00041
0.00041
0.00042
0.00043
0.00043
0.00043
0.00043
0.00043
0.00042
0.00042
0.0004
0.0004
0.00038
0.00038
0.00036
0.00034
0.00032
0.0003
0.00028
0.00026
0.00024
0.00021
0.00019
0.00016
0.00013
0.00011
8e-05
5e-05
2e-05
-0.0
-3e-05
-6e-05
-9e-05
-0.00012
-0.00015
-0.00018
-0.00021
-0.00023
-0.00027
-0.00029
-0.00033
-0.00035
-0.00039
-0.00041
-0.00045
-0.00048
-0.00051
-0.00054
-0.00058
-0.00061
-0.00064
-0.00068
-0.00071
-0.00074
-0.00078
-0.00081
-0.00085
-0.00088
-0.00092
-0.00095
-0.00099
-0.00102
-0.00105
-0.00108
-0.00112
-0.00115
-0.00117
-0.0012
-0.00123
-0.00125
-0.00128
-0.00129
-0.00132
-0.00133
-0.00135
-0.00137
-0.00139
-0.00139
-0.00141
-0.00141
-0.00142
-0.00143
-0.00143
-0.00143
-0.00143
-0.00142
-0.00142
-0.0014
-0.00139
-0.00137
-0.00136
-0.00134
-0.00132
-0.00129
-0.00126
-0.00122
-0.00119
-0.00115
-0.00111
-0.00106
-0.00101
-0.00095
-0.0009
-0.00084
-0.00078
-0.00071
-0.00064
-0.00056
-0.00049
-0.00041
-0.00033
-0.00025
-0.00017
-8e-05
0.0
9e-05
0.00018
0.00027
0.00035
0.00044
0.00053
0.00062
0.0007
0.00078
0.00086
0.00095
0.00102
0.00109
0.00116
0.00123
0.0013
0.00136
0.00142
0.00148
0.00153
0.00158
0.00162
0.00167
0.00171
0.00175
0.00178
0.00181
0.00184
0.00187
0.00189
0.00191
0.00193
0.00194
0.00196
0.00197
0.00197
0.00199
0.00199
0.002
0.00199
0.002
0.00199
0.00199
0.00198
0.00197
0.00195
0.00194
0.00192
0.0019
0.00188
0.00186
0.00182
0.0018
0.00176
0.00173
0.00168
0.00164
0.00159
0.00155
0.00149
0.00144
0.00138
0.00132
0.00126
0.0012
0.00113
0.00107
0.00099
0.00093
0.00086
0.00079
0.00071
0.00065
0.00057
0.00051
0.00043
0.00037
0.0003
0.00023
0.00017
0.00011
5e-05
-0.0
-6e-05
-0.00011
-0.00016
-0.00021
-0.00025
-0.00029
-0.00033
-0.00037
-0.0004
-0.00043
-0.00046
-0.00048
-0.0005
-0.00052
-0.00054
-0.00055
-0.00057
-0.00057
-0.00058
-0.00058
-0.00059
-0.00059
-0.00059
-0.00058
-0.00058
-0.00057
-0.00057
-0.00056
-0.00055
-0.00054
-0.00053
-0.00052
-0.00051
-0.0005
-0.00049
-0.00047
-0.00047
-0.00045
-0.00045
-0.00044
-0.00043
-0.00043
-0.00042
-0.00042
-0.00042
-0.00042
-0.00042
-0.00042
-0.00044
-0.00044
-0.00045
-0.00047
-0.00049
-0.0005
-0.00053
-0.00055
-0.00058
-0.0006
-0.00063
-0.00067
-0.0007
-0.00073
-0.00077
-0.00081
-0.00085
-0.00089
-0.00094
-0.00098
-0.00103
-0.00107
-0.00112
-0.00116
-0.00121
-0.00126
-0.00131
-0.00136
-0.00141
-0.00145
-0.0015
-0.00155
-0.00161
-0.00165
-0.00171
-0.00176
-0.00181
-0.00186
-0.00192
-0.00197
-0.00202
-0.00208
-0.00213
-0.00219
-0.00224
-0.00229
-0.00235
-0.0024
-0.00245
-0.0025
-0.00255
-0.0026
-0.00265
-0.0027
-0.00275
-0.00279
-0.00283
-0.00288
-0.00292
-0.00296
-0.00299
-0.00302
-0.00306
-0.00309
-0.00312
-0.00315
-0.00318
-0.0032
-0.00323
-0.00324
-0.00327
-0.00328
-0.00331
-0.00332
-0.00334
-0.00336
-0.00338
-0.00339
-0.00341
-0.00342
-0.00344
-0.00345
-0.00347
-0.00348
-0.0035
-0.00351
-0.00352
-0.00353
-0.00354
-0.00355
-0.00356
-0.00357
-0.00357
-0.00357
-0.00357
-0.00356
-0.00356
-0.00355
-0.00354
-0.00353
-0.00351
-0.00349
-0.00347
-0.00344
-0.00341
-0.00338
-0.00335
-0.00331
-0.00327
-0.00323
-0.00318
-0.00313
-0.00309
-0.00303
-0.00298
-0.00292
-0.00286
-0.0028
-0.00274
-0.00267
-0.00261
-0.00254
-0.00248
-0.00241
-0.00234
-0.00227
-0.00219
-0.00212
-0.00205
-0.00197
-0.00189
-0.00181
-0.00173
-0.00165
-0.00157
-0.00148
-0.0014
-0.00131
-0.00122
-0.00113
-0.00104
-0.00094
-0.00085
-0.00075
-0.00066
-0.00055
-0.00046
-0.00035
-0.00026
-0.00015
-6e-05
5e-05
0.00015
0.00025
0.00034
0.00044
0.00054
0.00064
0.00073
0.00083
0.00092
0.00102
0.00111
0.0012
0.00129
0.00138
0.00147
0.00156
0.00164
0.00173
0.00181
0.0019
0.00198
0.00207
0.00215
0.00224
0.00231
0.0024
0.00247
0.00255
0.00263
0.0027
0.00277
0.00285
0.00291
0.00298
0.00304
0.0031
0.00316
0.00321
0.00326
0.0033
0.00334
0.00338
0.0034
0.00343
0.00344
0.00346
0.00347
0.00347
0.00347
0.00346
0.00345
0.00343
0.0034
0.00338
0.00335
0.00331
0.00327
0.00323
0.00317
0.00313
0.00307
0.00302
0.00295
0.00289
0.00283
0.00276
0.00269
0.00262
0.00255
0.00247
0.0024
0.00232
0.00223
0.00215
0.00207
0.00198
0.00189
0.0018
0.00171
0.00162
0.00151
0.00141
0.00131
0.0012
0.00109
0.00098
0.00086
0.00074
0.00062
0.0005
0.00037
0.00025
0.00011
-1e-05
-0.00015
-0.00028
-0.00042
-0.00055
-0.00069
-0.00082
-0.00095
-0.00109
-0.00122
-0.00134
-0.00147
-0.00159
-0.00172
-0.00183
-0.00195
-0.00206
-0.00217
-0.00227
-0.00237
-0.00247
-0.00256
-0.00265
-0.00273
-0.00281
-0.00288
-0.00295
-0.00302
-0.00308
-0.00314
-0.00319
-0.00324
-0.00329
-0.00334
-0.00337
-0.00341
-0.00344
-0.00348
-0.0035
-0.00353
-0.00354
-0.00356
-0.00357
-0.00359
-0.00359
-0.0036
-0.00359
-0.00359
-0.00359
-0.00358
-0.00355
-0.00354
-0.00351
-0.00348
-0.00345
-0.0034
-0.00336
-0.0033
-0.00324
-0.00319
-0.00311
-0.00304
-0.00296
-0.00288
-0.00278
-0.00269
-0.00258
-0.00248
-0.00237
-0.00226
-0.00214
-0.00202
-0.0019
-0.00177
-0.00164
-0.00151
-0.00138
-0.00125
-0.00111
-0.00099
-0.00086
-0.00073
-0.0006
-0.00048
-0.00037
-0.00025
-0.00014
-4e-05
7e-05
0.00016
0.00025
0.00033
0.00041
0.00048
0.00055
0.0006
0.00066
0.0007
0.00074
0.00077
0.0008
0.00081
0.00082
0.00083
0.00083
0.00083
0.00082
0.0008
0.00078
0.00075
0.00073
0.00069
0.00065
0.0006
0.00056
0.0005
0.00044
0.00038
0.00032
0.00025
0.00018
0.00011
3e-05
-5e-05
-0.00013
-0.00022
-0.0003
-0.00039
-0.00048
-0.00057
-0.00066
-0.00076
-0.00085
-0.00095
-0.00104
-0.00113
-0.00123
-0.00132
-0.00141
-0.0015
-0.00158
-0.00167
-0.00175
-0.00183
-0.00191
-0.00199
-0.00205
-0.00212
-0.00218
-0.00224
-0.00229
-0.00234
-0.00238
-0.00242
-0.00245
-0.00249
-0.00251
-0.00253
-0.00254
-0.00255
-0.00256
-0.00256
-0.00256
-0.00255
-0.00254
-0.00253
-0.00251
-0.00248
-0.00246
-0.00243
-0.0024
-0.00237
-0.00232
-0.00229
-0.00224
-0.0022
-0.00215
-0.0021
-0.00204
-0.00199
-0.00194
-0.00188
-0.00182
-0.00176
-0.0017
-0.00164
-0.00157
-0.00151
-0.00144
-0.00137
-0.0013
-0.00124
-0.00116
-0.0011
-0.00103
-0.00096
-0.00089
-0.00083
-0.00076
-0.00069
-0.00063
-0.00057
-0.00051
-0.00045
-0.0004
-0.00035
-0.00029
-0.00025
-0.0002
-0.00017
-0.00012
-9e-05
-6e-05
-3e-05
-1e-05
2e-05
4e-05
5e-05
7e-05
8e-05
9e-05
0.0001
0.00011
0.00012
0.00012
0.00012
0.00013
0.00013
0.00014
0.00014
0.00015
0.00015
0.00016
0.00017
0.00018
0.00019
0.00021
0.00021
0.00023
0.00025
0.00027
0.00028
0.00031
0.00033
0.00035
0.00037
0.00039
0.00041
0.00044
0.00046
0.00049
0.00051
0.00053
0.00055
0.00058
0.0006
0.00062
0.00063
0.00065
0.00067
0.00068
0.0007
0.00071
0.00072
0.00074
0.00075
0.00076
0.00076
0.00078
0.00079
0.0008
0.00081
0.00082
0.00083
0.00085
0.00086
0.00087
0.00089
0.00091
0.00093
0.00095
0.00097
0.001
0.00102
0.00106
0.00109
0.00112
0.00115
0.00119
0.00123
0.00127
0.00131
0.00136
0.0014
0.00145
0.0015
0.00155
0.0016
0.00166
0.00171
0.00176
0.00181
0.00187
0.00192
0.00198
0.00203
0.00209
0.00214
0.00219
0.00225
0.0023
0.00235
0.0024
0.00245
0.0025
0.00253
0.00258
0.00262
0.00266
0.00269
0.00272
0.00275
0.00278
0.00279
0.00281
0.00282
0.00283
0.00284
0.00284
0.00284
0.00284
0.00282
0.0028
0.00278
0.00275
0.00272
0.00268
0.00263
0.00259
0.00254
0.00248
0.00241
0.00235
0.00228
0.0022
0.00212
0.00204
0.00194
0.00185
0.00175
0.00166
0.00155
0.00145
0.00133
0.00123
0.00111
0.001
0.00088
0.00076
0.00064
0.00052
0.0004
0.00028
0.00015
3e-05
-0.0001
-0.00022
-0.00035
-0.00047
-0.0006
-0.00072
-0.00085
-0.00097
-0.0011
-0.00122
-0.00134
-0.00146
-0.00157
-0.00169
-0.00181
-0.00192
-0.00204
-0.00214
-0.00226
-0.00236
-0.00247
-0.00257
-0.00267
-0.00277
-0.00286
-0.00296
-0.00305
-0.00314
-0.00322
-0.0033
-0.00339
-0.00346
-0.00354
-0.00361
-0.00368
-0.00375
-0.00382
-0.00388
-0.00394
-0.004
-0.00406
-0.00412
-0.00417
-0.00422
-0.00426
-0.00431
-0.00436
-0.00439
-0.00443
-0.00447
-0.00451
-0.00453
-0.00456
-0.00459
-0.00461
-0.00463
-0.00465
-0.00466
-0.00467
-0.00468
-0.00468
-0.00467
-0.00468
-0.00466
-0.00465
-0.00463
-0.00462
-0.00459
-0.00457
-0.00453
-0.0045
-0.00447
-0.00443
-0.00439
-0.00434
-0.00429
-0.00424
-0.00418
-0.00413
-0.00407
-0.00401
-0.00395
-0.00389
-0.00382
-0.00376
-0.00369
-0.00363
-0.00357
-0.0035
-0.00344
-0.00337
-0.0033
-0.00323
-0.00316
-0.0031
-0.00303
-0.00296
-0.00289
-0.00282
-0.00275
-0.00268
-0.0026
-0.00253
-0.00245
-0.00238
-0.0023
-0.00222
-0.00214
-0.00205
-0.00197
-0.00189
-0.00179
-0.00171
-0.00161
-0.00152
-0.00143
-0.00134
-0.00124
-0.00114
-0.00104
-0.00095
-0.00085
-0.00075
-0.00065
-0.00056
-0.00046
-0.00037
-0.00027
-0.00018
-9e-05
-1e-05
8e-05
0.00016
0.00025
0.00033
0.00041
0.00048
0.00055
0.00062
0.00069
0.00076
0.00083
0.00089
0.00096
0.00101
0.00108
0.00113
0.0012
0.00125
0.00131
0.00137
0.00143
0.00149
0.00155
0.00162
0.00168
0.00175
0.00181
0.00188
0.00195
0.00202
0.00209
0.00216
0.00224
0.00231
0.00239
0.00247
0.00255
0.00262
0.0027
0.00278
0.00286
0.00293
0.00301
0.00308
0.00316
0.00323
0.00331
0.00338
0.00345
0.00351
0.00358
0.00364
0.0037
0.00376
0.00382
0.00388
0.00393
0.00399
0.00404
0.00409
0.00414
0.00418
0.00423
0.00427
0.00432
0.00436
0.0044
0.00444
0.00448
0.00451
0.00454
0.00457
0.0046
0.00463
0.00466
0.00467
0.00469
0.0047
0.00471
0.00472
0.00472
0.00471
0.00471
0.0047
0.00468
0.00466
0.00463
0.0046
0.00456
0.00452
0.00447
0.00441
0.00436
0.0043
0.00424
0.00416
0.00409
0.00401
0.00394
0.00386
0.00377
0.00369
0.0036
0.00351
0.00343
0.00334
0.00325
0.00316
0.00307
0.00298
0.0029
0.00281
0.00272
0.00263
0.00256
0.00247
0.00239
0.00231
0.00223
0.00215
0.00207
0.00199
0.00192
0.00184
0.00177
0.00169
0.00162
0.00154
0.00147
0.00139
0.00132
0.00124
0.00117
0.0011
0.00103
0.00096
0.00089
0.00082
0.00076
0.00069
0.00063
0.00057
0.00051
0.00045
0.0004
0.00034
0.0003
0.00025
0.0002
0.00016
0.00012
8e-05
5e-05
2e-05
-1e-05
-4e-05
-6e-05
-9e-05
-0.0001
-0.00013
-0.00014
-0.00016
-0.00017
-0.00019
-0.0002
-0.00021
-0.00022
-0.00023
-0.00024
-0.00025
-0.00025
-0.00026
-0.00027
-0.00028
-0.00028
-0.00028
-0.00028
-0.00029
-0.00029
-0.00029
-0.0003
-0.0003
-0.0003
-0.0003
-0.0003
-0.0003
-0.00029
-0.0003
-0.00029
-0.0003
-0.00029
-0.00029
-0.00029
-0.00029
-0.00029
-0.00029
-0.00029
-0.00029
-0.0003
-0.0003
-0.0003
-0.0003
-0.00031
-0.00032
-0.00032
-0.00033
-0.00033
-0.00034
-0.00035
-0.00036
-0.00036
-0.00037
-0.00037
-0.00038
-0.00039
-0.00039
-0.0004
-0.0004
-0.0004
-0.00041
-0.0004
-0.00041
-0.0004
-0.0004
-0.00039
-0.00039
-0.00038
-0.00038
-0.00037
-0.00037
-0.00036
-0.00035
-0.00034
-0.00033
-0.00032
-0.00032
-0.00031
-0.00031
-0.0003
-0.0003
-0.0003
-0.0003
-0.00029
-0.00029
-0.0003
-0.0003
-0.0003
-0.00031
-0.00031
-0.00032
-0.00032
-0.00033
-0.00033
-0.00034
-0.00035
-0.00036
-0.00036
-0.00037
-0.00037
-0.00037
-0.00038
-0.00038
-0.00038
-0.00038
-0.00037
-0.00037
-0.00035
-0.00035
-0.00033
-0.00032
-0.0003
-0.00029
-0.00026
-0.00024
-0.00021
-0.00019
-0.00016
-0.00013
-9e-05
-6e-05
-1e-05
3e-05
7e-05
0.00011
0.00016
0.00021
0.00027
0.00032
0.00038
0.00044
0.0005
0.00056
0.00063
0.0007
0.00077
0.00084
0.00092
0.001
0.00108
0.00115
0.00124
0.00132
0.00141
0.0015
0.00159
0.00168
0.00178
0.00187
0.00197
0.00206
0.00215
0.00225
0.00235
0.00245
0.00255
0.00264
0.00274
0.00283
0.00292
0.00301
0.0031
0.00318
0.00327
0.00335
0.00342
0.0035
0.00356
0.00363
0.00369
0.00374
0.0038
0.00384
0.00388
0.00391
0.00394
0.00396
0.00398
0.00398
0.00399
0.00398
0.00397
0.00396
0.00393
0.0039
0.00387
0.00383
0.00379
0.00373
0.00368
0.00362
0.00356
0.00348
0.00342
0.00334
0.00326
0.00318
0.00309
0.00301
0.00292
0.00283
0.00274
0.00265
0.00256
0.00246
0.00237
0.00228
0.00219
0.00209
0.002
0.00191
0.00182
0.00173
0.00164
0.00155
0.00146
0.00137
0.00129
0.0012
0.00112
0.00103
0.00095
0.00086
0.00078
0.00069
0.00062
0.00053
0.00046
0.00038
0.0003
0.00022
0.00014
7e-05
0.0
-7e-05
-0.00014
-0.00021
-0.00028
-0.00035
-0.00041
-0.00047
-0.00053
-0.00059
-0.00064
-0.0007
-0.00075
-0.0008
-0.00085
-0.0009
-0.00094
-0.00098
-0.00102
-0.00106
-0.00109
-0.00113
-0.00116
-0.00119
-0.00121
-0.00124
-0.00126
-0.00129
-0.0013
-0.00132
-0.00134
-0.00135
-0.00136
-0.00136
-0.00137
-0.00138
-0.00137
-0.00138
-0.00137
-0.00136
-0.00135
-0.00134
-0.00133
-0.00131
-0.00129
-0.00127
-0.00125
-0.00122
-0.00119
-0.00116
-0.00112
-0.00109
-0.00104
-0.001
-0.00095
-0.00091
-0.00085
-0.00081
-0.00075
-0.00069
-0.00064
-0.00058
-0.00052
-0.00046
-0.00039
-0.00033
-0.00026
-0.0002
-0.00013
-7e-05
0.0
6e-05
0.00013
0.00019
0.00026
0.00032
0.00038
0.00044
0.0005
0.00056
0.00063
0.00068
0.00074
0.00079
0.00085
0.0009
0.00095
0.001
0.00105
0.00109
0.00114
0.00118
0.00123
0.00127
0.00131
0.00135
0.0014
0.00144
0.00148
0.00151
0.00155
0.00159
0.00163
0.00166
0.0017
0.00173
0.00177
0.0018
0.00183
0.00186
0.00188
0.00191
0.00194
0.00196
0.00198
0.00199
0.00202
0.00202
0.00204
0.00204
0.00205
0.00205
0.00205
0.00204
0.00203
0.00202
0.00201
0.00199
0.00197
0.00195
0.00192
0.00189
0.00186
0.00183
0.0018
0.00176
0.00172
0.00168
0.00165
0.0016
0.00156
0.00152
0.00148
0.00144
0.0014
0.00136
0.00133
0.00128
0.00125
0.00121
0.00118
0.00114
0.00111
0.00107
0.00105
0.00101
0.00098
0.00095
0.00092
0.00089
0.00087
0.00084
0.00082
0.00078
0.00076
0.00074
0.00071
0.00069
0.00066
0.00064
0.00062
0.0006
0.00058
0.00056
0.00053
0.00052
0.0005
0.00049
0.00048
0.00046
0.00046
0.00045
0.00044
0.00044
0.00044
0.00043
0.00044
0.00044
0.00045
0.00046
0.00047
0.00048
0.00049
0.00051
0.00052
0.00053
0.00056
0.00057
0.00059
0.00061
0.00063
0.00065
0.00067
0.00069
0.00071
0.00073
0.00074
0.00077
0.00079
0.0008
0.00082
0.00084
0.00086
0.00087
0.0009
0.00091
0.00093
0.00095
0.00097
0.00099
0.00101
0.00103
0.00105
0.00107
0.0011
0.00112
0.00115
0.00117
0.0012
0.00122
0.00126
0.00128
0.00131
0.00134
0.00137
0.0014
0.00143
0.00146
0.00149
0.00152
0.00155
0.00158
0.00161
0.00164
0.00167
0.00169
0.00172
0.00174
0.00176
0.00178
0.0018
0.00182
0.00183
0.00185
0.00186
0.00187
0.00188
0.00189
0.0019
0.00191
0.00192
0.00192
0.00193
0.00193
0.00194
0.00194
0.00195
0.00195
0.00195
0.00195
0.00195
0.00196
0.00196
0.00196
0.00197
0.00196
0.00197
0.00197
0.00197
0.00197
0.00197
0.00197
0.00197
0.00197
0.00197
0.00196
0.00196
0.00195
0.00195
0.00194
0.00193
0.00192
0.00191
0.00189
0.00187
0.00185
0.00183
0.0018
0.00179
0.00175
0.00173
0.00169
0.00166
0.00163
0.00159
0.00156
0.00152
0.00147
0.00144
0.00139
0.00135
0.00131
0.00127
0.00122
0.00118
0.00113
0.00109
0.00105
0.001
0.00096
0.00092
0.00088
0.00085
0.0008
0.00077
0.00073
0.0007
0.00067
0.00064
0.00061
0.00058
0.00056
0.00053
0.00051
0.00048
0.00047
0.00045
0.00043
0.00042
0.0004
0.00039
0.00038
0.00037
0.00036
0.00035
0.00034
0.00034
0.00034
0.00033
0.00033
0.00032
0.00032
0.00032
0.00032
0.00033
0.00032
0.00033
0.00033
0.00033
0.00033
0.00033
0.00033
0.00034
0.00033
0.00033
0.00033
0.00033
0.00033
0.00033
0.00033
0.00033
0.00032
0.00032
0.00032
0.00032
0.00031
0.00031
0.0003
0.0003
0.00029
0.00029
0.00028
0.00028
0.00028
0.00028
0.00027
0.00028
0.00027
0.00028
0.00028
0.00028
0.00028
0.00029
0.00029
0.00031
0.00031
0.00032
0.00033
0.00034
0.00035
0.00037
0.00038
0.00039
0.0004
0.00042
0.00043
0.00045
0.00046
0.00047
0.00048
0.0005
0.00051
0.00052
0.00053
0.00054
0.00055
0.00056
0.00057
0.00058
0.00058
0.00059
0.0006
0.00061
0.00061
0.00062
0.00062
0.00064
0.00064
0.00065
0.00065
0.00065
0.00066
0.00067
0.00068
0.00069
0.00069
0.00069
0.0007
0.00071
