1.92889335497656E+03

0.0006
0.00054
0.00049
0.00042
0.00037
0.00031
0.00025
0.00019
0.00013
8e-05
3e-05
-2e-05
-6e-05
-0.00011
-0.00015
-0.00019
-0.00022
-0.00025
-0.00027
-0.00029
-0.0003
-0.00031
-0.00032
-0.00032
-0.00031
-0.0003
-0.00028
-0.00026
-0.00023
-0.0002
-0.00016
-0.00012
-6e-05
-1e-05
5e-05
0.00011
0.00019
0.00026
0.00034
0.00042
0.00051
0.0006
0.0007
0.0008
0.00091
0.00101
0.00112
0.00123
0.00135
0.00146
0.00158
0.0017
0.00183
0.00194
0.00206
0.00219
0.00231
0.00243
0.00255
0.00267
0.00279
0.0029
0.00302
0.00313
0.00324
0.00334
0.00345
0.00355
0.00365
0.00374
0.00382
0.00391
0.00398
0.00406
0.00413
0.0042
0.00426
0.00431
0.00436
0.0044
0.00444
0.00447
0.00449
0.00451
0.00453
0.00453
0.00453
0.00452
0.0045
0.00448
0.00446
0.00442
0.00438
0.00432
0.00427
0.0042
0.00414
0.00405
0.00397
0.00387
0.00378
0.00368
0.00356
0.00345
0.00332
0.0032
0.00307
0.00293
0.00279
0.00264
0.0025
0.00235
0.0022
0.00204
0.00189
0.00173
0.00158
0.00142
0.00126
0.00111
0.00095
0.0008
0.00065
0.0005
0.00035
0.0002
6e-05
-8e-05
-0.00022
-0.00035
-0.00048
-0.00062
-0.00074
-0.00086
-0.00098
-0.0011
-0.00121
-0.00132
-0.00143
-0.00153
-0.00163
-0.00173
-0.00182
-0.00191
-0.002
-0.00209
-0.00217
-0.00225
-0.00232
-0.00239
-0.00246
-0.00252
-0.00258
-0.00263
-0.00268
-0.00273
-0.00277
-0.00281
-0.00284
-0.00286
-0.00288
-0.0029
-0.00291
-0.00292
-0.00291
-0.0029
-0.00289
-0.00287
-0.00285
-0.00281
-0.00278
-0.00273
-0.00268
-0.00263
-0.00256
-0.0025
-0.00242
-0.00235
-0.00226
-0.00217
-0.00208
-0.00198
-0.00187
-0.00177
-0.00165
-0.00154
-0.00141
-0.00129
-0.00116
-0.00103
-0.00089
-0.00076
-0.00061
-0.00047
-0.00033
-0.00019
-3e-05
0.00012
0.00026
0.00041
0.00056
0.00071
0.00086
0.00101
0.00116
0.0013
0.00145
0.00159
0.00174
0.00188
0.00202
0.00215
0.00229
0.00241
0.00254
0.00266
0.00278
0.0029
0.00302
0.00313
0.00324
0.00334
0.00344
0.00354
0.00364
0.00372
0.00381
0.00389
0.00397
0.00405
0.00412
0.00419
0.00425
0.00431
0.00437
0.00442
0.00448
0.00452
0.00456
0.0046
0.00464
0.00466
0.0047
0.00471
0.00474
0.00475
0.00477
0.00478
0.00478
0.00479
0.00479
0.00478
0.00478
0.00476
0.00475
0.00474
0.00472
0.0047
0.00468
0.00465
0.00463
0.0046
0.00457
0.00453
0.0045
0.00446
0.00443
0.00439
0.00435
0.00431
0.00427
0.00423
0.00419
0.00414
0.0041
0.00405
0.00401
0.00397
0.00392
0.00388
0.00383
0.00379
0.00375
0.0037
0.00366
0.00362
0.00358
0.00354
0.0035
0.00346
0.00342
0.00338
0.00335
0.00331
0.00327
0.00323
0.0032
0.00316
0.00313
0.0031
0.00306
0.00302
0.00299
0.00295
0.00292
0.00287
0.00284
0.00279
0.00275
0.0027
0.00266
0.0026
0.00255
0.0025
0.00244
0.00238
0.00232
0.00224
0.00218
0.0021
0.00203
0.00195
0.00187
0.00178
0.0017
0.0016
0.00151
0.00142
0.00132
0.00122
0.00112
0.00102
0.00092
0.00081
0.00071
0.0006
0.00049
0.00038
0.00028
0.00017
7e-05
-4e-05
-0.00015
-0.00025
-0.00036
-0.00045
-0.00055
-0.00065
-0.00075
-0.00085
-0.00094
-0.00103
-0.00112
-0.00121
-0.00129
-0.00137
-0.00145
-0.00153
-0.0016
-0.00167
-0.00174
-0.0018
-0.00186
-0.00192
-0.00197
-0.00203
-0.00207
-0.00212
-0.00216
-0.0022
-0.00223
-0.00227
-0.00229
-0.00231
-0.00234
-0.00235
-0.00237
-0.00238
-0.00239
-0.00239
-0.00239
-0.00239
-0.00238
-0.00238
-0.00236
-0.00235
-0.00234
-0.00232
-0.0023
-0.00227
-0.00225
-0.00222
-0.00219
-0.00216
-0.00213
-0.00209
-0.00205
-0.00201
-0.00197
-0.00193
-0.00188
-0.00184
-0.00179
-0.00174
-0.00169
-0.00164
-0.00159
-0.00154
-0.00149
-0.00144
-0.00138
-0.00133
-0.00128
-0.00123
-0.00118
-0.00113
-0.00108
-0.00103
-0.00098
-0.00094
-0.0009
-0.00085
-0.00081
-0.00078
-0.00074
-0.0007
-0.00067
-0.00063
-0.0006
-0.00058
-0.00054
-0.00052
-0.00049
-0.00047
-0.00045
-0.00043
-0.00041
-0.00039
-0.00037
-0.00036
-0.00035
-0.00033
-0.00031
-0.0003
-0.00028
-0.00028
-0.00026
-0.00025
-0.00024
-0.00023
-0.00022
-0.00021
-0.00019
-0.00019
-0.00018
-0.00017
-0.00016
-0.00015
-0.00014
-0.00012
-0.00011
-0.0001
-8e-05
-7e-05
-6e-05
-4e-05
-2e-05
-1e-05
2e-05
3e-05
6e-05
8e-05
0.0001
0.00013
0.00016
0.0002
0.00023
0.00026
0.00031
0.00034
0.00039
0.00043
0.00048
0.00053
0.00059
0.00064
0.0007
0.00075
0.00081
0.00088
0.00094
0.00101
0.00108
0.00114
0.00121
0.00128
0.00135
0.00142
0.0015
0.00157
0.00164
0.00171
0.00179
0.00186
0.00193
0.00201
0.00208
0.00215
0.00223
0.0023
0.00237
0.00245
0.00252
0.00259
0.00267
0.00273
0.00281
0.00288
0.00295
0.00303
0.0031
0.00317
0.00325
0.00332
0.00339
0.00346
0.00354
0.00361
0.00369
0.00376
0.00384
0.00391
0.00398
0.00405
0.00413
0.0042
0.00427
0.00434
0.00441
0.00447
0.00454
0.0046
0.00466
0.00472
0.00478
0.00484
0.00489
0.00494
0.00499
0.00503
0.00507
0.00511
0.00514
0.00517
0.0052
0.00523
0.00525
0.00526
0.00528
0.00529
0.0053
0.0053
0.0053
0.00529
0.00529
0.00527
0.00526
0.00524
0.00522
0.00519
0.00517
0.00514
0.00511
0.00507
0.00503
0.00499
0.00495
0.0049
0.00485
0.0048
0.00475
0.0047
0.00464
0.00458
0.00452
0.00446
0.0044
0.00433
0.00427
0.0042
0.00413
0.00406
0.00399
0.00391
0.00384
0.00376
0.00369
0.00361
0.00353
0.00346
0.00338
0.0033
0.00322
0.00315
0.00307
0.00299
0.00292
0.00284
0.00277
0.0027
0.00263
0.00256
0.0025
0.00244
0.00238
0.00232
0.00227
0.00222
0.00217
0.00212
0.00208
0.00204
0.00201
0.00197
0.00194
0.00191
0.00188
0.00185
0.00184
0.00181
0.00179
0.00176
0.00174
0.00172
0.0017
0.00168
0.00166
0.00163
0.00161
0.00158
0.00155
0.00151
0.00148
0.00144
0.0014
0.00136
0.00131
0.00126
0.00121
0.00115
0.0011
0.00104
0.00098
0.00092
0.00086
0.00079
0.00074
0.00067
0.00061
0.00054
0.00049
0.00043
0.00037
0.00031
0.00026
0.00021
0.00017
0.00013
9e-05
5e-05
3e-05
-0.0
-2e-05
-5e-05
-6e-05
-7e-05
-8e-05
-9e-05
-9e-05
-9e-05
-9e-05
-8e-05
-7e-05
-6e-05
-5e-05
-4e-05
-2e-05
-0.0
2e-05
4e-05
6e-05
8e-05
0.00011
0.00013
0.00016
0.00019
0.00022
0.00025
0.00028
0.00031
0.00035
0.00038
0.00043
0.00046
0.00051
0.00054
0.00059
0.00062
0.00067
0.00071
0.00076
0.0008
0.00085
0.00089
0.00094
0.00099
0.00104
0.00108
0.00113
0.00117
0.00122
0.00126
0.00131
0.00134
0.00139
0.00143
0.00146
0.0015
0.00154
0.00158
0.00162
0.00165
0.00168
0.00171
0.00175
0.00178
0.00182
0.00184
0.00187
0.0019
0.00193
0.00195
0.00197
0.002
0.00202
0.00204
0.00206
0.00208
0.00209
0.00211
0.00212
0.00213
0.00215
0.00216
0.00217
0.00217
0.00218
0.00219
0.00219
0.0022
0.0022
0.00221
0.00222
0.00223
0.00223
0.00224
0.00224
0.00224
0.00225
0.00225
0.00225
0.00224
0.00224
0.00224
0.00222
0.0022
0.00218
0.00216
0.00213
0.00209
0.00205
0.002
0.00195
0.00188
0.00182
0.00174
0.00166
0.00157
0.00148
0.00138
0.00127
0.00117
0.00106
0.00095
0.00085
0.00074
0.00063
0.00052
0.00043
0.00033
0.00024
0.00015
7e-05
-1e-05
-8e-05
-0.00014
-0.0002
-0.00025
-0.0003
-0.00034
-0.00038
-0.00041
-0.00044
-0.00047
-0.0005
-0.00053
-0.00056
-0.00059
-0.00062
-0.00065
-0.00068
-0.00072
-0.00075
-0.00078
-0.00081
-0.00084
-0.00085
-0.00087
-0.00087
-0.00086
-0.00083
-0.00079
-0.00073
-0.00064
-0.00053
-0.00039
-0.00022
-1e-05
0.00022
0.0005
0.00081
0.00116
0.00156
0.00199
0.00246
0.00298
0.00353
0.00412
0.00475
0.00543
0.00613
0.00686
0.00764
0.00844
0.00927
0.01014
0.01103
0.01196
0.01291
0.01389
0.01491
0.01596
0.01704
0.01816
0.01932
0.02053
0.02178
0.02308
0.02445
0.02587
0.02735
0.0289
0.03052
0.03221
0.03398
0.03583
0.03776
0.03977
0.04186
0.04402
0.04627
0.04859
0.05096
0.0534
0.0559
0.05844
0.06102
0.06362
0.06624
0.06887
0.07148
0.07408
0.07665
0.07917
0.08164
0.08403
0.08635
0.08858
0.0907
0.09272
0.09463
0.09641
0.09806
0.09958
0.10096
0.10221
0.10332
0.1043
0.10515
0.10588
0.10648
0.10697
0.10721
0.10721
0.10721
0.10721
0.10721
0.10721
0.10721
0.10721
0.10721
0.10721
0.10721
0.10719
0.10702
0.10686
0.1067
0.10656
0.10644
0.10635
0.10627
0.10622
0.10619
0.10619
0.10621
0.10625
0.10631
0.10638
0.10647
0.10655
0.10665
0.10676
0.10686
0.10695
0.10704
0.10713
0.1072
0.10721
0.10721
0.10721
0.10721
0.10721
0.10721
0.10721
0.10721
0.10721
0.10721
0.10721
0.10717
0.10711
0.10706
0.10701
0.10695
0.10691
0.10686
0.10683
0.1068
0.10678
0.10677
0.10676
0.10676
0.10677
0.10679
0.10681
0.10684
0.10687
0.1069
0.10694
0.10697
0.10702
0.10705
0.10709
0.10712
0.10715
0.10717
0.10719
0.1072
0.1072
0.1072
0.1072
0.10719
0.10718
0.10716
0.10715
0.10712
0.1071
0.10708
0.10705
0.10703
0.10701
0.10699
0.10697
0.10695
0.10694
0.10693
0.10692
0.10692
0.10692
0.10692
0.10693
0.10693
0.10695
0.10696
0.10698
0.10699
0.10701
0.10703
0.10704
0.10705
0.10706
0.10707
0.10708
0.10708
0.10709
0.10709
0.10709
0.10708
0.10709
0.10708
0.10707
0.10707
0.10706
0.10706
0.10704
0.10704
0.10703
0.10702
0.10702
0.10702
0.10702
0.10701
0.10702
0.10702
0.10704
0.10704
0.10705
0.10706
0.10707
0.10709
0.10709
0.1071
0.10711
0.10712
0.10713
0.10712
0.10713
0.10713
0.10713
0.10713
0.10713
0.10712
0.10712
0.10711
0.10711
0.1071
0.1071
0.10709
0.10708
0.10708
0.10708
0.10707
0.10708
0.10708
0.10709
0.1071
0.10712
0.10713
0.10715
0.10716
0.10718
0.1072
0.10721
0.10721
0.10721
0.10721
0.10721
0.10721
0.10721
0.10721
0.10721
0.10721
0.10721
0.10721
0.10721
0.1072
0.10717
0.10714
0.1071
0.10707
0.10704
0.107
0.10697
0.10694
0.10692
0.1069
0.10689
0.10688
0.10689
0.10689
0.10691
0.10694
0.10698
0.10702
0.10706
0.10711
0.10716
0.10721
0.10721
0.10721
0.10721
0.10721
0.10721
0.10721
0.10721
0.10721
0.10721
0.10721
0.10713
0.10698
0.1068
0.10657
0.10631
0.10601
0.10567
0.10528
0.10486
0.10438
0.10388
0.10332
0.10274
0.10211
0.10145
0.10076
0.10005
0.09931
0.09854
0.09776
0.09696
0.09615
0.09534
0.09452
0.0937
0.09288
0.09208
0.09127
0.09049
0.0897
0.08894
0.08819
0.08746
0.08675
0.08605
0.08537
0.0847
0.08405
0.08342
0.0828
0.08221
0.08161
0.08103
0.08046
0.0799
0.07933
0.07878
0.07824
0.07769
0.07715
0.07661
0.07606
0.07552
0.07498
0.07444
0.0739
0.07336
0.07282
0.07228
0.07175
0.07121
0.07068
0.07015
0.06963
0.06911
0.0686
0.06809
0.06759
0.0671
0.06661
0.06614
0.06567
0.06522
0.06477
0.06433
0.0639
0.06348
0.06306
0.06266
0.06226
0.06187
0.06149
0.06111
0.06074
0.06038
0.06002
0.05968
0.05933
0.05899
0.05865
0.05833
0.058
0.05769
0.05737
0.05707
0.05677
0.05648
0.05619
0.05591
0.05564
0.05537
0.05511
0.05487
0.05462
0.05439
0.05416
0.05394
0.05374
0.05354
0.05334
0.05316
0.05298
0.05281
0.05265
0.05249
0.05234
0.05221
0.05207
0.05194
0.05182
0.0517
0.05158
0.05148
0.05138
0.05128
0.05118
0.05109
0.051
0.05092
0.05083
0.05076
0.05068
0.05061
0.05053
0.05046
0.0504
0.05033
0.05027
0.05021
0.05015
0.05009
0.05004
0.04998
0.04993
0.04988
0.04982
0.04977
0.04972
0.04967
0.04962
0.04957
0.04951
0.04947
0.04941
0.04936
0.04931
0.04926
0.0492
0.04915
0.04909
0.04904
0.04898
0.04892
0.04886
0.0488
0.04874
0.04868
0.04861
0.04855
0.04848
0.04841
0.04834
0.04827
0.04819
0.04812
0.04804
0.04796
0.04788
0.0478
0.04771
0.04763
0.04754
0.04745
0.04735
0.04726
0.04716
0.04706
0.04696
0.04686
0.04675
0.04664
0.04653
0.04641
0.0463
0.04618
0.04605
0.04593
0.0458
0.04567
0.04554
0.0454
0.04526
0.04512
0.04497
0.04482
0.04467
0.04451
0.04435
0.04419
0.04402
0.04385
0.04367
0.04349
0.04331
0.04313
0.04294
0.04275
0.04255
0.04235
0.04215
0.04195
0.04174
0.04153
0.04132
0.0411
0.04089
0.04067
0.04045
0.04023
0.04001
0.03978
0.03956
0.03933
0.03911
0.03888
0.03865
0.03842
0.03819
0.03796
0.03773
0.03749
0.03726
0.03702
0.03679
0.03655
0.03632
0.03608
0.03584
0.03559
0.03535
0.03511
0.03486
0.03462
0.03437
0.03412
0.03387
0.03362
0.03336
0.03311
0.03285
0.0326
0.03234
0.03208
0.03183
0.03157
0.03131
0.03105
0.0308
0.03054
0.03029
0.03003
0.02978
0.02953
0.02928
0.02903
0.02878
0.02854
0.02829
0.02805
0.02781
0.02757
0.02734
0.0271
0.02687
0.02664
0.02642
0.02619
0.02597
0.02575
0.02552
0.02531
0.02509
0.02487
0.02466
0.02445
0.02424
0.02403
0.02382
0.02361
0.02341
0.0232
0.023
0.0228
0.0226
0.02241
0.02221
0.02202
0.02182
0.02163
0.02145
0.02126
0.02107
0.02089
0.02071
0.02053
0.02035
0.02018
0.02001
0.01984
0.01967
0.0195
0.01934
0.01918
0.01902
0.01887
0.01872
0.01856
0.01842
0.01827
0.01813
0.01798
0.01784
0.0177
0.01757
0.01743
0.0173
0.01717
0.01704
0.01692
0.01679
0.01667
0.01655
0.01643
0.01631
0.01619
0.01608
0.01596
0.01585
0.01574
0.01563
0.01552
0.01541
0.0153
0.01519
0.01509
0.01499
0.01488
0.01478
0.01468
0.01458
0.01448
0.01439
0.01429
0.0142
0.0141
0.01402
0.01392
0.01384
0.01375
0.01366
0.01358
0.0135
0.01342
0.01334
0.01326
0.01318
0.01311
0.01304
0.01296
0.01289
0.01282
0.01275
0.01269
0.01262
0.01255
0.01249
0.01243
0.01236
0.0123
0.01224
0.01218
0.01212
0.01206
0.012
0.01194
0.01188
0.01181
0.01176
0.01169
0.01163
0.01157
0.0115
0.01144
0.01137
0.01131
0.01125
0.01118
0.01111
0.01104
0.01097
0.0109
0.01083
0.01076
0.01069
0.01061
0.01054
0.01047
0.01039
0.01032
0.01024
0.01017
0.01009
0.01002
0.00995
0.00987
0.0098
0.00972
0.00965
0.00957
0.00951
0.00943
0.00937
0.0093
0.00923
0.00916
0.0091
0.00904
0.00898
0.00891
0.00885
0.00879
0.00874
0.00868
0.00863
0.00857
0.00852
0.00846
0.00841
0.00835
0.0083
0.00825
0.00819
0.00814
0.00809
0.00803
0.00798
0.00792
0.00787
0.0078
0.00775
0.00768
0.00762
0.00756
0.00749
0.00742
0.00735
0.00728
0.00721
0.00713
0.00706
0.00697
0.0069
0.00681
0.00673
0.00665
0.00656
0.00647
0.00639
0.0063
0.00621
0.00613
0.00604
0.00595
0.00587
0.00579
0.00571
0.00562
0.00555
0.00547
0.00539
0.00532
0.00525
0.00518
0.00511
0.00505
0.00499
0.00493
0.00487
0.00482
0.00476
0.00471
0.00467
0.00462
0.00457
0.00452
0.00448
0.00443
0.00439
0.00434
0.0043
0.00425
0.0042
0.00415
0.00409
0.00404
0.00399
0.00393
0.00387
0.00381
0.00375
0.00368
0.00362
0.00355
0.00349
0.00342
0.00335
0.00328
0.00321
0.00314
0.00307
0.00301
0.00294
0.00288
0.00282
0.00276
0.00271
0.00265
0.0026
0.00255
0.00251
0.00247
0.00243
0.0024
0.00237
0.00233
0.00231
0.00228
0.00226
0.00224
0.00222
0.0022
0.00218
0.00216
0.00215
0.00213
0.00211
0.00209
0.00208
0.00206
0.00203
0.00201
0.00199
0.00197
0.00194
0.00192
0.00189
0.00186
0.00184
0.0018
0.00178
0.00175
0.00172
0.00169
0.00166
0.00163
0.00161
0.00158
0.00156
0.00153
0.00151
0.00149
0.00148
0.00145
0.00144
0.00142
0.00141
0.0014
0.00139
0.00137
0.00137
0.00135
0.00134
0.00133
0.00132
0.00132
0.00131
0.0013
0.00129
0.00128
0.00128
0.00127
0.00126
0.00125
0.00125
0.00124
0.00124
0.00123
0.00123
0.00122
0.00122
0.00123
0.00123
0.00124
0.00125
0.00126
0.00128
0.00129
0.00131
0.00133
0.00136
0.00138
0.00142
0.00144
0.00148
0.00152
0.00155
0.00159
0.00164
0.00168
0.00173
0.00177
0.00182
0.00186
0.00191
0.00196
0.00201
0.00205
0.0021
0.00215
0.00219
0.00224
0.00229
0.00233
0.00238
0.00243
0.00248
0.00252
0.00257
0.00261
0.00267
0.00271
0.00276
0.0028
0.00286
0.00291
0.00296
0.00301
0.00306
0.00311
0.00316
0.00321
0.00327
0.00332
0.00337
0.00342
0.00348
0.00352
0.00357
0.00362
0.00367
0.00371
0.00376
0.0038
0.00384
0.00388
0.00392
0.00395
0.00399
0.00401
0.00405
0.00407
0.0041
0.00413
0.00415
0.00417
0.0042
0.00422
0.00424
0.00427
0.00429
0.00431
0.00433
0.00436
0.00438
0.0044
0.00443
0.00445
0.00448
0.0045
0.00453
0.00455
0.00458
0.0046
0.00462
0.00464
0.00466
0.00468
0.0047
0.00471
0.00472
0.00472
0.00473
0.00473
0.00473
0.00472
0.00471
0.00469
0.00467
0.00465
0.00462
0.00459
0.00455
0.00451
0.00447
0.00442
0.00437
0.00431
0.00426
0.0042
0.00415
0.00408
0.00402
0.00395
0.00389
0.00382
0.00375
0.00368
0.00361
0.00354
0.00347
0.0034
0.00333
0.00325
0.00318
0.00311
0.00304
0.00297
0.0029
0.00282
0.00275
0.00268
0.00261
0.00254
0.00246
0.00239
0.00233
0.00226
0.00219
0.00212
0.00206
0.002
0.00194
0.00188
0.00182
0.00177
0.00172
0.00167
0.00163
0.00159
0.00156
0.00153
0.0015
0.00148
0.00147
0.00145
0.00144
0.00144
0.00144
0.00144
0.00145
0.00146
0.00148
0.00149
0.00152
0.00154
0.00157
0.0016
0.00163
0.00166
0.0017
0.00173
0.00177
0.00181
0.00185
0.00189
0.00193
0.00197
0.00202
0.00206
0.0021
0.00215
0.00219
0.00224
0.00229
0.00234
0.00239
0.00243
0.00248
0.00253
0.00258
0.00263
0.00268
0.00272
0.00278
0.00283
0.00287
0.00292
0.00297
0.00301
0.00306
0.0031
0.00314
0.00318
0.00322
0.00325
0.00329
0.00331
0.00334
0.00336
0.00339
0.0034
0.00342
0.00343
0.00344
0.00344
0.00345
0.00345
0.00346
0.00345
0.00345
0.00344
0.00344
0.00343
0.00342
0.0034
0.00339
0.00338
0.00337
0.00335
0.00333
0.00332
0.0033
0.00329
0.00327
0.00325
0.00323
0.00321
0.00319
0.00316
0.00314
0.00312
0.0031
0.00307
0.00304
0.00301
0.00298
0.00294
0.00291
0.00288
0.00284
0.0028
0.00276
0.00272
0.00268
0.00263
0.00258
0.00253
0.00248
0.00243
0.00238
0.00232
0.00227
0.00222
0.00216
0.00211
0.00205
0.00199
0.00194
0.00188
0.00182
0.00176
0.00171
0.00165
0.00159
0.00153
0.00148
0.00142
0.00136
0.0013
0.00125
0.00119
0.00114
0.00108
0.00103
0.00097
0.00092
0.00087
0.00082
0.00077
0.00072
0.00067
0.00062
0.00058
0.00053
0.00049
0.00045
0.00041
0.00038
0.00034
0.0003
0.00027
0.00024
0.00021
0.00019
0.00016
0.00014
0.00012
0.0001
8e-05
7e-05
6e-05
5e-05
4e-05
3e-05
2e-05
2e-05
2e-05
2e-05
2e-05
2e-05
2e-05
3e-05
3e-05
4e-05
5e-05
6e-05
7e-05
8e-05
9e-05
0.00011
0.00012
0.00014
0.00016
0.00018
0.00019
0.00022
0.00024
0.00026
0.00029
0.00031
0.00033
0.00036
0.00039
0.00042
0.00045
0.00048
0.00051
0.00054
0.00057
0.00061
0.00064
0.00067
0.0007
0.00074
0.00077
0.0008
0.00083
0.00086
0.00089
0.00093
0.00096
0.00099
0.00101
0.00104
0.00106
0.00109
0.00111
0.00113
0.00115
0.00117
0.00118
0.0012
0.00121
0.00122
0.00123
0.00124
0.00125
0.00125
0.00125
0.00125
0.00125
0.00125
0.00124
0.00124
0.00122
0.00122
0.00121
0.00119
0.00118
0.00116
0.00115
0.00113
0.00111
0.00109
0.00106
0.00105
0.00102
0.001
0.00097
0.00094
0.00091
0.00088
0.00085
0.00082
0.00078
0.00075
0.00071
0.00068
0.00064
0.0006
0.00056
0.00052
0.00047
0.00043
0.00038
0.00034
0.00029
0.00024
0.00019
0.00014
9e-05
3e-05
-2e-05
-7e-05
-0.00012
-0.00018
-0.00023
-0.00028
-0.00034
-0.00039
-0.00045
-0.0005
-0.00055
-0.0006
-0.00065
-0.0007
-0.00075
-0.00079
-0.00083
-0.00087
-0.00091
-0.00095
-0.00099
-0.00102
-0.00105
-0.00107
-0.00111
-0.00113
-0.00116
-0.00117
-0.0012
-0.00122
-0.00124
-0.00125
-0.00127
-0.00128
-0.00129
-0.0013
-0.00132
-0.00133
-0.00134
-0.00135
-0.00137
-0.00137
-0.00139
-0.00139
-0.0014
-0.00141
-0.00142
-0.00143
-0.00143
-0.00144
-0.00144
-0.00144
-0.00145
-0.00145
-0.00145
-0.00144
-0.00144
-0.00143
-0.00143
-0.00141
-0.0014
-0.00138
-0.00137
-0.00135
-0.00133
-0.00131
-0.00128
-0.00125
-0.00123
-0.0012
-0.00118
-0.00114
-0.00112
-0.00108
-0.00106
-0.00102
-0.001
-0.00097
-0.00094
-0.00091
-0.00089
-0.00086
-0.00083
-0.00081
-0.00079
-0.00077
-0.00075
-0.00073
-0.00071
-0.00069
-0.00068
-0.00066
-0.00065
-0.00063
-0.00062
-0.00061
-0.0006
-0.00058
-0.00057
-0.00055
-0.00054
-0.00052
-0.00051
-0.00049
-0.00048
-0.00046
-0.00045
-0.00043
-0.00042
-0.00041
-0.00039
-0.00038
-0.00036
-0.00035
-0.00033
-0.00032
-0.00032
-0.0003
-0.0003
-0.00028
-0.00028
-0.00028
-0.00028
-0.00027
-0.00027
-0.00027
-0.00028
-0.00028
-0.00028
-0.00029
-0.00029
-0.00029
-0.0003
-0.0003
-0.00031
-0.00031
-0.00032
-0.00032
-0.00032
-0.00031
-0.00031
-0.00031
-0.0003
-0.00029
-0.00028
-0.00026
-0.00024
-0.00022
-0.0002
-0.00017
-0.00015
-0.00011
-8e-05
-4e-05
-0.0
5e-05
9e-05
0.00014
0.00019
0.00024
0.0003
0.00036
0.00042
0.00048
0.00054
0.00061
0.00067
0.00074
0.00081
0.00088
0.00095
0.00102
0.00109
0.00116
0.00123
0.0013
0.00137
0.00144
0.00152
0.00159
0.00166
0.00173
0.0018
0.00187
0.00194
0.00201
0.00207
0.00215
0.00221
0.00228
0.00234
0.00241
0.00247
0.00254
0.00261
0.00267
0.00273
0.0028
0.00285
0.00292
0.00297
0.00303
0.00309
0.00315
0.0032
0.00325
0.0033
0.00335
0.00339
0.00344
0.00348
0.00352
0.00355
0.00359
0.00361
0.00365
0.00366
0.00369
0.0037
0.00371
0.00372
0.00373
0.00372
0.00372
0.00372
0.00371
0.0037
0.00369
0.00366
0.00365
0.00362
0.0036
0.00357
0.00354
0.00351
0.00348
0.00345
0.00342
0.00338
0.00335
0.00332
0.00329
0.00326
0.00323
0.0032
0.00318
0.00315
0.00313
0.0031
0.00309
0.00307
0.00305
0.00304
0.00303
0.00302
0.00301
0.003
0.003
0.003
0.003
0.003
0.00301
0.00302
0.00303
0.00304
0.00305
0.00306
0.00308
0.0031
0.00312
0.00314
0.00316
0.00318
0.0032
0.00323
0.00325
0.00327
0.0033
0.00332
0.00335
0.00337
0.00339
0.00341
0.00343
0.00345
0.00347
0.00348
0.0035
0.00351
0.00352
0.00353
0.00354
0.00354
0.00355
0.00355
0.00355
0.00354
0.00354
0.00352
0.00352
0.00351
0.00349
0.00348
0.00346
0.00344
0.00343
0.0034
0.00338
0.00336
0.00334
0.00331
0.00329
0.00326
0.00324
0.00321
0.00319
0.00316
0.00313
0.0031
0.00307
0.00305
0.00302
0.00299
0.00296
0.00293
0.0029
0.00287
0.00284
0.0028
0.00277
0.00273
0.00271
0.00267
0.00263
0.0026
0.00256
0.00253
0.00249
0.00246
0.00242
0.00238
0.00235
0.00232
0.00228
0.00225
0.00221
0.00218
0.00215
0.00211
0.00208
0.00205
0.00202
0.00199
0.00196
0.00193
0.0019
0.00186
0.00184
0.0018
0.00177
0.00174
0.0017
0.00166
0.00163
0.00159
0.00155
0.0015
0.00146
0.00141
0.00136
0.00131
0.00126
0.0012
0.00115
0.00109
0.00103
0.00096
0.0009
0.00083
0.00077
0.0007
0.00063
0.00056
0.00049
0.00042
0.00035
0.00028
0.00021
0.00014
7e-05
0.0
-6e-05
-0.00013
-0.00019
-0.00026
-0.00032
-0.00038
-0.00044
-0.0005
-0.00056
-0.00062
-0.00067
-0.00073
-0.00078
-0.00084
-0.00089
-0.00094
-0.00098
-0.00104
-0.00108
-0.00114
-0.00118
-0.00122
-0.00127
-0.00131
-0.00135
-0.00139
-0.00143
-0.00146
-0.00149
-0.00153
-0.00155
-0.00158
-0.0016
-0.00162
-0.00164
-0.00165
-0.00166
-0.00167
-0.00167
-0.00167
-0.00166
-0.00165
-0.00164
-0.00162
-0.00159
-0.00157
-0.00154
-0.00151
-0.00147
-0.00144
-0.0014
-0.00136
-0.00131
-0.00126
-0.00121
-0.00116
-0.00111
-0.00106
-0.001
-0.00095
-0.0009
-0.00085
-0.00079
-0.00074
-0.00068
-0.00064
-0.00059
-0.00054
-0.00049
-0.00045
-0.00041
-0.00037
-0.00033
-0.00029
-0.00025
-0.00022
-0.00018
-0.00016
-0.00013
-0.0001
-8e-05
-6e-05
-4e-05
-3e-05
-1e-05
1e-05
2e-05
3e-05
3e-05
4e-05
5e-05
5e-05
5e-05
5e-05
5e-05
4e-05
4e-05
3e-05
2e-05
0.0
-1e-05
-3e-05
-4e-05
-6e-05
-9e-05
-0.00011
-0.00013
-0.00015
-0.00018
-0.00021
-0.00024
-0.00028
-0.0003
-0.00034
-0.00037
-0.00041
-0.00044
-0.00048
-0.00051
-0.00055
-0.00059
-0.00062
-0.00065
-0.00068
-0.00071
-0.00075
-0.00077
-0.0008
-0.00082
-0.00085
-0.00086
-0.00088
-0.00089
-0.00091
-0.00092
-0.00092
-0.00093
-0.00093
-0.00092
-0.00092
-0.0009
-0.0009
-0.00088
-0.00086
-0.00084
-0.00082
-0.00079
-0.00076
-0.00072
-0.00069
-0.00065
-0.00061
-0.00056
-0.00051
-0.00046
-0.00041
-0.00034
-0.00029
-0.00022
-0.00015
-7e-05
-0.0
8e-05
0.00016
0.00025
0.00034
0.00044
0.00053
0.00063
0.00074
0.00085
0.00096
0.00108
0.00119
0.00132
0.00144
0.00157
0.00169
0.00182
0.00194
0.00208
0.0022
0.00233
0.00245
0.00258
0.0027
0.00282
0.00294
0.00306
0.00316
0.00327
0.00338
0.00348
0.00357
0.00366
0.00374
0.00383
0.00391
0.00398
0.00405
0.00411
0.00417
0.00422
0.00427
0.00432
0.00435
0.00439
0.00442
0.00445
0.00447
0.0045
0.00451
0.00453
0.00454
0.00454
0.00454
0.00454
0.00453
0.00453
0.00451
0.0045
0.00447
0.00445
0.00441
0.00438
0.00434
0.0043
0.00424
0.00419
0.00413
0.00407
0.004
0.00392
0.00385
0.00377
0.00368
0.0036
0.0035
0.00341
0.00331
0.00321
0.0031
0.003
0.0029
0.00279
0.00268
0.00258
0.00247
0.00236
0.00226
0.00216
0.00205
0.00196
0.00185
0.00176
0.00166
0.00157
0.00147
0.00138
0.00129
0.00121
0.00112
0.00104
0.00096
0.00088
0.0008
0.00073
0.00065
0.00058
0.00051
0.00044
0.00037
0.0003
0.00023
0.00017
0.0001
4e-05
-2e-05
-9e-05
-0.00015
-0.00021
-0.00027
-0.00032
-0.00038
-0.00043
-0.00049
-0.00053
-0.00059
-0.00063
-0.00068
-0.00073
-0.00078
-0.00081
-0.00086
-0.0009
-0.00095
-0.00099
-0.00103
-0.00107
-0.0011
-0.00114
-0.00118
-0.00122
-0.00126
-0.00129
-0.00133
-0.00137
-0.00141
-0.00144
-0.00148
-0.00151
-0.00155
-0.00158
-0.00161
-0.00164
-0.00167
-0.0017
-0.00173
-0.00175
-0.00178
-0.0018
-0.00182
-0.00183
-0.00185
-0.00186
-0.00187
-0.00188
-0.00188
-0.00188
-0.00188
-0.00187
-0.00187
-0.00185
-0.00184
-0.00182
-0.00181
-0.00178
-0.00176
-0.00173
-0.00171
-0.00167
-0.00164
-0.00161
-0.00157
-0.00153
-0.00149
-0.00145
-0.0014
-0.00135
-0.0013
-0.00125
-0.0012
-0.00114
-0.00108
-0.00102
-0.00096
-0.00089
-0.00082
-0.00075
-0.00068
-0.0006
-0.00052
-0.00044
-0.00036
-0.00027
-0.00019
-0.0001
-1e-05
8e-05
0.00017
0.00026
0.00034
0.00044
0.00052
0.00061
0.00069
0.00078
0.00086
0.00094
0.00101
0.00109
0.00115
0.00122
0.00128
0.00134
0.00139
0.00144
0.00148
0.00153
0.00156
0.00159
0.00162
0.00164
0.00166
0.00168
0.0017
0.00171
0.00171
0.00173
0.00173
0.00174
0.00174
0.00174
0.00174
0.00174
0.00174
0.00174
0.00174
0.00174
0.00174
0.00174
0.00174
0.00175
0.00175
0.00175
0.00175
0.00176
0.00176
0.00177
0.00177
0.00178
0.00178
0.00178
0.00179
0.00179
0.00179
0.0018
0.0018
0.0018
0.0018
0.0018
0.0018
0.0018
0.0018
0.0018
0.0018
0.0018
0.0018
0.0018
0.00181
0.00181
0.00182
0.00183
0.00183
0.00185
0.00185
0.00187
0.00189
0.00191
0.00193
0.00196
0.00198
0.00202
0.00204
0.00208
0.00211
0.00215
0.00219
0.00223
0.00227
0.00231
0.00235
0.00239
0.00243
0.00248
0.00251
0.00255
0.00259
0.00263
0.00266
0.00269
0.00272
0.00275
0.00277
0.00279
0.00281
0.00283
0.00284
0.00285
0.00286
0.00286
0.00286
0.00287
0.00286
0.00286
0.00285
0.00285
0.00284
0.00282
0.00281
0.00281
0.00279
0.00278
0.00277
0.00276
0.00274
0.00273
0.00272
0.00271
0.00269
0.00268
0.00267
0.00265
0.00264
0.00262
0.00261
0.0026
0.00258
0.00257
0.00254
0.00253
0.0025
0.00248
0.00246
0.00243
0.0024
0.00237
0.00234
0.0023
0.00227
0.00223
0.00219
0.00215
0.0021
0.00206
0.00201
0.00197
0.00192
0.00187
0.00182
0.00178
0.00173
0.00169
0.00164
0.00159
0.00155
0.00151
0.00148
0.00144
0.00141
0.00138
0.00135
0.00133
0.00131
0.0013
0.00129
0.00128
0.00127
0.00128
0.00127
0.00128
0.00129
0.0013
0.00131
0.00133
0.00135
0.00138
0.0014
0.00143
0.00145
0.00148
0.00151
0.00154
0.00157
0.00161
0.00164
0.00167
0.00171
0.00174
0.00177
0.00181
0.00184
0.00188
0.0019
0.00194
0.00197
0.002
0.00203
0.00206
0.00209
0.00212
0.00215
0.00218
0.00221
0.00223
0.00226
0.00229
0.00231
0.00234
0.00236
0.00238
0.0024
0.00243
0.00244
0.00246
0.00248
0.0025
0.0025
0.00252
0.00252
0.00253
0.00254
0.00254
0.00254
0.00255
0.00254
0.00254
0.00253
0.00253
0.00252
0.00252
0.0025
0.0025
0.00249
0.00248
0.00247
0.00246
0.00246
0.00245
0.00245
0.00244
0.00244
0.00244
0.00244
0.00244
0.00244
0.00245
0.00246
0.00247
0.00248
0.00249
0.0025
0.00252
0.00253
0.00255
0.00256
0.00258
0.00259
0.00261
0.00262
0.00264
0.00265
0.00266
0.00267
0.00268
0.00268
0.00269
0.00269
0.00268
0.00268
0.00268
0.00268
0.00267
0.00265
0.00264
0.00263
0.00262
0.00259
0.00258
0.00255
0.00254
0.00251
0.00248
0.00246
0.00243
0.0024
0.00237
0.00234
0.00231
0.00227
0.00223
0.00219
0.00215
0.0021
0.00206
0.00201
0.00196
0.00191
0.00185
0.00179
0.00173
0.00167
0.0016
0.00153
0.00147
0.00139
0.00132
0.00124
0.00117
0.00108
0.001
0.00092
0.00085
0.00076
0.00068
0.0006
0.00052
0.00045
0.00037
0.0003
0.00023
0.00016
9e-05
3e-05
-3e-05
-0.0001
-0.00015
-0.00021
-0.00026
-0.00031
-0.00036
-0.00041
-0.00046
-0.00051
-0.00055
-0.0006
-0.00064
-0.00069
-0.00073
-0.00077
-0.00082
-0.00087
-0.00091
-0.00096
-0.001
-0.00105
-0.0011
-0.00115
-0.0012
-0.00125
-0.0013
-0.00135
-0.0014
-0.00146
-0.0015
-0.00155
-0.0016
-0.00165
-0.00169
-0.00173
-0.00177
-0.00181
-0.00185
-0.00189
-0.00192
-0.00195
-0.00197
-0.002
-0.00202
-0.00205
-0.00206
-0.00209
-0.0021
-0.00212
-0.00213
-0.00214
-0.00215
-0.00217
-0.00218
-0.00219
-0.0022
-0.00221
-0.00222
-0.00223
-0.00224
-0.00226
-0.00227
-0.00228
-0.0023
-0.00231
-0.00233
-0.00235
-0.00236
-0.00238
-0.0024
-0.00242
-0.00244
-0.00246
-0.00248
-0.0025
-0.00252
-0.00254
-0.00256
-0.00258
-0.0026
-0.00263
-0.00265
-0.00267
-0.00269
-0.00271
-0.00273
-0.00276
-0.00278
-0.0028
-0.00282
-0.00284
-0.00286
-0.00288
-0.0029
-0.00292
-0.00294
-0.00296
-0.00297
-0.003
-0.00301
-0.00302
-0.00303
-0.00305
-0.00306
-0.00306
-0.00307
-0.00307
-0.00307
-0.00307
-0.00307
-0.00306
-0.00305
-0.00304
-0.00303
-0.00302
-0.00299
-0.00297
-0.00295
-0.00293
-0.0029
-0.00287
-0.00284
-0.0028
-0.00276
-0.00273
-0.00269
-0.00265
-0.00261
-0.00257
-0.00252
-0.00248
-0.00243
-0.00238
-0.00233
-0.00229
-0.00224
-0.00218
-0.00213
-0.00208
-0.00202
-0.00197
-0.00191
-0.00185
-0.00179
-0.00173
-0.00166
-0.0016
-0.00153
-0.00147
-0.0014
-0.00133
-0.00126
-0.00118
-0.00111
-0.00103
-0.00095
-0.00088
-0.00079
-0.00072
-0.00063
-0.00055
-0.00047
-0.00039
-0.00031
-0.00023
-0.00015
-7e-05
1e-05
9e-05
0.00016
0.00024
0.00032
0.00038
0.00046
0.00052
0.00059
0.00065
0.00071
0.00077
0.00083
0.00088
0.00094
0.00098
0.00103
0.00108
0.00112
0.00116
0.0012
0.00123
0.00127
0.0013
0.00134
0.00136
0.00139
0.00141
0.00144
0.00146
0.00148
0.00149
0.00151
0.00153
0.00154
0.00156
0.00157
0.00158
0.0016
0.00161
0.00162
0.00163
0.00164
0.00165
0.00167
0.00168
0.00169
0.0017
0.00172
0.00173
0.00175
0.00177
0.0018
0.00181
0.00184
0.00187
0.0019
0.00192
0.00196
0.00199
0.00203
0.00206
0.0021
0.00215
0.00219
0.00223
0.00228
0.00232
0.00237
0.00241
0.00247
0.00251
0.00256
0.00261
0.00266
0.0027
0.00275
0.00278
0.00283
0.00286
0.0029
0.00293
0.00297
0.003
0.00303
0.00304
0.00307
0.00309
0.00311
0.00312
0.00313
0.00313
0.00314
0.00314
0.00314
0.00314
0.00313
0.00313
0.00312
0.00311
0.0031
0.00308
0.00307
0.00305
0.00304
0.00302
0.003
0.00298
0.00297
0.00294
0.00292
0.0029
0.00287
0.00285
0.00282
0.0028
0.00277
0.00274
0.00272
0.00268
0.00266
0.00262
0.00259
0.00255
0.00251
0.00247
0.00242
0.00238
0.00233
0.00228
0.00223
0.00218
0.00212
0.00206
0.002
0.00193
0.00187
0.0018
0.00173
0.00165
0.00158
0.0015
0.00142
0.00134
0.00126
0.00117
0.00109
0.001
0.00092
0.00082
0.00074
0.00065
0.00056
0.00047
0.00038
0.00029
0.00021
0.00011
2e-05
-7e-05
-0.00016
-0.00024
-0.00033
-0.00042
-0.0005
-0.00059
-0.00068
-0.00076
-0.00085
-0.00093
-0.00101
-0.0011
-0.00118
-0.00126
-0.00134
-0.00142
-0.0015
-0.00157
-0.00164
-0.00171
-0.00178
-0.00186
-0.00192
-0.00198
-0.00204
-0.0021
-0.00215
-0.00221
-0.00225
-0.0023
-0.00234
-0.00238
-0.00242
-0.00244
-0.00247
-0.00249
-0.00251
-0.00253
-0.00253
-0.00254
-0.00254
-0.00254
-0.00253
-0.00253
-0.00251
-0.00249
-0.00248
-0.00246
-0.00244
-0.00241
-0.00238
-0.00235
-0.00231
-0.00229
-0.00225
-0.00222
-0.00218
-0.00215
-0.00211
-0.00208
-0.00204
-0.002
-0.00197
-0.00193
-0.0019
-0.00186
-0.00182
-0.00179
-0.00175
-0.00172
-0.00168
-0.00165
-0.00161
-0.00158
-0.00155
-0.00151
-0.00147
-0.00144
-0.00141
-0.00137
-0.00134
-0.0013
-0.00126
-0.00123
-0.00119
-0.00115
-0.00111
-0.00107
-0.00103
-0.00099
-0.00095
-0.00092
-0.00087
-0.00083
-0.00079
-0.00076
-0.00072
-0.00068
-0.00064
-0.0006
-0.00056
-0.00053
-0.0005
-0.00047
-0.00043
-0.00041
-0.00038
-0.00036
-0.00033
-0.00032
-0.0003
-0.00028
-0.00027
-0.00026
-0.00025
-0.00025
-0.00024
-0.00025
-0.00025
-0.00026
-0.00027
-0.00028
-0.0003
-0.00032
-0.00033
-0.00036
-0.00038
-0.00041
-0.00044
-0.00046
-0.00049
-0.00052
-0.00055
-0.00059
-0.00062
-0.00066
-0.00068
-0.00072
-0.00075
-0.00079
-0.00082
-0.00085
-0.00088
-0.00091
-0.00094
-0.00097
-0.00099
-0.00102
-0.00104
-0.00107
-0.00108
-0.00111
-0.00112
-0.00114
-0.00115
-0.00117
-0.00117
-0.00119
-0.0012
-0.0012
-0.00121
-0.00121
-0.00121
-0.00121
-0.0012
-0.0012
-0.00119
-0.00119
-0.00117
-0.00116
-0.00114
-0.00113
-0.0011
-0.00108
-0.00105
-0.00103
-0.00099
-0.00096
-0.00092
-0.00088
-0.00083
-0.00079
-0.00074
-0.00069
-0.00063
-0.00058
-0.00051
-0.00045
-0.00038
-0.00032
-0.00024
-0.00017
-0.0001
-2e-05
7e-05
0.00015
0.00024
0.00032
0.00041
0.0005
0.00059
0.00068
0.00078
0.00087
0.00098
0.00107
0.00117
0.00127
0.00137
0.00148
0.00158
0.00169
0.0018
0.0019
0.00201
0.00211
0.00222
0.00232
0.00243
0.00253
0.00264
0.00274
0.00284
0.00293
0.00303
0.00312
0.00322
0.00331
0.0034
0.00347
0.00356
0.00364
0.00371
0.00378
0.00385
0.00391
0.00397
0.00403
0.00408
0.00413
0.00417
0.00421
0.00425
0.00429
0.00432
0.00434
0.00437
0.00439
0.00441
0.00442
0.00444
0.00444
0.00445
0.00446
0.00446
0.00445
0.00444
0.00444
0.00443
0.00441
0.0044
0.00437
0.00435
0.00432
0.00429
0.00425
0.00421
0.00416
0.00412
0.00407
0.00401
0.00395
0.00389
0.00382
0.00375
0.00368
0.0036
0.00352
0.00343
0.00334
0.00326
0.00316
0.00307
0.00297
0.00288
0.00278
0.00268
0.00257
0.00247
0.00237
0.00226
0.00216
0.00206
0.00195
0.00185
0.00174
0.00164
0.00153
0.00143
0.00133
0.00123
0.00113
0.00103
0.00093
0.00082
0.00073
0.00063
0.00053
0.00044
0.00034
0.00025
0.00016
7e-05
-2e-05
-0.00011
-0.0002
-0.00028
-0.00036
-0.00044
-0.00051
-0.00059
-0.00065
-0.00071
-0.00077
-0.00083
-0.00088
-0.00093
-0.00097
-0.001
-0.00104
-0.00106
-0.00109
-0.0011
-0.00112
-0.00113
-0.00113
-0.00113
-0.00112
-0.00112
-0.0011
-0.00108
-0.00107
-0.00105
-0.00103
-0.001
-0.00097
-0.00094
-0.00091
-0.00088
-0.00085
-0.00082
-0.00079
-0.00076
-0.00072
-0.00069
-0.00066
-0.00063
-0.00061
-0.00058
-0.00055
-0.00052
-0.0005
-0.00048
-0.00046
-0.00043
-0.00041
-0.0004
-0.00038
-0.00036
-0.00034
-0.00033
-0.00031
-0.00029
-0.00028
-0.00027
-0.00025
-0.00023
-0.00023
-0.00021
-0.0002
-0.00018
-0.00016
-0.00015
-0.00014
-0.00012
-0.0001
-8e-05
-6e-05
-4e-05
-3e-05
-1e-05
1e-05
4e-05
5e-05
8e-05
0.0001
0.00012
0.00014
0.00017
0.00019
0.00021
0.00023
0.00025
0.00028
0.0003
0.00031
0.00034
0.00035
0.00037
0.00038
0.0004
0.00041
0.00042
0.00043
0.00044
0.00044
0.00045
0.00045
0.00045
0.00046
0.00046
0.00045
0.00045
0.00045
0.00045
0.00044
0.00044
0.00043
0.00043
0.00042
0.00042
0.00041
0.0004
0.0004
0.0004
0.00039
0.00039
0.00038
0.00038
0.00037
0.00036
0.00035
0.00035
0.00033
0.00033
0.00031
0.0003
0.00028
0.00026
0.00025
0.00023
0.0002
0.00018
0.00015
0.00012
9e-05
6e-05
2e-05
-1e-05
-5e-05
-8e-05
-0.00013
-0.00016
-0.0002
-0.00024
-0.00028
-0.00031
-0.00035
-0.00038
-0.00042
-0.00044
-0.00047
-0.0005
-0.00052
-0.00054
-0.00057
-0.00058
-0.00059
-0.00061
-0.00062
-0.00063
-0.00063
-0.00064
-0.00064
-0.00065
-0.00066
-0.00066
-0.00066
-0.00066
