8.97241193279595E+02

0.0018
0.00189
0.00198
0.00206
0.00215
0.00223
0.00231
0.00238
0.00245
0.00252
0.00258
0.00263
0.00269
0.00273
0.00278
0.00281
0.00285
0.00287
0.0029
0.00291
0.00293
0.00294
0.00294
0.00294
0.00294
0.00293
0.00292
0.00291
0.0029
0.00287
0.00285
0.00282
0.0028
0.00276
0.00273
0.0027
0.00267
0.00263
0.00259
0.00255
0.00251
0.00247
0.00244
0.0024
0.00236
0.00231
0.00228
0.00223
0.00219
0.00215
0.00211
0.00207
0.00203
0.00199
0.00194
0.0019
0.00186
0.00182
0.00177
0.00173
0.00169
0.00164
0.0016
0.00155
0.0015
0.00145
0.00141
0.00135
0.00131
0.00126
0.00121
0.00116
0.00111
0.00106
0.00101
0.00096
0.00092
0.00087
0.00083
0.00078
0.00074
0.0007
0.00066
0.00062
0.00059
0.00056
0.00053
0.0005
0.00047
0.00045
0.00043
0.00042
0.00041
0.00039
0.00039
0.00038
0.00038
0.00038
0.00038
0.00038
0.0004
0.00041
0.00042
0.00044
0.00046
0.00049
0.00052
0.00054
0.00058
0.00061
0.00066
0.0007
0.00075
0.0008
0.00085
0.00091
0.00097
0.00103
0.0011
0.00117
0.00124
0.00132
0.0014
0.00148
0.00157
0.00165
0.00174
0.00183
0.00192
0.002
0.00209
0.00217
0.00227
0.00235
0.00243
0.00251
0.00258
0.00265
0.00272
0.00279
0.00285
0.0029
0.00296
0.003
0.00304
0.00307
0.00311
0.00312
0.00315
0.00316
0.00317
0.00317
0.00317
0.00317
0.00316
0.00315
0.00314
0.00312
0.00311
0.00308
0.00306
0.00303
0.00301
0.00298
0.00296
0.00293
0.0029
0.00288
0.00285
0.00282
0.0028
0.00277
0.00274
0.00271
0.00269
0.00266
0.00263
0.0026
0.00258
0.00255
0.00252
0.00249
0.00245
0.00242
0.00238
0.00235
0.00232
0.00228
0.00224
0.0022
0.00216
0.00211
0.00207
0.00203
0.00198
0.00193
0.00189
0.00184
0.0018
0.00175
0.0017
0.00165
0.00161
0.00156
0.00151
0.00146
0.00141
0.00136
0.00132
0.00127
0.00122
0.00117
0.00112
0.00107
0.00102
0.00097
0.00092
0.00087
0.00082
0.00076
0.00071
0.00065
0.0006
0.00054
0.00048
0.00042
0.00036
0.0003
0.00024
0.00018
0.00011
5e-05
-1e-05
-8e-05
-0.00014
-0.0002
-0.00026
-0.00033
-0.00039
-0.00045
-0.00051
-0.00058
-0.00063
-0.00069
-0.00075
-0.00081
-0.00086
-0.00092
-0.00097
-0.00102
-0.00107
-0.00112
-0.00116
-0.00122
-0.00126
-0.00131
-0.00135
-0.00139
-0.00143
-0.00148
-0.00151
-0.00156
-0.0016
-0.00163
-0.00167
-0.00171
-0.00174
-0.00177
-0.0018
-0.00184
-0.00187
-0.0019
-0.00192
-0.00195
-0.00197
-0.002
-0.00202
-0.00204
-0.00206
-0.00208
-0.0021
-0.00211
-0.00212
-0.00213
-0.00213
-0.00215
-0.00215
-0.00215
-0.00215
-0.00215
-0.00214
-0.00214
-0.00213
-0.00212
-0.0021
-0.00209
-0.00207
-0.00204
-0.00202
-0.00199
-0.00196
-0.00193
-0.00189
-0.00185
-0.00181
-0.00177
-0.00171
-0.00167
-0.00161
-0.00156
-0.0015
-0.00144
-0.00137
-0.00131
-0.00124
-0.00116
-0.00109
-0.00102
-0.00094
-0.00087
-0.00078
-0.00071
-0.00063
-0.00055
-0.00046
-0.00038
-0.0003
-0.00022
-0.00014
-5e-05
3e-05
0.00012
0.00021
0.00028
0.00037
0.00045
0.00054
0.00062
0.0007
0.00078
0.00087
0.00095
0.00103
0.00111
0.00119
0.00128
0.00136
0.00144
0.00153
0.0016
0.00169
0.00177
0.00185
0.00193
0.00201
0.00208
0.00217
0.00224
0.00232
0.00239
0.00246
0.00253
0.0026
0.00267
0.00273
0.00279
0.00286
0.00291
0.00297
0.00302
0.00307
0.00311
0.00316
0.00319
0.00323
0.00326
0.00329
0.00331
0.00334
0.00336
0.00337
0.00338
0.00339
0.00339
0.00339
0.00339
0.00338
0.00337
0.00336
0.00334
0.00332
0.0033
0.00327
0.00324
0.00321
0.00317
0.00314
0.00309
0.00305
0.003
0.00296
0.0029
0.00285
0.0028
0.00275
0.00269
0.00263
0.00257
0.0025
0.00244
0.00238
0.00231
0.00225
0.00218
0.00211
0.00204
0.00197
0.0019
0.00183
0.00175
0.00169
0.00161
0.00153
0.00146
0.00138
0.00131
0.00123
0.00115
0.00107
0.00099
0.00091
0.00083
0.00075
0.00066
0.00058
0.00049
0.00042
0.00033
0.00024
0.00016
7e-05
-1e-05
-9e-05
-0.00018
-0.00026
-0.00035
-0.00043
-0.00051
-0.00059
-0.00067
-0.00074
-0.00082
-0.00089
-0.00096
-0.00103
-0.0011
-0.00117
-0.00123
-0.00129
-0.00134
-0.0014
-0.00145
-0.0015
-0.00154
-0.00158
-0.00162
-0.00165
-0.00169
-0.00171
-0.00174
-0.00176
-0.00178
-0.00179
-0.00181
-0.00181
-0.00182
-0.00182
-0.00183
-0.00182
-0.00182
-0.00181
-0.00181
-0.0018
-0.00179
-0.00178
-0.00177
-0.00176
-0.00174
-0.00173
-0.00171
-0.00169
-0.00168
-0.00166
-0.00165
-0.00163
-0.00161
-0.00159
-0.00157
-0.00155
-0.00153
-0.00151
-0.00149
-0.00147
-0.00145
-0.00143
-0.0014
-0.00138
-0.00135
-0.00132
-0.0013
-0.00126
-0.00124
-0.0012
-0.00117
-0.00114
-0.00111
-0.00107
-0.00104
-0.001
-0.00097
-0.00094
-0.0009
-0.00086
-0.00082
-0.00078
-0.00075
-0.00071
-0.00068
-0.00063
-0.0006
-0.00056
-0.00053
-0.00048
-0.00045
-0.00041
-0.00037
-0.00034
-0.0003
-0.00025
-0.00021
-0.00017
-0.00013
-8e-05
-4e-05
2e-05
7e-05
0.00012
0.00017
0.00024
0.00029
0.00036
0.00042
0.00049
0.00056
0.00064
0.00071
0.00079
0.00087
0.00095
0.00104
0.00112
0.00121
0.0013
0.00138
0.00148
0.00157
0.00166
0.00175
0.00184
0.00193
0.00202
0.00211
0.0022
0.00228
0.00237
0.00245
0.00254
0.00262
0.0027
0.00277
0.00286
0.00293
0.003
0.00308
0.00315
0.00322
0.00329
0.00335
0.00342
0.00348
0.00355
0.00361
0.00368
0.00374
0.0038
0.00386
0.00392
0.00398
0.00403
0.00409
0.00415
0.0042
0.00426
0.00432
0.00438
0.00442
0.00448
0.00453
0.00459
0.00464
0.00469
0.00474
0.00479
0.00484
0.00488
0.00493
0.00497
0.00501
0.00506
0.00509
0.00513
0.00516
0.0052
0.00523
0.00527
0.00529
0.00532
0.00534
0.00536
0.00538
0.0054
0.00541
0.00541
0.00542
0.00543
0.00543
0.00543
0.00542
0.00541
0.0054
0.00538
0.00536
0.00534
0.00531
0.00528
0.00524
0.0052
0.00516
0.00511
0.00506
0.00501
0.00496
0.0049
0.00483
0.00476
0.00469
0.00462
0.00454
0.00446
0.00438
0.0043
0.00421
0.00412
0.00402
0.00393
0.00383
0.00374
0.00364
0.00354
0.00344
0.00334
0.00324
0.00314
0.00304
0.00294
0.00284
0.00274
0.00264
0.00255
0.00245
0.00235
0.00226
0.00217
0.00208
0.00199
0.0019
0.00182
0.00174
0.00166
0.00158
0.0015
0.00142
0.00135
0.00127
0.0012
0.00113
0.00106
0.00099
0.00093
0.00086
0.0008
0.00074
0.00068
0.00062
0.00057
0.00051
0.00046
0.0004
0.00035
0.0003
0.00025
0.00021
0.00016
0.00012
9e-05
5e-05
2e-05
-2e-05
-5e-05
-8e-05
-0.0001
-0.00014
-0.00016
-0.00018
-0.0002
-0.00022
-0.00025
-0.00026
-0.00028
-0.0003
-0.00031
-0.00032
-0.00034
-0.00036
-0.00036
-0.00038
-0.00039
-0.0004
-0.00041
-0.00042
-0.00043
-0.00044
-0.00045
-0.00046
-0.00048
-0.00048
-0.00049
-0.0005
-0.0005
-0.00051
-0.00051
-0.00052
-0.00052
-0.00053
-0.00053
-0.00054
-0.00054
-0.00054
-0.00054
-0.00054
-0.00055
-0.00055
-0.00055
-0.00055
-0.00056
-0.00056
-0.00056
-0.00057
-0.00057
-0.00057
-0.00058
-0.00058
-0.00058
-0.00059
-0.00059
-0.00059
-0.00059
-0.00059
-0.00059
-0.00059
-0.00059
-0.00058
-0.00057
-0.00057
-0.00055
-0.00054
-0.00053
-0.00052
-0.0005
-0.00048
-0.00047
-0.00044
-0.00042
-0.0004
-0.00037
-0.00034
-0.00032
-0.00029
-0.00025
-0.00022
-0.00019
-0.00015
-0.00011
-6e-05
-1e-05
4e-05
9e-05
0.00016
0.00023
0.0003
0.00039
0.00048
0.00059
0.00071
0.00083
0.00097
0.00113
0.0013
0.00148
0.00167
0.00189
0.00212
0.00237
0.00263
0.00292
0.00322
0.00354
0.00388
0.00424
0.00462
0.00501
0.00542
0.00586
0.00632
0.00678
0.00728
0.00779
0.00833
0.00887
0.00945
0.01004
0.01066
0.0113
0.01196
0.01265
0.01336
0.0141
0.01485
0.01565
0.01647
0.0173
0.01817
0.01908
0.02001
0.02096
0.02194
0.02296
0.024
0.02506
0.02615
0.02727
0.02842
0.02958
0.03076
0.03197
0.0332
0.03444
0.03569
0.03697
0.03826
0.03956
0.04086
0.04219
0.04352
0.04486
0.0462
0.04756
0.04893
0.05029
0.05167
0.05306
0.05447
0.05587
0.0573
0.05873
0.06017
0.06163
0.0631
0.06458
0.06607
0.06758
0.0691
0.07063
0.07217
0.07371
0.07526
0.07682
0.07838
0.07993
0.08148
0.08302
0.08454
0.08604
0.08752
0.08897
0.09039
0.09177
0.09311
0.0944
0.09564
0.09683
0.09795
0.09902
0.10003
0.10096
0.10184
0.10264
0.10337
0.10404
0.10463
0.10516
0.10563
0.10603
0.10637
0.10666
0.10689
0.10707
0.10721
0.10721
0.10721
0.10721
0.10721
0.10721
0.10721
0.10721
0.10721
0.1072
0.10713
0.10706
0.10698
0.10692
0.10687
0.10681
0.10677
0.10674
0.10672
0.1067
0.1067
0.1067
0.10671
0.10673
0.10676
0.10679
0.10683
0.10687
0.1069
0.10694
0.10699
0.10702
0.10706
0.1071
0.10713
0.10716
0.10718
0.1072
0.10721
0.10721
0.10721
0.10721
0.10721
0.10721
0.10721
0.10719
0.10717
0.10715
0.10713
0.1071
0.10707
0.10704
0.10702
0.10699
0.10696
0.10694
0.10692
0.1069
0.10688
0.10687
0.10685
0.10685
0.10685
0.10685
0.10686
0.10687
0.10689
0.10692
0.10695
0.10698
0.10701
0.10705
0.10709
0.10713
0.10716
0.10719
0.10721
0.10721
0.10721
0.10721
0.10721
0.10721
0.10718
0.10712
0.10704
0.10693
0.1068
0.10664
0.10645
0.10623
0.10597
0.10569
0.10537
0.10501
0.10462
0.1042
0.10375
0.10325
0.10273
0.10218
0.10161
0.101
0.10037
0.09972
0.09905
0.09836
0.09766
0.09694
0.09622
0.09549
0.09476
0.09403
0.0933
0.09257
0.09185
0.09113
0.09043
0.08973
0.08905
0.08837
0.08771
0.08706
0.08641
0.08578
0.08516
0.08455
0.08395
0.08335
0.08277
0.08218
0.08161
0.08104
0.08048
0.07991
0.07935
0.07879
0.07823
0.07767
0.07711
0.07656
0.076
0.07544
0.07489
0.07434
0.0738
0.07325
0.07271
0.07217
0.07164
0.07112
0.0706
0.07009
0.06958
0.06909
0.0686
0.06812
0.06765
0.06718
0.06673
0.06628
0.06585
0.06541
0.06499
0.06458
0.06417
0.06376
0.06336
0.06297
0.06258
0.06219
0.0618
0.06141
0.06103
0.06065
0.06026
0.05988
0.0595
0.05911
0.05873
0.05835
0.05796
0.05757
0.05719
0.05681
0.05642
0.05603
0.05565
0.05526
0.05488
0.05449
0.05411
0.05372
0.05334
0.05296
0.05258
0.0522
0.05182
0.05144
0.05106
0.05069
0.05031
0.04994
0.04956
0.04918
0.04881
0.04843
0.04806
0.04768
0.04731
0.04693
0.04655
0.04618
0.0458
0.04542
0.04504
0.04467
0.04429
0.04392
0.04354
0.04316
0.04279
0.04242
0.04205
0.04168
0.04132
0.04095
0.04059
0.04023
0.03987
0.03952
0.03917
0.03882
0.03848
0.03813
0.0378
0.03746
0.03713
0.0368
0.03647
0.03615
0.03583
0.03551
0.0352
0.03489
0.03458
0.03427
0.03397
0.03367
0.03338
0.03308
0.03279
0.0325
0.03223
0.03194
0.03167
0.03139
0.03113
0.03086
0.03059
0.03034
0.03008
0.02983
0.02958
0.02933
0.02909
0.02885
0.02861
0.02838
0.02815
0.02792
0.02769
0.02747
0.02725
0.02703
0.02681
0.02659
0.02637
0.02616
0.02594
0.02573
0.02552
0.02531
0.02509
0.02488
0.02468
0.02447
0.02425
0.02405
0.02384
0.02363
0.02342
0.02322
0.02301
0.02281
0.0226
0.0224
0.0222
0.022
0.0218
0.0216
0.02141
0.02121
0.02102
0.02083
0.02064
0.02045
0.02026
0.02008
0.01989
0.01971
0.01953
0.01935
0.01917
0.019
0.01882
0.01865
0.01848
0.01831
0.01814
0.01797
0.01781
0.01765
0.01748
0.01732
0.01716
0.01701
0.01685
0.0167
0.01654
0.01639
0.01624
0.0161
0.01595
0.01581
0.01567
0.01553
0.01539
0.01526
0.01512
0.01499
0.01485
0.01472
0.01459
0.01446
0.01434
0.01421
0.01408
0.01396
0.01383
0.01371
0.01358
0.01346
0.01334
0.01321
0.01309
0.01296
0.01284
0.01272
0.01259
0.01247
0.01234
0.01222
0.0121
0.01198
0.01186
0.01174
0.01162
0.0115
0.01139
0.01128
0.01116
0.01105
0.01094
0.01084
0.01073
0.01063
0.01053
0.01043
0.01033
0.01024
0.01015
0.01006
0.00997
0.00989
0.0098
0.00972
0.00964
0.00956
0.00948
0.00941
0.00934
0.00926
0.00919
0.00912
0.00906
0.009
0.00894
0.00888
0.00882
0.00877
0.00872
0.00868
0.00863
0.00859
0.00855
0.00853
0.00849
0.00847
0.00845
0.00843
0.00842
0.00841
0.00841
0.00841
0.00841
0.00842
0.00843
0.00845
0.00846
0.00849
0.00851
0.00854
0.00857
0.0086
0.00863
0.00866
0.0087
0.00874
0.00877
0.00881
0.00885
0.00888
0.00892
0.00895
0.00899
0.00902
0.00905
0.00908
0.00911
0.00913
0.00916
0.00918
0.0092
0.00922
0.00924
0.00925
0.00926
0.00928
0.00929
0.0093
0.0093
0.00931
0.00931
0.00932
0.00932
0.00932
0.00932
0.00931
0.00931
0.00931
0.0093
0.0093
0.00929
0.00929
0.00928
0.00928
0.00926
0.00926
0.00925
0.00924
0.00923
0.00922
0.00921
0.00921
0.0092
0.00919
0.00918
0.00918
0.00917
0.00917
0.00916
0.00916
0.00915
0.00915
0.00915
0.00915
0.00915
0.00915
0.00915
0.00914
0.00915
0.00915
0.00915
0.00915
0.00915
0.00915
0.00915
0.00915
0.00914
0.00914
0.00913
0.00913
0.00912
0.0091
0.00908
0.00906
0.00904
0.00902
0.00899
0.00895
0.00891
0.00887
0.00882
0.00877
0.0087
0.00864
0.00856
0.00849
0.00841
0.00832
0.00823
0.00812
0.00802
0.00791
0.00779
0.00767
0.00754
0.00741
0.00727
0.00714
0.00699
0.00684
0.00669
0.00653
0.00637
0.00621
0.00604
0.00588
0.00571
0.00554
0.00537
0.0052
0.00502
0.00486
0.00468
0.00451
0.00433
0.00416
0.00399
0.00382
0.00364
0.00347
0.0033
0.00312
0.00295
0.00278
0.00261
0.00244
0.00226
0.0021
0.00192
0.00176
0.00158
0.00142
0.00124
0.00108
0.00091
0.00075
0.00059
0.00042
0.00027
0.00011
-4e-05
-0.00019
-0.00033
-0.00047
-0.00061
-0.00073
-0.00086
-0.00098
-0.00109
-0.00119
-0.00129
-0.00138
-0.00146
-0.00154
-0.0016
-0.00166
-0.00171
-0.00175
-0.00179
-0.00182
-0.00184
-0.00185
-0.00186
-0.00186
-0.00185
-0.00184
-0.00182
-0.0018
-0.00177
-0.00174
-0.00171
-0.00167
-0.00162
-0.00158
-0.00153
-0.00148
-0.00143
-0.00137
-0.00132
-0.00126
-0.00121
-0.00114
-0.00108
-0.00102
-0.00095
-0.00089
-0.00082
-0.00075
-0.00068
-0.0006
-0.00053
-0.00045
-0.00037
-0.00029
-0.00021
-0.00012
-3e-05
7e-05
0.00016
0.00025
0.00035
0.00045
0.00056
0.00067
0.00078
0.00089
0.00099
0.00111
0.00122
0.00134
0.00145
0.00156
0.00167
0.00179
0.0019
0.00202
0.00213
0.00223
0.00234
0.00245
0.00255
0.00266
0.00275
0.00285
0.00294
0.00303
0.00311
0.00319
0.00326
0.00334
0.00341
0.00347
0.00353
0.00359
0.00364
0.00369
0.00373
0.00377
0.0038
0.00384
0.00386
0.00389
0.00391
0.00392
0.00393
0.00395
0.00395
0.00395
0.00395
0.00394
0.00394
0.00393
0.00391
0.0039
0.00388
0.00386
0.00384
0.00382
0.00379
0.00376
0.00373
0.0037
0.00366
0.00363
0.00359
0.00355
0.00351
0.00347
0.00342
0.00338
0.00333
0.00328
0.00323
0.00318
0.00313
0.00308
0.00302
0.00296
0.0029
0.00285
0.00279
0.00272
0.00267
0.0026
0.00254
0.00248
0.00242
0.00236
0.0023
0.00224
0.00217
0.00212
0.00205
0.002
0.00194
0.00188
0.00183
0.00177
0.00172
0.00167
0.00162
0.00157
0.00151
0.00147
0.00142
0.00138
0.00133
0.00129
0.00124
0.00121
0.00116
0.00112
0.00108
0.00104
0.001
0.00096
0.00092
0.00088
0.00084
0.0008
0.00076
0.00072
0.00068
0.00064
0.00059
0.00056
0.00051
0.00047
0.00043
0.00038
0.00034
0.0003
0.00026
0.00022
0.00017
0.00013
9e-05
6e-05
1e-05
-2e-05
-6e-05
-9e-05
-0.00013
-0.00016
-0.00019
-0.00022
-0.00025
-0.00027
-0.00029
-0.00031
-0.00033
-0.00034
-0.00036
-0.00036
-0.00037
-0.00037
-0.00038
-0.00037
-0.00037
-0.00036
-0.00036
-0.00035
-0.00033
-0.00031
-0.00029
-0.00027
-0.00025
-0.00022
-0.0002
-0.00016
-0.00013
-0.0001
-7e-05
-2e-05
1e-05
6e-05
0.0001
0.00014
0.00019
0.00024
0.00028
0.00034
0.00038
0.00044
0.00049
0.00055
0.0006
0.00066
0.00071
0.00077
0.00083
0.00088
0.00094
0.001
0.00106
0.00112
0.00117
0.00123
0.00128
0.00134
0.00139
0.00144
0.00149
0.00154
0.00158
0.00163
0.00167
0.00171
0.00175
0.00179
0.00182
0.00185
0.00188
0.00192
0.00194
0.00196
0.00198
0.00201
0.00202
0.00205
0.00206
0.00208
0.0021
0.00211
0.00213
0.00214
0.00216
0.00218
0.00219
0.00221
0.00223
0.00225
0.00227
0.00229
0.00231
0.00233
0.00235
0.00238
0.0024
0.00243
0.00246
0.00248
0.00251
0.00254
0.00257
0.00261
0.00263
0.00267
0.0027
0.00274
0.00277
0.0028
0.00283
0.00287
0.0029
0.00294
0.00298
0.00301
0.00305
0.00309
0.00313
0.00317
0.0032
0.00324
0.00328
0.00332
0.00335
0.00339
0.00343
0.00347
0.0035
0.00353
0.00356
0.00359
0.00361
0.00364
0.00366
0.00368
0.00369
0.0037
0.00371
0.00371
0.0037
0.0037
0.00368
0.00366
0.00364
0.0036
0.00357
0.00352
0.00347
0.00342
0.00336
0.0033
0.00322
0.00315
0.00307
0.00298
0.00289
0.0028
0.00269
0.00259
0.00248
0.00237
0.00225
0.00213
0.00201
0.00189
0.00176
0.00164
0.0015
0.00137
0.00124
0.00111
0.00097
0.00084
0.0007
0.00056
0.00043
0.00029
0.00015
2e-05
-0.00012
-0.00025
-0.00038
-0.00051
-0.00064
-0.00076
-0.00089
-0.00101
-0.00113
-0.00125
-0.00136
-0.00146
-0.00157
-0.00167
-0.00177
-0.00187
-0.00195
-0.00203
-0.00211
-0.00218
-0.00226
-0.00232
-0.00239
-0.00244
-0.0025
-0.00254
-0.00259
-0.00262
-0.00266
-0.0027
-0.00273
-0.00276
-0.00278
-0.0028
-0.00282
-0.00283
-0.00285
-0.00286
-0.00287
-0.00287
-0.00288
-0.00288
-0.00288
-0.00288
-0.00288
-0.00287
-0.00287
-0.00286
-0.00285
-0.00284
-0.00282
-0.00281
-0.00279
-0.00277
-0.00275
-0.00272
-0.0027
-0.00268
-0.00265
-0.00262
-0.00259
-0.00256
-0.00253
-0.0025
-0.00246
-0.00243
-0.00239
-0.00236
-0.00233
-0.00229
-0.00226
-0.00223
-0.00221
-0.00218
-0.00216
-0.00213
-0.00211
-0.00209
-0.00208
-0.00207
-0.00205
-0.00205
-0.00204
-0.00204
-0.00204
-0.00204
-0.00204
-0.00205
-0.00206
-0.00207
-0.00209
-0.0021
-0.00211
-0.00213
-0.00215
-0.00217
-0.0022
-0.00222
-0.00224
-0.00226
-0.00229
-0.00231
-0.00234
-0.00236
-0.0024
-0.00242
-0.00245
-0.00248
-0.00251
-0.00253
-0.00257
-0.0026
-0.00262
-0.00265
-0.00268
-0.0027
-0.00273
-0.00275
-0.00278
-0.0028
-0.00283
-0.00285
-0.00287
-0.00288
-0.0029
-0.00291
-0.00293
-0.00293
-0.00294
-0.00294
-0.00294
-0.00293
-0.00293
-0.00292
-0.00291
-0.00289
-0.00287
-0.00285
-0.00283
-0.00279
-0.00277
-0.00274
-0.0027
-0.00266
-0.00262
-0.00258
-0.00254
-0.00249
-0.00245
-0.0024
-0.00235
-0.00229
-0.00224
-0.00219
-0.00214
-0.00208
-0.00202
-0.00196
-0.0019
-0.00184
-0.00178
-0.00171
-0.00165
-0.00158
-0.00151
-0.00144
-0.00137
-0.00129
-0.00122
-0.00114
-0.00106
-0.00097
-0.00089
-0.00081
-0.00072
-0.00063
-0.00054
-0.00045
-0.00036
-0.00026
-0.00018
-8e-05
1e-05
0.00011
0.00019
0.00029
0.00037
0.00047
0.00055
0.00064
0.00072
0.0008
0.00088
0.00096
0.00104
0.00112
0.00119
0.00126
0.00133
0.0014
0.00146
0.00153
0.00159
0.00166
0.00172
0.00178
0.00184
0.00189
0.00195
0.00201
0.00207
0.00213
0.00218
0.00223
0.00228
0.00234
0.00239
0.00244
0.00248
0.00254
0.00258
0.00262
0.00266
0.0027
0.00274
0.00278
0.00282
0.00286
0.00288
0.00292
0.00294
0.00298
0.003
0.00303
0.00304
0.00307
0.00309
0.00311
0.00313
0.00315
0.00317
0.00319
0.00321
0.00323
0.00324
0.00327
0.00328
0.00331
0.00333
0.00335
0.00337
0.00339
0.00342
0.00344
0.00346
0.00348
0.0035
0.00352
0.00354
0.00356
0.00357
0.00359
0.0036
0.00362
0.00362
0.00363
0.00363
0.00363
0.00362
0.00361
0.0036
0.00358
0.00356
0.00354
0.00351
0.00348
0.00344
0.00341
0.00337
0.00332
0.00327
0.00322
0.00316
0.00311
0.00305
0.00299
0.00292
0.00286
0.00279
0.00272
0.00265
0.00259
0.0025
0.00244
0.00236
0.00228
0.0022
0.00213
0.00205
0.00197
0.00189
0.00181
0.00173
0.00165
0.00157
0.00149
0.00141
0.00133
0.00124
0.00117
0.00109
0.00101
0.00093
0.00085
0.00077
0.0007
0.00063
0.00056
0.00049
0.00042
0.00036
0.0003
0.00024
0.00019
0.00013
9e-05
4e-05
1e-05
-4e-05
-7e-05
-0.0001
-0.00012
-0.00015
-0.00016
-0.00018
-0.00019
-0.0002
-0.0002
-0.0002
-0.0002
-0.0002
-0.00018
-0.00017
-0.00015
-0.00014
-0.00012
-0.0001
-7e-05
-4e-05
-1e-05
2e-05
5e-05
9e-05
0.00014
0.00018
0.00023
0.00028
0.00033
0.00039
0.00045
0.00051
0.00058
0.00064
0.00072
0.00079
0.00087
0.00095
0.00104
0.00112
0.00122
0.00131
0.0014
0.0015
0.0016
0.0017
0.0018
0.0019
0.002
0.0021
0.00221
0.0023
0.00241
0.0025
0.0026
0.00269
0.00279
0.00288
0.00297
0.00305
0.00313
0.00321
0.00329
0.00335
0.00343
0.00349
0.00356
0.00361
0.00367
0.00372
0.00377
0.00381
0.00386
0.0039
0.00394
0.00398
0.00401
0.00405
0.00408
0.0041
0.00413
0.00416
0.00418
0.0042
0.00422
0.00424
0.00425
0.00427
0.00428
0.00429
0.00429
0.00429
0.0043
0.00429
0.00429
0.00427
0.00426
0.00424
0.00423
0.0042
0.00417
0.00414
0.00411
0.00407
0.00403
0.00398
0.00394
0.00388
0.00383
0.00377
0.00372
0.00365
0.00359
0.00352
0.00346
0.00338
0.00331
0.00324
0.00317
0.00309
0.00302
0.00294
0.00287
0.00279
0.00272
0.00264
0.00256
0.00248
0.0024
0.00232
0.00224
0.00216
0.00208
0.002
0.00191
0.00183
0.00175
0.00166
0.00158
0.00149
0.0014
0.00131
0.00122
0.00113
0.00104
0.00094
0.00085
0.00075
0.00065
0.00056
0.00046
0.00036
0.00027
0.00017
8e-05
-2e-05
-0.00012
-0.00021
-0.0003
-0.0004
-0.00048
-0.00057
-0.00065
-0.00074
-0.00082
-0.00089
-0.00097
-0.00104
-0.0011
-0.00116
-0.00122
-0.00128
-0.00133
-0.00138
-0.00141
-0.00145
-0.00148
-0.00152
-0.00153
-0.00156
-0.00157
-0.00158
-0.00159
-0.00159
-0.00158
-0.00157
-0.00156
-0.00154
-0.00152
-0.00149
-0.00146
-0.00143
-0.00138
-0.00134
-0.00129
-0.00124
-0.00119
-0.00113
-0.00107
-0.00101
-0.00094
-0.00087
-0.00079
-0.00072
-0.00064
-0.00057
-0.00048
-0.00041
-0.00032
-0.00024
-0.00016
-8e-05
1e-05
9e-05
0.00017
0.00025
0.00033
0.00041
0.00049
0.00056
0.00064
0.0007
0.00078
0.00084
0.00091
0.00097
0.00104
0.00109
0.00115
0.00121
0.00126
0.00131
0.00136
0.0014
0.00145
0.00149
0.00154
0.00158
0.00162
0.00165
0.00169
0.00172
0.00176
0.00179
0.00182
0.00185
0.00188
0.00192
0.00195
0.00197
0.00201
0.00203
0.00206
0.00208
0.00211
0.00214
0.00216
0.00218
0.00221
0.00223
0.00225
0.00227
0.00228
0.0023
0.00232
0.00233
0.00235
0.00235
0.00236
0.00237
0.00238
0.00237
0.00238
0.00237
0.00237
0.00236
0.00235
0.00234
0.00232
0.00231
0.00229
0.00227
0.00225
0.00221
0.00219
0.00215
0.00212
0.00208
0.00205
0.00201
0.00197
0.00192
0.00188
0.00183
0.00179
0.00174
0.00169
0.00164
0.0016
0.00154
0.0015
0.00144
0.0014
0.00135
0.00131
0.00125
0.00121
0.00117
0.00112
0.00108
0.00104
0.001
0.00096
0.00092
0.00088
0.00084
0.00081
0.00077
0.00074
0.00071
0.00068
0.00064
0.00061
0.00058
0.00055
0.00051
0.00048
0.00045
0.00042
0.00039
0.00036
0.00033
0.0003
0.00027
0.00024
0.00021
0.00019
0.00015
0.00013
0.00011
8e-05
6e-05
4e-05
2e-05
0.0
-1e-05
-2e-05
-4e-05
-5e-05
-6e-05
-6e-05
-6e-05
-6e-05
-6e-05
-5e-05
-5e-05
-4e-05
-3e-05
-2e-05
-1e-05
1e-05
3e-05
4e-05
5e-05
7e-05
9e-05
0.00011
0.00012
0.00014
0.00015
0.00017
0.00018
0.0002
0.00021
0.00022
0.00023
0.00024
0.00025
0.00025
0.00025
0.00026
0.00026
0.00027
0.00026
0.00027
0.00026
0.00027
0.00026
0.00026
0.00026
0.00026
0.00026
0.00026
0.00025
0.00026
0.00025
0.00025
0.00025
0.00026
0.00025
0.00026
0.00025
0.00026
0.00026
0.00026
0.00027
0.00027
0.00027
0.00028
0.00028
0.00029
0.00028
0.00029
0.00029
0.0003
0.0003
0.0003
0.0003
0.00032
0.00032
0.00033
0.00033
0.00034
0.00035
0.00036
0.00037
0.00039
0.0004
0.00042
0.00044
0.00047
0.00049
0.00052
0.00055
0.00059
0.00062
0.00066
0.0007
0.00074
0.00079
0.00084
0.0009
0.00096
0.00101
0.00108
0.00113
0.0012
0.00127
0.00134
0.0014
0.00148
0.00155
0.00162
0.00169
0.00176
0.00184
0.00191
0.00198
0.00206
0.00212
0.00219
0.00226
0.00233
0.00239
0.00246
0.00251
0.00258
0.00263
0.00268
0.00273
0.00278
0.00283
0.00287
0.00291
0.00295
0.00299
0.00302
0.00305
0.00308
0.00309
0.00312
0.00313
0.00315
0.00315
0.00316
0.00316
0.00316
0.00315
0.00315
0.00314
0.00312
0.0031
0.00308
0.00305
0.00303
0.00299
0.00296
0.00292
0.00288
0.00283
0.00278
0.00273
0.00268
0.00262
0.00256
0.0025
0.00244
0.00237
0.0023
0.00222
0.00215
0.00207
0.002
0.00191
0.00184
0.00175
0.00166
0.00157
0.00148
0.0014
0.00131
0.00122
0.00113
0.00103
0.00094
0.00084
0.00075
0.00065
0.00056
0.00046
0.00037
0.00027
0.00018
9e-05
-1e-05
-9e-05
-0.00018
-0.00027
-0.00035
-0.00043
-0.00051
-0.00059
-0.00066
-0.00074
-0.0008
-0.00087
-0.00093
-0.00099
-0.00105
-0.0011
-0.00115
-0.0012
-0.00124
-0.00128
-0.00131
-0.00135
-0.00137
-0.0014
-0.00141
-0.00143
-0.00144
-0.00146
-0.00146
-0.00146
-0.00146
-0.00146
-0.00145
-0.00144
-0.00142
-0.0014
-0.00138
-0.00136
-0.00133
-0.0013
-0.00126
-0.00122
-0.00118
-0.00114
-0.00108
-0.00103
-0.00098
-0.00092
-0.00086
-0.0008
-0.00073
-0.00067
-0.00059
-0.00052
-0.00045
-0.00037
-0.00029
-0.00021
-0.00013
-5e-05
4e-05
0.00012
0.0002
0.00028
0.00037
0.00045
0.00053
0.00061
0.00069
0.00077
0.00085
0.00092
0.00099
0.00106
0.00113
0.00119
0.00126
0.00132
0.00138
0.00143
0.00148
0.00154
0.00159
0.00164
0.00168
0.00172
0.00177
0.00181
0.00185
0.00188
0.00193
0.00196
0.002
0.00203
0.00206
0.0021
0.00213
0.00216
0.00219
0.00222
0.00225
0.00228
0.00231
0.00234
0.00237
0.00239
0.00241
0.00243
0.00246
0.00248
0.00249
0.00251
0.00252
0.00253
0.00254
0.00255
0.00256
0.00255
0.00256
0.00255
0.00255
0.00253
0.00253
0.00251
0.0025
0.00247
0.00245
0.00243
0.0024
0.00238
0.00235
0.00232
0.00229
0.00225
0.00222
0.00218
0.00214
0.0021
0.00206
0.00202
0.00198
0.00194
0.00189
0.00185
0.0018
0.00175
0.00171
0.00165
0.00161
0.00155
0.00149
0.00144
0.00138
0.00131
0.00125
0.00118
0.00112
0.00105
0.00097
0.0009
0.00082
0.00074
0.00065
0.00057
0.00048
0.00038
0.0003
0.0002
0.00011
0.0
-0.0001
-0.0002
-0.0003
-0.00041
-0.00051
-0.00062
-0.00072
-0.00083
-0.00093
-0.00104
-0.00114
-0.00125
-0.00135
-0.00145
-0.00155
-0.00165
-0.00175
-0.00185
-0.00194
-0.00204
-0.00213
-0.00222
-0.00231
-0.00239
-0.00247
-0.00255
-0.00262
-0.0027
-0.00277
-0.00284
-0.00291
-0.00297
-0.00303
-0.00309
-0.00314
-0.00319
-0.00324
-0.00329
-0.00333
-0.00336
-0.00339
-0.00342
-0.00344
-0.00347
-0.00348
-0.00349
-0.0035
-0.0035
-0.0035
-0.0035
-0.00349
-0.00348
-0.00346
-0.00344
-0.00342
-0.00339
-0.00336
-0.00332
-0.00328
-0.00324
-0.00319
-0.00314
-0.00307
-0.00302
-0.00295
-0.00289
-0.00281
-0.00273
-0.00265
-0.00257
-0.00248
-0.00239
-0.00229
-0.00219
-0.00208
-0.00198
-0.00186
-0.00175
-0.00163
-0.00151
-0.00138
-0.00125
-0.00112
-0.00099
-0.00085
-0.00072
-0.00058
-0.00044
-0.0003
-0.00016
-2e-05
0.00012
0.00026
0.00039
0.00053
0.00066
0.00079
0.00091
0.00104
0.00116
0.00127
0.00139
0.00149
0.0016
0.0017
0.0018
0.00189
0.00197
0.00206
0.00213
0.00221
0.00228
0.00234
0.0024
0.00246
0.00252
0.00257
0.00261
0.00266
0.0027
0.00274
0.00278
0.00281
0.00284
0.00287
0.0029
0.00293
0.00294
0.00297
0.00298
0.003
0.00301
0.00303
0.00303
0.00304
0.00304
0.00305
0.00304
0.00304
0.00303
0.00303
0.00302
0.00301
0.00299
0.00297
0.00295
0.00293
0.0029
0.00287
0.00284
0.00281
0.00278
0.00275
0.00271
0.00268
0.00263
0.0026
0.00255
0.00252
0.00247
0.00243
0.00239
0.00235
0.0023
0.00226
0.00222
0.00218
0.00214
0.0021
0.00206
0.00202
0.00198
0.00195
0.00191
0.00188
0.00184
0.00181
0.00178
0.00175
0.00172
0.00169
0.00167
0.00164
0.00162
0.0016
0.00158
0.00156
0.00154
0.00152
0.0015
0.00149
0.00148
0.00146
0.00145
0.00144
0.00143
0.00142
0.00141
0.0014
0.00139
0.00138
0.00137
0.00137
0.00135
0.00135
0.00134
0.00134
0.00133
0.00132
0.00131
0.00131
0.00129
0.00129
0.00128
0.00127
0.00126
0.00125
0.00124
0.00123
0.00122
0.00121
0.0012
0.00119
0.00117
0.00117
0.00115
0.00114
0.00113
0.00111
0.0011
0.00108
0.00107
0.00105
0.00103
0.00102
0.00099
0.00098
0.00095
0.00093
0.0009
0.00088
0.00085
0.00082
0.00079
0.00076
0.00072
0.00068
0.00064
0.0006
0.00056
0.00052
0.00047
0.00042
0.00037
0.00032
0.00026
0.00021
0.00014
9e-05
2e-05
-5e-05
-0.00011
-0.00019
-0.00026
-0.00033
-0.0004
-0.00047
-0.00056
-0.00063
-0.00072
-0.00079
-0.00088
-0.00096
-0.00105
-0.00113
-0.00122
-0.00131
-0.00139
-0.00148
-0.00157
-0.00165
-0.00174
-0.00182
-0.00191
-0.002
-0.00208
-0.00216
-0.00225
-0.00233
-0.00241
-0.00249
-0.00257
-0.00265
-0.00272
-0.0028
-0.00287
-0.00295
-0.00302
-0.00309
-0.00317
-0.00323
-0.00331
-0.00338
-0.00345
-0.00352
-0.0036
-0.00367
-0.00374
-0.00381
-0.00389
-0.00396
-0.00404
-0.00411
-0.00419
-0.00426
-0.00435
-0.00442
-0.0045
-0.00458
-0.00466
-0.00474
-0.00482
-0.0049
-0.00498
-0.00506
-0.00514
-0.00522
-0.0053
-0.00537
-0.00544
-0.00552
-0.00559
-0.00566
-0.00573
-0.00579
-0.00586
-0.00592
-0.00598
-0.00603
-0.00609
-0.00614
-0.00619
-0.00623
-0.00627
-0.00631
-0.00634
-0.00637
-0.00641
-0.00643
-0.00645
-0.00646
-0.00648
-0.00648
-0.00649
-0.00649
-0.00648
-0.00647
-0.00646
-0.00644
-0.00642
-0.00639
-0.00635
-0.00631
-0.00627
-0.00621
-0.00616
-0.00609
-0.00603
-0.00596
-0.00588
-0.00579
-0.0057
-0.00561
-0.00551
-0.00541
-0.0053
-0.00518
-0.00506
-0.00493
-0.00481
-0.00467
-0.00453
-0.00439
-0.00424
-0.00409
-0.00394
-0.00377
-0.00362
-0.00345
-0.00328
-0.00312
-0.00294
-0.00276
-0.00258
-0.0024
-0.00222
-0.00203
-0.00184
-0.00165
-0.00146
-0.00126
-0.00107
-0.00087
-0.00067
-0.00047
-0.00027
-7e-05
0.00014
0.00034
0.00055
0.00075
0.00096
0.00116
0.00137
0.00158
0.00178
0.00198
0.00218
0.00238
0.00258
0.00278
0.00297
0.00316
0.00334
0.00353
0.00371
0.00389
0.00405
0.00422
0.00438
0.00454
0.00468
0.00483
0.00496
0.00509
0.00521
0.00532
0.00543
0.00553
0.00563
0.00571
0.00579
0.00586
0.00592
0.00598
0.00602
0.00607
0.00609
0.00612
0.00614
0.00616
0.00616
0.00616
0.00615
0.00614
0.00613
0.00611
0.00608
0.00605
0.00601
0.00597
0.00592
0.00588
0.00582
0.00577
0.00571
0.00565
0.00558
0.0055
0.00543
0.00535
0.00527
0.00519
0.0051
0.00501
0.00491
0.00482
0.00471
0.00462
0.0045
0.0044
0.00428
0.00417
0.00405
0.00392
0.0038
0.00367
0.00354
0.00341
0.00328
0.00315
0.00301
0.00287
0.00273
0.00259
0.00244
0.0023
0.00215
0.00201
0.00186
0.00172
0.00157
0.00142
0.00127
0.00112
0.00096
0.00082
0.00066
0.00051
0.00035
0.0002
4e-05
-0.00012
-0.00028
-0.00044
-0.0006
-0.00076
-0.00092
-0.00108
-0.00125
-0.00141
-0.00157
-0.00173
-0.00189
-0.00205
-0.00221
-0.00236
-0.00252
-0.00267
-0.00282
-0.00297
-0.00311
-0.00325
-0.00338
-0.00351
-0.00363
-0.00375
-0.00386
-0.00396
-0.00407
-0.00416
-0.00424
-0.00432
-0.00439
-0.00445
-0.00451
-0.00455
-0.0046
-0.00463
-0.00465
-0.00468
-0.00469
-0.00469
-0.00468
-0.00467
-0.00466
-0.00464
-0.00461
-0.00457
-0.00453
-0.00449
-0.00444
-0.00438
-0.00432
-0.00426
-0.00419
-0.00412
-0.00404
-0.00396
-0.00387
-0.00378
-0.00369
-0.00359
-0.0035
-0.00339
-0.00329
-0.00318
-0.00308
-0.00296
-0.00285
-0.00273
-0.00261
-0.00249
-0.00237
-0.00224
-0.00211
-0.00198
-0.00186
-0.00172
-0.0016
-0.00146
-0.00133
-0.0012
-0.00107
-0.00093
-0.0008
-0.00067
-0.00054
-0.00041
-0.00028
-0.00016
-3e-05
9e-05
0.00021
0.00033
0.00044
0.00056
0.00066
0.00077
0.00087
0.00098
0.00108
0.00118
0.00127
0.00136
0.00145
0.00154
0.00162
0.00171
0.00178
0.00186
0.00193
0.002
0.00207
0.00213
0.00219
0.00226
0.00231
0.00237
0.00242
0.00246
0.00251
0.00255
0.00259
0.00263
0.00266
0.00269
0.00272
0.00275
0.00276
0.00278
0.00279
0.0028
0.0028
0.00281
0.0028
0.0028
0.00279
0.00278
0.00276
0.00275
0.00272
0.0027
0.00267
0.00264
0.00261
0.00257
0.00253
0.0025
0.00245
0.00241
0.00236
0.00232
0.00227
0.00222
0.00217
0.00212
0.00206
0.002
0.00194
0.00189
0.00182
0.00176
0.0017
0.00164
0.00157
0.0015
0.00143
0.00136
0.00129
0.00121
0.00114
0.00106
0.00098
0.00091
0.00082
0.00074
0.00066
0.00058
0.00049
0.00041
0.00033
0.00024
0.00016
7e-05
-1e-05
-9e-05
-0.00017
-0.00024
-0.00032
-0.00039
-0.00047
-0.00054
-0.00061
-0.00067
-0.00074
-0.00079
-0.00085
-0.0009
-0.00096
-0.001
-0.00105
-0.00108
-0.00112
-0.00115
-0.00119
-0.00121
-0.00124
-0.00125
-0.00127
-0.00128
-0.0013
-0.0013
-0.00131
-0.00131
-0.00131
-0.00131
-0.00131
-0.0013
-0.00129
-0.00128
-0.00128
-0.00126
-0.00126
-0.00124
-0.00123
-0.00122
-0.00121
-0.00119
-0.00118
-0.00117
-0.00116
-0.00115
-0.00114
-0.00113
-0.00112
-0.00112
-0.00112
-0.00111
-0.00111
-0.0011
-0.0011
-0.0011
-0.00111
-0.0011
-0.00111
-0.00111
-0.00111
-0.00112
-0.00112
-0.00112
-0.00113
-0.00113
-0.00114
-0.00114
-0.00115
-0.00114
-0.00115
-0.00115
-0.00115
-0.00115
-0.00115
-0.00115
-0.00115
-0.00114
-0.00114
-0.00113
-0.00112
-0.00111
-0.00111
-0.0011
-0.00109
-0.00107
-0.00106
-0.00105
-0.00103
-0.00101
-0.001
-0.00098
-0.00096
-0.00094
-0.00091
-0.00089
-0.00086
-0.00083
-0.0008
-0.00076
-0.00073
-0.00069
-0.00065
-0.00061
-0.00057
-0.00051
-0.00046
-0.00041
-0.00035
-0.0003
-0.00023
-0.00017
-0.0001
-3e-05
4e-05
0.00012
0.00019
0.00028
0.00036
0.00044
0.00052
0.00061
0.0007
0.00079
0.00088
0.00097
0.00106
0.00115
0.00125
0.00134
0.00143
0.00153
0.00161
0.00171
0.0018
0.00189
0.00197
0.00207
0.00215
0.00224
0.00232
0.0024
0.00249
0.00257
0.00265
0.00272
0.00279
0.00287
0.00294
0.00301
0.00307
0.00314
0.00319
0.00325
0.00331
0.00336
0.00341
0.00346
0.0035
0.00355
0.00359
0.00363
0.00365
0.00369
0.00371
0.00374
0.00376
0.00378
0.00379
0.00381
0.00382
0.00382
0.00383
0.00382
0.00382
0.00382
0.0038
0.00379
0.00377
0.00375
0.00372
0.00369
0.00365
0.00362
0.00357
0.00353
0.00348
0.00343
0.00337
0.0033
0.00324
0.00317
0.0031
0.00302
0.00294
0.00286
0.00277
0.00268
0.00259
0.0025
0.0024
0.00231
0.0022
0.0021
0.00201
0.0019
0.0018
0.00171
0.00161
0.00151
0.00141
0.00131
0.00122
0.00113
0.00103
0.00095
0.00086
0.00078
0.00069
0.00061
0.00053
0.00046
0.00039
0.00032
0.00025
0.00019
0.00012
6e-05
0.0
-5e-05
-0.00011
-0.00016
-0.00022
-0.00026
-0.00031
-0.00035
-0.0004
-0.00044
-0.00048
-0.00052
-0.00055
-0.00058
-0.00062
-0.00065
-0.00068
-0.0007
-0.00072
-0.00074
-0.00076
-0.00077
-0.00078
-0.00079
-0.0008
-0.00081
-0.00081
-0.0008
-0.0008
-0.00079
-0.00078
-0.00076
-0.00075
-0.00073
-0.00072
-0.00069
-0.00067
-0.00064
-0.00062
-0.00059
-0.00057
-0.00054
-0.00051
-0.00048
-0.00046
-0.00043
-0.00041
-0.00037
-0.00035
-0.00032
-0.00031
-0.00028
-0.00026
-0.00024
-0.00022
-0.0002
-0.00019
-0.00018
-0.00016
-0.00015
-0.00013
-0.00012
-0.00011
-0.0001
-0.0001
-8e-05
-8e-05
-7e-05
-6e-05
-5e-05
-5e-05
-5e-05
-4e-05
-4e-05
-3e-05
-3e-05
-3e-05
-2e-05
-3e-05
-3e-05
-3e-05
-3e-05
-4e-05
-5e-05
-6e-05
-7e-05
-9e-05
-0.0001
-0.00012
-0.00015
-0.00017
-0.00019
-0.00022
-0.00025
-0.00029
-0.00032
-0.00036
-0.00039
-0.00043
-0.00047
-0.00051
-0.00054
-0.00059
-0.00063
-0.00067
-0.00071
-0.00074
-0.00078
-0.00081
-0.00084
-0.00087
-0.0009
-0.00092
-0.00094
-0.00096
-0.00097
-0.00099
-0.00099
-0.001
-0.001
-0.001
-0.001
-0.00099
-0.00098
-0.00098
-0.00096
-0.00095
-0.00093
-0.00092
-0.0009
-0.00088
-0.00086
-0.00085
-0.00082
-0.0008
-0.00079
-0.00077
-0.00075
-0.00073
-0.00072
-0.0007
-0.00069
-0.00068
-0.00067
-0.00066
-0.00065
-0.00065
-0.00064
-0.00064
-0.00063
-0.00063
-0.00063
-0.00063
-0.00063
-0.00063
-0.00063
-0.00063
-0.00063
-0.00063
-0.00063
-0.00063
-0.00063
-0.00063
-0.00063
-0.00063
-0.00062
-0.00062
-0.00062
-0.00062
-0.00061
-0.00061
-0.0006
-0.00059
-0.00059
-0.00058
-0.00057
-0.00057
-0.00055
-0.00055
-0.00054
-0.00053
-0.00052
-0.00051
-0.0005
-0.00049
-0.00048
-0.00047
-0.00046
-0.00045
-0.00044
-0.00043
-0.00042
-0.00041
-0.00039
-0.00038
-0.00037
-0.00035
-0.00033
-0.00032
-0.0003
-0.00028
-0.00025
-0.00023
-0.0002
-0.00017
-0.00013
-0.0001
-6e-05
-2e-05
2e-05
7e-05
0.00012
0.00016
0.00022
0.00028
0.00034
0.0004
0.00046
0.00053
0.0006
0.00068
0.00076
0.00083
0.00091
0.00099
0.00108
0.00116
0.00125
0.00133
0.00142
0.00151
0.0016
0.00169
0.00178
0.00187
0.00197
0.00206
0.00215
0.00224
0.00233
0.00242
0.00252
