5.16624899446233E+02

0.0014
0.00139
0.00139
0.00138
0.00139
0.00138
0.00138
0.00137
0.00136
0.00136
0.00135
0.00135
0.00134
0.00133
0.00132
0.00131
0.0013
0.00128
0.00127
0.00126
0.00125
0.00123
0.00122
0.0012
0.00118
0.00117
0.00115
0.00114
0.00112
0.0011
0.00109
0.00108
0.00106
0.00105
0.00104
0.00102
0.00101
0.001
0.00099
0.00098
0.00097
0.00096
0.00096
0.00095
0.00095
0.00094
0.00094
0.00094
0.00094
0.00094
0.00094
0.00094
0.00096
0.00096
0.00097
0.00098
0.001
0.00102
0.00104
0.00106
0.00109
0.00112
0.00115
0.00118
0.00122
0.00126
0.00131
0.00135
0.00141
0.00146
0.00151
0.00157
0.00163
0.00169
0.00175
0.00182
0.00189
0.00196
0.00203
0.0021
0.00217
0.00224
0.00231
0.00238
0.00245
0.00252
0.00258
0.00264
0.00271
0.00277
0.00282
0.00288
0.00293
0.00297
0.00302
0.00306
0.0031
0.00312
0.00315
0.00317
0.00319
0.0032
0.00321
0.00322
0.00321
0.00321
0.00321
0.0032
0.00318
0.00316
0.00314
0.00311
0.00309
0.00306
0.00303
0.00299
0.00295
0.00291
0.00287
0.00283
0.00279
0.00274
0.0027
0.00265
0.00261
0.00256
0.00251
0.00246
0.00242
0.00236
0.00232
0.00226
0.00221
0.00216
0.0021
0.00205
0.00199
0.00193
0.00187
0.00181
0.00175
0.00168
0.00162
0.00155
0.00148
0.0014
0.00133
0.00125
0.00118
0.0011
0.00102
0.00093
0.00085
0.00077
0.00068
0.0006
0.00052
0.00042
0.00034
0.00025
0.00017
8e-05
-0.0
-9e-05
-0.00017
-0.00025
-0.00033
-0.00041
-0.0005
-0.00057
-0.00065
-0.00072
-0.00079
-0.00087
-0.00094
-0.00101
-0.00108
-0.00115
-0.00122
-0.00129
-0.00135
-0.00142
-0.00148
-0.00155
-0.00161
-0.00168
-0.00174
-0.0018
-0.00186
-0.00192
-0.00198
-0.00204
-0.00209
-0.00214
-0.00219
-0.00225
-0.00229
-0.00234
-0.00238
-0.00243
-0.00247
-0.0025
-0.00253
-0.00256
-0.00259
-0.00262
-0.00264
-0.00266
-0.00267
-0.00269
-0.00269
-0.0027
-0.0027
-0.00271
-0.00271
-0.0027
-0.0027
-0.00269
-0.00268
-0.00267
-0.00265
-0.00264
-0.00262
-0.0026
-0.00257
-0.00255
-0.00252
-0.0025
-0.00246
-0.00243
-0.0024
-0.00236
-0.00233
-0.00229
-0.00224
-0.0022
-0.00215
-0.0021
-0.00205
-0.002
-0.00194
-0.00188
-0.00182
-0.00176
-0.00169
-0.00163
-0.00156
-0.0015
-0.00143
-0.00136
-0.00128
-0.00121
-0.00114
-0.00107
-0.00099
-0.00093
-0.00085
-0.00079
-0.00072
-0.00065
-0.00058
-0.00052
-0.00046
-0.0004
-0.00034
-0.00028
-0.00023
-0.00018
-0.00012
-8e-05
-3e-05
2e-05
6e-05
0.0001
0.00015
0.00018
0.00023
0.00026
0.0003
0.00033
0.00037
0.0004
0.00044
0.00047
0.0005
0.00053
0.00056
0.00059
0.00063
0.00065
0.00068
0.0007
0.00073
0.00075
0.00077
0.00079
0.0008
0.00082
0.00083
0.00084
0.00085
0.00085
0.00085
0.00085
0.00084
0.00083
0.00082
0.0008
0.00078
0.00076
0.00073
0.0007
0.00066
0.00063
0.00059
0.00055
0.00051
0.00045
0.00041
0.00035
0.00031
0.00025
0.00019
0.00013
8e-05
2e-05
-4e-05
-0.0001
-0.00016
-0.00022
-0.00028
-0.00034
-0.0004
-0.00046
-0.00052
-0.00058
-0.00063
-0.00069
-0.00075
-0.00081
-0.00085
-0.00091
-0.00096
-0.00102
-0.00107
-0.00112
-0.00116
-0.00121
-0.00125
-0.0013
-0.00134
-0.00138
-0.00142
-0.00146
-0.0015
-0.00154
-0.00156
-0.0016
-0.00163
-0.00166
-0.0017
-0.00172
-0.00175
-0.00178
-0.0018
-0.00183
-0.00185
-0.00188
-0.0019
-0.00193
-0.00195
-0.00198
-0.002
-0.00203
-0.00206
-0.00209
-0.00212
-0.00215
-0.00218
-0.00221
-0.00224
-0.00228
-0.00231
-0.00236
-0.00239
-0.00244
-0.00248
-0.00253
-0.00257
-0.00262
-0.00267
-0.00273
-0.00278
-0.00284
-0.00289
-0.00295
-0.00301
-0.00307
-0.00313
-0.0032
-0.00326
-0.00333
-0.0034
-0.00347
-0.00354
-0.00361
-0.00368
-0.00375
-0.00383
-0.0039
-0.00397
-0.00404
-0.00411
-0.00418
-0.00425
-0.00432
-0.00439
-0.00446
-0.00452
-0.00459
-0.00464
-0.0047
-0.00476
-0.00482
-0.00487
-0.00491
-0.00496
-0.005
-0.00504
-0.00508
-0.00511
-0.00514
-0.00516
-0.00518
-0.0052
-0.00521
-0.00522
-0.00522
-0.00523
-0.00523
-0.00522
-0.00521
-0.0052
-0.00519
-0.00517
-0.00515
-0.00512
-0.0051
-0.00506
-0.00503
-0.005
-0.00496
-0.00491
-0.00487
-0.00482
-0.00478
-0.00472
-0.00467
-0.00461
-0.00454
-0.00448
-0.00441
-0.00434
-0.00427
-0.00419
-0.00411
-0.00402
-0.00394
-0.00385
-0.00375
-0.00366
-0.00356
-0.00346
-0.00335
-0.00324
-0.00314
-0.00302
-0.00291
-0.00279
-0.00268
-0.00256
-0.00245
-0.00233
-0.00222
-0.00209
-0.00198
-0.00187
-0.00175
-0.00164
-0.00153
-0.00142
-0.00131
-0.0012
-0.00111
-0.001
-0.00091
-0.00081
-0.00072
-0.00063
-0.00055
-0.00046
-0.00038
-0.0003
-0.00022
-0.00015
-7e-05
1e-05
8e-05
0.00016
0.00022
0.0003
0.00037
0.00044
0.00051
0.00059
0.00065
0.00073
0.0008
0.00088
0.00095
0.00103
0.00111
0.00118
0.00126
0.00135
0.00142
0.00151
0.00159
0.00167
0.00175
0.00184
0.00192
0.00202
0.0021
0.00219
0.00227
0.00236
0.00245
0.00255
0.00264
0.00273
0.00282
0.00292
0.00302
0.00312
0.00322
0.00332
0.00342
0.00353
0.00364
0.00375
0.00386
0.00397
0.00408
0.0042
0.00432
0.00444
0.00455
0.00468
0.0048
0.00493
0.00505
0.00517
0.00529
0.00542
0.00554
0.00567
0.00579
0.00591
0.00603
0.00615
0.00627
0.00639
0.0065
0.00662
0.00673
0.00685
0.00695
0.00706
0.00716
0.00727
0.00737
0.00747
0.00756
0.00765
0.00774
0.00783
0.00792
0.008
0.00807
0.00815
0.00822
0.00829
0.00835
0.00841
0.00847
0.00852
0.00857
0.00861
0.00864
0.00868
0.0087
0.00873
0.00874
0.00875
0.00875
0.00876
0.00875
0.00874
0.00871
0.00869
0.00866
0.00863
0.00858
0.00854
0.00848
0.00842
0.00836
0.0083
0.00823
0.00815
0.00806
0.00798
0.00789
0.0078
0.0077
0.0076
0.00749
0.00739
0.00727
0.00716
0.00704
0.00691
0.00678
0.00665
0.00652
0.00638
0.00624
0.0061
0.00595
0.00581
0.00565
0.0055
0.00534
0.00519
0.00503
0.00487
0.00471
0.00455
0.0044
0.00424
0.00408
0.00393
0.00378
0.00363
0.00348
0.00334
0.0032
0.00307
0.00294
0.00282
0.0027
0.00259
0.00248
0.00237
0.00228
0.00219
0.0021
0.00202
0.00195
0.00188
0.00181
0.00176
0.0017
0.00165
0.0016
0.00156
0.00152
0.00148
0.00144
0.00141
0.00138
0.00135
0.00132
0.0013
0.00127
0.00124
0.00122
0.0012
0.00117
0.00115
0.00112
0.00111
0.00108
0.00106
0.00104
0.00102
0.001
0.00098
0.00096
0.00095
0.00092
0.00091
0.00089
0.00088
0.00086
0.00084
0.00082
0.00081
0.00079
0.00078
0.00076
0.00075
0.00073
0.00072
0.0007
0.00069
0.00067
0.00066
0.00064
0.00062
0.0006
0.00059
0.00056
0.00055
0.00053
0.00051
0.00049
0.00047
0.00045
0.00043
0.00041
0.00039
0.00037
0.00035
0.00032
0.00031
0.00028
0.00026
0.00023
0.00021
0.00019
0.00016
0.00014
0.00011
8e-05
6e-05
3e-05
0.0
-4e-05
-6e-05
-0.0001
-0.00013
-0.00017
-0.0002
-0.00024
-0.00027
-0.00031
-0.00035
-0.00039
-0.00042
-0.00046
-0.00049
-0.00053
-0.00056
-0.00059
-0.00062
-0.00065
-0.00068
-0.0007
-0.00072
-0.00074
-0.00075
-0.00076
-0.00077
-0.00077
-0.00078
-0.00077
-0.00076
-0.00075
-0.00073
-0.00071
-0.00068
-0.00065
-0.00061
-0.00058
-0.00053
-0.00048
-0.00042
-0.00037
-0.0003
-0.00023
-0.00016
-8e-05
1e-05
0.0001
0.00021
0.0003
0.00042
0.00053
0.00066
0.00078
0.00092
0.00106
0.00122
0.00137
0.00154
0.00171
0.00189
0.00207
0.00227
0.00247
0.00268
0.0029
0.00312
0.00335
0.00359
0.00383
0.00408
0.00433
0.0046
0.00486
0.00514
0.00541
0.00569
0.00598
0.00627
0.00656
0.00686
0.00716
0.00746
0.00776
0.00807
0.00838
0.00869
0.009
0.00931
0.00962
0.00993
0.01024
0.01055
0.01087
0.01118
0.01148
0.0118
0.0121
0.01241
0.01271
0.01301
0.01331
0.01361
0.0139
0.0142
0.01449
0.01477
0.01506
0.01534
0.01561
0.01589
0.01616
0.01643
0.01669
0.01695
0.0172
0.01745
0.0177
0.01794
0.01817
0.01841
0.01863
0.01885
0.01907
0.01927
0.01948
0.01968
0.01988
0.02007
0.02025
0.02043
0.0206
0.02078
0.02094
0.0211
0.02125
0.0214
0.02154
0.02168
0.02181
0.02194
0.02207
0.02218
0.0223
0.02241
0.02251
0.02261
0.0227
0.0228
0.02288
0.02296
0.02303
0.02311
0.02317
0.02324
0.02329
0.02335
0.0234
0.02344
0.02348
0.02352
0.02354
0.02357
0.02359
0.02361
0.02362
0.02363
0.02363
0.02363
0.02363
0.02362
0.0236
0.02358
0.02356
0.02353
0.0235
0.02346
0.02342
0.02337
0.02332
0.02327
0.02321
0.02315
0.02308
0.02301
0.02293
0.02286
0.02277
0.02269
0.0226
0.02251
0.02242
0.02232
0.02222
0.02212
0.02201
0.02191
0.0218
0.02169
0.02158
0.02147
0.02135
0.02124
0.02112
0.02101
0.02089
0.02077
0.02065
0.02053
0.02041
0.02029
0.02016
0.02004
0.01991
0.01979
0.01965
0.01953
0.01939
0.01926
0.01912
0.01898
0.01883
0.01869
0.01854
0.0184
0.01824
0.01809
0.01793
0.01777
0.0176
0.01744
0.01727
0.0171
0.01693
0.01676
0.01658
0.0164
0.01623
0.01605
0.01587
0.0157
0.01552
0.01534
0.01516
0.01499
0.01482
0.01465
0.01448
0.01432
0.01415
0.01399
0.01383
0.01368
0.01353
0.01338
0.01323
0.01309
0.01295
0.01282
0.01268
0.01256
0.01243
0.0123
0.01218
0.01207
0.01195
0.01184
0.01172
0.01161
0.01151
0.0114
0.0113
0.0112
0.0111
0.011
0.0109
0.01081
0.01071
0.01062
0.01053
0.01044
0.01035
0.01026
0.01018
0.01009
0.01001
0.00993
0.00985
0.00977
0.00969
0.00962
0.00954
0.00947
0.0094
0.00933
0.00926
0.0092
0.00913
0.00907
0.009
0.00894
0.00888
0.00882
0.00877
0.00871
0.00865
0.0086
0.00855
0.0085
0.00844
0.00839
0.00834
0.0083
0.00825
0.0082
0.00815
0.00811
0.00807
0.00803
0.00799
0.00795
0.00791
0.00788
0.00784
0.00781
0.00777
0.00775
0.00771
0.00769
0.00766
0.00764
0.00761
0.00759
0.00757
0.00755
0.00754
0.00753
0.00751
0.0075
0.00749
0.00748
0.00747
0.00747
0.00746
0.00746
0.00746
0.00746
0.00746
0.00747
0.00747
0.00748
0.00749
0.0075
0.00751
0.00752
0.00753
0.00755
0.00756
0.00758
0.00759
0.00761
0.00762
0.00764
0.00766
0.00767
0.00769
0.00771
0.00772
0.00774
0.00775
0.00777
0.00778
0.00779
0.0078
0.00781
0.00782
0.00783
0.00784
0.00784
0.00784
0.00784
0.00784
0.00784
0.00784
0.00784
0.00783
0.00782
0.00781
0.0078
0.00779
0.00777
0.00775
0.00774
0.00771
0.00769
0.00766
0.00764
0.00761
0.00758
0.00755
0.00752
0.00748
0.00745
0.00741
0.00737
0.00733
0.00729
0.00724
0.00721
0.00716
0.00712
0.00707
0.00702
0.00698
0.00693
0.00689
0.00684
0.00679
0.00674
0.00669
0.00665
0.0066
0.00656
0.0065
0.00646
0.00641
0.00636
0.00631
0.00626
0.00621
0.00616
0.00611
0.00606
0.006
0.00595
0.00589
0.00583
0.00577
0.00571
0.00565
0.00559
0.00552
0.00545
0.00538
0.00531
0.00524
0.00516
0.00509
0.00502
0.00493
0.00486
0.00477
0.0047
0.00461
0.00453
0.00445
0.00437
0.00429
0.00421
0.00412
0.00404
0.00396
0.00388
0.00381
0.00373
0.00365
0.00358
0.0035
0.00343
0.00335
0.00328
0.00321
0.00314
0.00307
0.003
0.00292
0.00285
0.00278
0.00272
0.00265
0.00258
0.00251
0.00244
0.00237
0.00231
0.00224
0.00217
0.0021
0.00204
0.00197
0.00191
0.00185
0.00179
0.00173
0.00168
0.00163
0.00158
0.00153
0.0015
0.00146
0.00143
0.0014
0.00137
0.00135
0.00134
0.00133
0.00132
0.00131
0.00131
0.00132
0.00133
0.00134
0.00136
0.00137
0.0014
0.00141
0.00144
0.00146
0.00149
0.00151
0.00154
0.00156
0.00159
0.00161
0.00163
0.00165
0.00167
0.00169
0.00171
0.00171
0.00173
0.00174
0.00175
0.00175
0.00175
0.00175
0.00175
0.00175
0.00175
0.00174
0.00174
0.00174
0.00173
0.00173
0.00172
0.00171
0.00171
0.0017
0.0017
0.00169
0.00169
0.00168
0.00168
0.00167
0.00167
0.00166
0.00166
0.00165
0.00165
0.00164
0.00163
0.00162
0.00161
0.00159
0.00158
0.00156
0.00154
0.00152
0.0015
0.00147
0.00144
0.00141
0.00138
0.00135
0.00131
0.00127
0.00124
0.00119
0.00115
0.00111
0.00107
0.00102
0.00097
0.00092
0.00088
0.00083
0.00078
0.00073
0.00068
0.00063
0.00059
0.00054
0.0005
0.00044
0.0004
0.00035
0.00031
0.00027
0.00023
0.00018
0.00014
0.0001
6e-05
3e-05
-1e-05
-5e-05
-8e-05
-0.00011
-0.00014
-0.00017
-0.00019
-0.00022
-0.00024
-0.00026
-0.00028
-0.0003
-0.00031
-0.00032
-0.00033
-0.00034
-0.00035
-0.00035
-0.00035
-0.00035
-0.00034
-0.00034
-0.00033
-0.00033
-0.00031
-0.00031
-0.00029
-0.00028
-0.00026
-0.00024
-0.00022
-0.00021
-0.00019
-0.00016
-0.00014
-0.00012
-9e-05
-8e-05
-5e-05
-3e-05
0.0
2e-05
5e-05
7e-05
0.0001
0.00013
0.00015
0.00017
0.0002
0.00022
0.00025
0.00027
0.0003
0.00032
0.00034
0.00036
0.00039
0.0004
0.00042
0.00044
0.00046
0.00047
0.00049
0.0005
0.00051
0.00052
0.00053
0.00054
0.00055
0.00055
0.00056
0.00056
0.00056
0.00056
0.00056
0.00056
0.00056
0.00055
0.00055
0.00054
0.00054
0.00053
0.00053
0.00052
0.00052
0.00051
0.0005
0.00049
0.00049
0.00047
0.00047
0.00045
0.00044
0.00043
0.00041
0.00039
0.00037
0.00036
0.00034
0.00031
0.00029
0.00026
0.00023
0.0002
0.00017
0.00013
0.0001
5e-05
2e-05
-3e-05
-8e-05
-0.00013
-0.00018
-0.00023
-0.00028
-0.00033
-0.00038
-0.00044
-0.00049
-0.00055
-0.0006
-0.00066
-0.00072
-0.00078
-0.00083
-0.00089
-0.00095
-0.001
-0.00106
-0.00111
-0.00116
-0.00122
-0.00127
-0.00133
-0.00138
-0.00143
-0.00148
-0.00153
-0.00158
-0.00163
-0.00168
-0.00173
-0.00178
-0.00183
-0.00188
-0.00193
-0.00197
-0.00202
-0.00206
-0.00212
-0.00216
-0.00221
-0.00225
-0.0023
-0.00234
-0.00238
-0.00242
-0.00246
-0.0025
-0.00254
-0.00258
-0.00261
-0.00264
-0.00268
-0.0027
-0.00274
-0.00277
-0.0028
-0.00282
-0.00285
-0.00288
-0.0029
-0.00292
-0.00295
-0.00297
-0.00299
-0.00302
-0.00304
-0.00306
-0.00308
-0.00309
-0.00311
-0.00313
-0.00315
-0.00316
-0.00317
-0.00318
-0.0032
-0.0032
-0.00321
-0.00321
-0.00321
-0.00321
-0.0032
-0.00319
-0.00317
-0.00315
-0.00313
-0.0031
-0.00307
-0.00303
-0.00299
-0.00294
-0.00289
-0.00283
-0.00277
-0.0027
-0.00263
-0.00256
-0.00248
-0.0024
-0.00231
-0.00222
-0.00213
-0.00203
-0.00194
-0.00184
-0.00174
-0.00164
-0.00155
-0.00144
-0.00134
-0.00124
-0.00114
-0.00104
-0.00094
-0.00084
-0.00074
-0.00064
-0.00054
-0.00044
-0.00035
-0.00024
-0.00015
-5e-05
4e-05
0.00014
0.00024
0.00034
0.00043
0.00052
0.00062
0.00072
0.00082
0.00092
0.00101
0.00111
0.0012
0.0013
0.00139
0.00148
0.00157
0.00166
0.00175
0.00183
0.00192
0.00199
0.00207
0.00215
0.00222
0.00229
0.00235
0.00241
0.00247
0.00252
0.00257
0.00262
0.00266
0.0027
0.00274
0.00277
0.0028
0.00283
0.00285
0.00288
0.0029
0.00292
0.00293
0.00295
0.00296
0.00297
0.00298
0.00299
0.00299
0.003
0.003
0.00299
0.00299
0.00299
0.00298
0.00297
0.00296
0.00295
0.00293
0.00292
0.00289
0.00287
0.00284
0.00281
0.00277
0.00274
0.0027
0.00266
0.00261
0.00256
0.00251
0.00246
0.0024
0.00234
0.00227
0.00221
0.00214
0.00208
0.00201
0.00194
0.00186
0.0018
0.00172
0.00165
0.00157
0.00149
0.00142
0.00135
0.00128
0.00121
0.00113
0.00106
0.00099
0.00092
0.00085
0.00078
0.00071
0.00064
0.00057
0.00051
0.00044
0.00037
0.0003
0.00024
0.00017
0.0001
3e-05
-3e-05
-0.0001
-0.00017
-0.00024
-0.00031
-0.00038
-0.00045
-0.00053
-0.0006
-0.00067
-0.00075
-0.00082
-0.00089
-0.00097
-0.00104
-0.00112
-0.00119
-0.00127
-0.00134
-0.00141
-0.00148
-0.00155
-0.00162
-0.00169
-0.00175
-0.00182
-0.00188
-0.00193
-0.00199
-0.00204
-0.00209
-0.00213
-0.00217
-0.00221
-0.00224
-0.00228
-0.0023
-0.00233
-0.00234
-0.00236
-0.00237
-0.00238
-0.00239
-0.00239
-0.00238
-0.00237
-0.00236
-0.00235
-0.00233
-0.00231
-0.00228
-0.00226
-0.00223
-0.0022
-0.00216
-0.00212
-0.00208
-0.00203
-0.00199
-0.00193
-0.00188
-0.00182
-0.00176
-0.0017
-0.00163
-0.00156
-0.00148
-0.00141
-0.00133
-0.00125
-0.00116
-0.00107
-0.00098
-0.00088
-0.00079
-0.00068
-0.00058
-0.00048
-0.00037
-0.00027
-0.00015
-5e-05
6e-05
0.00017
0.00028
0.00038
0.0005
0.0006
0.0007
0.0008
0.00089
0.00099
0.00108
0.00117
0.00126
0.00133
0.00141
0.00148
0.00155
0.00161
0.00168
0.00173
0.00179
0.00183
0.00188
0.00192
0.00195
0.00199
0.00202
0.00205
0.00208
0.0021
0.00212
0.00214
0.00215
0.00216
0.00218
0.00218
0.00219
0.00219
0.00219
0.00219
0.00218
0.00218
0.00217
0.00215
0.00214
0.00212
0.0021
0.00207
0.00204
0.002
0.00197
0.00192
0.00188
0.00184
0.00179
0.00173
0.00167
0.00162
0.00156
0.0015
0.00144
0.00138
0.00132
0.00126
0.0012
0.00113
0.00108
0.00102
0.00097
0.00092
0.00087
0.00083
0.00079
0.00075
0.00072
0.00069
0.00067
0.00065
0.00064
0.00062
0.00062
0.00061
0.00062
0.00061
0.00063
0.00064
0.00065
0.00066
0.00068
0.00069
0.00072
0.00074
0.00076
0.00078
0.0008
0.00082
0.00085
0.00086
0.00089
0.0009
0.00093
0.00095
0.00097
0.00098
0.001
0.00102
0.00105
0.00106
0.00109
0.0011
0.00113
0.00115
0.00118
0.0012
0.00123
0.00125
0.00128
0.00131
0.00135
0.00138
0.00141
0.00145
0.00149
0.00152
0.00156
0.0016
0.00164
0.00167
0.00171
0.00175
0.00179
0.00182
0.00185
0.00188
0.00191
0.00193
0.00196
0.00198
0.002
0.00201
0.00202
0.00202
0.00203
0.00202
0.00202
0.00201
0.002
0.00198
0.00197
0.00194
0.00192
0.00189
0.00185
0.00182
0.00179
0.00175
0.00171
0.00166
0.00162
0.00157
0.00153
0.00147
0.00142
0.00137
0.00132
0.00127
0.00121
0.00115
0.00109
0.00104
0.00098
0.00093
0.00087
0.00081
0.00075
0.00069
0.00063
0.00057
0.00051
0.00044
0.00039
0.00033
0.00026
0.0002
0.00014
8e-05
2e-05
-4e-05
-9e-05
-0.00015
-0.0002
-0.00026
-0.00031
-0.00037
-0.00041
-0.00047
-0.00051
-0.00055
-0.0006
-0.00064
-0.00068
-0.00071
-0.00075
-0.00078
-0.00081
-0.00084
-0.00086
-0.00088
-0.0009
-0.00092
-0.00094
-0.00095
-0.00096
-0.00097
-0.00098
-0.00099
-0.00099
-0.00099
-0.00099
-0.00099
-0.00098
-0.00098
-0.00097
-0.00096
-0.00094
-0.00093
-0.00091
-0.00089
-0.00086
-0.00084
-0.00081
-0.00078
-0.00075
-0.00071
-0.00067
-0.00063
-0.00058
-0.00054
-0.00048
-0.00043
-0.00037
-0.00032
-0.00026
-0.0002
-0.00013
-7e-05
-1e-05
6e-05
0.00013
0.0002
0.00027
0.00034
0.00042
0.00048
0.00056
0.00063
0.0007
0.00076
0.00083
0.0009
0.00096
0.00102
0.00108
0.00114
0.00119
0.00124
0.00129
0.00134
0.00138
0.00141
0.00145
0.00148
0.0015
0.00152
0.00154
0.00155
0.00157
0.00157
0.00157
0.00157
0.00156
0.00155
0.00154
0.00152
0.00151
0.00148
0.00145
0.00142
0.0014
0.00136
0.00133
0.00128
0.00125
0.00121
0.00117
0.00112
0.00108
0.00104
0.001
0.00095
0.00091
0.00086
0.00082
0.00078
0.00074
0.0007
0.00066
0.00062
0.00059
0.00055
0.00052
0.00048
0.00045
0.00042
0.00039
0.00037
0.00034
0.00031
0.00029
0.00027
0.00025
0.00022
0.00021
0.00019
0.00017
0.00016
0.00014
0.00013
0.00011
0.0001
0.0001
9e-05
8e-05
7e-05
7e-05
7e-05
8e-05
7e-05
8e-05
8e-05
0.0001
0.00011
0.00012
0.00013
0.00015
0.00017
0.00019
0.00022
0.00025
0.00027
0.0003
0.00034
0.00038
0.00041
0.00045
0.00049
0.00053
0.00058
0.00062
0.00067
0.00072
0.00077
0.00082
0.00087
0.00092
0.00097
0.00103
0.00107
0.00113
0.00118
0.00123
0.00128
0.00133
0.00138
0.00143
0.00147
0.00152
0.00156
0.00161
0.00165
0.0017
0.00173
0.00177
0.00181
0.00185
0.00188
0.00192
0.00194
0.00198
0.00201
0.00204
0.00206
0.00209
0.00211
0.00214
0.00216
0.00219
0.0022
0.00222
0.00224
0.00225
0.00226
0.00228
0.00228
0.0023
0.0023
0.0023
0.0023
0.0023
0.0023
0.0023
0.00229
0.00228
0.00226
0.00225
0.00223
0.00221
0.00219
0.00216
0.00213
0.0021
0.00207
0.00203
0.00199
0.00195
0.00191
0.00186
0.00182
0.00177
0.00172
0.00167
0.00162
0.00157
0.00151
0.00146
0.00141
0.00136
0.0013
0.00125
0.00119
0.00114
0.00109
0.00104
0.00099
0.00095
0.0009
0.00085
0.00081
0.00077
0.00073
0.00069
0.00065
0.00062
0.00059
0.00056
0.00053
0.0005
0.00048
0.00046
0.00044
0.00043
0.00042
0.00041
0.0004
0.00041
0.0004
0.00041
0.00041
0.00043
0.00044
0.00046
0.00048
0.0005
0.00053
0.00056
0.0006
0.00064
0.00067
0.00072
0.00076
0.00082
0.00086
0.00092
0.00097
0.00103
0.00109
0.00114
0.0012
0.00126
0.00132
0.00139
0.00145
0.00151
0.00157
0.00163
0.00169
0.00175
0.0018
0.00186
0.00191
0.00197
0.00202
0.00207
0.00211
0.00216
0.0022
0.00225
0.00229
0.00233
0.00236
0.0024
0.00243
0.00246
0.00249
0.00252
0.00255
0.00258
0.0026
0.00262
0.00264
0.00266
0.00268
0.00269
0.00271
0.00273
0.00273
0.00275
0.00275
0.00276
0.00276
0.00277
0.00277
0.00277
0.00276
0.00275
0.00274
0.00273
0.00272
0.00271
0.00269
0.00267
0.00264
0.00262
0.00259
0.00257
0.00254
0.00251
0.00247
0.00245
0.00241
0.00238
0.00235
0.00232
0.00229
0.00226
0.00223
0.00221
0.00218
0.00216
0.00214
0.00212
0.00211
0.0021
0.00208
0.00208
0.00208
0.00207
0.00207
0.00208
0.00208
0.00209
0.0021
0.00212
0.00212
0.00214
0.00215
0.00217
0.00218
0.0022
0.00221
0.00223
0.00224
0.00226
0.00227
0.00228
0.00229
0.0023
0.00231
0.00232
0.00232
0.00232
0.00233
0.00233
0.00233
0.00234
0.00234
0.00234
0.00234
0.00234
0.00234
0.00235
0.00235
0.00236
0.00236
0.00237
0.00237
0.00238
0.00239
0.0024
0.0024
0.00241
0.00242
0.00244
0.00244
0.00245
0.00246
0.00247
0.00248
0.00249
0.00249
0.0025
0.0025
0.0025
0.0025
0.0025
0.00249
0.00249
0.00247
0.00247
0.00245
0.00244
0.00241
0.00239
0.00237
0.00235
0.00232
0.00229
0.00226
0.00223
0.00219
0.00216
0.00212
0.00208
0.00203
0.002
0.00195
0.0019
0.00186
0.00181
0.00176
0.00171
0.00166
0.0016
0.00154
0.00149
0.00143
0.00137
0.00131
0.00124
0.00117
0.00111
0.00103
0.00096
0.00088
0.0008
0.00072
0.00064
0.00056
0.00047
0.00037
0.00028
0.00019
9e-05
-1e-05
-0.00011
-0.00022
-0.00032
-0.00043
-0.00054
-0.00066
-0.00077
-0.00088
-0.00099
-0.00111
-0.00122
-0.00134
-0.00144
-0.00156
-0.00166
-0.00178
-0.00188
-0.00199
-0.00209
-0.00219
-0.00229
-0.00239
-0.00248
-0.00257
-0.00265
-0.00273
-0.00281
-0.00289
-0.00296
-0.00303
-0.00309
-0.00315
-0.0032
-0.00325
-0.0033
-0.00334
-0.00338
-0.00342
-0.00345
-0.00347
-0.0035
-0.00352
-0.00353
-0.00355
-0.00355
-0.00356
-0.00356
-0.00356
-0.00355
-0.00355
-0.00354
-0.00352
-0.0035
-0.00349
-0.00346
-0.00343
-0.0034
-0.00337
-0.00333
-0.00329
-0.00324
-0.0032
-0.00314
-0.00309
-0.00303
-0.00297
-0.0029
-0.00284
-0.00277
-0.00269
-0.00262
-0.00254
-0.00246
-0.00237
-0.00228
-0.0022
-0.00211
-0.00202
-0.00192
-0.00183
-0.00174
-0.00165
-0.00155
-0.00146
-0.00136
-0.00127
-0.00118
-0.00109
-0.001
-0.00091
-0.00082
-0.00075
-0.00066
-0.00058
-0.0005
-0.00043
-0.00036
-0.00029
-0.00022
-0.00016
-0.0001
-5e-05
1e-05
6e-05
0.00011
0.00016
0.00021
0.00025
0.00029
0.00033
0.00037
0.0004
0.00044
0.00047
0.00051
0.00053
0.00056
0.00059
0.00062
0.00065
0.00068
0.0007
0.00074
0.00076
0.00079
0.00082
0.00085
0.00088
0.00091
0.00094
0.00098
0.00101
0.00105
0.00108
0.00112
0.00116
0.0012
0.00125
0.00129
0.00133
0.00138
0.00143
0.00148
0.00153
0.00158
0.00163
0.00169
0.00175
0.0018
0.00186
0.00191
0.00197
0.00203
0.00209
0.00215
0.00221
0.00227
0.00233
0.0024
0.00245
0.00251
0.00257
0.00263
0.00269
0.00275
0.0028
0.00286
0.00291
0.00297
0.00302
0.00308
0.00312
0.00318
0.00323
0.00328
0.00332
0.00337
0.00341
0.00346
0.0035
0.00354
0.00357
0.0036
0.00364
0.00367
0.0037
0.00373
0.00375
0.00378
0.00379
0.00381
0.00382
0.00383
0.00383
0.00384
0.00383
0.00383
0.00382
0.0038
0.00379
0.00377
0.00374
0.00372
0.00368
0.00364
0.0036
0.00356
0.0035
0.00345
0.00339
0.00334
0.00327
0.0032
0.00313
0.00306
0.00299
0.00291
0.00283
0.00275
0.00266
0.00258
0.0025
0.00241
0.00232
0.00224
0.00215
0.00206
0.00197
0.00188
0.00179
0.0017
0.00162
0.00153
0.00144
0.00136
0.00127
0.00119
0.0011
0.00102
0.00093
0.00086
0.00077
0.00069
0.00061
0.00053
0.00046
0.00038
0.0003
0.00023
0.00016
9e-05
2e-05
-5e-05
-0.00012
-0.00018
-0.00024
-0.0003
-0.00037
-0.00042
-0.00048
-0.00053
-0.00058
-0.00063
-0.00068
-0.00072
-0.00076
-0.0008
-0.00085
-0.00088
-0.00091
-0.00094
-0.00097
-0.001
-0.00102
-0.00104
-0.00106
-0.00108
-0.0011
-0.00112
-0.00113
-0.00114
-0.00115
-0.00116
-0.00117
-0.00117
-0.00118
-0.00118
-0.00118
-0.00118
-0.00119
-0.00118
-0.00119
-0.00119
-0.00119
-0.00119
-0.00118
-0.00118
-0.00118
-0.00117
-0.00118
-0.00117
-0.00117
-0.00116
-0.00116
-0.00116
-0.00116
-0.00115
-0.00115
-0.00115
-0.00114
-0.00114
-0.00114
-0.00113
-0.00113
-0.00112
-0.00112
-0.00112
-0.00111
-0.0011
-0.0011
-0.00109
-0.00109
-0.00108
-0.00107
-0.00107
-0.00106
-0.00105
-0.00104
-0.00103
-0.00102
-0.001
-0.00099
-0.00097
-0.00096
-0.00094
-0.00093
-0.00091
-0.00089
-0.00087
-0.00085
-0.00083
-0.00081
-0.00079
-0.00076
-0.00073
-0.00071
-0.00068
-0.00065
-0.00062
-0.00059
-0.00056
-0.00054
-0.0005
-0.00047
-0.00044
-0.00041
-0.00037
-0.00034
-0.00031
-0.00028
-0.00025
-0.00022
-0.00018
-0.00016
-0.00012
-0.0001
-7e-05
-5e-05
-2e-05
0.0
3e-05
5e-05
7e-05
9e-05
0.0001
0.00012
0.00013
0.00015
0.00016
0.00017
0.00018
0.00018
0.0002
0.0002
0.00021
0.00021
0.00021
0.00021
0.00022
0.00022
0.00022
0.00022
0.00023
0.00023
0.00024
0.00023
0.00024
0.00024
0.00024
0.00024
0.00025
0.00024
0.00025
0.00025
0.00025
0.00025
0.00024
0.00024
0.00024
0.00023
0.00023
0.00022
0.00021
0.0002
0.00019
0.00017
0.00016
0.00014
0.00013
0.00011
9e-05
6e-05
4e-05
2e-05
-1e-05
-3e-05
-6e-05
-9e-05
-0.00011
-0.00014
-0.00017
-0.0002
-0.00022
-0.00025
-0.00028
-0.00031
-0.00033
-0.00036
-0.00038
-0.00041
-0.00043
-0.00045
-0.00047
-0.0005
-0.00051
-0.00054
-0.00055
-0.00057
-0.00059
-0.00061
-0.00063
-0.00065
-0.00067
-0.00069
-0.00071
-0.00072
-0.00074
-0.00076
-0.00078
-0.00081
-0.00082
-0.00085
-0.00086
-0.00089
-0.00091
-0.00094
-0.00095
-0.00097
-0.00099
-0.00102
-0.00103
-0.00105
-0.00107
-0.00108
-0.00109
-0.00111
-0.00112
-0.00113
-0.00113
-0.00114
-0.00114
-0.00114
-0.00113
-0.00113
-0.00112
-0.00111
-0.0011
-0.00108
-0.00106
-0.00104
-0.00101
-0.00099
-0.00096
-0.00093
-0.00089
-0.00086
-0.00082
-0.00078
-0.00074
-0.0007
-0.00066
-0.00062
-0.00058
-0.00053
-0.00048
-0.00044
-0.00039
-0.00035
-0.0003
-0.00026
-0.00021
-0.00017
-0.00013
-9e-05
-4e-05
-1e-05
3e-05
7e-05
0.00011
0.00015
0.00019
0.00022
0.00026
0.00029
0.00033
0.00036
0.0004
0.00043
0.00047
0.00049
0.00053
0.00056
0.00059
0.00062
0.00065
0.00068
0.00071
0.00074
0.00077
0.00079
0.00082
0.00084
0.00087
0.00089
0.00091
0.00093
0.00095
0.00096
0.00098
0.00099
0.001
0.00101
0.00102
0.00103
0.00104
0.00104
0.00105
0.00105
0.00106
0.00106
0.00106
0.00106
0.00107
0.00108
0.00108
0.00109
0.0011
0.00111
0.00113
0.00115
0.00117
0.00119
0.00122
0.00125
0.00128
0.00131
0.00136
0.0014
0.00144
0.00149
0.00154
0.00159
0.00165
0.00171
0.00177
0.00183
0.0019
0.00196
0.00203
0.00209
0.00216
0.00222
0.00229
0.00235
0.00242
0.00248
0.00255
0.00261
0.00267
0.00273
0.00279
0.00285
0.00291
0.00296
0.00302
0.00307
0.00313
0.00318
0.00324
0.00329
0.00335
0.0034
0.00346
0.00351
0.00357
0.00363
0.00369
0.00375
0.00382
0.00387
0.00394
0.00401
0.00408
0.00414
0.00421
0.00428
0.00435
0.00442
0.00449
0.00456
0.00463
0.0047
0.00477
0.00483
0.0049
0.00496
0.00502
0.00508
0.00514
0.00519
0.00524
0.00528
0.00533
0.00537
0.00541
0.00545
0.00548
0.00551
0.00554
0.00556
0.00558
0.00559
0.00561
0.00562
0.00563
0.00563
0.00563
0.00563
0.00563
0.00562
0.00561
0.00559
0.00557
0.00555
0.00553
0.0055
0.00548
0.00544
0.0054
0.00536
0.00531
0.00526
0.00521
0.00514
0.00508
0.00501
0.00493
0.00485
0.00477
0.00468
0.00458
0.00448
0.00438
0.00427
0.00416
0.00404
0.00392
0.00379
0.00366
0.00352
0.00339
0.00325
0.00311
0.00297
0.00282
0.00268
0.00253
0.00239
0.00224
0.00209
0.00195
0.0018
0.00166
0.00151
0.00137
0.00123
0.00109
0.00095
0.00082
0.00068
0.00055
0.00042
0.00029
0.00017
5e-05
-8e-05
-0.00019
-0.00031
-0.00042
-0.00054
-0.00064
-0.00075
-0.00084
-0.00094
-0.00103
-0.00112
-0.00121
-0.00128
-0.00135
-0.00142
-0.00148
-0.00154
-0.00158
-0.00163
-0.00165
-0.00168
-0.00169
-0.00171
-0.0017
-0.00169
-0.00167
-0.00164
-0.0016
-0.00155
-0.00149
-0.00143
-0.00135
-0.00127
-0.00117
-0.00107
-0.00095
-0.00084
-0.00071
-0.00058
-0.00043
-0.00028
-0.00013
2e-05
0.00018
0.00035
0.00052
0.00069
0.00086
0.00103
0.00121
0.00138
0.00156
0.00173
0.0019
0.00207
0.00225
0.00241
0.00257
0.00273
0.00289
0.00305
0.0032
0.00335
0.0035
0.00363
0.00377
0.0039
0.00403
0.00415
0.00427
0.00438
0.0045
0.0046
0.0047
0.0048
0.00489
0.00497
0.00506
0.00514
0.00521
0.00528
0.00534
0.0054
0.00546
0.0055
0.00555
0.00558
0.00562
0.00564
0.00567
0.00568
0.0057
0.0057
0.00571
0.00571
0.0057
0.00568
0.00567
0.00564
0.00562
0.00558
0.00555
0.0055
0.00546
0.00541
0.00536
0.0053
0.00524
0.00517
0.0051
0.00503
0.00496
0.00488
0.0048
0.00471
0.00463
0.00454
0.00445
0.00435
0.00426
0.00415
0.00405
0.00395
0.00384
0.00374
0.00363
0.00351
0.0034
0.00328
0.00317
0.00304
0.00293
0.0028
0.00268
0.00255
0.00242
0.00229
0.00216
0.00203
0.00189
0.00176
0.00163
0.00149
0.00136
0.00122
0.00109
0.00095
0.00082
0.00067
0.00054
0.0004
0.00027
0.00013
0.0
-0.00014
-0.00027
-0.0004
-0.00053
-0.00066
-0.00079
-0.00092
-0.00104
-0.00117
-0.00129
-0.00142
-0.00154
-0.00166
-0.00178
-0.0019
-0.00201
-0.00213
-0.00224
-0.00235
-0.00246
-0.00257
-0.00267
-0.00278
-0.00288
-0.00298
-0.00307
-0.00317
-0.00326
-0.00335
-0.00343
-0.00352
-0.00359
-0.00367
-0.00374
-0.00381
-0.00387
-0.00394
-0.00399
-0.00405
-0.0041
-0.00415
-0.00419
-0.00424
-0.00427
-0.00431
-0.00434
-0.00437
-0.0044
-0.00443
-0.00445
-0.00447
-0.00448
-0.0045
-0.00451
-0.00453
-0.00454
-0.00455
-0.00455
-0.00456
-0.00456
-0.00457
-0.00456
-0.00456
-0.00456
-0.00455
-0.00455
-0.00453
-0.00452
-0.0045
-0.00448
-0.00447
-0.00444
-0.00442
-0.00438
-0.00435
-0.00432
-0.00428
-0.00423
-0.00419
-0.00414
-0.00409
-0.00403
-0.00397
-0.00391
-0.00384
-0.00377
-0.0037
-0.00362
-0.00354
-0.00346
-0.00338
-0.00329
-0.00321
-0.00311
-0.00302
-0.00293
-0.00283
-0.00274
-0.00264
-0.00254
-0.00244
-0.00234
-0.00224
-0.00213
-0.00204
-0.00193
-0.00183
-0.00173
-0.00163
-0.00153
-0.00143
-0.00133
-0.00124
-0.00114
-0.00104
-0.00094
-0.00085
-0.00075
-0.00067
-0.00057
-0.00048
-0.00039
-0.00031
-0.00022
-0.00014
-5e-05
3e-05
0.00011
0.00019
0.00027
0.00035
0.00043
0.0005
0.00057
0.00064
0.00071
0.00078
0.00085
0.00091
0.00097
0.00103
0.00109
0.00115
0.0012
0.00125
0.0013
0.00135
0.0014
0.00144
0.00149
0.00153
0.00157
0.0016
0.00163
0.00166
0.00169
0.00171
0.00174
0.00176
0.00177
0.00179
0.0018
0.00181
0.00182
0.00183
0.00183
0.00183
0.00183
0.00182
0.00182
0.0018
0.00179
0.00177
0.00176
0.00173
0.00171
0.00168
0.00165
0.00162
0.00159
0.00155
0.00151
0.00146
0.00142
0.00136
0.00131
0.00125
0.00119
0.00113
0.00107
0.00099
0.00092
0.00085
0.00077
0.00069
0.00061
0.00052
0.00044
0.00034
0.00026
0.00016
7e-05
-2e-05
-0.00011
-0.00021
-0.0003
-0.0004
-0.0005
-0.00059
-0.00069
-0.00078
-0.00087
-0.00097
-0.00105
-0.00115
-0.00123
-0.00132
-0.0014
-0.00149
-0.00157
-0.00165
-0.00172
-0.0018
-0.00187
-0.00194
-0.00201
-0.00207
-0.00213
-0.00219
-0.00225
-0.00231
-0.00235
-0.0024
-0.00244
-0.00248
-0.00251
-0.00255
-0.00257
-0.0026
-0.00262
-0.00263
-0.00265
-0.00265
-0.00266
-0.00266
-0.00265
-0.00265
-0.00263
-0.00262
-0.00259
-0.00257
-0.00254
-0.00252
-0.00248
-0.00244
-0.0024
-0.00236
-0.00232
-0.00227
-0.00222
-0.00217
-0.00211
-0.00206
-0.002
-0.00194
-0.00187
-0.00181
-0.00174
-0.00168
-0.0016
-0.00153
-0.00145
-0.00137
-0.00129
-0.0012
-0.00111
-0.00102
-0.00092
-0.00083
-0.00072
-0.00062
-0.00051
-0.0004
-0.00028
-0.00016
-3e-05
9e-05
0.00022
0.00035
0.00048
0.00062
0.00076
0.0009
0.00104
0.00118
0.00132
0.00146
0.00161
0.00175
0.00189
0.00202
0.00216
0.00229
0.00243
0.00255
0.00268
0.0028
0.00292
0.00303
0.00314
0.00324
0.00334
0.00343
0.00352
0.0036
0.00368
0.00375
0.00382
0.00388
0.00394
0.00398
0.00403
0.00407
0.0041
0.00413
0.00415
0.00416
0.00418
0.00418
0.00418
0.00417
0.00416
0.00414
0.00412
0.00409
0.00406
0.00402
0.00398
0.00393
0.00388
0.00382
0.00376
0.00369
0.00362
0.00354
0.00346
0.00337
0.00329
0.00319
0.0031
0.00299
0.00289
0.00278
0.00267
0.00255
0.00243
0.00231
0.00219
0.00206
0.00194
0.0018
0.00167
0.00153
0.0014
0.00126
0.00113
0.00099
0.00085
0.0007
0.00056
0.00043
0.00029
0.00015
2e-05
-0.00012
-0.00025
-0.00039
-0.00051
-0.00064
-0.00077
-0.00089
-0.001
-0.00112
-0.00123
-0.00134
-0.00145
-0.00154
-0.00164
-0.00173
-0.00181
-0.0019
-0.00197
-0.00205
-0.00211
-0.00218
-0.00224
-0.0023
-0.00235
-0.0024
-0.00244
-0.00248
-0.00251
-0.00254
-0.00256
-0.00258
-0.0026
-0.00262
-0.00262
-0.00263
-0.00262
-0.00262
-0.00261
-0.0026
-0.00257
-0.00255
-0.00253
-0.00249
-0.00246
-0.00242
-0.00237
-0.00232
-0.00226
-0.00221
-0.00214
-0.00208
-0.002
-0.00193
-0.00185
-0.00178
-0.00169
-0.00161
-0.00152
-0.00143
-0.00134
-0.00125
-0.00116
-0.00107
-0.00097
-0.00088
-0.00079
-0.0007
-0.0006
-0.00052
-0.00043
-0.00035
-0.00026
-0.00018
-0.0001
-3e-05
4e-05
0.00011
0.00018
0.00025
0.00031
0.00037
0.00043
0.00048
0.00054
0.00058
0.00063
0.00068
0.00073
0.00076
0.0008
0.00084
0.00087
0.00091
0.00095
0.00098
0.00101
0.00103
0.00107
0.00109
0.00112
0.00114
0.00117
0.00119
0.00122
0.00124
0.00126
0.00128
0.0013
0.00132
0.00134
0.00135
0.00138
0.00139
0.00141
0.00142
0.00144
0.00145
0.00146
0.00147
0.00149
0.00149
0.0015
0.00151
0.00151
0.00152
0.00153
0.00153
0.00153
0.00153
0.00153
0.00153
0.00152
0.00151
0.00151
0.00149
0.00148
0.00147
0.00145
0.00143
0.0014
0.00138
0.00135
0.00132
0.00129
0.00125
0.00121
0.00117
0.00113
0.00107
0.00102
0.00096
0.0009
0.00083
0.00077
0.00069
0.00061
0.00054
0.00045
0.00037
0.00028
0.00018
8e-05
-2e-05
-0.00012
-0.00023
-0.00034
-0.00046
-0.00057
-0.00069
-0.00081
-0.00093
-0.00105
-0.00116
-0.00128
-0.0014
-0.00152
-0.00164
-0.00175
-0.00187
-0.00197
-0.00209
-0.00219
-0.0023
-0.00239
-0.00249
-0.00258
-0.00267
-0.00275
-0.00283
-0.00291
-0.00298
-0.00304
-0.00311
-0.00317
-0.00323
-0.00328
-0.00333
-0.00338
-0.00343
-0.00346
-0.00351
-0.00355
-0.00359
-0.00362
-0.00365
-0.00368
-0.00371
-0.00374
-0.00377
-0.00379
-0.00382
-0.00384
-0.00386
-0.00388
-0.0039
-0.0039
-0.00392
-0.00393
-0.00393
-0.00394
-0.00394
-0.00393
-0.00392
-0.00391
-0.0039
-0.00387
-0.00385
-0.00382
-0.0038
-0.00376
-0.00373
-0.00369
-0.00365
-0.0036
-0.00356
-0.00351
-0.00346
-0.00341
-0.00336
-0.00331
-0.00326
-0.00321
-0.00317
-0.00311
-0.00307
-0.00303
-0.00299
-0.00295
-0.00291
-0.00288
-0.00285
-0.00282
-0.0028
-0.00277
-0.00275
-0.00273
-0.00272
-0.0027
-0.0027
-0.00268
-0.00267
-0.00266
-0.00266
-0.00265
-0.00264
-0.00264
-0.00263
-0.00262
-0.00262
-0.0026
-0.00259
-0.00258
-0.00257
-0.00256
-0.00255
-0.00253
-0.00251
-0.00249
-0.00248
-0.00245
-0.00244
-0.00241
-0.00239
-0.00237
-0.00235
-0.00232
-0.0023
-0.00227
-0.00225
-0.00222
-0.0022
-0.00217
-0.00214
-0.00212
-0.00209
-0.00206
-0.00204
-0.00201
-0.00198
-0.00195
-0.00193
-0.0019
-0.00187
-0.00184
-0.00182
-0.00179
-0.00177
-0.00173
-0.00171
-0.00169
-0.00167
-0.00164
-0.00163
-0.00161
-0.00159
-0.00158
-0.00156
-0.00155
-0.00154
-0.00152
-0.00152
-0.00151
-0.00151
-0.0015
-0.00151
-0.0015
-0.00151
-0.0015
-0.0015
-0.0015
-0.0015
-0.0015
-0.0015
-0.00149
-0.00148
-0.00147
-0.00146
-0.00144
-0.00143
-0.0014
-0.00138
-0.00134
-0.00131
-0.00126
-0.00122
-0.00117
-0.00112
-0.00106
-0.001
-0.00093
-0.00086
-0.00078
-0.0007
-0.00061
-0.00053
-0.00043
-0.00034
-0.00024
-0.00015
-4e-05
5e-05
0.00016
0.00026
0.00036
0.00047
0.00057
0.00068
0.00078
0.00088
0.00099
0.00108
0.00119
0.00128
0.00138
0.00147
0.00157
0.00166
0.00175
0.00183
0.00192
0.002
0.00208
0.00216
0.00224
0.00231
0.00239
0.00246
0.00254
