1.67465107827270E+02

-0.0006
-0.00062
-0.00064
-0.00066
-0.00067
-0.00069
-0.00071
-0.00073
-0.00075
-0.00076
-0.00078
-0.0008
-0.00082
-0.00085
-0.00087
-0.00089
-0.00091
-0.00094
-0.00096
-0.00099
-0.00101
-0.00104
-0.00106
-0.00109
-0.00112
-0.00115
-0.00117
-0.0012
-0.00123
-0.00127
-0.00129
-0.00133
-0.00135
-0.00139
-0.00142
-0.00145
-0.00148
-0.00151
-0.00154
-0.00158
-0.00161
-0.00164
-0.00167
-0.00169
-0.00172
-0.00176
-0.00178
-0.00181
-0.00183
-0.00185
-0.00187
-0.0019
-0.00191
-0.00193
-0.00194
-0.00195
-0.00196
-0.00197
-0.00197
-0.00197
-0.00197
-0.00197
-0.00196
-0.00195
-0.00194
-0.00193
-0.00191
-0.0019
-0.00187
-0.00185
-0.00183
-0.00181
-0.00178
-0.00175
-0.00172
-0.00169
-0.00166
-0.00163
-0.00159
-0.00156
-0.00152
-0.0015
-0.00146
-0.00143
-0.00139
-0.00136
-0.00133
-0.0013
-0.00127
-0.00123
-0.0012
-0.00117
-0.00113
-0.00111
-0.00107
-0.00104
-0.001
-0.00098
-0.00094
-0.00091
-0.00088
-0.00085
-0.00081
-0.00078
-0.00075
-0.00071
-0.00067
-0.00063
-0.00059
-0.00056
-0.00052
-0.00048
-0.00044
-0.0004
-0.00035
-0.00032
-0.00027
-0.00023
-0.00018
-0.00014
-9e-05
-5e-05
0.0
5e-05
0.0001
0.00014
0.00019
0.00023
0.00028
0.00032
0.00037
0.00041
0.00046
0.0005
0.00054
0.00057
0.00061
0.00064
0.00068
0.0007
0.00074
0.00075
0.00078
0.00079
0.00081
0.00082
0.00083
0.00083
0.00084
0.00083
0.00082
0.00081
0.00079
0.00078
0.00075
0.00073
0.0007
0.00066
0.00062
0.00058
0.00054
0.00048
0.00044
0.00038
0.00033
0.00027
0.00021
0.00014
8e-05
1e-05
-5e-05
-0.00012
-0.00018
-0.00026
-0.00032
-0.00039
-0.00046
-0.00053
-0.00059
-0.00066
-0.00072
-0.00079
-0.00085
-0.00092
-0.00098
-0.00104
-0.0011
-0.00116
-0.00121
-0.00127
-0.00133
-0.00138
-0.00143
-0.00149
-0.00154
-0.00159
-0.00163
-0.00169
-0.00173
-0.00178
-0.00183
-0.00187
-0.00192
-0.00196
-0.002
-0.00205
-0.00209
-0.00213
-0.00216
-0.0022
-0.00224
-0.00228
-0.0023
-0.00234
-0.00237
-0.0024
-0.00243
-0.00245
-0.00247
-0.00249
-0.0025
-0.00253
-0.00254
-0.00255
-0.00256
-0.00257
-0.00257
-0.00257
-0.00257
-0.00257
-0.00257
-0.00256
-0.00256
-0.00254
-0.00253
-0.00252
-0.0025
-0.00248
-0.00246
-0.00244
-0.00241
-0.00239
-0.00236
-0.00234
-0.0023
-0.00227
-0.00223
-0.00219
-0.00215
-0.00211
-0.00206
-0.00201
-0.00196
-0.00191
-0.00185
-0.00179
-0.00172
-0.00166
-0.00158
-0.00152
-0.00143
-0.00136
-0.00128
-0.00119
-0.00111
-0.00102
-0.00093
-0.00083
-0.00073
-0.00064
-0.00054
-0.00044
-0.00034
-0.00024
-0.00013
-4e-05
7e-05
0.00017
0.00027
0.00037
0.00047
0.00057
0.00067
0.00076
0.00086
0.00095
0.00104
0.00113
0.00122
0.00131
0.0014
0.00148
0.00157
0.00165
0.00173
0.00181
0.00188
0.00197
0.00205
0.00212
0.0022
0.00227
0.00235
0.00242
0.0025
0.00257
0.00265
0.00272
0.00279
0.00286
0.00293
0.00299
0.00305
0.00312
0.00318
0.00323
0.00329
0.00334
0.00339
0.00343
0.00347
0.00351
0.00354
0.00357
0.0036
0.00361
0.00363
0.00364
0.00365
0.00365
0.00365
0.00365
0.00364
0.00362
0.00361
0.00359
0.00357
0.00354
0.00351
0.00347
0.00344
0.0034
0.00336
0.00332
0.00327
0.00323
0.00318
0.00313
0.00308
0.00302
0.00296
0.0029
0.00284
0.00278
0.00272
0.00265
0.00258
0.00251
0.00244
0.00237
0.00229
0.00221
0.00214
0.00206
0.00197
0.00188
0.0018
0.00171
0.00163
0.00153
0.00144
0.00134
0.00125
0.00116
0.00106
0.00096
0.00086
0.00076
0.00067
0.00057
0.00047
0.00037
0.00028
0.00018
9e-05
-1e-05
-0.0001
-0.00019
-0.00028
-0.00037
-0.00045
-0.00054
-0.00062
-0.0007
-0.00078
-0.00085
-0.00092
-0.001
-0.00107
-0.00113
-0.0012
-0.00126
-0.00132
-0.00138
-0.00143
-0.00149
-0.00154
-0.00159
-0.00164
-0.00169
-0.00173
-0.00177
-0.00181
-0.00186
-0.00189
-0.00193
-0.00196
-0.002
-0.00202
-0.00206
-0.00208
-0.00211
-0.00213
-0.00215
-0.00217
-0.00218
-0.0022
-0.00221
-0.00221
-0.00222
-0.00222
-0.00222
-0.00221
-0.0022
-0.00218
-0.00217
-0.00214
-0.00212
-0.00209
-0.00206
-0.00202
-0.00198
-0.00193
-0.00188
-0.00182
-0.00177
-0.0017
-0.00163
-0.00156
-0.00148
-0.0014
-0.00133
-0.00123
-0.00115
-0.00106
-0.00096
-0.00087
-0.00076
-0.00066
-0.00056
-0.00045
-0.00035
-0.00024
-0.00013
-2e-05
9e-05
0.0002
0.00031
0.00043
0.00054
0.00065
0.00076
0.00087
0.00098
0.0011
0.00121
0.00132
0.00142
0.00153
0.00164
0.00175
0.00185
0.00195
0.00205
0.00215
0.00224
0.00234
0.00243
0.00251
0.0026
0.00268
0.00276
0.00284
0.0029
0.00297
0.00303
0.00309
0.00314
0.00319
0.00323
0.00327
0.0033
0.00333
0.00335
0.00337
0.00338
0.00339
0.00339
0.00339
0.00338
0.00337
0.00336
0.00334
0.00331
0.00329
0.00325
0.00322
0.00318
0.00315
0.0031
0.00306
0.00301
0.00296
0.00291
0.00286
0.00281
0.00276
0.0027
0.00265
0.00259
0.00253
0.00247
0.00241
0.00235
0.00229
0.00222
0.00216
0.0021
0.00203
0.00197
0.0019
0.00183
0.00176
0.00169
0.00162
0.00155
0.00148
0.0014
0.00134
0.00126
0.00119
0.00112
0.00104
0.00097
0.0009
0.00083
0.00077
0.00069
0.00063
0.00057
0.00051
0.00045
0.00039
0.00034
0.00029
0.00024
0.0002
0.00016
0.00012
8e-05
5e-05
3e-05
0.0
-3e-05
-4e-05
-6e-05
-7e-05
-9e-05
-9e-05
-0.0001
-0.0001
-0.00011
-0.00011
-0.00011
-0.00012
-0.00011
-0.00011
-0.00011
-0.0001
-0.0001
-9e-05
-9e-05
-8e-05
-7e-05
-6e-05
-6e-05
-5e-05
-4e-05
-3e-05
-2e-05
-1e-05
0.0
2e-05
3e-05
4e-05
5e-05
7e-05
8e-05
0.00011
0.00012
0.00014
0.00015
0.00017
0.00018
0.0002
0.00021
0.00022
0.00024
0.00025
0.00026
0.00028
0.00028
0.00029
0.00029
0.0003
0.00029
0.00029
0.00028
0.00028
0.00027
0.00025
0.00024
0.00022
0.0002
0.00018
0.00016
0.00014
0.00011
8e-05
5e-05
2e-05
-1e-05
-4e-05
-8e-05
-0.00011
-0.00014
-0.00018
-0.00021
-0.00024
-0.00028
-0.0003
-0.00033
-0.00036
-0.0004
-0.00042
-0.00045
-0.00047
-0.0005
-0.00052
-0.00054
-0.00056
-0.00058
-0.00059
-0.00061
-0.00062
-0.00063
-0.00064
-0.00065
-0.00065
-0.00066
-0.00066
-0.00066
-0.00065
-0.00065
-0.00064
-0.00064
-0.00062
-0.00061
-0.00059
-0.00058
-0.00056
-0.00054
-0.00051
-0.00048
-0.00045
-0.00043
-0.00039
-0.00036
-0.00032
-0.00029
-0.00025
-0.00021
-0.00017
-0.00013
-9e-05
-5e-05
-1e-05
3e-05
7e-05
0.00011
0.00016
0.00019
0.00023
0.00027
0.00031
0.00034
0.00038
0.00041
0.00045
0.00047
0.00051
0.00053
0.00056
0.00059
0.00062
0.00065
0.00068
0.0007
0.00073
0.00076
0.00079
0.00081
0.00084
0.00087
0.0009
0.00093
0.00096
0.00098
0.00101
0.00105
0.00108
0.00111
0.00115
0.00118
0.00122
0.00125
0.00129
0.00133
0.00137
0.0014
0.00144
0.00148
0.00152
0.00156
0.0016
0.00164
0.00169
0.00173
0.00178
0.00182
0.00187
0.00191
0.00196
0.00201
0.00206
0.00211
0.00217
0.00223
0.00229
0.00235
0.00241
0.00248
0.00255
0.00262
0.00269
0.00276
0.00285
0.00292
0.00301
0.00309
0.00318
0.00327
0.00337
0.00346
0.00356
0.00365
0.00375
0.00386
0.00396
0.00406
0.00417
0.00427
0.00438
0.00448
0.00459
0.00469
0.0048
0.0049
0.00502
0.00512
0.00522
0.00533
0.00543
0.00554
0.00565
0.00576
0.00586
0.00597
0.00608
0.00619
0.0063
0.00641
0.00652
0.00663
0.00675
0.00686
0.00698
0.0071
0.00722
0.00734
0.00747
0.00759
0.00772
0.00785
0.00798
0.00811
0.00825
0.00838
0.00852
0.00866
0.0088
0.00894
0.00908
0.00922
0.00937
0.00951
0.00966
0.00981
0.00996
0.0101
0.01025
0.0104
0.01055
0.0107
0.01085
0.011
0.01115
0.01131
0.01146
0.01161
0.01177
0.01192
0.01208
0.01224
0.0124
0.01255
0.01271
0.01287
0.01304
0.01319
0.01336
0.01352
0.01369
0.01385
0.01401
0.01418
0.01434
0.0145
0.01467
0.01483
0.01499
0.01515
0.01531
0.01547
0.01563
0.01578
0.01593
0.01608
0.01623
0.01637
0.01651
0.01665
0.01678
0.01691
0.01703
0.01715
0.01727
0.01738
0.01749
0.01759
0.01768
0.01777
0.01786
0.01794
0.01802
0.01808
0.01815
0.01821
0.01826
0.01832
0.01836
0.01841
0.01845
0.01848
0.01851
0.01854
0.01857
0.01859
0.01861
0.01863
0.01865
0.01866
0.01867
0.01868
0.01869
0.0187
0.01871
0.01872
0.01873
0.01874
0.01875
0.01875
0.01877
0.01877
0.01878
0.01878
0.01879
0.0188
0.0188
0.0188
0.01881
0.01881
0.01881
0.01881
0.01881
0.0188
0.0188
0.01879
0.01879
0.01878
0.01876
0.01875
0.01874
0.01872
0.0187
0.01867
0.01865
0.01862
0.0186
0.01857
0.01854
0.01851
0.01848
0.01845
0.01842
0.01838
0.01835
0.01831
0.01828
0.01824
0.0182
0.01816
0.01813
0.01809
0.01805
0.01801
0.01798
0.01793
0.0179
0.01785
0.01781
0.01777
0.01772
0.01767
0.01763
0.01758
0.01753
0.01747
0.01742
0.01736
0.0173
0.01724
0.01718
0.01711
0.01704
0.01697
0.0169
0.01682
0.01675
0.01667
0.01659
0.01651
0.01643
0.01634
0.01625
0.01617
0.01608
0.01599
0.0159
0.0158
0.01571
0.01562
0.01553
0.01543
0.01534
0.01524
0.01515
0.01505
0.01495
0.01485
0.01475
0.01466
0.01456
0.01446
0.01437
0.01427
0.01417
0.01408
0.01398
0.01389
0.0138
0.0137
0.01362
0.01353
0.01344
0.01336
0.01328
0.0132
0.01313
0.01306
0.01299
0.01292
0.01287
0.01281
0.01276
0.01271
0.01267
0.01263
0.0126
0.01257
0.01254
0.01252
0.01251
0.0125
0.0125
0.0125
0.0125
0.01251
0.01252
0.01254
0.01256
0.01258
0.01261
0.01263
0.01267
0.0127
0.01274
0.01278
0.01282
0.01286
0.0129
0.01295
0.01299
0.01303
0.01308
0.01312
0.01317
0.01321
0.01325
0.01329
0.01333
0.01337
0.0134
0.01344
0.01347
0.01349
0.01352
0.01355
0.01357
0.01359
0.01361
0.01362
0.01363
0.01364
0.01365
0.01365
0.01365
0.01364
0.01364
0.01363
0.01362
0.01361
0.01359
0.01357
0.01355
0.01352
0.01349
0.01346
0.01343
0.01338
0.01334
0.01329
0.01324
0.01318
0.01312
0.01305
0.01298
0.0129
0.01282
0.01274
0.01264
0.01254
0.01243
0.01232
0.01221
0.01208
0.01195
0.01181
0.01167
0.01151
0.01136
0.0112
0.01103
0.01086
0.01069
0.01051
0.01033
0.01013
0.00995
0.00975
0.00956
0.00936
0.00916
0.00896
0.00877
0.00856
0.00837
0.00816
0.00797
0.00777
0.00758
0.00738
0.00719
0.007
0.00681
0.00662
0.00644
0.00626
0.00608
0.0059
0.00573
0.00555
0.00538
0.00521
0.00504
0.00487
0.00471
0.00455
0.00439
0.00422
0.00407
0.00391
0.00376
0.0036
0.00345
0.0033
0.00315
0.003
0.00285
0.00271
0.00256
0.00242
0.00228
0.00215
0.00202
0.00188
0.00175
0.00162
0.0015
0.00138
0.00127
0.00115
0.00104
0.00093
0.00082
0.00072
0.00062
0.00053
0.00044
0.00035
0.00027
0.00019
0.00011
4e-05
-3e-05
-0.0001
-0.00016
-0.00022
-0.00027
-0.00032
-0.00037
-0.00042
-0.00047
-0.00051
-0.00055
-0.00058
-0.00062
-0.00065
-0.00068
-0.00071
-0.00074
-0.00077
-0.00079
-0.00082
-0.00084
-0.00087
-0.00089
-0.00092
-0.00094
-0.00097
-0.00099
-0.00101
-0.00104
-0.00107
-0.00109
-0.00112
-0.00114
-0.00117
-0.00119
-0.00122
-0.00124
-0.00126
-0.00128
-0.0013
-0.00132
-0.00134
-0.00135
-0.00136
-0.00137
-0.00138
-0.00137
-0.00137
-0.00136
-0.00135
-0.00133
-0.00132
-0.00129
-0.00126
-0.00123
-0.00119
-0.00115
-0.0011
-0.00105
-0.001
-0.00094
-0.00089
-0.00082
-0.00076
-0.00069
-0.00063
-0.00055
-0.00049
-0.00041
-0.00034
-0.00027
-0.0002
-0.00013
-5e-05
2e-05
9e-05
0.00017
0.00024
0.00031
0.00038
0.00045
0.00052
0.00059
0.00065
0.00072
0.00079
0.00086
0.00092
0.00099
0.00105
0.00112
0.00118
0.00125
0.00131
0.00138
0.00144
0.0015
0.00156
0.00162
0.00167
0.00173
0.00178
0.00183
0.00188
0.00192
0.00197
0.00201
0.00204
0.00208
0.0021
0.00214
0.00215
0.00218
0.00219
0.0022
0.00221
0.00222
0.00222
0.00222
0.00222
0.00221
0.00221
0.0022
0.00219
0.00218
0.00216
0.00215
0.00213
0.00212
0.0021
0.00209
0.00207
0.00206
0.00205
0.00203
0.00202
0.00201
0.002
0.00199
0.00198
0.00198
0.00197
0.00197
0.00196
0.00196
0.00196
0.00196
0.00196
0.00197
0.00197
0.00198
0.00199
0.002
0.00202
0.00203
0.00205
0.00208
0.0021
0.00213
0.00216
0.0022
0.00223
0.00228
0.00232
0.00237
0.00242
0.00248
0.00254
0.0026
0.00267
0.00274
0.00281
0.00289
0.00296
0.00304
0.00312
0.00321
0.00329
0.00337
0.00345
0.00354
0.00362
0.0037
0.00378
0.00386
0.00393
0.00401
0.00408
0.00415
0.00421
0.00427
0.00432
0.00438
0.00443
0.00448
0.00452
0.00456
0.00459
0.00463
0.00466
0.00469
0.00471
0.00474
0.00476
0.00479
0.0048
0.00482
0.00484
0.00486
0.00487
0.00489
0.0049
0.00492
0.00493
0.00494
0.00495
0.00496
0.00497
0.00498
0.00499
0.00499
0.00499
0.005
0.00499
0.00499
0.00498
0.00497
0.00495
0.00494
0.00492
0.0049
0.00487
0.00484
0.00481
0.00477
0.00473
0.00469
0.00464
0.0046
0.00455
0.0045
0.00445
0.0044
0.00434
0.00429
0.00424
0.00418
0.00413
0.00408
0.00403
0.00398
0.00393
0.00389
0.00384
0.00381
0.00377
0.00373
0.0037
0.00367
0.00364
0.00362
0.00359
0.00357
0.00355
0.00353
0.00352
0.00351
0.00349
0.00349
0.00347
0.00347
0.00346
0.00346
0.00344
0.00344
0.00343
0.00343
0.00342
0.00342
0.00341
0.0034
0.0034
0.00339
0.00339
0.00338
0.00337
0.00337
0.00335
0.00335
0.00333
0.00332
0.00331
0.0033
0.00328
0.00327
0.00325
0.00323
0.00321
0.0032
0.00317
0.00315
0.00312
0.0031
0.00307
0.00304
0.00301
0.00298
0.00294
0.0029
0.00286
0.00282
0.00278
0.00273
0.00269
0.00264
0.00259
0.00255
0.00249
0.00244
0.00239
0.00234
0.00228
0.00223
0.00217
0.00213
0.00207
0.00202
0.00196
0.00191
0.00186
0.0018
0.00175
0.0017
0.00165
0.0016
0.00155
0.0015
0.00145
0.0014
0.00135
0.0013
0.00125
0.0012
0.00115
0.00109
0.00104
0.00099
0.00094
0.00089
0.00082
0.00077
0.00072
0.00066
0.0006
0.00055
0.00048
0.00043
0.00037
0.00031
0.00025
0.0002
0.00014
8e-05
3e-05
-2e-05
-8e-05
-0.00013
-0.00019
-0.00023
-0.00028
-0.00033
-0.00037
-0.00041
-0.00046
-0.0005
-0.00054
-0.00057
-0.00061
-0.00064
-0.00067
-0.0007
-0.00073
-0.00075
-0.00078
-0.0008
-0.00083
-0.00085
-0.00087
-0.00089
-0.00091
-0.00093
-0.00095
-0.00096
-0.00098
-0.00099
-0.00101
-0.00102
-0.00103
-0.00104
-0.00105
-0.00106
-0.00107
-0.00107
-0.00108
-0.00108
-0.00109
-0.00109
-0.00109
-0.00109
-0.00109
-0.00108
-0.00108
-0.00107
-0.00107
-0.00105
-0.00104
-0.00103
-0.00102
-0.001
-0.00099
-0.00097
-0.00096
-0.00094
-0.00093
-0.00091
-0.00089
-0.00087
-0.00085
-0.00083
-0.00081
-0.00078
-0.00076
-0.00074
-0.00072
-0.00069
-0.00067
-0.00064
-0.00062
-0.00059
-0.00057
-0.00054
-0.00051
-0.00048
-0.00045
-0.00042
-0.00039
-0.00036
-0.00033
-0.00029
-0.00026
-0.00022
-0.00019
-0.00015
-0.00012
-8e-05
-5e-05
-1e-05
3e-05
7e-05
0.0001
0.00015
0.00018
0.00023
0.00026
0.00031
0.00035
0.0004
0.00044
0.00049
0.00053
0.00058
0.00063
0.00068
0.00073
0.00078
0.00084
0.00089
0.00094
0.001
0.00106
0.00112
0.00117
0.00123
0.00128
0.00134
0.0014
0.00145
0.0015
0.00155
0.0016
0.00165
0.0017
0.00174
0.00178
0.00181
0.00184
0.00188
0.00189
0.00192
0.00193
0.00194
0.00194
0.00194
0.00193
0.00192
0.00191
0.00189
0.00186
0.00183
0.00179
0.00175
0.0017
0.00165
0.00159
0.00153
0.00146
0.0014
0.00132
0.00125
0.00117
0.00108
0.001
0.00091
0.00082
0.00073
0.00063
0.00053
0.00043
0.00033
0.00023
0.00013
2e-05
-8e-05
-0.00018
-0.00029
-0.00039
-0.0005
-0.0006
-0.0007
-0.0008
-0.0009
-0.001
-0.00109
-0.00119
-0.00127
-0.00137
-0.00145
-0.00153
-0.00161
-0.00169
-0.00176
-0.00183
-0.0019
-0.00195
-0.00201
-0.00206
-0.00211
-0.00216
-0.00219
-0.00223
-0.00226
-0.00229
-0.00231
-0.00234
-0.00235
-0.00236
-0.00237
-0.00237
-0.00238
-0.00237
-0.00237
-0.00236
-0.00235
-0.00234
-0.00232
-0.0023
-0.00228
-0.00226
-0.00223
-0.00221
-0.00217
-0.00215
-0.00212
-0.00209
-0.00205
-0.00202
-0.00198
-0.00194
-0.00191
-0.00187
-0.00183
-0.00179
-0.00175
-0.00172
-0.00167
-0.00164
-0.00159
-0.00156
-0.00152
-0.00148
-0.00144
-0.0014
-0.00137
-0.00133
-0.00129
-0.00126
-0.00122
-0.00119
-0.00115
-0.00112
-0.00109
-0.00106
-0.00103
-0.001
-0.00097
-0.00094
-0.00092
-0.00089
-0.00086
-0.00084
-0.00081
-0.00079
-0.00076
-0.00074
-0.00072
-0.0007
-0.00067
-0.00065
-0.00062
-0.0006
-0.00058
-0.00056
-0.00054
-0.00052
-0.0005
-0.00048
-0.00046
-0.00045
-0.00042
-0.00041
-0.00039
-0.00038
-0.00037
-0.00037
-0.00035
-0.00035
-0.00034
-0.00034
-0.00034
-0.00034
-0.00035
-0.00035
-0.00036
-0.00037
-0.00038
-0.0004
-0.00042
-0.00044
-0.00046
-0.00049
-0.00051
-0.00054
-0.00057
-0.00061
-0.00064
-0.00068
-0.00071
-0.00075
-0.00079
-0.00083
-0.00087
-0.00092
-0.00096
-0.00101
-0.00105
-0.0011
-0.00114
-0.00119
-0.00123
-0.00128
-0.00132
-0.00137
-0.00141
-0.00145
-0.00149
-0.00153
-0.00157
-0.0016
-0.00164
-0.00167
-0.0017
-0.00173
-0.00175
-0.00178
-0.0018
-0.00182
-0.00184
-0.00185
-0.00185
-0.00186
-0.00186
-0.00187
-0.00186
-0.00186
-0.00184
-0.00184
-0.00182
-0.00181
-0.00178
-0.00176
-0.00173
-0.00171
-0.00168
-0.00164
-0.00161
-0.00157
-0.00153
-0.00149
-0.00145
-0.00141
-0.00136
-0.00132
-0.00127
-0.00122
-0.00117
-0.00112
-0.00107
-0.00102
-0.00097
-0.00092
-0.00087
-0.00081
-0.00076
-0.00071
-0.00066
-0.00061
-0.00055
-0.0005
-0.00045
-0.00041
-0.00035
-0.0003
-0.00025
-0.0002
-0.00015
-0.0001
-5e-05
-0.0
5e-05
9e-05
0.00014
0.00019
0.00024
0.00028
0.00033
0.00037
0.00042
0.00047
0.00051
0.00056
0.0006
0.00065
0.0007
0.00074
0.00079
0.00083
0.00088
0.00093
0.00098
0.00103
0.00108
0.00112
0.00118
0.00122
0.00127
0.00132
0.00137
0.00142
0.00147
0.00152
0.00157
0.00161
0.00166
0.00171
0.00176
0.0018
0.00184
0.00188
0.00193
0.00197
0.00201
0.00205
0.00208
0.00212
0.00216
0.00219
0.00222
0.00225
0.00228
0.0023
0.00233
0.00234
0.00237
0.00238
0.0024
0.00241
0.00243
0.00244
0.00245
0.00246
0.00246
0.00247
0.00248
0.00248
0.00248
0.00248
0.00249
0.00249
0.00249
0.00249
0.0025
0.00249
0.0025
0.00249
0.00249
0.0025
0.0025
0.0025
0.00251
0.0025
0.00251
0.00251
0.00251
0.00251
0.00251
0.00251
0.00252
0.00251
0.00251
0.0025
0.0025
0.00249
0.00248
0.00247
0.00246
0.00244
0.00243
0.00241
0.00239
0.00236
0.00234
0.0023
0.00228
0.00224
0.0022
0.00216
0.00212
0.00208
0.00204
0.00199
0.00194
0.00189
0.00184
0.00179
0.00173
0.00167
0.00162
0.00156
0.00151
0.00144
0.00138
0.00132
0.00125
0.00119
0.00113
0.00106
0.00099
0.00092
0.00085
0.00078
0.0007
0.00062
0.00055
0.00046
0.00038
0.0003
0.00021
0.00012
3e-05
-6e-05
-0.00015
-0.00025
-0.00034
-0.00044
-0.00053
-0.00063
-0.00073
-0.00083
-0.00092
-0.00102
-0.00111
-0.0012
-0.0013
-0.00139
-0.00148
-0.00156
-0.00165
-0.00173
-0.00181
-0.00189
-0.00196
-0.00204
-0.00211
-0.00218
-0.00225
-0.00232
-0.00238
-0.00244
-0.00251
-0.00257
-0.00263
-0.00269
-0.00275
-0.0028
-0.00286
-0.00292
-0.00297
-0.00303
-0.00308
-0.00313
-0.00318
-0.00323
-0.00328
-0.00332
-0.00337
-0.00341
-0.00345
-0.00349
-0.00352
-0.00355
-0.00357
-0.0036
-0.00361
-0.00363
-0.00364
-0.00365
-0.00365
-0.00366
-0.00365
-0.00364
-0.00363
-0.00362
-0.0036
-0.00358
-0.00356
-0.00353
-0.0035
-0.00348
-0.00344
-0.00341
-0.00337
-0.00335
-0.00331
-0.00328
-0.00324
-0.00321
-0.00317
-0.00314
-0.00311
-0.00307
-0.00304
-0.00301
-0.00297
-0.00295
-0.00291
-0.00288
-0.00285
-0.00282
-0.00279
-0.00276
-0.00273
-0.0027
-0.00266
-0.00263
-0.0026
-0.00257
-0.00253
-0.00249
-0.00245
-0.00242
-0.00238
-0.00234
-0.0023
-0.00226
-0.00221
-0.00217
-0.00212
-0.00208
-0.00203
-0.00199
-0.00194
-0.00189
-0.00184
-0.00179
-0.00174
-0.00169
-0.00164
-0.00159
-0.00154
-0.00149
-0.00143
-0.00138
-0.00132
-0.00127
-0.00122
-0.00116
-0.00111
-0.00106
-0.001
-0.00094
-0.00088
-0.00083
-0.00077
-0.00071
-0.00065
-0.0006
-0.00054
-0.00048
-0.00042
-0.00036
-0.0003
-0.00024
-0.00019
-0.00013
-7e-05
-1e-05
5e-05
0.0001
0.00017
0.00022
0.00028
0.00034
0.00039
0.00045
0.00051
0.00056
0.00062
0.00067
0.00072
0.00078
0.00083
0.00088
0.00093
0.00098
0.00103
0.00107
0.00112
0.00116
0.00121
0.00124
0.00129
0.00132
0.00135
0.00138
0.00141
0.00144
0.00146
0.00149
0.00151
0.00152
0.00153
0.00154
0.00155
0.00156
0.00156
0.00156
0.00156
0.00155
0.00155
0.00154
0.00152
0.00151
0.0015
0.00148
0.00147
0.00144
0.00143
0.0014
0.00138
0.00135
0.00133
0.0013
0.00127
0.00124
0.00121
0.00117
0.00113
0.0011
0.00106
0.00102
0.00099
0.00094
0.0009
0.00085
0.00081
0.00075
0.0007
0.00065
0.0006
0.00054
0.00049
0.00043
0.00037
0.00031
0.00026
0.0002
0.00014
8e-05
2e-05
-4e-05
-9e-05
-0.00015
-0.0002
-0.00026
-0.00031
-0.00036
-0.00041
-0.00046
-0.00051
-0.00055
-0.00059
-0.00063
-0.00067
-0.00071
-0.00074
-0.00077
-0.0008
-0.00083
-0.00086
-0.00089
-0.00091
-0.00093
-0.00095
-0.00097
-0.00098
-0.001
-0.00101
-0.00101
-0.00102
-0.00103
-0.00102
-0.00102
-0.00101
-0.001
-0.00099
-0.00097
-0.00094
-0.00092
-0.00089
-0.00086
-0.00082
-0.00077
-0.00072
-0.00067
-0.00061
-0.00055
-0.00048
-0.00042
-0.00034
-0.00027
-0.00018
-0.0001
-1e-05
7e-05
0.00016
0.00024
0.00033
0.00042
0.00051
0.0006
0.00069
0.00076
0.00085
0.00092
0.001
0.00107
0.00115
0.00121
0.00128
0.00133
0.00139
0.00144
0.00148
0.00153
0.00157
0.00161
0.00165
0.00167
0.0017
0.00173
0.00175
0.00177
0.00179
0.0018
0.00183
0.00184
0.00185
0.00186
0.00186
0.00187
0.00188
0.00188
0.00189
0.00189
0.00189
0.00188
0.00188
0.00187
0.00187
0.00185
0.00185
0.00183
0.00181
0.00179
0.00176
0.00174
0.00172
0.00169
0.00166
0.00162
0.00159
0.00155
0.00151
0.00147
0.00143
0.00139
0.00135
0.00131
0.00126
0.00122
0.00118
0.00114
0.0011
0.00106
0.00102
0.00098
0.00095
0.00091
0.00088
0.00085
0.00082
0.00078
0.00076
0.00073
0.0007
0.00067
0.00064
0.00062
0.00059
0.00056
0.00054
0.0005
0.00048
0.00045
0.00042
0.00038
0.00035
0.00031
0.00028
0.00024
0.00021
0.00016
0.00012
9e-05
5e-05
1e-05
-3e-05
-8e-05
-0.00012
-0.00016
-0.0002
-0.00024
-0.00028
-0.00033
-0.00036
-0.00041
-0.00045
-0.00049
-0.00053
-0.00056
-0.0006
-0.00063
-0.00067
-0.00071
-0.00074
-0.00078
-0.00081
-0.00086
-0.00089
-0.00093
-0.00096
-0.001
-0.00104
-0.00107
-0.00111
-0.00115
-0.00118
-0.00122
-0.00125
-0.00129
-0.00131
-0.00135
-0.00138
-0.00141
-0.00143
-0.00146
-0.00148
-0.0015
-0.00152
-0.00153
-0.00155
-0.00156
-0.00156
-0.00156
-0.00156
-0.00156
-0.00155
-0.00154
-0.00152
-0.00151
-0.00149
-0.00147
-0.00144
-0.00142
-0.00139
-0.00136
-0.00132
-0.00129
-0.00125
-0.00121
-0.00116
-0.00112
-0.00107
-0.00103
-0.00098
-0.00094
-0.00088
-0.00084
-0.00078
-0.00073
-0.00068
-0.00062
-0.00057
-0.00051
-0.00045
-0.0004
-0.00034
-0.00028
-0.00022
-0.00017
-0.0001
-5e-05
2e-05
7e-05
0.00014
0.0002
0.00025
0.00031
0.00037
0.00043
0.00049
0.00054
0.0006
0.00065
0.00071
0.00075
0.00081
0.00085
0.0009
0.00094
0.00099
0.00103
0.00106
0.0011
0.00113
0.00117
0.0012
0.00123
0.00126
0.00128
0.00131
0.00132
0.00135
0.00136
0.00139
0.0014
0.00142
0.00143
0.00144
0.00145
0.00146
0.00148
0.00149
0.0015
0.00151
0.00151
0.00152
0.00153
0.00153
0.00153
0.00154
0.00154
0.00155
0.00155
0.00156
0.00156
0.00156
0.00156
0.00156
0.00157
0.00157
0.00157
0.00157
0.00157
0.00158
0.00158
0.00158
0.00158
0.00159
0.00159
0.00159
0.0016
0.0016
0.00161
0.00162
0.00162
0.00163
0.00164
0.00165
0.00166
0.00167
0.00168
0.00169
0.0017
0.00172
0.00173
0.00175
0.00176
0.00178
0.0018
0.00182
0.00184
0.00186
0.00188
0.0019
0.00192
0.00195
0.00197
0.002
0.00202
0.00205
0.00208
0.0021
0.00213
0.00216
0.00219
0.00222
0.00225
0.00229
0.00231
0.00234
0.00237
0.0024
0.00243
0.00246
0.00248
0.00251
0.00253
0.00255
0.00256
0.00258
0.0026
0.00261
0.00262
0.00263
0.00263
0.00264
0.00264
0.00264
0.00263
0.00263
0.00262
0.00261
0.00259
0.00258
0.00256
0.00254
0.00252
0.0025
0.00248
0.00246
0.00242
0.0024
0.00237
0.00234
0.00231
0.00228
0.00224
0.00221
0.00217
0.00213
0.00209
0.00205
0.00201
0.00197
0.00193
0.00189
0.00184
0.0018
0.00175
0.00171
0.00166
0.00162
0.00157
0.00152
0.00147
0.00142
0.00137
0.00132
0.00128
0.00123
0.00118
0.00114
0.00109
0.00104
0.001
0.00095
0.00091
0.00087
0.00082
0.00078
0.00074
0.0007
0.00066
0.00063
0.00059
0.00056
0.00052
0.00049
0.00046
0.00043
0.0004
0.00037
0.00034
0.00031
0.00028
0.00026
0.00023
0.00021
0.00018
0.00016
0.00013
0.00011
9e-05
8e-05
5e-05
4e-05
2e-05
1e-05
-0.0
-1e-05
-2e-05
-2e-05
-3e-05
-4e-05
-4e-05
-4e-05
-4e-05
-3e-05
-3e-05
-2e-05
-2e-05
-0.0
1e-05
2e-05
3e-05
5e-05
6e-05
8e-05
0.0001
0.00012
0.00013
0.00015
0.00017
0.00019
0.00021
0.00023
0.00025
0.00027
0.00028
0.0003
0.00032
0.00034
0.00035
0.00037
0.00038
0.00039
0.00041
0.00042
0.00043
0.00044
0.00045
0.00046
0.00046
0.00047
0.00048
0.00048
0.00048
0.00049
0.00049
0.00049
0.00049
0.00049
0.00048
0.00048
0.00047
0.00047
0.00046
0.00046
0.00044
0.00044
0.00043
0.00042
0.0004
0.00039
0.00038
0.00037
0.00035
0.00034
0.00033
0.00031
0.0003
0.00029
0.00028
0.00027
0.00025
0.00024
0.00023
0.00022
0.00021
0.00021
0.0002
0.00019
0.00019
0.00018
0.00018
0.00017
0.00017
0.00017
0.00017
0.00018
0.00018
0.00018
0.00019
0.0002
0.0002
0.00021
0.00022
0.00023
0.00024
0.00025
0.00027
0.00028
0.0003
0.00032
0.00034
0.00036
0.00037
0.0004
0.00042
0.00045
0.00047
0.0005
0.00052
0.00056
0.00058
0.00061
0.00064
0.00067
0.0007
0.00074
0.00077
0.0008
0.00083
0.00087
0.00089
0.00093
0.00096
0.00099
0.00102
0.00106
0.00109
0.00112
0.00114
0.00117
0.0012
0.00123
0.00126
0.0013
0.00132
0.00135
0.00137
0.0014
0.00142
0.00145
0.00147
0.0015
0.00152
0.00154
0.00156
0.00158
0.00159
0.00161
0.00162
0.00164
0.00164
0.00166
0.00166
0.00166
0.00166
0.00166
0.00165
0.00165
0.00163
0.00162
0.0016
0.00158
0.00156
0.00153
0.0015
0.00147
0.00143
0.0014
0.00135
0.00131
0.00127
0.00122
0.00117
0.00112
0.00107
0.00101
0.00096
0.0009
0.00085
0.00079
0.00074
0.00069
0.00063
0.00058
0.00052
0.00047
0.00042
0.00037
0.00031
0.00027
0.00022
0.00017
0.00013
8e-05
4e-05
1e-05
-3e-05
-7e-05
-0.00011
-0.00014
-0.00017
-0.0002
-0.00023
-0.00025
-0.00028
-0.0003
-0.00032
-0.00034
-0.00035
-0.00037
-0.00038
-0.00039
-0.00039
-0.00039
-0.0004
-0.00039
-0.00039
-0.00038
-0.00037
-0.00036
-0.00035
-0.00032
-0.00031
-0.00029
-0.00027
-0.00024
-0.00021
-0.00019
-0.00016
-0.00012
-0.0001
-6e-05
-3e-05
0.0
3e-05
6e-05
9e-05
0.00012
0.00015
0.00017
0.0002
0.00022
0.00025
0.00027
0.00029
0.00031
0.00032
0.00034
0.00036
0.00038
0.00039
0.0004
0.00041
0.00043
0.00044
0.00045
0.00047
0.00048
0.0005
0.00051
0.00053
0.00055
0.00057
0.0006
0.00062
0.00065
0.00068
0.00071
0.00074
0.00078
0.00082
0.00086
0.0009
0.00094
0.00098
0.00103
0.00107
0.00112
0.00116
0.00121
0.00125
0.00129
0.00133
0.00137
0.00141
0.00145
0.00148
0.00151
0.00154
0.00156
0.00159
0.00161
0.00163
0.00164
0.00165
0.00166
0.00166
0.00167
0.00167
0.00167
0.00166
0.00166
0.00165
0.00164
0.00163
0.00162
0.00162
0.00161
0.0016
0.00159
0.00158
0.00157
0.00156
0.00156
0.00155
0.00155
0.00154
0.00154
0.00154
0.00154
0.00153
0.00153
0.00153
0.00154
0.00153
0.00154
0.00153
0.00153
0.00153
0.00152
0.00151
0.00151
0.00149
0.00149
0.00147
0.00146
0.00144
0.00142
0.0014
0.00138
0.00135
0.00133
0.0013
0.00127
0.00124
0.00122
0.00118
0.00116
0.00112
0.0011
0.00107
0.00104
0.00101
0.00099
0.00097
0.00095
0.00093
0.00092
0.0009
0.00089
0.00088
0.00088
0.00087
0.00087
0.00087
0.00088
0.00089
0.0009
0.00091
0.00092
0.00094
0.00096
0.00098
0.001
0.00102
0.00105
0.00108
0.00111
0.00114
0.00118
0.00121
0.00125
0.00128
0.00132
0.00136
0.00141
0.00145
0.0015
0.00155
0.00161
0.00166
0.00172
0.00177
0.00184
0.0019
0.00196
0.00203
0.0021
0.00217
0.00224
0.00231
0.00239
0.00246
0.00255
0.00262
0.00271
0.00278
0.00286
0.00294
0.00302
0.00309
0.00317
0.00325
0.00332
0.00339
0.00346
0.00352
0.00359
0.00365
0.00371
0.00376
0.00381
0.00385
0.0039
0.00393
0.00397
0.004
0.00403
0.00404
0.00407
0.00408
0.00409
0.00409
0.00409
0.00409
0.00409
0.00408
0.00407
0.00405
0.00404
0.00401
0.00399
0.00395
0.00392
0.00388
0.00385
0.0038
0.00376
0.0037
0.00365
0.00359
0.00353
0.00346
0.00339
0.00331
0.00323
0.00315
0.00306
0.00296
0.00286
0.00275
0.00265
0.00253
0.00241
0.00228
0.00215
0.00202
0.00188
0.00174
0.00159
0.00143
0.00128
0.00112
0.00096
0.0008
0.00063
0.00046
0.0003
0.00013
-4e-05
-0.00021
-0.00038
-0.00055
-0.00072
-0.00088
-0.00104
-0.00121
-0.00136
-0.00151
-0.00166
-0.00181
-0.00195
-0.00209
-0.00221
-0.00234
-0.00246
-0.00258
-0.00269
-0.00279
-0.00288
-0.00298
-0.00306
-0.00314
-0.00321
-0.00328
-0.00334
-0.0034
-0.00345
-0.00349
-0.00353
-0.00356
-0.00359
-0.00361
-0.00363
-0.00364
-0.00365
-0.00365
-0.00365
-0.00365
-0.00364
-0.00363
-0.00361
-0.00359
-0.00356
-0.00354
-0.00351
-0.00348
-0.00345
-0.00341
-0.00337
-0.00333
-0.00328
-0.00323
-0.00318
-0.00314
-0.00308
-0.00302
-0.00296
-0.0029
-0.00284
-0.00278
-0.0027
-0.00264
-0.00257
-0.00249
-0.00242
-0.00234
-0.00226
-0.00217
-0.00209
-0.00201
-0.00192
-0.00183
-0.00174
-0.00165
-0.00156
-0.00147
-0.00137
-0.00128
-0.00119
-0.00109
-0.001
-0.00091
-0.00082
-0.00073
-0.00063
-0.00055
-0.00046
-0.00038
-0.0003
-0.00023
-0.00015
-8e-05
0.0
7e-05
0.00013
0.00019
0.00025
0.00031
0.00037
0.00042
0.00047
0.00052
0.00056
0.0006
0.00065
0.00068
0.00072
0.00075
0.00079
0.00082
0.00084
0.00087
0.00089
0.00092
0.00094
0.00096
0.00098
0.001
0.00102
0.00103
0.00105
0.00105
0.00106
0.00107
0.00108
0.00108
0.00108
0.00108
0.00108
0.00107
0.00107
0.00106
0.00105
0.00103
0.00101
0.00099
0.00097
0.00094
0.00091
0.00087
0.00084
0.0008
0.00076
0.00071
0.00066
0.00061
0.00056
0.0005
0.00044
0.00037
0.00031
0.00023
0.00016
8e-05
1e-05
-7e-05
-0.00015
-0.00024
-0.00032
-0.00041
-0.0005
-0.00059
-0.00068
-0.00077
-0.00085
-0.00095
-0.00104
-0.00113
-0.00121
-0.00131
-0.00139
-0.00148
-0.00156
-0.00164
-0.00172
-0.0018
-0.00188
-0.00195
-0.00202
-0.00209
-0.00215
-0.00222
-0.00227
-0.00233
-0.00238
-0.00243
-0.00247
-0.00252
-0.00255
-0.00259
-0.00262
-0.00266
-0.00268
-0.0027
-0.00272
-0.00274
-0.00275
-0.00277
-0.00277
-0.00278
-0.00278
-0.00278
-0.00277
-0.00277
-0.00275
-0.00274
-0.00272
-0.0027
-0.00268
-0.00266
-0.00263
-0.0026
-0.00256
-0.00253
-0.00248
-0.00244
-0.00239
-0.00234
-0.00229
-0.00224
-0.00217
-0.00212
-0.00205
-0.00199
-0.00192
-0.00185
-0.00177
-0.00169
-0.00161
-0.00154
-0.00145
-0.00137
-0.00128
-0.00119
-0.0011
-0.00101
-0.00091
-0.00082
-0.00072
-0.00063
-0.00053
-0.00043
-0.00033
-0.00023
-0.00013
-4e-05
7e-05
0.00016
0.00027
0.00036
0.00046
0.00056
0.00066
0.00075
0.00084
0.00093
0.00102
0.00111
0.0012
0.00128
0.00137
0.00144
0.00152
0.00159
0.00167
0.00173
0.0018
0.00186
0.00193
0.00198
0.00204
0.00209
0.00213
0.00218
0.00222
0.00226
0.00229
0.00232
0.00235
0.00237
0.0024
0.00241
0.00242
0.00243
0.00244
0.00244
0.00244
0.00243
0.00242
0.00241
0.0024
0.00238
0.00236
0.00233
0.0023
0.00227
0.00224
0.00219
0.00215
0.00211
0.00206
0.00201
0.00196
0.00191
0.00185
0.00179
0.00174
0.00167
0.00161
0.00154
0.00148
0.00141
0.00135
0.00128
0.00121
0.00114
0.00108
0.00101
0.00094
0.00087
0.0008
0.00073
0.00067
0.0006
0.00053
0.00046
0.0004
0.00034
0.00027
0.00021
0.00015
8e-05
2e-05
-4e-05
-0.0001
-0.00017
-0.00023
-0.00029
-0.00035
-0.00041
-0.00048
-0.00054
-0.0006
-0.00067
-0.00073
-0.0008
-0.00087
-0.00094
-0.001
-0.00107
-0.00114
-0.00121
-0.00128
-0.00135
-0.00142
-0.00149
-0.00155
-0.00162
-0.00169
-0.00175
-0.00181
-0.00188
-0.00194
-0.002
-0.00204
-0.0021
-0.00215
-0.00219
-0.00224
-0.00227
-0.00231
-0.00233
-0.00236
-0.00239
-0.0024
-0.00241
-0.00242
-0.00243
-0.00243
-0.00243
-0.00242
-0.00241
-0.0024
-0.00238
-0.00236
-0.00233
-0.0023
-0.00227
-0.00224
-0.00221
-0.00216
-0.00212
-0.00208
-0.00203
-0.00198
-0.00194
-0.00188
-0.00182
-0.00177
-0.00171
-0.00165
-0.00159
-0.00152
-0.00146
-0.00139
-0.00132
-0.00125
-0.00118
-0.0011
-0.00103
-0.00095
-0.00088
-0.00079
-0.00072
-0.00063
-0.00056
-0.00048
-0.00039
-0.00031
-0.00023
-0.00014
-6e-05
2e-05
0.0001
0.00019
0.00026
0.00034
0.00042
0.0005
0.00057
0.00065
0.00072
0.00079
0.00086
0.00093
0.001
0.00106
0.00112
0.00119
0.00124
0.00131
0.00136
0.00142
0.00146
0.00152
0.00157
0.00161
0.00165
0.00169
0.00173
0.00177
0.00181
0.00184
0.00187
0.0019
0.00192
0.00194
0.00196
0.00197
0.00198
0.002
0.002
0.002
0.002
0.002
0.00199
0.00198
0.00197
0.00195
0.00193
0.00191
0.00188
0.00186
0.00182
0.0018
0.00175
0.00172
0.00168
0.00164
0.00159
0.00155
0.0015
0.00145
0.0014
0.00135
0.0013
0.00125
0.00119
0.00114
0.00108
0.00102
0.00096
0.00091
0.00085
0.00079
0.00073
0.00066
0.00061
0.00055
0.00049
0.00043
0.00037
0.00032
0.00026
0.00021
0.00015
0.0001
5e-05
1e-05
-4e-05
-8e-05
-0.00012
-0.00016
-0.00019
-0.00022
-0.00025
-0.00027
-0.00029
-0.00031
-0.00032
-0.00033
-0.00034
-0.00034
-0.00034
-0.00033
-0.00033
-0.00032
-0.00031
-0.0003
-0.00029
-0.00027
-0.00026
-0.00024
-0.00023
-0.00021
-0.0002
-0.00018
-0.00017
-0.00016
-0.00016
-0.00015
-0.00015
-0.00014
-0.00015
-0.00015
-0.00016
-0.00016
-0.00017
-0.00018
-0.0002
-0.00022
-0.00024
-0.00025
-0.00028
-0.0003
-0.00032
-0.00034
-0.00037
-0.00038
-0.00041
-0.00043
-0.00044
-0.00046
-0.00047
-0.00048
-0.0005
-0.0005
-0.00051
-0.0005
-0.00051
-0.0005
-0.0005
-0.00049
-0.00049
-0.00048
-0.00047
-0.00046
-0.00045
-0.00043
-0.00042
-0.0004
-0.00039
-0.00037
-0.00036
-0.00034
-0.00033
-0.00032
-0.00031
-0.00029
-0.00029
-0.00028
-0.00027
-0.00027
-0.00026
-0.00025
-0.00024
-0.00024
-0.00024
-0.00023
-0.00023
-0.00022
-0.00022
-0.00022
-0.00022
-0.00021
-0.00021
-0.00021
-0.00021
-0.00021
-0.0002
-0.0002
-0.0002
-0.00019
-0.0002
-0.00019
-0.0002
-0.0002
-0.0002
-0.0002
-0.00021
-0.00022
-0.00023
-0.00024
-0.00025
-0.00026
-0.00028
-0.00029
-0.0003
-0.00032
-0.00034
-0.00035
-0.00037
-0.00039
-0.00041
-0.00043
-0.00045
-0.00046
-0.00048
-0.0005
-0.00051
-0.00053
-0.00054
-0.00054
-0.00055
-0.00056
-0.00057
-0.00057
-0.00058
-0.00058
-0.00058
-0.00058
-0.00059
-0.00058
-0.00059
-0.00059
-0.00059
-0.0006
-0.0006
-0.00061
-0.00061
-0.00062
-0.00064
-0.00066
-0.00068
-0.0007
-0.00072
-0.00075
-0.00079
-0.00082
-0.00086
-0.0009
-0.00094
-0.00099
-0.00104
-0.00109
-0.00114
-0.00119
-0.00126
-0.00131
-0.00137
-0.00143
-0.00149
-0.00155
-0.00161
-0.00167
-0.00173
-0.00178
-0.00184
-0.0019
-0.00195
-0.002
-0.00205
-0.0021
-0.00215
-0.00219
-0.00224
-0.00227
-0.00231
-0.00235
-0.00238
-0.0024
-0.00243
-0.00246
-0.00248
-0.0025
-0.00251
-0.00252
-0.00253
-0.00253
-0.00253
-0.00253
-0.00253
-0.00251
-0.0025
-0.00248
-0.00247
-0.00244
-0.00241
-0.00239
-0.00235
-0.00232
-0.00228
-0.00223
-0.00219
-0.00214
-0.0021
-0.00204
-0.00199
-0.00193
-0.00188
-0.00182
-0.00177
-0.0017
-0.00165
-0.00159
-0.00153
-0.00147
-0.00141
-0.00135
-0.00129
-0.00124
-0.00119
-0.00113
-0.00108
-0.00102
-0.00097
-0.00092
-0.00088
-0.00083
-0.00078
-0.00074
-0.0007
-0.00066
-0.00062
-0.00059
-0.00055
-0.00052
-0.00049
-0.00046
-0.00044
-0.00041
-0.0004
-0.00038
-0.00037
-0.00036
-0.00035
-0.00035
-0.00035
-0.00036
-0.00036
-0.00037
-0.00039
-0.0004
-0.00043
-0.00045
-0.00048
-0.00051
-0.00055
-0.00059
-0.00063
-0.00067
-0.00072
-0.00076
-0.00081
-0.00086
-0.00091
-0.00095
-0.001
-0.00105
-0.0011
-0.00114
-0.00118
-0.00122
-0.00126
-0.00129
-0.00133
-0.00135
-0.00138
-0.0014
-0.00142
-0.00143
-0.00144
-0.00145
-0.00145
-0.00145
-0.00145
-0.00143
-0.00142
-0.0014
-0.00139
-0.00136
-0.00134
-0.00131
-0.00129
-0.00125
-0.00122
-0.00119
-0.00116
-0.00112
-0.00108
-0.00104
-0.00101
-0.00096
-0.00093
-0.00088
-0.00085
-0.0008
-0.00077
-0.00072
-0.00068
-0.00064
-0.0006
-0.00056
-0.00051
-0.00047
-0.00042
-0.00038
-0.00034
-0.00029
-0.00024
-0.00019
