1.94322317590151E+03

-0.00227
-0.0022
-0.00212
-0.00204
-0.00196
-0.00188
-0.0018
-0.00172
-0.00164
-0.00156
-0.00147
-0.00138
-0.0013
-0.00122
-0.00113
-0.00104
-0.00095
-0.00087
-0.00078
-0.0007
-0.00061
-0.00053
-0.00044
-0.00036
-0.00028
-0.00019
-0.0001
-2e-05
6e-05
0.00013
0.00021
0.00029
0.00037
0.00044
0.00051
0.00057
0.00065
0.00071
0.00077
0.00083
0.00089
0.00095
0.001
0.00105
0.0011
0.00114
0.00119
0.00123
0.00128
0.00131
0.00135
0.00138
0.00142
0.00145
0.00148
0.00151
0.00153
0.00156
0.00159
0.00161
0.00164
0.00166
0.00168
0.0017
0.00173
0.00174
0.00176
0.00177
0.00179
0.0018
0.00181
0.00182
0.00183
0.00184
0.00184
0.00184
0.00184
0.00183
0.00183
0.00182
0.00181
0.00179
0.00177
0.00175
0.00173
0.0017
0.00167
0.00164
0.00161
0.00158
0.00154
0.0015
0.00147
0.00143
0.00139
0.00135
0.00132
0.00128
0.00124
0.0012
0.00118
0.00114
0.00111
0.00109
0.00106
0.00104
0.00102
0.001
0.00099
0.00097
0.00097
0.00096
0.00096
0.00096
0.00096
0.00097
0.00098
0.00099
0.001
0.00101
0.00102
0.00104
0.00106
0.00108
0.0011
0.00112
0.00114
0.00116
0.00119
0.00121
0.00123
0.00125
0.00128
0.0013
0.00133
0.00135
0.00137
0.00139
0.00141
0.00143
0.00146
0.00147
0.00149
0.00151
0.00153
0.00154
0.00156
0.00157
0.00159
0.0016
0.00161
0.00162
0.00163
0.00164
0.00165
0.00165
0.00166
0.00166
0.00167
0.00166
0.00167
0.00166
0.00166
0.00166
0.00166
0.00165
0.00164
0.00163
0.00162
0.00161
0.0016
0.00159
0.00158
0.00157
0.00156
0.00154
0.00153
0.00151
0.0015
0.00148
0.00147
0.00145
0.00143
0.00141
0.0014
0.00138
0.00136
0.00134
0.00132
0.00129
0.00128
0.00125
0.00123
0.0012
0.00117
0.00114
0.00111
0.00108
0.00104
0.00101
0.00097
0.00093
0.00089
0.00084
0.0008
0.00074
0.0007
0.00064
0.0006
0.00054
0.00048
0.00042
0.00037
0.0003
0.00025
0.00018
0.00012
6e-05
0.0
-6e-05
-0.00011
-0.00018
-0.00023
-0.00029
-0.00034
-0.00039
-0.00044
-0.00049
-0.00053
-0.00058
-0.00062
-0.00065
-0.00069
-0.00072
-0.00075
-0.00078
-0.0008
-0.00082
-0.00084
-0.00086
-0.00087
-0.00088
-0.00089
-0.0009
-0.0009
-0.00091
-0.00091
-0.00091
-0.00091
-0.0009
-0.0009
-0.0009
-0.00089
-0.00089
-0.00088
-0.00087
-0.00086
-0.00086
-0.00085
-0.00085
-0.00084
-0.00083
-0.00082
-0.00082
-0.00082
-0.00081
-0.00081
-0.0008
-0.0008
-0.0008
-0.0008
-0.0008
-0.0008
-0.00081
-0.00081
-0.00082
-0.00082
-0.00083
-0.00084
-0.00086
-0.00087
-0.00089
-0.00091
-0.00093
-0.00095
-0.00098
-0.001
-0.00104
-0.00107
-0.00111
-0.00115
-0.00119
-0.00123
-0.00128
-0.00133
-0.00138
-0.00144
-0.00149
-0.00155
-0.00161
-0.00167
-0.00174
-0.00181
-0.00188
-0.00194
-0.00202
-0.00209
-0.00216
-0.00223
-0.00231
-0.00238
-0.00245
-0.00252
-0.00259
-0.00266
-0.00273
-0.00279
-0.00286
-0.00292
-0.00298
-0.00303
-0.00309
-0.00314
-0.00319
-0.00323
-0.00328
-0.00331
-0.00335
-0.00338
-0.00341
-0.00343
-0.00345
-0.00346
-0.00347
-0.00348
-0.00348
-0.00348
-0.00348
-0.00346
-0.00345
-0.00343
-0.00341
-0.00339
-0.00336
-0.00332
-0.00328
-0.00324
-0.0032
-0.00315
-0.0031
-0.00304
-0.00298
-0.00291
-0.00285
-0.00277
-0.0027
-0.00262
-0.00254
-0.00246
-0.00238
-0.00229
-0.0022
-0.0021
-0.002
-0.0019
-0.00181
-0.0017
-0.0016
-0.00148
-0.00138
-0.00127
-0.00116
-0.00104
-0.00093
-0.00082
-0.0007
-0.00059
-0.00047
-0.00035
-0.00024
-0.00012
-1e-05
0.00011
0.00022
0.00034
0.00045
0.00056
0.00066
0.00078
0.00088
0.00098
0.00108
0.00118
0.00127
0.00137
0.00146
0.00155
0.00163
0.00171
0.00179
0.00187
0.00194
0.00201
0.00207
0.00214
0.0022
0.00226
0.00231
0.00236
0.00241
0.00246
0.0025
0.00254
0.00257
0.00261
0.00264
0.00268
0.0027
0.00273
0.00275
0.00277
0.00279
0.00281
0.00283
0.00284
0.00285
0.00287
0.00287
0.00289
0.00289
0.0029
0.0029
0.0029
0.0029
0.0029
0.00289
0.00289
0.00288
0.00287
0.00286
0.00285
0.00284
0.00283
0.00282
0.00281
0.00279
0.00278
0.00276
0.00274
0.00272
0.00271
0.00269
0.00268
0.00266
0.00264
0.00262
0.0026
0.00259
0.00257
0.00256
0.00255
0.00252
0.00251
0.0025
0.00249
0.00247
0.00246
0.00244
0.00243
0.00241
0.0024
0.00238
0.00236
0.00235
0.00234
0.00232
0.00231
0.00228
0.00227
0.00225
0.00224
0.00222
0.00221
0.00219
0.00218
0.00216
0.00215
0.00213
0.00211
0.0021
0.0021
0.00209
0.00208
0.00207
0.00206
0.00206
0.00206
0.00206
0.00206
0.00206
0.00206
0.00206
0.00207
0.00207
0.00208
0.00209
0.0021
0.00211
0.00212
0.00212
0.00213
0.00214
0.00215
0.00215
0.00215
0.00215
0.00216
0.00216
0.00215
0.00215
0.00214
0.00214
0.00213
0.00211
0.0021
0.00208
0.00206
0.00204
0.00202
0.00198
0.00196
0.00192
0.00189
0.00185
0.00181
0.00176
0.00171
0.00166
0.00162
0.00156
0.00151
0.00144
0.00138
0.00131
0.00125
0.00117
0.0011
0.00102
0.00095
0.00087
0.00078
0.00069
0.0006
0.00052
0.00043
0.00034
0.00024
0.00014
5e-05
-5e-05
-0.00014
-0.00024
-0.00034
-0.00044
-0.00053
-0.00063
-0.00073
-0.00082
-0.00092
-0.00101
-0.0011
-0.00119
-0.00128
-0.00137
-0.00145
-0.00153
-0.00161
-0.00169
-0.00177
-0.00185
-0.00192
-0.00199
-0.00206
-0.00213
-0.0022
-0.00226
-0.00232
-0.00239
-0.00244
-0.0025
-0.00256
-0.00261
-0.00266
-0.00271
-0.00276
-0.0028
-0.00284
-0.00288
-0.00292
-0.00295
-0.00298
-0.00301
-0.00303
-0.00305
-0.00306
-0.00308
-0.00308
-0.00309
-0.00309
-0.00309
-0.00308
-0.00307
-0.00305
-0.00303
-0.00301
-0.00298
-0.00295
-0.00292
-0.00288
-0.00284
-0.00279
-0.00275
-0.0027
-0.00265
-0.00259
-0.00254
-0.00248
-0.00243
-0.00237
-0.00231
-0.00225
-0.00219
-0.00213
-0.00207
-0.00201
-0.00195
-0.00188
-0.00182
-0.00175
-0.00169
-0.00162
-0.00156
-0.00149
-0.00143
-0.00136
-0.00129
-0.00123
-0.00116
-0.00109
-0.00102
-0.00094
-0.00087
-0.0008
-0.00073
-0.00065
-0.00057
-0.00049
-0.00042
-0.00034
-0.00026
-0.00018
-0.0001
-2e-05
6e-05
0.00013
0.00021
0.0003
0.00038
0.00046
0.00053
0.00062
0.00069
0.00078
0.00085
0.00093
0.001
0.00109
0.00116
0.00124
0.00131
0.00139
0.00147
0.00155
0.00162
0.0017
0.00178
0.00186
0.00193
0.00202
0.00209
0.00217
0.00224
0.00232
0.00239
0.00247
0.00254
0.00261
0.00268
0.00275
0.00282
0.00289
0.00294
0.00301
0.00306
0.00312
0.00317
0.00322
0.00325
0.0033
0.00333
0.00336
0.00338
0.0034
0.00342
0.00343
0.00343
0.00344
0.00343
0.00343
0.00341
0.00339
0.00337
0.00334
0.0033
0.00327
0.00322
0.00317
0.00312
0.00306
0.003
0.00294
0.00287
0.00279
0.00271
0.00263
0.00255
0.00246
0.00236
0.00227
0.00216
0.00206
0.00195
0.00183
0.00172
0.0016
0.00148
0.00136
0.00124
0.00111
0.00098
0.00086
0.00073
0.0006
0.00047
0.00034
0.00021
8e-05
-5e-05
-0.00018
-0.0003
-0.00043
-0.00055
-0.00067
-0.00078
-0.0009
-0.00101
-0.00111
-0.00122
-0.00132
-0.00142
-0.00151
-0.0016
-0.00169
-0.00177
-0.00185
-0.00193
-0.002
-0.00207
-0.00213
-0.0022
-0.00225
-0.00231
-0.00236
-0.00241
-0.00245
-0.00249
-0.00253
-0.00257
-0.00259
-0.00262
-0.00265
-0.00266
-0.00268
-0.00269
-0.00269
-0.0027
-0.00269
-0.00268
-0.00266
-0.00265
-0.00262
-0.00258
-0.00255
-0.0025
-0.00244
-0.00238
-0.00231
-0.00222
-0.00213
-0.00203
-0.00191
-0.00179
-0.00165
-0.00151
-0.00134
-0.00117
-0.00098
-0.00078
-0.00056
-0.00033
-8e-05
0.00019
0.00047
0.00077
0.00109
0.00142
0.00178
0.00215
0.00254
0.00295
0.00338
0.00383
0.0043
0.0048
0.0053
0.00583
0.00639
0.00696
0.00755
0.00816
0.0088
0.00945
0.01013
0.01083
0.01155
0.01229
0.01305
0.01382
0.01463
0.01545
0.01629
0.01715
0.01803
0.01893
0.01985
0.02079
0.02174
0.02272
0.02371
0.02471
0.02574
0.02678
0.02783
0.02889
0.02998
0.03107
0.03217
0.03329
0.03442
0.03555
0.03669
0.03784
0.03899
0.04016
0.04132
0.04249
0.04366
0.04484
0.04602
0.04719
0.04837
0.04955
0.05072
0.0519
0.05308
0.05425
0.05542
0.05658
0.05774
0.0589
0.06005
0.0612
0.06234
0.06348
0.06461
0.06573
0.06685
0.06797
0.06906
0.07016
0.07124
0.07232
0.07339
0.07444
0.07549
0.07652
0.07754
0.07854
0.07953
0.08051
0.08147
0.08241
0.08333
0.08425
0.08513
0.08601
0.08686
0.08769
0.08851
0.0893
0.09008
0.09083
0.09156
0.09227
0.09296
0.09363
0.09428
0.0949
0.09551
0.0961
0.09667
0.09722
0.09775
0.09826
0.09875
0.09922
0.09968
0.10011
0.10053
0.10093
0.10131
0.10168
0.10202
0.10234
0.10265
0.10294
0.10321
0.10347
0.1037
0.10391
0.10411
0.10428
0.10444
0.10457
0.10469
0.10478
0.10486
0.10492
0.10495
0.10496
0.10496
0.10494
0.10489
0.10483
0.10475
0.10465
0.10454
0.1044
0.10425
0.10408
0.10389
0.10369
0.10347
0.10324
0.103
0.10274
0.10246
0.10218
0.10187
0.10157
0.10124
0.10091
0.10056
0.1002
0.09984
0.09946
0.09907
0.09867
0.09826
0.09784
0.09741
0.09698
0.09653
0.09608
0.09562
0.09516
0.09468
0.0942
0.09371
0.09322
0.09272
0.09221
0.0917
0.09118
0.09066
0.09014
0.08961
0.08908
0.08855
0.08801
0.08748
0.08694
0.0864
0.08586
0.08532
0.08477
0.08423
0.08369
0.08315
0.0826
0.08206
0.08152
0.08098
0.08045
0.07991
0.07938
0.07884
0.07832
0.07779
0.07726
0.07674
0.07622
0.07571
0.07519
0.07468
0.07417
0.07366
0.07316
0.07266
0.07216
0.07167
0.07118
0.07069
0.07021
0.06972
0.06924
0.06877
0.06829
0.06782
0.06735
0.06688
0.06641
0.06595
0.06548
0.06502
0.06456
0.0641
0.06364
0.06319
0.06273
0.06228
0.06183
0.06138
0.06093
0.06048
0.06004
0.05959
0.05915
0.05871
0.05828
0.05784
0.05742
0.05698
0.05656
0.05614
0.05572
0.05531
0.05489
0.05449
0.05408
0.05368
0.05328
0.05289
0.0525
0.05211
0.05172
0.05134
0.05097
0.05059
0.05022
0.04985
0.04949
0.04913
0.04877
0.04841
0.04806
0.04771
0.04736
0.04702
0.04668
0.04634
0.046
0.04567
0.04534
0.04502
0.0447
0.04439
0.04408
0.04377
0.04347
0.04318
0.04289
0.0426
0.04232
0.04205
0.04178
0.04152
0.04126
0.04101
0.04077
0.04053
0.0403
0.04007
0.03985
0.03963
0.03942
0.03921
0.039
0.0388
0.03861
0.03841
0.03823
0.03804
0.03786
0.03767
0.0375
0.03732
0.03714
0.03697
0.0368
0.03663
0.03646
0.0363
0.03613
0.03596
0.03579
0.03563
0.03546
0.0353
0.03513
0.03497
0.03481
0.03464
0.03448
0.03432
0.03415
0.03399
0.03383
0.03366
0.0335
0.03334
0.03317
0.03301
0.03284
0.03268
0.03251
0.03235
0.03219
0.03202
0.03185
0.03169
0.03152
0.03136
0.03119
0.03103
0.03086
0.0307
0.03054
0.03037
0.03021
0.03005
0.02989
0.02974
0.02958
0.02943
0.02927
0.02912
0.02897
0.02882
0.02867
0.02853
0.02838
0.02824
0.0281
0.02796
0.02782
0.02769
0.02755
0.02741
0.02728
0.02715
0.02701
0.02688
0.02674
0.02661
0.02647
0.02634
0.0262
0.02606
0.02593
0.02579
0.02564
0.0255
0.02535
0.02521
0.02506
0.02491
0.02475
0.02459
0.02443
0.02427
0.0241
0.02394
0.02376
0.02359
0.02341
0.02324
0.02306
0.02287
0.02269
0.0225
0.02231
0.02212
0.02192
0.02173
0.02153
0.02134
0.02114
0.02094
0.02074
0.02054
0.02034
0.02014
0.01993
0.01973
0.01953
0.01933
0.01913
0.01893
0.01872
0.01852
0.01832
0.01812
0.01792
0.01772
0.01752
0.01733
0.01713
0.01693
0.01674
0.01654
0.01635
0.01615
0.01596
0.01576
0.01557
0.01538
0.01518
0.01499
0.01479
0.0146
0.01441
0.01421
0.01402
0.01383
0.01364
0.01345
0.01326
0.01307
0.01288
0.01269
0.0125
0.01232
0.01213
0.01195
0.01177
0.01158
0.0114
0.01123
0.01105
0.01088
0.01071
0.01054
0.01037
0.01021
0.01005
0.00989
0.00973
0.00958
0.00943
0.00929
0.00914
0.009
0.00886
0.00872
0.00859
0.00846
0.00833
0.00821
0.00808
0.00797
0.00785
0.00774
0.00763
0.00752
0.00742
0.00732
0.00722
0.00713
0.00703
0.00694
0.00686
0.00678
0.0067
0.00663
0.00656
0.0065
0.00643
0.00638
0.00632
0.00628
0.00623
0.00619
0.00615
0.00612
0.00609
0.00607
0.00605
0.00603
0.00602
0.00602
0.00601
0.00601
0.00601
0.00602
0.00603
0.00605
0.00606
0.00608
0.0061
0.00613
0.00615
0.00618
0.00621
0.00625
0.00628
0.00632
0.00635
0.00639
0.00642
0.00646
0.0065
0.00654
0.00657
0.00662
0.00665
0.00669
0.00673
0.00676
0.0068
0.00683
0.00687
0.0069
0.00693
0.00696
0.00699
0.00702
0.00704
0.00706
0.00708
0.0071
0.00711
0.00712
0.00713
0.00713
0.00713
0.00713
0.00712
0.0071
0.00708
0.00706
0.00703
0.007
0.00696
0.00692
0.00687
0.00681
0.00675
0.00669
0.00661
0.00654
0.00646
0.00637
0.00628
0.00619
0.00609
0.00599
0.00588
0.00577
0.00566
0.00555
0.00543
0.00531
0.00519
0.00507
0.00494
0.00482
0.0047
0.00457
0.00445
0.00433
0.0042
0.00408
0.00396
0.00384
0.00371
0.00359
0.00347
0.00335
0.00323
0.00312
0.003
0.00288
0.00277
0.00265
0.00254
0.00242
0.00231
0.0022
0.00208
0.00198
0.00186
0.00176
0.00165
0.00155
0.00144
0.00135
0.00125
0.00115
0.00106
0.00098
0.00089
0.00082
0.00074
0.00067
0.0006
0.00055
0.00049
0.00045
0.00041
0.00038
0.00035
0.00033
0.00032
0.00031
0.00031
0.00033
0.00034
0.00037
0.0004
0.00044
0.00048
0.00054
0.00059
0.00065
0.00072
0.0008
0.00087
0.00096
0.00105
0.00113
0.00123
0.00133
0.00143
0.00153
0.00162
0.00173
0.00183
0.00194
0.00204
0.00214
0.00224
0.00234
0.00244
0.00253
0.00263
0.00271
0.0028
0.00289
0.00297
0.00305
0.00311
0.00318
0.00325
0.00331
0.00336
0.00341
0.00345
0.0035
0.00353
0.00356
0.00358
0.0036
0.00362
0.00363
0.00363
0.00363
0.00362
0.00361
0.00359
0.00356
0.00353
0.0035
0.00345
0.00341
0.00336
0.0033
0.00324
0.00317
0.00311
0.00303
0.00295
0.00288
0.00279
0.0027
0.00261
0.00252
0.00242
0.00233
0.00223
0.00214
0.00204
0.00195
0.00185
0.00176
0.00167
0.00158
0.0015
0.00142
0.00134
0.00127
0.00119
0.00113
0.00107
0.00101
0.00096
0.00091
0.00087
0.00083
0.00079
0.00076
0.00073
0.00071
0.00069
0.00068
0.00066
0.00065
0.00064
0.00064
0.00063
0.00063
0.00063
0.00063
0.00063
0.00063
0.00063
0.00063
0.00063
0.00064
0.00064
0.00064
0.00064
0.00065
0.00065
0.00066
0.00066
0.00067
0.00068
0.00069
0.0007
0.00071
0.00072
0.00073
0.00075
0.00076
0.00078
0.0008
0.00082
0.00084
0.00086
0.00088
0.0009
0.00092
0.00094
0.00097
0.00099
0.001
0.00102
0.00104
0.00106
0.00107
0.00109
0.0011
0.00111
0.00112
0.00112
0.00113
0.00113
0.00113
0.00113
0.00113
0.00112
0.00111
0.0011
0.00109
0.00108
0.00107
0.00105
0.00104
0.00102
0.00101
0.00099
0.00097
0.00095
0.00093
0.00091
0.00089
0.00087
0.00084
0.00082
0.00079
0.00076
0.00074
0.00071
0.00068
0.00064
0.00061
0.00057
0.00054
0.00049
0.00046
0.00041
0.00037
0.00032
0.00027
0.00021
0.00016
0.00011
5e-05
-1e-05
-6e-05
-0.00013
-0.00019
-0.00025
-0.00031
-0.00038
-0.00044
-0.0005
-0.00056
-0.00063
-0.00069
-0.00075
-0.00081
-0.00087
-0.00092
-0.00098
-0.00103
-0.00108
-0.00113
-0.00118
-0.00122
-0.00127
-0.00131
-0.00136
-0.00139
-0.00143
-0.00146
-0.0015
-0.00153
-0.00156
-0.00159
-0.00161
-0.00164
-0.00167
-0.00169
-0.00171
-0.00173
-0.00175
-0.00177
-0.00179
-0.00181
-0.00183
-0.00184
-0.00186
-0.00188
-0.00189
-0.00191
-0.00192
-0.00193
-0.00194
-0.00195
-0.00196
-0.00196
-0.00197
-0.00198
-0.00198
-0.00198
-0.00198
-0.00198
-0.00197
-0.00197
-0.00195
-0.00194
-0.00193
-0.00191
-0.0019
-0.00187
-0.00185
-0.00182
-0.0018
-0.00177
-0.00175
-0.00171
-0.00168
-0.00165
-0.00161
-0.00158
-0.00154
-0.0015
-0.00146
-0.00142
-0.00139
-0.00135
-0.00131
-0.00127
-0.00123
-0.00119
-0.00116
-0.00111
-0.00108
-0.00104
-0.00101
-0.00097
-0.00093
-0.00089
-0.00086
-0.00082
-0.00079
-0.00075
-0.00071
-0.00067
-0.00064
-0.0006
-0.00057
-0.00052
-0.00049
-0.00045
-0.00041
-0.00038
-0.00034
-0.0003
-0.00026
-0.00022
-0.00019
-0.00015
-0.00011
-7e-05
-3e-05
1e-05
4e-05
9e-05
0.00012
0.00016
0.0002
0.00024
0.00028
0.00033
0.00037
0.00041
0.00045
0.0005
0.00054
0.0006
0.00064
0.00069
0.00074
0.0008
0.00085
0.00091
0.00096
0.00102
0.00108
0.00114
0.00121
0.00127
0.00133
0.0014
0.00147
0.00154
0.0016
0.00167
0.00174
0.00181
0.00188
0.00195
0.00202
0.00209
0.00215
0.00223
0.00229
0.00236
0.00242
0.0025
0.00256
0.00263
0.00269
0.00275
0.00281
0.00288
0.00294
0.003
0.00306
0.00312
0.00318
0.00324
0.0033
0.00336
0.00342
0.00348
0.00353
0.0036
0.00365
0.0037
0.00376
0.00382
0.00387
0.00392
0.00397
0.00402
0.00407
0.00412
0.00416
0.00421
0.00424
0.00428
0.00432
0.00435
0.00438
0.00441
0.00443
0.00446
0.00447
0.00449
0.0045
0.0045
0.00451
0.00451
0.00451
0.0045
0.00449
0.00448
0.00446
0.00445
0.00442
0.0044
0.00437
0.00435
0.00432
0.00429
0.00426
0.00422
0.00419
0.00416
0.00413
0.0041
0.00406
0.00403
0.00399
0.00396
0.00392
0.00389
0.00385
0.00382
0.00379
0.00375
0.00371
0.00368
0.00364
0.0036
0.00356
0.00352
0.00346
0.00342
0.00336
0.00331
0.00324
0.00318
0.00311
0.00305
0.00297
0.00289
0.00281
0.00272
0.00263
0.00253
0.00243
0.00233
0.00222
0.00211
0.00199
0.00188
0.00176
0.00164
0.00151
0.00139
0.00126
0.00113
0.001
0.00087
0.00074
0.00061
0.00048
0.00035
0.00021
8e-05
-6e-05
-0.00019
-0.00032
-0.00045
-0.00059
-0.00072
-0.00085
-0.00098
-0.00112
-0.00125
-0.00138
-0.00151
-0.00164
-0.00176
-0.0019
-0.00202
-0.00215
-0.00227
-0.0024
-0.00252
-0.00264
-0.00275
-0.00287
-0.00298
-0.0031
-0.00321
-0.00331
-0.00341
-0.00351
-0.00361
-0.00371
-0.00379
-0.00388
-0.00396
-0.00404
-0.00412
-0.00419
-0.00426
-0.00433
-0.00439
-0.00445
-0.0045
-0.00455
-0.0046
-0.00464
-0.00468
-0.00472
-0.00475
-0.00479
-0.00481
-0.00484
-0.00486
-0.00488
-0.00489
-0.0049
-0.00491
-0.00491
-0.00491
-0.00491
-0.0049
-0.00489
-0.00487
-0.00486
-0.00483
-0.00481
-0.00477
-0.00474
-0.0047
-0.00466
-0.00461
-0.00457
-0.00451
-0.00446
-0.0044
-0.00434
-0.00428
-0.00421
-0.00413
-0.00407
-0.00399
-0.00391
-0.00383
-0.00375
-0.00367
-0.00359
-0.00349
-0.00341
-0.00331
-0.00322
-0.00313
-0.00303
-0.00293
-0.00283
-0.00273
-0.00263
-0.00253
-0.00242
-0.00231
-0.00221
-0.0021
-0.00199
-0.00187
-0.00176
-0.00165
-0.00153
-0.00142
-0.0013
-0.00118
-0.00107
-0.00095
-0.00084
-0.00072
-0.00061
-0.00049
-0.00038
-0.00027
-0.00017
-6e-05
4e-05
0.00014
0.00024
0.00033
0.00042
0.00051
0.00059
0.00067
0.00074
0.00082
0.00088
0.00095
0.001
0.00106
0.00111
0.00116
0.0012
0.00124
0.00127
0.00131
0.00134
0.00137
0.0014
0.00142
0.00144
0.00146
0.00148
0.0015
0.00152
0.00153
0.00154
0.00157
0.00158
0.00159
0.0016
0.00162
0.00163
0.00165
0.00166
0.00168
0.00169
0.00171
0.00172
0.00174
0.00175
0.00177
0.00178
0.0018
0.00181
0.00182
0.00184
0.00185
0.00186
0.00188
0.00189
0.0019
0.00191
0.00192
0.00193
0.00194
0.00195
0.00196
0.00196
0.00197
0.00198
0.00198
0.00199
0.00199
0.002
0.00201
0.00201
0.00202
0.00202
0.00203
0.00203
0.00204
0.00204
0.00205
0.00206
0.00207
0.00208
0.00209
0.00209
0.0021
0.00212
0.00213
0.00214
0.00216
0.00217
0.00218
0.00219
0.00221
0.00222
0.00224
0.00225
0.00227
0.00228
0.00229
0.0023
0.0023
0.00231
0.00232
0.00232
0.00232
0.00232
0.00231
0.0023
0.0023
0.00228
0.00226
0.00223
0.00221
0.00218
0.00214
0.0021
0.00206
0.00202
0.00197
0.00191
0.00185
0.00179
0.00173
0.00165
0.00158
0.00151
0.00143
0.00135
0.00127
0.00118
0.0011
0.00101
0.00092
0.00083
0.00074
0.00065
0.00057
0.00047
0.00038
0.00029
0.0002
0.00011
2e-05
-8e-05
-0.00016
-0.00026
-0.00035
-0.00044
-0.00053
-0.00062
-0.00072
-0.00081
-0.0009
-0.001
-0.00109
-0.00119
-0.00129
-0.00139
-0.00148
-0.00159
-0.00168
-0.00179
-0.00189
-0.00199
-0.00209
-0.0022
-0.0023
-0.0024
-0.00249
-0.0026
-0.00269
-0.00279
-0.00288
-0.00297
-0.00306
-0.00315
-0.00322
-0.0033
-0.00337
-0.00345
-0.00351
-0.00357
-0.00362
-0.00367
-0.00371
-0.00376
-0.00378
-0.00381
-0.00383
-0.00385
-0.00386
-0.00387
-0.00386
-0.00386
-0.00385
-0.00383
-0.00381
-0.00377
-0.00374
-0.0037
-0.00365
-0.00361
-0.00355
-0.00349
-0.00342
-0.00336
-0.00328
-0.00321
-0.00312
-0.00304
-0.00295
-0.00285
-0.00276
-0.00265
-0.00255
-0.00244
-0.00232
-0.00221
-0.00209
-0.00197
-0.00184
-0.00172
-0.00158
-0.00146
-0.00131
-0.00118
-0.00104
-0.0009
-0.00075
-0.0006
-0.00045
-0.0003
-0.00014
1e-05
0.00017
0.00033
0.00049
0.00065
0.00082
0.00098
0.00115
0.00132
0.00148
0.00165
0.00182
0.00199
0.00216
0.00232
0.00249
0.00265
0.00282
0.00298
0.00314
0.00329
0.00344
0.00358
0.00373
0.00387
0.004
0.00413
0.00425
0.00436
0.00447
0.00458
0.00467
0.00475
0.00484
0.00491
0.00498
0.00504
0.00509
0.00513
0.00517
0.0052
0.00522
0.00524
0.00524
0.00525
0.00524
0.00524
0.00522
0.0052
0.00518
0.00514
0.00511
0.00507
0.00503
0.00498
0.00493
0.00488
0.00482
0.00476
0.00469
0.00463
0.00456
0.00449
0.00441
0.00433
0.00425
0.00416
0.00408
0.00398
0.00389
0.00379
0.0037
0.0036
0.0035
0.00339
0.00328
0.00318
0.00307
0.00296
0.00285
0.00273
0.00263
0.00251
0.0024
0.00229
0.00218
0.00207
0.00197
0.00186
0.00176
0.00166
0.00156
0.00146
0.00138
0.00129
0.00121
0.00112
0.00105
0.00097
0.00091
0.00084
0.00078
0.00072
0.00067
0.00062
0.00057
0.00053
0.00049
0.00045
0.00042
0.00039
0.00037
0.00034
0.00032
0.0003
0.00029
0.00027
0.00026
0.00025
0.00026
0.00025
0.00025
0.00026
0.00026
0.00028
0.00029
0.00031
0.00033
0.00034
0.00037
0.0004
0.00043
0.00046
0.0005
0.00053
0.00058
0.00062
0.00066
0.0007
0.00075
0.0008
0.00085
0.0009
0.00095
0.00099
0.00104
0.00109
0.00114
0.00118
0.00123
0.00127
0.00132
0.00136
0.0014
0.00144
0.00148
0.00151
0.00155
0.00158
0.00161
0.00164
0.00167
0.00169
0.00172
0.00174
0.00177
0.00179
0.00181
0.00184
0.00186
0.00188
0.0019
0.00192
0.00195
0.00197
0.002
0.00202
0.00205
0.00208
0.00211
0.00213
0.00217
0.00219
0.00223
0.00226
0.00229
0.00233
0.00236
0.0024
0.00244
0.00247
0.00251
0.00255
0.00259
0.00262
0.00266
0.0027
0.00274
0.00277
0.00281
0.00284
0.00288
0.00291
0.00294
0.00298
0.00301
0.00303
0.00307
0.00308
0.00311
0.00313
0.00315
0.00316
0.00318
0.00319
0.0032
0.00321
0.00321
0.00321
0.00321
0.0032
0.0032
0.00318
0.00317
0.00315
0.00313
0.00311
0.00309
0.00306
0.00303
0.00299
0.00296
0.00292
0.00288
0.00284
0.00279
0.00274
0.00269
0.00264
0.00259
0.00253
0.00248
0.00241
0.00235
0.00228
0.00222
0.00215
0.00208
0.002
0.00193
0.00184
0.00176
0.00168
0.0016
0.00151
0.00142
0.00133
0.00124
0.00115
0.00106
0.00096
0.00086
0.00076
0.00067
0.00057
0.00048
0.00038
0.00029
0.0002
0.00011
2e-05
-7e-05
-0.00016
-0.00024
-0.00032
-0.0004
-0.00048
-0.00055
-0.00063
-0.00069
-0.00076
-0.00083
-0.00089
-0.00095
-0.001
-0.00106
-0.00111
-0.00116
-0.00121
-0.00126
-0.0013
-0.00135
-0.00139
-0.00143
-0.00148
-0.00151
-0.00155
-0.00159
-0.00163
-0.00166
-0.0017
-0.00173
-0.00176
-0.00179
-0.00182
-0.00185
-0.00188
-0.0019
-0.00193
-0.00195
-0.00198
-0.00199
-0.00202
-0.00204
-0.00206
-0.00208
-0.00209
-0.00211
-0.00212
-0.00213
-0.00216
-0.00217
-0.00219
-0.0022
-0.00222
-0.00223
-0.00226
-0.00227
-0.00229
-0.00231
-0.00234
-0.00236
-0.00238
-0.00241
-0.00243
-0.00246
-0.00249
-0.00251
-0.00254
-0.00257
-0.0026
-0.00262
-0.00266
-0.00268
-0.00271
-0.00274
-0.00276
-0.00279
-0.00281
-0.00283
-0.00285
-0.00287
-0.00289
-0.0029
-0.00292
-0.00293
-0.00295
-0.00296
-0.00297
-0.00297
-0.00298
-0.00299
-0.003
-0.003
-0.003
-0.003
-0.003
-0.003
-0.00301
-0.003
-0.003
-0.00299
-0.00299
-0.00297
-0.00297
-0.00295
-0.00294
-0.00293
-0.00291
-0.00289
-0.00287
-0.00284
-0.00281
-0.00278
-0.00275
-0.00271
-0.00267
-0.00262
-0.00257
-0.00252
-0.00247
-0.0024
-0.00235
-0.00228
-0.00221
-0.00214
-0.00207
-0.00199
-0.00191
-0.00183
-0.00176
-0.00167
-0.00159
-0.0015
-0.00142
-0.00133
-0.00125
-0.00116
-0.00107
-0.00099
-0.00091
-0.00083
-0.00074
-0.00066
-0.00058
-0.0005
-0.00043
-0.00035
-0.00028
-0.0002
-0.00013
-6e-05
1e-05
9e-05
0.00015
0.00022
0.00029
0.00035
0.00042
0.00049
0.00055
0.00062
0.00068
0.00074
0.0008
0.00086
0.00092
0.00098
0.00103
0.00109
0.00113
0.00118
0.00123
0.00127
0.00132
0.00136
0.0014
0.00144
0.00147
0.0015
0.00153
0.00155
0.00157
0.0016
0.00161
0.00163
0.00164
0.00165
0.00166
0.00166
0.00167
0.00168
0.00168
0.00168
0.00168
0.00168
0.00168
0.00168
0.00168
0.00168
0.00167
0.00167
0.00167
0.00167
0.00167
0.00166
0.00166
0.00166
0.00166
0.00166
0.00166
0.00166
0.00166
0.00166
0.00166
0.00166
0.00165
0.00166
0.00165
0.00165
0.00164
0.00163
0.00163
0.00162
0.00162
0.00161
0.0016
0.00159
0.00158
0.00157
0.00155
0.00154
0.00152
0.0015
0.00148
0.00146
0.00144
0.00141
0.00139
0.00136
0.00133
0.0013
0.00126
0.00123
0.00119
0.00116
0.00111
0.00107
0.00102
0.00098
0.00093
0.00088
0.00082
0.00077
0.00071
0.00066
0.0006
0.00054
0.00047
0.00042
0.00035
0.00029
0.00022
0.00016
9e-05
3e-05
-3e-05
-9e-05
-0.00016
-0.00022
-0.00028
-0.00033
-0.00039
-0.00044
-0.0005
-0.00055
-0.00061
-0.00065
-0.0007
-0.00075
-0.0008
-0.00084
-0.00088
-0.00092
-0.00096
-0.001
-0.00103
-0.00107
-0.0011
-0.00113
-0.00117
-0.00119
-0.00122
-0.00125
-0.00128
-0.0013
-0.00133
-0.00134
-0.00137
-0.00139
-0.00141
-0.00143
-0.00145
-0.00146
-0.00148
-0.00149
-0.00151
-0.00152
-0.00153
-0.00154
-0.00156
-0.00156
-0.00158
-0.00159
-0.0016
-0.00161
-0.00162
-0.00164
-0.00165
-0.00166
-0.00168
-0.00169
-0.00171
-0.00173
-0.00175
-0.00177
-0.00179
-0.00182
-0.00185
-0.00187
-0.0019
-0.00193
-0.00196
-0.002
-0.00203
-0.00206
-0.0021
-0.00213
-0.00217
-0.0022
-0.00224
-0.00227
-0.00231
-0.00234
-0.00237
-0.00239
-0.00242
-0.00244
-0.00246
-0.00248
-0.00249
-0.0025
-0.00251
-0.00251
-0.00251
-0.0025
-0.0025
-0.00248
-0.00247
-0.00245
-0.00244
-0.0024
-0.00238
-0.00235
-0.00231
-0.00227
-0.00223
-0.00219
-0.00214
-0.00209
-0.00204
-0.00198
-0.00193
-0.00186
-0.0018
-0.00173
-0.00167
-0.0016
-0.00152
-0.00145
-0.00137
-0.00129
-0.0012
-0.00112
-0.00103
-0.00093
-0.00084
-0.00073
-0.00063
-0.00052
-0.00042
-0.0003
-0.00019
-7e-05
5e-05
0.00017
0.00029
0.00041
0.00054
0.00067
0.00079
0.00092
0.00104
0.00117
0.00129
0.00142
0.00153
0.00165
0.00176
0.00187
0.00197
0.00208
0.00217
0.00226
0.00235
0.00243
0.0025
0.00258
0.00263
0.00269
0.00274
0.00279
0.00282
0.00286
0.00288
0.0029
0.00292
0.00293
0.00293
0.00292
0.00292
0.00291
0.00289
0.00287
0.00284
0.00281
0.00278
0.00275
0.0027
0.00266
0.00261
0.00256
0.00251
0.00245
0.00239
0.00233
0.00227
0.0022
0.00214
0.00207
0.00199
0.00192
0.00184
0.00177
0.00168
0.0016
0.00151
0.00143
0.00135
0.00126
0.00117
0.00107
0.00098
0.00089
0.0008
0.0007
0.0006
0.00051
0.00042
0.00032
0.00023
0.00013
4e-05
-5e-05
-0.00015
-0.00023
-0.00032
-0.00041
-0.0005
-0.00058
-0.00066
-0.00073
-0.00081
-0.00088
-0.00095
-0.00101
-0.00107
-0.00113
-0.00119
-0.00123
-0.00128
-0.00133
-0.00137
-0.0014
-0.00143
-0.00146
-0.00148
-0.0015
-0.00152
-0.00153
-0.00155
-0.00155
-0.00155
-0.00155
-0.00155
-0.00154
-0.00153
-0.00151
-0.0015
-0.00148
-0.00145
-0.00143
-0.0014
-0.00136
-0.00133
-0.00129
-0.00125
-0.0012
-0.00116
-0.0011
-0.00105
-0.00099
-0.00094
-0.00087
-0.00081
-0.00074
-0.00067
-0.00059
-0.00051
-0.00043
-0.00035
-0.00026
-0.00018
-8e-05
1e-05
0.00011
0.0002
0.0003
0.0004
0.0005
0.0006
0.00071
0.00081
0.00092
0.00103
0.00113
0.00123
0.00134
0.00144
0.00155
0.00165
0.00176
0.00185
0.00196
0.00206
0.00215
0.00225
0.00234
0.00243
0.00252
0.00261
0.0027
0.00278
0.00287
0.00295
0.00303
0.00311
0.00319
0.00326
0.00334
0.00341
0.00349
0.00356
0.00363
0.0037
0.00378
0.00385
0.00392
0.00398
0.00406
0.00412
0.00419
0.00426
0.00433
0.00439
0.00446
0.00452
0.00458
0.00464
0.00469
0.00475
0.0048
0.00485
0.0049
0.00493
0.00498
0.00501
0.00504
0.00507
0.00509
0.0051
0.00512
0.00512
0.00512
0.00512
0.00511
0.00509
0.00507
0.00505
0.00502
0.00497
0.00493
0.00488
0.00483
0.00477
0.00471
0.00463
0.00457
0.00449
0.0044
0.00431
0.00422
0.00412
0.00403
0.00392
0.00382
0.0037
0.00359
0.00347
0.00335
0.00322
0.0031
0.00297
0.00284
0.0027
0.00256
0.00242
0.00228
0.00214
0.00199
0.00185
0.0017
0.00155
0.0014
0.00125
0.0011
0.00095
0.0008
0.00065
0.00051
0.00036
0.00022
7e-05
-7e-05
-0.0002
-0.00033
-0.00046
-0.00059
-0.00071
-0.00082
-0.00094
-0.00104
-0.00115
-0.00125
-0.00135
-0.00143
-0.00152
-0.0016
-0.00167
-0.00174
-0.0018
-0.00186
-0.00191
-0.00196
-0.00201
-0.00205
-0.00209
-0.00211
-0.00214
-0.00217
-0.00219
-0.0022
-0.00221
-0.00222
-0.00222
-0.00223
-0.00222
-0.00222
-0.00221
-0.00219
-0.00218
-0.00216
-0.00214
-0.00211
-0.00209
-0.00206
-0.00203
-0.00199
-0.00195
-0.00191
-0.00187
-0.00183
-0.00178
-0.00173
-0.00168
-0.00162
-0.00157
-0.00151
-0.00145
-0.00138
-0.00133
-0.00126
-0.00119
-0.00112
-0.00105
-0.00098
-0.00091
-0.00083
-0.00076
-0.00068
-0.0006
-0.00052
-0.00044
-0.00036
-0.00028
-0.0002
-0.00013
-5e-05
3e-05
0.00011
0.00018
0.00026
0.00033
0.0004
0.00047
0.00053
0.0006
0.00066
0.00072
0.00078
0.00083
0.00088
0.00093
0.00097
0.00101
0.00106
0.00109
0.00113
0.00117
0.0012
0.00123
0.00127
0.0013
0.00133
0.00135
0.00139
0.00141
0.00145
0.00148
0.00151
0.00154
0.00158
0.00161
0.00165
0.00168
0.00172
0.00175
0.0018
0.00183
0.00188
0.00191
0.00195
0.00199
0.00203
0.00206
0.0021
0.00213
0.00217
0.0022
0.00223
0.00226
0.00229
0.00231
0.00234
0.00236
0.00238
0.00239
0.00241
0.00242
0.00244
0.00245
0.00246
0.00247
0.00248
0.00249
0.0025
0.0025
0.0025
0.00251
0.00252
0.00253
0.00254
0.00254
0.00255
0.00255
0.00256
0.00256
0.00257
0.00257
0.00258
0.00258
0.00259
0.00259
0.00259
0.00259
0.00259
0.00259
0.00259
0.00257
0.00257
0.00256
0.00255
0.00254
0.00253
0.00251
0.0025
0.00248
0.00246
0.00244
0.00242
0.0024
0.00238
0.00236
0.00234
0.00232
0.0023
0.00228
0.00226
0.00223
0.00221
0.00219
0.00217
0.00214
0.00212
0.0021
0.00208
0.00206
0.00204
0.00202
0.002
0.00197
0.00196
0.00193
0.00192
0.00189
0.00188
0.00185
0.00184
0.00182
0.0018
0.00179
0.00177
0.00176
0.00175
0.00173
0.00172
0.00171
0.0017
0.00169
0.00169
0.00168
0.00167
0.00167
0.00167
0.00166
0.00166
0.00166
0.00165
0.00165
0.00166
0.00165
0.00165
0.00165
0.00165
0.00164
0.00164
0.00163
0.00163
0.00162
0.00161
0.0016
0.00159
0.00158
0.00156
0.00155
0.00153
0.00152
0.0015
0.00148
0.00146
0.00144
0.00142
0.0014
0.00138
0.00135
0.00133
0.00131
0.00129
0.00126
0.00124
0.00122
0.00119
0.00117
0.00115
0.00112
0.0011
0.00107
0.00105
0.00102
0.00099
0.00096
0.00093
0.0009
0.00087
0.00084
0.0008
0.00077
0.00074
0.0007
0.00067
0.00062
0.00059
0.00055
0.00051
0.00046
0.00043
0.00038
0.00034
0.0003
0.00025
0.00021
0.00016
0.00012
7e-05
2e-05
-2e-05
-7e-05
-0.00012
-0.00017
-0.00021
-0.00027
-0.00032
-0.00037
-0.00042
-0.00048
-0.00053
-0.00059
-0.00065
-0.0007
-0.00076
-0.00081
-0.00087
-0.00094
-0.00099
-0.00105
-0.00111
-0.00117
-0.00123
-0.00129
-0.00134
-0.00139
-0.00145
-0.0015
-0.00155
-0.00159
-0.00163
-0.00167
-0.0017
-0.00174
-0.00177
-0.00179
-0.00181
-0.00183
-0.00184
-0.00186
-0.00186
-0.00186
-0.00186
-0.00185
-0.00184
-0.00183
-0.00181
-0.00179
-0.00177
-0.00175
-0.00172
-0.00169
-0.00165
-0.00162
-0.00158
-0.00155
-0.0015
-0.00146
-0.00142
-0.00138
-0.00134
-0.00129
-0.00124
-0.00119
-0.00114
-0.0011
-0.00104
-0.001
-0.00094
-0.00089
-0.00084
-0.00079
-0.00073
-0.00068
-0.00062
-0.00057
-0.00051
-0.00046
-0.0004
-0.00034
-0.00028
-0.00023
-0.00016
-0.00011
-5e-05
1e-05
7e-05
0.00013
0.00019
0.00025
0.00031
0.00036
0.00042
0.00048
0.00054
0.0006
0.00065
0.0007
0.00076
0.00082
0.00087
0.00092
0.00098
0.00102
0.00108
0.00113
0.00118
0.00122
0.00127
0.00131
0.00136
0.00141
0.00145
0.00149
0.00154
0.00158
0.00162
0.00165
0.0017
0.00173
0.00177
0.0018
0.00184
0.00187
0.0019
0.00193
0.00196
0.00198
0.00201
0.00203
0.00206
0.00207
0.00209
0.0021
0.00212
0.00213
0.00214
0.00214
0.00214
0.00214
0.00214
0.00214
0.00213
0.00212
0.00211
0.00209
0.00208
0.00206
0.00204
0.00201
0.00199
0.00196
0.00193
0.0019
0.00187
0.00183
0.0018
0.00176
0.00173
0.00169
0.00166
0.00162
0.00158
0.00154
0.00151
0.00147
0.00144
0.0014
0.00137
0.00133
0.0013
0.00126
0.00122
0.00119
0.00116
0.00113
0.0011
0.00106
0.00103
0.001
0.00097
0.00093
0.00091
0.00087
0.00084
0.00081
0.00078
0.00074
0.00071
0.00068
0.00065
0.00061
0.00059
0.00055
0.00052
0.00049
0.00046
0.00043
0.0004
0.00036
0.00034
0.00031
0.00028
0.00025
0.00023
0.0002
0.00018
0.00015
0.00013
0.0001
8e-05
6e-05
4e-05
2e-05
-0.0
-3e-05
-5e-05
-7e-05
-9e-05
-0.00012
-0.00014
-0.00016
-0.00019
-0.00021
-0.00023
-0.00027
-0.00029
-0.00032
-0.00035
-0.00038
-0.00041
-0.00044
-0.00047
-0.0005
-0.00054
-0.00057
-0.0006
-0.00063
-0.00066
-0.00069
-0.00072
-0.00076
-0.00078
-0.00081
-0.00083
-0.00086
-0.00089
-0.00092
-0.00093
-0.00096
-0.00098
-0.001
-0.00102
-0.00104
-0.00105
-0.00107
-0.00108
-0.0011
-0.00111
-0.00113
-0.00114
-0.00116
-0.00117
-0.00118
-0.00119
-0.00121
-0.00122
-0.00124
-0.00125
-0.00127
-0.00128
-0.0013
-0.00131
-0.00134
-0.00135
-0.00137
-0.00138
-0.00141
-0.00142
-0.00145
-0.00146
-0.00148
-0.00151
-0.00153
-0.00155
-0.00156
-0.00158
-0.0016
-0.00162
-0.00164
-0.00165
-0.00167
-0.00168
-0.0017
-0.00172
-0.00173
-0.00174
-0.00176
-0.00177
-0.00178
-0.00179
-0.0018
-0.00181
-0.00182
-0.00182
-0.00184
-0.00184
-0.00185
-0.00185
-0.00186
-0.00187
-0.00187
-0.00187
-0.00188
-0.00189
-0.00189
-0.0019
-0.0019
-0.0019
-0.0019
-0.0019
-0.0019
-0.00189
-0.00189
-0.00188
-0.00188
-0.00187
-0.00187
-0.00185
-0.00184
-0.00183
-0.00182
-0.0018
-0.00178
-0.00176
-0.00174
-0.00172
-0.0017
-0.00167
-0.00165
-0.00161
-0.00159
-0.00156
-0.00153
-0.0015
-0.00147
-0.00144
-0.00141
-0.00138
-0.00135
-0.00132
-0.00129
-0.00125
-0.00123
-0.00119
-0.00117
-0.00113
-0.00111
-0.00108
-0.00106
-0.00102
-0.001
-0.00097
-0.00094
-0.00092
-0.00089
-0.00086
-0.00083
-0.0008
-0.00078
-0.00074
-0.00072
-0.00068
-0.00065
-0.00062
-0.00059
-0.00055
-0.00052
-0.00049
-0.00046
-0.00042
-0.00039
-0.00035
-0.00031
-0.00027
-0.00024
-0.0002
-0.00016
-0.00012
-9e-05
-4e-05
-1e-05
4e-05
8e-05
0.00012
0.00016
0.00021
0.00025
0.0003
0.00034
0.00039
0.00043
0.00049
0.00053
0.00059
0.00063
0.00069
0.00073
0.00079
0.00084
0.00089
0.00094
0.001
0.00105
0.0011
0.00116
0.00122
0.00126
0.00132
0.00137
0.00142
0.00147
0.00153
0.00157
0.00163
0.00167
0.00172
0.00177
0.00181
0.00186
0.00191
0.00196
0.002
0.00204
0.00209
0.00213
0.00218
0.00222
0.00227
0.00231
0.00236
0.0024
0.00244
0.00249
0.00253
0.00257
0.00261
0.00266
0.0027
0.00273
0.00278
0.00281
0.00285
0.00289
0.00292
0.00295
0.00299
0.00301
0.00304
0.00306
0.00308
0.0031
0.00312
0.00313
0.00314
0.00314
0.00315
0.00315
0.00316
0.00315
0.00315
0.00313
0.00313
0.00311
0.00309
0.00308
0.00305
0.00303
0.00301
0.00298
0.00296
0.00292
0.00289
0.00286
0.00283
0.00279
0.00275
0.00271
0.00268
0.00263
0.00259
0.00255
0.00251
0.00247
0.00243
0.00238
0.00234
0.00229
0.00225
0.0022
0.00216
0.00211
0.00207
0.00202
0.00198
0.00193
0.00188
0.00184
0.00179
0.00175
0.00171
0.00166
0.00162
0.00158
0.00154
0.00149
0.00146
0.00141
0.00137
0.00133
0.00129
0.00125
0.00121
0.00117
0.00113
0.00109
0.00105
0.00101
0.00098
0.00093
0.00089
0.00085
0.00081
0.00077
0.00073
0.00068
0.00065
0.0006
0.00056
0.00051
0.00047
0.00042
0.00038
0.00033
0.00029
0.00024
0.00019
0.00014
0.0001
5e-05
0.0
-5e-05
-9e-05
-0.00014
-0.00019
-0.00023
-0.00028
-0.00033
-0.00037
-0.00042
-0.00046
-0.00051
-0.00055
-0.0006
-0.00063
-0.00068
-0.00072
-0.00076
-0.00079
-0.00083
-0.00086
-0.0009
-0.00093
-0.00096
-0.00098
-0.00101
-0.00103
-0.00105
-0.00107
-0.00108
-0.00109
