1.72774013014124E+03

-0.00138
-0.0014
-0.00142
-0.00143
-0.00145
-0.00146
-0.00148
-0.00149
-0.00151
-0.00152
-0.00153
-0.00154
-0.00155
-0.00156
-0.00157
-0.00159
-0.0016
-0.00161
-0.00162
-0.00164
-0.00165
-0.00167
-0.00169
-0.00171
-0.00173
-0.00174
-0.00176
-0.00179
-0.00181
-0.00184
-0.00186
-0.00188
-0.00191
-0.00194
-0.00196
-0.00199
-0.00201
-0.00204
-0.00206
-0.00209
-0.00211
-0.00213
-0.00215
-0.00217
-0.00218
-0.0022
-0.00221
-0.00223
-0.00223
-0.00224
-0.00224
-0.00224
-0.00224
-0.00223
-0.00223
-0.00222
-0.00221
-0.00219
-0.00217
-0.00215
-0.00213
-0.00211
-0.00208
-0.00205
-0.00201
-0.00198
-0.00194
-0.00191
-0.00186
-0.00182
-0.00178
-0.00173
-0.00168
-0.00163
-0.00157
-0.00152
-0.00146
-0.0014
-0.00133
-0.00127
-0.0012
-0.00113
-0.00106
-0.00099
-0.00091
-0.00084
-0.00076
-0.00068
-0.0006
-0.00052
-0.00043
-0.00035
-0.00026
-0.00018
-9e-05
-1e-05
7e-05
0.00015
0.00024
0.00031
0.0004
0.00047
0.00055
0.00062
0.00069
0.00076
0.00083
0.0009
0.00096
0.00102
0.00108
0.00113
0.00119
0.00123
0.00128
0.00132
0.00137
0.0014
0.00144
0.00147
0.0015
0.00153
0.00156
0.00158
0.00161
0.00162
0.00165
0.00166
0.00167
0.00168
0.00169
0.00169
0.0017
0.0017
0.0017
0.0017
0.0017
0.00169
0.00169
0.00168
0.00167
0.00165
0.00164
0.00163
0.00162
0.0016
0.00158
0.00156
0.00155
0.00153
0.00152
0.0015
0.00148
0.00147
0.00146
0.00145
0.00144
0.00143
0.00142
0.00141
0.00141
0.00141
0.00141
0.00141
0.00142
0.00143
0.00144
0.00145
0.00146
0.00148
0.0015
0.00152
0.00155
0.00157
0.0016
0.00163
0.00167
0.0017
0.00174
0.00177
0.00181
0.00185
0.00189
0.00194
0.00198
0.00202
0.00207
0.00212
0.00217
0.00221
0.00226
0.00231
0.00236
0.0024
0.00245
0.00249
0.00254
0.00258
0.00262
0.00266
0.0027
0.00274
0.00277
0.0028
0.00283
0.00285
0.00288
0.0029
0.00292
0.00293
0.00294
0.00294
0.00295
0.00295
0.00294
0.00293
0.00292
0.0029
0.00288
0.00285
0.00283
0.00279
0.00275
0.00271
0.00266
0.00261
0.00256
0.00249
0.00244
0.00237
0.00229
0.00222
0.00214
0.00206
0.00197
0.00188
0.00179
0.00169
0.00159
0.00149
0.00139
0.00127
0.00116
0.00105
0.00094
0.00082
0.0007
0.00058
0.00046
0.00034
0.00022
0.0001
-2e-05
-0.00014
-0.00026
-0.00037
-0.00048
-0.00059
-0.00069
-0.0008
-0.00089
-0.00099
-0.00108
-0.00116
-0.00124
-0.00131
-0.00138
-0.00144
-0.00149
-0.00155
-0.00159
-0.00163
-0.00166
-0.00169
-0.00172
-0.00174
-0.00175
-0.00176
-0.00177
-0.00178
-0.00178
-0.00178
-0.00177
-0.00176
-0.00175
-0.00175
-0.00173
-0.00172
-0.00171
-0.0017
-0.00168
-0.00167
-0.00165
-0.00164
-0.00162
-0.00161
-0.00159
-0.00158
-0.00156
-0.00154
-0.00152
-0.00151
-0.00149
-0.00147
-0.00145
-0.00143
-0.00141
-0.00139
-0.00136
-0.00134
-0.00132
-0.00129
-0.00127
-0.00124
-0.00122
-0.00119
-0.00116
-0.00115
-0.00112
-0.0011
-0.00107
-0.00106
-0.00104
-0.00103
-0.00101
-0.001
-0.00099
-0.00098
-0.00098
-0.00097
-0.00097
-0.00097
-0.00098
-0.00099
-0.00099
-0.00101
-0.00101
-0.00103
-0.00105
-0.00107
-0.00108
-0.0011
-0.00112
-0.00114
-0.00116
-0.00118
-0.00119
-0.00121
-0.00123
-0.00125
-0.00126
-0.00128
-0.00129
-0.0013
-0.00131
-0.00133
-0.00133
-0.00134
-0.00135
-0.00135
-0.00136
-0.00136
-0.00137
-0.00137
-0.00137
-0.00138
-0.00137
-0.00138
-0.00137
-0.00137
-0.00137
-0.00137
-0.00136
-0.00136
-0.00136
-0.00135
-0.00134
-0.00133
-0.00132
-0.00131
-0.00129
-0.00128
-0.00125
-0.00123
-0.0012
-0.00118
-0.00114
-0.00111
-0.00106
-0.00102
-0.00097
-0.00092
-0.00087
-0.00081
-0.00074
-0.00067
-0.00059
-0.00052
-0.00043
-0.00035
-0.00025
-0.00016
-6e-05
4e-05
0.00015
0.00026
0.00038
0.00049
0.00061
0.00074
0.00086
0.00099
0.00113
0.00126
0.0014
0.00153
0.00168
0.00181
0.00196
0.0021
0.00225
0.00239
0.00254
0.00268
0.00282
0.00297
0.00312
0.00326
0.00341
0.00354
0.00369
0.00382
0.00397
0.0041
0.00423
0.00436
0.0045
0.00462
0.00475
0.00486
0.00498
0.0051
0.00521
0.00532
0.00542
0.00552
0.00562
0.00571
0.0058
0.00589
0.00597
0.00604
0.00612
0.00619
0.00626
0.00632
0.00638
0.00643
0.00648
0.00653
0.00657
0.00661
0.00665
0.00668
0.00671
0.00673
0.00675
0.00676
0.00678
0.00678
0.00678
0.00678
0.00678
0.00677
0.00676
0.00674
0.00672
0.00669
0.00667
0.00664
0.00661
0.00656
0.00653
0.00648
0.00643
0.00638
0.00632
0.00626
0.0062
0.00614
0.00607
0.006
0.00593
0.00585
0.00577
0.00569
0.00561
0.00552
0.00543
0.00533
0.00525
0.00515
0.00505
0.00495
0.00485
0.00475
0.00465
0.00454
0.00444
0.00432
0.00422
0.00411
0.004
0.00389
0.00378
0.00367
0.00356
0.00345
0.00334
0.00323
0.00313
0.00302
0.00292
0.00281
0.00272
0.00261
0.00252
0.00242
0.00233
0.00224
0.00215
0.00206
0.00199
0.0019
0.00183
0.00175
0.00168
0.00161
0.00154
0.00148
0.00142
0.00135
0.0013
0.00124
0.00119
0.00114
0.00109
0.00104
0.001
0.00095
0.00091
0.00087
0.00083
0.00079
0.00075
0.00072
0.00069
0.00065
0.00062
0.00059
0.00056
0.00053
0.00051
0.00048
0.00046
0.00043
0.00041
0.00039
0.00037
0.00035
0.00034
0.00032
0.00031
0.0003
0.00029
0.00028
0.00027
0.00026
0.00026
0.00025
0.00025
0.00024
0.00024
0.00024
0.00023
0.00023
0.00023
0.00023
0.00023
0.00022
0.00022
0.00021
0.00021
0.0002
0.0002
0.00019
0.00019
0.00018
0.00017
0.00017
0.00016
0.00015
0.00014
0.00013
0.00013
0.00011
0.00011
9e-05
9e-05
7e-05
7e-05
6e-05
5e-05
4e-05
3e-05
3e-05
2e-05
2e-05
1e-05
1e-05
1e-05
0.0
0.0
0.0
1e-05
0.0
1e-05
1e-05
2e-05
3e-05
3e-05
4e-05
5e-05
6e-05
8e-05
9e-05
0.00011
0.00013
0.00015
0.00017
0.0002
0.00022
0.00025
0.00028
0.00031
0.00034
0.00038
0.00042
0.00045
0.00049
0.00054
0.00058
0.00063
0.00067
0.00072
0.00077
0.00082
0.00087
0.00093
0.00097
0.00103
0.00108
0.00113
0.00119
0.00124
0.00129
0.00135
0.0014
0.00145
0.0015
0.00156
0.00161
0.00166
0.00171
0.00177
0.00182
0.00188
0.00193
0.00199
0.00204
0.0021
0.00216
0.00222
0.00228
0.00234
0.0024
0.00246
0.00253
0.00259
0.00266
0.00272
0.00279
0.00286
0.00292
0.00299
0.00305
0.00312
0.00318
0.00324
0.0033
0.00336
0.00342
0.00347
0.00352
0.00357
0.00361
0.00366
0.00369
0.00373
0.00376
0.00378
0.0038
0.00382
0.00384
0.00385
0.00386
0.00386
0.00386
0.00386
0.00385
0.00384
0.00382
0.00381
0.00378
0.00377
0.00374
0.00371
0.00368
0.00364
0.0036
0.00357
0.00352
0.00348
0.00343
0.00338
0.00332
0.00327
0.0032
0.00314
0.00307
0.003
0.00292
0.00284
0.00276
0.00267
0.00258
0.00249
0.0024
0.0023
0.0022
0.0021
0.002
0.0019
0.00179
0.00169
0.00158
0.00148
0.00137
0.00127
0.00117
0.00107
0.00097
0.00088
0.00079
0.00071
0.00062
0.00055
0.00048
0.00042
0.00035
0.0003
0.00025
0.00021
0.00017
0.00014
0.00011
9e-05
8e-05
8e-05
8e-05
9e-05
9e-05
0.00012
0.00014
0.00018
0.00021
0.00026
0.00031
0.00038
0.00044
0.00052
0.0006
0.00069
0.00079
0.00089
0.00101
0.00113
0.00126
0.0014
0.00154
0.00171
0.00187
0.00204
0.00222
0.00241
0.00261
0.00281
0.00302
0.00324
0.00347
0.00371
0.00395
0.0042
0.00445
0.00471
0.00497
0.00524
0.0055
0.00578
0.00605
0.00634
0.00662
0.0069
0.00718
0.00747
0.00775
0.00804
0.00833
0.00862
0.0089
0.00919
0.00947
0.00976
0.01005
0.01033
0.01061
0.01089
0.01117
0.01145
0.01173
0.012
0.01228
0.01255
0.01282
0.0131
0.01336
0.01363
0.01389
0.01416
0.01441
0.01467
0.01492
0.01518
0.01543
0.01567
0.01591
0.01615
0.01638
0.01662
0.01684
0.01707
0.01729
0.0175
0.01772
0.01793
0.01813
0.01834
0.01853
0.01874
0.01893
0.01912
0.01931
0.01949
0.01968
0.01986
0.02004
0.02022
0.0204
0.02058
0.02075
0.02093
0.0211
0.02127
0.02143
0.02161
0.02177
0.02194
0.0221
0.02226
0.02242
0.02258
0.02274
0.0229
0.02305
0.0232
0.02335
0.0235
0.02364
0.02378
0.02392
0.02406
0.02419
0.02433
0.02446
0.02458
0.02471
0.02484
0.02496
0.02509
0.0252
0.02533
0.02544
0.02557
0.02568
0.0258
0.02592
0.02604
0.02616
0.02627
0.02639
0.02651
0.02663
0.02675
0.02687
0.02699
0.0271
0.02722
0.02734
0.02746
0.02757
0.02768
0.02779
0.0279
0.02801
0.02811
0.02821
0.0283
0.0284
0.02849
0.02857
0.02865
0.02872
0.02879
0.02884
0.0289
0.02895
0.02899
0.02903
0.02906
0.02908
0.0291
0.0291
0.0291
0.0291
0.02909
0.02907
0.02904
0.02901
0.02897
0.02892
0.02887
0.02881
0.02875
0.02868
0.02861
0.02853
0.02845
0.02836
0.02828
0.02818
0.02809
0.02799
0.0279
0.02779
0.02769
0.02759
0.02749
0.02738
0.02728
0.02718
0.02708
0.02698
0.02688
0.02678
0.02669
0.02659
0.0265
0.02641
0.02633
0.02624
0.02616
0.02608
0.026
0.02592
0.02585
0.02577
0.0257
0.02563
0.02556
0.0255
0.02543
0.02536
0.0253
0.02524
0.02518
0.02511
0.02505
0.02499
0.02494
0.02488
0.02482
0.02477
0.02471
0.02466
0.02461
0.02456
0.02451
0.02446
0.02442
0.02437
0.02433
0.02429
0.02425
0.02422
0.02419
0.02416
0.02413
0.02411
0.02409
0.02406
0.02405
0.02403
0.02402
0.024
0.02399
0.02399
0.02398
0.02397
0.02397
0.02397
0.02397
0.02396
0.02397
0.02396
0.02397
0.02397
0.02397
0.02397
0.02397
0.02397
0.02397
0.02397
0.02397
0.02396
0.02396
0.02396
0.02395
0.02395
0.02394
0.02394
0.02393
0.02392
0.02392
0.02391
0.0239
0.02389
0.02388
0.02387
0.02386
0.02385
0.02384
0.02383
0.02382
0.02381
0.0238
0.02379
0.02378
0.02377
0.02375
0.02374
0.02373
0.02372
0.02371
0.02369
0.02368
0.02367
0.02365
0.02364
0.02363
0.02361
0.02359
0.02358
0.02356
0.02354
0.02352
0.0235
0.02348
0.02346
0.02343
0.02341
0.02338
0.02335
0.02332
0.02329
0.02326
0.02322
0.02318
0.02314
0.0231
0.02306
0.02301
0.02296
0.02291
0.02286
0.0228
0.02275
0.02269
0.02263
0.02257
0.0225
0.02243
0.02236
0.02229
0.02221
0.02213
0.02205
0.02196
0.02187
0.02178
0.02169
0.02159
0.02149
0.02139
0.02128
0.02118
0.02106
0.02095
0.02082
0.0207
0.02057
0.02045
0.02031
0.02018
0.02004
0.01989
0.01975
0.0196
0.01945
0.0193
0.01913
0.01898
0.01881
0.01865
0.01848
0.01832
0.01814
0.01798
0.0178
0.01763
0.01745
0.01727
0.01709
0.01691
0.01673
0.01655
0.01637
0.01619
0.016
0.01582
0.01564
0.01546
0.01528
0.0151
0.01492
0.01474
0.01456
0.01438
0.01421
0.01404
0.01387
0.0137
0.01353
0.01337
0.01321
0.01306
0.0129
0.01275
0.01261
0.01247
0.01233
0.0122
0.01207
0.01194
0.01182
0.01171
0.0116
0.0115
0.01139
0.0113
0.0112
0.01112
0.01103
0.01096
0.01088
0.01081
0.01074
0.01068
0.01062
0.01057
0.01052
0.01047
0.01043
0.01039
0.01035
0.01032
0.0103
0.01027
0.01025
0.01024
0.01022
0.01022
0.01022
0.01022
0.01022
0.01023
0.01024
0.01026
0.01027
0.0103
0.01032
0.01035
0.01038
0.01041
0.01044
0.01048
0.01051
0.01056
0.01059
0.01063
0.01066
0.0107
0.01074
0.01077
0.0108
0.01084
0.01086
0.01089
0.01091
0.01093
0.01094
0.01095
0.01096
0.01096
0.01096
0.01096
0.01095
0.01093
0.01092
0.0109
0.01088
0.01086
0.01083
0.01081
0.01077
0.01075
0.01071
0.01068
0.01064
0.0106
0.01056
0.01053
0.01049
0.01044
0.01041
0.01037
0.01033
0.01029
0.01025
0.01022
0.01018
0.01014
0.0101
0.01006
0.01002
0.00998
0.00994
0.0099
0.00986
0.00982
0.00978
0.00974
0.00969
0.00965
0.0096
0.00956
0.00951
0.00946
0.0094
0.00936
0.0093
0.00925
0.00919
0.00914
0.00908
0.00902
0.00896
0.00889
0.00883
0.00877
0.00869
0.00863
0.00855
0.00848
0.0084
0.00833
0.00824
0.00816
0.00807
0.00799
0.0079
0.0078
0.00771
0.00761
0.00751
0.00741
0.0073
0.0072
0.00709
0.00698
0.00686
0.00675
0.00663
0.00652
0.00639
0.00627
0.00615
0.00603
0.0059
0.00578
0.00566
0.00554
0.00541
0.00529
0.00516
0.00504
0.00492
0.0048
0.00467
0.00456
0.00444
0.00432
0.0042
0.00408
0.00397
0.00385
0.00374
0.00363
0.00352
0.00341
0.0033
0.0032
0.00309
0.00299
0.00289
0.00279
0.00269
0.0026
0.0025
0.00241
0.00233
0.00224
0.00217
0.00209
0.00201
0.00195
0.00188
0.00183
0.00177
0.00172
0.00167
0.00163
0.0016
0.00157
0.00154
0.00152
0.00151
0.00151
0.00151
0.00151
0.00152
0.00154
0.00156
0.00159
0.00162
0.00166
0.0017
0.00175
0.0018
0.00186
0.00191
0.00198
0.00205
0.00212
0.00219
0.00227
0.00234
0.00243
0.00251
0.00259
0.00268
0.00277
0.00285
0.00294
0.00303
0.00311
0.0032
0.00329
0.00337
0.00346
0.00355
0.00363
0.00371
0.0038
0.00388
0.00396
0.00404
0.00412
0.00419
0.00427
0.00434
0.00441
0.00448
0.00455
0.00461
0.00468
0.00474
0.0048
0.00486
0.00492
0.00497
0.00503
0.00507
0.00512
0.00517
0.00521
0.00525
0.00529
0.00532
0.00536
0.00539
0.00541
0.00544
0.00546
0.00547
0.00549
0.00549
0.0055
0.0055
0.0055
0.00549
0.00548
0.00546
0.00544
0.00541
0.00538
0.00535
0.00531
0.00526
0.00522
0.00516
0.0051
0.00503
0.00497
0.00489
0.00481
0.00473
0.00464
0.00455
0.00445
0.00435
0.00425
0.00414
0.00403
0.00391
0.0038
0.00367
0.00356
0.00343
0.0033
0.00317
0.00304
0.00291
0.00278
0.00264
0.00251
0.00237
0.00224
0.00211
0.00198
0.00185
0.00172
0.00159
0.00146
0.00134
0.00122
0.00109
0.00098
0.00086
0.00075
0.00064
0.00053
0.00043
0.00033
0.00023
0.00013
4e-05
-5e-05
-0.00014
-0.00022
-0.0003
-0.00038
-0.00046
-0.00053
-0.0006
-0.00067
-0.00074
-0.0008
-0.00086
-0.00092
-0.00098
-0.00103
-0.00108
-0.00113
-0.00118
-0.00122
-0.00127
-0.0013
-0.00134
-0.00138
-0.00141
-0.00144
-0.00147
-0.00149
-0.00151
-0.00153
-0.00154
-0.00156
-0.00156
-0.00156
-0.00157
-0.00156
-0.00156
-0.00155
-0.00154
-0.00152
-0.0015
-0.00147
-0.00145
-0.00142
-0.00138
-0.00134
-0.0013
-0.00125
-0.0012
-0.00114
-0.00109
-0.00103
-0.00097
-0.0009
-0.00083
-0.00075
-0.00068
-0.0006
-0.00052
-0.00044
-0.00036
-0.00027
-0.00019
-0.0001
-1e-05
8e-05
0.00017
0.00026
0.00035
0.00044
0.00053
0.00062
0.00071
0.0008
0.00088
0.00097
0.00105
0.00113
0.00122
0.0013
0.00137
0.00145
0.00152
0.00159
0.00166
0.00173
0.00179
0.00185
0.00191
0.00197
0.00202
0.00206
0.00211
0.00215
0.00219
0.00223
0.00226
0.00229
0.0023
0.00233
0.00234
0.00236
0.00236
0.00237
0.00236
0.00236
0.00234
0.00233
0.00231
0.00228
0.00226
0.00222
0.00219
0.00215
0.0021
0.00205
0.002
0.00194
0.00188
0.00182
0.00175
0.00168
0.00161
0.00153
0.00146
0.00138
0.0013
0.00122
0.00114
0.00106
0.00098
0.0009
0.00082
0.00074
0.00066
0.00059
0.00051
0.00044
0.00036
0.0003
0.00022
0.00016
0.0001
3e-05
-2e-05
-8e-05
-0.00014
-0.00019
-0.00024
-0.00028
-0.00033
-0.00037
-0.00041
-0.00045
-0.00049
-0.00052
-0.00056
-0.00059
-0.00062
-0.00065
-0.00068
-0.0007
-0.00073
-0.00075
-0.00078
-0.0008
-0.00082
-0.00084
-0.00086
-0.00087
-0.00089
-0.0009
-0.00091
-0.00093
-0.00093
-0.00094
-0.00094
-0.00095
-0.00095
-0.00095
-0.00095
-0.00094
-0.00094
-0.00093
-0.00093
-0.00091
-0.0009
-0.00088
-0.00087
-0.00085
-0.00083
-0.00081
-0.00079
-0.00076
-0.00074
-0.00071
-0.00069
-0.00065
-0.00063
-0.0006
-0.00057
-0.00053
-0.0005
-0.00047
-0.00044
-0.0004
-0.00037
-0.00033
-0.00029
-0.00024
-0.00021
-0.00016
-0.00012
-7e-05
-3e-05
2e-05
6e-05
0.00012
0.00017
0.00022
0.00027
0.00033
0.00038
0.00044
0.0005
0.00056
0.00061
0.00067
0.00072
0.00078
0.00082
0.00088
0.00092
0.00097
0.00101
0.00105
0.00109
0.00112
0.00115
0.00117
0.00119
0.00121
0.00121
0.00122
0.00122
0.00122
0.00121
0.0012
0.00118
0.00117
0.00114
0.00111
0.00108
0.00105
0.00101
0.00098
0.00094
0.0009
0.00085
0.00081
0.00076
0.00072
0.00068
0.00063
0.00059
0.00055
0.00051
0.00046
0.00042
0.00038
0.00034
0.00031
0.00027
0.00024
0.0002
0.00017
0.00013
0.0001
7e-05
4e-05
0.0
-2e-05
-6e-05
-9e-05
-0.00012
-0.00015
-0.00017
-0.0002
-0.00023
-0.00025
-0.00028
-0.0003
-0.00033
-0.00035
-0.00037
-0.00039
-0.00041
-0.00042
-0.00043
-0.00044
-0.00045
-0.00045
-0.00045
-0.00045
-0.00044
-0.00043
-0.00042
-0.0004
-0.00039
-0.00036
-0.00034
-0.00031
-0.00028
-0.00025
-0.00022
-0.00018
-0.00014
-0.0001
-6e-05
-2e-05
2e-05
6e-05
0.0001
0.00014
0.00018
0.00022
0.00026
0.0003
0.00033
0.00037
0.0004
0.00043
0.00046
0.00049
0.00051
0.00054
0.00056
0.00058
0.0006
0.00062
0.00063
0.00065
0.00066
0.00067
0.00068
0.00069
0.00069
0.0007
0.0007
0.0007
0.0007
0.0007
0.00069
0.00069
0.00067
0.00066
0.00065
0.00063
0.0006
0.00058
0.00055
0.00052
0.00049
0.00045
0.0004
0.00035
0.0003
0.00025
0.00019
0.00013
6e-05
-0.0
-8e-05
-0.00015
-0.00023
-0.00031
-0.0004
-0.00048
-0.00056
-0.00065
-0.00074
-0.00083
-0.00092
-0.001
-0.00109
-0.00118
-0.00127
-0.00135
-0.00144
-0.00152
-0.0016
-0.00168
-0.00176
-0.00183
-0.00191
-0.00199
-0.00206
-0.00214
-0.00221
-0.00228
-0.00235
-0.00241
-0.00249
-0.00255
-0.00262
-0.00269
-0.00276
-0.00282
-0.00289
-0.00296
-0.00303
-0.0031
-0.00316
-0.00323
-0.0033
-0.00336
-0.00343
-0.00349
-0.00356
-0.00362
-0.00369
-0.00375
-0.00381
-0.00387
-0.00393
-0.00398
-0.00403
-0.00408
-0.00413
-0.00418
-0.00422
-0.00426
-0.0043
-0.00434
-0.00438
-0.00441
-0.00444
-0.00446
-0.00449
-0.00451
-0.00454
-0.00456
-0.00458
-0.00459
-0.00461
-0.00462
-0.00463
-0.00464
-0.00465
-0.00465
-0.00466
-0.00466
-0.00466
-0.00465
-0.00466
-0.00465
-0.00464
-0.00463
-0.00462
-0.0046
-0.00458
-0.00456
-0.00454
-0.00451
-0.00448
-0.00445
-0.00442
-0.00438
-0.00434
-0.0043
-0.00426
-0.00421
-0.00416
-0.00411
-0.00406
-0.004
-0.00395
-0.00389
-0.00383
-0.00377
-0.00371
-0.00364
-0.00359
-0.00352
-0.00345
-0.00338
-0.00332
-0.00325
-0.00319
-0.00311
-0.00305
-0.00298
-0.00291
-0.00284
-0.00276
-0.00269
-0.00261
-0.00254
-0.00247
-0.00239
-0.00231
-0.00223
-0.00216
-0.00208
-0.002
-0.00192
-0.00184
-0.00176
-0.00168
-0.00161
-0.00153
-0.00145
-0.00137
-0.00129
-0.00123
-0.00115
-0.00108
-0.00101
-0.00094
-0.00088
-0.00082
-0.00075
-0.00069
-0.00063
-0.00058
-0.00053
-0.00047
-0.00042
-0.00037
-0.00032
-0.00029
-0.00024
-0.0002
-0.00016
-0.00012
-8e-05
-5e-05
-1e-05
3e-05
6e-05
9e-05
0.00013
0.00016
0.0002
0.00023
0.00026
0.00029
0.00033
0.00035
0.00039
0.00042
0.00045
0.00047
0.00051
0.00053
0.00056
0.00059
0.00061
0.00064
0.00067
0.00069
0.00072
0.00074
0.00077
0.00079
0.00081
0.00083
0.00085
0.00087
0.00089
0.0009
0.00092
0.00094
0.00095
0.00097
0.00098
0.001
0.00101
0.00102
0.00104
0.00105
0.00106
0.00107
0.00109
0.0011
0.00111
0.00112
0.00114
0.00115
0.00116
0.00118
0.00119
0.0012
0.00122
0.00123
0.00125
0.00126
0.00128
0.00129
0.00131
0.00132
0.00135
0.00136
0.00138
0.0014
0.00141
0.00143
0.00145
0.00147
0.00149
0.00151
0.00153
0.00155
0.00157
0.00158
0.00161
0.00162
0.00164
0.00166
0.00167
0.00169
0.0017
0.00172
0.00174
0.00175
0.00176
0.00177
0.00179
0.00179
0.00181
0.00181
0.00183
0.00183
0.00184
0.00185
0.00186
0.00186
0.00187
0.00188
0.00188
0.00189
0.0019
0.0019
0.00192
0.00192
0.00193
0.00194
0.00195
0.00196
0.00197
0.00198
0.00199
0.002
0.00201
0.00202
0.00203
0.00204
0.00205
0.00206
0.00207
0.00207
0.00209
0.00209
0.0021
0.0021
0.00211
0.00212
0.00212
0.00212
0.00213
0.00213
0.00213
0.00213
0.00214
0.00213
0.00214
0.00213
0.00214
0.00213
0.00213
0.00213
0.00213
0.00213
0.00213
0.00212
0.00212
0.00212
0.00212
0.00212
0.00212
0.00211
0.00211
0.00211
0.00211
0.0021
0.0021
0.00209
0.00209
0.00208
0.00207
0.00206
0.00204
0.00203
0.00202
0.002
0.00198
0.00196
0.00194
0.00191
0.00189
0.00185
0.00183
0.00179
0.00176
0.00173
0.0017
0.00166
0.00162
0.00159
0.00155
0.00152
0.00149
0.00144
0.00141
0.00138
0.00135
0.00131
0.00129
0.00125
0.00123
0.0012
0.00118
0.00115
0.00112
0.0011
0.00108
0.00106
0.00104
0.00101
0.00099
0.00096
0.00094
0.00091
0.00089
0.00086
0.00083
0.0008
0.00076
0.00073
0.00069
0.00065
0.00061
0.00056
0.00052
0.00047
0.00042
0.00036
0.00031
0.00025
0.0002
0.00013
8e-05
1e-05
-5e-05
-0.00012
-0.00019
-0.00025
-0.00031
-0.00038
-0.00044
-0.00052
-0.00058
-0.00065
-0.00071
-0.00078
-0.00085
-0.00092
-0.00098
-0.00105
-0.00112
-0.00119
-0.00126
-0.00132
-0.00139
-0.00146
-0.00152
-0.0016
-0.00166
-0.00173
-0.0018
-0.00187
-0.00194
-0.00202
-0.00208
-0.00215
-0.00222
-0.0023
-0.00237
-0.00244
-0.0025
-0.00257
-0.00264
-0.00271
-0.00277
-0.00283
-0.00289
-0.00296
-0.00301
-0.00307
-0.00312
-0.00318
-0.00323
-0.00327
-0.00332
-0.00336
-0.0034
-0.00343
-0.00346
-0.0035
-0.00352
-0.00355
-0.00357
-0.00359
-0.0036
-0.00362
-0.00362
-0.00363
-0.00363
-0.00363
-0.00362
-0.00361
-0.00359
-0.00358
-0.00355
-0.00353
-0.0035
-0.00347
-0.00343
-0.00339
-0.00334
-0.0033
-0.00324
-0.00319
-0.00313
-0.00306
-0.003
-0.00293
-0.00285
-0.00277
-0.00269
-0.00261
-0.00252
-0.00243
-0.00234
-0.00225
-0.00215
-0.00205
-0.00195
-0.00185
-0.00174
-0.00164
-0.00153
-0.00142
-0.00131
-0.0012
-0.00108
-0.00098
-0.00086
-0.00074
-0.00062
-0.00051
-0.00039
-0.00028
-0.00015
-3e-05
9e-05
0.00021
0.00032
0.00044
0.00056
0.00068
0.00081
0.00092
0.00104
0.00115
0.00127
0.00138
0.0015
0.0016
0.00171
0.00182
0.00192
0.00202
0.00212
0.00222
0.00232
0.00241
0.0025
0.00258
0.00267
0.00275
0.00283
0.0029
0.00297
0.00304
0.00311
0.00317
0.00323
0.00329
0.00334
0.0034
0.00345
0.0035
0.00355
0.00359
0.00363
0.00367
0.00371
0.00374
0.00377
0.00379
0.00382
0.00384
0.00386
0.00388
0.00389
0.0039
0.00391
0.00391
0.00391
0.0039
0.0039
0.00389
0.00387
0.00385
0.00383
0.0038
0.00377
0.00374
0.0037
0.00365
0.00361
0.00356
0.00351
0.00346
0.0034
0.00334
0.00328
0.00321
0.00314
0.00307
0.003
0.00292
0.00285
0.00277
0.00269
0.00261
0.00253
0.00245
0.00237
0.00228
0.0022
0.00211
0.00203
0.00194
0.00186
0.00177
0.00168
0.00159
0.0015
0.00141
0.00132
0.00123
0.00114
0.00105
0.00096
0.00087
0.00079
0.00069
0.00061
0.00052
0.00044
0.00035
0.00026
0.00018
0.0001
2e-05
-6e-05
-0.00015
-0.00022
-0.0003
-0.00037
-0.00044
-0.00051
-0.00058
-0.00064
-0.00071
-0.00076
-0.00083
-0.00088
-0.00094
-0.00098
-0.00104
-0.00108
-0.00113
-0.00117
-0.00121
-0.00124
-0.00128
-0.0013
-0.00134
-0.00136
-0.00138
-0.0014
-0.00142
-0.00143
-0.00144
-0.00144
-0.00145
-0.00145
-0.00145
-0.00145
-0.00144
-0.00143
-0.00142
-0.0014
-0.00139
-0.00137
-0.00135
-0.00133
-0.00131
-0.00128
-0.00126
-0.00123
-0.0012
-0.00118
-0.00115
-0.00112
-0.00109
-0.00106
-0.00103
-0.00099
-0.00097
-0.00093
-0.0009
-0.00087
-0.00084
-0.00081
-0.00078
-0.00074
-0.00071
-0.00068
-0.00065
-0.00062
-0.00058
-0.00055
-0.00051
-0.00047
-0.00044
-0.0004
-0.00036
-0.00032
-0.00028
-0.00024
-0.0002
-0.00015
-0.00011
-7e-05
-2e-05
2e-05
7e-05
0.00012
0.00016
0.00021
0.00025
0.0003
0.00034
0.00039
0.00043
0.00048
0.00052
0.00056
0.0006
0.00064
0.00068
0.00071
0.00075
0.00078
0.00082
0.00085
0.00087
0.0009
0.00092
0.00095
0.00097
0.00099
0.001
0.00103
0.00104
0.00105
0.00106
0.00107
0.00108
0.00109
0.00109
0.00109
0.00109
0.00109
0.00109
0.00109
0.00108
0.00107
0.00106
0.00105
0.00103
0.00102
0.001
0.00097
0.00096
0.00093
0.00091
0.00088
0.00085
0.00082
0.00078
0.00075
0.00071
0.00067
0.00063
0.00059
0.00054
0.0005
0.00045
0.0004
0.00035
0.0003
0.00025
0.0002
0.00014
9e-05
3e-05
-2e-05
-8e-05
-0.00013
-0.0002
-0.00025
-0.00031
-0.00037
-0.00043
-0.0005
-0.00056
-0.00062
-0.00068
-0.00074
-0.0008
-0.00086
-0.00092
-0.00098
-0.00104
-0.0011
-0.00117
-0.00122
-0.00128
-0.00134
-0.0014
-0.00146
-0.00151
-0.00157
-0.00162
-0.00167
-0.00173
-0.00178
-0.00183
-0.00188
-0.00193
-0.00198
-0.00203
-0.00207
-0.00212
-0.00216
-0.0022
-0.00224
-0.00228
-0.00231
-0.00235
-0.00238
-0.00241
-0.00244
-0.00246
-0.00248
-0.0025
-0.00251
-0.00253
-0.00253
-0.00253
-0.00253
-0.00253
-0.00252
-0.0025
-0.00248
-0.00245
-0.00241
-0.00238
-0.00233
-0.00229
-0.00223
-0.00217
-0.0021
-0.00203
-0.00195
-0.00187
-0.00178
-0.00169
-0.00159
-0.00148
-0.00138
-0.00126
-0.00115
-0.00103
-0.00091
-0.00078
-0.00065
-0.00053
-0.00039
-0.00026
-0.00012
1e-05
0.00015
0.00029
0.00042
0.00056
0.0007
0.00085
0.00099
0.00113
0.00127
0.00141
0.00155
0.00169
0.00183
0.00197
0.00211
0.00225
0.00239
0.00253
0.00266
0.0028
0.00294
0.00307
0.0032
0.00333
0.00346
0.00358
0.0037
0.00381
0.00393
0.00403
0.00414
0.00423
0.00433
0.00441
0.0045
0.00457
0.00464
0.00471
0.00477
0.00481
0.00486
0.0049
0.00493
0.00495
0.00497
0.00498
0.005
0.005
0.00499
0.00498
0.00497
0.00495
0.00493
0.0049
0.00488
0.00484
0.00481
0.00477
0.00473
0.00468
0.00464
0.00459
0.00455
0.0045
0.00445
0.0044
0.00435
0.0043
0.00425
0.0042
0.00415
0.00409
0.00404
0.00398
0.00392
0.00386
0.00381
0.00374
0.00369
0.00362
0.00356
0.00349
0.00342
0.00335
0.00329
0.00321
0.00315
0.00307
0.003
0.00292
0.00285
0.00277
0.00269
0.00261
0.00254
0.00246
0.00237
0.00229
0.00222
0.00214
0.00206
0.00198
0.00191
0.00183
0.00176
0.00168
0.00162
0.00154
0.00148
0.00141
0.00135
0.00128
0.00122
0.00117
0.00111
0.00106
0.00101
0.00096
0.00092
0.00087
0.00084
0.0008
0.00077
0.00073
0.00071
0.00068
0.00066
0.00064
0.00062
0.0006
0.00058
0.00057
0.00056
0.00055
0.00055
0.00053
0.00053
0.00053
0.00053
0.00052
0.00053
0.00052
0.00053
0.00053
0.00054
0.00054
0.00055
0.00056
0.00057
0.00059
0.0006
0.00062
0.00064
0.00066
0.00069
0.00071
0.00074
0.00077
0.00081
0.00084
0.00089
0.00093
0.00097
0.00102
0.00107
0.00113
0.00118
0.00124
0.0013
0.00136
0.00142
0.00148
0.00155
0.00161
0.00168
0.00174
0.0018
0.00186
0.00192
0.00198
0.00204
0.00209
0.00215
0.00219
0.00225
0.00229
0.00234
0.00238
0.00242
0.00245
0.00249
0.00252
0.00255
0.00258
0.00261
0.00264
0.00266
0.00268
0.00271
0.00272
0.00275
0.00277
0.00279
0.0028
0.00282
0.00283
0.00285
0.00286
0.00287
0.00288
0.00289
0.0029
0.00291
0.00292
0.00292
0.00292
0.00293
0.00292
0.00292
0.00291
0.00291
0.00289
0.00289
0.00287
0.00285
0.00283
0.00281
0.00279
0.00277
0.00274
0.00271
0.00268
0.00265
0.00261
0.00258
0.00253
0.0025
0.00245
0.00241
0.00236
0.00232
0.00226
0.00221
0.00216
0.0021
0.00204
0.00199
0.00192
0.00185
0.00178
0.00172
0.00164
0.00157
0.00148
0.0014
0.00132
0.00123
0.00114
0.00105
0.00096
0.00087
0.00078
0.00068
0.00058
0.00049
0.00039
0.00029
0.00019
0.0001
-0.0
-9e-05
-0.00019
-0.00028
-0.00037
-0.00046
-0.00055
-0.00063
-0.00072
-0.00079
-0.00088
-0.00095
-0.00103
-0.0011
-0.00117
-0.00124
-0.00131
-0.00137
-0.00144
-0.0015
-0.00156
-0.00163
-0.00168
-0.00174
-0.00179
-0.00185
-0.0019
-0.00195
-0.002
-0.00205
-0.0021
-0.00214
-0.00218
-0.00222
-0.00226
-0.0023
-0.00233
-0.00236
-0.00239
-0.00241
-0.00244
-0.00245
-0.00247
-0.00248
-0.0025
-0.0025
-0.00251
-0.00252
-0.00252
-0.00252
-0.00252
-0.00251
-0.00251
-0.00251
-0.0025
-0.00249
-0.00248
-0.00247
-0.00247
-0.00245
-0.00245
-0.00244
-0.00243
-0.00242
-0.00242
-0.0024
-0.0024
-0.0024
-0.00239
-0.00239
-0.00238
-0.00238
-0.00237
-0.00237
-0.00237
-0.00236
-0.00235
-0.00235
-0.00234
-0.00233
-0.00233
-0.00231
-0.00231
-0.00229
-0.00228
-0.00227
-0.00225
-0.00223
-0.00221
-0.00219
-0.00217
-0.00215
-0.00213
-0.0021
-0.00208
-0.00204
-0.00202
-0.00198
-0.00195
-0.00192
-0.00188
-0.00185
-0.00181
-0.00177
-0.00173
-0.00169
-0.00165
-0.0016
-0.00155
-0.0015
-0.00145
-0.0014
-0.00135
-0.00129
-0.00124
-0.00118
-0.00112
-0.00106
-0.001
-0.00094
-0.00087
-0.00081
-0.00074
-0.00068
-0.00061
-0.00054
-0.00047
-0.00041
-0.00034
-0.00027
-0.0002
-0.00014
-7e-05
-1e-05
5e-05
0.00012
0.00018
0.00024
0.00029
0.00035
0.0004
0.00045
0.0005
0.00055
0.00059
0.00064
0.00068
0.00071
0.00075
0.00078
0.00081
0.00084
0.00087
0.00089
0.00091
0.00093
0.00095
0.00096
0.00097
0.00098
0.00099
0.001
0.001
0.00099
0.00099
0.00098
0.00098
0.00097
0.00095
0.00094
0.00091
0.0009
0.00087
0.00085
0.00082
0.00079
0.00076
0.00073
0.00069
0.00066
0.00062
0.00058
0.00054
0.0005
0.00046
0.00042
0.00037
0.00033
0.00029
0.00025
0.0002
0.00016
0.00012
9e-05
5e-05
1e-05
-2e-05
-6e-05
-8e-05
-0.00011
-0.00014
-0.00016
-0.00019
-0.0002
-0.00022
-0.00023
-0.00025
-0.00025
-0.00027
-0.00027
-0.00027
-0.00027
-0.00027
-0.00027
-0.00026
-0.00025
-0.00024
-0.00023
-0.00022
-0.00019
-0.00018
-0.00015
-0.00014
-0.00011
-8e-05
-5e-05
-2e-05
1e-05
4e-05
8e-05
0.00012
0.00016
0.00021
0.00025
0.00029
0.00034
0.00039
0.00044
0.00049
0.00055
0.0006
0.00066
0.00072
0.00077
0.00083
0.00089
0.00095
0.00101
0.00107
0.00113
0.00119
0.00125
0.00131
0.00137
0.00143
0.00149
0.00154
0.00161
0.00166
0.00171
0.00176
0.00181
0.00187
0.00192
0.00196
0.00201
0.00205
0.00209
0.00212
0.00216
0.00219
0.00223
0.00225
0.00228
0.0023
0.00232
0.00234
0.00235
0.00236
0.00237
0.00237
0.00238
0.00237
0.00237
0.00236
0.00236
0.00234
0.00233
0.0023
0.00229
0.00227
0.00224
0.00221
0.00218
0.00216
0.00213
0.0021
0.00206
0.00202
0.00199
0.00196
0.00192
0.00188
0.00185
0.00181
0.00177
0.00173
0.00169
0.00165
0.00161
0.00157
0.00153
0.00149
0.00145
0.0014
0.00136
0.00131
0.00127
0.00122
0.00118
0.00112
0.00107
0.00102
0.00096
0.00091
0.00085
0.00079
0.00073
0.00066
0.0006
0.00053
0.00047
0.0004
0.00034
0.00026
0.0002
0.00012
6e-05
-2e-05
-9e-05
-0.00016
-0.00023
-0.0003
-0.00036
-0.00043
-0.0005
-0.00056
-0.00062
-0.00069
-0.00074
-0.00081
-0.00086
-0.00091
-0.00096
-0.00101
-0.00106
-0.0011
-0.00114
-0.00117
-0.0012
-0.00124
-0.00126
-0.00129
-0.0013
-0.00132
-0.00132
-0.00134
-0.00134
-0.00134
-0.00133
-0.00132
-0.00131
-0.00129
-0.00128
-0.00125
-0.00122
-0.00119
-0.00116
-0.00112
-0.00108
-0.00104
-0.00099
-0.00095
-0.0009
-0.00086
-0.0008
-0.00076
-0.0007
-0.00065
-0.0006
-0.00055
-0.0005
-0.00045
-0.0004
-0.00036
-0.0003
-0.00026
-0.00021
-0.00018
-0.00013
-0.0001
-6e-05
-2e-05
1e-05
4e-05
7e-05
0.0001
0.00012
0.00015
0.00017
0.00019
0.00021
0.00022
0.00024
0.00025
0.00026
0.00027
0.00028
0.00029
0.00029
0.00029
0.00029
0.0003
0.0003
0.00029
0.00029
0.00028
0.00028
0.00027
0.00027
0.00025
0.00025
0.00024
0.00023
0.00022
0.00021
0.0002
0.00019
0.00019
0.00018
0.00018
0.00018
0.00017
0.00017
0.00017
0.00018
0.00018
0.00019
0.00019
0.00021
0.00022
0.00023
0.00025
0.00027
0.00029
0.00031
0.00034
0.00037
0.00039
0.00042
0.00045
0.00048
0.00051
0.00055
0.00057
0.00061
0.00065
0.00068
0.00071
0.00075
0.00078
0.00082
0.00086
0.0009
0.00093
0.00097
0.001
0.00104
0.00108
0.00112
0.00115
0.00119
0.00123
0.00126
0.0013
0.00134
0.00137
0.00141
0.00145
0.00149
0.00152
0.00156
0.00159
0.00162
0.00165
0.00169
0.00171
0.00174
0.00177
0.00179
0.00181
0.00183
0.00185
0.00187
0.00188
0.00189
0.0019
0.00191
0.00191
0.00191
0.00191
0.0019
0.00189
0.00189
0.00187
0.00186
0.00184
0.00182
0.0018
0.00177
0.00175
0.00172
0.00168
0.00165
0.00162
0.00158
0.00154
0.0015
0.00145
0.0014
0.00135
0.0013
0.00125
0.00119
0.00113
0.00107
0.00101
0.00095
0.00087
0.00081
0.00074
0.00067
0.00059
0.00052
0.00044
0.00036
0.00028
0.0002
0.00012
4e-05
-4e-05
-0.00012
-0.00021
-0.00028
-0.00037
-0.00045
-0.00053
-0.00061
-0.00069
-0.00076
-0.00085
-0.00092
-0.00099
-0.00107
-0.00114
-0.00121
-0.00127
-0.00134
-0.0014
-0.00146
-0.00153
-0.00159
-0.00165
-0.0017
-0.00176
-0.00181
-0.00186
-0.00191
-0.00195
-0.002
-0.00205
-0.00209
-0.00213
-0.00217
-0.0022
-0.00223
-0.00227
-0.0023
-0.00233
-0.00235
-0.00237
-0.00239
-0.00241
-0.00242
-0.00243
-0.00244
-0.00245
-0.00245
-0.00245
-0.00244
-0.00243
-0.00242
-0.00241
-0.00238
-0.00236
-0.00233
-0.00231
-0.00227
-0.00223
-0.00219
-0.00214
-0.0021
-0.00204
-0.00199
-0.00193
-0.00187
-0.00181
-0.00174
-0.00168
-0.0016
-0.00153
-0.00145
-0.00138
-0.0013
-0.00123
-0.00115
-0.00107
-0.00099
-0.00092
-0.00084
-0.00076
-0.00068
-0.00061
-0.00053
-0.00047
-0.00039
-0.00033
-0.00026
-0.0002
-0.00013
-7e-05
-1e-05
4e-05
0.0001
0.00015
0.0002
0.00025
0.0003
0.00034
0.00039
0.00043
0.00048
0.00052
0.00056
0.0006
0.00064
0.00068
0.00072
0.00076
0.0008
0.00084
0.00087
0.00091
0.00095
0.00099
0.00103
0.00107
0.00111
0.00114
0.00118
0.00121
0.00125
0.00127
0.00131
0.00134
0.00136
0.00139
0.0014
0.00143
0.00144
0.00146
0.00147
0.00148
0.00149
0.00149
0.00149
0.00148
0.00148
0.00147
0.00146
0.00145
0.00143
0.00141
0.00139
0.00137
0.00134
0.00132
0.00129
0.00126
0.00123
0.0012
0.00118
0.00114
0.00111
0.00108
0.00105
0.00102
0.00099
0.00096
0.00093
0.00091
0.00088
0.00086
0.00083
0.00081
0.00079
0.00076
0.00075
0.00072
0.00071
0.00068
0.00067
0.00065
0.00063
0.00061
0.00059
0.00058
0.00056
0.00054
0.00052
0.0005
0.00048
0.00045
0.00044
0.00041
0.00038
0.00035
0.00033
0.0003
0.00027
0.00024
0.00021
0.00018
0.00015
0.00011
8e-05
4e-05
1e-05
-2e-05
-6e-05
-9e-05
-0.00013
-0.00016
-0.00019
-0.00023
-0.00026
-0.00029
-0.00032
-0.00034
-0.00037
-0.00039
-0.00041
-0.00044
-0.00045
-0.00047
-0.00048
-0.00049
-0.0005
-0.00051
-0.00051
-0.00051
-0.00051
-0.00051
-0.00051
-0.0005
-0.00049
-0.00047
-0.00045
-0.00044
-0.00042
-0.0004
-0.00037
-0.00035
-0.00032
-0.00029
-0.00025
-0.00022
-0.00019
-0.00015
-0.00012
-8e-05
-4e-05
0.0
4e-05
8e-05
0.00012
0.00016
0.0002
0.00024
0.00028
0.00031
0.00035
0.00038
0.00041
0.00044
0.00047
0.0005
0.00053
0.00055
0.00057
0.00059
0.00061
0.00062
0.00064
0.00064
0.00065
0.00066
0.00066
0.00066
0.00066
0.00066
0.00065
0.00064
0.00063
0.00062
0.00061
0.00058
0.00057
0.00054
0.00052
0.00048
0.00046
0.00042
0.00038
0.00034
0.00029
0.00024
0.00018
0.00013
7e-05
0.0
-6e-05
-0.00014
-0.00021
-0.00029
-0.00037
-0.00046
-0.00054
-0.00064
-0.00072
-0.00082
-0.00092
-0.00102
-0.00112
-0.00121
-0.00131
-0.0014
-0.0015
-0.0016
-0.00168
-0.00178
-0.00186
-0.00195
-0.00202
-0.0021
-0.00217
-0.00224
-0.00231
-0.00237
-0.00243
-0.00248
-0.00253
-0.00257
-0.00261
-0.00265
-0.00268
-0.00271
-0.00273
-0.00276
-0.00278
-0.0028
-0.00281
-0.00283
-0.00284
-0.00285
-0.00286
-0.00286
-0.00287
-0.00287
-0.00287
-0.00288
-0.00287
-0.00287
-0.00286
-0.00286
-0.00284
-0.00284
-0.00282
-0.0028
-0.00278
-0.00276
-0.00273
-0.0027
-0.00267
-0.00263
-0.00259
-0.00255
-0.00251
-0.00246
-0.0024
-0.00236
-0.0023
-0.00225
-0.00218
-0.00212
-0.00206
-0.002
-0.00194
-0.00188
-0.00181
-0.00175
-0.00169
-0.00164
-0.00157
-0.00152
-0.00146
-0.00141
-0.00135
-0.0013
-0.00125
-0.0012
-0.00115
-0.00111
-0.00106
-0.00101
-0.00097
-0.00092
-0.00087
-0.00083
-0.00078
-0.00073
-0.00068
-0.00063
-0.00057
-0.00052
-0.00046
-0.00041
-0.00035
-0.00029
-0.00023
-0.00017
-0.0001
-4e-05
3e-05
9e-05
0.00016
0.00022
0.00029
0.00035
0.00042
0.00048
0.00055
0.0006
0.00066
0.00072
0.00077
0.00082
0.00087
0.00092
0.00097
0.00101
0.00106
0.00109
0.00114
0.00117
0.00121
0.00124
0.00128
0.00131
0.00134
0.00137
0.0014
0.00144
0.00147
0.0015
0.00153
0.00156
0.00159
0.00162
0.00166
0.00169
0.00172
0.00175
0.00179
0.00182
0.00186
0.00189
0.00193
0.00196
0.002
0.00204
0.00208
0.00211
0.00216
0.00219
0.00224
0.00228
0.00233
0.00237
0.00242
0.00246
0.00251
0.00256
0.00261
0.00266
0.00272
0.00277
0.00283
0.00288
0.00294
0.00299
0.00305
0.0031
0.00316
0.00321
0.00326
0.00331
0.00336
0.00341
0.00345
0.00349
0.00353
0.00356
0.00359
0.00361
0.00364
0.00365
0.00366
0.00367
0.00367
0.00366
0.00366
0.00364
0.00362
0.0036
0.00357
0.00354
0.0035
0.00346
0.00342
0.00337
0.00332
0.00326
0.00321
0.00315
0.00309
0.00302
0.00296
0.00289
0.00282
0.00275
0.00268
0.00261
0.00254
0.00247
0.0024
0.00232
0.00225
0.00218
0.00211
