1.34457675285851E+03

-0.00016
-0.00014
-0.0001
-8e-05
-4e-05
-1e-05
3e-05
6e-05
0.0001
0.00014
0.00018
0.00023
0.00027
0.00031
0.00036
0.0004
0.00046
0.0005
0.00055
0.00059
0.00064
0.00068
0.00073
0.00077
0.0008
0.00084
0.00088
0.00092
0.00095
0.00097
0.001
0.00103
0.00105
0.00107
0.00108
0.00109
0.00111
0.00111
0.00112
0.00112
0.00112
0.00112
0.00111
0.00111
0.0011
0.00109
0.00108
0.00107
0.00106
0.00104
0.00103
0.00101
0.001
0.00098
0.00096
0.00094
0.00091
0.00089
0.00087
0.00085
0.00082
0.00079
0.00077
0.00073
0.0007
0.00066
0.00063
0.00059
0.00055
0.0005
0.00046
0.00041
0.00035
0.0003
0.00025
0.00019
0.00014
7e-05
2e-05
-5e-05
-0.0001
-0.00017
-0.00023
-0.0003
-0.00036
-0.00042
-0.00048
-0.00054
-0.0006
-0.00066
-0.00071
-0.00077
-0.00081
-0.00087
-0.00091
-0.00096
-0.001
-0.00104
-0.00108
-0.00112
-0.00114
-0.00118
-0.0012
-0.00123
-0.00126
-0.00128
-0.0013
-0.00132
-0.00134
-0.00136
-0.00137
-0.00139
-0.00141
-0.00143
-0.00144
-0.00146
-0.00147
-0.00149
-0.0015
-0.00152
-0.00154
-0.00156
-0.00157
-0.00159
-0.00161
-0.00163
-0.00165
-0.00167
-0.00169
-0.00171
-0.00173
-0.00176
-0.00178
-0.00181
-0.00183
-0.00185
-0.00188
-0.0019
-0.00192
-0.00194
-0.00195
-0.00198
-0.00199
-0.00201
-0.00201
-0.00203
-0.00203
-0.00204
-0.00203
-0.00203
-0.00203
-0.00201
-0.002
-0.00198
-0.00195
-0.00193
-0.00189
-0.00186
-0.00181
-0.00177
-0.00171
-0.00166
-0.0016
-0.00154
-0.00147
-0.00141
-0.00133
-0.00126
-0.00119
-0.00111
-0.00103
-0.00094
-0.00086
-0.00078
-0.0007
-0.00062
-0.00054
-0.00046
-0.00038
-0.00031
-0.00023
-0.00015
-8e-05
-1e-05
5e-05
0.00012
0.00018
0.00024
0.00031
0.00036
0.00042
0.00047
0.00053
0.00057
0.00063
0.00067
0.00072
0.00076
0.00081
0.00085
0.00089
0.00093
0.00096
0.001
0.00104
0.00106
0.0011
0.00112
0.00115
0.00117
0.00119
0.0012
0.00122
0.00123
0.00123
0.00123
0.00123
0.00123
0.00122
0.00121
0.0012
0.00118
0.00117
0.00114
0.00112
0.00109
0.00106
0.00103
0.001
0.00096
0.00093
0.00089
0.00086
0.00082
0.00079
0.00075
0.00072
0.00069
0.00066
0.00063
0.0006
0.00057
0.00055
0.00052
0.0005
0.00048
0.00046
0.00043
0.00041
0.00039
0.00038
0.00036
0.00034
0.00031
0.00029
0.00026
0.00024
0.00021
0.00018
0.00014
0.00011
7e-05
3e-05
-1e-05
-6e-05
-0.00011
-0.00016
-0.00021
-0.00026
-0.00033
-0.00038
-0.00045
-0.0005
-0.00057
-0.00063
-0.00069
-0.00075
-0.00081
-0.00087
-0.00093
-0.00099
-0.00104
-0.00109
-0.00114
-0.00118
-0.00123
-0.00126
-0.0013
-0.00133
-0.00136
-0.00138
-0.00141
-0.00142
-0.00143
-0.00144
-0.00145
-0.00145
-0.00145
-0.00144
-0.00143
-0.00142
-0.00141
-0.00138
-0.00136
-0.00134
-0.00131
-0.00128
-0.00125
-0.00121
-0.00117
-0.00113
-0.00108
-0.00104
-0.00098
-0.00093
-0.00087
-0.00081
-0.00075
-0.00068
-0.00061
-0.00053
-0.00045
-0.00037
-0.00029
-0.00019
-0.00011
-1e-05
9e-05
0.00019
0.00029
0.0004
0.00051
0.00062
0.00073
0.00085
0.00096
0.00109
0.0012
0.00132
0.00143
0.00156
0.00167
0.00179
0.0019
0.00201
0.00213
0.00224
0.00234
0.00245
0.00255
0.00265
0.00274
0.00284
0.00292
0.00301
0.00308
0.00317
0.00324
0.0033
0.00337
0.00342
0.00348
0.00353
0.00358
0.00362
0.00365
0.00369
0.00371
0.00374
0.00375
0.00377
0.00377
0.00378
0.00377
0.00377
0.00375
0.00374
0.00372
0.00369
0.00366
0.00363
0.00359
0.00355
0.0035
0.00346
0.0034
0.00335
0.00329
0.00323
0.00317
0.00311
0.00304
0.00297
0.00291
0.00284
0.00278
0.00271
0.00264
0.00258
0.00251
0.00245
0.00238
0.00232
0.00225
0.00219
0.00212
0.00206
0.002
0.00193
0.00187
0.00181
0.00175
0.00168
0.00161
0.00155
0.00148
0.00141
0.00133
0.00126
0.00118
0.00111
0.00102
0.00094
0.00085
0.00076
0.00066
0.00057
0.00047
0.00038
0.00027
0.00017
7e-05
-3e-05
-0.00014
-0.00024
-0.00035
-0.00045
-0.00056
-0.00066
-0.00076
-0.00086
-0.00096
-0.00106
-0.00115
-0.00124
-0.00133
-0.00141
-0.0015
-0.00157
-0.00166
-0.00173
-0.00181
-0.00188
-0.00195
-0.00202
-0.00209
-0.00216
-0.00222
-0.00228
-0.00235
-0.00241
-0.00248
-0.00254
-0.00261
-0.00267
-0.00274
-0.0028
-0.00287
-0.00293
-0.003
-0.00307
-0.00314
-0.0032
-0.00326
-0.00332
-0.00338
-0.00344
-0.0035
-0.00355
-0.0036
-0.00364
-0.00368
-0.00372
-0.00375
-0.00377
-0.0038
-0.00381
-0.00382
-0.00383
-0.00382
-0.00382
-0.0038
-0.00378
-0.00376
-0.00373
-0.0037
-0.00366
-0.00362
-0.00357
-0.00352
-0.00346
-0.00341
-0.00335
-0.00329
-0.00323
-0.00316
-0.00309
-0.00303
-0.00296
-0.00289
-0.00282
-0.00276
-0.00268
-0.00262
-0.00255
-0.00248
-0.00241
-0.00235
-0.00228
-0.00221
-0.00214
-0.00207
-0.002
-0.00193
-0.00185
-0.00178
-0.0017
-0.00162
-0.00154
-0.00146
-0.00137
-0.00129
-0.00119
-0.00111
-0.00101
-0.00092
-0.00082
-0.00072
-0.00063
-0.00053
-0.00042
-0.00033
-0.00022
-0.00012
-2e-05
8e-05
0.00018
0.00027
0.00037
0.00046
0.00055
0.00064
0.00072
0.00081
0.00089
0.00097
0.00104
0.00111
0.00118
0.00124
0.00131
0.00136
0.00142
0.00147
0.00153
0.00158
0.00162
0.00166
0.00171
0.00175
0.00179
0.00182
0.00186
0.00189
0.00193
0.00195
0.00199
0.00201
0.00204
0.00206
0.00209
0.0021
0.00212
0.00214
0.00215
0.00217
0.00218
0.00219
0.0022
0.00221
0.00221
0.00221
0.00222
0.00221
0.00221
0.0022
0.0022
0.00219
0.00217
0.00216
0.00215
0.00213
0.00211
0.0021
0.00208
0.00206
0.00204
0.00202
0.00201
0.00198
0.00197
0.00195
0.00194
0.00192
0.00191
0.00189
0.00188
0.00187
0.00187
0.00187
0.00187
0.00186
0.00187
0.00187
0.00189
0.00189
0.00191
0.00193
0.00195
0.00197
0.002
0.00203
0.00206
0.0021
0.00214
0.00218
0.00222
0.00226
0.00231
0.00236
0.00241
0.00246
0.00251
0.00256
0.00261
0.00266
0.00272
0.00277
0.00282
0.00287
0.00292
0.00296
0.00301
0.00305
0.0031
0.00313
0.00318
0.00321
0.00324
0.00327
0.0033
0.00333
0.00335
0.00337
0.00339
0.00341
0.00342
0.00343
0.00345
0.00345
0.00346
0.00347
0.00348
0.00347
0.00348
0.00348
0.00348
0.00348
0.00347
0.00347
0.00346
0.00346
0.00346
0.00345
0.00344
0.00343
0.00343
0.00341
0.00341
0.00339
0.00338
0.00336
0.00335
0.00333
0.00331
0.00329
0.00327
0.00325
0.00322
0.0032
0.00317
0.00314
0.00311
0.00307
0.00304
0.003
0.00297
0.00292
0.00289
0.00284
0.0028
0.00275
0.0027
0.00265
0.0026
0.00254
0.00249
0.00243
0.00237
0.00231
0.00225
0.00218
0.00212
0.00205
0.00199
0.00192
0.00185
0.00178
0.00171
0.00164
0.00157
0.0015
0.00143
0.00135
0.00129
0.00121
0.00114
0.00107
0.001
0.00092
0.00085
0.00078
0.0007
0.00063
0.00056
0.00048
0.00041
0.00034
0.00026
0.00018
0.00011
3e-05
-5e-05
-0.00013
-0.00021
-0.0003
-0.00038
-0.00047
-0.00056
-0.00065
-0.00074
-0.00084
-0.00093
-0.00103
-0.00112
-0.00122
-0.00132
-0.00142
-0.00152
-0.00162
-0.00172
-0.00182
-0.00192
-0.00202
-0.00212
-0.00221
-0.0023
-0.00239
-0.00248
-0.00256
-0.00264
-0.00272
-0.00279
-0.00286
-0.00292
-0.00298
-0.00303
-0.00309
-0.00313
-0.00317
-0.0032
-0.00323
-0.00325
-0.00326
-0.00327
-0.00327
-0.00327
-0.00326
-0.00323
-0.00321
-0.00317
-0.00313
-0.00308
-0.00302
-0.00295
-0.00287
-0.00279
-0.00269
-0.00259
-0.00247
-0.00234
-0.00221
-0.00205
-0.0019
-0.00173
-0.00155
-0.00135
-0.00115
-0.00094
-0.00072
-0.00048
-0.00023
2e-05
0.00029
0.00056
0.00085
0.00114
0.00145
0.00176
0.00208
0.00241
0.00274
0.00308
0.00342
0.00377
0.00412
0.00449
0.00485
0.00521
0.00558
0.00595
0.00632
0.0067
0.00708
0.00745
0.00783
0.00821
0.00858
0.00896
0.00934
0.00972
0.01009
0.01047
0.01084
0.01121
0.01158
0.01194
0.01231
0.01268
0.01304
0.0134
0.01375
0.0141
0.01445
0.0148
0.01514
0.01547
0.0158
0.01613
0.01645
0.01677
0.01708
0.01738
0.01767
0.01796
0.01824
0.01852
0.01878
0.01904
0.01929
0.01953
0.01976
0.01998
0.02019
0.0204
0.02059
0.02078
0.02096
0.02113
0.02129
0.02144
0.02158
0.02172
0.02185
0.02197
0.02208
0.02219
0.02229
0.02238
0.02247
0.02255
0.02262
0.0227
0.02276
0.02282
0.02288
0.02293
0.02298
0.02302
0.02306
0.0231
0.02313
0.02316
0.02319
0.02321
0.02323
0.02325
0.02326
0.02327
0.02328
0.02328
0.02328
0.02328
0.02328
0.02327
0.02325
0.02324
0.02322
0.02321
0.02318
0.02316
0.02313
0.0231
0.02307
0.02304
0.023
0.02296
0.02293
0.02289
0.02285
0.02281
0.02276
0.02272
0.02268
0.02264
0.02259
0.02255
0.02251
0.02247
0.02242
0.02238
0.02234
0.0223
0.02226
0.02222
0.02218
0.02215
0.0221
0.02207
0.02203
0.02199
0.02195
0.02191
0.02187
0.02184
0.02179
0.02175
0.02171
0.02166
0.02162
0.02157
0.02152
0.02148
0.02142
0.02137
0.02132
0.02126
0.02121
0.02115
0.02109
0.02103
0.02097
0.02091
0.02085
0.02078
0.02072
0.02066
0.02059
0.02053
0.02046
0.0204
0.02033
0.02027
0.0202
0.02014
0.02007
0.02001
0.01994
0.01988
0.01981
0.01974
0.01967
0.0196
0.01953
0.01946
0.01938
0.01931
0.01923
0.01915
0.01906
0.01898
0.01889
0.0188
0.01871
0.01861
0.01851
0.01841
0.0183
0.0182
0.01809
0.01798
0.01786
0.01775
0.01763
0.01752
0.0174
0.01728
0.01716
0.01705
0.01693
0.01681
0.01669
0.01658
0.01647
0.01636
0.01625
0.01614
0.01603
0.01593
0.01583
0.01574
0.01564
0.01554
0.01545
0.01536
0.01527
0.01519
0.0151
0.01502
0.01493
0.01485
0.01477
0.01469
0.0146
0.01452
0.01443
0.01435
0.01426
0.01417
0.01408
0.01399
0.01389
0.0138
0.0137
0.0136
0.0135
0.0134
0.01329
0.01318
0.01307
0.01296
0.01284
0.01273
0.01261
0.01249
0.01237
0.01225
0.01212
0.012
0.01187
0.01173
0.0116
0.01147
0.01133
0.01119
0.01105
0.01091
0.01076
0.01061
0.01046
0.01031
0.01014
0.00999
0.00982
0.00965
0.00948
0.00931
0.00914
0.00896
0.00878
0.0086
0.00842
0.00824
0.00805
0.00787
0.00768
0.0075
0.00731
0.00714
0.00695
0.00678
0.0066
0.00642
0.00625
0.00608
0.00592
0.00576
0.00559
0.00544
0.00528
0.00514
0.00499
0.00485
0.00471
0.00458
0.00444
0.00431
0.00418
0.00406
0.00394
0.00382
0.00371
0.0036
0.00348
0.00338
0.00327
0.00317
0.00307
0.00298
0.00288
0.0028
0.00271
0.00263
0.00255
0.00248
0.00242
0.00236
0.00231
0.00226
0.00221
0.00218
0.00215
0.00213
0.00211
0.00211
0.0021
0.00211
0.00213
0.00215
0.00217
0.00221
0.00225
0.0023
0.00235
0.00241
0.00247
0.00255
0.00262
0.0027
0.00278
0.00287
0.00295
0.00305
0.00314
0.00324
0.00333
0.00343
0.00353
0.00363
0.00374
0.00384
0.00394
0.00404
0.00414
0.00425
0.00435
0.00445
0.00454
0.00465
0.00474
0.00484
0.00494
0.00503
0.00512
0.00522
0.00531
0.0054
0.00548
0.00557
0.00565
0.00573
0.00581
0.00588
0.00595
0.00603
0.00609
0.00615
0.00621
0.00627
0.00632
0.00637
0.00642
0.00646
0.0065
0.00654
0.00657
0.0066
0.00662
0.00665
0.00666
0.00668
0.00669
0.0067
0.00671
0.00671
0.00671
0.00671
0.00671
0.00671
0.00669
0.00669
0.00668
0.00667
0.00665
0.00665
0.00663
0.00662
0.0066
0.00659
0.00657
0.00656
0.00654
0.00653
0.00652
0.0065
0.00649
0.00648
0.00646
0.00645
0.00644
0.00643
0.00641
0.0064
0.00639
0.00637
0.00636
0.00634
0.00632
0.00631
0.00629
0.00626
0.00623
0.00621
0.00618
0.00614
0.0061
0.00606
0.00601
0.00597
0.00591
0.00585
0.00579
0.00572
0.00565
0.00557
0.00549
0.00541
0.00532
0.00523
0.00513
0.00504
0.00493
0.00484
0.00473
0.00462
0.00452
0.00441
0.0043
0.00418
0.00408
0.00396
0.00385
0.00375
0.00363
0.00352
0.00341
0.0033
0.00319
0.00308
0.00296
0.00286
0.00274
0.00263
0.00251
0.00239
0.00227
0.00215
0.00202
0.00189
0.00175
0.00162
0.00148
0.00134
0.00119
0.00104
0.00088
0.00073
0.00057
0.00041
0.00024
7e-05
-0.0001
-0.00027
-0.00044
-0.00061
-0.00079
-0.00095
-0.00113
-0.00129
-0.00146
-0.00162
-0.00178
-0.00193
-0.00208
-0.00223
-0.00237
-0.0025
-0.00263
-0.00275
-0.00287
-0.00297
-0.00308
-0.00318
-0.00327
-0.00335
-0.00344
-0.00351
-0.00358
-0.00364
-0.0037
-0.00375
-0.0038
-0.00385
-0.00389
-0.00393
-0.00397
-0.004
-0.00403
-0.00406
-0.00409
-0.00411
-0.00414
-0.00415
-0.00418
-0.00419
-0.00421
-0.00422
-0.00424
-0.00425
-0.00426
-0.00427
-0.00427
-0.00427
-0.00428
-0.00427
-0.00427
-0.00426
-0.00425
-0.00424
-0.00422
-0.0042
-0.00417
-0.00414
-0.00411
-0.00408
-0.00403
-0.00398
-0.00393
-0.00388
-0.00382
-0.00375
-0.00368
-0.00361
-0.00353
-0.00345
-0.00336
-0.00326
-0.00317
-0.00307
-0.00297
-0.00286
-0.00275
-0.00263
-0.00252
-0.00239
-0.00228
-0.00215
-0.00202
-0.00189
-0.00177
-0.00163
-0.00151
-0.00137
-0.00124
-0.00111
-0.00098
-0.00085
-0.00072
-0.0006
-0.00047
-0.00035
-0.00023
-0.00011
-0.0
0.00011
0.00022
0.00032
0.00042
0.00052
0.00061
0.00069
0.00078
0.00086
0.00093
0.001
0.00107
0.00114
0.00119
0.00125
0.0013
0.00135
0.0014
0.00144
0.00147
0.00151
0.00154
0.00157
0.0016
0.00162
0.00164
0.00166
0.00168
0.00169
0.0017
0.00171
0.00171
0.00172
0.00171
0.00172
0.00171
0.00171
0.0017
0.00169
0.00167
0.00166
0.00164
0.00162
0.0016
0.00158
0.00155
0.00153
0.0015
0.00148
0.00145
0.00142
0.00139
0.00136
0.00133
0.0013
0.00127
0.00124
0.00121
0.00119
0.00116
0.00114
0.00111
0.0011
0.00107
0.00106
0.00104
0.00103
0.00102
0.00101
0.00101
0.001
0.001
0.001
0.001
0.00101
0.00101
0.00102
0.00103
0.00104
0.00105
0.00107
0.00108
0.00109
0.0011
0.00112
0.00114
0.00115
0.00117
0.00118
0.0012
0.00121
0.00123
0.00124
0.00125
0.00127
0.00128
0.0013
0.00131
0.00133
0.00134
0.00136
0.00138
0.00139
0.00141
0.00142
0.00144
0.00146
0.00148
0.0015
0.00152
0.00154
0.00156
0.00158
0.0016
0.00163
0.00165
0.00167
0.00169
0.00172
0.00174
0.00176
0.00178
0.0018
0.00182
0.00184
0.00185
0.00187
0.00188
0.0019
0.00191
0.00192
0.00193
0.00194
0.00194
0.00194
0.00195
0.00195
0.00195
0.00194
0.00194
0.00194
0.00193
0.00192
0.00191
0.0019
0.00189
0.00188
0.00186
0.00184
0.00182
0.0018
0.00178
0.00175
0.00173
0.0017
0.00167
0.00164
0.0016
0.00157
0.00152
0.00148
0.00143
0.00139
0.00133
0.00128
0.00122
0.00115
0.00109
0.00101
0.00094
0.00087
0.00079
0.00071
0.00062
0.00054
0.00045
0.00036
0.00026
0.00017
7e-05
-3e-05
-0.00013
-0.00023
-0.00033
-0.00043
-0.00053
-0.00063
-0.00074
-0.00083
-0.00094
-0.00103
-0.00114
-0.00123
-0.00133
-0.00142
-0.00152
-0.00161
-0.0017
-0.00179
-0.00188
-0.00197
-0.00205
-0.00213
-0.00221
-0.00229
-0.00237
-0.00244
-0.00252
-0.00259
-0.00266
-0.00273
-0.00279
-0.00285
-0.00292
-0.00298
-0.00303
-0.00309
-0.00314
-0.00319
-0.00323
-0.00327
-0.00332
-0.00335
-0.00338
-0.00341
-0.00344
-0.00346
-0.00348
-0.00349
-0.0035
-0.00351
-0.00351
-0.00351
-0.00351
-0.00349
-0.00348
-0.00345
-0.00344
-0.00341
-0.00337
-0.00333
-0.00329
-0.00325
-0.0032
-0.00314
-0.00309
-0.00302
-0.00296
-0.00289
-0.00282
-0.00274
-0.00266
-0.00257
-0.00249
-0.0024
-0.00232
-0.00222
-0.00213
-0.00204
-0.00194
-0.00184
-0.00174
-0.00165
-0.00155
-0.00145
-0.00134
-0.00124
-0.00114
-0.00103
-0.00094
-0.00083
-0.00073
-0.00063
-0.00053
-0.00043
-0.00033
-0.00023
-0.00013
-3e-05
6e-05
0.00016
0.00025
0.00035
0.00044
0.00054
0.00062
0.00071
0.0008
0.00089
0.00097
0.00106
0.00113
0.00122
0.0013
0.00137
0.00144
0.00152
0.00159
0.00166
0.00173
0.0018
0.00185
0.00192
0.00198
0.00204
0.00209
0.00215
0.0022
0.00226
0.00231
0.00236
0.0024
0.00245
0.0025
0.00254
0.00259
0.00263
0.00267
0.00271
0.00275
0.00279
0.00282
0.00286
0.00289
0.00293
0.00296
0.00299
0.00301
0.00304
0.00306
0.00308
0.0031
0.00312
0.00312
0.00314
0.00314
0.00315
0.00315
0.00315
0.00315
0.00315
0.00314
0.00313
0.00312
0.0031
0.00309
0.00307
0.00306
0.00304
0.00302
0.003
0.00298
0.00296
0.00293
0.00292
0.00289
0.00287
0.00285
0.00283
0.00281
0.00279
0.00277
0.00275
0.00273
0.00271
0.00269
0.00267
0.00265
0.00263
0.00261
0.00259
0.00257
0.00255
0.00252
0.0025
0.00247
0.00245
0.00242
0.0024
0.00237
0.00235
0.00231
0.00229
0.00226
0.00223
0.0022
0.00217
0.00214
0.00212
0.00209
0.00206
0.00203
0.002
0.00197
0.00195
0.00193
0.0019
0.00187
0.00185
0.00183
0.00181
0.00178
0.00176
0.00174
0.00172
0.0017
0.00167
0.00165
0.00163
0.0016
0.00158
0.00156
0.00153
0.0015
0.00148
0.00145
0.00143
0.00139
0.00136
0.00133
0.0013
0.00127
0.00123
0.00119
0.00115
0.00112
0.00108
0.00104
0.001
0.00095
0.00091
0.00086
0.00082
0.00077
0.00072
0.00066
0.00062
0.00056
0.00051
0.00045
0.00039
0.00033
0.00028
0.00022
0.00016
9e-05
3e-05
-3e-05
-9e-05
-0.00015
-0.00021
-0.00028
-0.00034
-0.0004
-0.00046
-0.00052
-0.00058
-0.00064
-0.00069
-0.00075
-0.0008
-0.00086
-0.0009
-0.00095
-0.001
-0.00105
-0.00109
-0.00114
-0.00118
-0.00122
-0.00126
-0.00131
-0.00135
-0.00139
-0.00143
-0.00146
-0.0015
-0.00154
-0.00158
-0.00162
-0.00166
-0.0017
-0.00174
-0.00178
-0.00182
-0.00186
-0.0019
-0.00195
-0.00199
-0.00203
-0.00207
-0.00211
-0.00215
-0.00219
-0.00223
-0.00227
-0.0023
-0.00234
-0.00237
-0.00241
-0.00244
-0.00247
-0.0025
-0.00253
-0.00256
-0.00258
-0.00261
-0.00263
-0.00265
-0.00268
-0.00269
-0.00272
-0.00273
-0.00276
-0.00278
-0.0028
-0.00282
-0.00284
-0.00286
-0.00289
-0.00291
-0.00294
-0.00296
-0.00299
-0.00301
-0.00305
-0.00308
-0.00311
-0.00314
-0.00318
-0.00322
-0.00326
-0.00329
-0.00333
-0.00337
-0.00341
-0.00345
-0.00349
-0.00353
-0.00356
-0.0036
-0.00364
-0.00367
-0.00371
-0.00374
-0.00377
-0.0038
-0.00383
-0.00385
-0.00388
-0.0039
-0.00392
-0.00394
-0.00395
-0.00396
-0.00397
-0.00397
-0.00398
-0.00398
-0.00398
-0.00397
-0.00396
-0.00395
-0.00394
-0.00392
-0.0039
-0.00389
-0.00386
-0.00384
-0.00381
-0.00378
-0.00375
-0.00371
-0.00368
-0.00364
-0.0036
-0.00356
-0.00352
-0.00347
-0.00342
-0.00337
-0.00332
-0.00326
-0.0032
-0.00314
-0.00308
-0.00301
-0.00294
-0.00286
-0.00279
-0.00271
-0.00263
-0.00254
-0.00245
-0.00235
-0.00226
-0.00216
-0.00206
-0.00195
-0.00185
-0.00174
-0.00162
-0.00151
-0.00139
-0.00127
-0.00116
-0.00103
-0.00091
-0.00079
-0.00067
-0.00055
-0.00043
-0.00031
-0.00019
-8e-05
3e-05
0.00014
0.00025
0.00036
0.00046
0.00056
0.00065
0.00075
0.00084
0.00093
0.00101
0.0011
0.00117
0.00126
0.00133
0.0014
0.00147
0.00153
0.0016
0.00167
0.00173
0.00179
0.00185
0.00191
0.00197
0.00202
0.00208
0.00213
0.00218
0.00224
0.00228
0.00233
0.00237
0.00241
0.00246
0.0025
0.00253
0.00257
0.00259
0.00262
0.00264
0.00266
0.00267
0.00268
0.00268
0.00268
0.00268
0.00267
0.00265
0.00263
0.00261
0.00258
0.00255
0.00251
0.00246
0.00242
0.00237
0.00232
0.00226
0.0022
0.00214
0.00208
0.00201
0.00194
0.00187
0.00179
0.00172
0.00164
0.00157
0.00149
0.00141
0.00133
0.00125
0.00117
0.00109
0.00101
0.00092
0.00084
0.00075
0.00067
0.00058
0.00049
0.0004
0.00032
0.00022
0.00013
4e-05
-6e-05
-0.00015
-0.00025
-0.00035
-0.00045
-0.00055
-0.00065
-0.00076
-0.00086
-0.00097
-0.00107
-0.00118
-0.00129
-0.00139
-0.0015
-0.00161
-0.00171
-0.00182
-0.00192
-0.00203
-0.00212
-0.00223
-0.00232
-0.00242
-0.00251
-0.0026
-0.00269
-0.00277
-0.00285
-0.00292
-0.00299
-0.00306
-0.00313
-0.00319
-0.00324
-0.00329
-0.00333
-0.00338
-0.00341
-0.00344
-0.00347
-0.00349
-0.0035
-0.00351
-0.00351
-0.00351
-0.0035
-0.0035
-0.00348
-0.00346
-0.00343
-0.0034
-0.00336
-0.00332
-0.00326
-0.00321
-0.00315
-0.00309
-0.00302
-0.00295
-0.00287
-0.00278
-0.00269
-0.00261
-0.00251
-0.00241
-0.0023
-0.00219
-0.00208
-0.00196
-0.00184
-0.00172
-0.00159
-0.00146
-0.00133
-0.0012
-0.00106
-0.00092
-0.00078
-0.00064
-0.0005
-0.00036
-0.00021
-7e-05
8e-05
0.00022
0.00037
0.00051
0.00066
0.0008
0.00094
0.00108
0.00122
0.00136
0.0015
0.00163
0.00177
0.0019
0.00204
0.00217
0.0023
0.00242
0.00255
0.00267
0.00279
0.00291
0.00302
0.00314
0.00325
0.00335
0.00346
0.00356
0.00366
0.00376
0.00385
0.00394
0.00403
0.0041
0.00418
0.00426
0.00432
0.00439
0.00444
0.0045
0.00455
0.0046
0.00464
0.00467
0.00471
0.00473
0.00476
0.00477
0.00479
0.0048
0.00481
0.0048
0.0048
0.0048
0.00478
0.00477
0.00476
0.00474
0.00472
0.00469
0.00467
0.00464
0.00462
0.00458
0.00455
0.00451
0.00448
0.00444
0.0044
0.00436
0.00432
0.00428
0.00423
0.00419
0.00414
0.00409
0.00404
0.00399
0.00393
0.00387
0.00381
0.00374
0.00368
0.00361
0.00353
0.00346
0.00337
0.00329
0.00321
0.00311
0.00302
0.00292
0.00282
0.00271
0.00261
0.00249
0.00238
0.00226
0.00215
0.00202
0.0019
0.00177
0.00164
0.00152
0.00139
0.00126
0.00113
0.00099
0.00087
0.00074
0.00061
0.00048
0.00035
0.00022
0.0001
-2e-05
-0.00014
-0.00026
-0.00038
-0.0005
-0.00061
-0.00072
-0.00082
-0.00093
-0.00103
-0.00113
-0.00123
-0.00133
-0.00141
-0.00151
-0.00159
-0.00167
-0.00175
-0.00183
-0.00191
-0.00198
-0.00204
-0.00211
-0.00216
-0.00223
-0.00228
-0.00233
-0.00237
-0.00241
-0.00245
-0.00249
-0.00251
-0.00254
-0.00256
-0.00258
-0.00259
-0.0026
-0.00261
-0.00261
-0.0026
-0.0026
-0.00258
-0.00257
-0.00255
-0.00253
-0.00251
-0.00248
-0.00245
-0.00242
-0.00238
-0.00234
-0.00231
-0.00226
-0.00222
-0.00217
-0.00212
-0.00208
-0.00203
-0.00198
-0.00192
-0.00187
-0.00182
-0.00177
-0.00171
-0.00165
-0.0016
-0.00154
-0.00149
-0.00143
-0.00137
-0.00131
-0.00125
-0.0012
-0.00113
-0.00108
-0.00101
-0.00096
-0.00089
-0.00084
-0.00077
-0.00071
-0.00065
-0.00059
-0.00054
-0.00047
-0.00041
-0.00036
-0.00029
-0.00024
-0.00018
-0.00013
-7e-05
-2e-05
3e-05
8e-05
0.00014
0.00018
0.00023
0.00028
0.00033
0.00038
0.00043
0.00048
0.00053
0.00057
0.00063
0.00068
0.00074
0.00078
0.00085
0.0009
0.00097
0.00103
0.0011
0.00117
0.00124
0.00131
0.0014
0.00148
0.00157
0.00165
0.00175
0.00184
0.00195
0.00204
0.00215
0.00225
0.00237
0.00247
0.00259
0.0027
0.00281
0.00293
0.00304
0.00316
0.00328
0.00338
0.0035
0.00361
0.00373
0.00383
0.00395
0.00405
0.00416
0.00426
0.00436
0.00445
0.00455
0.00464
0.00473
0.00482
0.0049
0.00498
0.00506
0.00513
0.00521
0.00527
0.00533
0.00539
0.00545
0.0055
0.00554
0.00558
0.00561
0.00564
0.00567
0.00569
0.0057
0.0057
0.0057
0.00569
0.00568
0.00566
0.00563
0.00559
0.00555
0.0055
0.00544
0.00537
0.00529
0.00521
0.00513
0.00503
0.00493
0.00482
0.00471
0.00458
0.00446
0.00432
0.00418
0.00404
0.00389
0.00374
0.00358
0.00343
0.00326
0.0031
0.00294
0.00277
0.0026
0.00243
0.00226
0.00209
0.00192
0.00174
0.00158
0.0014
0.00124
0.00107
0.0009
0.00073
0.00056
0.0004
0.00024
8e-05
-7e-05
-0.00023
-0.00038
-0.00054
-0.00068
-0.00083
-0.00098
-0.00112
-0.00126
-0.0014
-0.00153
-0.00166
-0.00179
-0.00192
-0.00204
-0.00216
-0.00227
-0.00239
-0.00249
-0.0026
-0.0027
-0.0028
-0.00289
-0.00298
-0.00306
-0.00314
-0.00321
-0.00328
-0.00334
-0.0034
-0.00345
-0.00349
-0.00353
-0.00357
-0.00359
-0.00361
-0.00362
-0.00364
-0.00364
-0.00364
-0.00362
-0.00361
-0.00359
-0.00356
-0.00353
-0.00349
-0.00344
-0.00339
-0.00333
-0.00328
-0.00321
-0.00314
-0.00306
-0.00299
-0.0029
-0.00282
-0.00273
-0.00264
-0.00254
-0.00245
-0.00235
-0.00225
-0.00215
-0.00204
-0.00194
-0.00184
-0.00173
-0.00163
-0.00152
-0.00142
-0.00131
-0.00122
-0.00111
-0.00101
-0.00091
-0.00081
-0.00072
-0.00062
-0.00053
-0.00044
-0.00034
-0.00026
-0.00017
-9e-05
-0.0
7e-05
0.00015
0.00022
0.0003
0.00037
0.00044
0.0005
0.00056
0.00062
0.00068
0.00074
0.00079
0.00083
0.00088
0.00092
0.00097
0.001
0.00104
0.00106
0.0011
0.00112
0.00114
0.00116
0.00117
0.00119
0.0012
0.00121
0.00122
0.00122
0.00123
0.00123
0.00124
0.00124
0.00124
0.00124
0.00124
0.00124
0.00124
0.00124
0.00124
0.00125
0.00125
0.00126
0.00127
0.00127
0.00128
0.00129
0.00131
0.00131
0.00133
0.00135
0.00137
0.00139
0.00141
0.00143
0.00145
0.00148
0.0015
0.00153
0.00156
0.00158
0.00161
0.00163
0.00166
0.00169
0.00172
0.00174
0.00177
0.0018
0.00182
0.00185
0.00188
0.0019
0.00193
0.00196
0.00199
0.00202
0.00205
0.00208
0.00211
0.00214
0.00218
0.00221
0.00225
0.00229
0.00232
0.00236
0.0024
0.00245
0.0025
0.00254
0.00259
0.00263
0.00269
0.00273
0.00279
0.00284
0.00289
0.00294
0.00299
0.00304
0.00309
0.00314
0.00319
0.00324
0.00329
0.00333
0.00338
0.00341
0.00346
0.00349
0.00353
0.00356
0.00359
0.00361
0.00364
0.00366
0.00368
0.0037
0.00372
0.00373
0.00375
0.00376
0.00377
0.00378
0.00379
0.00379
0.0038
0.0038
0.00381
0.00381
0.00382
0.00383
0.00383
0.00384
0.00384
0.00385
0.00386
0.00386
0.00387
0.00387
0.00388
0.00388
0.00389
0.00389
0.0039
0.0039
0.0039
0.0039
0.00389
0.00389
0.00388
0.00387
0.00386
0.00385
0.00383
0.0038
0.00378
0.00376
0.00373
0.00369
0.00366
0.00362
0.00358
0.00353
0.00348
0.00343
0.00338
0.00332
0.00326
0.0032
0.00314
0.00307
0.00301
0.00294
0.00287
0.00279
0.00272
0.00264
0.00257
0.00249
0.00241
0.00233
0.00225
0.00217
0.00209
0.00201
0.00193
0.00184
0.00176
0.00167
0.00158
0.00149
0.00141
0.00131
0.00123
0.00113
0.00104
0.00095
0.00085
0.00076
0.00067
0.00057
0.00048
0.00038
0.00029
0.00019
0.0001
0.0
-9e-05
-0.00018
-0.00027
-0.00036
-0.00044
-0.00053
-0.00061
-0.00069
-0.00076
-0.00084
-0.0009
-0.00098
-0.00104
-0.0011
-0.00115
-0.00121
-0.00125
-0.0013
-0.00134
-0.00138
-0.00141
-0.00144
-0.00147
-0.00149
-0.00151
-0.00152
-0.00153
-0.00155
-0.00156
-0.00156
-0.00156
-0.00157
-0.00157
-0.00157
-0.00156
-0.00157
-0.00156
-0.00156
-0.00156
-0.00156
-0.00156
-0.00155
-0.00155
-0.00156
-0.00155
-0.00156
-0.00156
-0.00157
-0.00157
-0.00158
-0.00158
-0.0016
-0.00161
-0.00162
-0.00163
-0.00165
-0.00166
-0.00167
-0.00168
-0.0017
-0.00171
-0.00173
-0.00174
-0.00176
-0.00177
-0.00179
-0.0018
-0.00181
-0.00182
-0.00184
-0.00185
-0.00186
-0.00186
-0.00187
-0.00187
-0.00188
-0.00188
-0.00189
-0.00188
-0.00189
-0.00188
-0.00188
-0.00187
-0.00187
-0.00186
-0.00186
-0.00185
-0.00183
-0.00182
-0.0018
-0.00178
-0.00177
-0.00174
-0.00172
-0.00169
-0.00167
-0.00163
-0.0016
-0.00156
-0.00153
-0.00149
-0.00144
-0.0014
-0.00135
-0.0013
-0.00124
-0.00119
-0.00113
-0.00107
-0.00101
-0.00094
-0.00088
-0.00081
-0.00075
-0.00068
-0.00061
-0.00054
-0.00048
-0.00041
-0.00034
-0.00028
-0.00021
-0.00015
-9e-05
-3e-05
3e-05
9e-05
0.00014
0.00019
0.00024
0.00029
0.00033
0.00037
0.00041
0.00044
0.00048
0.00051
0.00054
0.00057
0.0006
0.00062
0.00065
0.00067
0.00069
0.00071
0.00073
0.00075
0.00077
0.00079
0.00081
0.00083
0.00085
0.00087
0.00089
0.00091
0.00093
0.00095
0.00097
0.001
0.00102
0.00104
0.00106
0.00109
0.0011
0.00113
0.00115
0.00117
0.00119
0.00121
0.00122
0.00125
0.00126
0.00128
0.00129
0.00131
0.00132
0.00133
0.00134
0.00135
0.00136
0.00137
0.00138
0.00138
0.00139
0.0014
0.00141
0.00142
0.00142
0.00143
0.00144
0.00145
0.00146
0.00147
0.00148
0.0015
0.00151
0.00153
0.00154
0.00156
0.00158
0.0016
0.00162
0.00165
0.00167
0.0017
0.00172
0.00175
0.00177
0.0018
0.00182
0.00185
0.00188
0.0019
0.00193
0.00195
0.00198
0.002
0.00202
0.00205
0.00206
0.00209
0.0021
0.00212
0.00213
0.00215
0.00216
0.00218
0.00218
0.00219
0.0022
0.00221
0.00222
0.00222
0.00223
0.00224
0.00224
0.00225
0.00225
0.00226
0.00226
0.00226
0.00226
0.00227
0.00228
0.00228
0.00228
0.00228
0.00229
0.0023
0.0023
0.00231
0.00231
0.00232
0.00232
0.00233
0.00233
0.00234
0.00235
0.00236
0.00237
0.00238
0.00239
0.0024
0.00241
0.00243
0.00245
0.00247
0.00249
0.00251
0.00254
0.00257
0.00259
0.00263
0.00266
0.0027
0.00273
0.00277
0.00282
0.00286
0.00291
0.00296
0.00301
0.00306
0.00311
0.00316
0.00321
0.00327
0.00331
0.00337
0.00341
0.00347
0.00351
0.00356
0.0036
0.00364
0.00368
0.00371
0.00375
0.00378
0.0038
0.00383
0.00385
0.00387
0.00388
0.0039
0.00391
0.00392
0.00392
0.00393
0.00393
0.00392
0.00392
0.00392
0.00391
0.00391
0.00389
0.00388
0.00386
0.00385
0.00383
0.00381
0.00378
0.00376
0.00373
0.0037
0.00367
0.00363
0.00359
0.00355
0.0035
0.00345
0.00339
0.00334
0.00327
0.00321
0.00314
0.00307
0.00299
0.00291
0.00282
0.00274
0.00265
0.00255
0.00246
0.00237
0.00228
0.00218
0.00208
0.00199
0.00189
0.0018
0.00171
0.00162
0.00153
0.00145
0.00136
0.00128
0.00121
0.00113
0.00106
0.001
0.00094
0.00088
0.00082
0.00078
0.00073
0.00068
0.00064
0.0006
0.00056
0.00054
0.0005
0.00047
0.00045
0.00042
0.0004
0.00038
0.00036
0.00034
0.00032
0.00031
0.00029
0.00028
0.00027
0.00026
0.00025
0.00024
0.00023
0.00023
0.00022
0.00022
0.00022
0.00022
0.00023
0.00023
0.00023
0.00025
0.00025
0.00027
0.00027
0.00029
0.0003
0.00032
0.00034
0.00036
0.00038
0.00039
0.00042
0.00044
0.00046
0.00049
0.00051
0.00053
0.00055
0.00058
0.0006
0.00063
0.00065
0.00068
0.0007
0.00073
0.00075
0.00078
0.00081
0.00084
0.00088
0.00091
0.00095
0.00099
0.00102
0.00107
0.00111
0.00116
0.0012
0.00126
0.00131
0.00137
0.00142
0.00148
0.00154
0.00161
0.00167
0.00174
0.0018
0.00188
0.00194
0.00202
0.00208
0.00215
0.00221
0.00229
0.00235
0.00241
0.00248
0.00254
0.0026
0.00266
0.00271
0.00277
0.00281
0.00286
0.00291
0.00295
0.00299
0.00303
0.00306
0.0031
0.00313
0.00316
0.00318
0.0032
0.00322
0.00325
0.00326
0.00328
0.00329
0.0033
0.0033
0.00332
0.00331
0.00332
0.00331
0.00332
0.00331
0.0033
0.00329
0.00327
0.00326
0.00324
0.00322
0.0032
0.00317
0.00314
0.0031
0.00307
0.00303
0.00299
0.00294
0.00289
0.00284
0.00278
0.00272
0.00266
0.00259
0.00253
0.00246
0.00239
0.00231
0.00223
0.00215
0.00207
0.00198
0.0019
0.00181
0.00173
0.00164
0.00154
0.00145
0.00136
0.00127
0.00118
0.00108
0.00099
0.00089
0.0008
0.0007
0.00061
0.00051
0.00041
0.00031
0.00022
0.00012
2e-05
-8e-05
-0.00018
-0.00028
-0.00037
-0.00047
-0.00057
-0.00068
-0.00077
-0.00087
-0.00097
-0.00107
-0.00117
-0.00127
-0.00137
-0.00147
-0.00156
-0.00166
-0.00175
-0.00184
-0.00193
-0.00202
-0.0021
-0.00219
-0.00226
-0.00234
-0.00241
-0.00248
-0.00254
-0.0026
-0.00265
-0.0027
-0.00275
-0.00279
-0.00283
-0.00286
-0.00288
-0.0029
-0.00292
-0.00293
-0.00294
-0.00294
-0.00293
-0.00293
-0.00292
-0.00291
-0.00288
-0.00287
-0.00284
-0.00282
-0.00279
-0.00275
-0.00272
-0.00268
-0.00264
-0.00261
-0.00256
-0.00252
-0.00248
-0.00244
-0.00239
-0.00235
-0.00229
-0.00225
-0.0022
-0.00215
-0.0021
-0.00205
-0.00199
-0.00194
-0.00188
-0.00183
-0.00178
-0.00172
-0.00166
-0.00161
-0.00155
-0.0015
-0.00143
-0.00138
-0.00132
-0.00127
-0.00121
-0.00116
-0.0011
-0.00105
-0.00099
-0.00095
-0.0009
-0.00085
-0.0008
-0.00077
-0.00072
-0.00069
-0.00066
-0.00063
-0.0006
-0.00058
-0.00056
-0.00054
-0.00053
-0.00052
-0.00051
-0.00051
-0.0005
-0.00051
-0.0005
-0.00051
-0.00052
-0.00053
-0.00054
-0.00055
-0.00057
-0.00058
-0.0006
-0.00062
-0.00063
-0.00065
-0.00066
-0.00068
-0.0007
-0.00072
-0.00073
-0.00075
-0.00077
-0.00079
-0.0008
-0.00081
-0.00083
-0.00085
-0.00086
-0.00087
-0.00089
-0.0009
-0.00091
-0.00092
-0.00093
-0.00094
-0.00095
-0.00096
-0.00097
-0.00098
-0.00098
-0.00098
-0.00099
-0.00099
-0.00099
-0.00099
-0.00098
-0.00098
-0.00097
-0.00097
-0.00096
-0.00095
-0.00093
-0.00092
-0.0009
-0.00088
-0.00086
-0.00084
-0.00081
-0.00079
-0.00076
-0.00073
-0.0007
-0.00067
-0.00063
-0.0006
-0.00056
-0.00053
-0.00048
-0.00045
-0.00041
-0.00037
-0.00032
-0.00028
-0.00023
-0.00019
-0.00014
-9e-05
-4e-05
2e-05
7e-05
0.00012
0.00018
0.00024
0.0003
0.00035
0.00042
0.00048
0.00055
0.00061
0.00067
0.00074
0.0008
0.00087
0.00094
0.00101
0.00108
0.00114
0.00121
0.00127
0.00133
0.00139
0.00145
0.0015
0.00156
0.00161
0.00166
0.0017
0.00174
0.00178
0.00182
0.00185
0.00188
0.0019
0.00192
0.00194
0.00196
0.00196
0.00197
0.00197
0.00197
0.00197
0.00196
0.00195
0.00193
0.00192
0.0019
0.00188
0.00186
0.00182
0.0018
0.00176
0.00174
0.0017
0.00166
0.00162
0.00158
0.00153
0.00148
0.00143
0.00137
0.00131
0.00126
0.00119
0.00113
0.00106
0.00099
0.00091
0.00084
0.00076
0.00068
0.00059
0.00051
0.00042
0.00032
0.00023
0.00013
4e-05
-6e-05
-0.00016
-0.00025
-0.00036
-0.00045
-0.00056
-0.00065
-0.00076
-0.00085
-0.00095
-0.00105
-0.00114
-0.00124
-0.00133
-0.00143
-0.00151
-0.0016
-0.00169
-0.00177
-0.00185
-0.00193
-0.00201
-0.00209
-0.00217
-0.00223
-0.00231
-0.00238
-0.00245
-0.00251
-0.00258
-0.00264
-0.0027
-0.00276
-0.00281
-0.00287
-0.00293
-0.00297
-0.00302
-0.00306
-0.00311
-0.00315
-0.00319
-0.00322
-0.00325
-0.00328
-0.00331
-0.00333
-0.00335
-0.00337
-0.00338
-0.00338
-0.00339
-0.00339
-0.00339
-0.00338
-0.00338
-0.00337
-0.00335
-0.00333
-0.00331
-0.00329
-0.00326
-0.00323
-0.0032
-0.00316
-0.00312
-0.00308
-0.00304
-0.00299
-0.00295
-0.00289
-0.00285
-0.00279
-0.00274
-0.00268
-0.00262
-0.00256
-0.0025
-0.00244
-0.00238
-0.00231
-0.00225
-0.00218
-0.00212
-0.00205
-0.00199
-0.00191
-0.00185
-0.00178
-0.00172
-0.00165
-0.00159
-0.00152
-0.00146
-0.0014
-0.00133
-0.00127
-0.00121
-0.00115
-0.00109
-0.00103
-0.00098
-0.00092
-0.00087
-0.00082
-0.00077
-0.00072
-0.00067
-0.00063
-0.00058
-0.00054
-0.0005
-0.00046
-0.00042
-0.00038
-0.00034
-0.0003
-0.00027
-0.00024
-0.00021
-0.00018
-0.00015
-0.00012
-9e-05
-7e-05
-5e-05
-2e-05
-0.0
2e-05
4e-05
6e-05
7e-05
9e-05
0.0001
0.00011
0.00012
0.00013
0.00014
0.00015
0.00015
0.00016
0.00016
0.00016
0.00017
0.00017
0.00017
0.00017
0.00017
0.00017
0.00016
0.00016
0.00015
0.00015
0.00014
0.00013
0.00012
0.00011
0.0001
8e-05
7e-05
6e-05
4e-05
3e-05
0.0
-1e-05
-4e-05
-6e-05
-8e-05
-0.0001
-0.00013
-0.00015
-0.00018
-0.0002
-0.00023
-0.00025
-0.00027
-0.00029
-0.00032
-0.00034
-0.00036
-0.00038
-0.0004
-0.00041
-0.00043
-0.00044
-0.00045
-0.00045
-0.00046
-0.00047
-0.00047
-0.00048
-0.00048
-0.00047
-0.00047
-0.00046
-0.00046
-0.00044
-0.00043
-0.00042
-0.00041
-0.00039
-0.00037
-0.00035
-0.00033
-0.00031
-0.00028
-0.00026
-0.00023
-0.0002
-0.00016
-0.00013
-0.0001
-6e-05
-2e-05
3e-05
7e-05
0.00012
0.00016
0.00021
0.00026
0.00032
0.00037
0.00043
0.00048
0.00054
0.0006
0.00067
0.00073
0.00079
0.00085
0.00092
0.00098
0.00105
0.00111
0.00118
0.00124
0.00131
0.00137
0.00143
0.00149
0.00155
0.00161
0.00167
0.00172
0.00178
0.00183
0.00189
0.00194
0.00199
0.00204
0.00209
0.00214
0.00218
0.00223
0.00227
0.00231
0.00235
0.00239
0.00243
0.00246
0.0025
0.00253
0.00256
0.00259
0.00262
0.00264
0.00267
0.00268
0.0027
0.00272
0.00273
0.00275
0.00276
0.00277
0.00278
0.00278
0.00279
0.00279
0.0028
0.0028
0.0028
0.0028
0.0028
0.00279
0.00279
0.00278
0.00278
0.00277
0.00277
0.00276
0.00276
0.00274
0.00274
0.00273
0.00272
0.00271
0.0027
0.00268
0.00267
0.00266
0.00264
0.00262
0.0026
0.00258
0.00256
0.00254
0.00252
0.00248
0.00246
0.00243
0.0024
0.00237
0.00233
0.0023
0.00227
0.00223
0.00219
0.00215
0.00211
0.00207
0.00204
0.002
0.00196
0.00192
0.00188
0.00184
0.00181
0.00176
0.00173
0.00169
0.00165
0.00161
0.00157
0.00153
0.00149
0.00145
0.00142
0.00138
0.00134
0.00129
0.00125
0.00121
0.00117
0.00112
0.00107
0.00102
0.00098
0.00093
0.00088
0.00084
0.00079
0.00074
0.00069
0.00065
0.00061
0.00056
0.00052
0.00047
0.00043
0.00039
0.00036
0.00032
0.00029
0.00025
0.00022
0.00019
0.00016
0.00013
0.00011
9e-05
7e-05
4e-05
2e-05
-0.0
-2e-05
-4e-05
-6e-05
-9e-05
-0.0001
-0.00013
-0.00015
-0.00017
-0.00019
-0.00022
-0.00024
-0.00026
-0.00028
-0.00032
-0.00034
-0.00036
-0.00038
-0.00041
-0.00043
-0.00046
-0.00047
-0.0005
-0.00052
-0.00054
-0.00056
-0.00057
-0.00058
-0.00059
-0.0006
-0.00062
-0.00062
-0.00063
-0.00063
-0.00064
-0.00064
-0.00064
-0.00063
-0.00063
-0.00063
-0.00063
-0.00063
-0.00062
-0.00061
-0.00061
-0.0006
-0.00059
-0.00058
-0.00058
-0.00057
-0.00056
-0.00055
-0.00054
-0.00052
-0.00051
-0.0005
-0.00049
-0.00047
-0.00045
-0.00043
-0.00041
-0.00039
-0.00037
-0.00035
-0.00032
-0.00029
-0.00027
-0.00023
-0.00021
-0.00017
-0.00014
-0.0001
-7e-05
-3e-05
1e-05
5e-05
9e-05
0.00013
0.00016
0.00021
0.00025
0.00029
