6.62175566549323E+02

0.00015
0.00018
0.00022
0.00026
0.00031
0.00036
0.00041
0.00047
0.00052
0.00058
0.00065
0.00071
0.00079
0.00085
0.00093
0.00101
0.00109
0.00117
0.00125
0.00134
0.00143
0.00152
0.00161
0.0017
0.00179
0.00188
0.00198
0.00207
0.00217
0.00226
0.00236
0.00244
0.00254
0.00262
0.00271
0.00279
0.00288
0.00295
0.00303
0.0031
0.00317
0.00324
0.0033
0.00336
0.00342
0.00347
0.00352
0.00356
0.0036
0.00364
0.00368
0.0037
0.00374
0.00376
0.00378
0.0038
0.00381
0.00383
0.00384
0.00385
0.00386
0.00386
0.00387
0.00387
0.00387
0.00387
0.00387
0.00387
0.00387
0.00386
0.00385
0.00384
0.00384
0.00383
0.00382
0.00381
0.0038
0.00378
0.00378
0.00376
0.00375
0.00373
0.00372
0.00369
0.00368
0.00366
0.00364
0.00361
0.00359
0.00357
0.00354
0.00352
0.00349
0.00345
0.00343
0.00339
0.00336
0.00332
0.00329
0.00324
0.00321
0.00316
0.00312
0.00308
0.00303
0.00299
0.00294
0.0029
0.00285
0.0028
0.00275
0.0027
0.00265
0.0026
0.00255
0.0025
0.00246
0.0024
0.00236
0.00231
0.00226
0.00222
0.00217
0.00213
0.00209
0.00204
0.00201
0.00196
0.00193
0.00189
0.00185
0.00182
0.00179
0.00175
0.00172
0.00168
0.00165
0.00162
0.00159
0.00156
0.00153
0.0015
0.00147
0.00144
0.00141
0.00137
0.00134
0.0013
0.00127
0.00123
0.00119
0.00115
0.00111
0.00107
0.00102
0.00098
0.00093
0.00088
0.00083
0.00078
0.00073
0.00067
0.00061
0.00055
0.0005
0.00044
0.00038
0.00031
0.00025
0.00019
0.00012
6e-05
-0.0
-7e-05
-0.00013
-0.0002
-0.00026
-0.00033
-0.0004
-0.00047
-0.00053
-0.0006
-0.00067
-0.00073
-0.0008
-0.00087
-0.00094
-0.001
-0.00107
-0.00115
-0.00121
-0.00129
-0.00135
-0.00143
-0.0015
-0.00158
-0.00165
-0.00172
-0.0018
-0.00187
-0.00195
-0.00203
-0.00211
-0.00218
-0.00226
-0.00234
-0.00241
-0.00249
-0.00257
-0.00264
-0.00271
-0.00279
-0.00285
-0.00292
-0.00299
-0.00305
-0.00311
-0.00316
-0.00321
-0.00326
-0.0033
-0.00335
-0.00337
-0.00341
-0.00343
-0.00345
-0.00346
-0.00347
-0.00347
-0.00347
-0.00346
-0.00345
-0.00343
-0.0034
-0.00337
-0.00334
-0.00329
-0.00325
-0.0032
-0.00315
-0.00308
-0.00302
-0.00295
-0.00288
-0.00279
-0.00271
-0.00263
-0.00253
-0.00244
-0.00234
-0.00223
-0.00213
-0.00201
-0.0019
-0.00178
-0.00166
-0.00153
-0.00141
-0.00127
-0.00114
-0.001
-0.00086
-0.00072
-0.00058
-0.00044
-0.00029
-0.00014
0.0
0.00015
0.0003
0.00045
0.00059
0.00074
0.00088
0.00102
0.00116
0.00131
0.00144
0.00157
0.0017
0.00183
0.00195
0.00207
0.00219
0.00231
0.00241
0.00252
0.00262
0.00272
0.00281
0.0029
0.00298
0.00307
0.00314
0.00321
0.00328
0.00334
0.0034
0.00346
0.00351
0.00355
0.00359
0.00363
0.00365
0.00368
0.0037
0.00372
0.00372
0.00373
0.00373
0.00372
0.00371
0.00369
0.00367
0.00364
0.0036
0.00357
0.00352
0.00347
0.00341
0.00336
0.00329
0.00322
0.00315
0.00308
0.00299
0.00291
0.00283
0.00274
0.00265
0.00256
0.00247
0.00238
0.00228
0.00219
0.0021
0.00201
0.00191
0.00182
0.00173
0.00164
0.00155
0.00146
0.00138
0.00129
0.00121
0.00113
0.00105
0.00097
0.00088
0.00081
0.00073
0.00066
0.00058
0.00051
0.00044
0.00037
0.0003
0.00022
0.00015
8e-05
2e-05
-5e-05
-0.00011
-0.00018
-0.00025
-0.0003
-0.00037
-0.00042
-0.00049
-0.00054
-0.0006
-0.00065
-0.00071
-0.00076
-0.00081
-0.00085
-0.0009
-0.00094
-0.00098
-0.00101
-0.00105
-0.00108
-0.00112
-0.00114
-0.00117
-0.0012
-0.00122
-0.00124
-0.00127
-0.00129
-0.00131
-0.00133
-0.00134
-0.00135
-0.00137
-0.00138
-0.0014
-0.00141
-0.00142
-0.00143
-0.00144
-0.00145
-0.00146
-0.00146
-0.00147
-0.00148
-0.00149
-0.0015
-0.0015
-0.00151
-0.00151
-0.00151
-0.00152
-0.00152
-0.00153
-0.00153
-0.00153
-0.00153
-0.00153
-0.00153
-0.00153
-0.00153
-0.00152
-0.00152
-0.00152
-0.00151
-0.0015
-0.00149
-0.00149
-0.00148
-0.00147
-0.00146
-0.00145
-0.00143
-0.00142
-0.0014
-0.00138
-0.00137
-0.00135
-0.00133
-0.0013
-0.00128
-0.00125
-0.00122
-0.00119
-0.00116
-0.00112
-0.00108
-0.00105
-0.00101
-0.00097
-0.00092
-0.00088
-0.00084
-0.00079
-0.00075
-0.0007
-0.00065
-0.00059
-0.00054
-0.0005
-0.00044
-0.00039
-0.00033
-0.00029
-0.00023
-0.00019
-0.00013
-9e-05
-4e-05
1e-05
5e-05
9e-05
0.00014
0.00018
0.00022
0.00025
0.00028
0.00031
0.00034
0.00036
0.00039
0.00041
0.00043
0.00044
0.00045
0.00046
0.00046
0.00047
0.00047
0.00047
0.00046
0.00045
0.00044
0.00043
0.00042
0.0004
0.00038
0.00036
0.00034
0.00031
0.00029
0.00026
0.00023
0.00021
0.00018
0.00015
0.00012
8e-05
5e-05
2e-05
-1e-05
-5e-05
-8e-05
-0.00011
-0.00014
-0.00018
-0.00021
-0.00024
-0.00028
-0.00031
-0.00034
-0.00038
-0.00041
-0.00045
-0.00047
-0.00051
-0.00054
-0.00058
-0.00061
-0.00064
-0.00067
-0.0007
-0.00073
-0.00076
-0.00079
-0.00082
-0.00084
-0.00086
-0.00088
-0.00091
-0.00092
-0.00094
-0.00095
-0.00097
-0.00097
-0.00098
-0.00098
-0.00098
-0.00098
-0.00098
-0.00097
-0.00096
-0.00095
-0.00093
-0.00091
-0.00089
-0.00086
-0.00084
-0.00081
-0.00078
-0.00075
-0.00071
-0.00067
-0.00064
-0.0006
-0.00056
-0.00052
-0.00048
-0.00043
-0.00039
-0.00034
-0.0003
-0.00025
-0.00021
-0.00017
-0.00013
-8e-05
-4e-05
0.0
4e-05
8e-05
0.00012
0.00015
0.00019
0.00023
0.00026
0.0003
0.00032
0.00035
0.00038
0.0004
0.00042
0.00045
0.00046
0.00049
0.0005
0.00052
0.00053
0.00054
0.00055
0.00056
0.00057
0.00058
0.00058
0.00059
0.0006
0.0006
0.00061
0.00061
0.00062
0.00063
0.00063
0.00064
0.00065
0.00066
0.00067
0.00069
0.0007
0.00072
0.00073
0.00075
0.00076
0.00078
0.0008
0.00082
0.00084
0.00086
0.00088
0.0009
0.00091
0.00093
0.00095
0.00096
0.00097
0.00098
0.00099
0.00099
0.00099
0.00099
0.00098
0.00097
0.00096
0.00094
0.00092
0.00089
0.00086
0.00083
0.00079
0.00075
0.00071
0.00066
0.0006
0.00056
0.00049
0.00044
0.00037
0.00031
0.00024
0.00017
0.0001
3e-05
-4e-05
-0.00011
-0.00018
-0.00025
-0.00032
-0.00039
-0.00046
-0.00053
-0.0006
-0.00066
-0.00072
-0.00078
-0.00084
-0.00089
-0.00095
-0.001
-0.00105
-0.00109
-0.00113
-0.00117
-0.0012
-0.00123
-0.00126
-0.00128
-0.0013
-0.00132
-0.00133
-0.00134
-0.00135
-0.00135
-0.00135
-0.00134
-0.00134
-0.00133
-0.00131
-0.00129
-0.00127
-0.00124
-0.00121
-0.00118
-0.00114
-0.0011
-0.00106
-0.00101
-0.00096
-0.0009
-0.00084
-0.00078
-0.00071
-0.00064
-0.00056
-0.00048
-0.0004
-0.00031
-0.00023
-0.00013
-3e-05
7e-05
0.00017
0.00028
0.00039
0.00051
0.00062
0.00074
0.00086
0.00098
0.00111
0.00124
0.00137
0.0015
0.00163
0.00176
0.00189
0.00203
0.00216
0.00229
0.00242
0.00256
0.00269
0.00282
0.00295
0.00308
0.00321
0.00334
0.00346
0.00359
0.00371
0.00384
0.00396
0.00408
0.00419
0.00431
0.00443
0.00455
0.00466
0.00477
0.00488
0.00499
0.0051
0.0052
0.00531
0.00541
0.00551
0.00561
0.0057
0.0058
0.00589
0.00598
0.00606
0.00615
0.00623
0.00631
0.00638
0.00645
0.00653
0.0066
0.00666
0.00673
0.00679
0.00685
0.00691
0.00697
0.00702
0.00708
0.00713
0.00719
0.00724
0.00729
0.00735
0.0074
0.00746
0.00752
0.00757
0.00763
0.00769
0.00775
0.00782
0.00788
0.00795
0.00802
0.00809
0.00816
0.00824
0.00831
0.00838
0.00846
0.00854
0.00862
0.0087
0.00878
0.00886
0.00895
0.00903
0.00911
0.00919
0.00928
0.00936
0.00945
0.00953
0.00962
0.0097
0.00979
0.00988
0.00997
0.01006
0.01016
0.01025
0.01035
0.01045
0.01056
0.01066
0.01077
0.01088
0.011
0.01112
0.01124
0.01137
0.0115
0.01163
0.01178
0.01192
0.01207
0.01222
0.01238
0.01254
0.01271
0.01287
0.01305
0.01322
0.0134
0.01358
0.01377
0.01396
0.01415
0.01434
0.01454
0.01473
0.01493
0.01513
0.01533
0.01553
0.01574
0.01594
0.01615
0.01635
0.01656
0.01677
0.01697
0.01718
0.01738
0.01759
0.0178
0.018
0.01821
0.01841
0.01861
0.01881
0.01901
0.01921
0.01941
0.0196
0.0198
0.01998
0.02017
0.02035
0.02053
0.02071
0.02089
0.02105
0.02122
0.02138
0.02153
0.02168
0.02182
0.02196
0.02209
0.02221
0.02232
0.02243
0.02253
0.02262
0.02271
0.02279
0.02286
0.02292
0.02297
0.02302
0.02306
0.02308
0.02311
0.02312
0.02313
0.02312
0.02312
0.0231
0.02308
0.02305
0.02301
0.02297
0.02293
0.02287
0.02281
0.02275
0.02268
0.02261
0.02253
0.02245
0.02236
0.02227
0.02218
0.02209
0.02199
0.02189
0.02178
0.02167
0.02156
0.02145
0.02134
0.02121
0.0211
0.02097
0.02085
0.02072
0.02059
0.02046
0.02032
0.02019
0.02005
0.01991
0.01976
0.01962
0.01948
0.01933
0.01918
0.01903
0.01888
0.01873
0.01858
0.01842
0.01827
0.01812
0.01797
0.01782
0.01767
0.01752
0.01737
0.01723
0.01708
0.01694
0.0168
0.01666
0.01653
0.01639
0.01626
0.01613
0.01601
0.01588
0.01577
0.01565
0.01553
0.01542
0.0153
0.0152
0.01509
0.01499
0.01489
0.01478
0.01468
0.01458
0.01449
0.01438
0.01429
0.01419
0.0141
0.014
0.01391
0.01381
0.01371
0.01362
0.01352
0.01343
0.01334
0.01324
0.01314
0.01305
0.01296
0.01286
0.01277
0.01268
0.01259
0.0125
0.01242
0.01233
0.01225
0.01217
0.01209
0.01201
0.01194
0.01186
0.01179
0.01172
0.01165
0.01159
0.01152
0.01146
0.0114
0.01134
0.01128
0.01121
0.01115
0.0111
0.01104
0.01097
0.01092
0.01085
0.01079
0.01072
0.01066
0.01058
0.01051
0.01044
0.01037
0.01029
0.01021
0.01013
0.01004
0.00996
0.00987
0.00979
0.0097
0.0096
0.00952
0.00943
0.00934
0.00925
0.00916
0.00907
0.00898
0.00889
0.00881
0.00872
0.00864
0.00856
0.00849
0.00841
0.00835
0.00827
0.00821
0.00814
0.00808
0.00802
0.00797
0.00791
0.00786
0.0078
0.00775
0.00771
0.00766
0.00761
0.00757
0.00752
0.00748
0.00743
0.00739
0.00734
0.0073
0.00725
0.0072
0.00715
0.00711
0.00705
0.007
0.00695
0.0069
0.00684
0.00679
0.00673
0.00667
0.00661
0.00656
0.00649
0.00643
0.00637
0.00631
0.00625
0.00619
0.00613
0.00607
0.00601
0.00595
0.00589
0.00584
0.00578
0.00573
0.00568
0.00563
0.00558
0.00554
0.00549
0.00545
0.00541
0.00538
0.00534
0.0053
0.00527
0.00524
0.00521
0.00518
0.00516
0.00513
0.0051
0.00508
0.00506
0.00504
0.00501
0.00499
0.00496
0.00494
0.00492
0.00489
0.00486
0.00484
0.00481
0.00479
0.00476
0.00473
0.0047
0.00467
0.00464
0.00461
0.00457
0.00454
0.0045
0.00447
0.00444
0.0044
0.00436
0.00433
0.00429
0.00426
0.00422
0.00418
0.00414
0.00411
0.00407
0.00404
0.00399
0.00396
0.00391
0.00388
0.00383
0.00379
0.00375
0.0037
0.00366
0.00361
0.00356
0.00352
0.00346
0.00341
0.00335
0.0033
0.00324
0.00319
0.00312
0.00307
0.00301
0.00295
0.00289
0.00283
0.00277
0.00271
0.00265
0.0026
0.00254
0.00249
0.00244
0.0024
0.00235
0.00232
0.00228
0.00225
0.00222
0.00219
0.00217
0.00216
0.00215
0.00215
0.00214
0.00215
0.00215
0.00217
0.00218
0.00221
0.00223
0.00226
0.00228
0.00232
0.00236
0.0024
0.00244
0.00248
0.00252
0.00257
0.00261
0.00266
0.0027
0.00276
0.0028
0.00285
0.00289
0.00294
0.00298
0.00303
0.00306
0.0031
0.00314
0.00318
0.00322
0.00325
0.00329
0.00332
0.00335
0.00338
0.0034
0.00343
0.00346
0.00348
0.0035
0.00352
0.00354
0.00356
0.00357
0.00359
0.0036
0.00362
0.00363
0.00364
0.00364
0.00365
0.00365
0.00366
0.00366
0.00366
0.00365
0.00365
0.00365
0.00364
0.00363
0.00362
0.00361
0.0036
0.00358
0.00357
0.00354
0.00353
0.00351
0.00349
0.00347
0.00344
0.00342
0.0034
0.00337
0.00334
0.00331
0.00328
0.00325
0.00322
0.00319
0.00315
0.00311
0.00308
0.00303
0.00299
0.00294
0.0029
0.00285
0.0028
0.00274
0.00268
0.00262
0.00255
0.00249
0.00242
0.00235
0.00228
0.0022
0.00213
0.00205
0.00197
0.00189
0.00181
0.00172
0.00165
0.00156
0.00148
0.0014
0.00132
0.00125
0.00118
0.00111
0.00105
0.00098
0.00092
0.00087
0.00082
0.00077
0.00072
0.00068
0.00065
0.00061
0.00059
0.00056
0.00054
0.00052
0.0005
0.00049
0.00047
0.00046
0.00045
0.00044
0.00043
0.00042
0.00041
0.0004
0.0004
0.00038
0.00037
0.00036
0.00035
0.00034
0.00033
0.00031
0.00031
0.00029
0.00028
0.00027
0.00027
0.00026
0.00025
0.00025
0.00025
0.00025
0.00026
0.00027
0.00028
0.00029
0.00031
0.00034
0.00036
0.00038
0.00042
0.00045
0.00049
0.00052
0.00056
0.0006
0.00065
0.00069
0.00073
0.00076
0.0008
0.00084
0.00088
0.00091
0.00095
0.00097
0.001
0.00103
0.00105
0.00106
0.00108
0.00109
0.0011
0.00111
0.00111
0.00111
0.00111
0.0011
0.0011
0.00109
0.00109
0.00108
0.00107
0.00106
0.00106
0.00105
0.00105
0.00104
0.00104
0.00104
0.00104
0.00103
0.00104
0.00104
0.00105
0.00105
0.00106
0.00107
0.00108
0.00109
0.0011
0.00111
0.00113
0.00113
0.00115
0.00116
0.00118
0.00119
0.0012
0.00121
0.00122
0.00124
0.00125
0.00126
0.00127
0.00128
0.0013
0.00131
0.00133
0.00134
0.00136
0.00137
0.00139
0.00141
0.00143
0.00145
0.00148
0.0015
0.00153
0.00156
0.00159
0.00162
0.00166
0.00169
0.00172
0.00175
0.0018
0.00183
0.00186
0.0019
0.00193
0.00196
0.002
0.00202
0.00205
0.00207
0.00209
0.00211
0.00212
0.00213
0.00213
0.00213
0.00213
0.00212
0.0021
0.00208
0.00205
0.00202
0.00198
0.00194
0.00189
0.00184
0.00178
0.00171
0.00165
0.00157
0.0015
0.00141
0.00133
0.00124
0.00115
0.00106
0.00096
0.00086
0.00077
0.00066
0.00056
0.00046
0.00036
0.00025
0.00015
5e-05
-5e-05
-0.00016
-0.00025
-0.00035
-0.00044
-0.00054
-0.00063
-0.00071
-0.00079
-0.00087
-0.00095
-0.00103
-0.00109
-0.00116
-0.00122
-0.00128
-0.00134
-0.00139
-0.00143
-0.00148
-0.00151
-0.00155
-0.00158
-0.00161
-0.00163
-0.00165
-0.00166
-0.00168
-0.00168
-0.00169
-0.00169
-0.00169
-0.00168
-0.00168
-0.00166
-0.00165
-0.00164
-0.00162
-0.00161
-0.00158
-0.00156
-0.00153
-0.00151
-0.00148
-0.00145
-0.00142
-0.00138
-0.00135
-0.00132
-0.00128
-0.00124
-0.00121
-0.00117
-0.00113
-0.00109
-0.00105
-0.00101
-0.00097
-0.00093
-0.00089
-0.00085
-0.00081
-0.00077
-0.00073
-0.00069
-0.00066
-0.00062
-0.00059
-0.00056
-0.00053
-0.0005
-0.00047
-0.00045
-0.00043
-0.00041
-0.0004
-0.00038
-0.00038
-0.00037
-0.00037
-0.00037
-0.00038
-0.00039
-0.0004
-0.00042
-0.00044
-0.00047
-0.00049
-0.00052
-0.00055
-0.00059
-0.00063
-0.00067
-0.00071
-0.00075
-0.0008
-0.00085
-0.0009
-0.00094
-0.001
-0.00105
-0.0011
-0.00115
-0.0012
-0.00124
-0.00129
-0.00133
-0.00138
-0.00142
-0.00147
-0.00151
-0.00155
-0.00159
-0.00163
-0.00165
-0.00169
-0.00172
-0.00176
-0.00179
-0.00182
-0.00184
-0.00187
-0.00189
-0.00192
-0.00194
-0.00196
-0.00198
-0.002
-0.00201
-0.00204
-0.00204
-0.00206
-0.00207
-0.00208
-0.00209
-0.0021
-0.0021
-0.0021
-0.00209
-0.00209
-0.00208
-0.00207
-0.00205
-0.00204
-0.00201
-0.00199
-0.00195
-0.00192
-0.00188
-0.00184
-0.00179
-0.00173
-0.00168
-0.00162
-0.00155
-0.00148
-0.00141
-0.00133
-0.00125
-0.00117
-0.00108
-0.001
-0.0009
-0.00081
-0.00071
-0.00062
-0.00052
-0.00042
-0.00032
-0.00021
-0.00011
-1e-05
0.0001
0.0002
0.00031
0.00041
0.00052
0.00062
0.00073
0.00083
0.00093
0.00103
0.00113
0.00124
0.00134
0.00144
0.00154
0.00164
0.00174
0.00184
0.00194
0.00204
0.00214
0.00223
0.00233
0.00243
0.00252
0.00262
0.00271
0.00281
0.0029
0.003
0.00309
0.00318
0.00328
0.00336
0.00346
0.00354
0.00364
0.00372
0.00381
0.00389
0.00398
0.00406
0.00414
0.00422
0.00429
0.00437
0.00444
0.0045
0.00458
0.00464
0.0047
0.00475
0.00481
0.00485
0.00491
0.00495
0.00498
0.00502
0.00505
0.00507
0.0051
0.00511
0.00513
0.00513
0.00514
0.00514
0.00514
0.00513
0.00512
0.0051
0.00509
0.00507
0.00504
0.00502
0.00499
0.00496
0.00492
0.00489
0.00485
0.00481
0.00477
0.00473
0.00469
0.00464
0.00459
0.00454
0.0045
0.00444
0.0044
0.00434
0.00429
0.00423
0.00418
0.00413
0.00407
0.00401
0.00395
0.00389
0.00383
0.00377
0.00371
0.00364
0.00358
0.00351
0.00344
0.00338
0.00331
0.00324
0.00317
0.00311
0.00304
0.00297
0.00291
0.00284
0.00277
0.00271
0.00264
0.00258
0.00252
0.00246
0.0024
0.00233
0.00228
0.00222
0.00216
0.00211
0.00206
0.00199
0.00194
0.00189
0.00184
0.00178
0.00173
0.00167
0.00162
0.00156
0.0015
0.00144
0.00138
0.00132
0.00127
0.0012
0.00114
0.00108
0.00101
0.00095
0.00088
0.00081
0.00075
0.00068
0.00061
0.00054
0.00047
0.0004
0.00033
0.00027
0.0002
0.00013
7e-05
-1e-05
-7e-05
-0.00014
-0.0002
-0.00027
-0.00033
-0.0004
-0.00046
-0.00053
-0.0006
-0.00067
-0.00073
-0.0008
-0.00086
-0.00093
-0.001
-0.00107
-0.00114
-0.00121
-0.00128
-0.00136
-0.00143
-0.00151
-0.00158
-0.00166
-0.00174
-0.00182
-0.0019
-0.00198
-0.00206
-0.00215
-0.00223
-0.00232
-0.0024
-0.00249
-0.00257
-0.00266
-0.00274
-0.00283
-0.0029
-0.00299
-0.00307
-0.00315
-0.00323
-0.00331
-0.00338
-0.00346
-0.00353
-0.0036
-0.00366
-0.00373
-0.00379
-0.00385
-0.0039
-0.00396
-0.004
-0.00405
-0.00409
-0.00413
-0.00417
-0.0042
-0.00422
-0.00424
-0.00426
-0.00428
-0.00428
-0.00429
-0.00429
-0.00429
-0.00428
-0.00428
-0.00426
-0.00424
-0.00422
-0.0042
-0.00417
-0.00414
-0.0041
-0.00406
-0.00402
-0.00398
-0.00393
-0.00388
-0.00382
-0.00377
-0.00371
-0.00365
-0.00358
-0.00352
-0.00345
-0.00338
-0.00331
-0.00323
-0.00315
-0.00307
-0.00299
-0.00291
-0.00282
-0.00273
-0.00264
-0.00255
-0.00245
-0.00236
-0.00226
-0.00217
-0.00206
-0.00196
-0.00186
-0.00176
-0.00165
-0.00154
-0.00143
-0.00133
-0.00122
-0.00112
-0.001
-0.0009
-0.00079
-0.00068
-0.00057
-0.00046
-0.00036
-0.00025
-0.00015
-5e-05
6e-05
0.00016
0.00026
0.00035
0.00045
0.00054
0.00063
0.00072
0.00081
0.00088
0.00097
0.00105
0.00112
0.00119
0.00126
0.00132
0.00138
0.00144
0.0015
0.00154
0.00159
0.00163
0.00168
0.00171
0.00174
0.00176
0.00179
0.00181
0.00182
0.00183
0.00184
0.00184
0.00185
0.00184
0.00184
0.00182
0.00181
0.0018
0.00178
0.00175
0.00173
0.00171
0.00168
0.00165
0.00162
0.00158
0.00154
0.00151
0.00147
0.00144
0.0014
0.00135
0.00131
0.00127
0.00123
0.00118
0.00114
0.00109
0.00106
0.00101
0.00097
0.00092
0.00088
0.00083
0.00079
0.00075
0.00071
0.00067
0.00063
0.00059
0.00056
0.00052
0.00049
0.00045
0.00042
0.00039
0.00036
0.00033
0.00031
0.00029
0.00026
0.00025
0.00023
0.00021
0.0002
0.00018
0.00017
0.00016
0.00015
0.00013
0.00013
0.00012
0.00011
9e-05
8e-05
7e-05
7e-05
5e-05
4e-05
2e-05
1e-05
-1e-05
-2e-05
-4e-05
-6e-05
-9e-05
-0.0001
-0.00013
-0.00016
-0.00019
-0.00022
-0.00024
-0.00027
-0.0003
-0.00033
-0.00036
-0.00039
-0.00042
-0.00045
-0.00049
-0.00051
-0.00055
-0.00057
-0.00061
-0.00064
-0.00067
-0.0007
-0.00073
-0.00075
-0.00078
-0.00081
-0.00084
-0.00087
-0.0009
-0.00093
-0.00096
-0.00099
-0.00103
-0.00105
-0.00109
-0.00112
-0.00116
-0.0012
-0.00123
-0.00127
-0.0013
-0.00134
-0.00138
-0.00141
-0.00146
-0.00149
-0.00153
-0.00157
-0.00161
-0.00164
-0.00168
-0.00172
-0.00175
-0.00179
-0.00182
-0.00186
-0.00189
-0.00192
-0.00196
-0.00198
-0.00202
-0.00204
-0.00208
-0.0021
-0.00214
-0.00216
-0.00219
-0.00222
-0.00225
-0.00228
-0.00231
-0.00233
-0.00236
-0.00239
-0.00242
-0.00244
-0.00247
-0.00249
-0.00252
-0.00253
-0.00256
-0.00257
-0.00259
-0.0026
-0.00262
-0.00263
-0.00263
-0.00263
-0.00263
-0.00262
-0.00262
-0.0026
-0.00259
-0.00256
-0.00254
-0.00251
-0.00248
-0.00243
-0.00239
-0.00234
-0.00228
-0.00223
-0.00216
-0.00209
-0.00202
-0.00195
-0.00187
-0.00179
-0.0017
-0.00161
-0.00153
-0.00143
-0.00134
-0.00124
-0.00115
-0.00105
-0.00095
-0.00086
-0.00076
-0.00066
-0.00056
-0.00046
-0.00037
-0.00027
-0.00018
-9e-05
-0.0
9e-05
0.00017
0.00025
0.00033
0.00041
0.00048
0.00055
0.00061
0.00068
0.00074
0.0008
0.00085
0.00091
0.00095
0.001
0.00104
0.00109
0.00112
0.00117
0.0012
0.00123
0.00127
0.0013
0.00133
0.00136
0.00139
0.00143
0.00145
0.00149
0.00152
0.00156
0.00159
0.00162
0.00166
0.0017
0.00174
0.00178
0.00182
0.00186
0.0019
0.00195
0.002
0.00205
0.0021
0.00215
0.0022
0.00226
0.00231
0.00236
0.00241
0.00247
0.00252
0.00257
0.00262
0.00267
0.00272
0.00277
0.00282
0.00287
0.00291
0.00296
0.003
0.00304
0.00307
0.00311
0.00313
0.00317
0.00319
0.00321
0.00323
0.00325
0.00327
0.00328
0.00329
0.00329
0.00329
0.00329
0.00328
0.00328
0.00326
0.00325
0.00323
0.00322
0.00319
0.00316
0.00313
0.0031
0.00307
0.00303
0.00299
0.00296
0.00291
0.00287
0.00282
0.00277
0.00272
0.00267
0.00261
0.00256
0.00251
0.00245
0.00239
0.00233
0.00228
0.00222
0.00216
0.0021
0.00204
0.00198
0.00192
0.00186
0.00179
0.00173
0.00167
0.00161
0.00155
0.00149
0.00143
0.00136
0.00131
0.00125
0.00119
0.00114
0.00108
0.00103
0.00097
0.00092
0.00087
0.00083
0.00078
0.00075
0.0007
0.00067
0.00064
0.00061
0.00058
0.00056
0.00054
0.00053
0.00052
0.00051
0.00051
0.00051
0.00051
0.00052
0.00052
0.00054
0.00055
0.00057
0.00058
0.0006
0.00063
0.00066
0.00068
0.00071
0.00074
0.00077
0.0008
0.00084
0.00087
0.0009
0.00093
0.00097
0.001
0.00103
0.00106
0.00109
0.00112
0.00115
0.00118
0.00122
0.00124
0.00128
0.00131
0.00134
0.00136
0.0014
0.00142
0.00146
0.00148
0.00151
0.00154
0.00157
0.0016
0.00163
0.00166
0.00169
0.00171
0.00174
0.00176
0.0018
0.00182
0.00185
0.00187
0.0019
0.00192
0.00194
0.00196
0.00198
0.002
0.00202
0.00204
0.00206
0.00206
0.00208
0.00209
0.0021
0.0021
0.00211
0.00211
0.00212
0.00211
0.00211
0.0021
0.0021
0.00209
0.00208
0.00206
0.00205
0.00203
0.00201
0.00198
0.00196
0.00193
0.0019
0.00186
0.00183
0.00179
0.00175
0.00171
0.00166
0.00162
0.00157
0.00152
0.00147
0.00141
0.00135
0.00129
0.00124
0.00117
0.00111
0.00104
0.00098
0.00091
0.00084
0.00077
0.00069
0.00062
0.00055
0.00048
0.00041
0.00033
0.00026
0.00019
0.00012
4e-05
-3e-05
-0.0001
-0.00017
-0.00024
-0.00031
-0.00037
-0.00044
-0.0005
-0.00056
-0.00062
-0.00068
-0.00074
-0.00079
-0.00084
-0.00089
-0.00094
-0.00098
-0.00103
-0.00106
-0.0011
-0.00113
-0.00117
-0.0012
-0.00123
-0.00125
-0.00128
-0.0013
-0.00132
-0.00134
-0.00136
-0.00137
-0.00139
-0.0014
-0.00142
-0.00143
-0.00144
-0.00145
-0.00146
-0.00147
-0.00147
-0.00147
-0.00148
-0.00148
-0.00148
-0.00148
-0.00148
-0.00147
-0.00147
-0.00146
-0.00145
-0.00143
-0.00142
-0.00141
-0.00139
-0.00137
-0.00134
-0.00132
-0.00129
-0.00125
-0.00123
-0.00119
-0.00115
-0.00111
-0.00107
-0.00103
-0.00099
-0.00094
-0.0009
-0.00085
-0.00081
-0.00077
-0.00072
-0.00068
-0.00063
-0.00059
-0.00055
-0.0005
-0.00046
-0.00042
-0.00038
-0.00034
-0.00031
-0.00026
-0.00023
-0.00019
-0.00015
-0.00011
-7e-05
-3e-05
1e-05
6e-05
0.0001
0.00015
0.00019
0.00025
0.00029
0.00035
0.0004
0.00046
0.00051
0.00057
0.00063
0.00069
0.00076
0.00082
0.00088
0.00095
0.00101
0.00107
0.00113
0.0012
0.00125
0.00131
0.00136
0.00142
0.00147
0.00151
0.00156
0.0016
0.00164
0.00168
0.00171
0.00175
0.00177
0.0018
0.00182
0.00185
0.00187
0.00189
0.00191
0.00193
0.00195
0.00197
0.00198
0.002
0.00202
0.00204
0.00206
0.00208
0.0021
0.00212
0.00214
0.00217
0.00219
0.00221
0.00223
0.00226
0.00228
0.0023
0.00232
0.00234
0.00236
0.00238
0.0024
0.00241
0.00242
0.00243
0.00244
0.00245
0.00245
0.00246
0.00245
0.00246
0.00245
0.00245
0.00245
0.00244
0.00244
0.00244
0.00243
0.00243
0.00243
0.00243
0.00243
0.00244
0.00244
0.00244
0.00245
0.00246
0.00247
0.00249
0.0025
0.00252
0.00254
0.00256
0.00258
0.00261
0.00263
0.00266
0.00268
0.00271
0.00273
0.00276
0.00278
0.00281
0.00283
0.00285
0.00288
0.0029
0.00292
0.00294
0.00295
0.00297
0.00298
0.003
0.00301
0.00303
0.00304
0.00305
0.00306
0.00307
0.00308
0.00308
0.00309
0.0031
0.0031
0.00311
0.00312
0.00312
0.00312
0.00312
0.00312
0.00312
0.00312
0.00312
0.00311
0.00311
0.00309
0.00308
0.00307
0.00305
0.00303
0.00301
0.00299
0.00296
0.00293
0.00291
0.00287
0.00285
0.00281
0.00278
0.00274
0.00271
0.00267
0.00264
0.00261
0.00257
0.00255
0.00252
0.00249
0.00247
0.00244
0.00242
0.0024
0.00239
0.00238
0.00237
0.00236
0.00236
0.00235
0.00235
0.00235
0.00235
0.00235
0.00236
0.00236
0.00237
0.00237
0.00238
0.00239
0.0024
0.0024
0.00241
0.00241
0.00242
0.00243
0.00243
0.00244
0.00244
0.00245
0.00246
0.00246
0.00247
0.00247
0.00248
0.00249
0.0025
0.00251
0.00253
0.00254
0.00256
0.00258
0.0026
0.00262
0.00264
0.00267
0.0027
0.00273
0.00277
0.0028
0.00283
0.00287
0.00291
0.00294
0.00298
0.00301
0.00305
0.00309
0.00312
0.00316
0.00319
0.00322
0.00325
0.00328
0.00331
0.00333
0.00335
0.00337
0.00339
0.00341
0.00342
0.00343
0.00344
0.00345
0.00345
0.00345
0.00345
0.00345
0.00345
0.00345
0.00345
0.00343
0.00343
0.00341
0.00341
0.00339
0.00337
0.00335
0.00334
0.00332
0.00329
0.00327
0.00324
0.00321
0.00318
0.00315
0.00312
0.00308
0.00304
0.00299
0.00295
0.0029
0.00286
0.00281
0.00276
0.0027
0.00264
0.00258
0.00252
0.00246
0.0024
0.00233
0.00227
0.0022
0.00214
0.00206
0.002
0.00193
0.00186
0.00179
0.00173
0.00166
0.0016
0.00153
0.00147
0.00141
0.00135
0.00129
0.00124
0.00118
0.00112
0.00107
0.00102
0.00097
0.00092
0.00087
0.00083
0.00078
0.00074
0.0007
0.00065
0.00062
0.00058
0.00054
0.00051
0.00047
0.00043
0.0004
0.00037
0.00033
0.0003
0.00026
0.00024
0.0002
0.00017
0.00014
0.00012
9e-05
7e-05
4e-05
2e-05
-1e-05
-2e-05
-4e-05
-6e-05
-7e-05
-8e-05
-0.0001
-0.0001
-0.00011
-0.00011
-0.00012
-0.00012
-0.00011
-0.0001
-0.0001
-8e-05
-8e-05
-6e-05
-4e-05
-2e-05
0.0
3e-05
5e-05
8e-05
0.00011
0.00014
0.00017
0.00021
0.00025
0.00029
0.00032
0.00037
0.0004
0.00045
0.00049
0.00054
0.00058
0.00063
0.00067
0.00072
0.00077
0.00082
0.00086
0.00091
0.00096
0.00101
0.00105
0.0011
0.00115
0.0012
0.00124
0.00129
0.00132
0.00137
0.0014
0.00145
0.00148
0.00152
0.00155
0.00158
0.0016
0.00163
0.00165
0.00167
0.00168
0.0017
0.0017
0.00171
0.00171
0.00171
0.00171
0.0017
0.00169
0.00168
0.00166
0.00164
0.00162
0.00159
0.00157
0.00154
0.00151
0.00148
0.00144
0.00141
0.00137
0.00134
0.0013
0.00127
0.00123
0.00119
0.00115
0.00112
0.00108
0.00105
0.00101
0.00098
0.00094
0.00092
0.00088
0.00086
0.00083
0.0008
0.00077
0.00076
0.00073
0.00071
0.00069
0.00067
0.00065
0.00063
0.00062
0.0006
0.00059
0.00058
0.00056
0.00056
0.00055
0.00054
0.00053
0.00053
0.00052
0.00052
0.00052
0.00052
0.00052
0.00052
0.00052
0.00053
0.00053
0.00053
0.00054
0.00055
0.00055
0.00056
0.00056
0.00058
0.00059
0.00059
0.0006
0.00061
0.00062
0.00063
0.00064
0.00065
0.00065
0.00066
0.00066
0.00067
0.00067
0.00068
0.00067
0.00068
0.00068
0.00068
0.00067
0.00067
0.00066
0.00066
0.00065
0.00064
0.00062
0.00062
0.0006
0.00059
0.00057
0.00055
0.00053
0.00051
0.00048
0.00046
0.00043
0.0004
0.00037
0.00034
0.00031
0.00028
0.00024
0.0002
0.00016
0.00013
8e-05
5e-05
0.0
-4e-05
-8e-05
-0.00012
-0.00017
-0.00021
-0.00025
-0.00029
-0.00033
-0.00036
-0.00041
-0.00044
-0.00047
-0.0005
-0.00053
-0.00055
-0.00058
-0.0006
-0.00062
-0.00063
-0.00064
-0.00065
-0.00065
-0.00065
-0.00064
-0.00063
-0.00063
-0.00061
-0.00059
-0.00056
-0.00054
-0.00051
-0.00048
-0.00043
-0.0004
-0.00035
-0.00031
-0.00026
-0.0002
-0.00015
-9e-05
-3e-05
3e-05
0.0001
0.00016
0.00024
0.0003
0.00038
0.00044
0.00052
0.00059
0.00067
0.00074
0.00081
0.00089
0.00097
0.00104
0.00112
0.00119
0.00126
0.00133
0.00141
0.00147
0.00154
0.0016
0.00167
0.00173
0.00179
0.00184
0.0019
0.00195
0.002
0.00204
0.00209
0.00212
0.00216
0.00218
0.00221
0.00223
0.00225
0.00226
0.00227
0.00227
0.00227
0.00226
0.00225
0.00223
0.00221
0.00219
0.00216
0.00212
0.00209
0.00204
0.002
0.00195
0.0019
0.00184
0.00179
0.00173
0.00166
0.0016
0.00153
0.00147
0.0014
0.00134
0.00127
0.0012
0.00114
0.00107
0.00101
0.00095
0.00089
0.00082
0.00077
0.00071
0.00066
0.0006
0.00055
0.0005
0.00046
0.00041
0.00036
0.00031
0.00027
0.00022
0.00018
0.00013
8e-05
3e-05
-1e-05
-6e-05
-0.00011
-0.00017
-0.00022
-0.00028
-0.00033
-0.00039
-0.00045
-0.00051
-0.00057
-0.00064
-0.0007
-0.00077
-0.00083
-0.0009
-0.00095
-0.00102
-0.00108
-0.00114
-0.0012
-0.00126
-0.00131
-0.00136
-0.00141
-0.00146
-0.0015
-0.00154
-0.00157
-0.00161
-0.00164
-0.00167
-0.00168
-0.0017
-0.00172
-0.00173
-0.00174
-0.00175
-0.00175
-0.00175
-0.00175
-0.00175
-0.00174
-0.00174
-0.00173
-0.00173
-0.00171
-0.00171
-0.00169
-0.00168
-0.00167
-0.00165
-0.00164
-0.00162
-0.00161
-0.00159
-0.00157
-0.00156
-0.00154
-0.00152
-0.00149
-0.00148
-0.00145
-0.00143
-0.0014
-0.00138
-0.00135
-0.00133
-0.0013
-0.00126
-0.00123
-0.0012
-0.00116
-0.00112
-0.00108
-0.00104
-0.001
-0.00096
-0.00091
-0.00087
-0.00082
-0.00077
-0.00072
-0.00067
-0.00062
-0.00057
-0.00051
-0.00046
-0.0004
-0.00035
-0.00029
-0.00024
-0.00018
-0.00013
-7e-05
-1e-05
5e-05
0.0001
0.00016
0.00021
0.00027
0.00032
0.00038
0.00043
0.00049
0.00053
0.00059
0.00064
0.00069
0.00073
0.00078
0.00082
0.00087
0.00092
0.00096
0.001
0.00104
0.00108
0.00112
0.00116
0.0012
0.00123
0.00127
0.00131
0.00135
0.00138
0.00141
0.00144
0.00148
0.00151
0.00154
0.00157
0.0016
0.00163
0.00166
0.00168
0.00171
0.00173
0.00175
0.00177
0.0018
0.00181
0.00183
0.00184
0.00186
0.00187
0.00188
0.00189
0.00189
0.0019
0.00191
0.00191
0.00192
0.00191
0.00192
0.00191
0.00192
0.00191
0.00191
0.0019
0.0019
0.0019
0.00189
0.00189
0.00188
0.00188
0.00188
0.00188
0.00188
0.00188
0.00188
0.00188
0.00188
0.00188
0.00188
0.00188
0.00189
0.0019
0.0019
0.00191
0.00191
0.00192
0.00193
0.00193
0.00195
0.00195
0.00196
0.00197
0.00198
0.00199
0.002
0.00201
0.00202
0.00203
0.00204
0.00205
0.00206
0.00206
0.00207
0.00208
0.00209
0.00209
0.0021
0.0021
0.0021
0.0021
0.0021
0.00209
0.00209
0.00208
0.00207
0.00206
0.00205
0.00203
0.00201
0.00199
0.00197
0.00194
0.00191
0.00188
0.00185
0.00181
0.00178
0.00174
0.0017
0.00166
0.00162
0.00157
0.00153
0.00149
0.00144
0.0014
0.00136
0.00132
0.00128
0.00124
0.00121
0.00117
0.00114
0.00111
0.00109
0.00106
0.00104
0.00102
0.001
0.00099
0.00098
0.00098
0.00098
0.00097
0.00098
0.00099
0.001
0.00101
0.00103
0.00105
0.00108
0.0011
0.00113
0.00115
0.00118
0.00122
0.00126
0.00129
0.00133
0.00136
0.00141
0.00145
0.00149
0.00153
0.00158
0.00161
0.00166
0.0017
0.00174
0.00178
0.00182
0.00186
0.0019
0.00194
0.00198
0.00201
0.00205
0.00208
0.00212
0.00215
0.00218
0.0022
0.00224
0.00226
0.00228
0.0023
0.00232
0.00234
0.00236
0.00237
0.00238
0.00238
0.00239
0.00239
0.0024
0.00239
0.00239
0.00237
0.00236
0.00234
0.00232
0.00229
0.00226
0.00223
0.00219
0.00214
0.0021
0.00204
0.00198
0.00192
0.00185
0.00177
0.0017
0.00161
0.00152
0.00143
0.00133
0.00122
0.00112
0.00101
0.00089
0.00078
0.00066
0.00053
0.0004
0.00027
0.00014
0.0
-0.00013
-0.00027
-0.0004
-0.00054
-0.00068
-0.00082
-0.00097
-0.0011
-0.00124
-0.00138
-0.00151
-0.00165
-0.00178
-0.00192
-0.00204
-0.00218
-0.0023
-0.00243
-0.00255
-0.00267
-0.00279
-0.00291
-0.00302
-0.00313
-0.00324
-0.00335
-0.00345
-0.00356
-0.00366
-0.00376
-0.00386
-0.00396
-0.00405
-0.00415
-0.00423
-0.00432
-0.00441
-0.00449
-0.00457
-0.00465
-0.00473
-0.0048
-0.00487
-0.00494
-0.005
-0.00506
-0.00511
-0.00517
-0.00521
-0.00526
-0.0053
-0.00533
-0.00536
-0.00539
-0.00541
-0.00543
-0.00544
-0.00545
-0.00544
-0.00545
-0.00544
-0.00543
-0.00541
-0.00539
-0.00536
-0.00534
-0.0053
-0.00527
-0.00523
-0.0052
-0.00515
-0.00511
-0.00506
-0.00501
-0.00496
-0.00491
-0.00486
-0.00481
-0.00475
-0.0047
-0.00464
-0.00459
-0.00453
-0.00447
-0.00442
-0.00436
-0.00431
-0.00425
-0.00419
-0.00413
-0.00406
-0.00401
-0.00394
-0.00388
-0.00381
-0.00374
-0.00367
-0.0036
-0.00352
-0.00345
-0.00337
-0.0033
-0.00322
-0.00314
-0.00305
-0.00297
-0.00288
-0.00279
-0.0027
-0.00262
-0.00253
-0.00244
-0.00235
-0.00227
-0.00218
-0.0021
-0.00202
-0.00194
-0.00187
-0.00179
-0.00172
-0.00165
-0.00158
-0.00152
-0.00146
-0.00141
-0.00135
-0.00131
-0.00126
-0.00123
-0.00119
-0.00116
-0.00113
-0.00111
-0.00109
-0.00107
-0.00106
-0.00105
-0.00104
-0.00104
-0.00104
-0.00104
-0.00104
-0.00105
-0.00106
-0.00107
-0.00107
-0.00109
-0.0011
-0.00111
-0.00112
-0.00113
-0.00114
-0.00115
-0.00116
-0.00117
-0.00117
-0.00117
-0.00117
-0.00118
-0.00117
-0.00117
-0.00116
-0.00115
-0.00114
-0.00113
-0.00112
-0.0011
-0.00107
-0.00105
-0.00103
-0.00101
-0.00098
-0.00095
-0.00092
-0.00089
-0.00086
-0.00084
-0.0008
-0.00077
-0.00074
-0.00071
-0.00069
-0.00066
-0.00063
-0.0006
-0.00057
-0.00055
-0.00052
-0.0005
-0.00048
-0.00046
-0.00043
-0.00041
-0.00039
-0.00037
-0.00035
-0.00032
-0.0003
-0.00027
-0.00024
-0.00022
-0.00018
-0.00015
-0.00012
-8e-05
-4e-05
-0.0
5e-05
9e-05
0.00014
0.00019
0.00024
0.00029
0.00035
0.00041
0.00047
0.00053
0.00059
0.00064
0.00071
0.00076
0.00083
0.00088
0.00094
0.00099
0.00105
0.00109
0.00114
0.00119
0.00123
0.00127
0.00131
0.00134
0.00138
0.0014
0.00143
0.00144
0.00146
0.00147
0.00149
0.00149
0.0015
0.0015
0.0015
0.00149
0.00148
0.00148
0.00146
0.00145
0.00144
0.00141
0.00139
0.00136
0.00134
0.00131
0.00128
0.00124
0.00121
0.00116
0.00112
0.00107
0.00102
0.00097
0.00092
0.00086
0.0008
0.00073
0.00067
0.00059
0.00052
0.00044
0.00036
0.00027
0.00019
0.0001
1e-05
-9e-05
-0.00019
-0.00029
-0.00039
-0.0005
-0.0006
-0.00071
-0.00082
-0.00093
-0.00103
-0.00115
-0.00125
-0.00137
-0.00147
-0.00158
-0.00168
-0.00179
-0.00189
-0.00199
-0.00209
-0.00218
-0.00227
-0.00236
-0.00244
-0.00253
-0.00261
-0.00269
-0.00275
-0.00283
-0.00289
-0.00295
-0.00301
-0.00307
-0.00312
-0.00317
-0.00322
-0.00326
-0.0033
-0.00334
-0.00337
-0.00341
-0.00343
-0.00346
-0.00348
-0.0035
-0.00352
-0.00353
-0.00354
-0.00355
-0.00356
-0.00356
-0.00356
-0.00356
-0.00355
-0.00354
-0.00353
-0.00351
-0.00349
-0.00347
-0.00344
-0.00341
-0.00337
-0.00333
-0.00329
-0.00324
-0.00319
-0.00314
-0.00308
-0.00302
-0.00295
-0.00289
-0.00281
-0.00274
-0.00266
-0.00258
-0.0025
-0.00242
-0.00233
-0.00224
-0.00216
-0.00207
-0.00198
-0.00188
-0.00179
-0.0017
-0.0016
-0.00151
-0.00142
-0.00133
-0.00123
-0.00114
-0.00104
-0.00096
-0.00086
-0.00078
-0.00069
-0.0006
-0.00052
-0.00043
-0.00035
-0.00027
-0.00018
-0.00011
-3e-05
4e-05
0.00012
0.00019
0.00026
0.00032
0.00039
0.00045
0.00051
0.00057
0.00062
0.00068
0.00073
0.00078
0.00083
0.00086
0.00091
0.00094
0.00098
0.00101
0.00104
0.00106
0.00109
0.00111
0.00113
0.00115
0.00116
0.00118
0.00119
0.0012
0.00121
0.00121
0.00122
0.00122
0.00122
0.00122
0.00122
0.00121
0.00122
0.00121
0.00121
0.0012
0.0012
0.00119
0.00119
0.00119
0.00119
0.00118
0.00118
0.00117
0.00117
0.00117
0.00117
0.00116
0.00117
0.00117
0.00117
0.00118
0.00118
0.00118
0.00119
0.0012
0.00122
0.00122
0.00124
0.00125
0.00127
0.00128
0.0013
0.00132
0.00134
0.00136
0.00139
0.00141
0.00143
0.00146
0.00149
0.00151
0.00154
0.00157
0.0016
0.00163
0.00166
0.00169
0.00173
0.00175
0.00179
0.00182
0.00186
0.00189
0.00193
0.00197
0.00201
0.00204
0.00209
0.00212
0.00217
0.00221
0.00225
0.00229
0.00234
0.00239
0.00244
0.00249
0.00254
0.00259
0.00264
0.0027
0.00275
0.00281
0.00287
0.00292
0.00298
0.00303
0.00309
0.00314
0.0032
0.00325
0.0033
0.00335
0.0034
0.00345
0.00349
0.00354
0.00358
0.00361
0.00365
0.00368
0.00371
0.00374
0.00376
0.00378
0.0038
0.00381
0.00382
0.00382
0.00383
0.00383
0.00382
0.00382
0.00381
0.0038
0.00379
0.00377
0.00375
0.00373
0.00371
0.00368
0.00365
0.00362
0.00359
0.00356
0.00352
0.00348
0.00344
0.00341
0.00337
0.00332
0.00328
0.00323
0.00319
0.00314
0.0031
0.00304
0.00299
0.00294
0.00289
0.00283
0.00278
0.00272
0.00266
0.00261
0.00255
0.00249
0.00243
0.00236
0.00231
0.00224
0.00218
0.00211
0.00205
0.00198
0.00192
0.00185
0.00178
0.00171
0.00164
0.00157
0.0015
0.00143
0.00137
0.00129
0.00122
0.00115
0.00108
