1.71141694713124E+03

0.00071
0.00075
0.00079
0.00082
0.00087
0.00091
0.00094
0.00098
0.00102
0.00106
0.00109
0.00113
0.00117
0.0012
0.00124
0.00127
0.00131
0.00134
0.00137
0.0014
0.00144
0.00146
0.0015
0.00153
0.00155
0.00159
0.00162
0.00165
0.00168
0.00171
0.00175
0.00177
0.00181
0.00184
0.00188
0.00191
0.00195
0.00198
0.00202
0.00205
0.00209
0.00213
0.00217
0.00221
0.00225
0.00228
0.00233
0.00236
0.00241
0.00244
0.00248
0.00252
0.00256
0.00259
0.00263
0.00266
0.00269
0.00272
0.00275
0.00277
0.0028
0.00281
0.00284
0.00285
0.00286
0.00286
0.00287
0.00287
0.00287
0.00286
0.00285
0.00283
0.00281
0.0028
0.00277
0.00274
0.00271
0.00267
0.00264
0.00259
0.00255
0.0025
0.00246
0.0024
0.00236
0.0023
0.00225
0.00219
0.00214
0.00208
0.00203
0.00198
0.00193
0.00187
0.00183
0.00178
0.00173
0.00169
0.00165
0.0016
0.00157
0.00153
0.0015
0.00147
0.00144
0.00141
0.00138
0.00136
0.00133
0.00131
0.00129
0.00126
0.00124
0.00122
0.00119
0.00117
0.00115
0.00112
0.00109
0.00107
0.00104
0.00101
0.00098
0.00095
0.00092
0.00088
0.00085
0.00082
0.00079
0.00075
0.00072
0.00068
0.00066
0.00062
0.0006
0.00057
0.00054
0.00052
0.0005
0.00048
0.00046
0.00044
0.00043
0.00042
0.00042
0.00041
0.00041
0.00041
0.00042
0.00042
0.00043
0.00044
0.00045
0.00047
0.00048
0.0005
0.00052
0.00053
0.00055
0.00056
0.00058
0.0006
0.00062
0.00063
0.00065
0.00067
0.00068
0.00069
0.00071
0.00072
0.00074
0.00075
0.00077
0.00077
0.00079
0.0008
0.00081
0.00082
0.00083
0.00084
0.00086
0.00087
0.00088
0.0009
0.00091
0.00092
0.00094
0.00096
0.00097
0.00098
0.001
0.00102
0.00104
0.00105
0.00107
0.00108
0.0011
0.00112
0.00113
0.00114
0.00116
0.00117
0.00118
0.00119
0.00121
0.00121
0.00122
0.00122
0.00123
0.00123
0.00123
0.00123
0.00123
0.00122
0.00122
0.00121
0.00119
0.00118
0.00117
0.00115
0.00113
0.00111
0.00109
0.00105
0.00103
0.00099
0.00096
0.00091
0.00087
0.00083
0.00078
0.00072
0.00067
0.00061
0.00055
0.00049
0.00042
0.00035
0.00028
0.00021
0.00013
5e-05
-2e-05
-0.00011
-0.00019
-0.00027
-0.00035
-0.00044
-0.00052
-0.0006
-0.00068
-0.00076
-0.00084
-0.00092
-0.00098
-0.00106
-0.00112
-0.00119
-0.00125
-0.00131
-0.00136
-0.00142
-0.00147
-0.00151
-0.00155
-0.00159
-0.00162
-0.00165
-0.00167
-0.0017
-0.00172
-0.00174
-0.00174
-0.00176
-0.00177
-0.00178
-0.00177
-0.00178
-0.00178
-0.00177
-0.00177
-0.00176
-0.00176
-0.00175
-0.00173
-0.00173
-0.00172
-0.00171
-0.00169
-0.00168
-0.00167
-0.00166
-0.00164
-0.00163
-0.00162
-0.00161
-0.0016
-0.00158
-0.00157
-0.00156
-0.00154
-0.00154
-0.00152
-0.00151
-0.0015
-0.00149
-0.00148
-0.00148
-0.00147
-0.00146
-0.00146
-0.00145
-0.00145
-0.00145
-0.00144
-0.00144
-0.00144
-0.00145
-0.00145
-0.00145
-0.00145
-0.00147
-0.00147
-0.00148
-0.00149
-0.0015
-0.00151
-0.00153
-0.00155
-0.00156
-0.00158
-0.0016
-0.00162
-0.00164
-0.00166
-0.00169
-0.0017
-0.00173
-0.00175
-0.00178
-0.0018
-0.00183
-0.00185
-0.00187
-0.0019
-0.00192
-0.00194
-0.00196
-0.00197
-0.002
-0.00201
-0.00202
-0.00203
-0.00204
-0.00205
-0.00206
-0.00205
-0.00206
-0.00205
-0.00205
-0.00205
-0.00204
-0.00203
-0.00202
-0.002
-0.00199
-0.00197
-0.00195
-0.00193
-0.00192
-0.00189
-0.00187
-0.00185
-0.00183
-0.0018
-0.00178
-0.00176
-0.00173
-0.00171
-0.00168
-0.00165
-0.00163
-0.0016
-0.00157
-0.00154
-0.00151
-0.00148
-0.00145
-0.0014
-0.00137
-0.00133
-0.00129
-0.00124
-0.00119
-0.00114
-0.00109
-0.00103
-0.00097
-0.0009
-0.00084
-0.00076
-0.0007
-0.00062
-0.00054
-0.00045
-0.00037
-0.00028
-0.00019
-0.0001
0.0
0.0001
0.0002
0.00031
0.00041
0.00052
0.00062
0.00073
0.00084
0.00095
0.00105
0.00117
0.00128
0.00139
0.0015
0.00161
0.00173
0.00184
0.00195
0.00207
0.00218
0.00229
0.00241
0.00252
0.00263
0.00275
0.00285
0.00297
0.00308
0.00319
0.0033
0.0034
0.00351
0.00361
0.00371
0.00382
0.00391
0.00401
0.00409
0.00419
0.00427
0.00435
0.00442
0.0045
0.00457
0.00463
0.00468
0.00473
0.00478
0.00483
0.00486
0.00489
0.00491
0.00494
0.00495
0.00496
0.00496
0.00496
0.00494
0.00493
0.00491
0.00489
0.00486
0.00483
0.00479
0.00475
0.00471
0.00466
0.0046
0.00455
0.00449
0.00444
0.00438
0.00431
0.00425
0.00419
0.00412
0.00405
0.00398
0.00391
0.00384
0.00377
0.0037
0.00363
0.00355
0.00349
0.00341
0.00335
0.00327
0.0032
0.00313
0.00307
0.00299
0.00292
0.00285
0.00278
0.00271
0.00265
0.00258
0.00251
0.00244
0.00237
0.0023
0.00224
0.00217
0.0021
0.00203
0.00197
0.0019
0.00183
0.00176
0.0017
0.00163
0.00157
0.00151
0.00145
0.00138
0.00133
0.00127
0.00122
0.00116
0.00111
0.00106
0.00102
0.00097
0.00093
0.00089
0.00085
0.00082
0.00079
0.00076
0.00074
0.0007
0.00069
0.00067
0.00065
0.00064
0.00063
0.00062
0.00062
0.00061
0.00061
0.0006
0.0006
0.00061
0.00061
0.00062
0.00063
0.00064
0.00065
0.00066
0.00068
0.00069
0.0007
0.00072
0.00074
0.00075
0.00077
0.00079
0.00081
0.00084
0.00086
0.00088
0.00091
0.00093
0.00096
0.00099
0.00102
0.00104
0.00107
0.0011
0.00113
0.00116
0.00119
0.00122
0.00126
0.00129
0.00132
0.00135
0.00139
0.00142
0.00145
0.00148
0.00152
0.00155
0.00158
0.00161
0.00165
0.00167
0.0017
0.00173
0.00176
0.00179
0.00181
0.00184
0.00187
0.00188
0.00191
0.00193
0.00195
0.00196
0.00198
0.00199
0.002
0.00201
0.00201
0.00202
0.00201
0.00201
0.00201
0.002
0.00199
0.00197
0.00195
0.00193
0.00191
0.00187
0.00184
0.00181
0.00177
0.00173
0.00169
0.00164
0.00159
0.00153
0.00148
0.00143
0.00137
0.00131
0.00125
0.00118
0.00112
0.00105
0.00099
0.00092
0.00086
0.00078
0.00071
0.00064
0.00057
0.0005
0.00043
0.00036
0.0003
0.00022
0.00015
8e-05
1e-05
-7e-05
-0.00014
-0.00021
-0.00028
-0.00036
-0.00043
-0.00051
-0.00058
-0.00066
-0.00073
-0.0008
-0.00087
-0.00095
-0.00102
-0.0011
-0.00117
-0.00124
-0.00131
-0.00138
-0.00145
-0.00151
-0.00158
-0.00165
-0.00171
-0.00177
-0.00182
-0.00187
-0.00192
-0.00198
-0.00202
-0.00206
-0.0021
-0.00214
-0.00217
-0.0022
-0.00222
-0.00225
-0.00227
-0.00229
-0.00231
-0.00231
-0.00232
-0.00233
-0.00233
-0.00233
-0.00233
-0.00232
-0.00231
-0.00231
-0.00229
-0.00228
-0.00226
-0.00225
-0.00223
-0.00221
-0.00219
-0.00217
-0.00214
-0.00212
-0.00209
-0.00207
-0.00203
-0.00201
-0.00198
-0.00195
-0.00192
-0.00189
-0.00186
-0.00183
-0.0018
-0.00177
-0.00173
-0.0017
-0.00167
-0.00163
-0.0016
-0.00157
-0.00153
-0.0015
-0.00146
-0.00143
-0.00139
-0.00136
-0.00132
-0.00128
-0.00125
-0.00121
-0.00117
-0.00113
-0.00109
-0.00105
-0.00101
-0.00097
-0.00093
-0.00089
-0.00084
-0.0008
-0.00076
-0.00071
-0.00066
-0.00062
-0.00057
-0.00053
-0.00048
-0.00043
-0.00038
-0.00033
-0.00028
-0.00023
-0.00017
-0.00012
-6e-05
-1e-05
5e-05
0.0001
0.00016
0.00022
0.00028
0.00034
0.0004
0.00047
0.00054
0.0006
0.00068
0.00075
0.00082
0.0009
0.00098
0.00106
0.00114
0.00123
0.00132
0.00141
0.0015
0.0016
0.0017
0.0018
0.00191
0.00202
0.00213
0.00224
0.00237
0.00249
0.00261
0.00274
0.00287
0.003
0.00315
0.00328
0.00343
0.00357
0.00372
0.00388
0.00404
0.00419
0.00436
0.00452
0.00469
0.00486
0.00504
0.00522
0.0054
0.00558
0.00577
0.00596
0.00616
0.00635
0.00655
0.00675
0.00696
0.00716
0.00738
0.00758
0.0078
0.00802
0.00824
0.00846
0.00869
0.00891
0.00915
0.00938
0.00961
0.00984
0.01008
0.01032
0.01056
0.0108
0.01105
0.01129
0.01154
0.01179
0.01204
0.01229
0.01254
0.01279
0.01305
0.0133
0.01355
0.0138
0.01406
0.01431
0.01456
0.01481
0.01507
0.01531
0.01556
0.01581
0.01605
0.01629
0.01653
0.01677
0.01701
0.01724
0.01747
0.01769
0.01792
0.01814
0.01836
0.01857
0.01878
0.01899
0.0192
0.0194
0.0196
0.0198
0.01999
0.02018
0.02037
0.02055
0.02073
0.0209
0.02108
0.02125
0.02142
0.02158
0.02174
0.0219
0.02205
0.0222
0.02234
0.02248
0.02262
0.02275
0.02288
0.023
0.02311
0.02322
0.02332
0.02343
0.02352
0.02361
0.02369
0.02377
0.02384
0.02391
0.02398
0.02403
0.02408
0.02413
0.02418
0.02422
0.02425
0.02429
0.02432
0.02435
0.02437
0.0244
0.02442
0.02444
0.02446
0.02448
0.0245
0.02451
0.02453
0.02454
0.02456
0.02457
0.02459
0.0246
0.02461
0.02462
0.02463
0.02464
0.02465
0.02465
0.02465
0.02464
0.02464
0.02463
0.02461
0.0246
0.02458
0.02455
0.02452
0.02448
0.02443
0.02439
0.02434
0.02428
0.02421
0.02414
0.02407
0.02398
0.0239
0.0238
0.0237
0.02359
0.02348
0.02336
0.02324
0.02311
0.02297
0.02284
0.02269
0.02254
0.02239
0.02222
0.02206
0.02189
0.02171
0.02153
0.02135
0.02116
0.02097
0.02078
0.02058
0.02038
0.02018
0.01997
0.01977
0.01956
0.01936
0.01915
0.01894
0.01873
0.01853
0.01832
0.01812
0.01791
0.01772
0.01752
0.01733
0.01713
0.01694
0.01676
0.01657
0.0164
0.01622
0.01605
0.01588
0.01571
0.01555
0.01538
0.01523
0.01507
0.01492
0.01477
0.01462
0.01446
0.01432
0.01417
0.01402
0.01388
0.01374
0.01359
0.01344
0.0133
0.01316
0.01301
0.01287
0.01272
0.01258
0.01243
0.01229
0.01215
0.012
0.01186
0.01172
0.01158
0.01144
0.0113
0.01116
0.01102
0.01088
0.01074
0.0106
0.01046
0.01032
0.01018
0.01004
0.0099
0.00976
0.00962
0.00948
0.00933
0.00919
0.00904
0.0089
0.00874
0.0086
0.00844
0.00829
0.00813
0.00798
0.00782
0.00766
0.0075
0.00734
0.00718
0.00702
0.00686
0.0067
0.00654
0.00638
0.00622
0.00607
0.0059
0.00575
0.00559
0.00544
0.00529
0.00514
0.00498
0.00484
0.00469
0.00455
0.0044
0.00427
0.00412
0.00399
0.00385
0.00372
0.00358
0.00345
0.00332
0.0032
0.00307
0.00295
0.00283
0.00271
0.0026
0.00249
0.00238
0.00228
0.00217
0.00207
0.00198
0.00189
0.0018
0.00173
0.00165
0.00158
0.00151
0.00145
0.0014
0.00135
0.00131
0.00127
0.00124
0.00121
0.00118
0.00117
0.00116
0.00115
0.00115
0.00115
0.00115
0.00117
0.00118
0.00119
0.00121
0.00123
0.00126
0.00129
0.00131
0.00135
0.00137
0.00141
0.00144
0.00148
0.00151
0.00154
0.00158
0.00162
0.00165
0.00169
0.00172
0.00176
0.0018
0.00184
0.00188
0.00192
0.00195
0.002
0.00204
0.00208
0.00212
0.00217
0.00221
0.00226
0.00231
0.00236
0.00241
0.00246
0.00251
0.00257
0.00263
0.00269
0.00275
0.00281
0.00287
0.00294
0.00301
0.00308
0.00315
0.00323
0.0033
0.00338
0.00345
0.00353
0.00361
0.00369
0.00378
0.00386
0.00394
0.00403
0.00411
0.0042
0.00428
0.00437
0.00445
0.00455
0.00463
0.00471
0.0048
0.00488
0.00496
0.00505
0.00513
0.00521
0.00528
0.00536
0.00543
0.00551
0.00558
0.00565
0.00572
0.00579
0.00585
0.00592
0.00598
0.00604
0.0061
0.00616
0.00622
0.00627
0.00632
0.00638
0.00642
0.00647
0.00651
0.00656
0.00659
0.00664
0.00667
0.0067
0.00673
0.00675
0.00677
0.00679
0.0068
0.00682
0.00682
0.00682
0.00682
0.00681
0.0068
0.00678
0.00676
0.00674
0.0067
0.00667
0.00663
0.00659
0.00654
0.00649
0.00644
0.00638
0.00632
0.00626
0.0062
0.00613
0.00606
0.00599
0.00591
0.00584
0.00577
0.00569
0.00561
0.00553
0.00545
0.00537
0.00528
0.0052
0.00511
0.00503
0.00494
0.00485
0.00476
0.00467
0.00457
0.00448
0.00438
0.00428
0.00418
0.00408
0.00398
0.00387
0.00377
0.00366
0.00354
0.00344
0.00332
0.00321
0.0031
0.00299
0.00287
0.00276
0.00265
0.00253
0.00242
0.00231
0.0022
0.0021
0.002
0.0019
0.00179
0.0017
0.0016
0.00151
0.00142
0.00133
0.00124
0.00116
0.00108
0.001
0.00092
0.00084
0.00076
0.00069
0.00062
0.00054
0.00046
0.00039
0.00032
0.00025
0.00017
0.0001
2e-05
-6e-05
-0.00013
-0.00021
-0.00029
-0.00037
-0.00045
-0.00052
-0.0006
-0.00068
-0.00076
-0.00083
-0.00091
-0.00098
-0.00106
-0.00113
-0.0012
-0.00127
-0.00134
-0.0014
-0.00147
-0.00153
-0.00158
-0.00164
-0.00169
-0.00174
-0.00179
-0.00183
-0.00188
-0.00192
-0.00196
-0.00199
-0.00203
-0.00205
-0.00208
-0.0021
-0.00212
-0.00214
-0.00215
-0.00216
-0.00216
-0.00216
-0.00217
-0.00216
-0.00215
-0.00213
-0.00212
-0.0021
-0.00208
-0.00204
-0.00201
-0.00197
-0.00193
-0.00189
-0.00184
-0.00178
-0.00173
-0.00167
-0.00161
-0.00154
-0.00147
-0.0014
-0.00133
-0.00126
-0.00119
-0.00111
-0.00103
-0.00096
-0.00089
-0.00081
-0.00074
-0.00067
-0.0006
-0.00053
-0.00046
-0.0004
-0.00034
-0.00027
-0.00022
-0.00016
-0.00011
-6e-05
-1e-05
4e-05
8e-05
0.00012
0.00016
0.00021
0.00025
0.00029
0.00032
0.00035
0.00039
0.00043
0.00045
0.00049
0.00052
0.00055
0.00058
0.00061
0.00064
0.00067
0.0007
0.00073
0.00075
0.00078
0.0008
0.00083
0.00086
0.00088
0.0009
0.00092
0.00094
0.00096
0.00097
0.00099
0.001
0.00101
0.00103
0.00104
0.00105
0.00106
0.00106
0.00107
0.00107
0.00108
0.00107
0.00108
0.00107
0.00108
0.00108
0.00107
0.00107
0.00106
0.00106
0.00105
0.00105
0.00104
0.00102
0.00102
0.001
0.00099
0.00097
0.00096
0.00093
0.00091
0.00088
0.00086
0.00083
0.00079
0.00076
0.00073
0.00069
0.00065
0.0006
0.00055
0.0005
0.00046
0.0004
0.00034
0.00028
0.00023
0.00016
0.0001
3e-05
-3e-05
-0.0001
-0.00016
-0.00023
-0.0003
-0.00037
-0.00044
-0.00051
-0.00057
-0.00065
-0.00071
-0.00079
-0.00085
-0.00092
-0.00098
-0.00105
-0.00112
-0.00118
-0.00124
-0.00129
-0.00135
-0.00141
-0.00146
-0.00152
-0.00156
-0.00161
-0.00166
-0.0017
-0.00174
-0.00178
-0.00181
-0.00185
-0.00188
-0.0019
-0.00192
-0.00194
-0.00195
-0.00197
-0.00198
-0.00199
-0.00199
-0.00199
-0.00199
-0.00198
-0.00197
-0.00196
-0.00194
-0.00192
-0.0019
-0.00188
-0.00185
-0.00182
-0.00178
-0.00175
-0.00171
-0.00167
-0.00162
-0.00158
-0.00152
-0.00147
-0.00141
-0.00136
-0.0013
-0.00124
-0.00117
-0.0011
-0.00103
-0.00095
-0.00087
-0.0008
-0.00072
-0.00063
-0.00054
-0.00046
-0.00036
-0.00028
-0.00018
-8e-05
1e-05
0.00011
0.00021
0.00031
0.00041
0.00051
0.0006
0.0007
0.0008
0.00089
0.00098
0.00107
0.00116
0.00124
0.00133
0.0014
0.00148
0.00155
0.00162
0.00169
0.00176
0.00182
0.00188
0.00193
0.00198
0.00203
0.00208
0.00213
0.00217
0.00221
0.00226
0.00229
0.00233
0.00237
0.0024
0.00244
0.00248
0.00251
0.00255
0.00258
0.00262
0.00265
0.00269
0.00272
0.00275
0.00278
0.00282
0.00285
0.00288
0.00291
0.00294
0.00296
0.00299
0.00302
0.00304
0.00306
0.00308
0.00309
0.00311
0.00312
0.00313
0.00314
0.00315
0.00315
0.00315
0.00315
0.00314
0.00314
0.00313
0.00313
0.00312
0.0031
0.00309
0.00308
0.00307
0.00304
0.00303
0.003
0.00299
0.00296
0.00294
0.00291
0.00289
0.00286
0.00283
0.0028
0.00277
0.00273
0.0027
0.00266
0.00263
0.00258
0.00255
0.0025
0.00246
0.00241
0.00236
0.00231
0.00226
0.00221
0.00216
0.0021
0.00205
0.00199
0.00194
0.00189
0.00184
0.00179
0.00174
0.00169
0.00165
0.0016
0.00155
0.00151
0.00147
0.00144
0.0014
0.00137
0.00134
0.00131
0.00128
0.00126
0.00124
0.00121
0.0012
0.00117
0.00116
0.00114
0.00113
0.00111
0.00109
0.00108
0.00106
0.00105
0.00103
0.00101
0.00099
0.00097
0.00096
0.00093
0.00091
0.00088
0.00087
0.00084
0.00081
0.00079
0.00076
0.00074
0.00071
0.00068
0.00066
0.00063
0.00061
0.00058
0.00056
0.00054
0.00052
0.0005
0.00048
0.00047
0.00045
0.00043
0.00042
0.00041
0.00041
0.0004
0.0004
0.00039
0.00039
0.00039
0.00039
0.00039
0.0004
0.0004
0.00041
0.00042
0.00043
0.00044
0.00045
0.00047
0.00048
0.0005
0.00052
0.00053
0.00055
0.00057
0.0006
0.00061
0.00064
0.00066
0.00069
0.00071
0.00074
0.00077
0.00079
0.00082
0.00085
0.00088
0.00091
0.00093
0.00096
0.00099
0.00101
0.00103
0.00106
0.00108
0.0011
0.00112
0.00113
0.00114
0.00115
0.00116
0.00117
0.00117
0.00117
0.00116
0.00116
0.00115
0.00114
0.00112
0.0011
0.00108
0.00106
0.00103
0.001
0.00097
0.00093
0.0009
0.00086
0.00082
0.00078
0.00073
0.00069
0.00064
0.0006
0.00055
0.0005
0.00045
0.00041
0.00035
0.0003
0.00025
0.0002
0.00016
0.00011
6e-05
2e-05
-4e-05
-8e-05
-0.00013
-0.00017
-0.00021
-0.00025
-0.0003
-0.00033
-0.00037
-0.00041
-0.00044
-0.00048
-0.00051
-0.00054
-0.00056
-0.00059
-0.00062
-0.00064
-0.00067
-0.00068
-0.00071
-0.00072
-0.00074
-0.00075
-0.00077
-0.00078
-0.0008
-0.00081
-0.00082
-0.00083
-0.00083
-0.00084
-0.00085
-0.00085
-0.00086
-0.00086
-0.00087
-0.00088
-0.00089
-0.00089
-0.0009
-0.0009
-0.0009
-0.00091
-0.00092
-0.00092
-0.00092
-0.00093
-0.00094
-0.00094
-0.00095
-0.00095
-0.00096
-0.00096
-0.00097
-0.00097
-0.00098
-0.00098
-0.00099
-0.00099
-0.001
-0.001
-0.00101
-0.00101
-0.00103
-0.00103
-0.00104
-0.00104
-0.00105
-0.00106
-0.00107
-0.00107
-0.00109
-0.0011
-0.00111
-0.00113
-0.00114
-0.00115
-0.00116
-0.00118
-0.0012
-0.00121
-0.00123
-0.00124
-0.00126
-0.00128
-0.0013
-0.00131
-0.00133
-0.00135
-0.00137
-0.00138
-0.0014
-0.00141
-0.00142
-0.00143
-0.00145
-0.00146
-0.00147
-0.00147
-0.00148
-0.00148
-0.00149
-0.00148
-0.00148
-0.00148
-0.00147
-0.00147
-0.00146
-0.00145
-0.00143
-0.00142
-0.0014
-0.00138
-0.00136
-0.00134
-0.00132
-0.00129
-0.00126
-0.00123
-0.0012
-0.00116
-0.00113
-0.00109
-0.00105
-0.00101
-0.00096
-0.00092
-0.00087
-0.00082
-0.00077
-0.00072
-0.00067
-0.00061
-0.00055
-0.00049
-0.00043
-0.00036
-0.0003
-0.00023
-0.00016
-9e-05
-1e-05
6e-05
0.00013
0.00022
0.00029
0.00038
0.00046
0.00054
0.00062
0.00071
0.0008
0.00089
0.00097
0.00106
0.00116
0.00125
0.00134
0.00144
0.00153
0.00162
0.00171
0.00181
0.0019
0.00199
0.00208
0.00218
0.00227
0.00235
0.00244
0.00252
0.00261
0.00269
0.00277
0.00285
0.00292
0.00299
0.00305
0.00312
0.00318
0.00324
0.00329
0.00334
0.00339
0.00343
0.00347
0.0035
0.00353
0.00356
0.00358
0.0036
0.00361
0.00363
0.00363
0.00364
0.00364
0.00364
0.00363
0.00363
0.00361
0.0036
0.00358
0.00356
0.00355
0.00353
0.0035
0.00348
0.00345
0.00342
0.00339
0.00336
0.00332
0.00329
0.00325
0.00322
0.00318
0.00315
0.00311
0.00307
0.00303
0.00299
0.00295
0.00292
0.00288
0.00284
0.0028
0.00277
0.00273
0.0027
0.00266
0.00264
0.0026
0.00258
0.00255
0.00252
0.0025
0.00248
0.00247
0.00245
0.00244
0.00243
0.00242
0.00242
0.00241
0.00241
0.00241
0.00242
0.00243
0.00244
0.00245
0.00247
0.00249
0.00251
0.00253
0.00256
0.00258
0.00262
0.00265
0.00268
0.00272
0.00276
0.00279
0.00284
0.00288
0.00293
0.00297
0.00302
0.00307
0.00312
0.00316
0.00322
0.00326
0.00331
0.00336
0.00342
0.00346
0.00351
0.00356
0.00361
0.00365
0.0037
0.00374
0.00378
0.00382
0.00386
0.0039
0.00394
0.00397
0.00401
0.00404
0.00408
0.0041
0.00414
0.00416
0.0042
0.00422
0.00425
0.00428
0.00431
0.00434
0.00437
0.0044
0.00444
0.00447
0.0045
0.00453
0.00457
0.00461
0.00464
0.00468
0.00472
0.00475
0.00479
0.00483
0.00486
0.0049
0.00493
0.00496
0.005
0.00502
0.00505
0.00507
0.00509
0.00511
0.00512
0.00513
0.00514
0.00514
0.00513
0.00512
0.00511
0.00509
0.00507
0.00505
0.00502
0.00498
0.00494
0.00489
0.00484
0.00479
0.00473
0.00466
0.0046
0.00452
0.00445
0.00436
0.00428
0.00419
0.0041
0.004
0.0039
0.00379
0.00369
0.00357
0.00346
0.00334
0.00321
0.00308
0.00295
0.00281
0.00267
0.00252
0.00237
0.00222
0.00207
0.00191
0.00175
0.00157
0.00141
0.00123
0.00106
0.00087
0.0007
0.00051
0.00033
0.00015
-4e-05
-0.00023
-0.00041
-0.00059
-0.00078
-0.00096
-0.00114
-0.00132
-0.00149
-0.00167
-0.00183
-0.002
-0.00216
-0.00232
-0.00247
-0.00262
-0.00276
-0.0029
-0.00304
-0.00316
-0.00328
-0.0034
-0.00351
-0.00362
-0.00372
-0.00381
-0.0039
-0.00399
-0.00407
-0.00414
-0.0042
-0.00427
-0.00433
-0.00438
-0.00444
-0.00448
-0.00452
-0.00455
-0.00458
-0.00461
-0.00463
-0.00465
-0.00466
-0.00467
-0.00467
-0.00468
-0.00467
-0.00466
-0.00465
-0.00463
-0.00461
-0.00459
-0.00456
-0.00452
-0.00449
-0.00445
-0.0044
-0.00436
-0.0043
-0.00425
-0.00419
-0.00414
-0.00407
-0.00401
-0.00394
-0.00387
-0.0038
-0.00372
-0.00365
-0.00357
-0.00349
-0.00342
-0.00334
-0.00326
-0.00318
-0.0031
-0.00302
-0.00294
-0.00286
-0.00279
-0.00271
-0.00263
-0.00256
-0.00248
-0.0024
-0.00233
-0.00225
-0.00218
-0.00211
-0.00204
-0.00197
-0.0019
-0.00183
-0.00177
-0.00169
-0.00163
-0.00156
-0.0015
-0.00144
-0.00138
-0.00131
-0.00125
-0.00119
-0.00114
-0.00108
-0.00103
-0.00097
-0.00092
-0.00087
-0.00082
-0.00077
-0.00073
-0.00069
-0.00065
-0.00061
-0.00057
-0.00053
-0.0005
-0.00046
-0.00044
-0.0004
-0.00038
-0.00035
-0.00033
-0.0003
-0.00028
-0.00025
-0.00023
-0.00021
-0.00019
-0.00018
-0.00015
-0.00013
-0.00011
-9e-05
-7e-05
-5e-05
-3e-05
-0.0
2e-05
4e-05
6e-05
9e-05
0.00011
0.00013
0.00016
0.00018
0.00021
0.00023
0.00025
0.00028
0.0003
0.00032
0.00034
0.00036
0.00038
0.00039
0.00041
0.00043
0.00044
0.00045
0.00046
0.00046
0.00047
0.00048
0.00049
0.00049
0.00049
0.0005
0.0005
0.00051
0.0005
0.00051
0.00051
0.00052
0.00052
0.00052
0.00053
0.00053
0.00054
0.00055
0.00056
0.00057
0.00058
0.0006
0.00061
0.00063
0.00065
0.00067
0.00068
0.00071
0.00073
0.00075
0.00076
0.00078
0.0008
0.00082
0.00084
0.00086
0.00087
0.00088
0.00089
0.0009
0.0009
0.00091
0.00091
0.00091
0.00091
0.0009
0.0009
0.00089
0.00088
0.00087
0.00086
0.00085
0.00083
0.00082
0.00081
0.0008
0.00078
0.00077
0.00076
0.00076
0.00075
0.00074
0.00073
0.00073
0.00073
0.00073
0.00073
0.00074
0.00074
0.00074
0.00075
0.00076
0.00076
0.00077
0.00078
0.00079
0.00079
0.0008
0.0008
0.0008
0.00081
0.00081
0.00081
0.00081
0.0008
0.0008
0.00079
0.00079
0.00078
0.00077
0.00076
0.00075
0.00074
0.00073
0.00072
0.0007
0.00069
0.00069
0.00068
0.00068
0.00066
0.00067
0.00066
0.00067
0.00067
0.00067
0.00068
0.00069
0.0007
0.00072
0.00073
0.00075
0.00077
0.00079
0.00082
0.00084
0.00086
0.00089
0.00092
0.00095
0.00097
0.00101
0.00103
0.00107
0.00109
0.00112
0.00115
0.00118
0.00121
0.00124
0.00127
0.00131
0.00133
0.00137
0.0014
0.00144
0.00147
0.00151
0.00154
0.00158
0.00162
0.00166
0.0017
0.00174
0.00178
0.00183
0.00187
0.00192
0.00196
0.00201
0.00205
0.0021
0.00214
0.00219
0.00223
0.00228
0.00232
0.00236
0.0024
0.00244
0.00248
0.00251
0.00255
0.00259
0.00262
0.00265
0.00268
0.00271
0.00273
0.00277
0.00279
0.00282
0.00284
0.00286
0.00288
0.00291
0.00293
0.00295
0.00298
0.003
0.00302
0.00304
0.00306
0.00308
0.0031
0.00312
0.00314
0.00316
0.00317
0.00319
0.0032
0.00321
0.00322
0.00323
0.00323
0.00324
0.00323
0.00323
0.00322
0.00321
0.0032
0.00318
0.00316
0.00314
0.00311
0.00308
0.00305
0.00301
0.00297
0.00293
0.00288
0.00283
0.00278
0.00273
0.00267
0.00261
0.00255
0.00249
0.00242
0.00236
0.00228
0.00221
0.00214
0.00207
0.00199
0.00192
0.00184
0.00176
0.00168
0.0016
0.00151
0.00143
0.00134
0.00125
0.00116
0.00107
0.00097
0.00087
0.00077
0.00067
0.00057
0.00046
0.00036
0.00025
0.00013
3e-05
-9e-05
-0.0002
-0.00032
-0.00044
-0.00056
-0.00067
-0.0008
-0.00091
-0.00103
-0.00116
-0.00127
-0.00139
-0.00151
-0.00162
-0.00174
-0.00185
-0.00197
-0.00207
-0.00219
-0.00229
-0.0024
-0.0025
-0.00261
-0.0027
-0.0028
-0.0029
-0.003
-0.00309
-0.00318
-0.00326
-0.00335
-0.00343
-0.00352
-0.00359
-0.00367
-0.00375
-0.00382
-0.00388
-0.00395
-0.00401
-0.00407
-0.00413
-0.00418
-0.00423
-0.00427
-0.00431
-0.00435
-0.00438
-0.00441
-0.00442
-0.00444
-0.00445
-0.00446
-0.00446
-0.00445
-0.00444
-0.00443
-0.00441
-0.00438
-0.00435
-0.00431
-0.00427
-0.00423
-0.00418
-0.00412
-0.00406
-0.00401
-0.00394
-0.00388
-0.0038
-0.00373
-0.00366
-0.00358
-0.0035
-0.00342
-0.00333
-0.00325
-0.00316
-0.00308
-0.00299
-0.0029
-0.0028
-0.00271
-0.00262
-0.00253
-0.00242
-0.00233
-0.00222
-0.00212
-0.00202
-0.00191
-0.0018
-0.00169
-0.00157
-0.00146
-0.00134
-0.00122
-0.00109
-0.00097
-0.00084
-0.00072
-0.00058
-0.00045
-0.00032
-0.00019
-5e-05
8e-05
0.00022
0.00035
0.00049
0.00061
0.00075
0.00088
0.00101
0.00113
0.00126
0.00137
0.0015
0.00161
0.00173
0.00184
0.00195
0.00206
0.00216
0.00227
0.00237
0.00247
0.00257
0.00266
0.00276
0.00285
0.00294
0.00303
0.00313
0.00321
0.0033
0.00339
0.00347
0.00356
0.00365
0.00373
0.00382
0.00389
0.00398
0.00405
0.00413
0.0042
0.00428
0.00434
0.00441
0.00447
0.00453
0.00459
0.00464
0.00469
0.00473
0.00477
0.00481
0.00484
0.00486
0.00488
0.0049
0.00491
0.00492
0.00491
0.00492
0.00491
0.00489
0.00487
0.00485
0.00483
0.0048
0.00476
0.00473
0.00468
0.00464
0.00459
0.00454
0.00449
0.00443
0.00436
0.0043
0.00423
0.00416
0.00409
0.00401
0.00393
0.00385
0.00376
0.00368
0.00358
0.00349
0.00339
0.0033
0.00319
0.00309
0.00298
0.00288
0.00277
0.00266
0.00254
0.00243
0.00232
0.0022
0.00209
0.00198
0.00186
0.00175
0.00163
0.00152
0.00141
0.0013
0.00119
0.00109
0.00098
0.00088
0.00078
0.00068
0.00059
0.0005
0.00041
0.00032
0.00024
0.00016
8e-05
1e-05
-7e-05
-0.00014
-0.00021
-0.00027
-0.00033
-0.00039
-0.00045
-0.0005
-0.00055
-0.00059
-0.00063
-0.00067
-0.00072
-0.00075
-0.00078
-0.0008
-0.00083
-0.00085
-0.00087
-0.00088
-0.0009
-0.0009
-0.00091
-0.00091
-0.00091
-0.0009
-0.00089
-0.00088
-0.00087
-0.00085
-0.00083
-0.00081
-0.00079
-0.00076
-0.00073
-0.0007
-0.00067
-0.00063
-0.0006
-0.00057
-0.00053
-0.00049
-0.00045
-0.00041
-0.00037
-0.00033
-0.00029
-0.00024
-0.0002
-0.00016
-0.00012
-7e-05
-2e-05
2e-05
7e-05
0.00012
0.00016
0.00022
0.00027
0.00032
0.00037
0.00043
0.00048
0.00054
0.0006
0.00066
0.00072
0.00078
0.00084
0.00091
0.00097
0.00104
0.00111
0.00117
0.00124
0.00131
0.00138
0.00145
0.00151
0.00158
0.00165
0.00172
0.00178
0.00185
0.00191
0.00198
0.00204
0.0021
0.00216
0.00222
0.00228
0.00234
0.00239
0.00245
0.0025
0.00256
0.00261
0.00267
0.00272
0.00277
0.00282
0.00287
0.00292
0.00296
0.00301
0.00306
0.0031
0.00315
0.00319
0.00323
0.00327
0.00331
0.00334
0.00338
0.0034
0.00344
0.00346
0.00348
0.00351
0.00352
0.00354
0.00356
0.00356
0.00357
0.00357
0.00358
0.00358
0.00358
0.00357
0.00356
0.00354
0.00354
0.00352
0.0035
0.00348
0.00346
0.00343
0.00341
0.00338
0.00336
0.00332
0.0033
0.00326
0.00324
0.0032
0.00317
0.00313
0.0031
0.00306
0.00303
0.00299
0.00295
0.00291
0.00287
0.00283
0.00279
0.00274
0.0027
0.00266
0.00261
0.00256
0.00252
0.00247
0.00242
0.00237
0.00232
0.00227
0.00221
0.00216
0.00211
0.00206
0.00201
0.00195
0.0019
0.00185
0.0018
0.00174
0.00169
0.00163
0.00159
0.00153
0.00148
0.00143
0.00138
0.00133
0.00128
0.00123
0.00119
0.00113
0.00109
0.00103
0.00099
0.00093
0.00089
0.00083
0.00079
0.00074
0.00068
0.00063
0.00058
0.00052
0.00047
0.00042
0.00037
0.00031
0.00025
0.0002
0.00015
9e-05
3e-05
-3e-05
-8e-05
-0.00014
-0.00019
-0.00025
-0.00031
-0.00036
-0.00041
-0.00046
-0.00051
-0.00057
-0.00062
-0.00067
-0.00072
-0.00077
-0.00081
-0.00086
-0.0009
-0.00095
-0.00099
-0.00103
-0.00107
-0.00111
-0.00114
-0.00117
-0.0012
-0.00124
-0.00126
-0.00129
-0.00131
-0.00134
-0.00136
-0.00138
-0.0014
-0.00142
-0.00143
-0.00145
-0.00146
-0.00147
-0.00148
-0.00149
-0.0015
-0.00151
-0.00151
-0.00152
-0.00152
-0.00153
-0.00153
-0.00153
-0.00153
-0.00153
-0.00153
-0.00153
-0.00153
-0.00152
-0.00151
-0.00151
-0.00149
-0.00149
-0.00147
-0.00146
-0.00144
-0.00142
-0.0014
-0.00138
-0.00134
-0.00132
-0.00129
-0.00126
-0.00122
-0.00118
-0.00114
-0.0011
-0.00105
-0.00102
-0.00097
-0.00092
-0.00087
-0.00083
-0.00078
-0.00074
-0.00068
-0.00064
-0.0006
-0.00056
-0.00052
-0.00048
-0.00045
-0.00042
-0.00039
-0.00037
-0.00034
-0.00033
-0.00031
-0.0003
-0.0003
-0.0003
-0.00029
-0.0003
-0.00031
-0.00032
-0.00034
-0.00035
-0.00037
-0.00039
-0.00041
-0.00045
-0.00047
-0.0005
-0.00053
-0.00057
-0.0006
-0.00064
-0.00067
-0.00071
-0.00075
-0.00079
-0.00083
-0.00087
-0.00091
-0.00095
-0.00099
-0.00103
-0.00107
-0.00112
-0.00116
-0.0012
-0.00124
-0.00129
-0.00133
-0.00138
-0.00142
-0.00147
-0.00151
-0.00156
-0.0016
-0.00165
-0.00169
-0.00174
-0.00178
-0.00183
-0.00187
-0.00192
-0.00196
-0.002
-0.00204
-0.00208
-0.00212
-0.00216
-0.0022
-0.00223
-0.00226
-0.00229
-0.00232
-0.00235
-0.00238
-0.0024
-0.00242
-0.00244
-0.00245
-0.00247
-0.00248
-0.00249
-0.0025
-0.0025
-0.0025
-0.0025
-0.0025
-0.00249
-0.00248
-0.00247
-0.00245
-0.00244
-0.00242
-0.0024
-0.00238
-0.00236
-0.00233
-0.00231
-0.00229
-0.00226
-0.00224
-0.00221
-0.00218
-0.00215
-0.00213
-0.00211
-0.00208
-0.00206
-0.00204
-0.00202
-0.002
-0.00199
-0.00197
-0.00196
-0.00195
-0.00195
-0.00195
-0.00194
-0.00194
-0.00194
-0.00195
-0.00196
-0.00196
-0.00197
-0.00198
-0.002
-0.002
-0.00202
-0.00203
-0.00205
-0.00207
-0.00208
-0.0021
-0.00212
-0.00213
-0.00215
-0.00216
-0.00218
-0.00219
-0.00221
-0.00221
-0.00223
-0.00224
-0.00225
-0.00225
-0.00226
-0.00227
-0.00228
-0.00228
-0.00228
-0.00228
-0.00228
-0.00228
-0.00228
-0.00227
-0.00226
-0.00225
-0.00224
-0.00222
-0.00221
-0.00219
-0.00217
-0.00214
-0.00212
-0.00209
-0.00205
-0.00201
-0.00198
-0.00193
-0.00189
-0.00184
-0.0018
-0.00174
-0.00169
-0.00163
-0.00158
-0.00151
-0.00145
-0.00139
-0.00133
-0.00126
-0.0012
-0.00113
-0.00107
-0.001
-0.00094
-0.00087
-0.00081
-0.00074
-0.00068
-0.00062
-0.00056
-0.0005
-0.00045
-0.00039
-0.00034
-0.00029
-0.00024
-0.00019
-0.00014
-9e-05
-6e-05
-1e-05
3e-05
7e-05
0.00011
0.00015
0.00018
0.00022
0.00025
0.00029
0.00032
0.00035
0.00039
0.00042
0.00045
0.00049
0.00052
0.00055
0.00058
0.00062
0.00064
0.00068
0.0007
0.00074
0.00076
0.00079
0.00082
0.00084
0.00087
0.00089
0.00092
0.00094
0.00096
0.00098
0.00099
0.00101
0.00102
0.00103
0.00104
0.00105
0.00105
0.00105
0.00105
0.00104
0.00104
0.00103
0.00102
0.00101
0.00099
0.00097
0.00095
0.00094
0.00091
0.00089
0.00086
0.00084
0.00081
0.00078
0.00075
0.00073
0.0007
0.00068
0.00065
0.00063
0.0006
0.00058
0.00056
0.00054
0.00052
0.00051
0.00049
0.00049
0.00048
0.00047
0.00047
0.00047
0.00048
0.00048
0.00049
0.00051
0.00052
0.00054
0.00056
0.00059
0.00061
0.00064
0.00067
0.00071
0.00075
0.00079
0.00083
0.00087
0.00092
0.00097
0.00103
0.00108
0.00113
0.0012
0.00126
0.00132
0.00138
0.00145
0.00152
0.00159
0.00166
0.00173
0.0018
0.00188
0.00195
0.00203
0.00211
0.00219
0.00226
0.00234
0.00242
0.0025
0.00257
0.00265
0.00272
0.0028
0.00287
0.00294
0.00301
0.00308
0.00315
0.00321
0.00327
0.00334
0.00339
0.00344
0.00349
0.00355
0.00359
0.00363
0.00367
0.00371
0.00374
0.00378
0.0038
0.00383
0.00385
0.00387
0.00389
0.0039
0.00391
0.00392
0.00392
0.00393
0.00392
0.00392
0.00391
0.00391
0.0039
0.00389
0.00387
0.00385
0.00383
0.00381
0.00378
0.00375
0.00372
0.00369
0.00365
0.00361
0.00356
0.00352
0.00347
0.00343
0.00337
0.00331
0.00325
0.00319
0.00313
0.00306
0.00299
0.00292
0.00284
0.00276
0.00268
0.0026
0.00251
0.00242
0.00232
0.00224
0.00214
0.00204
0.00194
0.00184
0.00174
0.00164
0.00153
0.00143
0.00132
0.00122
0.00111
0.001
0.00089
0.00078
0.00067
0.00057
0.00046
0.00035
0.00024
0.00013
3e-05
-8e-05
-0.00019
-0.00029
-0.0004
-0.0005
-0.00061
-0.00071
-0.00081
-0.00091
-0.00102
-0.00111
-0.00122
-0.00132
-0.00142
-0.00151
-0.00161
-0.0017
-0.0018
-0.00189
-0.00198
-0.00207
-0.00216
-0.00224
-0.00233
-0.00241
-0.0025
-0.00257
-0.00265
-0.00272
-0.0028
-0.00287
-0.00294
-0.003
-0.00307
-0.00313
-0.00319
-0.00324
-0.0033
-0.00336
-0.00341
-0.00346
-0.00351
-0.00356
-0.00361
-0.00365
-0.0037
-0.00374
-0.00378
-0.00382
-0.00386
-0.0039
-0.00394
-0.00398
-0.00402
-0.00405
-0.00408
-0.00411
-0.00415
-0.00417
-0.0042
-0.00422
-0.00425
-0.00427
-0.00428
-0.00429
-0.0043
-0.00431
-0.00432
-0.00432
-0.00432
-0.00431
-0.00431
-0.00429
-0.00428
-0.00426
-0.00424
-0.00422
-0.00419
-0.00416
-0.00412
-0.00409
-0.00405
-0.00401
-0.00397
-0.00392
-0.00388
-0.00383
-0.00378
-0.00373
-0.00368
-0.00363
-0.00358
-0.00352
-0.00347
-0.00342
-0.00337
-0.00332
-0.00327
-0.00321
-0.00317
-0.00312
-0.00307
-0.00302
-0.00298
-0.00293
-0.00289
-0.00284
-0.0028
-0.00276
-0.00272
-0.00269
-0.00265
-0.00261
-0.00258
-0.00254
-0.00252
-0.00248
-0.00246
-0.00243
-0.00241
-0.00239
-0.00237
-0.00235
-0.00233
-0.00231
-0.0023
-0.00229
-0.00228
-0.00226
-0.00226
-0.00224
-0.00224
-0.00223
-0.00222
-0.00221
-0.00221
-0.00219
-0.00219
-0.00217
-0.00216
-0.00215
-0.00213
-0.00212
-0.00209
-0.00207
-0.00205
-0.00202
-0.00199
-0.00195
-0.00192
-0.00188
-0.00184
-0.00179
-0.00175
-0.00169
-0.00164
-0.00159
-0.00153
-0.00147
-0.0014
-0.00134
-0.00127
-0.0012
-0.00113
-0.00106
-0.00098
-0.0009
-0.00083
-0.00075
-0.00068
-0.0006
-0.00052
-0.00045
-0.00037
-0.00029
-0.00021
-0.00013
-5e-05
3e-05
0.0001
0.00018
0.00026
0.00034
0.00041
0.00049
0.00056
0.00065
0.00072
0.0008
0.00087
0.00095
0.00102
0.0011
0.00118
0.00125
0.00132
0.0014
0.00147
0.00155
0.00161
0.00169
0.00175
0.00182
0.00188
0.00195
0.002
0.00206
0.00212
0.00217
0.00222
0.00227
0.0023
0.00234
0.00237
0.00241
0.00243
0.00245
0.00246
0.00248
0.00248
0.00248
0.00247
0.00246
0.00245
0.00244
0.00241
0.00239
0.00235
0.00232
0.00228
0.00224
0.00218
0.00213
0.00207
0.00202
0.00195
0.00189
0.00182
0.00175
0.00168
0.0016
0.00152
0.00145
0.00136
0.00128
0.00119
0.00111
0.00102
0.00093
0.00084
0.00076
0.00066
0.00057
0.00048
0.00038
0.00029
0.0002
0.00011
2e-05
-8e-05
-0.00017
-0.00026
-0.00035
-0.00044
-0.00053
-0.00062
-0.0007
-0.00078
-0.00087
-0.00095
-0.00103
-0.0011
-0.00118
-0.00125
-0.00132
-0.00139
-0.00146
-0.00152
-0.00158
-0.00165
-0.0017
-0.00176
-0.0018
-0.00186
-0.0019
-0.00195
-0.00199
-0.00203
-0.00206
-0.0021
-0.00212
-0.00216
-0.00217
-0.0022
-0.00221
-0.00223
-0.00224
-0.00225
-0.00224
-0.00225
-0.00224
-0.00223
-0.00222
-0.0022
-0.00218
-0.00215
-0.00212
-0.00209
-0.00204
-0.002
-0.00195
-0.0019
-0.00184
-0.00178
-0.00171
-0.00164
-0.00157
-0.0015
-0.00142
-0.00133
-0.00125
-0.00116
-0.00107
-0.00098
-0.00088
-0.00079
-0.00069
-0.0006
-0.0005
-0.0004
-0.00029
-0.0002
-0.0001
0.0
0.0001
0.0002
0.0003
0.0004
0.0005
0.00059
0.00069
0.00079
0.00089
0.00098
0.00108
0.00117
0.00127
0.00135
0.00144
0.00153
0.00162
0.00171
0.0018
0.00189
0.00198
0.00206
0.00214
0.00222
0.00231
0.00238
0.00246
0.00253
0.00261
0.00268
0.00275
0.00281
0.00288
0.00294
0.003
0.00306
0.00312
0.00317
0.00322
0.00327
0.00332
0.00336
0.0034
0.00343
0.00347
0.0035
0.00352
0.00354
0.00356
0.00358
0.00359
0.0036
0.00361
0.00361
0.00361
0.0036
0.00359
0.00357
0.00356
0.00353
0.00351
0.00347
0.00343
0.00339
0.00334
0.00329
0.00324
0.00318
0.00312
0.00304
0.00298
0.0029
0.00282
0.00274
0.00265
0.00256
0.00247
0.00237
0.00228
0.00218
0.00208
0.00197
0.00187
0.00177
0.00166
0.00155
0.00145
0.00134
0.00123
0.00112
0.00101
0.0009
0.00079
0.00068
0.00057
0.00047
0.00036
0.00025
0.00015
4e-05
-6e-05
-0.00017
-0.00027
-0.00037
-0.00047
-0.00057
-0.00067
-0.00076
-0.00085
-0.00094
-0.00103
-0.00112
-0.0012
-0.00129
-0.00136
-0.00144
-0.0015
-0.00158
-0.00164
-0.0017
-0.00175
-0.00181
-0.00186
-0.00191
-0.00194
-0.00199
-0.00202
-0.00205
-0.00208
-0.00211
-0.00213
-0.00214
-0.00216
-0.00218
-0.00219
-0.0022
-0.0022
-0.00221
-0.00221
-0.00222
-0.00222
-0.00222
-0.00222
-0.00222
-0.00222
-0.00222
-0.00221
-0.00221
-0.0022
-0.0022
-0.00219
-0.00218
-0.00217
-0.00216
-0.00214
-0.00213
-0.00211
-0.00209
-0.00207
-0.00204
-0.00202
-0.00199
-0.00196
-0.00192
-0.00188
-0.00185
-0.00181
-0.00176
-0.00171
-0.00167
-0.00162
-0.00157
-0.00151
-0.00145
-0.0014
-0.00134
-0.00128
-0.00122
-0.00116
-0.00109
-0.00103
-0.00097
-0.0009
-0.00084
-0.00077
-0.00072
-0.00065
-0.00059
-0.00052
-0.00046
-0.0004
-0.00034
-0.00028
-0.00021
-0.00015
-9e-05
-3e-05
3e-05
9e-05
0.00015
0.00021
0.00026
0.00032
0.00037
0.00043
0.00048
0.00054
0.00059
0.00063
0.00068
0.00073
0.00077
0.00082
0.00085
0.00089
0.00092
0.00096
0.00098
0.00101
0.00103
0.00105
0.00107
0.00108
0.00109
0.0011
0.00111
0.00111
0.00112
0.00112
0.00111
0.00111
0.0011
0.0011
