1.49641354248727E+03

0.00097
0.001
0.00102
0.00105
0.00107
0.00109
0.00112
0.00114
0.00116
0.00118
0.00121
0.00123
0.00126
0.00127
0.0013
0.00132
0.00135
0.00138
0.0014
0.00143
0.00146
0.00149
0.00152
0.00155
0.00158
0.00161
0.00164
0.00168
0.00171
0.00174
0.00177
0.0018
0.00183
0.00186
0.00189
0.00191
0.00194
0.00197
0.00199
0.00201
0.00203
0.00205
0.00207
0.00209
0.0021
0.00211
0.00212
0.00213
0.00214
0.00214
0.00215
0.00215
0.00215
0.00215
0.00215
0.00215
0.00214
0.00213
0.00212
0.00211
0.0021
0.00209
0.00207
0.00206
0.00204
0.00202
0.00199
0.00197
0.00194
0.00191
0.00188
0.00185
0.00181
0.00178
0.00174
0.0017
0.00165
0.0016
0.00156
0.0015
0.00145
0.00139
0.00134
0.00127
0.00122
0.00115
0.00108
0.00101
0.00094
0.00087
0.00079
0.00072
0.00064
0.00056
0.00048
0.0004
0.00032
0.00023
0.00015
6e-05
-2e-05
-0.00011
-0.00019
-0.00028
-0.00037
-0.00046
-0.00054
-0.00063
-0.00072
-0.00081
-0.00089
-0.00098
-0.00107
-0.00116
-0.00124
-0.00133
-0.00141
-0.0015
-0.00159
-0.00168
-0.00176
-0.00185
-0.00193
-0.00201
-0.00209
-0.00218
-0.00226
-0.00234
-0.00242
-0.0025
-0.00257
-0.00265
-0.00272
-0.0028
-0.00287
-0.00294
-0.003
-0.00306
-0.00312
-0.00318
-0.00323
-0.00329
-0.00334
-0.00338
-0.00342
-0.00346
-0.0035
-0.00353
-0.00355
-0.00358
-0.0036
-0.00362
-0.00363
-0.00364
-0.00365
-0.00365
-0.00365
-0.00365
-0.00364
-0.00363
-0.00362
-0.00361
-0.00359
-0.00358
-0.00355
-0.00354
-0.00351
-0.00349
-0.00346
-0.00344
-0.00341
-0.00337
-0.00334
-0.00331
-0.00328
-0.00324
-0.0032
-0.00317
-0.00313
-0.00309
-0.00305
-0.00301
-0.00297
-0.00293
-0.00288
-0.00284
-0.00279
-0.00274
-0.00269
-0.00265
-0.0026
-0.00255
-0.0025
-0.00246
-0.00241
-0.00236
-0.00231
-0.00227
-0.00222
-0.00218
-0.00214
-0.0021
-0.00206
-0.00202
-0.00199
-0.00196
-0.00193
-0.0019
-0.00187
-0.00186
-0.00184
-0.00183
-0.00181
-0.0018
-0.0018
-0.00179
-0.0018
-0.0018
-0.0018
-0.00181
-0.00181
-0.00183
-0.00184
-0.00185
-0.00187
-0.00189
-0.0019
-0.00192
-0.00194
-0.00196
-0.00198
-0.002
-0.00202
-0.00204
-0.00205
-0.00207
-0.00209
-0.00211
-0.00212
-0.00214
-0.00215
-0.00217
-0.00217
-0.00219
-0.0022
-0.00221
-0.00222
-0.00224
-0.00225
-0.00226
-0.00226
-0.00228
-0.00228
-0.0023
-0.00231
-0.00232
-0.00233
-0.00235
-0.00235
-0.00237
-0.00238
-0.0024
-0.00241
-0.00242
-0.00244
-0.00245
-0.00246
-0.00247
-0.00248
-0.0025
-0.0025
-0.00251
-0.00251
-0.00252
-0.00252
-0.00252
-0.00252
-0.00251
-0.00251
-0.0025
-0.00248
-0.00247
-0.00245
-0.00243
-0.0024
-0.00237
-0.00234
-0.00231
-0.00227
-0.00223
-0.00219
-0.00214
-0.00209
-0.00204
-0.002
-0.00194
-0.00189
-0.00183
-0.00177
-0.00171
-0.00165
-0.0016
-0.00153
-0.00147
-0.00141
-0.00135
-0.00128
-0.00123
-0.00116
-0.0011
-0.00104
-0.00099
-0.00093
-0.00087
-0.00081
-0.00076
-0.0007
-0.00066
-0.0006
-0.00056
-0.00051
-0.00047
-0.00042
-0.00038
-0.00034
-0.0003
-0.00027
-0.00024
-0.00021
-0.00018
-0.00015
-0.00013
-0.00011
-9e-05
-7e-05
-6e-05
-5e-05
-5e-05
-4e-05
-4e-05
-3e-05
-3e-05
-3e-05
-4e-05
-5e-05
-5e-05
-6e-05
-7e-05
-8e-05
-0.0001
-0.0001
-0.00012
-0.00013
-0.00015
-0.00016
-0.00017
-0.00018
-0.0002
-0.00021
-0.00022
-0.00023
-0.00024
-0.00025
-0.00026
-0.00027
-0.00028
-0.00028
-0.00029
-0.00029
-0.0003
-0.00029
-0.0003
-0.00029
-0.0003
-0.0003
-0.00029
-0.00029
-0.00029
-0.00028
-0.00027
-0.00026
-0.00026
-0.00025
-0.00024
-0.00022
-0.00022
-0.0002
-0.00019
-0.00017
-0.00016
-0.00014
-0.00013
-0.00011
-9e-05
-7e-05
-6e-05
-4e-05
-3e-05
-1e-05
1e-05
3e-05
3e-05
5e-05
5e-05
7e-05
7e-05
7e-05
7e-05
6e-05
6e-05
5e-05
3e-05
2e-05
-1e-05
-3e-05
-6e-05
-9e-05
-0.00014
-0.00017
-0.00023
-0.00027
-0.00033
-0.00038
-0.00045
-0.00051
-0.00058
-0.00065
-0.00072
-0.00079
-0.00087
-0.00095
-0.00103
-0.00111
-0.0012
-0.00128
-0.00137
-0.00145
-0.00154
-0.00163
-0.00172
-0.00181
-0.00189
-0.00198
-0.00207
-0.00216
-0.00225
-0.00233
-0.00243
-0.00251
-0.0026
-0.00269
-0.00278
-0.00286
-0.00296
-0.00304
-0.00313
-0.00322
-0.00331
-0.00339
-0.00347
-0.00355
-0.00364
-0.00372
-0.0038
-0.00388
-0.00395
-0.00403
-0.0041
-0.00416
-0.00423
-0.0043
-0.00436
-0.00442
-0.00447
-0.00452
-0.00457
-0.00462
-0.00467
-0.0047
-0.00474
-0.00477
-0.00481
-0.00483
-0.00486
-0.00488
-0.0049
-0.00492
-0.00494
-0.00495
-0.00496
-0.00497
-0.00497
-0.00498
-0.00498
-0.00498
-0.00498
-0.00498
-0.00497
-0.00496
-0.00496
-0.00494
-0.00493
-0.00492
-0.00491
-0.00489
-0.00487
-0.00484
-0.00482
-0.00479
-0.00476
-0.00473
-0.0047
-0.00466
-0.00462
-0.00458
-0.00455
-0.0045
-0.00446
-0.00441
-0.00436
-0.00432
-0.00427
-0.00422
-0.00417
-0.00411
-0.00407
-0.00401
-0.00396
-0.0039
-0.00386
-0.0038
-0.00375
-0.0037
-0.00365
-0.00359
-0.00354
-0.00349
-0.00344
-0.00338
-0.00333
-0.00327
-0.00322
-0.00316
-0.00311
-0.00304
-0.00299
-0.00292
-0.00287
-0.00279
-0.00273
-0.00266
-0.0026
-0.00253
-0.00245
-0.00238
-0.0023
-0.00222
-0.00214
-0.00206
-0.00198
-0.00189
-0.00181
-0.00172
-0.00163
-0.00154
-0.00145
-0.00136
-0.00127
-0.00118
-0.00109
-0.00099
-0.0009
-0.0008
-0.00071
-0.00061
-0.00052
-0.00042
-0.00033
-0.00023
-0.00014
-3e-05
6e-05
0.00016
0.00026
0.00036
0.00046
0.00056
0.00066
0.00077
0.00087
0.00097
0.00107
0.00118
0.00128
0.00139
0.00149
0.0016
0.0017
0.0018
0.0019
0.002
0.0021
0.00219
0.00228
0.00238
0.00246
0.00255
0.00263
0.00272
0.00279
0.00286
0.00293
0.003
0.00306
0.00312
0.00318
0.00323
0.00328
0.00333
0.00337
0.00342
0.00345
0.00349
0.00352
0.00356
0.00358
0.00361
0.00364
0.00367
0.00369
0.00371
0.00374
0.00376
0.00378
0.0038
0.00382
0.00385
0.00386
0.00388
0.0039
0.00392
0.00393
0.00395
0.00396
0.00397
0.00398
0.00399
0.004
0.004
0.004
0.00401
0.004
0.004
0.004
0.00399
0.00398
0.00397
0.00396
0.00395
0.00393
0.00392
0.0039
0.00388
0.00387
0.00385
0.00383
0.00382
0.0038
0.00378
0.00376
0.00375
0.00374
0.00373
0.00371
0.0037
0.00368
0.00368
0.00366
0.00365
0.00364
0.00363
0.00361
0.0036
0.00359
0.00357
0.00355
0.00354
0.00351
0.00349
0.00346
0.00343
0.00339
0.00336
0.00332
0.00327
0.00322
0.00317
0.00311
0.00305
0.00299
0.00293
0.00285
0.00278
0.0027
0.00263
0.00254
0.00246
0.00237
0.00229
0.00219
0.0021
0.00201
0.00192
0.00183
0.00174
0.00165
0.00156
0.00146
0.00138
0.00129
0.00121
0.00112
0.00104
0.00095
0.00088
0.0008
0.00072
0.00065
0.00058
0.00051
0.00045
0.00039
0.00033
0.00027
0.00022
0.00016
0.00012
7e-05
3e-05
-2e-05
-5e-05
-9e-05
-0.00012
-0.00016
-0.00019
-0.00021
-0.00023
-0.00026
-0.00028
-0.0003
-0.00031
-0.00032
-0.00033
-0.00034
-0.00034
-0.00034
-0.00033
-0.00033
-0.00032
-0.00031
-0.00029
-0.00027
-0.00024
-0.00021
-0.00017
-0.00014
-9e-05
-4e-05
2e-05
7e-05
0.00014
0.00021
0.00029
0.00036
0.00045
0.00054
0.00063
0.00073
0.00084
0.00095
0.00106
0.00117
0.00129
0.00141
0.00154
0.00167
0.0018
0.00193
0.00207
0.0022
0.00234
0.00247
0.00261
0.00275
0.0029
0.00304
0.00319
0.00333
0.00348
0.00362
0.00378
0.00392
0.00408
0.00423
0.00439
0.00455
0.00471
0.00488
0.00504
0.00522
0.00539
0.00557
0.00575
0.00593
0.00612
0.00631
0.00651
0.0067
0.00691
0.00711
0.00732
0.00753
0.00774
0.00795
0.00816
0.00838
0.00859
0.00881
0.00903
0.00924
0.00946
0.00967
0.00989
0.0101
0.01031
0.01051
0.01073
0.01093
0.01113
0.01132
0.01152
0.01171
0.0119
0.01209
0.01228
0.01245
0.01264
0.01281
0.01299
0.01315
0.01332
0.01349
0.01366
0.01382
0.01398
0.01413
0.01429
0.01445
0.0146
0.01475
0.01491
0.01505
0.0152
0.01535
0.0155
0.01564
0.01578
0.01592
0.01607
0.01621
0.01635
0.01649
0.01662
0.01676
0.01689
0.01703
0.01716
0.01729
0.01742
0.01755
0.01768
0.0178
0.01793
0.01805
0.01818
0.0183
0.01842
0.01854
0.01866
0.01878
0.0189
0.01901
0.01913
0.01924
0.01936
0.01947
0.01958
0.01969
0.0198
0.01991
0.02002
0.02013
0.02024
0.02034
0.02044
0.02054
0.02064
0.02074
0.02085
0.02094
0.02103
0.02113
0.02122
0.02131
0.0214
0.02148
0.02157
0.02165
0.02174
0.02181
0.02189
0.02196
0.02204
0.02211
0.02218
0.02224
0.02231
0.02236
0.02242
0.02248
0.02253
0.02258
0.02263
0.02267
0.02271
0.02275
0.02279
0.02282
0.02285
0.02287
0.0229
0.02292
0.02294
0.02295
0.02296
0.02297
0.02298
0.02298
0.02298
0.02297
0.02297
0.02296
0.02295
0.02293
0.02291
0.02289
0.02287
0.02284
0.02281
0.02277
0.02274
0.0227
0.02265
0.0226
0.02256
0.0225
0.02244
0.02237
0.02231
0.02223
0.02216
0.02208
0.022
0.0219
0.02181
0.02171
0.02161
0.0215
0.02139
0.02127
0.02116
0.02103
0.0209
0.02077
0.02064
0.0205
0.02036
0.02021
0.02007
0.01992
0.01977
0.01961
0.01946
0.0193
0.01915
0.01899
0.01883
0.01867
0.01851
0.01834
0.01818
0.01802
0.01786
0.0177
0.01754
0.01737
0.01721
0.01704
0.01688
0.01671
0.01654
0.01637
0.0162
0.01603
0.01586
0.01568
0.01551
0.01533
0.01515
0.01496
0.01478
0.01459
0.0144
0.01421
0.01402
0.01381
0.01362
0.01341
0.01321
0.013
0.01279
0.01258
0.01237
0.01216
0.01194
0.01173
0.01151
0.01129
0.01108
0.01086
0.01065
0.01043
0.01022
0.01
0.00979
0.00958
0.00937
0.00916
0.00896
0.00876
0.00856
0.00836
0.00817
0.00798
0.0078
0.00761
0.00744
0.00726
0.00709
0.00692
0.00676
0.0066
0.00645
0.0063
0.00616
0.00602
0.00588
0.00575
0.00563
0.0055
0.00539
0.00527
0.00516
0.00506
0.00496
0.00485
0.00476
0.00467
0.00458
0.0045
0.00441
0.00434
0.00426
0.00419
0.00412
0.00404
0.00398
0.00391
0.00385
0.00379
0.00374
0.00368
0.00363
0.00357
0.00352
0.00347
0.00343
0.00339
0.00335
0.00332
0.00329
0.00325
0.00323
0.00321
0.0032
0.00318
0.00317
0.00316
0.00317
0.00317
0.00318
0.00319
0.00321
0.00323
0.00325
0.00329
0.00332
0.00335
0.0034
0.00344
0.00349
0.00353
0.00359
0.00363
0.00369
0.00375
0.0038
0.00386
0.00391
0.00397
0.00402
0.00408
0.00413
0.00418
0.00423
0.00427
0.00432
0.00435
0.00439
0.00442
0.00446
0.00448
0.0045
0.00452
0.00453
0.00454
0.00454
0.00454
0.00454
0.00453
0.00452
0.0045
0.00449
0.00446
0.00443
0.00439
0.00436
0.00432
0.00427
0.00422
0.00417
0.00412
0.00406
0.004
0.00394
0.00387
0.00381
0.00374
0.00367
0.00359
0.00352
0.00344
0.00337
0.0033
0.00322
0.00314
0.00307
0.00299
0.00292
0.00285
0.00278
0.00271
0.00264
0.00258
0.00252
0.00246
0.0024
0.00234
0.0023
0.00225
0.00221
0.00216
0.00213
0.0021
0.00207
0.00204
0.00202
0.002
0.00198
0.00197
0.00197
0.00196
0.00196
0.00195
0.00196
0.00196
0.00197
0.00198
0.00199
0.00201
0.00202
0.00204
0.00206
0.00208
0.0021
0.00212
0.00215
0.00217
0.0022
0.00222
0.00225
0.00228
0.0023
0.00233
0.00235
0.00238
0.00241
0.00244
0.00247
0.00249
0.00252
0.00255
0.00258
0.00261
0.00264
0.00266
0.00269
0.00272
0.00275
0.00278
0.00281
0.00284
0.00287
0.0029
0.00293
0.00296
0.00299
0.00302
0.00306
0.00308
0.00312
0.00315
0.00319
0.00321
0.00325
0.00328
0.00331
0.00334
0.00338
0.00341
0.00344
0.00347
0.0035
0.00353
0.00356
0.00359
0.00362
0.00365
0.00368
0.0037
0.00373
0.00376
0.00378
0.00381
0.00384
0.00387
0.0039
0.00392
0.00395
0.00398
0.00402
0.00405
0.00408
0.00411
0.00415
0.00419
0.00423
0.00427
0.00431
0.00435
0.0044
0.00445
0.0045
0.00454
0.00459
0.00464
0.0047
0.00474
0.0048
0.00484
0.0049
0.00494
0.00499
0.00503
0.00507
0.00511
0.00515
0.00518
0.00521
0.00524
0.00526
0.00528
0.0053
0.0053
0.00531
0.00531
0.00531
0.0053
0.00529
0.00527
0.00525
0.00523
0.0052
0.00516
0.00513
0.00508
0.00504
0.00499
0.00494
0.00488
0.00482
0.00476
0.0047
0.00462
0.00455
0.00448
0.0044
0.00432
0.00423
0.00415
0.00406
0.00396
0.00387
0.00377
0.00368
0.00357
0.00347
0.00336
0.00326
0.00315
0.00304
0.00293
0.00282
0.0027
0.00259
0.00248
0.00237
0.00225
0.00214
0.00202
0.00191
0.0018
0.00169
0.00157
0.00147
0.00136
0.00126
0.00115
0.00105
0.00095
0.00086
0.00076
0.00067
0.00057
0.00049
0.0004
0.00032
0.00023
0.00015
7e-05
-0.0
-8e-05
-0.00016
-0.00023
-0.00031
-0.00038
-0.00044
-0.00051
-0.00058
-0.00065
-0.00071
-0.00078
-0.00084
-0.0009
-0.00096
-0.00103
-0.00108
-0.00114
-0.0012
-0.00126
-0.00131
-0.00136
-0.00141
-0.00146
-0.00151
-0.00156
-0.0016
-0.00164
-0.00168
-0.00172
-0.00175
-0.00178
-0.00181
-0.00183
-0.00186
-0.00188
-0.0019
-0.00191
-0.00192
-0.00193
-0.00193
-0.00193
-0.00193
-0.00192
-0.00191
-0.0019
-0.00187
-0.00186
-0.00182
-0.0018
-0.00176
-0.00173
-0.00169
-0.00164
-0.00159
-0.00153
-0.00147
-0.00142
-0.00135
-0.00129
-0.00121
-0.00114
-0.00107
-0.00099
-0.00091
-0.00083
-0.00074
-0.00066
-0.00057
-0.00048
-0.00039
-0.0003
-0.00021
-0.00012
-2e-05
6e-05
0.00016
0.00025
0.00034
0.00043
0.00052
0.00061
0.0007
0.00079
0.00087
0.00096
0.00105
0.00114
0.00122
0.00131
0.00139
0.00147
0.00156
0.00164
0.00172
0.0018
0.00188
0.00196
0.00204
0.00211
0.00219
0.00226
0.00234
0.00241
0.00249
0.00255
0.00262
0.00269
0.00275
0.00281
0.00288
0.00293
0.00299
0.00304
0.00309
0.00314
0.00318
0.00322
0.00326
0.0033
0.00334
0.00336
0.00339
0.00342
0.00344
0.00346
0.00348
0.00349
0.00351
0.00351
0.00352
0.00353
0.00353
0.00353
0.00354
0.00354
0.00354
0.00353
0.00353
0.00352
0.00352
0.00351
0.0035
0.00349
0.00349
0.00347
0.00346
0.00345
0.00344
0.00343
0.00342
0.0034
0.00339
0.00337
0.00336
0.00334
0.00333
0.00331
0.0033
0.00327
0.00326
0.00324
0.00322
0.0032
0.00318
0.00316
0.00314
0.00312
0.0031
0.00307
0.00305
0.00303
0.00301
0.00298
0.00296
0.00293
0.00291
0.00288
0.00285
0.00282
0.00279
0.00276
0.00273
0.0027
0.00267
0.00263
0.00259
0.00255
0.00251
0.00247
0.00242
0.00237
0.00233
0.00228
0.00223
0.00217
0.00211
0.00205
0.00199
0.00193
0.00187
0.0018
0.00174
0.00166
0.0016
0.00153
0.00146
0.00138
0.00132
0.00124
0.00117
0.0011
0.00103
0.00096
0.0009
0.00083
0.00077
0.0007
0.00064
0.00058
0.00053
0.00047
0.00043
0.00038
0.00034
0.0003
0.00026
0.00023
0.0002
0.00018
0.00016
0.00014
0.00013
0.00012
0.00012
0.00012
0.00012
0.00013
0.00014
0.00015
0.00018
0.0002
0.00022
0.00025
0.00028
0.00031
0.00035
0.00039
0.00044
0.00047
0.00052
0.00057
0.00062
0.00067
0.00072
0.00077
0.00083
0.00088
0.00093
0.00099
0.00104
0.00109
0.00115
0.0012
0.00126
0.0013
0.00136
0.0014
0.00145
0.0015
0.00155
0.00158
0.00163
0.00167
0.00171
0.00175
0.00178
0.00181
0.00184
0.00187
0.0019
0.00192
0.00194
0.00196
0.00198
0.00198
0.002
0.002
0.00201
0.002
0.002
0.00199
0.00198
0.00197
0.00196
0.00194
0.00192
0.00189
0.00187
0.00184
0.00181
0.00177
0.00174
0.00169
0.00166
0.00162
0.00157
0.00153
0.00148
0.00144
0.00139
0.00135
0.0013
0.00125
0.00121
0.00116
0.00112
0.00107
0.00103
0.00098
0.00094
0.00089
0.00085
0.00081
0.00076
0.00072
0.00068
0.00064
0.0006
0.00056
0.00052
0.00048
0.00044
0.00039
0.00035
0.0003
0.00027
0.00022
0.00017
0.00013
8e-05
3e-05
-1e-05
-6e-05
-0.0001
-0.00016
-0.0002
-0.00025
-0.0003
-0.00035
-0.0004
-0.00045
-0.0005
-0.00054
-0.00059
-0.00064
-0.00069
-0.00073
-0.00078
-0.00082
-0.00087
-0.00092
-0.00096
-0.001
-0.00104
-0.00109
-0.00113
-0.00117
-0.00121
-0.00126
-0.0013
-0.00134
-0.00139
-0.00143
-0.00147
-0.00152
-0.00156
-0.00161
-0.00166
-0.00171
-0.00175
-0.0018
-0.00185
-0.0019
-0.00194
-0.00199
-0.00204
-0.00209
-0.00214
-0.00218
-0.00223
-0.00227
-0.00231
-0.00236
-0.0024
-0.00245
-0.00249
-0.00253
-0.00257
-0.00261
-0.00264
-0.00268
-0.00271
-0.00275
-0.00279
-0.00282
-0.00285
-0.00288
-0.0029
-0.00294
-0.00297
-0.003
-0.00302
-0.00305
-0.00308
-0.00311
-0.00313
-0.00316
-0.00319
-0.00322
-0.00324
-0.00327
-0.00329
-0.00331
-0.00333
-0.00336
-0.00337
-0.0034
-0.00341
-0.00343
-0.00344
-0.00346
-0.00347
-0.00348
-0.00349
-0.00349
-0.0035
-0.0035
-0.00349
-0.00349
-0.00348
-0.00347
-0.00346
-0.00345
-0.00343
-0.00341
-0.00339
-0.00337
-0.00334
-0.00332
-0.00329
-0.00326
-0.00323
-0.00319
-0.00315
-0.00312
-0.00307
-0.00304
-0.00299
-0.00296
-0.00291
-0.00287
-0.00282
-0.00278
-0.00272
-0.00268
-0.00263
-0.00258
-0.00254
-0.00249
-0.00244
-0.00239
-0.00234
-0.0023
-0.00225
-0.0022
-0.00215
-0.00211
-0.00206
-0.00203
-0.00198
-0.00194
-0.00191
-0.00187
-0.00184
-0.0018
-0.00177
-0.00174
-0.00171
-0.00169
-0.00167
-0.00165
-0.00163
-0.00161
-0.0016
-0.00159
-0.00158
-0.00157
-0.00157
-0.00157
-0.00156
-0.00156
-0.00156
-0.00157
-0.00157
-0.00158
-0.00158
-0.00159
-0.0016
-0.00161
-0.00161
-0.00163
-0.00163
-0.00164
-0.00165
-0.00166
-0.00167
-0.00168
-0.00169
-0.00169
-0.00169
-0.0017
-0.0017
-0.00171
-0.00171
-0.00171
-0.00171
-0.00171
-0.00169
-0.00169
-0.00168
-0.00167
-0.00166
-0.00164
-0.00162
-0.0016
-0.00158
-0.00156
-0.00152
-0.0015
-0.00146
-0.00143
-0.00139
-0.00135
-0.0013
-0.00126
-0.00121
-0.00116
-0.00111
-0.00105
-0.00099
-0.00093
-0.00087
-0.00081
-0.00074
-0.00068
-0.0006
-0.00054
-0.00047
-0.0004
-0.00032
-0.00025
-0.00017
-0.0001
-2e-05
6e-05
0.00014
0.00022
0.0003
0.00038
0.00047
0.00055
0.00064
0.00072
0.00081
0.0009
0.001
0.00109
0.00118
0.00128
0.00138
0.00148
0.00159
0.00169
0.0018
0.0019
0.00202
0.00213
0.00224
0.00236
0.00247
0.00259
0.00271
0.00282
0.00294
0.00306
0.00317
0.00329
0.00341
0.00352
0.00364
0.00375
0.00387
0.00397
0.00408
0.00418
0.00429
0.00439
0.00449
0.00459
0.00469
0.00478
0.00487
0.00496
0.00505
0.00513
0.00522
0.0053
0.00539
0.00546
0.00555
0.00562
0.0057
0.00577
0.00585
0.00593
0.006
0.00607
0.00614
0.00621
0.00629
0.00635
0.00643
0.00648
0.00655
0.00661
0.00667
0.00673
0.00678
0.00683
0.00688
0.00692
0.00696
0.00699
0.00702
0.00705
0.00707
0.00708
0.00709
0.00709
0.0071
0.00709
0.00708
0.00706
0.00704
0.00701
0.00698
0.00694
0.0069
0.00685
0.0068
0.00674
0.00669
0.00662
0.00656
0.00648
0.0064
0.00632
0.00624
0.00615
0.00607
0.00597
0.00588
0.00578
0.00568
0.00557
0.00547
0.00536
0.00525
0.00513
0.00502
0.00489
0.00477
0.00465
0.00452
0.00439
0.00426
0.00412
0.00398
0.00384
0.0037
0.00355
0.0034
0.00326
0.00311
0.00296
0.00281
0.00265
0.0025
0.00235
0.0022
0.00204
0.0019
0.00174
0.0016
0.00145
0.00131
0.00117
0.00103
0.00089
0.00076
0.00063
0.0005
0.00038
0.00026
0.00014
3e-05
-8e-05
-0.00018
-0.00028
-0.00037
-0.00046
-0.00055
-0.00063
-0.00071
-0.00078
-0.00085
-0.00091
-0.00097
-0.00103
-0.00108
-0.00113
-0.00116
-0.00121
-0.00124
-0.00127
-0.00128
-0.0013
-0.00132
-0.00133
-0.00133
-0.00132
-0.00131
-0.0013
-0.00128
-0.00126
-0.00123
-0.0012
-0.00116
-0.00112
-0.00107
-0.00102
-0.00095
-0.0009
-0.00083
-0.00077
-0.0007
-0.00063
-0.00055
-0.00047
-0.00039
-0.00032
-0.00023
-0.00016
-7e-05
0.0
8e-05
0.00016
0.00024
0.00031
0.00039
0.00046
0.00053
0.0006
0.00066
0.00072
0.00079
0.00084
0.0009
0.00095
0.001
0.00105
0.0011
0.00114
0.00119
0.00122
0.00127
0.0013
0.00134
0.00137
0.0014
0.00144
0.00147
0.00149
0.00153
0.00155
0.00158
0.00159
0.00162
0.00163
0.00165
0.00166
0.00167
0.00168
0.00168
0.00169
0.00169
0.00168
0.00167
0.00165
0.00164
0.00162
0.00159
0.00156
0.00153
0.00149
0.00145
0.0014
0.00135
0.0013
0.00124
0.00118
0.00112
0.00106
0.00099
0.00092
0.00085
0.00078
0.00071
0.00063
0.00056
0.00048
0.00041
0.00033
0.00026
0.00018
0.00011
3e-05
-4e-05
-0.00011
-0.00018
-0.00025
-0.00031
-0.00038
-0.00045
-0.00052
-0.00058
-0.00065
-0.00071
-0.00077
-0.00084
-0.0009
-0.00096
-0.00103
-0.00109
-0.00115
-0.00121
-0.00127
-0.00133
-0.0014
-0.00145
-0.00152
-0.00158
-0.00164
-0.0017
-0.00176
-0.00182
-0.00188
-0.00194
-0.00199
-0.00205
-0.0021
-0.00215
-0.00221
-0.00226
-0.00231
-0.00235
-0.0024
-0.00244
-0.00248
-0.00251
-0.00255
-0.00258
-0.00262
-0.00264
-0.00267
-0.00269
-0.0027
-0.00272
-0.00274
-0.00274
-0.00275
-0.00275
-0.00275
-0.00275
-0.00275
-0.00273
-0.00272
-0.0027
-0.00269
-0.00267
-0.00264
-0.00261
-0.00258
-0.00255
-0.00252
-0.00248
-0.00244
-0.0024
-0.00236
-0.00231
-0.00227
-0.00222
-0.00217
-0.00212
-0.00207
-0.00202
-0.00196
-0.00191
-0.00185
-0.00179
-0.00174
-0.00168
-0.00162
-0.00156
-0.0015
-0.00144
-0.00138
-0.00131
-0.00125
-0.00118
-0.00112
-0.00105
-0.00098
-0.0009
-0.00083
-0.00075
-0.00068
-0.0006
-0.00052
-0.00043
-0.00035
-0.00027
-0.00018
-9e-05
-0.0
9e-05
0.00017
0.00027
0.00036
0.00045
0.00055
0.00064
0.00073
0.00082
0.00091
0.00101
0.00109
0.00119
0.00127
0.00136
0.00144
0.00152
0.0016
0.00168
0.00175
0.00183
0.0019
0.00197
0.00203
0.0021
0.00215
0.00221
0.00226
0.00231
0.00236
0.0024
0.00244
0.00247
0.0025
0.00253
0.00256
0.00258
0.00259
0.00261
0.00261
0.00262
0.00261
0.00261
0.00259
0.00258
0.00255
0.00253
0.0025
0.00246
0.00242
0.00237
0.00232
0.00227
0.00221
0.00215
0.00208
0.00202
0.00194
0.00187
0.00178
0.0017
0.00162
0.00153
0.00144
0.00135
0.00126
0.00117
0.00108
0.00099
0.0009
0.00081
0.00072
0.00064
0.00055
0.00047
0.00038
0.0003
0.00022
0.00015
7e-05
-0.0
-7e-05
-0.00014
-0.00021
-0.00027
-0.00033
-0.00039
-0.00045
-0.0005
-0.00055
-0.0006
-0.00066
-0.0007
-0.00075
-0.00079
-0.00084
-0.00088
-0.00092
-0.00096
-0.001
-0.00103
-0.00107
-0.0011
-0.00114
-0.00117
-0.0012
-0.00123
-0.00126
-0.00129
-0.00132
-0.00134
-0.00137
-0.00139
-0.00141
-0.00143
-0.00145
-0.00146
-0.00148
-0.00149
-0.00151
-0.00151
-0.00152
-0.00153
-0.00154
-0.00154
-0.00155
-0.00155
-0.00156
-0.00156
-0.00156
-0.00156
-0.00156
-0.00156
-0.00156
-0.00156
-0.00156
-0.00156
-0.00156
-0.00156
-0.00156
-0.00156
-0.00156
-0.00156
-0.00157
-0.00157
-0.00158
-0.00159
-0.00159
-0.0016
-0.0016
-0.00161
-0.00162
-0.00163
-0.00164
-0.00164
-0.00166
-0.00166
-0.00168
-0.00168
-0.00169
-0.00171
-0.00172
-0.00173
-0.00174
-0.00175
-0.00176
-0.00177
-0.00178
-0.00179
-0.00181
-0.00181
-0.00183
-0.00184
-0.00186
-0.00187
-0.00189
-0.00191
-0.00193
-0.00195
-0.00197
-0.00199
-0.00201
-0.00204
-0.00207
-0.00209
-0.00213
-0.00216
-0.0022
-0.00223
-0.00228
-0.00231
-0.00235
-0.0024
-0.00244
-0.00249
-0.00254
-0.00258
-0.00263
-0.00268
-0.00274
-0.00278
-0.00283
-0.00288
-0.00293
-0.00298
-0.00303
-0.00307
-0.00312
-0.00316
-0.0032
-0.00325
-0.00329
-0.00332
-0.00336
-0.00339
-0.00343
-0.00345
-0.00348
-0.00351
-0.00353
-0.00355
-0.00358
-0.00359
-0.00361
-0.00362
-0.00363
-0.00364
-0.00365
-0.00366
-0.00366
-0.00366
-0.00366
-0.00365
-0.00365
-0.00364
-0.00364
-0.00363
-0.00362
-0.0036
-0.00358
-0.00356
-0.00354
-0.00352
-0.0035
-0.00347
-0.00344
-0.00341
-0.00338
-0.00335
-0.00332
-0.00328
-0.00324
-0.0032
-0.00316
-0.00312
-0.00308
-0.00304
-0.00299
-0.00295
-0.0029
-0.00286
-0.00281
-0.00276
-0.00272
-0.00267
-0.00262
-0.00257
-0.00252
-0.00247
-0.00242
-0.00237
-0.00232
-0.00226
-0.00221
-0.00216
-0.0021
-0.00204
-0.00198
-0.00191
-0.00186
-0.00179
-0.00173
-0.00165
-0.00159
-0.00152
-0.00145
-0.00137
-0.0013
-0.00122
-0.00114
-0.00107
-0.00098
-0.0009
-0.00082
-0.00074
-0.00066
-0.00057
-0.00049
-0.00041
-0.00033
-0.00024
-0.00017
-8e-05
-0.0
7e-05
0.00015
0.00023
0.0003
0.00038
0.00045
0.00052
0.00059
0.00066
0.00073
0.0008
0.00086
0.00092
0.00098
0.00105
0.0011
0.00116
0.00122
0.00127
0.00133
0.00138
0.00143
0.00149
0.00153
0.00158
0.00162
0.00167
0.00171
0.00176
0.0018
0.00184
0.00187
0.00191
0.00194
0.00197
0.002
0.00203
0.00205
0.00208
0.0021
0.00212
0.00214
0.00216
0.00218
0.00219
0.00221
0.00223
0.00224
0.00225
0.00227
0.00228
0.0023
0.00231
0.00233
0.00235
0.00236
0.00239
0.0024
0.00243
0.00245
0.00247
0.0025
0.00253
0.00255
0.00258
0.00261
0.00264
0.00267
0.0027
0.00273
0.00277
0.00279
0.00283
0.00286
0.00289
0.00291
0.00294
0.00296
0.00299
0.00301
0.00303
0.00305
0.00306
0.00307
0.00308
0.00309
0.00309
0.00309
0.00309
0.00308
0.00308
0.00306
0.00305
0.00303
0.00301
0.00298
0.00296
0.00293
0.0029
0.00286
0.00283
0.00279
0.00276
0.00271
0.00268
0.00263
0.00259
0.00255
0.00251
0.00246
0.00243
0.00238
0.00234
0.0023
0.00225
0.00222
0.00218
0.00214
0.00211
0.00207
0.00204
0.002
0.00197
0.00194
0.00191
0.00188
0.00186
0.00183
0.0018
0.00177
0.00175
0.00172
0.0017
0.00167
0.00165
0.00162
0.0016
0.00157
0.00154
0.00151
0.00149
0.00146
0.00143
0.0014
0.00137
0.00134
0.00131
0.00127
0.00124
0.00121
0.00118
0.00114
0.00112
0.00108
0.00105
0.00102
0.00099
0.00095
0.00092
0.00089
0.00086
0.00082
0.00079
0.00076
0.00073
0.00069
0.00066
0.00062
0.00059
0.00055
0.00052
0.00047
0.00043
0.00038
0.00034
0.00029
0.00024
0.00019
0.00013
7e-05
2e-05
-5e-05
-0.00011
-0.00018
-0.00024
-0.00032
-0.00038
-0.00046
-0.00054
-0.00062
-0.00069
-0.00077
-0.00085
-0.00093
-0.00101
-0.00108
-0.00116
-0.00124
-0.00131
-0.00139
-0.00146
-0.00153
-0.0016
-0.00167
-0.00173
-0.0018
-0.00185
-0.00191
-0.00197
-0.00202
-0.00207
-0.00212
-0.00216
-0.0022
-0.00224
-0.00228
-0.00231
-0.00234
-0.00237
-0.0024
-0.00242
-0.00244
-0.00245
-0.00247
-0.00248
-0.00248
-0.00249
-0.00249
-0.00248
-0.00248
-0.00246
-0.00245
-0.00243
-0.00241
-0.00238
-0.00236
-0.00232
-0.00229
-0.00224
-0.0022
-0.00216
-0.00211
-0.00205
-0.00199
-0.00193
-0.00187
-0.0018
-0.00174
-0.00166
-0.00159
-0.00151
-0.00144
-0.00136
-0.00129
-0.0012
-0.00113
-0.00105
-0.00097
-0.0009
-0.00082
-0.00074
-0.00066
-0.00059
-0.00052
-0.00044
-0.00037
-0.0003
-0.00024
-0.00017
-0.00012
-5e-05
0.0
6e-05
0.00011
0.00016
0.0002
0.00025
0.00029
0.00033
0.00036
0.00039
0.00042
0.00045
0.00047
0.00049
0.0005
0.00052
0.00053
0.00053
0.00053
0.00053
0.00053
0.00052
0.00052
0.00051
0.00048
0.00047
0.00045
0.00043
0.0004
0.00038
0.00034
0.00032
0.00028
0.00025
0.00021
0.00017
0.00014
0.00011
7e-05
4e-05
-1e-05
-4e-05
-7e-05
-0.0001
-0.00014
-0.00017
-0.00021
-0.00023
-0.00026
-0.00029
-0.00032
-0.00035
-0.00037
-0.00039
-0.00041
-0.00043
-0.00046
-0.00047
-0.00049
-0.0005
-0.00052
-0.00054
-0.00055
-0.00056
-0.00058
-0.00059
-0.0006
-0.00061
-0.00062
-0.00062
-0.00063
-0.00063
-0.00064
-0.00064
-0.00064
-0.00063
-0.00063
-0.00063
-0.00062
-0.00061
-0.0006
-0.00058
-0.00057
-0.00055
-0.00053
-0.0005
-0.00047
-0.00044
-0.00042
-0.00038
-0.00035
-0.00031
-0.00027
-0.00023
-0.00019
-0.00014
-0.0001
-5e-05
-1e-05
4e-05
9e-05
0.00014
0.00019
0.00025
0.00029
0.00035
0.0004
0.00045
0.0005
0.00056
0.00061
0.00067
0.00072
0.00078
0.00083
0.00089
0.00095
0.00101
0.00107
0.00114
0.0012
0.00126
0.00133
0.0014
0.00146
0.00153
0.0016
0.00167
0.00174
0.00181
0.00188
0.00195
0.00202
0.00209
0.00216
0.00223
0.00229
0.00236
0.00242
0.00249
0.00255
0.00261
0.00266
0.00272
0.00277
0.00282
0.00286
0.00291
0.00295
0.003
0.00303
0.00308
0.00311
0.00314
0.00317
0.00321
0.00323
0.00326
0.00329
0.00332
0.00334
0.00337
0.00339
0.00341
0.00343
0.00345
0.00347
0.00349
0.0035
0.00352
0.00352
0.00354
0.00354
0.00355
0.00355
0.00355
0.00355
0.00354
0.00353
0.00352
0.0035
0.00348
0.00346
0.00344
0.0034
0.00338
0.00334
0.0033
0.00326
0.00322
0.00317
0.00313
0.00308
0.00303
0.00298
0.00293
0.00288
0.00283
0.00278
0.00273
0.00267
0.00263
0.00257
0.00253
0.00247
0.00242
0.00237
0.00232
0.00227
0.00223
0.00218
0.00213
0.00208
0.00203
0.00198
0.00193
0.00188
0.00183
0.00178
0.00173
0.00168
0.00163
0.00157
0.00152
0.00147
0.00141
0.00136
0.0013
0.00125
0.0012
0.00114
0.00109
0.00104
0.00099
0.00094
0.00089
0.00084
0.00079
0.00074
0.0007
0.00065
0.0006
0.00056
0.00051
0.00047
0.00042
0.00038
0.00033
0.00028
0.00023
0.00018
0.00013
8e-05
2e-05
-4e-05
-9e-05
-0.00015
-0.00022
-0.00028
-0.00035
-0.00042
-0.00049
-0.00056
-0.00063
-0.00072
-0.00079
-0.00087
-0.00094
-0.00102
-0.00109
-0.00117
-0.00124
-0.00131
-0.00138
-0.00145
-0.00152
-0.00158
-0.00163
-0.00169
-0.00174
-0.00179
-0.00183
-0.00187
-0.00191
-0.00194
-0.00197
-0.002
-0.00201
-0.00204
-0.00205
-0.00206
-0.00207
-0.00207
-0.00207
-0.00207
-0.00206
-0.00206
-0.00205
-0.00204
-0.00202
-0.00201
-0.00199
-0.00197
-0.00194
-0.00192
-0.0019
-0.00187
-0.00184
-0.00181
-0.00178
-0.00175
-0.00171
-0.00168
-0.00164
-0.0016
-0.00155
-0.00151
-0.00147
-0.00143
-0.00138
-0.00133
-0.00128
-0.00124
-0.00119
-0.00114
-0.00108
-0.00103
-0.00098
-0.00093
-0.00088
-0.00083
-0.00077
-0.00073
-0.00068
-0.00063
-0.00058
-0.00053
-0.00049
-0.00044
-0.0004
-0.00035
-0.00031
-0.00027
-0.00023
-0.0002
-0.00016
-0.00012
-9e-05
-6e-05
-2e-05
0.0
4e-05
6e-05
9e-05
0.00011
0.00013
0.00016
0.00018
0.0002
0.00023
0.00024
0.00026
0.00028
0.0003
0.00031
0.00033
0.00034
0.00036
0.00038
0.00039
0.00041
0.00042
0.00044
0.00046
0.00047
0.0005
0.00051
0.00053
0.00055
0.00058
0.0006
0.00062
0.00065
0.00068
0.0007
0.00073
0.00076
0.00079
0.00083
0.00087
0.0009
0.00094
0.00098
0.00102
0.00106
0.0011
0.00114
0.00118
0.00122
0.00127
0.00131
0.00135
0.00139
0.00143
0.00148
0.00152
0.00156
0.0016
0.00163
0.00167
0.0017
0.00174
0.00177
0.0018
0.00183
0.00187
0.00189
0.00192
0.00194
0.00196
0.00199
0.00201
0.00203
0.00205
0.00206
0.00209
0.0021
0.00212
0.00213
0.00214
0.00215
0.00217
0.00218
0.00219
0.00219
0.0022
0.00221
0.00222
0.00222
0.00223
0.00223
0.00224
0.00224
0.00224
0.00224
0.00224
0.00223
0.00223
0.00222
0.00221
0.0022
0.00219
0.00218
0.00216
0.00215
0.00213
0.0021
0.00208
0.00205
0.00203
0.00199
0.00196
0.00192
0.00189
0.00185
0.00181
0.00176
0.00171
0.00167
0.00162
0.00157
0.00152
0.00146
0.00141
0.00135
0.0013
0.00124
0.00119
0.00113
0.00108
0.00102
0.00097
0.00091
0.00086
0.00081
0.00076
0.00071
0.00067
0.00061
0.00057
0.00053
0.00049
0.00045
0.00042
0.00038
0.00035
0.00032
0.0003
0.00027
0.00025
0.00023
0.00021
0.0002
0.00019
0.00017
0.00017
0.00016
0.00016
0.00016
0.00017
0.00017
0.00019
0.00021
0.00022
0.00024
0.00027
0.0003
0.00033
0.00036
0.0004
0.00044
0.00049
0.00053
0.00058
0.00063
0.00069
0.00074
0.00081
0.00087
0.00093
0.001
0.00106
0.00113
0.0012
0.00128
0.00135
0.00142
0.00149
0.00157
0.00164
0.00171
0.00179
0.00186
0.00194
0.00201
0.00208
0.00215
0.00222
0.00229
0.00237
0.00244
0.00251
0.00257
0.00264
0.0027
0.00277
0.00283
0.00289
0.00295
0.00301
0.00306
0.00311
0.00316
0.0032
0.00324
0.00328
0.00332
0.00335
0.00337
0.0034
0.00341
0.00343
0.00344
0.00345
0.00344
0.00344
0.00343
0.00342
0.0034
0.00338
0.00336
0.00333
0.0033
0.00327
0.00323
0.0032
0.00316
0.00312
0.00307
0.00303
0.00298
0.00294
0.00289
0.00285
0.0028
0.00275
0.00271
0.00266
0.00262
0.00257
0.00252
0.00248
0.00243
0.00239
0.00234
0.00229
0.00224
0.0022
0.00215
0.0021
0.00205
0.00199
0.00194
0.00189
0.00183
0.00178
0.00171
0.00166
0.0016
0.00155
0.00149
0.00143
0.00137
0.00132
0.00126
0.00121
0.00116
0.00111
0.00106
0.00102
0.00098
0.00095
0.00091
0.00088
0.00086
0.00084
0.00081
0.0008
0.00078
0.00078
0.00077
0.00077
0.00076
0.00076
0.00077
0.00077
0.00078
0.00079
0.00079
0.0008
0.0008
0.00082
0.00082
0.00082
0.00082
0.00083
0.00083
0.00083
0.00083
0.00082
0.00082
0.00081
0.00081
0.0008
0.00079
0.00078
0.00077
0.00076
0.00074
0.00074
0.00072
0.00072
0.00071
0.0007
0.00069
0.00069
0.00068
0.00068
0.00069
0.00069
0.00069
0.0007
0.00071
0.00073
0.00074
0.00076
0.00078
0.0008
0.00082
0.00085
0.00087
0.0009
0.00093
0.00097
0.001
0.00104
0.00107
0.00111
0.00114
0.00119
0.00122
0.00126
0.0013
0.00134
0.00138
0.00141
0.00145
0.00149
0.00153
0.00156
0.0016
0.00164
0.00166
0.0017
0.00173
0.00177
0.00179
0.00182
0.00185
0.00188
0.0019
0.00192
0.00194
0.00197
0.00199
0.00201
0.00202
0.00204
0.00205
0.00207
0.00208
0.00209
0.0021
0.0021
0.0021
0.00211
0.00211
0.00211
0.00211
0.00211
0.0021
0.0021
0.00209
0.00208
0.00206
0.00205
0.00203
0.00202
0.00199
0.00197
0.00194
0.00191
0.00188
0.00185
0.00181
0.00177
0.00173
0.00169
0.00164
0.0016
0.00154
0.0015
0.00144
0.00139
0.00133
0.00127
0.00121
0.00115
0.00108
0.00102
0.00095
0.00088
0.00081
0.00074
0.00067
0.0006
0.00052
0.00045
0.00037
0.0003
0.00022
0.00014
5e-05
-2e-05
-0.00011
-0.0002
-0.00028
-0.00038
-0.00046
-0.00056
-0.00065
-0.00074
-0.00084
-0.00094
-0.00104
-0.00113
-0.00124
-0.00134
-0.00144
-0.00154
-0.00164
-0.00174
-0.00185
-0.00195
-0.00205
-0.00214
-0.00224
-0.00233
-0.00243
-0.00252
-0.00261
-0.00269
-0.00278
-0.00285
-0.00293
-0.003
-0.00308
-0.00315
-0.00321
-0.00327
-0.00333
-0.00338
-0.00343
-0.00348
-0.00353
-0.00357
-0.00361
-0.00364
-0.00368
-0.00371
-0.00374
-0.00376
-0.00379
-0.00381
-0.00383
-0.00385
-0.00387
-0.00388
-0.00389
-0.00389
-0.0039
-0.00391
-0.00391
-0.00391
-0.00391
-0.0039
-0.0039
-0.00388
-0.00387
-0.00386
-0.00384
-0.00383
-0.0038
-0.00378
-0.00375
-0.00372
-0.00369
-0.00365
-0.00361
-0.00357
-0.00353
-0.00348
-0.00343
-0.00337
-0.00332
-0.00326
-0.00319
-0.00313
-0.00306
-0.00299
-0.00291
-0.00283
-0.00275
-0.00266
-0.00257
-0.00248
-0.00239
-0.00229
-0.00219
-0.00208
-0.00197
-0.00186
-0.00175
-0.00163
-0.00151
-0.00139
-0.00127
-0.00114
-0.00102
-0.00088
-0.00075
-0.00062
-0.00049
-0.00035
-0.00022
-8e-05
6e-05
0.0002
0.00033
0.00047
0.00061
0.00074
0.00088
0.00102
0.00115
0.00129
0.00142
0.00156
0.00168
0.00182
0.00194
0.00208
0.0022
0.00232
0.00245
0.00257
0.00269
0.00281
0.00292
0.00303
0.00314
0.00325
0.00335
0.00345
0.00354
0.00364
0.00372
0.00381
0.00389
0.00396
0.00403
0.00409
0.00416
0.00421
0.00426
0.00431
0.00434
0.00437
0.0044
0.00442
0.00443
0.00444
0.00444
0.00445
0.00444
0.00443
0.00441
0.00439
0.00437
0.00435
0.00431
0.00428
0.00424
0.0042
0.00416
0.00411
0.00406
0.00401
0.00396
0.00391
0.00385
0.00379
0.00374
0.00367
0.00362
0.00356
0.00349
0.00344
0.00337
0.00331
0.00325
0.00319
0.00312
0.00306
0.00299
0.00294
0.00288
0.00282
0.00276
0.0027
0.00265
0.00259
0.00254
0.0025
0.00244
0.0024
0.00235
0.00232
0.00227
0.00224
0.0022
0.00217
0.00214
0.00212
0.00209
0.00207
0.00205
0.00203
0.00201
0.002
0.00198
0.00197
0.00196
0.00195
0.00193
0.00192
0.0019
0.00189
0.00188
0.00186
0.00184
0.00182
0.0018
0.00179
0.00176
0.00174
0.0017
0.00168
0.00164
0.00161
0.00158
0.00154
0.0015
0.00146
0.00142
0.00137
0.00133
0.00128
0.00124
0.0012
0.00115
0.00111
0.00105
0.00101
0.00096
0.00092
0.00087
0.00083
0.00078
0.00074
0.0007
0.00065
0.00061
0.00056
0.00052
0.00048
0.00043
0.00039
0.00034
0.00029
0.00024
0.00019
0.00013
8e-05
2e-05
-3e-05
-9e-05
-0.00016
-0.00022
-0.00029
-0.00036
-0.00043
-0.0005
-0.00057
-0.00065
-0.00072
-0.0008
-0.00087
-0.00095
-0.00102
-0.0011
-0.00117
-0.00125
-0.00132
-0.00139
-0.00146
-0.00152
-0.00158
-0.00164
-0.0017
-0.00175
-0.0018
-0.00185
-0.00189
-0.00193
-0.00196
-0.002
-0.00202
-0.00204
-0.00206
-0.00208
-0.0021
-0.00211
-0.00211
-0.00212
-0.00212
-0.00213
-0.00212
-0.00212
-0.00211
-0.00211
-0.0021
-0.00209
-0.00208
-0.00207
-0.00206
-0.00205
-0.00204
-0.00202
-0.002
-0.00199
-0.00197
-0.00196
-0.00194
-0.00192
-0.00189
-0.00188
-0.00185
-0.00183
-0.00179
-0.00177
-0.00173
-0.0017
-0.00166
-0.00162
-0.00157
-0.00153
-0.00147
-0.00142
-0.00136
-0.0013
-0.00123
-0.00116
-0.00108
-0.00101
-0.00092
-0.00084
-0.00075
-0.00066
-0.00057
-0.00047
-0.00037
-0.00027
-0.00016
-6e-05
5e-05
0.00016
0.00027
0.00038
0.0005
0.0006
0.00072
0.00083
0.00094
0.00105
0.00115
0.00126
0.00136
0.00147
0.00157
0.00166
0.00177
0.00186
0.00195
0.00204
0.00213
0.00221
0.0023
0.00237
0.00245
0.00252
0.00259
0.00265
0.00272
0.00278
0.00284
0.00289
0.00294
0.00298
0.00303
