1.21907781874320E+02

-0.00099
-0.00101
-0.00102
-0.00104
-0.00104
-0.00106
-0.00107
-0.00108
-0.00109
-0.0011
-0.00111
-0.00112
-0.00113
-0.00115
-0.00116
-0.00117
-0.00118
-0.00119
-0.0012
-0.00122
-0.00122
-0.00124
-0.00125
-0.00126
-0.00127
-0.00128
-0.00128
-0.00129
-0.00129
-0.00129
-0.00129
-0.00129
-0.00128
-0.00128
-0.00127
-0.00126
-0.00125
-0.00124
-0.00122
-0.0012
-0.00118
-0.00116
-0.00113
-0.0011
-0.00107
-0.00104
-0.00101
-0.00098
-0.00094
-0.0009
-0.00086
-0.00083
-0.00079
-0.00075
-0.00071
-0.00067
-0.00063
-0.00059
-0.00054
-0.0005
-0.00045
-0.00041
-0.00037
-0.00032
-0.00027
-0.00023
-0.00018
-0.00013
-7e-05
-2e-05
3e-05
9e-05
0.00015
0.00021
0.00027
0.00033
0.0004
0.00046
0.00053
0.0006
0.00068
0.00075
0.00083
0.0009
0.00098
0.00106
0.00114
0.00122
0.0013
0.00139
0.00147
0.00155
0.00164
0.00172
0.00181
0.00189
0.00198
0.00206
0.00215
0.00222
0.00231
0.00239
0.00248
0.00256
0.00263
0.00272
0.0028
0.00288
0.00296
0.00303
0.00311
0.00319
0.00326
0.00333
0.00341
0.00347
0.00355
0.00361
0.00367
0.00374
0.00379
0.00385
0.0039
0.00395
0.004
0.00404
0.00408
0.00411
0.00414
0.00416
0.00419
0.0042
0.00422
0.00422
0.00422
0.00422
0.00422
0.00421
0.0042
0.00419
0.00417
0.00414
0.00413
0.0041
0.00407
0.00404
0.00401
0.00398
0.00395
0.00392
0.00389
0.00385
0.00382
0.00379
0.00376
0.00373
0.0037
0.00367
0.00364
0.00361
0.00359
0.00356
0.00353
0.0035
0.00348
0.00345
0.00342
0.00339
0.00336
0.00334
0.00331
0.00328
0.00325
0.00321
0.00318
0.00314
0.00311
0.00306
0.00303
0.00298
0.00294
0.0029
0.00285
0.00281
0.00276
0.00271
0.00267
0.00262
0.00257
0.00252
0.00248
0.00243
0.00239
0.00234
0.0023
0.00225
0.00221
0.00217
0.00213
0.00209
0.00206
0.00202
0.00199
0.00196
0.00194
0.00191
0.00188
0.00186
0.00184
0.00181
0.0018
0.00177
0.00176
0.00174
0.00173
0.00171
0.0017
0.00169
0.00168
0.00166
0.00166
0.00164
0.00163
0.00162
0.00161
0.0016
0.00159
0.00158
0.00157
0.00156
0.00155
0.00154
0.00153
0.00152
0.00151
0.00149
0.00149
0.00147
0.00146
0.00144
0.00143
0.00141
0.0014
0.00138
0.00137
0.00135
0.00133
0.00131
0.00129
0.00127
0.00125
0.00122
0.0012
0.00117
0.00115
0.00112
0.0011
0.00107
0.00105
0.00101
0.00099
0.00096
0.00093
0.0009
0.00087
0.00085
0.00082
0.0008
0.00078
0.00075
0.00073
0.0007
0.00069
0.00067
0.00065
0.00063
0.00063
0.00061
0.0006
0.0006
0.00059
0.00059
0.00059
0.00059
0.00059
0.00059
0.0006
0.0006
0.00061
0.00061
0.00062
0.00062
0.00064
0.00064
0.00064
0.00064
0.00064
0.00064
0.00064
0.00064
0.00063
0.00061
0.0006
0.00059
0.00057
0.00055
0.00052
0.00049
0.00047
0.00043
0.0004
0.00036
0.00032
0.00028
0.00024
0.00019
0.00015
0.0001
6e-05
1e-05
-4e-05
-9e-05
-0.00013
-0.00018
-0.00022
-0.00027
-0.00031
-0.00035
-0.00039
-0.00043
-0.00047
-0.0005
-0.00053
-0.00056
-0.00059
-0.00062
-0.00064
-0.00066
-0.00068
-0.0007
-0.00072
-0.00073
-0.00075
-0.00076
-0.00077
-0.00078
-0.00079
-0.0008
-0.0008
-0.00081
-0.00082
-0.00083
-0.00083
-0.00084
-0.00085
-0.00086
-0.00087
-0.00088
-0.0009
-0.00091
-0.00093
-0.00094
-0.00096
-0.00098
-0.00099
-0.00102
-0.00104
-0.00107
-0.0011
-0.00113
-0.00116
-0.0012
-0.00123
-0.00126
-0.0013
-0.00134
-0.00138
-0.00142
-0.00146
-0.0015
-0.00154
-0.00158
-0.00162
-0.00166
-0.0017
-0.00174
-0.00178
-0.00183
-0.00186
-0.0019
-0.00194
-0.00198
-0.00202
-0.00206
-0.0021
-0.00214
-0.00217
-0.00222
-0.00226
-0.0023
-0.00234
-0.00238
-0.00242
-0.00247
-0.00251
-0.00255
-0.0026
-0.00265
-0.00269
-0.00274
-0.00278
-0.00283
-0.00287
-0.00292
-0.00296
-0.003
-0.00304
-0.00308
-0.00311
-0.00315
-0.00317
-0.00319
-0.00321
-0.00323
-0.00323
-0.00324
-0.00323
-0.00322
-0.0032
-0.00319
-0.00315
-0.00312
-0.00307
-0.00303
-0.00297
-0.00291
-0.00284
-0.00277
-0.00269
-0.0026
-0.00251
-0.00241
-0.00231
-0.0022
-0.00209
-0.00199
-0.00187
-0.00175
-0.00163
-0.00151
-0.00138
-0.00126
-0.00113
-0.001
-0.00088
-0.00075
-0.00063
-0.0005
-0.00037
-0.00024
-0.00011
1e-05
0.00014
0.00026
0.00039
0.00051
0.00063
0.00075
0.00087
0.00099
0.0011
0.00122
0.00133
0.00144
0.00156
0.00166
0.00177
0.00187
0.00197
0.00207
0.00217
0.00226
0.00235
0.00243
0.00252
0.00259
0.00267
0.00274
0.0028
0.00287
0.00293
0.00298
0.00303
0.00307
0.00312
0.00315
0.00319
0.00322
0.00325
0.00326
0.00329
0.0033
0.00331
0.00331
0.00331
0.00331
0.00331
0.0033
0.00329
0.00326
0.00325
0.00322
0.00319
0.00316
0.00312
0.00308
0.00303
0.00299
0.00293
0.00287
0.00281
0.00275
0.00269
0.00262
0.00255
0.00247
0.0024
0.00232
0.00224
0.00215
0.00207
0.00199
0.00191
0.00183
0.00174
0.00166
0.00158
0.0015
0.00143
0.00135
0.00128
0.0012
0.00114
0.00107
0.001
0.00094
0.00088
0.00082
0.00077
0.00071
0.00066
0.0006
0.00055
0.0005
0.00046
0.00041
0.00036
0.00031
0.00027
0.00022
0.00017
0.00012
8e-05
3e-05
-1e-05
-6e-05
-0.00011
-0.00016
-0.0002
-0.00024
-0.00028
-0.00032
-0.00036
-0.0004
-0.00043
-0.00046
-0.00048
-0.00051
-0.00053
-0.00055
-0.00056
-0.00057
-0.00058
-0.00058
-0.00058
-0.00058
-0.00057
-0.00056
-0.00055
-0.00054
-0.00052
-0.00051
-0.00049
-0.00048
-0.00046
-0.00044
-0.00042
-0.00041
-0.00039
-0.00037
-0.00036
-0.00035
-0.00033
-0.00032
-0.00031
-0.00031
-0.0003
-0.00029
-0.00028
-0.00028
-0.00028
-0.00028
-0.00027
-0.00027
-0.00026
-0.00026
-0.00025
-0.00024
-0.00023
-0.00022
-0.00021
-0.0002
-0.00018
-0.00017
-0.00015
-0.00013
-0.00011
-9e-05
-6e-05
-4e-05
-1e-05
1e-05
4e-05
7e-05
9e-05
0.00012
0.00015
0.00017
0.0002
0.00022
0.00025
0.00027
0.00029
0.00031
0.00034
0.00035
0.00037
0.00039
0.00041
0.00043
0.00044
0.00046
0.00048
0.00049
0.00051
0.00053
0.00055
0.00056
0.00059
0.0006
0.00063
0.00064
0.00066
0.00069
0.00071
0.00073
0.00076
0.00078
0.00081
0.00083
0.00087
0.00089
0.00092
0.00095
0.00098
0.00101
0.00104
0.00107
0.0011
0.00113
0.00116
0.00119
0.00122
0.00125
0.00128
0.00131
0.00134
0.00136
0.0014
0.00142
0.00145
0.00147
0.0015
0.00153
0.00155
0.00157
0.0016
0.00162
0.00164
0.00166
0.00169
0.00171
0.00173
0.00175
0.00177
0.00178
0.0018
0.00181
0.00184
0.00185
0.00186
0.00188
0.00189
0.00191
0.00192
0.00193
0.00195
0.00196
0.00197
0.00198
0.00199
0.002
0.00201
0.00202
0.00203
0.00204
0.00205
0.00205
0.00206
0.00206
0.00207
0.00207
0.00207
0.00207
0.00207
0.00207
0.00207
0.00206
0.00206
0.00205
0.00205
0.00204
0.00204
0.00203
0.00202
0.00201
0.00201
0.002
0.00199
0.00198
0.00198
0.00197
0.00197
0.00196
0.00196
0.00195
0.00196
0.00196
0.00196
0.00196
0.00197
0.00198
0.00199
0.002
0.00202
0.00203
0.00206
0.00207
0.0021
0.00213
0.00215
0.00218
0.00222
0.00225
0.00229
0.00233
0.00237
0.00241
0.00246
0.00251
0.00257
0.00262
0.00268
0.00273
0.0028
0.00286
0.00293
0.003
0.00308
0.00316
0.00324
0.00332
0.00341
0.0035
0.0036
0.0037
0.0038
0.00391
0.00402
0.00413
0.00425
0.00437
0.0045
0.00463
0.00477
0.0049
0.00504
0.00519
0.00533
0.00549
0.00564
0.0058
0.00596
0.00612
0.00629
0.00645
0.00662
0.00679
0.00697
0.00714
0.00732
0.00749
0.00767
0.00785
0.00802
0.0082
0.00838
0.00856
0.00874
0.00892
0.0091
0.00927
0.00945
0.00962
0.0098
0.00997
0.01014
0.01031
0.01048
0.01065
0.01081
0.01098
0.01115
0.01131
0.01148
0.01163
0.0118
0.01196
0.01212
0.01228
0.01244
0.01259
0.01276
0.01291
0.01307
0.01322
0.01338
0.01354
0.0137
0.01385
0.01401
0.01416
0.01432
0.01447
0.01462
0.01477
0.01492
0.01507
0.01522
0.01536
0.0155
0.01564
0.01578
0.01591
0.01604
0.01617
0.0163
0.01641
0.01653
0.01664
0.01676
0.01686
0.01696
0.01706
0.01716
0.01724
0.01733
0.01741
0.01749
0.01756
0.01764
0.0177
0.01777
0.01783
0.01789
0.01794
0.018
0.01804
0.01809
0.01813
0.01818
0.01821
0.01825
0.01828
0.01831
0.01834
0.01836
0.01838
0.0184
0.01842
0.01843
0.01844
0.01845
0.01845
0.01845
0.01845
0.01845
0.01844
0.01843
0.01841
0.01839
0.01837
0.01835
0.01832
0.01829
0.01825
0.01822
0.01818
0.01814
0.01809
0.01805
0.018
0.01795
0.0179
0.01785
0.01779
0.01773
0.01768
0.01762
0.01756
0.0175
0.01744
0.01738
0.01732
0.01726
0.01719
0.01713
0.01706
0.017
0.01694
0.01687
0.0168
0.01674
0.01667
0.0166
0.01653
0.01647
0.01639
0.01632
0.01624
0.01617
0.01609
0.01601
0.01593
0.01586
0.01577
0.01569
0.0156
0.01551
0.01543
0.01534
0.01525
0.01516
0.01507
0.01498
0.01489
0.0148
0.01471
0.01462
0.01453
0.01444
0.01435
0.01427
0.01418
0.01409
0.01401
0.01393
0.01384
0.01376
0.01368
0.0136
0.01352
0.01345
0.01337
0.0133
0.01322
0.01315
0.01308
0.013
0.01293
0.01286
0.01279
0.01273
0.01266
0.0126
0.01252
0.01246
0.0124
0.01234
0.01227
0.01222
0.01216
0.0121
0.01205
0.01199
0.01194
0.01189
0.01184
0.01179
0.01175
0.01171
0.01166
0.01162
0.01158
0.01154
0.0115
0.01146
0.01142
0.01139
0.01135
0.01131
0.01127
0.01122
0.01118
0.01114
0.01109
0.01104
0.01098
0.01093
0.01087
0.01081
0.01074
0.01068
0.0106
0.01053
0.01045
0.01037
0.01029
0.0102
0.01011
0.01002
0.00992
0.00983
0.00973
0.00963
0.00953
0.00943
0.00933
0.00923
0.00912
0.00903
0.00892
0.00882
0.00872
0.00863
0.00853
0.00844
0.00834
0.00825
0.00816
0.00808
0.00799
0.00791
0.00782
0.00775
0.00766
0.00759
0.00752
0.00744
0.00737
0.00731
0.00724
0.00718
0.00712
0.00706
0.007
0.00696
0.00691
0.00686
0.00681
0.00678
0.00674
0.00671
0.00667
0.00665
0.00662
0.0066
0.00659
0.00658
0.00658
0.00657
0.00657
0.00658
0.00659
0.0066
0.00661
0.00664
0.00665
0.00668
0.00671
0.00674
0.00677
0.0068
0.00683
0.00687
0.00691
0.00695
0.00698
0.00702
0.00705
0.00709
0.00713
0.00717
0.00719
0.00723
0.00726
0.00729
0.00732
0.00734
0.00736
0.00739
0.0074
0.00742
0.00743
0.00744
0.00744
0.00745
0.00744
0.00744
0.00743
0.00742
0.0074
0.00738
0.00736
0.00733
0.0073
0.00726
0.00722
0.00717
0.00711
0.00706
0.007
0.00694
0.00686
0.00679
0.00671
0.00664
0.00655
0.00646
0.00637
0.00628
0.00619
0.00609
0.006
0.0059
0.0058
0.0057
0.0056
0.00551
0.00541
0.00532
0.00522
0.00513
0.00504
0.00495
0.00486
0.00478
0.0047
0.00462
0.00454
0.00447
0.00439
0.00432
0.00425
0.00419
0.00411
0.00405
0.00398
0.00392
0.00385
0.00379
0.00372
0.00365
0.00359
0.00352
0.00346
0.00339
0.00332
0.00325
0.00318
0.00311
0.00304
0.00297
0.00289
0.00283
0.00276
0.00269
0.00262
0.00255
0.00249
0.00243
0.00237
0.00232
0.00226
0.00221
0.00216
0.00212
0.00207
0.00204
0.002
0.00198
0.00195
0.00193
0.00191
0.00189
0.00188
0.00187
0.00187
0.00186
0.00186
0.00186
0.00186
0.00187
0.00187
0.00187
0.00188
0.00188
0.00189
0.00189
0.00189
0.00189
0.00189
0.00189
0.00189
0.00189
0.00188
0.00187
0.00186
0.00185
0.00183
0.00182
0.0018
0.00178
0.00175
0.00173
0.0017
0.00167
0.00164
0.00161
0.00158
0.00155
0.00151
0.00148
0.00144
0.00141
0.00137
0.00134
0.0013
0.00127
0.00123
0.0012
0.00116
0.00113
0.0011
0.00107
0.00104
0.00102
0.00099
0.00097
0.00094
0.00092
0.0009
0.00089
0.00087
0.00086
0.00084
0.00083
0.00082
0.00081
0.0008
0.0008
0.00079
0.00079
0.00078
0.00078
0.00078
0.00078
0.00078
0.00078
0.00078
0.00078
0.00078
0.00078
0.00078
0.00078
0.00078
0.00079
0.00079
0.00079
0.00079
0.00079
0.00079
0.00079
0.00079
0.00079
0.00078
0.00078
0.00078
0.00077
0.00076
0.00075
0.00074
0.00073
0.00071
0.0007
0.00067
0.00065
0.00063
0.0006
0.00057
0.00053
0.00049
0.00046
0.00041
0.00037
0.00032
0.00026
0.00021
0.00015
9e-05
4e-05
-3e-05
-9e-05
-0.00016
-0.00022
-0.00029
-0.00036
-0.00043
-0.00049
-0.00055
-0.00062
-0.00068
-0.00074
-0.0008
-0.00085
-0.00091
-0.00096
-0.00101
-0.00105
-0.0011
-0.00114
-0.00118
-0.00121
-0.00125
-0.00127
-0.0013
-0.00132
-0.00134
-0.00136
-0.00137
-0.00138
-0.00139
-0.0014
-0.00141
-0.0014
-0.00141
-0.0014
-0.0014
-0.00138
-0.00138
-0.00136
-0.00134
-0.00132
-0.0013
-0.00127
-0.00124
-0.00121
-0.00117
-0.00112
-0.00109
-0.00103
-0.00098
-0.00093
-0.00087
-0.00081
-0.00074
-0.00067
-0.0006
-0.00053
-0.00045
-0.00037
-0.00029
-0.00021
-0.00012
-3e-05
5e-05
0.00014
0.00022
0.00032
0.0004
0.00049
0.00057
0.00067
0.00075
0.00084
0.00092
0.001
0.00109
0.00117
0.00125
0.00134
0.00141
0.00149
0.00157
0.00165
0.00172
0.0018
0.00187
0.00195
0.00202
0.0021
0.00217
0.00224
0.00231
0.00238
0.00245
0.00252
0.00258
0.00264
0.0027
0.00277
0.00281
0.00287
0.00291
0.00296
0.003
0.00304
0.00307
0.0031
0.00312
0.00315
0.00316
0.00317
0.00317
0.00318
0.00317
0.00317
0.00315
0.00313
0.00311
0.00309
0.00305
0.00302
0.00298
0.00294
0.0029
0.00285
0.0028
0.00275
0.00269
0.00263
0.00257
0.00251
0.00244
0.00238
0.0023
0.00224
0.00217
0.00209
0.00202
0.00194
0.00187
0.00179
0.00171
0.00164
0.00155
0.00148
0.0014
0.00132
0.00124
0.00117
0.00109
0.00102
0.00094
0.00087
0.0008
0.00073
0.00067
0.0006
0.00055
0.00049
0.00044
0.00039
0.00035
0.00031
0.00027
0.00024
0.00021
0.0002
0.00018
0.00016
0.00015
0.00015
0.00015
0.00015
0.00016
0.00018
0.00019
0.00021
0.00023
0.00026
0.00029
0.00033
0.00036
0.00041
0.00045
0.0005
0.00055
0.0006
0.00066
0.00072
0.00078
0.00085
0.00091
0.00098
0.00105
0.00113
0.0012
0.00127
0.00135
0.00143
0.00151
0.00159
0.00167
0.00175
0.00183
0.00191
0.00199
0.00207
0.00214
0.00222
0.00228
0.00236
0.00242
0.00249
0.00254
0.00261
0.00266
0.00271
0.00275
0.0028
0.00284
0.00287
0.00291
0.00294
0.00296
0.00298
0.003
0.00302
0.00303
0.00304
0.00305
0.00306
0.00306
0.00307
0.00307
0.00307
0.00307
0.00307
0.00306
0.00306
0.00305
0.00304
0.00303
0.00303
0.00301
0.003
0.00298
0.00296
0.00294
0.00292
0.00289
0.00286
0.00283
0.00279
0.00275
0.00271
0.00266
0.00261
0.00255
0.0025
0.00243
0.00236
0.00229
0.00222
0.00214
0.00205
0.00197
0.00188
0.00179
0.0017
0.0016
0.00151
0.0014
0.00131
0.00121
0.00111
0.00101
0.00091
0.00081
0.00072
0.00062
0.00052
0.00043
0.00034
0.00025
0.00017
9e-05
1e-05
-7e-05
-0.00014
-0.00021
-0.00027
-0.00034
-0.00039
-0.00045
-0.0005
-0.00055
-0.00059
-0.00063
-0.00067
-0.0007
-0.00073
-0.00076
-0.00078
-0.0008
-0.00081
-0.00083
-0.00084
-0.00085
-0.00085
-0.00085
-0.00085
-0.00085
-0.00084
-0.00084
-0.00083
-0.00082
-0.00081
-0.00079
-0.00078
-0.00076
-0.00074
-0.00073
-0.00071
-0.00069
-0.00067
-0.00065
-0.00062
-0.0006
-0.00058
-0.00055
-0.00053
-0.0005
-0.00047
-0.00044
-0.00041
-0.00038
-0.00034
-0.00031
-0.00028
-0.00024
-0.0002
-0.00017
-0.00012
-8e-05
-4e-05
0.0
5e-05
9e-05
0.00014
0.00019
0.00024
0.00028
0.00033
0.00038
0.00043
0.00047
0.00053
0.00057
0.00062
0.00067
0.00071
0.00076
0.0008
0.00085
0.0009
0.00094
0.00099
0.00103
0.00107
0.00111
0.00116
0.0012
0.00124
0.00128
0.00133
0.00137
0.00141
0.00145
0.00149
0.00153
0.00157
0.00161
0.00166
0.00169
0.00173
0.00176
0.00181
0.00184
0.00187
0.0019
0.00194
0.00196
0.00199
0.00201
0.00203
0.00205
0.00207
0.00209
0.0021
0.00211
0.00212
0.00213
0.00213
0.00213
0.00214
0.00213
0.00213
0.00213
0.00212
0.00212
0.00211
0.0021
0.0021
0.00209
0.00208
0.00206
0.00206
0.00205
0.00204
0.00202
0.00201
0.002
0.00199
0.00197
0.00196
0.00194
0.00192
0.0019
0.00188
0.00186
0.00184
0.0018
0.00178
0.00175
0.00172
0.00168
0.00165
0.0016
0.00157
0.00152
0.00148
0.00143
0.00139
0.00134
0.00129
0.00124
0.00119
0.00114
0.00109
0.00103
0.00098
0.00092
0.00087
0.00082
0.00077
0.00071
0.00065
0.0006
0.00054
0.00048
0.00043
0.00037
0.00031
0.00024
0.00018
0.00012
6e-05
-1e-05
-8e-05
-0.00015
-0.00022
-0.0003
-0.00037
-0.00045
-0.00053
-0.00061
-0.00068
-0.00076
-0.00084
-0.00093
-0.00101
-0.00109
-0.00117
-0.00125
-0.00133
-0.00141
-0.00148
-0.00156
-0.00163
-0.00171
-0.00178
-0.00184
-0.00191
-0.00197
-0.00202
-0.00209
-0.00213
-0.00219
-0.00223
-0.00228
-0.00233
-0.00237
-0.00241
-0.00244
-0.00248
-0.00252
-0.00255
-0.00257
-0.0026
-0.00262
-0.00264
-0.00267
-0.00268
-0.0027
-0.00271
-0.00273
-0.00273
-0.00274
-0.00274
-0.00275
-0.00274
-0.00274
-0.00274
-0.00272
-0.00271
-0.0027
-0.00267
-0.00266
-0.00263
-0.00261
-0.00258
-0.00255
-0.00252
-0.00248
-0.00244
-0.00241
-0.00237
-0.00233
-0.00228
-0.00224
-0.00219
-0.00214
-0.00209
-0.00205
-0.002
-0.00195
-0.00189
-0.00184
-0.00179
-0.00174
-0.00168
-0.00162
-0.00157
-0.00151
-0.00145
-0.00139
-0.00133
-0.00127
-0.0012
-0.00114
-0.00107
-0.001
-0.00093
-0.00086
-0.00079
-0.00072
-0.00065
-0.00058
-0.0005
-0.00043
-0.00036
-0.00028
-0.00021
-0.00014
-7e-05
-0.0
7e-05
0.00013
0.0002
0.00026
0.00032
0.00037
0.00043
0.00048
0.00053
0.00058
0.00062
0.00066
0.0007
0.00074
0.00078
0.0008
0.00084
0.00086
0.00089
0.00091
0.00094
0.00096
0.00099
0.00101
0.00103
0.00105
0.00107
0.00109
0.00111
0.00113
0.00116
0.00118
0.0012
0.00122
0.00125
0.00127
0.00129
0.00131
0.00134
0.00136
0.00139
0.00141
0.00143
0.00145
0.00148
0.00149
0.00152
0.00153
0.00155
0.00157
0.00159
0.0016
0.00161
0.00162
0.00164
0.00165
0.00166
0.00167
0.00168
0.00169
0.0017
0.00171
0.00172
0.00173
0.00175
0.00176
0.00177
0.00179
0.0018
0.00182
0.00184
0.00186
0.00188
0.0019
0.00193
0.00195
0.00198
0.00201
0.00204
0.00206
0.0021
0.00212
0.00216
0.00218
0.00221
0.00224
0.00227
0.0023
0.00232
0.00235
0.00237
0.00239
0.00241
0.00243
0.00245
0.00246
0.00247
0.00248
0.0025
0.0025
0.00251
0.00251
0.00252
0.00253
0.00253
0.00253
0.00254
0.00254
0.00255
0.00255
0.00256
0.00256
0.00257
0.00258
0.00259
0.0026
0.00262
0.00263
0.00265
0.00266
0.00268
0.0027
0.00272
0.00274
0.00277
0.00279
0.00281
0.00283
0.00286
0.00288
0.00291
0.00294
0.00296
0.00298
0.00301
0.00303
0.00306
0.00308
0.0031
0.00312
0.00315
0.00317
0.00319
0.0032
0.00322
0.00324
0.00326
0.00327
0.00329
0.0033
0.00332
0.00334
0.00335
0.00336
0.00338
0.00339
0.0034
0.00342
0.00343
0.00344
0.00345
0.00346
0.00347
0.00348
0.00349
0.00349
0.00351
0.00351
0.00352
0.00352
0.00353
0.00353
0.00354
0.00354
0.00355
0.00355
0.00355
0.00355
0.00356
0.00355
0.00356
0.00355
0.00356
0.00356
0.00356
0.00356
0.00356
0.00356
0.00356
0.00357
0.00357
0.00357
0.00358
0.00358
0.00359
0.00359
0.0036
0.0036
0.00362
0.00362
0.00363
0.00364
0.00365
0.00366
0.00368
0.00369
0.0037
0.00371
0.00373
0.00374
0.00375
0.00376
0.00378
0.00378
0.0038
0.00381
0.00382
0.00383
0.00384
0.00385
0.00386
0.00387
0.00387
0.00387
0.00388
0.00388
0.00389
0.00389
0.00389
0.00389
0.00389
0.00389
0.00389
0.00388
0.00387
0.00387
0.00387
0.00386
0.00385
0.00384
0.00383
0.00382
0.00381
0.00379
0.00378
0.00376
0.00375
0.00373
0.00371
0.00369
0.00367
0.00365
0.00362
0.00359
0.00357
0.00353
0.0035
0.00346
0.00342
0.00338
0.00333
0.00328
0.00323
0.00317
0.00312
0.00305
0.00299
0.00292
0.00285
0.00277
0.0027
0.00261
0.00253
0.00244
0.00235
0.00226
0.00217
0.00206
0.00197
0.00187
0.00177
0.00166
0.00156
0.00145
0.00135
0.00124
0.00114
0.00103
0.00093
0.00082
0.00072
0.00061
0.00051
0.00041
0.00032
0.00022
0.00012
3e-05
-6e-05
-0.00015
-0.00023
-0.00032
-0.0004
-0.00048
-0.00055
-0.00063
-0.00069
-0.00076
-0.00082
-0.00089
-0.00094
-0.001
-0.00106
-0.00111
-0.00116
-0.00121
-0.00125
-0.00129
-0.00133
-0.00138
-0.00141
-0.00145
-0.00148
-0.00152
-0.00155
-0.00158
-0.0016
-0.00163
-0.00166
-0.00168
-0.00171
-0.00173
-0.00174
-0.00176
-0.00178
-0.0018
-0.00181
-0.00182
-0.00183
-0.00184
-0.00185
-0.00186
-0.00186
-0.00187
-0.00187
-0.00187
-0.00187
-0.00187
-0.00187
-0.00187
-0.00186
-0.00186
-0.00185
-0.00184
-0.00183
-0.00182
-0.00181
-0.0018
-0.00179
-0.00178
-0.00177
-0.00175
-0.00174
-0.00173
-0.00171
-0.00169
-0.00167
-0.00166
-0.00164
-0.00162
-0.0016
-0.00158
-0.00155
-0.00153
-0.0015
-0.00147
-0.00144
-0.00141
-0.00137
-0.00133
-0.00129
-0.00125
-0.0012
-0.00116
-0.0011
-0.00105
-0.00099
-0.00094
-0.00088
-0.00082
-0.00076
-0.0007
-0.00063
-0.00057
-0.00051
-0.00045
-0.00039
-0.00033
-0.00027
-0.00022
-0.00016
-0.00011
-6e-05
-2e-05
3e-05
6e-05
0.0001
0.00013
0.00016
0.00018
0.0002
0.00022
0.00023
0.00025
0.00025
0.00025
0.00026
0.00026
0.00026
0.00025
0.00025
0.00025
0.00025
0.00024
0.00023
0.00022
0.00022
0.00022
0.00022
0.00021
0.00022
0.00021
0.00022
0.00022
0.00023
0.00024
0.00025
0.00025
0.00027
0.00028
0.00029
0.00031
0.00032
0.00034
0.00035
0.00037
0.00039
0.0004
0.00042
0.00043
0.00045
0.00046
0.00047
0.00048
0.0005
0.00051
0.00052
0.00054
0.00055
0.00056
0.00058
0.00059
0.00061
0.00062
0.00064
0.00066
0.00068
0.00069
0.00072
0.00073
0.00076
0.00078
0.0008
0.00083
0.00085
0.00088
0.0009
0.00093
0.00096
0.00098
0.001
0.00102
0.00105
0.00107
0.00109
0.0011
0.00112
0.00113
0.00114
0.00115
0.00115
0.00116
0.00116
0.00115
0.00115
0.00114
0.00113
0.00112
0.00111
0.00108
0.00107
0.00104
0.00102
0.001
0.00097
0.00094
0.00091
0.00088
0.00085
0.00081
0.00078
0.00074
0.00071
0.00066
0.00063
0.00058
0.00054
0.0005
0.00046
0.00041
0.00036
0.00031
0.00025
0.0002
0.00015
9e-05
3e-05
-3e-05
-9e-05
-0.00015
-0.00022
-0.00028
-0.00035
-0.00042
-0.00048
-0.00055
-0.00061
-0.00068
-0.00074
-0.00081
-0.00086
-0.00092
-0.00098
-0.00103
-0.00108
-0.00113
-0.00117
-0.00121
-0.00124
-0.00128
-0.0013
-0.00132
-0.00134
-0.00135
-0.00136
-0.00137
-0.00137
-0.00136
-0.00135
-0.00135
-0.00133
-0.00132
-0.00129
-0.00127
-0.00125
-0.00122
-0.00119
-0.00116
-0.00113
-0.0011
-0.00107
-0.00103
-0.00099
-0.00096
-0.00092
-0.00089
-0.00085
-0.00081
-0.00077
-0.00074
-0.0007
-0.00066
-0.00062
-0.00058
-0.00054
-0.00051
-0.00047
-0.00043
-0.00038
-0.00034
-0.0003
-0.00026
-0.00021
-0.00017
-0.00012
-8e-05
-3e-05
1e-05
7e-05
0.00011
0.00016
0.00021
0.00026
0.00031
0.00036
0.00041
0.00047
0.00052
0.00057
0.00063
0.00069
0.00074
0.0008
0.00085
0.00091
0.00097
0.00103
0.00109
0.00115
0.00121
0.00127
0.00134
0.0014
0.00146
0.00153
0.00159
0.00166
0.00172
0.00179
0.00185
0.00192
0.00198
0.00204
0.0021
0.00216
0.00221
0.00227
0.00232
0.00237
0.00241
0.00246
0.00249
0.00253
0.00255
0.00258
0.00259
0.00261
0.00262
0.00262
0.00262
0.00261
0.0026
0.00259
0.00257
0.00255
0.00251
0.00248
0.00243
0.00239
0.00234
0.00229
0.00223
0.00218
0.00211
0.00204
0.00197
0.0019
0.00183
0.00175
0.00167
0.00159
0.0015
0.00142
0.00133
0.00125
0.00115
0.00106
0.00097
0.00088
0.00078
0.00068
0.00058
0.00047
0.00038
0.00027
0.00017
6e-05
-5e-05
-0.00015
-0.00027
-0.00037
-0.00049
-0.00059
-0.00071
-0.00081
-0.00093
-0.00104
-0.00115
-0.00126
-0.00136
-0.00147
-0.00157
-0.00166
-0.00177
-0.00186
-0.00195
-0.00204
-0.00212
-0.0022
-0.00228
-0.00235
-0.00242
-0.00248
-0.00254
-0.0026
-0.00265
-0.0027
-0.00274
-0.00277
-0.00281
-0.00284
-0.00287
-0.00289
-0.00292
-0.00293
-0.00295
-0.00296
-0.00297
-0.00297
-0.00298
-0.00298
-0.00298
-0.00298
-0.00297
-0.00297
-0.00296
-0.00295
-0.00294
-0.00292
-0.00291
-0.00288
-0.00287
-0.00284
-0.00281
-0.00279
-0.00275
-0.00272
-0.00268
-0.00264
-0.0026
-0.00255
-0.0025
-0.00244
-0.00239
-0.00233
-0.00227
-0.0022
-0.00214
-0.00206
-0.00199
-0.00192
-0.00184
-0.00176
-0.00168
-0.0016
-0.00151
-0.00143
-0.00134
-0.00125
-0.00117
-0.00108
-0.00099
-0.0009
-0.00082
-0.00072
-0.00064
-0.00055
-0.00047
-0.00038
-0.0003
-0.00021
-0.00013
-4e-05
3e-05
0.00012
0.00019
0.00027
0.00034
0.00041
0.00047
0.00054
0.0006
0.00066
0.00071
0.00076
0.00081
0.00085
0.00089
0.00093
0.00095
0.00097
0.00099
0.001
0.001
0.00101
0.001
0.00099
0.00097
0.00095
0.00092
0.00089
0.00085
0.00082
0.00077
0.00073
0.00067
0.00062
0.00056
0.0005
0.00044
0.00038
0.00031
0.00025
0.00019
0.00013
6e-05
-0.0
-6e-05
-0.00012
-0.00018
-0.00023
-0.00029
-0.00034
-0.00039
-0.00044
-0.00049
-0.00053
-0.00058
-0.00061
-0.00065
-0.00069
-0.00072
-0.00076
-0.00079
-0.00081
-0.00084
-0.00086
-0.00089
-0.00091
-0.00093
-0.00095
-0.00097
-0.00098
-0.00099
-0.001
-0.00101
-0.00101
-0.00102
-0.00102
-0.00101
-0.00101
-0.001
-0.00099
-0.00098
-0.00096
-0.00094
-0.00092
-0.0009
-0.00086
-0.00084
-0.0008
-0.00077
-0.00073
-0.00069
-0.00065
-0.0006
-0.00055
-0.0005
-0.00045
-0.00041
-0.00035
-0.0003
-0.00024
-0.00019
-0.00013
-7e-05
-1e-05
4e-05
0.0001
0.00016
0.00021
0.00027
0.00033
0.00039
0.00045
0.0005
0.00056
0.00061
0.00067
0.00072
0.00077
0.00082
0.00087
0.00092
0.00096
0.00101
0.00105
0.00109
0.00113
0.00117
0.00121
0.00123
0.00127
0.00129
0.00131
0.00133
0.00135
0.00136
0.00138
0.00138
0.00138
0.00138
0.00138
0.00137
0.00136
0.00135
0.00133
0.00131
0.00129
0.00127
0.00124
0.00121
0.00118
0.00114
0.00111
0.00108
0.00104
0.001
0.00096
0.00092
0.00089
0.00085
0.00082
0.00077
0.00074
0.0007
0.00068
0.00064
0.00061
0.00058
0.00055
0.00052
0.0005
0.00047
0.00045
0.00043
0.00041
0.00039
0.00037
0.00035
0.00034
0.00032
0.00031
0.00029
0.00028
0.00026
0.00025
0.00023
0.00022
0.00021
0.00019
0.00018
0.00017
0.00016
0.00015
0.00013
0.00013
0.00011
0.00011
0.0001
9e-05
8e-05
8e-05
7e-05
7e-05
6e-05
6e-05
6e-05
7e-05
7e-05
8e-05
8e-05
9e-05
0.0001
0.00012
0.00013
0.00015
0.00016
0.00018
0.0002
0.00022
0.00025
0.00027
0.0003
0.00032
0.00035
0.00038
0.0004
0.00043
0.00046
0.00049
0.00052
0.00054
0.00056
0.0006
0.00062
0.00064
0.00066
0.00068
0.0007
0.00072
0.00073
0.00075
0.00076
0.00077
0.00078
0.00079
0.00079
0.0008
0.0008
0.00081
0.0008
0.0008
0.0008
0.0008
0.0008
0.0008
0.00079
0.00079
0.00079
0.00079
0.00078
0.00078
0.00078
0.00078
0.00078
0.00078
0.00078
0.00078
0.00078
0.00079
0.00079
0.0008
0.0008
0.00081
0.00081
0.00082
0.00083
0.00084
0.00085
0.00086
0.00087
0.00089
0.0009
0.00091
0.00093
0.00094
0.00096
0.00098
0.00099
0.00102
0.00103
0.00106
0.00108
0.00111
0.00113
0.00116
0.00119
0.00122
0.00125
0.00129
0.00133
0.00136
0.00141
0.00145
0.0015
0.00155
0.00159
0.00165
0.0017
0.00175
0.0018
0.00186
0.00192
0.00198
0.00203
0.00209
0.00215
0.0022
0.00226
0.00232
0.00238
0.00244
0.00249
0.00254
0.00259
0.00265
0.00269
0.00275
0.00279
0.00284
0.00288
0.00293
0.00297
0.00301
0.00305
0.00309
0.00312
0.00316
0.00319
0.00323
0.00326
0.00329
0.00332
0.00335
0.00337
0.0034
0.00343
0.00345
0.00347
0.00349
0.00351
0.00353
0.00355
0.00356
0.00357
0.00359
0.0036
0.00361
0.00362
0.00363
0.00363
0.00364
0.00364
0.00365
0.00365
0.00365
0.00365
0.00366
0.00366
0.00366
0.00366
0.00367
0.00367
0.00368
0.00368
0.00369
0.00369
0.0037
0.0037
0.00371
0.00372
0.00372
0.00373
0.00374
0.00375
0.00375
0.00375
0.00376
0.00376
0.00377
0.00376
0.00376
0.00376
0.00375
0.00374
0.00373
0.00372
0.0037
0.00368
0.00366
0.00364
0.00362
0.00359
0.00356
0.00353
0.00351
0.00347
0.00344
0.00341
0.00338
0.00335
0.00332
0.00329
0.00326
0.00323
0.00321
0.00318
0.00316
0.00314
0.00312
0.0031
0.00308
0.00307
0.00305
0.00303
0.00302
0.003
0.00299
0.00297
0.00295
0.00294
0.00292
0.0029
0.00287
0.00284
0.00282
0.00278
0.00275
0.00271
0.00267
0.00262
0.00258
0.00253
0.00247
0.00241
0.00236
0.0023
0.00224
0.00218
0.00211
0.00204
0.00198
0.00192
0.00185
0.00179
0.00173
0.00166
0.00161
0.00154
0.00149
0.00143
0.00138
0.00133
0.00128
0.00124
0.0012
0.00115
0.00112
0.00109
0.00106
0.00102
0.001
0.00097
0.00095
0.00092
0.0009
0.00088
0.00086
0.00084
0.00082
0.00081
0.00079
0.00077
0.00076
0.00074
0.00073
0.00071
0.00069
0.00067
0.00065
0.00063
0.00061
0.00059
0.00056
0.00054
0.00052
0.00049
0.00047
0.00043
0.00041
0.00037
0.00035
0.00031
0.00028
0.00024
0.00021
0.00016
0.00013
8e-05
4e-05
0.0
-4e-05
-8e-05
-0.00012
-0.00017
-0.00021
-0.00025
-0.00029
-0.00034
-0.00038
-0.00042
-0.00046
-0.00051
-0.00055
-0.00059
-0.00063
-0.00067
-0.00071
-0.00075
-0.00079
-0.00084
-0.00087
-0.00091
-0.00095
-0.00099
-0.00103
-0.00107
-0.0011
-0.00115
-0.00119
-0.00123
-0.00127
-0.00131
-0.00135
-0.00139
-0.00143
-0.00147
-0.00151
-0.00155
-0.00159
-0.00164
-0.00168
-0.00172
-0.00176
-0.0018
-0.00185
-0.00189
-0.00193
-0.00197
-0.00202
-0.00206
-0.0021
-0.00215
-0.00218
-0.00223
-0.00227
-0.00232
-0.00236
-0.00241
-0.00245
-0.00249
-0.00254
-0.00259
-0.00263
-0.00268
-0.00272
-0.00277
-0.00281
-0.00286
-0.0029
-0.00295
-0.00299
-0.00303
-0.00307
-0.00312
-0.00315
-0.00319
-0.00323
-0.00326
-0.00329
-0.00332
-0.00334
-0.00337
-0.00338
-0.00341
-0.00342
-0.00343
-0.00344
-0.00345
-0.00345
-0.00345
-0.00345
-0.00344
-0.00344
-0.00343
-0.00342
-0.00341
-0.00339
-0.00338
-0.00336
-0.00334
-0.00332
-0.0033
-0.00328
-0.00326
-0.00323
-0.00321
-0.00318
-0.00315
-0.00313
-0.0031
-0.00307
-0.00304
-0.00301
-0.00297
-0.00293
-0.0029
-0.00286
-0.00282
-0.00277
-0.00273
-0.00268
-0.00263
-0.00257
-0.00252
-0.00246
-0.0024
-0.00234
-0.00227
-0.0022
-0.00213
-0.00205
-0.00199
-0.00191
-0.00183
-0.00175
-0.00167
-0.00159
-0.00151
-0.00143
-0.00135
-0.00126
-0.00119
-0.00111
-0.00103
-0.00095
-0.00087
-0.0008
-0.00073
-0.00066
-0.00059
-0.00052
-0.00046
-0.0004
-0.00035
-0.00028
-0.00023
-0.00019
-0.00014
-0.0001
-5e-05
-1e-05
3e-05
6e-05
9e-05
0.00013
0.00015
0.00018
0.0002
0.00023
0.00025
0.00027
0.00029
0.00031
0.00032
0.00034
0.00035
0.00037
0.00038
0.00039
0.0004
0.00042
0.00042
0.00043
0.00044
0.00045
0.00045
0.00046
0.00046
0.00046
0.00047
0.00046
0.00046
0.00046
0.00046
0.00045
0.00044
0.00043
0.00042
0.00041
0.00039
0.00037
0.00034
0.00033
0.0003
0.00027
0.00024
0.00021
0.00018
0.00014
0.00011
7e-05
3e-05
-1e-05
-5e-05
-8e-05
-0.00012
-0.00016
-0.0002
-0.00023
-0.00027
-0.0003
-0.00033
-0.00036
-0.00038
-0.00041
-0.00043
-0.00044
-0.00046
-0.00047
-0.00048
-0.00048
-0.00049
-0.00048
-0.00048
-0.00047
-0.00047
-0.00046
-0.00045
-0.00043
-0.00041
-0.0004
-0.00038
-0.00035
-0.00034
-0.00031
-0.00029
-0.00027
-0.00024
-0.00022
-0.0002
-0.00017
-0.00014
-0.00012
-9e-05
-6e-05
-3e-05
-0.0
3e-05
7e-05
0.0001
0.00014
0.00018
0.00022
0.00026
0.00031
0.00036
0.00042
0.00047
0.00053
0.00059
0.00065
0.00072
0.00079
0.00086
0.00094
0.00101
0.00109
0.00117
0.00125
0.00132
0.0014
0.00148
0.00156
0.00163
0.00171
0.00178
0.00185
0.00192
0.00198
0.00205
0.00211
0.00216
0.00222
0.00226
0.00231
0.00235
0.00239
0.00242
0.00245
0.00248
0.0025
0.00252
0.00253
0.00255
0.00256
0.00257
0.00257
0.00257
0.00258
0.00257
0.00257
0.00256
0.00255
0.00254
0.00253
0.00251
0.0025
0.00248
0.00245
0.00243
0.00241
0.00238
0.00235
0.00231
0.00228
0.00224
0.00221
0.00216
0.00212
0.00207
0.00203
0.00197
0.00192
0.00187
0.00181
0.00175
0.00169
0.00163
0.00157
0.0015
0.00144
0.00137
0.0013
0.00123
0.00116
0.00109
0.00103
0.00095
0.00088
0.00081
0.00074
0.00066
0.00059
0.00052
0.00045
0.00037
0.0003
0.00023
0.00016
8e-05
1e-05
-7e-05
-0.00014
-0.00021
-0.00029
-0.00036
-0.00044
-0.00051
-0.00059
-0.00066
-0.00073
-0.00081
-0.00088
-0.00095
-0.00102
-0.00109
-0.00115
-0.00122
-0.00128
-0.00134
-0.0014
-0.00146
-0.00151
-0.00156
-0.00161
-0.00166
-0.0017
-0.00174
-0.00178
-0.00181
-0.00184
-0.00187
-0.0019
-0.00192
-0.00194
-0.00196
-0.00198
-0.00199
-0.002
-0.00201
-0.00202
-0.00203
-0.00204
-0.00205
-0.00205
-0.00206
-0.00206
-0.00206
-0.00206
-0.00207
-0.00207
-0.00207
-0.00207
-0.00208
-0.00208
-0.00208
-0.00208
-0.00207
-0.00207
-0.00207
-0.00206
-0.00206
-0.00205
-0.00205
-0.00204
-0.00204
-0.00202
-0.00202
-0.002
-0.002
-0.00198
-0.00197
-0.00195
-0.00194
-0.00192
-0.00191
-0.00189
-0.00188
-0.00187
-0.00186
-0.00184
-0.00184
-0.00182
-0.00182
-0.00181
-0.00181
-0.00181
-0.00181
-0.00182
-0.00182
-0.00183
-0.00185
-0.00186
-0.00188
-0.00189
-0.00192
-0.00194
-0.00198
-0.002
-0.00204
-0.00207
-0.00211
-0.00215
-0.00218
-0.00222
-0.00226
-0.0023
-0.00235
-0.00239
-0.00244
-0.00248
-0.00253
-0.00257
-0.00262
-0.00265
-0.0027
-0.00275
-0.00279
-0.00284
-0.00288
-0.00292
-0.00296
-0.003
-0.00305
-0.00308
-0.00313
-0.00316
-0.0032
-0.00324
-0.00328
-0.00331
-0.00335
-0.00338
-0.00341
-0.00345
-0.00347
-0.0035
-0.00352
-0.00354
-0.00356
-0.00357
-0.00359
-0.00359
-0.0036
-0.0036
-0.0036
-0.00359
-0.00359
-0.00357
-0.00356
-0.00354
-0.00352
-0.00349
-0.00346
-0.00343
-0.00341
-0.00337
-0.00333
-0.00329
-0.00325
-0.0032
-0.00316
-0.00311
-0.00307
-0.00302
-0.00298
-0.00293
-0.00288
-0.00283
-0.00278
-0.00273
-0.00269
-0.00263
-0.00258
-0.00253
-0.00248
-0.00243
-0.00238
-0.00232
-0.00227
-0.00222
-0.00216
-0.00211
-0.00205
-0.002
-0.00194
-0.00188
-0.00183
-0.00177
-0.00172
-0.00166
-0.00161
-0.00156
-0.00151
-0.00145
-0.00141
-0.00136
-0.00132
-0.00128
-0.00124
-0.00121
-0.00118
-0.00115
-0.00113
-0.0011
-0.00108
-0.00107
-0.00106
-0.00105
-0.00105
-0.00104
-0.00104
-0.00104
-0.00105
-0.00106
-0.00106
-0.00107
-0.00108
-0.00109
-0.00111
-0.00112
-0.00113
-0.00114
-0.00116
-0.00116
-0.00118
-0.00119
-0.0012
-0.00121
-0.00122
-0.00123
-0.00123
-0.00124
-0.00125
-0.00125
-0.00126
-0.00126
-0.00127
-0.00128
-0.00129
-0.00129
-0.00131
-0.00131
-0.00132
-0.00134
-0.00135
-0.00136
-0.00137
-0.00139
-0.0014
-0.00141
-0.00143
-0.00144
-0.00146
-0.00147
-0.00149
-0.0015
-0.00152
-0.00153
-0.00154
-0.00155
-0.00156
-0.00157
-0.00157
-0.00157
-0.00158
-0.00158
-0.00158
-0.00157
-0.00157
-0.00156
-0.00156
-0.00155
-0.00155
-0.00153
-0.00152
-0.00151
-0.0015
-0.00149
-0.00147
-0.00146
-0.00145
-0.00143
-0.00143
-0.00141
-0.00141
-0.00139
-0.00139
-0.00138
-0.00137
-0.00136
-0.00136
-0.00135
-0.00135
-0.00135
-0.00134
-0.00134
-0.00133
-0.00133
-0.00133
-0.00132
-0.00132
-0.00132
-0.00132
-0.00131
-0.00131
-0.0013
-0.0013
-0.00129
-0.00129
-0.00128
-0.00128
-0.00127
-0.00126
-0.00124
-0.00124
-0.00122
-0.00121
-0.0012
-0.00118
-0.00116
-0.00115
-0.00113
-0.00111
-0.00109
-0.00107
-0.00105
-0.00103
-0.001
-0.00097
-0.00094
-0.00092
-0.00088
-0.00085
-0.00081
-0.00078
-0.00073
-0.0007
-0.00065
-0.0006
-0.00056
-0.00051
-0.00045
-0.0004
-0.00034
-0.00028
-0.00022
-0.00016
-9e-05
-2e-05
5e-05
0.00012
0.00019
0.00026
0.00034
0.00042
0.0005
0.00057
0.00065
0.00073
0.00082
0.0009
0.00098
0.00105
0.00114
0.00122
0.0013
0.00138
0.00146
0.00153
0.00162
0.00169
0.00177
0.00184
0.00191
0.00199
0.00206
0.00213
0.0022
0.00227
0.00234
0.0024
0.00247
0.00253
0.00259
0.00265
0.00271
0.00276
0.00282
0.00287
0.00292
0.00297
0.00302
0.00307
0.00311
0.00315
0.00319
0.00323
0.00327
0.0033
0.00333
0.00335
0.00339
0.00341
0.00343
0.00345
0.00347
0.00349
0.00351
0.00353
0.00354
0.00355
0.00356
0.00357
0.00358
0.00359
0.0036
0.0036
0.00361
0.00361
0.00361
0.00362
0.00362
0.00362
0.00362
0.00362
0.00362
0.00361
0.00361
0.0036
0.0036
0.00359
0.00358
0.00357
0.00356
0.00354
0.00353
0.00351
0.00349
0.00347
0.00345
0.00343
0.00341
0.00338
0.00336
0.00333
0.0033
0.00327
0.00324
0.0032
0.00317
0.00314
0.00311
0.00307
0.00303
0.003
0.00297
0.00294
0.0029
0.00286
0.00284
0.0028
0.00277
0.00274
0.00271
0.00268
0.00265
0.00263
0.0026
0.00257
0.00255
0.00253
0.00251
0.00249
0.00247
0.00245
0.00244
0.00242
0.00241
0.00239
0.00238
0.00237
0.00237
0.00235
0.00235
0.00234
0.00233
0.00232
0.00231
0.00231
0.0023
0.00228
0.00228
0.00226
0.00225
0.00223
0.00222
0.0022
0.00218
0.00215
0.00213
0.00209
0.00206
0.00202
0.00199
0.00194
0.0019
0.00185
0.0018
0.00174
0.00169
