5.23845515805623E+02

-0.00381
-0.00374
-0.00366
-0.00358
-0.0035
-0.00341
-0.00333
-0.00324
-0.00315
-0.00305
-0.00295
-0.00285
-0.00274
-0.00264
-0.00253
-0.00242
-0.0023
-0.00218
-0.00206
-0.00194
-0.00181
-0.00169
-0.00157
-0.00144
-0.00132
-0.00119
-0.00107
-0.00094
-0.00082
-0.0007
-0.00058
-0.00046
-0.00034
-0.00023
-0.00012
-2e-05
9e-05
0.00019
0.00029
0.00038
0.00047
0.00056
0.00065
0.00074
0.00082
0.0009
0.00098
0.00106
0.00114
0.00121
0.00129
0.00136
0.00144
0.00152
0.0016
0.00167
0.00175
0.00183
0.00191
0.00199
0.00207
0.00215
0.00223
0.00231
0.00239
0.00247
0.00255
0.00263
0.00271
0.00279
0.00286
0.00293
0.003
0.00307
0.00313
0.0032
0.00325
0.0033
0.00335
0.00339
0.00343
0.00346
0.00349
0.00351
0.00353
0.00354
0.00355
0.00355
0.00354
0.00353
0.00352
0.0035
0.00348
0.00345
0.00342
0.00338
0.00335
0.00331
0.00327
0.00323
0.00319
0.00314
0.00309
0.00305
0.003
0.00295
0.0029
0.00286
0.00281
0.00276
0.00272
0.00267
0.00263
0.00257
0.00253
0.00248
0.00243
0.00238
0.00233
0.00228
0.00223
0.00218
0.00213
0.00207
0.00202
0.00196
0.0019
0.00184
0.00178
0.00172
0.00166
0.00159
0.00153
0.00146
0.0014
0.00133
0.00127
0.00121
0.00115
0.00109
0.00103
0.00097
0.00092
0.00087
0.00082
0.00077
0.00073
0.00068
0.00064
0.0006
0.00056
0.00053
0.00049
0.00046
0.00043
0.0004
0.00038
0.00034
0.00032
0.00029
0.00027
0.00023
0.00021
0.00017
0.00015
0.00011
8e-05
4e-05
0.0
-3e-05
-7e-05
-0.00011
-0.00014
-0.00019
-0.00022
-0.00027
-0.0003
-0.00034
-0.00038
-0.00042
-0.00045
-0.00049
-0.00052
-0.00054
-0.00057
-0.00059
-0.00061
-0.00063
-0.00064
-0.00065
-0.00066
-0.00066
-0.00066
-0.00066
-0.00065
-0.00065
-0.00063
-0.00062
-0.0006
-0.00059
-0.00057
-0.00054
-0.00052
-0.00049
-0.00046
-0.00044
-0.00041
-0.00038
-0.00035
-0.00032
-0.00028
-0.00025
-0.00021
-0.00018
-0.00015
-0.00011
-8e-05
-4e-05
0.0
4e-05
9e-05
0.00012
0.00017
0.00021
0.00027
0.00031
0.00036
0.00041
0.00047
0.00052
0.00058
0.00063
0.00069
0.00075
0.00081
0.00087
0.00093
0.00099
0.00105
0.00111
0.00118
0.00123
0.00129
0.00135
0.00141
0.00147
0.00152
0.00158
0.00162
0.00168
0.00173
0.00178
0.00183
0.00186
0.00191
0.00195
0.00199
0.00202
0.00206
0.00208
0.00212
0.00214
0.00217
0.00219
0.00221
0.00222
0.00224
0.00225
0.00226
0.00227
0.00227
0.00227
0.00228
0.00227
0.00226
0.00225
0.00224
0.00222
0.0022
0.00218
0.00215
0.00212
0.00209
0.00206
0.00202
0.00197
0.00193
0.00189
0.00184
0.00179
0.00174
0.00168
0.00163
0.00158
0.00152
0.00145
0.00139
0.00133
0.00127
0.00121
0.00115
0.00108
0.00102
0.00095
0.00089
0.00082
0.00075
0.00068
0.00062
0.00055
0.00048
0.00041
0.00034
0.00027
0.0002
0.00013
6e-05
-2e-05
-9e-05
-0.00017
-0.00024
-0.00033
-0.00041
-0.00049
-0.00057
-0.00065
-0.00073
-0.00082
-0.0009
-0.00099
-0.00107
-0.00116
-0.00124
-0.00133
-0.00141
-0.00149
-0.00157
-0.00166
-0.00174
-0.00182
-0.00189
-0.00197
-0.00205
-0.00212
-0.0022
-0.00226
-0.00233
-0.0024
-0.00246
-0.00253
-0.00258
-0.00264
-0.00269
-0.00275
-0.0028
-0.00285
-0.0029
-0.00295
-0.00299
-0.00303
-0.00308
-0.00311
-0.00315
-0.00319
-0.00322
-0.00326
-0.00328
-0.00331
-0.00334
-0.00337
-0.00339
-0.00341
-0.00343
-0.00345
-0.00347
-0.00349
-0.0035
-0.00351
-0.00352
-0.00353
-0.00354
-0.00355
-0.00355
-0.00356
-0.00356
-0.00356
-0.00356
-0.00356
-0.00356
-0.00356
-0.00355
-0.00355
-0.00354
-0.00354
-0.00353
-0.00352
-0.00351
-0.0035
-0.00349
-0.00348
-0.00346
-0.00345
-0.00344
-0.00342
-0.0034
-0.00339
-0.00337
-0.00335
-0.00333
-0.00331
-0.00329
-0.00326
-0.00323
-0.00321
-0.00318
-0.00315
-0.00312
-0.00309
-0.00306
-0.00302
-0.00298
-0.00295
-0.00291
-0.00288
-0.00284
-0.00279
-0.00275
-0.00271
-0.00266
-0.00262
-0.00258
-0.00253
-0.00248
-0.00244
-0.00239
-0.00235
-0.0023
-0.00225
-0.0022
-0.00215
-0.0021
-0.00205
-0.002
-0.00194
-0.00189
-0.00184
-0.00178
-0.00173
-0.00166
-0.00161
-0.00155
-0.00149
-0.00143
-0.00137
-0.0013
-0.00124
-0.00118
-0.00112
-0.00105
-0.00098
-0.00091
-0.00085
-0.00078
-0.00072
-0.00064
-0.00058
-0.00051
-0.00044
-0.00037
-0.0003
-0.00023
-0.00016
-0.0001
-2e-05
5e-05
0.00012
0.00019
0.00026
0.00034
0.0004
0.00048
0.00055
0.00062
0.00069
0.00077
0.00084
0.00091
0.00098
0.00105
0.00112
0.00119
0.00126
0.00133
0.00139
0.00146
0.00152
0.00159
0.00165
0.00171
0.00176
0.00181
0.00186
0.00191
0.00195
0.00199
0.00203
0.00206
0.00209
0.00212
0.00214
0.00216
0.00218
0.00219
0.0022
0.00221
0.0022
0.00221
0.0022
0.00219
0.00218
0.00216
0.00215
0.00212
0.0021
0.00208
0.00204
0.00201
0.00197
0.00194
0.00189
0.00185
0.0018
0.00175
0.0017
0.00165
0.00159
0.00153
0.00146
0.0014
0.00133
0.00127
0.00119
0.00112
0.00104
0.00097
0.00088
0.0008
0.00072
0.00064
0.00055
0.00047
0.00038
0.00029
0.00021
0.00012
3e-05
-5e-05
-0.00014
-0.00022
-0.00031
-0.00039
-0.00048
-0.00055
-0.00064
-0.00071
-0.00079
-0.00086
-0.00094
-0.00101
-0.00108
-0.00114
-0.00121
-0.00127
-0.00134
-0.00139
-0.00145
-0.00151
-0.00157
-0.00162
-0.00167
-0.00172
-0.00177
-0.00181
-0.00186
-0.0019
-0.00194
-0.00198
-0.00202
-0.00205
-0.00209
-0.00211
-0.00215
-0.00217
-0.0022
-0.00222
-0.00224
-0.00226
-0.00228
-0.00229
-0.00231
-0.00232
-0.00233
-0.00233
-0.00234
-0.00234
-0.00235
-0.00234
-0.00235
-0.00234
-0.00234
-0.00234
-0.00234
-0.00232
-0.00232
-0.00231
-0.00231
-0.0023
-0.00229
-0.00228
-0.00227
-0.00226
-0.00225
-0.00224
-0.00223
-0.00221
-0.00221
-0.00219
-0.00218
-0.00217
-0.00215
-0.00214
-0.00213
-0.00212
-0.0021
-0.00208
-0.00207
-0.00205
-0.00204
-0.00202
-0.002
-0.00198
-0.00197
-0.00195
-0.00194
-0.00192
-0.00191
-0.00189
-0.00188
-0.00187
-0.00185
-0.00184
-0.00183
-0.00181
-0.00181
-0.00179
-0.00179
-0.00177
-0.00177
-0.00176
-0.00176
-0.00174
-0.00174
-0.00173
-0.00173
-0.00172
-0.00171
-0.0017
-0.00169
-0.00168
-0.00168
-0.00166
-0.00165
-0.00164
-0.00163
-0.00162
-0.00161
-0.00159
-0.00158
-0.00157
-0.00155
-0.00154
-0.00152
-0.00151
-0.00149
-0.00147
-0.00146
-0.00144
-0.00143
-0.00141
-0.0014
-0.00138
-0.00137
-0.00135
-0.00134
-0.00133
-0.00132
-0.00131
-0.0013
-0.00128
-0.00127
-0.00126
-0.00125
-0.00123
-0.00122
-0.0012
-0.0012
-0.00118
-0.00117
-0.00115
-0.00114
-0.00112
-0.00111
-0.00109
-0.00107
-0.00105
-0.00103
-0.001
-0.00098
-0.00095
-0.00093
-0.0009
-0.00088
-0.00085
-0.00083
-0.0008
-0.00077
-0.00074
-0.00072
-0.00069
-0.00066
-0.00063
-0.0006
-0.00057
-0.00054
-0.0005
-0.00048
-0.00044
-0.00042
-0.00039
-0.00036
-0.00033
-0.00031
-0.00028
-0.00026
-0.00023
-0.00021
-0.00019
-0.00016
-0.00014
-0.00012
-0.0001
-8e-05
-6e-05
-5e-05
-3e-05
-1e-05
0.0
2e-05
3e-05
5e-05
7e-05
9e-05
0.00011
0.00012
0.00015
0.00017
0.0002
0.00022
0.00025
0.00028
0.00031
0.00034
0.00038
0.00042
0.00046
0.00051
0.00055
0.0006
0.00065
0.0007
0.00075
0.0008
0.00085
0.0009
0.00095
0.001
0.00105
0.00109
0.00114
0.00119
0.00123
0.00127
0.00131
0.00135
0.00139
0.00142
0.00146
0.00149
0.00153
0.00156
0.0016
0.00164
0.00168
0.00172
0.00178
0.00183
0.00188
0.00195
0.00202
0.00209
0.00218
0.00226
0.00236
0.00246
0.00257
0.00269
0.00281
0.00294
0.00308
0.00321
0.00337
0.00352
0.00368
0.00384
0.00401
0.00419
0.00437
0.00456
0.00475
0.00496
0.00517
0.00539
0.00562
0.00587
0.00612
0.00639
0.00669
0.007
0.00733
0.00768
0.00806
0.00846
0.0089
0.00936
0.00986
0.01039
0.01095
0.01154
0.01218
0.01285
0.01355
0.01429
0.01507
0.01588
0.01672
0.0176
0.01852
0.01946
0.02044
0.02143
0.02247
0.02353
0.02461
0.02571
0.02685
0.02801
0.02918
0.03038
0.03162
0.03287
0.03415
0.03546
0.03681
0.03818
0.03959
0.04103
0.04252
0.04405
0.04561
0.04722
0.04888
0.05059
0.05234
0.05414
0.05599
0.05789
0.05983
0.06181
0.06383
0.06588
0.06796
0.07006
0.07218
0.07432
0.07644
0.07856
0.08067
0.08276
0.0848
0.08681
0.08876
0.09066
0.09248
0.09423
0.09589
0.09746
0.09893
0.1003
0.10156
0.10272
0.10376
0.10469
0.10552
0.10623
0.10684
0.10721
0.10721
0.10721
0.10721
0.10721
0.10721
0.10721
0.10721
0.10721
0.10721
0.10721
0.10721
0.10721
0.10721
0.10721
0.10721
0.10709
0.10693
0.10679
0.10667
0.10657
0.1065
0.10645
0.10642
0.10641
0.10643
0.10648
0.10653
0.10659
0.10667
0.10676
0.10685
0.10695
0.10705
0.10714
0.10721
0.10721
0.10721
0.10721
0.10721
0.10721
0.10721
0.10721
0.10721
0.10721
0.10721
0.10721
0.10721
0.10721
0.10721
0.10721
0.10717
0.10711
0.10706
0.107
0.10696
0.10691
0.10688
0.10685
0.10683
0.10682
0.10681
0.10682
0.10683
0.10685
0.10687
0.10689
0.10692
0.10696
0.10699
0.10702
0.10706
0.10709
0.10711
0.10714
0.10716
0.10718
0.10719
0.10721
0.10721
0.10721
0.10721
0.1072
0.10719
0.10718
0.10717
0.10715
0.10713
0.1071
0.10708
0.10706
0.10704
0.10702
0.107
0.10699
0.10697
0.10697
0.10695
0.10695
0.10694
0.10694
0.10695
0.10694
0.10695
0.10695
0.10696
0.10697
0.10697
0.10699
0.10699
0.10701
0.10702
0.10703
0.10704
0.10706
0.10707
0.10708
0.1071
0.1071
0.10711
0.10712
0.10713
0.10714
0.10714
0.10715
0.10715
0.10715
0.10715
0.10715
0.10715
0.10714
0.10714
0.10713
0.10712
0.1071
0.10709
0.10707
0.10705
0.10704
0.10702
0.10701
0.10699
0.10698
0.10696
0.10696
0.10695
0.10695
0.10695
0.10696
0.10697
0.10699
0.10701
0.10703
0.10706
0.1071
0.10714
0.10719
0.10721
0.10721
0.10721
0.10721
0.10721
0.10721
0.10721
0.10721
0.10721
0.10721
0.10721
0.10721
0.10721
0.10721
0.10721
0.10721
0.10708
0.10694
0.10677
0.10657
0.10634
0.10609
0.10582
0.10552
0.1052
0.10485
0.10448
0.10409
0.10367
0.10325
0.1028
0.10235
0.10187
0.10139
0.1009
0.10041
0.09991
0.09941
0.09891
0.09841
0.09791
0.09741
0.09692
0.09643
0.09595
0.09548
0.09501
0.09455
0.09409
0.09365
0.09321
0.09277
0.09234
0.09191
0.09149
0.09107
0.09065
0.09023
0.08981
0.0894
0.08897
0.08856
0.08813
0.08771
0.08727
0.08684
0.0864
0.08596
0.08551
0.08506
0.0846
0.08415
0.08369
0.08322
0.08275
0.08228
0.08181
0.08134
0.08087
0.0804
0.07992
0.07945
0.07898
0.07851
0.07804
0.07757
0.07711
0.07664
0.07618
0.07572
0.07525
0.0748
0.07433
0.07388
0.07341
0.07296
0.0725
0.07204
0.07158
0.07113
0.07066
0.0702
0.06974
0.06928
0.06882
0.06836
0.0679
0.06744
0.06697
0.06651
0.06605
0.06559
0.06512
0.06467
0.06421
0.06376
0.0633
0.06285
0.0624
0.06195
0.0615
0.06106
0.06062
0.06018
0.05974
0.05931
0.05888
0.05845
0.05802
0.05759
0.05716
0.05674
0.05632
0.05589
0.05548
0.05505
0.05464
0.05422
0.0538
0.05338
0.05297
0.05255
0.05214
0.05173
0.05132
0.05091
0.0505
0.0501
0.0497
0.0493
0.04891
0.04852
0.04813
0.04775
0.04737
0.047
0.04664
0.04628
0.04592
0.04557
0.04523
0.04489
0.04456
0.04424
0.04392
0.04361
0.0433
0.043
0.04271
0.04242
0.04213
0.04186
0.04158
0.04131
0.04105
0.04079
0.04053
0.04028
0.04003
0.03979
0.03955
0.03931
0.03907
0.03884
0.03861
0.03838
0.03815
0.03794
0.03771
0.0375
0.03728
0.03707
0.03686
0.03665
0.03645
0.03625
0.03605
0.03585
0.03566
0.03546
0.03528
0.03509
0.0349
0.03472
0.03454
0.03436
0.03419
0.03402
0.03384
0.03367
0.03351
0.03334
0.03318
0.03301
0.03285
0.03269
0.03254
0.03238
0.03222
0.03207
0.03192
0.03176
0.03161
0.03146
0.03131
0.03116
0.03101
0.03086
0.03072
0.03057
0.03042
0.03027
0.03012
0.02998
0.02983
0.02969
0.02954
0.0294
0.02925
0.02911
0.02896
0.02882
0.02867
0.02853
0.02839
0.02825
0.02811
0.02797
0.02783
0.02769
0.02755
0.02742
0.02729
0.02716
0.02703
0.0269
0.02677
0.02664
0.02652
0.0264
0.02628
0.02616
0.02605
0.02594
0.02582
0.02571
0.02561
0.0255
0.0254
0.0253
0.0252
0.0251
0.025
0.0249
0.02481
0.02471
0.02461
0.02452
0.02443
0.02433
0.02424
0.02415
0.02405
0.02396
0.02387
0.02377
0.02368
0.02358
0.02349
0.02339
0.02329
0.02319
0.02309
0.02299
0.02288
0.02278
0.02267
0.02256
0.02245
0.02234
0.02223
0.02211
0.02199
0.02187
0.02175
0.02162
0.0215
0.02136
0.02123
0.0211
0.02096
0.02082
0.02067
0.02053
0.02038
0.02023
0.02007
0.01991
0.01975
0.01959
0.01943
0.01925
0.01908
0.01891
0.01873
0.01855
0.01837
0.01818
0.01799
0.0178
0.01761
0.01742
0.01723
0.01703
0.01684
0.01664
0.01644
0.01623
0.01604
0.01583
0.01563
0.01543
0.01523
0.01502
0.01482
0.01462
0.01441
0.01421
0.01401
0.0138
0.0136
0.01339
0.01319
0.01298
0.01278
0.01257
0.01237
0.01216
0.01195
0.01174
0.01153
0.01133
0.01112
0.01091
0.01071
0.01049
0.01029
0.01008
0.00987
0.00966
0.00946
0.00925
0.00905
0.00885
0.00864
0.00845
0.00825
0.00805
0.00786
0.00767
0.00749
0.0073
0.00713
0.00695
0.00678
0.0066
0.00644
0.00627
0.00612
0.00596
0.0058
0.00565
0.0055
0.00536
0.00521
0.00508
0.00494
0.0048
0.00467
0.00453
0.00441
0.00427
0.00415
0.00402
0.0039
0.00378
0.00365
0.00353
0.00341
0.0033
0.00319
0.00308
0.00297
0.00286
0.00276
0.00266
0.00257
0.00248
0.0024
0.00232
0.00225
0.00218
0.00212
0.00207
0.00202
0.00199
0.00196
0.00194
0.00193
0.00192
0.00193
0.00194
0.00197
0.002
0.00204
0.00209
0.00215
0.00222
0.00229
0.00237
0.00246
0.00256
0.00266
0.00277
0.00289
0.003
0.00313
0.00325
0.00339
0.00352
0.00366
0.0038
0.00394
0.00408
0.00422
0.00437
0.00451
0.00465
0.0048
0.00494
0.00508
0.00522
0.00536
0.00549
0.00563
0.00576
0.00589
0.00602
0.00615
0.00627
0.00639
0.00651
0.00663
0.00675
0.00687
0.00698
0.0071
0.0072
0.00732
0.00743
0.00754
0.00764
0.00775
0.00785
0.00796
0.00806
0.00816
0.00826
0.00836
0.00846
0.00856
0.00865
0.00875
0.00883
0.00893
0.00901
0.0091
0.00918
0.00926
0.00933
0.00941
0.00947
0.00954
0.0096
0.00965
0.00971
0.00976
0.00981
0.00985
0.00988
0.00992
0.00995
0.00997
0.00999
0.01001
0.01002
0.01003
0.01004
0.01004
0.01004
0.01003
0.01003
0.01002
0.01001
0.01
0.00997
0.00996
0.00993
0.00991
0.00987
0.00984
0.0098
0.00977
0.00973
0.00968
0.00963
0.00957
0.00952
0.00946
0.00939
0.00932
0.00924
0.00916
0.00907
0.00899
0.00889
0.00879
0.00868
0.00857
0.00846
0.00834
0.00821
0.00808
0.00795
0.00782
0.00768
0.00754
0.00739
0.00725
0.0071
0.00695
0.0068
0.00665
0.00649
0.00635
0.00619
0.00604
0.00588
0.00573
0.00558
0.00543
0.00527
0.00512
0.00496
0.00481
0.00465
0.00449
0.00433
0.00417
0.004
0.00384
0.00367
0.0035
0.00332
0.00314
0.00296
0.00278
0.00259
0.0024
0.00221
0.00202
0.00182
0.00162
0.00142
0.00123
0.00103
0.00083
0.00064
0.00045
0.00025
7e-05
-0.00011
-0.00028
-0.00045
-0.00061
-0.00076
-0.00091
-0.00105
-0.00117
-0.00129
-0.0014
-0.0015
-0.00158
-0.00166
-0.00173
-0.00179
-0.00184
-0.00188
-0.0019
-0.00192
-0.00193
-0.00193
-0.00192
-0.00191
-0.00188
-0.00185
-0.00181
-0.00176
-0.0017
-0.00165
-0.00158
-0.00151
-0.00143
-0.00134
-0.00125
-0.00116
-0.00105
-0.00095
-0.00084
-0.00072
-0.00059
-0.00047
-0.00033
-0.0002
-5e-05
0.0001
0.00025
0.00041
0.00058
0.00075
0.00092
0.0011
0.00129
0.00147
0.00167
0.00186
0.00206
0.00225
0.00246
0.00266
0.00287
0.00307
0.00327
0.00347
0.00368
0.00388
0.00408
0.00428
0.00448
0.00467
0.00487
0.00506
0.00524
0.00542
0.0056
0.00578
0.00595
0.00612
0.00628
0.00644
0.0066
0.00675
0.0069
0.00704
0.00718
0.00732
0.00745
0.00758
0.0077
0.00782
0.00793
0.00804
0.00815
0.00824
0.00834
0.00842
0.00851
0.00859
0.00866
0.00872
0.00878
0.00883
0.00888
0.00892
0.00895
0.00898
0.009
0.00901
0.00902
0.00902
0.00901
0.009
0.00898
0.00896
0.00893
0.0089
0.00886
0.00882
0.00878
0.00873
0.00868
0.00863
0.00857
0.00851
0.00846
0.00839
0.00833
0.00827
0.0082
0.00813
0.00807
0.008
0.00793
0.00785
0.00778
0.0077
0.00763
0.00754
0.00746
0.00737
0.00729
0.00719
0.00709
0.00699
0.00689
0.00678
0.00667
0.00655
0.00643
0.00631
0.00618
0.00605
0.00592
0.00578
0.00565
0.00551
0.00537
0.00523
0.00509
0.00494
0.0048
0.00466
0.00453
0.00439
0.00426
0.00413
0.004
0.00388
0.00376
0.00364
0.00353
0.00342
0.00332
0.00322
0.00312
0.00303
0.00294
0.00285
0.00277
0.00269
0.00261
0.00253
0.00246
0.00238
0.00231
0.00224
0.00217
0.0021
0.00203
0.00196
0.00189
0.00181
0.00174
0.00167
0.00161
0.00154
0.00147
0.0014
0.00134
0.00127
0.00121
0.00115
0.00109
0.00103
0.00098
0.00093
0.00088
0.00084
0.0008
0.00076
0.00073
0.00071
0.00069
0.00066
0.00065
0.00063
0.00063
0.00062
0.00062
0.00062
0.00063
0.00064
0.00065
0.00066
0.00068
0.00069
0.00072
0.00074
0.00076
0.00077
0.0008
0.00082
0.00084
0.00086
0.00088
0.0009
0.00092
0.00094
0.00096
0.00097
0.00099
0.001
0.00101
0.00102
0.00104
0.00104
0.00105
0.00105
0.00106
0.00105
0.00106
0.00105
0.00106
0.00105
0.00105
0.00104
0.00104
0.00103
0.00103
0.00102
0.00102
0.00101
0.001
0.001
0.00099
0.00098
0.00098
0.00097
0.00097
0.00097
0.00096
0.00096
0.00096
0.00096
0.00096
0.00096
0.00096
0.00096
0.00096
0.00096
0.00096
0.00096
0.00096
0.00096
0.00096
0.00096
0.00095
0.00095
0.00094
0.00094
0.00093
0.00093
0.00092
0.00091
0.0009
0.00089
0.00088
0.00087
0.00086
0.00084
0.00084
0.00083
0.00082
0.00081
0.0008
0.0008
0.00079
0.00079
0.00079
0.00079
0.0008
0.0008
0.00082
0.00082
0.00084
0.00085
0.00087
0.00089
0.00092
0.00094
0.00096
0.00099
0.00102
0.00105
0.00109
0.00111
0.00115
0.00118
0.00122
0.00124
0.00127
0.0013
0.00134
0.00136
0.00139
0.00141
0.00143
0.00146
0.00148
0.0015
0.00152
0.00153
0.00155
0.00156
0.00158
0.00158
0.0016
0.0016
0.00162
0.00162
0.00163
0.00163
0.00164
0.00164
0.00165
0.00166
0.00166
0.00166
0.00167
0.00167
0.00168
0.00168
0.00169
0.00169
0.0017
0.00171
0.00171
0.00171
0.00172
0.00172
0.00173
0.00173
0.00174
0.00174
0.00175
0.00175
0.00175
0.00175
0.00175
0.00175
0.00176
0.00176
0.00175
0.00175
0.00175
0.00175
0.00175
0.00175
0.00175
0.00174
0.00174
0.00174
0.00174
0.00173
0.00173
0.00172
0.00172
0.00172
0.00171
0.00171
0.00171
0.0017
0.0017
0.0017
0.00169
0.00168
0.00168
0.00168
0.00168
0.00167
0.00166
0.00165
0.00165
0.00164
0.00164
0.00163
0.00162
0.00162
0.00161
0.0016
0.0016
0.00158
0.00158
0.00157
0.00157
0.00155
0.00155
0.00154
0.00154
0.00153
0.00153
0.00152
0.00152
0.00152
0.00151
0.00151
0.00152
0.00151
0.00152
0.00152
0.00153
0.00153
0.00154
0.00155
0.00156
0.00157
0.00158
0.00159
0.0016
0.00161
0.00162
0.00164
0.00165
0.00166
0.00167
0.00168
0.00169
0.0017
0.00171
0.00171
0.00173
0.00173
0.00174
0.00174
0.00174
0.00175
0.00175
0.00175
0.00176
0.00175
0.00176
0.00175
0.00176
0.00175
0.00176
0.00175
0.00176
0.00176
0.00176
0.00177
0.00177
0.00178
0.00179
0.0018
0.00182
0.00183
0.00185
0.00187
0.0019
0.00192
0.00196
0.00199
0.00203
0.00207
0.00211
0.00216
0.00221
0.00227
0.00233
0.0024
0.00247
0.00254
0.00262
0.0027
0.0028
0.00289
0.00299
0.00309
0.0032
0.00332
0.00343
0.00356
0.00369
0.00382
0.00396
0.00411
0.00426
0.00441
0.00458
0.00474
0.00492
0.00509
0.00527
0.00546
0.00565
0.00585
0.00605
0.00625
0.00646
0.00668
0.0069
0.00712
0.00735
0.00758
0.00782
0.00806
0.00831
0.00856
0.00881
0.00907
0.00934
0.0096
0.00987
0.01013
0.01041
0.01068
0.01096
0.01124
0.01152
0.0118
0.01209
0.01237
0.01266
0.01294
0.01322
0.0135
0.01379
0.01407
0.01435
0.01462
0.0149
0.01517
0.01544
0.01571
0.01597
0.01623
0.01649
0.01674
0.01699
0.01724
0.01748
0.01772
0.01795
0.01818
0.01841
0.01862
0.01884
0.01905
0.01926
0.01946
0.01966
0.01985
0.02004
0.02021
0.02039
0.02056
0.02072
0.02087
0.02103
0.02117
0.0213
0.02143
0.02155
0.02166
0.02177
0.02187
0.02196
0.02203
0.02211
0.02217
0.02222
0.02227
0.0223
0.02233
0.02235
0.02236
0.02236
0.02235
0.02234
0.02231
0.02228
0.02224
0.0222
0.02214
0.02209
0.02201
0.02194
0.02186
0.02178
0.02168
0.02159
0.02148
0.02138
0.02126
0.02114
0.02102
0.0209
0.02077
0.02063
0.02049
0.02035
0.02021
0.02006
0.01991
0.01976
0.0196
0.01945
0.01929
0.01914
0.01898
0.01882
0.01866
0.01851
0.01835
0.01819
0.01803
0.01788
0.01773
0.01758
0.01743
0.01729
0.01715
0.01702
0.01688
0.01675
0.01662
0.01649
0.01637
0.01625
0.01613
0.01602
0.01591
0.0158
0.0157
0.0156
0.01549
0.01539
0.0153
0.0152
0.0151
0.01501
0.01491
0.01482
0.01473
0.01463
0.01454
0.01445
0.01436
0.01427
0.01417
0.01408
0.01399
0.0139
0.0138
0.01372
0.01363
0.01354
0.01345
0.01336
0.01328
0.0132
0.01312
0.01304
0.01296
0.01288
0.01281
0.01274
0.01266
0.0126
0.01253
0.01247
0.0124
0.01234
0.01228
0.01222
0.01216
0.0121
0.01204
0.01199
0.01193
0.01188
0.01182
0.01177
0.01172
0.01166
0.01161
0.01156
0.0115
0.01145
0.0114
0.01135
0.01129
0.01124
0.01119
0.01114
0.01109
0.01104
0.01098
0.01093
0.01088
0.01083
0.01078
0.01073
0.01068
0.01062
0.01057
0.01052
0.01046
0.01041
0.01035
0.0103
0.01023
0.01018
0.01011
0.01005
0.00998
0.00992
0.00984
0.00978
0.0097
0.00963
0.00955
0.00947
0.00939
0.00931
0.00923
0.00914
0.00905
0.00897
0.00888
0.0088
0.00871
0.00862
0.00853
0.00845
0.00836
0.00827
0.00818
0.0081
0.00801
0.00793
0.00784
0.00776
0.00767
0.0076
0.00751
0.00744
0.00735
0.00727
0.00719
0.00711
0.00703
0.00696
0.00687
0.0068
0.00672
0.00664
0.00656
0.00649
0.00641
0.00634
0.00626
0.00619
0.00611
0.00604
0.00596
0.0059
0.00582
0.00575
0.00569
0.00562
0.00556
0.0055
0.00544
0.00538
0.00532
0.00528
0.00522
0.00518
0.00513
0.00508
0.00503
0.005
0.00495
0.00491
0.00487
0.00483
0.00479
0.00475
0.00471
0.00467
0.00463
0.00459
0.00454
0.0045
0.00445
0.00441
0.00435
0.0043
0.00425
0.00419
0.00413
0.00407
0.004
0.00394
0.00387
0.00381
0.00373
0.00366
0.00359
0.00352
0.00344
0.00337
0.0033
0.00323
0.00316
0.00309
0.00302
0.00295
0.00289
0.00283
0.00277
0.00272
0.00267
0.00262
0.00258
0.00254
0.0025
0.00247
0.00243
0.00241
0.00239
0.00237
0.00235
0.00234
0.00233
0.00233
0.00233
0.00233
0.00233
0.00234
0.00234
0.00236
0.00237
0.00238
0.00239
0.00241
0.00243
0.00245
0.00247
0.00249
0.00251
0.00254
0.00256
0.00259
0.00261
0.00264
0.00266
0.00269
0.00271
0.00274
0.00277
0.0028
0.00282
0.00285
0.00288
0.00291
0.00294
0.00297
0.00299
0.00303
0.00305
0.00308
0.00311
0.00314
0.00316
0.00319
0.00321
0.00324
0.00325
0.00328
0.0033
0.00331
0.00334
0.00335
0.00337
0.00339
0.0034
0.00341
0.00342
0.00344
0.00345
0.00346
0.00347
0.00348
0.00349
0.0035
0.00351
0.00352
0.00353
0.00354
0.00355
0.00357
0.00358
0.0036
0.00361
0.00363
0.00365
0.00367
0.00369
0.00371
0.00373
0.00375
0.00378
0.0038
0.00382
0.00385
0.00387
0.0039
0.00391
0.00394
0.00396
0.00399
0.004
0.00403
0.00404
0.00406
0.00408
0.00409
0.0041
0.00412
0.00413
0.00414
0.00415
0.00416
0.00416
0.00417
0.00417
0.00417
0.00417
0.00417
0.00417
0.00417
0.00416
0.00416
0.00415
0.00414
0.00413
0.00412
0.00411
0.0041
0.00408
0.00407
0.00405
0.00403
0.004
0.00398
0.00395
0.00393
0.00389
0.00386
0.00382
0.00378
0.00374
0.00369
0.00364
0.00359
0.00353
0.00348
0.00342
0.00336
0.0033
0.00323
0.00316
0.00309
0.00302
0.00295
0.00287
0.00279
0.00272
0.00264
0.00256
0.00249
0.0024
0.00233
0.00224
0.00217
0.00208
0.00201
0.00193
0.00185
0.00177
0.00169
0.00161
0.00153
0.00145
0.00138
0.0013
0.00123
0.00115
0.00108
0.001
0.00093
0.00086
0.00079
0.00072
0.00066
0.00059
0.00053
0.00046
0.0004
0.00035
0.0003
0.00024
0.0002
0.00015
0.00011
7e-05
4e-05
0.0
-2e-05
-5e-05
-6e-05
-8e-05
-9e-05
-9e-05
-0.0001
-9e-05
-9e-05
-8e-05
-6e-05
-5e-05
-3e-05
-1e-05
2e-05
4e-05
7e-05
0.0001
0.00014
0.00017
0.0002
0.00024
0.00028
0.00031
0.00035
0.00039
0.00044
0.00047
0.00051
0.00055
0.0006
0.00063
0.00067
0.00071
0.00075
0.00079
0.00083
0.00087
0.00091
0.00095
0.001
0.00104
0.00108
0.00112
0.00116
0.0012
0.00125
0.00129
0.00133
0.00137
0.00141
0.00145
0.00149
0.00153
0.00156
0.0016
0.00164
0.00167
0.0017
0.00172
0.00175
0.00177
0.00179
0.0018
0.00182
0.00182
0.00183
0.00183
0.00183
0.00182
0.00181
0.0018
0.00178
0.00175
0.00173
0.00169
0.00166
0.00162
0.00158
0.00153
0.00149
0.00143
0.00138
0.00132
0.00126
0.00119
0.00113
0.00106
0.001
0.00092
0.00086
0.00078
0.00071
0.00064
0.00057
0.0005
0.00043
0.00036
0.00029
0.00022
0.00016
9e-05
3e-05
-3e-05
-9e-05
-0.00015
-0.0002
-0.00026
-0.0003
-0.00035
-0.00039
-0.00044
-0.00047
-0.00051
-0.00054
-0.00057
-0.00059
-0.00062
-0.00064
-0.00066
-0.00067
-0.00068
-0.00068
-0.00069
-0.00069
-0.00069
-0.00068
-0.00067
-0.00066
-0.00065
-0.00062
-0.00061
-0.00058
-0.00056
-0.00053
-0.0005
-0.00046
-0.00042
-0.00038
-0.00035
-0.0003
-0.00026
-0.0002
-0.00016
-0.0001
-6e-05
0.0
5e-05
0.00011
0.00016
0.00022
0.00028
0.00034
0.00039
0.00045
0.00051
0.00056
0.00062
0.00068
0.00073
0.00078
0.00083
0.00088
0.00093
0.00097
0.00102
0.00106
0.0011
0.00114
0.00118
0.00122
0.00125
0.00129
0.00132
0.00136
0.00139
0.00142
0.00144
0.00147
0.0015
0.00152
0.00154
0.00157
0.00159
0.00161
0.00163
0.00165
0.00166
0.00168
0.0017
0.00171
0.00172
0.00174
0.00174
0.00175
0.00175
0.00176
0.00176
0.00176
0.00175
0.00175
0.00175
0.00174
0.00172
0.00171
0.00169
0.00168
0.00166
0.00164
0.00161
0.00159
0.00156
0.00153
0.00149
0.00146
0.00142
0.00139
0.00135
0.00131
0.00127
0.00123
0.00118
0.00114
0.00109
0.00105
0.001
0.00096
0.00091
0.00086
0.00081
0.00075
0.0007
0.00065
0.0006
0.00055
0.00049
0.00044
0.00038
0.00033
0.00026
0.00021
0.00015
9e-05
3e-05
-3e-05
-0.0001
-0.00016
-0.00022
-0.00028
-0.00035
-0.00041
-0.00048
-0.00054
-0.0006
-0.00066
-0.00073
-0.00078
-0.00085
-0.0009
-0.00096
-0.00102
-0.00107
-0.00113
-0.00118
-0.00123
-0.00127
-0.00132
-0.00137
-0.0014
-0.00145
-0.00148
-0.00152
-0.00155
-0.00159
-0.00162
-0.00165
-0.00168
-0.00171
-0.00174
-0.00177
-0.00179
-0.00182
-0.00184
-0.00188
-0.0019
-0.00193
-0.00196
-0.002
-0.00202
-0.00206
-0.00209
-0.00213
-0.00217
-0.00221
-0.00225
-0.00229
-0.00234
-0.00238
-0.00243
-0.00248
-0.00252
-0.00257
-0.00262
-0.00267
-0.00272
-0.00278
-0.00282
-0.00287
-0.00292
-0.00297
-0.00301
-0.00306
-0.0031
-0.00314
-0.00317
-0.00321
-0.00324
-0.00328
-0.0033
-0.00333
-0.00335
-0.00338
-0.00339
-0.0034
-0.00341
-0.00342
-0.00343
-0.00343
-0.00343
-0.00343
-0.00342
-0.00341
-0.00339
-0.00338
-0.00336
-0.00334
-0.00331
-0.00329
-0.00325
-0.00322
-0.00318
-0.00314
-0.0031
-0.00305
-0.003
-0.00294
-0.00288
-0.00283
-0.00276
-0.0027
-0.00262
-0.00255
-0.00248
-0.0024
-0.00232
-0.00224
-0.00215
-0.00207
-0.00198
-0.00189
-0.00179
-0.0017
-0.0016
-0.00151
-0.00141
-0.00132
-0.00122
-0.00112
-0.00102
-0.00093
-0.00082
-0.00073
-0.00063
-0.00054
-0.00044
-0.00034
-0.00025
-0.00015
-5e-05
3e-05
0.00013
0.00022
0.00032
0.00041
0.00051
0.0006
0.00069
0.00078
0.00088
0.00097
0.00106
0.00115
0.00125
0.00134
0.00143
0.00151
0.00161
0.00169
0.00178
0.00187
0.00195
0.00203
0.00212
0.00219
0.00227
0.00235
0.00242
0.00249
0.00256
0.00263
0.0027
0.00275
0.00282
0.00287
0.00293
0.00298
0.00303
0.00308
0.00313
0.00318
0.00322
0.00326
0.0033
0.00334
0.00338
0.00341
0.00345
0.00348
0.00351
0.00354
0.00357
0.00359
0.00362
0.00364
0.00367
0.00368
0.0037
0.00371
0.00373
0.00374
0.00374
0.00375
0.00375
0.00374
0.00374
0.00372
0.00371
0.00369
0.00367
0.00364
0.00362
0.00358
0.00355
0.00351
0.00346
0.00342
0.00337
0.00332
0.00327
0.00321
0.00316
0.0031
0.00305
0.00298
0.00293
0.00286
0.00281
0.00275
0.00269
0.00263
0.00257
0.00252
0.00246
0.00241
0.00236
0.00231
0.00227
0.00222
0.00218
0.00213
0.00209
0.00205
0.00202
0.00198
0.00194
0.00191
0.00187
0.00184
0.00181
0.00178
0.00175
0.00171
0.00169
0.00166
0.00163
0.0016
0.00157
0.00154
0.00152
0.00149
0.00146
0.00144
0.00141
0.00139
0.00137
0.00134
0.00133
0.0013
0.00128
0.00126
0.00125
0.00123
0.00122
0.0012
0.00119
0.00118
0.00116
0.00115
0.00114
0.00113
0.00112
0.00111
0.00111
0.00109
0.00109
0.00108
0.00107
0.00106
0.00105
0.00104
0.00103
0.00102
0.001
0.00099
0.00098
0.00097
0.00096
0.00094
0.00093
0.00091
0.0009
0.00089
0.00088
0.00086
0.00085
0.00083
0.00083
0.00081
0.0008
0.00079
0.00078
0.00077
0.00077
0.00076
0.00076
0.00075
0.00074
0.00074
0.00074
0.00073
0.00073
0.00073
0.00073
0.00072
0.00072
0.00071
0.00071
0.00071
0.0007
0.0007
0.00069
0.00068
0.00068
0.00067
0.00067
0.00065
0.00065
0.00063
0.00063
0.00061
0.0006
0.00059
0.00058
0.00057
0.00056
0.00055
0.00055
0.00054
0.00053
0.00053
0.00053
0.00052
0.00053
0.00053
0.00054
0.00054
0.00055
0.00056
0.00058
0.0006
0.00062
0.00065
0.00067
0.0007
0.00073
0.00076
0.0008
0.00084
0.00088
0.00091
0.00096
0.001
0.00105
0.00109
0.00113
0.00118
0.00123
0.00127
0.00131
0.00135
0.0014
0.00143
0.00147
0.0015
0.00153
0.00156
0.00159
0.00161
0.00163
0.00164
0.00166
0.00167
0.00168
0.00168
0.00169
0.00169
0.00169
0.00168
0.00168
0.00167
0.00167
0.00166
0.00166
0.00164
0.00164
0.00163
0.00162
0.00161
0.00161
0.00161
0.00161
0.0016
0.00161
0.00161
0.00161
0.00162
0.00163
0.00163
0.00165
0.00166
0.00167
0.00169
0.0017
0.00172
0.00174
0.00175
0.00177
0.00179
0.00181
0.00182
0.00184
0.00185
0.00187
0.00188
0.00189
0.0019
0.00191
0.00191
0.00192
0.00192
0.00193
0.00193
0.00193
0.00193
0.00193
0.00192
0.00192
0.00191
0.00191
0.0019
0.0019
0.0019
0.00189
0.00188
0.00188
0.00187
0.00187
0.00187
0.00187
0.00186
0.00186
0.00186
0.00186
0.00186
0.00186
0.00186
0.00187
0.00187
0.00188
0.00188
0.00189
0.0019
0.00191
0.00192
0.00193
0.00194
0.00196
0.00197
0.00198
0.00199
0.00201
0.00202
0.00204
0.00205
0.00206
0.00208
0.00209
0.0021
0.00212
0.00213
0.00214
0.00214
0.00215
0.00215
0.00216
0.00215
0.00215
0.00215
0.00215
0.00213
0.00212
0.00211
0.00209
0.00207
0.00205
0.00203
0.00201
0.00198
0.00196
0.00193
0.0019
0.00187
0.00184
0.0018
0.00178
0.00175
0.00172
0.00168
0.00165
0.00163
0.0016
0.00157
0.00155
0.00152
0.00149
0.00147
0.00145
0.00142
0.0014
0.00137
0.00135
0.00132
0.0013
0.00127
0.00124
0.00121
0.00118
0.00115
0.00112
0.00108
0.00105
0.00101
0.00097
0.00093
0.00089
0.00084
0.0008
0.00075
0.0007
0.00066
0.00061
0.00056
0.00052
0.00047
0.00043
0.00038
0.00034
0.0003
0.00026
0.00022
0.00019
0.00015
0.00013
0.0001
7e-05
5e-05
3e-05
1e-05
-0.0
-1e-05
-2e-05
-4e-05
-4e-05
-5e-05
-5e-05
-6e-05
-7e-05
-8e-05
-8e-05
-8e-05
-9e-05
-0.0001
-0.00011
-0.00011
-0.00012
-0.00013
-0.00014
-0.00016
-0.00017
-0.00018
-0.00019
-0.00021
-0.00022
-0.00023
-0.00024
-0.00026
-0.00027
-0.00028
-0.00028
-0.00029
-0.00029
-0.00029
-0.00029
-0.00029
-0.00028
-0.00027
-0.00026
-0.00025
-0.00023
-0.00021
-0.00018
-0.00015
-0.00013
-0.0001
-6e-05
-2e-05
1e-05
5e-05
0.0001
0.00013
0.00018
0.00022
0.00027
0.00031
0.00035
0.00039
0.00044
0.00048
0.00052
0.00056
0.00059
0.00063
0.00067
0.0007
0.00073
0.00075
0.00078
0.00081
0.00084
0.00085
0.00088
0.00089
0.00091
0.00093
0.00094
0.00096
0.00097
0.00098
0.00099
0.001
0.00102
0.00102
0.00104
0.00104
0.00106
0.00106
0.00107
0.00108
0.00109
0.0011
0.00111
0.00112
0.00112
0.00113
0.00114
0.00115
0.00116
0.00116
0.00117
0.00118
0.00119
0.00119
0.0012
0.00119
0.0012
0.0012
0.0012
0.0012
0.0012
0.0012
0.0012
0.0012
0.0012
0.00119
0.00119
0.00118
0.00118
0.00117
0.00116
0.00115
0.00114
0.00113
0.00111
0.0011
0.00108
0.00107
0.00105
0.00103
0.00101
0.00098
0.00096
0.00094
0.00091
0.00088
0.00085
0.00081
0.00078
0.00074
0.00071
0.00067
0.00062
0.00058
0.00054
0.00049
0.00045
0.0004
0.00035
0.0003
0.00026
0.00021
0.00016
0.00011
7e-05
2e-05
-2e-05
-7e-05
-0.00011
-0.00015
-0.00018
-0.00022
-0.00024
-0.00028
-0.0003
-0.00032
-0.00034
-0.00036
-0.00037
-0.00038
-0.00038
-0.00038
-0.00038
-0.00037
-0.00037
-0.00036
-0.00034
-0.00032
-0.0003
-0.00029
-0.00026
-0.00024
-0.00021
-0.00019
-0.00016
-0.00013
-0.0001
-7e-05
-5e-05
-2e-05
0.0
3e-05
6e-05
8e-05
0.00011
0.00012
0.00014
0.00015
0.00017
0.00018
0.00019
0.00019
0.0002
0.0002
0.0002
0.0002
0.0002
0.00019
0.00018
0.00018
0.00017
0.00015
0.00014
0.00013
0.00012
0.0001
9e-05
7e-05
7e-05
5e-05
4e-05
3e-05
1e-05
1e-05
-0.0
-1e-05
-1e-05
-2e-05
-2e-05
-3e-05
-3e-05
-3e-05
-3e-05
-3e-05
-3e-05
-3e-05
-3e-05
-3e-05
-3e-05
-3e-05
-3e-05
-3e-05
-3e-05
-4e-05
-3e-05
-4e-05
-4e-05
-5e-05
-5e-05
-6e-05
-6e-05
-7e-05
-7e-05
-8e-05
-9e-05
-9e-05
-0.0001
-0.0001
-0.0001
-0.00011
-0.00011
-0.00012
-0.00012
-0.00012
-0.00012
-0.00013
-0.00012
-0.00012
-0.00012
-0.00012
-0.00012
-0.00012
-0.00011
-0.00011
-0.0001
-0.00011
-0.0001
-0.0001
-9e-05
-0.0001
-9e-05
-9e-05
-9e-05
-9e-05
-8e-05
-8e-05
-8e-05
-7e-05
-7e-05
-6e-05
-5e-05
-4e-05
-3e-05
-1e-05
1e-05
2e-05
5e-05
7e-05
0.0001
0.00013
0.00017
0.0002
0.00024
0.00029
0.00034
0.00039
0.00045
0.0005
0.00056
0.00062
0.00069
0.00075
0.00083
0.00089
0.00097
0.00104
0.00111
0.00119
0.00126
0.00134
0.00141
0.00149
0.00156
0.00163
0.00171
0.00178
0.00185
0.00192
0.00199
0.00206
0.00213
0.00219
0.00226
0.00232
0.00238
0.00244
0.0025
0.00255
0.00261
0.00265
0.00271
0.00275
0.0028
0.00284
0.00288
0.00291
0.00295
0.00298
0.003
0.00302
0.00304
0.00305
0.00306
0.00307
0.00307
0.00306
0.00305
0.00303
0.00302
0.00299
0.00296
0.00292
0.00288
0.00283
0.00278
0.00272
0.00266
0.00259
0.00252
0.00245
0.00237
0.00228
0.00219
0.0021
0.002
0.0019
0.0018
0.00169
0.00159
0.00148
0.00136
0.00124
0.00113
0.00101
0.00089
0.00077
0.00065
0.00052
0.0004
0.00027
0.00015
2e-05
-0.0001
-0.00023
-0.00035
-0.00047
-0.0006
-0.00072
-0.00084
-0.00096
-0.00108
-0.0012
-0.00131
-0.00143
-0.00153
-0.00164
-0.00175
-0.00185
-0.00195
-0.00205
-0.00214
-0.00223
-0.00232
-0.00241
-0.00248
-0.00256
-0.00263
-0.00269
-0.00275
-0.00281
-0.00286
-0.00291
-0.00294
-0.00298
-0.003
-0.00303
-0.00303
-0.00304
-0.00304
-0.00304
-0.00303
-0.00301
-0.00297
-0.00294
-0.00289
-0.00285
-0.00279
-0.00273
-0.00265
-0.00258
-0.00249
-0.0024
-0.0023
-0.0022
-0.00209
-0.00197
-0.00185
-0.00173
-0.00159
-0.00146
-0.00132
-0.00118
-0.00103
-0.00088
-0.00072
-0.00057
-0.00041
-0.00025
-8e-05
8e-05
0.00025
0.00041
0.00058
0.00074
0.00091
0.00108
0.00125
0.00142
0.00159
0.00175
0.00193
0.00209
0.00226
0.00242
0.00259
0.00274
0.0029
0.00306
0.00321
0.00337
0.00352
0.00366
0.00381
0.00394
0.00408
0.00421
0.00434
0.00446
0.00458
0.00469
0.0048
0.0049
0.00499
0.00508
0.00516
0.00523
0.0053
0.00536
0.00542
0.00546
0.0055
0.00554
0.00557
0.00558
0.00559
0.0056
0.0056
0.00559
0.00558
0.00555
0.00553
0.0055
0.00546
0.00542
0.00537
0.00531
0.00526
0.0052
0.00513
0.00506
0.00499
0.00491
0.00484
0.00475
0.00467
0.00458
0.00449
0.0044
0.00431
0.00422
0.00413
0.00403
0.00393
0.00383
0.00374
0.00364
0.00355
0.00345
0.00336
0.00326
0.00316
0.00307
0.00297
0.00288
0.00279
0.0027
0.00262
0.00252
0.00244
0.00235
0.00227
