4.52339213234222E+02

0.0004
0.00047
0.00055
0.00062
0.00071
0.00078
0.00086
0.00093
0.00101
0.00109
0.00116
0.00123
0.00131
0.00138
0.00145
0.00152
0.00159
0.00165
0.00171
0.00177
0.00183
0.00188
0.00193
0.00197
0.00201
0.00205
0.00208
0.00211
0.00214
0.00216
0.00218
0.00219
0.0022
0.0022
0.00221
0.0022
0.0022
0.00219
0.00219
0.00217
0.00216
0.00215
0.00213
0.00211
0.00209
0.00207
0.00205
0.00203
0.00201
0.00198
0.00197
0.00194
0.00192
0.00189
0.00187
0.00184
0.00182
0.00179
0.00177
0.00174
0.00171
0.00167
0.00165
0.00161
0.00158
0.00153
0.00149
0.00145
0.00141
0.00136
0.00131
0.00125
0.00119
0.00114
0.00108
0.00102
0.00095
0.00088
0.00082
0.00074
0.00067
0.00059
0.00052
0.00044
0.00037
0.00028
0.0002
0.00012
4e-05
-4e-05
-0.00012
-0.0002
-0.00028
-0.00037
-0.00045
-0.00053
-0.0006
-0.00069
-0.00076
-0.00085
-0.00092
-0.001
-0.00107
-0.00115
-0.00122
-0.00129
-0.00136
-0.00142
-0.00148
-0.00155
-0.00161
-0.00167
-0.00172
-0.00177
-0.00181
-0.00186
-0.0019
-0.00193
-0.00197
-0.002
-0.00202
-0.00204
-0.00205
-0.00206
-0.00206
-0.00207
-0.00206
-0.00205
-0.00204
-0.00202
-0.002
-0.00198
-0.00194
-0.00191
-0.00187
-0.00183
-0.00179
-0.00174
-0.00169
-0.00164
-0.00158
-0.00153
-0.00147
-0.00142
-0.00135
-0.00129
-0.00123
-0.00117
-0.00111
-0.00105
-0.00098
-0.00093
-0.00087
-0.00081
-0.00074
-0.00069
-0.00063
-0.00058
-0.00052
-0.00047
-0.00041
-0.00037
-0.00032
-0.00028
-0.00023
-0.00019
-0.00015
-0.00011
-8e-05
-4e-05
-1e-05
2e-05
6e-05
8e-05
0.00011
0.00013
0.00016
0.00017
0.0002
0.00021
0.00024
0.00025
0.00027
0.00029
0.0003
0.00032
0.00034
0.00035
0.00037
0.00038
0.0004
0.00042
0.00043
0.00045
0.00047
0.00048
0.0005
0.00051
0.00053
0.00055
0.00056
0.00058
0.00059
0.00061
0.00063
0.00064
0.00066
0.00067
0.00069
0.00069
0.00071
0.00072
0.00073
0.00074
0.00075
0.00076
0.00077
0.00078
0.00078
0.00079
0.0008
0.0008
0.00081
0.00082
0.00082
0.00083
0.00083
0.00083
0.00084
0.00084
0.00085
0.00085
0.00085
0.00085
0.00085
0.00084
0.00084
0.00083
0.00082
0.00081
0.0008
0.00078
0.00077
0.00074
0.00072
0.00069
0.00065
0.00061
0.00057
0.00052
0.00048
0.00042
0.00036
0.00029
0.00023
0.00015
8e-05
-1e-05
-9e-05
-0.00019
-0.00028
-0.00038
-0.00048
-0.00059
-0.00069
-0.0008
-0.00091
-0.00102
-0.00113
-0.00125
-0.00137
-0.00148
-0.00159
-0.00171
-0.00182
-0.00194
-0.00204
-0.00215
-0.00225
-0.00236
-0.00246
-0.00255
-0.00264
-0.00273
-0.00281
-0.0029
-0.00297
-0.00305
-0.00312
-0.00319
-0.00325
-0.00332
-0.00337
-0.00342
-0.00347
-0.00352
-0.00357
-0.00361
-0.00364
-0.00368
-0.00371
-0.00375
-0.00377
-0.0038
-0.00382
-0.00384
-0.00386
-0.00388
-0.00389
-0.0039
-0.00391
-0.00392
-0.00392
-0.00392
-0.00392
-0.00391
-0.0039
-0.00389
-0.00388
-0.00386
-0.00384
-0.00382
-0.00379
-0.00376
-0.00373
-0.0037
-0.00366
-0.00362
-0.00359
-0.00354
-0.0035
-0.00345
-0.00341
-0.00337
-0.00332
-0.00327
-0.00322
-0.00318
-0.00314
-0.0031
-0.00305
-0.00301
-0.00297
-0.00294
-0.0029
-0.00287
-0.00283
-0.0028
-0.00277
-0.00275
-0.00272
-0.0027
-0.00268
-0.00266
-0.00264
-0.00263
-0.0026
-0.00259
-0.00258
-0.00256
-0.00255
-0.00254
-0.00252
-0.00251
-0.0025
-0.00249
-0.00248
-0.00248
-0.00246
-0.00246
-0.00245
-0.00245
-0.00245
-0.00245
-0.00245
-0.00246
-0.00247
-0.00248
-0.00249
-0.00251
-0.00252
-0.00255
-0.00257
-0.00261
-0.00264
-0.00268
-0.00272
-0.00276
-0.0028
-0.00285
-0.00291
-0.00296
-0.00301
-0.00307
-0.00313
-0.00318
-0.00324
-0.0033
-0.00335
-0.00341
-0.00346
-0.00352
-0.00357
-0.00362
-0.00366
-0.00371
-0.00375
-0.00379
-0.00383
-0.00386
-0.00389
-0.00392
-0.00394
-0.00397
-0.00398
-0.004
-0.00401
-0.00403
-0.00404
-0.00405
-0.00405
-0.00406
-0.00406
-0.00407
-0.00407
-0.00406
-0.00406
-0.00405
-0.00404
-0.00403
-0.00402
-0.00401
-0.00398
-0.00397
-0.00394
-0.00392
-0.00389
-0.00386
-0.00382
-0.00379
-0.00374
-0.0037
-0.00364
-0.00359
-0.00353
-0.00347
-0.0034
-0.00334
-0.00326
-0.00319
-0.0031
-0.00302
-0.00293
-0.00285
-0.00275
-0.00266
-0.00257
-0.00247
-0.00237
-0.00227
-0.00217
-0.00207
-0.00196
-0.00186
-0.00176
-0.00166
-0.00155
-0.00146
-0.00135
-0.00125
-0.00115
-0.00105
-0.00095
-0.00085
-0.00076
-0.00066
-0.00056
-0.00047
-0.00037
-0.00028
-0.00019
-0.0001
-1e-05
8e-05
0.00017
0.00026
0.00035
0.00043
0.00052
0.0006
0.00069
0.00077
0.00086
0.00094
0.00102
0.0011
0.00118
0.00125
0.00133
0.0014
0.00148
0.00155
0.00162
0.00169
0.00176
0.00183
0.0019
0.00196
0.00203
0.00209
0.00215
0.00221
0.00228
0.00233
0.00239
0.00244
0.0025
0.00255
0.00261
0.00266
0.00271
0.00276
0.00281
0.00286
0.0029
0.00294
0.00299
0.00303
0.00307
0.00311
0.00314
0.00317
0.00321
0.00324
0.00327
0.00329
0.00331
0.00334
0.00336
0.00338
0.00339
0.0034
0.00342
0.00343
0.00344
0.00344
0.00345
0.00345
0.00346
0.00346
0.00346
0.00346
0.00346
0.00345
0.00345
0.00345
0.00345
0.00344
0.00344
0.00343
0.00343
0.00342
0.00342
0.00341
0.00341
0.00341
0.0034
0.0034
0.00339
0.00339
0.00338
0.00338
0.00338
0.00337
0.00337
0.00336
0.00335
0.00334
0.00334
0.00333
0.00332
0.00331
0.0033
0.00328
0.00327
0.00326
0.00324
0.00323
0.00321
0.00319
0.00317
0.00315
0.00313
0.0031
0.00308
0.00305
0.00302
0.00299
0.00296
0.00293
0.00289
0.00286
0.00282
0.00279
0.00275
0.0027
0.00267
0.00262
0.00258
0.00253
0.00248
0.00243
0.00239
0.00233
0.00228
0.00222
0.00216
0.0021
0.00204
0.00198
0.00192
0.00184
0.00178
0.00171
0.00164
0.00156
0.00148
0.0014
0.00132
0.00123
0.00115
0.00106
0.00096
0.00087
0.00078
0.00068
0.00058
0.00047
0.00038
0.00027
0.00016
5e-05
-6e-05
-0.00017
-0.00028
-0.0004
-0.00051
-0.00063
-0.00075
-0.00086
-0.00098
-0.00109
-0.0012
-0.00133
-0.00144
-0.00156
-0.00166
-0.00178
-0.00189
-0.002
-0.0021
-0.00221
-0.00231
-0.00241
-0.0025
-0.0026
-0.00268
-0.00277
-0.00285
-0.00293
-0.003
-0.00308
-0.00314
-0.00321
-0.00326
-0.00332
-0.00337
-0.00341
-0.00346
-0.0035
-0.00353
-0.00356
-0.00358
-0.0036
-0.00361
-0.00363
-0.00364
-0.00364
-0.00364
-0.00364
-0.00363
-0.00363
-0.00361
-0.0036
-0.00358
-0.00356
-0.00354
-0.00351
-0.00348
-0.00345
-0.00341
-0.00338
-0.00334
-0.0033
-0.00325
-0.00321
-0.00316
-0.00311
-0.00306
-0.00301
-0.00295
-0.0029
-0.00284
-0.00278
-0.00272
-0.00266
-0.00259
-0.00253
-0.00247
-0.0024
-0.00234
-0.00227
-0.00221
-0.00215
-0.00208
-0.00202
-0.00196
-0.0019
-0.00184
-0.00178
-0.00172
-0.00167
-0.00161
-0.00156
-0.00151
-0.00147
-0.00142
-0.00138
-0.00134
-0.00131
-0.00127
-0.00124
-0.00122
-0.00119
-0.00117
-0.00115
-0.00113
-0.00112
-0.0011
-0.00109
-0.00108
-0.00107
-0.00107
-0.00107
-0.00106
-0.00107
-0.00106
-0.00106
-0.00107
-0.00107
-0.00107
-0.00107
-0.00107
-0.00108
-0.00108
-0.00108
-0.00108
-0.00109
-0.00108
-0.00108
-0.00108
-0.00108
-0.00107
-0.00106
-0.00106
-0.00104
-0.00103
-0.00102
-0.001
-0.00098
-0.00095
-0.00093
-0.0009
-0.00087
-0.00083
-0.00079
-0.00075
-0.0007
-0.00065
-0.0006
-0.00054
-0.00048
-0.00041
-0.00033
-0.00026
-0.00018
-9e-05
0.0
0.0001
0.0002
0.00031
0.00042
0.00054
0.00065
0.00079
0.00092
0.00105
0.00119
0.00134
0.00149
0.00165
0.00182
0.00199
0.00216
0.00234
0.00252
0.00271
0.0029
0.0031
0.0033
0.00352
0.00373
0.00395
0.00417
0.0044
0.00463
0.00487
0.00511
0.00536
0.0056
0.00586
0.00611
0.00638
0.00664
0.00691
0.00718
0.00746
0.00773
0.00801
0.00829
0.00857
0.00886
0.00915
0.00943
0.00972
0.01001
0.0103
0.01058
0.01088
0.01116
0.01145
0.01173
0.01202
0.01231
0.01259
0.01287
0.01315
0.01343
0.0137
0.01398
0.01425
0.01452
0.01479
0.01505
0.01532
0.01558
0.01584
0.01609
0.01635
0.01661
0.01686
0.01711
0.01736
0.0176
0.01785
0.0181
0.01834
0.01858
0.01883
0.01906
0.01931
0.01955
0.01979
0.02003
0.02027
0.02051
0.02075
0.02099
0.02124
0.02148
0.02173
0.02197
0.02222
0.02247
0.02272
0.02297
0.02322
0.02347
0.02373
0.02398
0.02424
0.0245
0.02475
0.02501
0.02527
0.02553
0.02579
0.02605
0.02631
0.02657
0.02683
0.02708
0.02734
0.0276
0.02785
0.0281
0.02835
0.02859
0.02884
0.02908
0.02931
0.02955
0.02978
0.03001
0.03024
0.03046
0.03068
0.03089
0.03111
0.03131
0.03152
0.03172
0.03193
0.03212
0.03232
0.0325
0.03269
0.03288
0.03306
0.03324
0.03342
0.03358
0.03376
0.03392
0.03409
0.03425
0.0344
0.03456
0.03471
0.03486
0.035
0.03514
0.03528
0.03541
0.03554
0.03567
0.03579
0.03591
0.03602
0.03613
0.03624
0.03634
0.03643
0.03653
0.03662
0.0367
0.03678
0.03685
0.03692
0.03699
0.03705
0.03711
0.03717
0.03721
0.03726
0.0373
0.03734
0.03737
0.0374
0.03742
0.03744
0.03745
0.03747
0.03747
0.03748
0.03748
0.03748
0.03747
0.03746
0.03744
0.03742
0.0374
0.03738
0.03735
0.03732
0.03729
0.03725
0.03721
0.03717
0.03713
0.03708
0.03703
0.03697
0.03692
0.03686
0.03679
0.03673
0.03666
0.03659
0.03651
0.03643
0.03635
0.03626
0.03617
0.03607
0.03597
0.03587
0.03576
0.03564
0.03552
0.0354
0.03527
0.03513
0.03499
0.03485
0.03469
0.03454
0.03438
0.03421
0.03404
0.03387
0.03369
0.0335
0.03331
0.03312
0.03293
0.03273
0.03252
0.03232
0.03212
0.03191
0.0317
0.03149
0.03127
0.03106
0.03084
0.03063
0.03041
0.03019
0.02998
0.02976
0.02954
0.02932
0.0291
0.02888
0.02865
0.02843
0.02821
0.02799
0.02776
0.02754
0.02731
0.02708
0.02685
0.02662
0.02639
0.02616
0.02593
0.02569
0.02545
0.02522
0.02498
0.02475
0.02451
0.02427
0.02403
0.02379
0.02355
0.02332
0.02308
0.02284
0.0226
0.02237
0.02213
0.0219
0.02166
0.02143
0.0212
0.02097
0.02074
0.02051
0.02028
0.02006
0.01983
0.01961
0.01938
0.01916
0.01894
0.01872
0.0185
0.01829
0.01807
0.01786
0.01764
0.01743
0.01722
0.01701
0.0168
0.0166
0.0164
0.01619
0.01599
0.01579
0.0156
0.01541
0.01522
0.01503
0.01484
0.01466
0.01448
0.01431
0.01413
0.01396
0.01379
0.01363
0.01347
0.01331
0.01316
0.013
0.01285
0.01271
0.01257
0.01243
0.01229
0.01216
0.01203
0.01191
0.01178
0.01167
0.01155
0.01144
0.01133
0.01123
0.01113
0.01103
0.01094
0.01085
0.01077
0.0107
0.01062
0.01056
0.01049
0.01044
0.01038
0.01033
0.01028
0.01025
0.01021
0.01018
0.01015
0.01013
0.01011
0.01009
0.01008
0.01007
0.01005
0.01005
0.01005
0.01005
0.01004
0.01004
0.01004
0.01005
0.01005
0.01005
0.01005
0.01006
0.01006
0.01007
0.01007
0.01008
0.01008
0.01009
0.01009
0.0101
0.0101
0.01011
0.01012
0.01013
0.01014
0.01015
0.01016
0.01017
0.01019
0.01021
0.01023
0.01025
0.01027
0.0103
0.01033
0.01036
0.01039
0.01042
0.01045
0.01049
0.01053
0.01057
0.0106
0.01064
0.01068
0.01072
0.01076
0.01081
0.01084
0.01089
0.01093
0.01097
0.01101
0.01105
0.01109
0.01113
0.01116
0.0112
0.01123
0.01127
0.0113
0.01133
0.01137
0.0114
0.01142
0.01145
0.01147
0.0115
0.01151
0.01154
0.01155
0.01157
0.01158
0.01159
0.01159
0.01159
0.01159
0.01159
0.01159
0.01158
0.01157
0.01156
0.01154
0.01152
0.0115
0.01147
0.01144
0.01141
0.01137
0.01134
0.0113
0.01125
0.01121
0.01116
0.01111
0.01106
0.01101
0.01095
0.01089
0.01084
0.01077
0.01071
0.01063
0.01057
0.01049
0.01041
0.01033
0.01025
0.01016
0.01007
0.00998
0.00988
0.00978
0.00968
0.00957
0.00946
0.00934
0.00922
0.00909
0.00896
0.00883
0.00869
0.00855
0.00841
0.00827
0.00812
0.00798
0.00783
0.00768
0.00753
0.00738
0.00723
0.00707
0.00692
0.00677
0.00663
0.00648
0.00634
0.00619
0.00605
0.00591
0.00578
0.00564
0.00551
0.00538
0.00525
0.00512
0.005
0.00487
0.00475
0.00463
0.00451
0.00439
0.00427
0.00415
0.00403
0.00391
0.0038
0.00368
0.00357
0.00345
0.00334
0.00322
0.00312
0.003
0.0029
0.00279
0.0027
0.0026
0.0025
0.00241
0.00233
0.00225
0.00218
0.00212
0.00206
0.002
0.00196
0.00192
0.00189
0.00186
0.00184
0.00183
0.00183
0.00183
0.00184
0.00185
0.00187
0.0019
0.00193
0.00197
0.00201
0.00205
0.0021
0.00215
0.0022
0.00225
0.00231
0.00237
0.00243
0.00248
0.00254
0.00259
0.00265
0.0027
0.00276
0.00281
0.00286
0.0029
0.00295
0.003
0.00304
0.00308
0.00312
0.00316
0.0032
0.00323
0.00326
0.00329
0.00332
0.00335
0.00338
0.00341
0.00343
0.00346
0.00348
0.0035
0.00353
0.00355
0.00357
0.00359
0.00362
0.00364
0.00366
0.00368
0.0037
0.00373
0.00375
0.00378
0.00381
0.00383
0.00387
0.0039
0.00393
0.00397
0.00401
0.00405
0.00409
0.00414
0.00419
0.00425
0.00431
0.00437
0.00444
0.00452
0.0046
0.00468
0.00477
0.00486
0.00497
0.00507
0.00518
0.0053
0.00542
0.00555
0.00568
0.00582
0.00596
0.00611
0.00627
0.00643
0.00659
0.00676
0.00693
0.00711
0.0073
0.00748
0.00767
0.00786
0.00807
0.00827
0.00847
0.00868
0.00889
0.00911
0.00933
0.00955
0.00978
0.01
0.01023
0.01046
0.0107
0.01093
0.01117
0.0114
0.01165
0.01189
0.01213
0.01237
0.01262
0.01287
0.01311
0.01336
0.01361
0.01385
0.0141
0.01434
0.01459
0.01484
0.01508
0.01532
0.01557
0.01581
0.01605
0.0163
0.01653
0.01677
0.01701
0.01725
0.01749
0.01772
0.01795
0.01818
0.01841
0.01863
0.01886
0.01908
0.0193
0.01952
0.01973
0.01994
0.02015
0.02035
0.02055
0.02075
0.02094
0.02113
0.02132
0.02149
0.02167
0.02184
0.022
0.02216
0.02231
0.02246
0.0226
0.02273
0.02285
0.02297
0.02309
0.02319
0.02329
0.02338
0.02346
0.02354
0.02361
0.02368
0.02373
0.02378
0.02383
0.02386
0.0239
0.02392
0.02394
0.02396
0.02397
0.02397
0.02397
0.02396
0.02396
0.02394
0.02392
0.0239
0.02388
0.02385
0.02382
0.02378
0.02374
0.0237
0.02366
0.02361
0.02356
0.02351
0.02346
0.0234
0.02335
0.02328
0.02323
0.02316
0.0231
0.02303
0.02296
0.02289
0.02282
0.02274
0.02266
0.02258
0.0225
0.02242
0.02234
0.02225
0.02216
0.02207
0.02198
0.02188
0.02179
0.02169
0.0216
0.02149
0.02139
0.02129
0.02119
0.02108
0.02098
0.02087
0.02076
0.02065
0.02054
0.02043
0.02032
0.02021
0.0201
0.01999
0.01988
0.01977
0.01966
0.01956
0.01945
0.01934
0.01924
0.01913
0.01903
0.01893
0.01883
0.01873
0.01863
0.01853
0.01843
0.01834
0.01825
0.01815
0.01806
0.01797
0.01788
0.01779
0.0177
0.01761
0.01752
0.01743
0.01735
0.01726
0.01717
0.01708
0.01699
0.0169
0.01681
0.01671
0.01662
0.01653
0.01643
0.01633
0.01623
0.01613
0.01603
0.01592
0.01581
0.0157
0.01559
0.01547
0.01536
0.01524
0.01512
0.015
0.01488
0.01475
0.01462
0.0145
0.01437
0.01424
0.01411
0.01397
0.01385
0.01372
0.01359
0.01346
0.01333
0.0132
0.01308
0.01296
0.01283
0.01271
0.01259
0.01248
0.01237
0.01226
0.01215
0.01204
0.01195
0.01185
0.01176
0.01166
0.01157
0.01149
0.01141
0.01133
0.01125
0.01118
0.01111
0.01104
0.01098
0.01092
0.01087
0.01081
0.01076
0.01071
0.01067
0.01063
0.01059
0.01056
0.01053
0.0105
0.01048
0.01045
0.01044
0.01042
0.01041
0.0104
0.0104
0.01039
0.01039
0.01039
0.0104
0.0104
0.01041
0.01041
0.01043
0.01043
0.01044
0.01046
0.01047
0.01048
0.01049
0.0105
0.01051
0.01052
0.01052
0.01053
0.01053
0.01053
0.01052
0.01051
0.01051
0.01049
0.01048
0.01045
0.01043
0.0104
0.01037
0.01034
0.0103
0.01025
0.01021
0.01016
0.01011
0.01004
0.00998
0.00991
0.00985
0.00977
0.00969
0.00961
0.00952
0.00943
0.00933
0.00923
0.00913
0.00902
0.00891
0.0088
0.00868
0.00855
0.00843
0.00829
0.00817
0.00803
0.00789
0.00774
0.0076
0.00745
0.00731
0.00715
0.007
0.00685
0.0067
0.00654
0.00639
0.00624
0.00609
0.00594
0.00579
0.00564
0.0055
0.00535
0.00521
0.00508
0.00494
0.00481
0.00468
0.00455
0.00443
0.00431
0.0042
0.00408
0.00397
0.00386
0.00376
0.00366
0.00356
0.00346
0.00337
0.00328
0.00319
0.00311
0.00303
0.00294
0.00287
0.00279
0.00272
0.00265
0.00259
0.00252
0.00247
0.00241
0.00236
0.00231
0.00227
0.00224
0.0022
0.00218
0.00215
0.00213
0.00212
0.00211
0.00212
0.00211
0.00213
0.00214
0.00216
0.00218
0.0022
0.00223
0.00226
0.0023
0.00234
0.00238
0.00243
0.00247
0.00252
0.00256
0.00261
0.00265
0.00269
0.00272
0.00277
0.0028
0.00282
0.00285
0.00286
0.00288
0.00289
0.0029
0.0029
0.00289
0.00288
0.00285
0.00283
0.0028
0.00277
0.00272
0.00268
0.00263
0.00257
0.00251
0.00245
0.00238
0.00231
0.00224
0.00217
0.00209
0.00201
0.00193
0.00185
0.00176
0.00169
0.0016
0.00152
0.00143
0.00135
0.00127
0.00118
0.0011
0.00101
0.00093
0.00085
0.00076
0.00068
0.00059
0.0005
0.00041
0.00033
0.00023
0.00015
5e-05
-4e-05
-0.00013
-0.00023
-0.00032
-0.00041
-0.0005
-0.0006
-0.00069
-0.00078
-0.00088
-0.00096
-0.00106
-0.00114
-0.00123
-0.0013
-0.00139
-0.00146
-0.00153
-0.0016
-0.00167
-0.00173
-0.00178
-0.00183
-0.00189
-0.00193
-0.00197
-0.002
-0.00204
-0.00206
-0.00209
-0.00211
-0.00213
-0.00215
-0.00217
-0.00218
-0.00219
-0.0022
-0.00221
-0.00222
-0.00223
-0.00224
-0.00225
-0.00225
-0.00226
-0.00226
-0.00227
-0.00227
-0.00228
-0.00229
-0.00229
-0.0023
-0.0023
-0.0023
-0.0023
-0.00229
-0.00229
-0.00228
-0.00227
-0.00225
-0.00223
-0.00221
-0.00219
-0.00215
-0.00212
-0.00209
-0.00204
-0.002
-0.00195
-0.00189
-0.00183
-0.00177
-0.00171
-0.00163
-0.00156
-0.00148
-0.00141
-0.00132
-0.00124
-0.00114
-0.00106
-0.00096
-0.00087
-0.00077
-0.00067
-0.00057
-0.00046
-0.00035
-0.00025
-0.00014
-3e-05
9e-05
0.0002
0.00032
0.00043
0.00056
0.00068
0.0008
0.00093
0.00105
0.00118
0.00131
0.00145
0.00158
0.00171
0.00185
0.00198
0.00212
0.00225
0.00239
0.00252
0.00267
0.0028
0.00293
0.00306
0.0032
0.00333
0.00346
0.00358
0.00371
0.00383
0.00395
0.00407
0.00419
0.00429
0.0044
0.00451
0.00461
0.00471
0.0048
0.00489
0.00498
0.00506
0.00514
0.00522
0.00529
0.00535
0.00541
0.00547
0.00553
0.00557
0.00561
0.00564
0.00568
0.0057
0.00572
0.00574
0.00575
0.00575
0.00575
0.00575
0.00573
0.00571
0.00569
0.00566
0.00563
0.00559
0.00555
0.00549
0.00545
0.00539
0.00532
0.00526
0.00519
0.00512
0.00504
0.00497
0.00489
0.0048
0.00472
0.00463
0.00454
0.00444
0.00435
0.00426
0.00417
0.00407
0.00397
0.00387
0.00377
0.00368
0.00358
0.00348
0.00338
0.00327
0.00317
0.00307
0.00297
0.00286
0.00276
0.00265
0.00255
0.00245
0.00234
0.00224
0.00214
0.00203
0.00193
0.00183
0.00174
0.00163
0.00154
0.00144
0.00135
0.00125
0.00116
0.00107
0.00099
0.0009
0.00082
0.00074
0.00066
0.00059
0.00052
0.00045
0.00039
0.00032
0.00027
0.00021
0.00016
0.0001
6e-05
1e-05
-3e-05
-7e-05
-0.0001
-0.00014
-0.00017
-0.0002
-0.00022
-0.00024
-0.00026
-0.00028
-0.00029
-0.0003
-0.0003
-0.00031
-0.00031
-0.00031
-0.0003
-0.0003
-0.00029
-0.00028
-0.00027
-0.00025
-0.00023
-0.0002
-0.00018
-0.00016
-0.00012
-0.0001
-6e-05
-3e-05
1e-05
4e-05
9e-05
0.00012
0.00017
0.00021
0.00025
0.0003
0.00034
0.00039
0.00044
0.00048
0.00053
0.00058
0.00063
0.00068
0.00074
0.00079
0.00085
0.0009
0.00096
0.00101
0.00107
0.00113
0.00119
0.00126
0.00133
0.00139
0.00146
0.00153
0.0016
0.00167
0.00174
0.00181
0.00189
0.00197
0.00204
0.00212
0.00219
0.00227
0.00234
0.00242
0.00249
0.00256
0.00263
0.00269
0.00276
0.00282
0.00288
0.00293
0.00299
0.00303
0.00308
0.00311
0.00315
0.00318
0.00321
0.00323
0.00325
0.00325
0.00326
0.00326
0.00327
0.00326
0.00325
0.00323
0.00322
0.0032
0.00317
0.00315
0.00312
0.00309
0.00305
0.00302
0.00298
0.00294
0.0029
0.00285
0.00281
0.00277
0.00272
0.00267
0.00263
0.00257
0.00252
0.00247
0.00242
0.00237
0.00231
0.00226
0.0022
0.00214
0.00208
0.00202
0.00197
0.0019
0.00184
0.00177
0.00171
0.00164
0.00157
0.0015
0.00143
0.00136
0.0013
0.00123
0.00117
0.00109
0.00103
0.00096
0.00091
0.00084
0.00078
0.00072
0.00067
0.00062
0.00057
0.00052
0.00048
0.00044
0.0004
0.00037
0.00034
0.0003
0.00028
0.00025
0.00024
0.00021
0.0002
0.00018
0.00017
0.00016
0.00015
0.00014
0.00013
0.00012
0.00011
0.00011
0.0001
9e-05
8e-05
7e-05
6e-05
5e-05
4e-05
3e-05
2e-05
0.0
-1e-05
-3e-05
-4e-05
-6e-05
-7e-05
-9e-05
-0.0001
-0.00013
-0.00014
-0.00016
-0.00018
-0.0002
-0.00022
-0.00025
-0.00026
-0.00029
-0.00031
-0.00034
-0.00037
-0.00039
-0.00042
-0.00045
-0.00047
-0.00051
-0.00054
-0.00058
-0.00062
-0.00066
-0.0007
-0.00074
-0.00078
-0.00083
-0.00088
-0.00094
-0.00099
-0.00104
-0.0011
-0.00115
-0.00121
-0.00127
-0.00133
-0.00139
-0.00145
-0.00151
-0.00157
-0.00164
-0.0017
-0.00176
-0.00182
-0.00189
-0.00195
-0.00201
-0.00207
-0.00213
-0.00218
-0.00225
-0.0023
-0.00236
-0.00241
-0.00247
-0.00252
-0.00257
-0.00262
-0.00267
-0.00272
-0.00277
-0.00282
-0.00287
-0.00291
-0.00296
-0.003
-0.00305
-0.00309
-0.00313
-0.00317
-0.00321
-0.00325
-0.00329
-0.00332
-0.00336
-0.00339
-0.00343
-0.00346
-0.00349
-0.00352
-0.00355
-0.00357
-0.0036
-0.00362
-0.00364
-0.00366
-0.00368
-0.00369
-0.00371
-0.00371
-0.00372
-0.00373
-0.00373
-0.00373
-0.00373
-0.00372
-0.00372
-0.0037
-0.00369
-0.00367
-0.00365
-0.00362
-0.0036
-0.00357
-0.00354
-0.00349
-0.00345
-0.00341
-0.00336
-0.00331
-0.00325
-0.0032
-0.00314
-0.00307
-0.00301
-0.00293
-0.00286
-0.00279
-0.00271
-0.00263
-0.00255
-0.00247
-0.00239
-0.0023
-0.00221
-0.00213
-0.00204
-0.00195
-0.00186
-0.00176
-0.00168
-0.00158
-0.00149
-0.0014
-0.00131
-0.00121
-0.00113
-0.00103
-0.00094
-0.00085
-0.00076
-0.00067
-0.00058
-0.00049
-0.0004
-0.00031
-0.00023
-0.00014
-5e-05
4e-05
0.00012
0.0002
0.00028
0.00036
0.00044
0.00052
0.00059
0.00066
0.00073
0.0008
0.00086
0.00093
0.00098
0.00104
0.00109
0.00115
0.00119
0.00124
0.00128
0.00133
0.00136
0.0014
0.00142
0.00145
0.00148
0.0015
0.00152
0.00154
0.00156
0.00157
0.00158
0.0016
0.0016
0.00161
0.00162
0.00163
0.00163
0.00163
0.00163
0.00163
0.00164
0.00164
0.00164
0.00164
0.00164
0.00164
0.00164
0.00164
0.00164
0.00164
0.00164
0.00165
0.00164
0.00164
0.00164
0.00164
0.00165
0.00165
0.00165
0.00166
0.00165
0.00166
0.00165
0.00166
0.00165
0.00166
0.00165
0.00165
0.00165
0.00164
0.00164
0.00163
0.00162
0.00162
0.00161
0.0016
0.00158
0.00157
0.00155
0.00153
0.00151
0.00149
0.00146
0.00144
0.00141
0.00138
0.00135
0.00132
0.00129
0.00125
0.00122
0.00119
0.00114
0.00111
0.00107
0.00104
0.001
0.00096
0.00092
0.00089
0.00085
0.00082
0.00078
0.00074
0.00071
0.00068
0.00064
0.00061
0.00057
0.00054
0.0005
0.00047
0.00043
0.0004
0.00036
0.00033
0.00028
0.00024
0.0002
0.00015
0.00011
6e-05
1e-05
-4e-05
-0.0001
-0.00015
-0.00022
-0.00027
-0.00034
-0.0004
-0.00047
-0.00054
-0.00061
-0.00068
-0.00075
-0.00082
-0.0009
-0.00097
-0.00104
-0.00111
-0.00119
-0.00126
-0.00133
-0.0014
-0.00148
-0.00155
-0.00162
-0.00169
-0.00176
-0.00183
-0.0019
-0.00196
-0.00203
-0.0021
-0.00216
-0.00223
-0.0023
-0.00236
-0.00243
-0.00249
-0.00256
-0.00262
-0.00269
-0.00275
-0.00281
-0.00288
-0.00294
-0.003
-0.00306
-0.00311
-0.00317
-0.00322
-0.00328
-0.00332
-0.00337
-0.00341
-0.00345
-0.00348
-0.00351
-0.00353
-0.00356
-0.00358
-0.00359
-0.0036
-0.0036
-0.0036
-0.00359
-0.00358
-0.00357
-0.00355
-0.00353
-0.0035
-0.00347
-0.00344
-0.0034
-0.00336
-0.00332
-0.00327
-0.00322
-0.00317
-0.00311
-0.00305
-0.00299
-0.00293
-0.00287
-0.0028
-0.00273
-0.00266
-0.00259
-0.00251
-0.00244
-0.00235
-0.00227
-0.00219
-0.00211
-0.00202
-0.00193
-0.00184
-0.00174
-0.00165
-0.00155
-0.00145
-0.00135
-0.00125
-0.00115
-0.00105
-0.00095
-0.00084
-0.00074
-0.00064
-0.00054
-0.00044
-0.00034
-0.00024
-0.00015
-5e-05
3e-05
0.00012
0.00021
0.00029
0.00037
0.00045
0.00052
0.00059
0.00066
0.00072
0.00078
0.00084
0.0009
0.00096
0.00101
0.00106
0.00111
0.00116
0.0012
0.00125
0.00129
0.00134
0.00138
0.00143
0.00146
0.00151
0.00154
0.00158
0.00163
0.00167
0.00171
0.00175
0.00179
0.00183
0.00187
0.00191
0.00195
0.00199
0.00202
0.00206
0.0021
0.00213
0.00217
0.0022
0.00224
0.00227
0.0023
0.00234
0.00236
0.0024
0.00242
0.00246
0.00248
0.00251
0.00254
0.00257
0.00259
0.00262
0.00265
0.00267
0.0027
0.00272
0.00275
0.00278
0.0028
0.00283
0.00285
0.00289
0.00291
0.00294
0.00296
0.00299
0.00301
0.00303
0.00306
0.00308
0.0031
0.00313
0.00315
0.00317
0.00318
0.00321
0.00322
0.00324
0.00324
0.00325
0.00326
0.00327
0.00326
0.00326
0.00326
0.00325
0.00324
0.00322
0.0032
0.00318
0.00315
0.00312
0.00308
0.00304
0.003
0.00295
0.00289
0.00284
0.00277
0.00271
0.00264
0.00256
0.00249
0.00241
0.00232
0.00224
0.00215
0.00206
0.00196
0.00187
0.00177
0.00167
0.00157
0.00148
0.00137
0.00127
0.00117
0.00107
0.00097
0.00088
0.00078
0.00069
0.00058
0.00049
0.0004
0.00031
0.00022
0.00013
4e-05
-4e-05
-0.00013
-0.00022
-0.0003
-0.00038
-0.00046
-0.00054
-0.00062
-0.00069
-0.00077
-0.00084
-0.00092
-0.00098
-0.00106
-0.00112
-0.00119
-0.00125
-0.00132
-0.00138
-0.00144
-0.0015
-0.00155
-0.0016
-0.00165
-0.0017
-0.00175
-0.00178
-0.00183
-0.00186
-0.0019
-0.00193
-0.00196
-0.00198
-0.00201
-0.00203
-0.00205
-0.00207
-0.00208
-0.00209
-0.00211
-0.00212
-0.00213
-0.00214
-0.00215
-0.00216
-0.00217
-0.00218
-0.00219
-0.0022
-0.00222
-0.00223
-0.00225
-0.00226
-0.00228
-0.0023
-0.00232
-0.00234
-0.00237
-0.0024
-0.00243
-0.00246
-0.00249
-0.00252
-0.00256
-0.0026
-0.00264
-0.00268
-0.00272
-0.00276
-0.0028
-0.00284
-0.00288
-0.00293
-0.00297
-0.00301
-0.00306
-0.00309
-0.00314
-0.00317
-0.00322
-0.00325
-0.00328
-0.00332
-0.00335
-0.00338
-0.00341
-0.00343
-0.00346
-0.00348
-0.0035
-0.00352
-0.00354
-0.00355
-0.00356
-0.00357
-0.00359
-0.00359
-0.0036
-0.00361
-0.00362
-0.00362
-0.00363
-0.00363
-0.00363
-0.00363
-0.00364
-0.00364
-0.00365
-0.00365
-0.00365
-0.00366
-0.00366
-0.00366
-0.00367
-0.00367
-0.00367
-0.00368
-0.00368
-0.00368
-0.00368
-0.00368
-0.00368
-0.00367
-0.00367
-0.00366
-0.00366
-0.00364
-0.00363
-0.00361
-0.00359
-0.00357
-0.00355
-0.00352
-0.00349
-0.00345
-0.00341
-0.00337
-0.00333
-0.00328
-0.00323
-0.00317
-0.00312
-0.00305
-0.003
-0.00293
-0.00286
-0.00279
-0.00272
-0.00265
-0.00258
-0.0025
-0.00243
-0.00235
-0.00228
-0.0022
-0.00212
-0.00204
-0.00196
-0.00188
-0.00181
-0.00172
-0.00164
-0.00156
-0.00148
-0.0014
-0.00132
-0.00124
-0.00116
-0.00107
-0.00099
-0.0009
-0.00082
-0.00072
-0.00064
-0.00055
-0.00046
-0.00036
-0.00027
-0.00018
-8e-05
2e-05
0.00012
0.00022
0.00032
0.00043
0.00052
0.00063
0.00074
0.00085
0.00095
0.00106
0.00116
0.00127
0.00137
0.00148
0.00158
0.00168
0.00179
0.00188
0.00198
0.00208
0.00217
0.00226
0.00235
0.00244
0.00251
0.00259
0.00267
0.00274
0.0028
0.00287
0.00292
0.00297
0.00302
0.00307
0.00311
0.00314
0.00316
0.00319
0.00321
0.00322
0.00323
0.00323
0.00322
0.00322
0.0032
0.00318
0.00316
0.00312
0.00309
0.00305
0.003
0.00296
0.0029
0.00284
0.00277
0.00271
0.00263
0.00256
0.00247
0.00239
0.0023
0.00221
0.00211
0.00201
0.00191
0.00181
0.0017
0.0016
0.00148
0.00137
0.00125
0.00113
0.00101
0.00089
0.00076
0.00065
0.00052
0.00039
0.00026
0.00013
0.0
-0.00013
-0.00026
-0.00039
-0.00053
-0.00065
-0.00079
-0.00091
-0.00105
-0.00117
-0.0013
-0.00143
-0.00156
-0.00168
-0.0018
-0.00192
-0.00204
-0.00216
-0.00227
-0.00238
-0.00249
-0.0026
-0.0027
-0.0028
-0.0029
-0.00299
-0.00309
-0.00317
-0.00325
-0.00333
-0.00341
-0.00348
-0.00354
-0.00361
-0.00367
-0.00372
-0.00377
-0.00382
-0.00386
-0.0039
-0.00394
-0.00397
-0.004
-0.00401
-0.00403
-0.00405
-0.00406
-0.00407
-0.00407
-0.00407
-0.00407
-0.00406
-0.00406
-0.00404
-0.00402
-0.00399
-0.00397
-0.00394
-0.00391
-0.00387
-0.00383
-0.00378
-0.00374
-0.00368
-0.00363
-0.00356
-0.0035
-0.00342
-0.00335
-0.00327
-0.00319
-0.0031
-0.00301
-0.00291
-0.00281
-0.0027
-0.0026
-0.00249
-0.00237
-0.00226
-0.00213
-0.00201
-0.00189
-0.00176
-0.00163
-0.0015
-0.00137
-0.00124
-0.00111
-0.00098
-0.00085
-0.00072
-0.00059
-0.00047
-0.00035
-0.00023
-0.00011
1e-05
0.00012
0.00023
0.00033
0.00043
0.00053
0.00062
0.00071
0.0008
0.00087
0.00096
0.00103
0.0011
0.00116
0.00122
0.00128
0.00134
0.0014
0.00145
0.00149
0.00154
0.00158
0.00162
0.00165
0.00168
0.00171
0.00174
0.00176
0.00178
0.0018
0.00181
0.00183
0.00184
0.00184
0.00184
0.00184
0.00183
0.00182
0.00181
0.00179
0.00177
0.00174
0.00171
0.00167
0.00163
0.00159
0.00154
0.00149
0.00144
0.00137
0.00131
0.00124
0.00117
0.00109
0.00102
0.00094
0.00086
0.00076
0.00068
0.00059
0.00049
0.00039
0.0003
0.0002
0.0001
-1e-05
-0.00011
-0.00022
-0.00032
-0.00043
-0.00054
-0.00065
-0.00076
-0.00087
-0.00098
-0.00109
-0.0012
-0.00131
-0.00142
-0.00152
-0.00163
-0.00174
-0.00184
-0.00195
-0.00204
-0.00214
-0.00223
-0.00233
-0.00242
-0.00251
-0.00259
-0.00267
-0.00274
-0.00282
-0.00288
-0.00294
-0.003
-0.00305
-0.0031
-0.00315
-0.00318
-0.00322
-0.00324
-0.00327
-0.00328
-0.0033
-0.00331
-0.00332
-0.00332
-0.00332
-0.00331
-0.0033
-0.00328
-0.00327
-0.00324
-0.00323
-0.0032
-0.00318
-0.00314
-0.00312
-0.00308
-0.00305
-0.00301
-0.00298
-0.00294
-0.0029
-0.00286
-0.00282
-0.00278
-0.00274
-0.00269
-0.00266
-0.00261
-0.00257
-0.00252
-0.00248
-0.00243
-0.00238
-0.00233
-0.00229
-0.00224
-0.0022
-0.00215
-0.0021
-0.00205
-0.002
-0.00195
-0.00191
-0.00186
-0.00181
-0.00176
-0.00172
-0.00166
-0.00162
-0.00157
-0.00152
-0.00148
-0.00143
-0.00139
-0.00134
-0.00129
-0.00125
-0.0012
-0.00116
-0.00111
-0.00107
-0.00103
-0.00099
-0.00094
-0.0009
-0.00086
-0.00082
-0.00078
-0.00075
-0.00071
-0.00067
-0.00063
-0.0006
-0.00056
-0.00054
-0.0005
-0.00047
-0.00044
-0.00042
-0.00039
-0.00037
-0.00034
-0.00032
-0.0003
-0.00028
-0.00027
-0.00025
-0.00023
-0.00022
-0.00021
-0.0002
-0.00019
-0.00019
-0.00018
-0.00018
-0.00018
-0.00018
-0.00018
-0.00018
-0.00019
-0.0002
-0.00021
-0.00021
-0.00023
-0.00024
-0.00025
-0.00027
-0.00028
-0.00031
-0.00032
-0.00035
-0.00037
-0.00041
-0.00043
-0.00046
-0.00049
-0.00053
-0.00056
-0.00059
-0.00063
-0.00067
-0.0007
-0.00075
-0.00078
-0.00082
-0.00086
-0.0009
-0.00094
-0.00098
-0.00102
-0.00106
-0.0011
-0.00114
-0.00118
-0.00121
-0.00124
-0.00128
-0.00131
-0.00134
-0.00137
-0.0014
-0.00142
-0.00145
-0.00147
-0.0015
-0.00151
-0.00154
-0.00156
-0.00157
-0.00159
-0.00161
-0.00162
-0.00164
-0.00165
-0.00168
-0.00169
-0.00171
-0.00172
-0.00174
-0.00175
-0.00178
-0.00179
-0.00181
-0.00183
-0.00185
-0.00187
-0.00189
-0.00191
-0.00193
-0.00195
-0.00197
-0.00199
-0.00201
-0.00202
-0.00204
-0.00206
-0.00208
-0.00209
-0.0021
-0.00211
-0.00212
-0.00213
-0.00213
-0.00214
-0.00214
-0.00213
-0.00213
-0.00212
-0.00211
-0.00209
-0.00208
-0.00205
-0.00204
-0.002
-0.00198
-0.00195
-0.00191
-0.00188
-0.00183
-0.00179
-0.00174
-0.00169
-0.00165
-0.00159
-0.00154
-0.00147
-0.00142
-0.00135
-0.00129
-0.00122
-0.00115
-0.00108
-0.00101
-0.00093
-0.00085
-0.00077
-0.00069
-0.0006
-0.00052
-0.00042
-0.00034
-0.00024
-0.00014
-4e-05
6e-05
0.00016
0.00027
0.00038
0.00048
0.00059
0.00071
0.00082
0.00094
0.00106
0.00117
0.00129
0.00141
0.00153
0.00164
0.00176
0.00187
0.00199
0.0021
0.0022
0.00231
0.00241
0.00251
0.00261
0.0027
0.00279
0.00287
0.00296
0.00303
0.0031
0.00316
0.00322
0.00327
0.00333
0.00337
0.0034
0.00343
0.00346
0.00348
0.0035
0.00351
0.00351
0.00351
0.0035
0.00349
0.00348
0.00345
0.00343
0.00339
0.00336
0.00332
0.00327
0.00322
0.00316
0.00311
0.00305
0.00298
0.00292
0.00284
0.00277
0.00268
0.0026
0.00251
0.00243
0.00234
0.00225
0.00215
0.00206
0.00196
0.00186
0.00176
0.00166
0.00156
0.00146
0.00136
0.00126
0.00116
0.00107
0.00097
0.00087
0.00078
0.00069
0.0006
0.00051
0.00042
0.00033
0.00025
0.00017
9e-05
2e-05
-6e-05
-0.00013
-0.0002
-0.00026
-0.00033
-0.00039
-0.00045
-0.00051
-0.00056
-0.00062
-0.00067
-0.00072
-0.00076
-0.0008
-0.00084
-0.00087
-0.00091
-0.00093
-0.00096
-0.00098
-0.001
-0.00101
-0.00103
-0.00103
-0.00104
-0.00104
-0.00104
-0.00104
-0.00103
-0.00101
-0.001
-0.00098
-0.00096
-0.00093
-0.00091
-0.00088
-0.00086
-0.00082
-0.0008
-0.00076
-0.00074
-0.00071
-0.00068
-0.00065
-0.00062
-0.00059
-0.00057
-0.00055
-0.00053
-0.00051
-0.0005
-0.00048
-0.00047
-0.00046
-0.00046
-0.00045
-0.00045
-0.00045
-0.00046
-0.00046
-0.00047
-0.00048
-0.00049
-0.0005
-0.00052
-0.00053
-0.00054
-0.00056
-0.00058
-0.00059
-0.00061
-0.00063
-0.00065
-0.00067
-0.00069
-0.00071
-0.00073
-0.00075
-0.00077
-0.00079
-0.00081
-0.00083
-0.00085
-0.00087
-0.0009
-0.00091
-0.00094
-0.00095
-0.00097
-0.00099
-0.001
-0.00102
-0.00103
-0.00104
-0.00105
-0.00106
-0.00107
-0.00107
-0.00107
-0.00106
-0.00106
-0.00105
-0.00105
-0.00103
-0.00102
-0.001
-0.00098
-0.00097
-0.00094
-0.00092
-0.0009
-0.00087
-0.00085
-0.00081
-0.00079
-0.00076
-0.00074
-0.00071
-0.00069
-0.00066
-0.00064
-0.00062
-0.0006
-0.00059
-0.00057
-0.00055
-0.00054
-0.00053
-0.00053
-0.00052
-0.00051
-0.00051
-0.00051
-0.0005
-0.00051
-0.00051
-0.00051
-0.00051
-0.00052
-0.00053
-0.00053
-0.00053
-0.00054
-0.00054
-0.00056
-0.00056
-0.00057
-0.00057
-0.00059
-0.00059
-0.00061
-0.00061
-0.00063
-0.00064
-0.00065
-0.00066
-0.00068
-0.00069
-0.00071
-0.00072
-0.00074
-0.00075
-0.00077
-0.00079
-0.00081
-0.00082
-0.00084
-0.00085
-0.00087
-0.00088
-0.0009
-0.00091
-0.00091
-0.00092
-0.00092
-0.00092
-0.00092
-0.00091
-0.0009
-0.00089
-0.00088
-0.00085
-0.00083
-0.0008
-0.00077
-0.00074
-0.0007
-0.00066
-0.00061
-0.00056
-0.00051
-0.00045
-0.0004
-0.00033
-0.00027
-0.0002
-0.00014
-6e-05
1e-05
9e-05
0.00016
0.00024
0.00032
0.0004
0.00048
0.00056
0.00064
0.00073
0.00081
0.00089
0.00097
0.00106
0.00114
0.00122
0.00129
0.00138
0.00145
0.00153
0.0016
0.00167
0.00174
0.00181
0.00187
0.00194
0.00199
0.00205
0.0021
0.00216
0.0022
0.00225
0.00229
0.00233
0.00237
0.0024
0.00243
0.00246
0.00249
0.00251
0.00253
0.00256
0.00257
0.00259
0.0026
0.00262
0.00262
0.00264
0.00264
0.00265
0.00266
0.00266
0.00266
0.00266
0.00266
0.00267
0.00266
0.00266
0.00265
0.00265
0.00264
0.00264
0.00262
0.00261
0.0026
0.00259
0.00257
0.00255
0.00254
0.00252
0.0025
0.00248
0.00246
0.00244
0.00242
0.0024
0.00237
0.00236
0.00233
0.00231
0.00228
0.00227
0.00224
0.00222
0.00219
0.00216
0.00214
0.00211
0.00209
0.00206
0.00203
0.002
0.00196
0.00193
0.00189
0.00186
0.00181
0.00177
0.00172
0.00167
0.00162
0.00157
0.00151
0.00145
0.00139
0.00133
0.00126
0.00119
0.00112
0.00105
0.00098
0.0009
0.00082
0.00076
0.00068
0.0006
0.00053
0.00045
0.00038
0.0003
0.00023
0.00016
9e-05
3e-05
-4e-05
-0.0001
-0.00017
-0.00023
-0.0003
-0.00036
-0.00042
-0.00048
-0.00054
-0.00059
-0.00065
-0.0007
-0.00076
-0.00081
-0.00087
-0.00092
-0.00098
-0.00103
-0.00109
-0.00114
-0.0012
-0.00125
-0.00131
-0.00136
-0.00142
-0.00147
-0.00152
-0.00157
-0.00162
-0.00167
-0.00172
-0.00176
-0.00181
-0.00184
-0.00189
-0.00192
-0.00196
-0.00199
-0.00202
-0.00204
-0.00207
-0.00209
-0.00211
-0.00213
-0.00215
-0.00216
-0.00217
-0.00218
-0.00219
-0.00219
-0.0022
-0.0022
-0.0022
-0.0022
-0.0022
-0.00219
-0.00219
-0.00218
-0.00218
-0.00217
-0.00216
-0.00215
-0.00214
-0.00213
-0.00212
-0.0021
-0.00209
-0.00207
-0.00206
-0.00204
-0.00202
-0.002
-0.00198
-0.00196
-0.00194
-0.00192
-0.00189
-0.00187
-0.00185
-0.00182
-0.00179
-0.00176
-0.00174
-0.0017
-0.00168
-0.00164
-0.00161
-0.00158
-0.00155
-0.00152
-0.00148
-0.00144
-0.0014
-0.00136
-0.00133
-0.00128
-0.00124
-0.00119
-0.00115
-0.0011
-0.00105
-0.00099
-0.00094
-0.00089
-0.00084
-0.00078
-0.00072
-0.00066
-0.00059
-0.00053
-0.00047
-0.0004
-0.00034
-0.00027
-0.00021
-0.00014
-8e-05
-1e-05
5e-05
0.00011
0.00017
0.00023
0.00029
0.00035
0.0004
0.00046
0.0005
0.00055
0.00059
0.00064
0.00067
0.00071
0.00075
0.00078
0.00082
0.00085
0.00087
0.0009
0.00093
0.00095
0.00098
0.00101
0.00103
0.00105
0.00108
0.0011
0.00112
0.00115
0.00117
0.0012
0.00122
0.00125
0.00127
0.0013
0.00132
0.00135
0.00137
0.0014
0.00141
0.00143
0.00144
0.00146
0.00147
0.00148
0.00148
0.00149
0.00149
0.00148
0.00147
0.00145
0.00144
0.00142
0.0014
0.00137
0.00133
0.0013
0.00126
0.00122
