1.62555706313073E+03

-0.00329
-0.00327
-0.00323
-0.0032
-0.00316
-0.00313
-0.0031
-0.00306
-0.00302
-0.00298
-0.00294
-0.00289
-0.00285
-0.0028
-0.00275
-0.0027
-0.00264
-0.00259
-0.00253
-0.00247
-0.0024
-0.00234
-0.00227
-0.0022
-0.00213
-0.00205
-0.00198
-0.0019
-0.00181
-0.00174
-0.00165
-0.00157
-0.00148
-0.0014
-0.00131
-0.00123
-0.00113
-0.00105
-0.00097
-0.00088
-0.0008
-0.00072
-0.00063
-0.00055
-0.00047
-0.0004
-0.00032
-0.00024
-0.00016
-9e-05
-1e-05
6e-05
0.00013
0.0002
0.00028
0.00035
0.00042
0.00049
0.00057
0.00065
0.00072
0.0008
0.00088
0.00096
0.00104
0.00112
0.0012
0.00128
0.00137
0.00146
0.00155
0.00163
0.00172
0.00181
0.0019
0.00199
0.00208
0.00217
0.00226
0.00234
0.00243
0.00251
0.0026
0.00267
0.00276
0.00283
0.0029
0.00297
0.00303
0.0031
0.00316
0.00321
0.00327
0.00331
0.00336
0.0034
0.00344
0.00347
0.0035
0.00352
0.00355
0.00356
0.00358
0.00359
0.00359
0.0036
0.0036
0.00359
0.00359
0.00357
0.00356
0.00354
0.00352
0.00349
0.00346
0.00343
0.0034
0.00335
0.00331
0.00327
0.00322
0.00317
0.00311
0.00306
0.003
0.00293
0.00287
0.0028
0.00274
0.00266
0.00259
0.00252
0.00245
0.00237
0.00229
0.00221
0.00212
0.00204
0.00196
0.00188
0.0018
0.00171
0.00163
0.00155
0.00147
0.00138
0.0013
0.00122
0.00114
0.00106
0.00098
0.0009
0.00082
0.00075
0.00068
0.0006
0.00053
0.00046
0.00039
0.00032
0.00025
0.00018
0.00012
5e-05
-0.0
-7e-05
-0.00013
-0.00019
-0.00025
-0.00031
-0.00036
-0.00041
-0.00046
-0.00052
-0.00057
-0.00062
-0.00067
-0.00072
-0.00076
-0.00081
-0.00085
-0.0009
-0.00094
-0.00098
-0.00102
-0.00106
-0.00109
-0.00112
-0.00115
-0.00118
-0.0012
-0.00123
-0.00124
-0.00126
-0.00127
-0.00129
-0.00129
-0.00129
-0.00129
-0.00129
-0.00129
-0.00127
-0.00125
-0.00123
-0.00121
-0.00118
-0.00115
-0.00111
-0.00107
-0.00103
-0.00098
-0.00093
-0.00087
-0.00081
-0.00075
-0.00068
-0.00062
-0.00054
-0.00047
-0.00039
-0.00031
-0.00024
-0.00015
-7e-05
2e-05
9e-05
0.00018
0.00026
0.00035
0.00043
0.00052
0.0006
0.00067
0.00075
0.00083
0.00091
0.00099
0.00105
0.00113
0.00119
0.00126
0.00132
0.00139
0.00144
0.00151
0.00156
0.00161
0.00166
0.00171
0.00175
0.0018
0.00184
0.00189
0.00193
0.00197
0.002
0.00204
0.00207
0.00211
0.00214
0.00218
0.00221
0.00224
0.00227
0.0023
0.00233
0.00236
0.00239
0.00242
0.00244
0.00247
0.00249
0.00252
0.00254
0.00256
0.00258
0.00261
0.00262
0.00264
0.00266
0.00267
0.00268
0.0027
0.00271
0.00272
0.00273
0.00274
0.00274
0.00275
0.00276
0.00276
0.00277
0.00278
0.00278
0.00279
0.00279
0.0028
0.00281
0.00282
0.00284
0.00285
0.00286
0.00289
0.0029
0.00293
0.00295
0.00298
0.00301
0.00305
0.00308
0.00311
0.00315
0.00319
0.00323
0.00327
0.00332
0.00336
0.0034
0.00345
0.00349
0.00353
0.00357
0.00361
0.00365
0.00369
0.00372
0.00375
0.00377
0.00379
0.00382
0.00384
0.00385
0.00386
0.00386
0.00387
0.00387
0.00387
0.00385
0.00384
0.00382
0.00381
0.00378
0.00376
0.00373
0.00369
0.00366
0.00362
0.00358
0.00354
0.00348
0.00344
0.00338
0.00333
0.00327
0.00321
0.00314
0.00308
0.003
0.00293
0.00285
0.00277
0.00269
0.00261
0.00252
0.00243
0.00233
0.00224
0.00214
0.00204
0.00193
0.00183
0.00172
0.00162
0.00151
0.0014
0.00128
0.00117
0.00106
0.00095
0.00084
0.00074
0.00063
0.00053
0.00042
0.00033
0.00023
0.00014
4e-05
-4e-05
-0.00012
-0.0002
-0.00027
-0.00034
-0.00041
-0.00046
-0.00052
-0.00057
-0.00063
-0.00067
-0.00071
-0.00074
-0.00078
-0.00081
-0.00084
-0.00086
-0.00088
-0.0009
-0.00092
-0.00093
-0.00094
-0.00095
-0.00096
-0.00097
-0.00098
-0.00098
-0.00098
-0.00098
-0.00098
-0.00097
-0.00097
-0.00096
-0.00096
-0.00094
-0.00094
-0.00092
-0.0009
-0.00089
-0.00086
-0.00084
-0.00082
-0.00079
-0.00076
-0.00073
-0.0007
-0.00067
-0.00063
-0.00059
-0.00056
-0.00052
-0.00048
-0.00044
-0.0004
-0.00036
-0.00032
-0.00028
-0.00025
-0.00021
-0.00017
-0.00014
-0.00011
-8e-05
-6e-05
-3e-05
-1e-05
1e-05
2e-05
3e-05
4e-05
5e-05
5e-05
4e-05
3e-05
3e-05
1e-05
-1e-05
-4e-05
-6e-05
-9e-05
-0.00012
-0.00016
-0.0002
-0.00025
-0.0003
-0.00035
-0.0004
-0.00046
-0.00052
-0.00059
-0.00065
-0.00072
-0.00079
-0.00087
-0.00094
-0.00103
-0.0011
-0.00119
-0.00127
-0.00136
-0.00144
-0.00153
-0.00162
-0.00171
-0.0018
-0.0019
-0.00199
-0.00208
-0.00217
-0.00227
-0.00236
-0.00245
-0.00254
-0.00264
-0.00273
-0.00282
-0.00291
-0.003
-0.00308
-0.00316
-0.00324
-0.00333
-0.00341
-0.00348
-0.00355
-0.00363
-0.00369
-0.00376
-0.00381
-0.00387
-0.00393
-0.00398
-0.00402
-0.00406
-0.00409
-0.00412
-0.00415
-0.00417
-0.00418
-0.0042
-0.0042
-0.0042
-0.00419
-0.00418
-0.00416
-0.00414
-0.00411
-0.00408
-0.00404
-0.00399
-0.00394
-0.00389
-0.00382
-0.00376
-0.00369
-0.00362
-0.00354
-0.00346
-0.00337
-0.00329
-0.00319
-0.0031
-0.00301
-0.00291
-0.00281
-0.00271
-0.0026
-0.00249
-0.00239
-0.00228
-0.00217
-0.00206
-0.00195
-0.00184
-0.00172
-0.00162
-0.0015
-0.00139
-0.00128
-0.00116
-0.00105
-0.00094
-0.00083
-0.00072
-0.0006
-0.0005
-0.00039
-0.00028
-0.00017
-7e-05
3e-05
0.00013
0.00024
0.00033
0.00043
0.00052
0.00061
0.00069
0.00078
0.00086
0.00094
0.00101
0.00108
0.00114
0.00121
0.00127
0.00132
0.00136
0.00141
0.00145
0.00149
0.00152
0.00154
0.00157
0.00159
0.00161
0.00162
0.00162
0.00163
0.00163
0.00163
0.00162
0.00161
0.0016
0.00159
0.00157
0.00155
0.00153
0.0015
0.00148
0.00145
0.00142
0.00139
0.00135
0.00132
0.00128
0.00124
0.0012
0.00116
0.00111
0.00107
0.00102
0.00097
0.00092
0.00087
0.00081
0.00076
0.0007
0.00065
0.00058
0.00052
0.00046
0.0004
0.00033
0.00026
0.00019
0.00013
5e-05
-2e-05
-9e-05
-0.00017
-0.00024
-0.00031
-0.00039
-0.00046
-0.00054
-0.00061
-0.00069
-0.00076
-0.00085
-0.00092
-0.001
-0.00107
-0.00115
-0.00123
-0.0013
-0.00138
-0.00145
-0.00152
-0.00159
-0.00166
-0.00173
-0.00179
-0.00186
-0.00192
-0.00199
-0.00205
-0.00212
-0.00217
-0.00223
-0.00229
-0.00234
-0.0024
-0.00245
-0.0025
-0.00255
-0.00259
-0.00265
-0.00269
-0.00274
-0.00278
-0.00282
-0.00287
-0.00291
-0.00295
-0.003
-0.00304
-0.00308
-0.00313
-0.00317
-0.00321
-0.00325
-0.00328
-0.00333
-0.00336
-0.00341
-0.00344
-0.00348
-0.00351
-0.00354
-0.00357
-0.0036
-0.00363
-0.00365
-0.00367
-0.00368
-0.0037
-0.0037
-0.00371
-0.00372
-0.00371
-0.00371
-0.00369
-0.00368
-0.00366
-0.00365
-0.00362
-0.00359
-0.00357
-0.00353
-0.0035
-0.00346
-0.00342
-0.00338
-0.00333
-0.00329
-0.00324
-0.0032
-0.00315
-0.0031
-0.00306
-0.00301
-0.00296
-0.00292
-0.00287
-0.00283
-0.00278
-0.00274
-0.00269
-0.00265
-0.0026
-0.00256
-0.00251
-0.00247
-0.00242
-0.00238
-0.00233
-0.00229
-0.00224
-0.00219
-0.00215
-0.00209
-0.00204
-0.00199
-0.00193
-0.00187
-0.00182
-0.00176
-0.00169
-0.00164
-0.00157
-0.00151
-0.00144
-0.00138
-0.00131
-0.00125
-0.00119
-0.00112
-0.00106
-0.00099
-0.00093
-0.00087
-0.00081
-0.00075
-0.00068
-0.00063
-0.00057
-0.00052
-0.00046
-0.00041
-0.00035
-0.0003
-0.00025
-0.0002
-0.00015
-0.0001
-5e-05
0.0
6e-05
0.00011
0.00017
0.00022
0.00028
0.00034
0.00041
0.00047
0.00054
0.00061
0.00069
0.00077
0.00085
0.00094
0.00104
0.00114
0.00124
0.00135
0.00147
0.00159
0.00172
0.00185
0.00199
0.00214
0.0023
0.00246
0.00263
0.00281
0.003
0.0032
0.0034
0.00362
0.00384
0.00408
0.00432
0.00457
0.00484
0.00511
0.0054
0.00569
0.006
0.00632
0.00665
0.00699
0.00734
0.00771
0.00809
0.00848
0.00888
0.0093
0.00973
0.01016
0.01062
0.01109
0.01156
0.01205
0.01256
0.01308
0.01361
0.01415
0.01471
0.01528
0.01586
0.01646
0.01707
0.01769
0.01832
0.01897
0.01963
0.02031
0.02099
0.02169
0.02241
0.02313
0.02387
0.02462
0.02538
0.02616
0.02694
0.02774
0.02855
0.02938
0.03021
0.03105
0.03191
0.03277
0.03365
0.03453
0.03543
0.03633
0.03724
0.03816
0.03909
0.04003
0.04097
0.04191
0.04287
0.04383
0.04479
0.04576
0.04673
0.04771
0.04869
0.04966
0.05065
0.05163
0.05262
0.0536
0.05458
0.05557
0.05655
0.05752
0.0585
0.05947
0.06044
0.0614
0.06236
0.06332
0.06426
0.0652
0.06614
0.06707
0.06799
0.0689
0.06981
0.0707
0.07159
0.07247
0.07334
0.0742
0.07504
0.07588
0.07671
0.07753
0.07833
0.07913
0.07991
0.08068
0.08144
0.08218
0.08292
0.08364
0.08435
0.08504
0.08572
0.08639
0.08704
0.08768
0.0883
0.08891
0.08951
0.09009
0.09065
0.0912
0.09174
0.09226
0.09276
0.09325
0.09372
0.09417
0.09461
0.09503
0.09543
0.09582
0.09619
0.09654
0.09688
0.0972
0.09751
0.09779
0.09807
0.09832
0.09856
0.09878
0.09899
0.09917
0.09935
0.09951
0.09965
0.09978
0.09989
0.09999
0.10007
0.10014
0.1002
0.10024
0.10026
0.10027
0.10027
0.10026
0.10023
0.10018
0.10013
0.10006
0.09998
0.09988
0.09978
0.09966
0.09953
0.09939
0.09923
0.09907
0.09889
0.0987
0.0985
0.09829
0.09807
0.09784
0.0976
0.09735
0.09709
0.09682
0.09654
0.09626
0.09596
0.09566
0.09535
0.09503
0.09471
0.09437
0.09403
0.09368
0.09333
0.09297
0.0926
0.09223
0.09185
0.09147
0.09107
0.09068
0.09028
0.08988
0.08946
0.08905
0.08863
0.08821
0.08778
0.08734
0.08691
0.08647
0.08602
0.08558
0.08513
0.08468
0.08421
0.08376
0.08329
0.08284
0.08236
0.0819
0.08143
0.08095
0.08048
0.08
0.07952
0.07904
0.07856
0.07808
0.07759
0.07711
0.07662
0.07613
0.07564
0.07516
0.07466
0.07417
0.07368
0.07319
0.0727
0.0722
0.07171
0.07122
0.07072
0.07023
0.06974
0.06925
0.06876
0.06827
0.06778
0.06729
0.0668
0.06632
0.06583
0.06535
0.06487
0.06439
0.06391
0.06343
0.06295
0.06248
0.06201
0.06154
0.06106
0.0606
0.06013
0.05966
0.05919
0.05873
0.05827
0.0578
0.05734
0.05687
0.05641
0.05594
0.05548
0.05501
0.05454
0.05407
0.0536
0.05313
0.05266
0.0522
0.05172
0.05125
0.05078
0.0503
0.04983
0.04936
0.04888
0.04841
0.04794
0.04747
0.047
0.04654
0.04607
0.04561
0.04516
0.04471
0.04425
0.04381
0.04337
0.04294
0.04251
0.04209
0.04168
0.04127
0.04087
0.04048
0.0401
0.03973
0.03936
0.039
0.03866
0.03832
0.038
0.03768
0.03738
0.03709
0.0368
0.03653
0.03627
0.03602
0.03578
0.03556
0.03534
0.03514
0.03494
0.03476
0.03459
0.03443
0.03428
0.03414
0.03402
0.0339
0.03379
0.03369
0.0336
0.03353
0.03346
0.03339
0.03334
0.0333
0.03326
0.03323
0.0332
0.03319
0.03318
0.03317
0.03317
0.03318
0.0332
0.03322
0.03324
0.03327
0.0333
0.03334
0.03338
0.03343
0.03348
0.03353
0.03359
0.03365
0.03371
0.03378
0.03385
0.03392
0.034
0.03407
0.03415
0.03423
0.03431
0.03439
0.03448
0.03456
0.03464
0.03473
0.03481
0.03489
0.03497
0.03506
0.03514
0.03522
0.0353
0.03537
0.03545
0.03552
0.03559
0.03566
0.03573
0.03579
0.03585
0.0359
0.03596
0.03601
0.03606
0.0361
0.03614
0.03618
0.03621
0.03625
0.03627
0.03629
0.03631
0.03633
0.03634
0.03634
0.03634
0.03634
0.03633
0.03632
0.0363
0.03628
0.03625
0.03622
0.03618
0.03614
0.0361
0.03605
0.03599
0.03593
0.03586
0.03579
0.03572
0.03564
0.03555
0.03546
0.03537
0.03528
0.03518
0.03508
0.03498
0.03487
0.03477
0.03466
0.03455
0.03443
0.03432
0.03421
0.0341
0.03398
0.03387
0.03375
0.03364
0.03352
0.03341
0.0333
0.03318
0.03307
0.03296
0.03285
0.03274
0.03263
0.03252
0.03241
0.0323
0.03219
0.03208
0.03196
0.03185
0.03174
0.03163
0.03151
0.0314
0.03129
0.03117
0.03105
0.03094
0.03082
0.0307
0.03058
0.03046
0.03034
0.03022
0.0301
0.02998
0.02985
0.02973
0.02961
0.02949
0.02937
0.02925
0.02913
0.02901
0.02889
0.02877
0.02865
0.02854
0.02842
0.0283
0.02818
0.02807
0.02795
0.02783
0.02772
0.0276
0.02749
0.02737
0.02725
0.02714
0.02702
0.0269
0.02679
0.02667
0.02655
0.02643
0.02631
0.02619
0.02606
0.02593
0.02581
0.02568
0.02555
0.02542
0.02529
0.02516
0.02502
0.02489
0.02475
0.02462
0.02447
0.02434
0.02419
0.02405
0.0239
0.02376
0.02361
0.02346
0.02331
0.02316
0.02301
0.02286
0.02271
0.02255
0.0224
0.02224
0.02208
0.02193
0.02177
0.02161
0.02145
0.02129
0.02112
0.02096
0.0208
0.02063
0.02047
0.02031
0.02014
0.01997
0.01981
0.01965
0.01948
0.01931
0.01915
0.01899
0.01882
0.01866
0.01849
0.01833
0.01817
0.01801
0.01786
0.0177
0.01755
0.0174
0.01724
0.0171
0.01695
0.01681
0.01667
0.01654
0.01641
0.01628
0.01615
0.01603
0.01591
0.0158
0.01569
0.01559
0.01548
0.01539
0.01529
0.0152
0.01511
0.01503
0.01495
0.01488
0.0148
0.01473
0.01467
0.0146
0.01454
0.01448
0.01443
0.01438
0.01432
0.01427
0.01422
0.01418
0.01412
0.01408
0.01403
0.01399
0.01394
0.0139
0.01385
0.01381
0.01376
0.01372
0.01367
0.01362
0.01357
0.01353
0.01348
0.01343
0.01337
0.01332
0.01327
0.01321
0.01315
0.01309
0.01303
0.01297
0.01291
0.01285
0.01278
0.01271
0.01264
0.01257
0.01249
0.01242
0.01234
0.01226
0.01218
0.0121
0.01201
0.01192
0.01183
0.01173
0.01164
0.01154
0.01144
0.01134
0.01124
0.01113
0.01103
0.01092
0.01081
0.0107
0.01058
0.01047
0.01035
0.01024
0.01012
0.01
0.00989
0.00977
0.00966
0.00954
0.00942
0.00931
0.00919
0.00908
0.00896
0.00885
0.00874
0.00863
0.00852
0.00841
0.0083
0.00819
0.00809
0.00799
0.00788
0.00778
0.00768
0.00758
0.00749
0.00739
0.00729
0.0072
0.00711
0.00702
0.00693
0.00684
0.00675
0.00667
0.00659
0.00651
0.00643
0.00636
0.00628
0.00621
0.00614
0.00607
0.006
0.00594
0.00588
0.00583
0.00577
0.00572
0.00567
0.00562
0.00557
0.00553
0.00549
0.00545
0.00541
0.00538
0.00534
0.00531
0.00528
0.00525
0.00521
0.00519
0.00515
0.00512
0.00509
0.00506
0.00502
0.00499
0.00496
0.00492
0.00488
0.00484
0.0048
0.00476
0.00471
0.00467
0.00462
0.00457
0.00452
0.00447
0.00441
0.00436
0.00431
0.00426
0.0042
0.00415
0.0041
0.00405
0.004
0.00395
0.0039
0.00386
0.00381
0.00377
0.00373
0.00369
0.00365
0.00362
0.00359
0.00356
0.00353
0.00351
0.00348
0.00347
0.00345
0.00344
0.00342
0.00341
0.0034
0.0034
0.0034
0.00339
0.00339
0.0034
0.0034
0.00342
0.00343
0.00344
0.00346
0.00348
0.0035
0.00353
0.00356
0.00359
0.00362
0.00367
0.00371
0.00376
0.00382
0.00387
0.00394
0.00401
0.00408
0.00416
0.00424
0.00433
0.00441
0.00451
0.00461
0.00471
0.00481
0.00493
0.00503
0.00515
0.00526
0.00537
0.00549
0.00561
0.00572
0.00584
0.00594
0.00605
0.00616
0.00626
0.00636
0.00645
0.00654
0.00662
0.00669
0.00676
0.00683
0.00688
0.00693
0.00697
0.007
0.00703
0.00704
0.00706
0.00706
0.00706
0.00704
0.00703
0.007
0.00698
0.00694
0.0069
0.00685
0.0068
0.00675
0.0067
0.00664
0.00658
0.00651
0.00645
0.00638
0.00632
0.00624
0.00618
0.0061
0.00603
0.00596
0.00589
0.00581
0.00573
0.00566
0.00559
0.00551
0.00544
0.00536
0.00528
0.0052
0.00513
0.00505
0.00497
0.00489
0.00481
0.00473
0.00465
0.00456
0.00448
0.0044
0.00432
0.00424
0.00416
0.00408
0.004
0.00392
0.00385
0.00378
0.00371
0.00363
0.00357
0.0035
0.00344
0.00338
0.00332
0.00327
0.00322
0.00317
0.00312
0.00307
0.00303
0.00299
0.00296
0.00292
0.00289
0.00285
0.00282
0.00279
0.00276
0.00272
0.00269
0.00266
0.00264
0.00261
0.00258
0.00255
0.00252
0.00249
0.00246
0.00243
0.0024
0.00237
0.00235
0.00232
0.00229
0.00226
0.00223
0.00221
0.00219
0.00217
0.00215
0.00212
0.00211
0.00209
0.00208
0.00206
0.00206
0.00204
0.00204
0.00203
0.00202
0.00202
0.00201
0.00201
0.00201
0.00201
0.00201
0.002
0.002
0.002
0.002
0.00199
0.00199
0.00199
0.00199
0.00198
0.00198
0.00197
0.00197
0.00197
0.00197
0.00196
0.00196
0.00196
0.00196
0.00196
0.00197
0.00197
0.00198
0.00198
0.002
0.00201
0.00203
0.00205
0.00207
0.0021
0.00212
0.00215
0.00219
0.00222
0.00226
0.0023
0.00235
0.00239
0.00244
0.00248
0.00253
0.00258
0.00263
0.00268
0.00273
0.00278
0.00283
0.00288
0.00293
0.00297
0.00302
0.00307
0.00311
0.00315
0.00319
0.00323
0.00327
0.0033
0.00334
0.00337
0.00339
0.00342
0.00345
0.00347
0.0035
0.00352
0.00354
0.00355
0.00357
0.00358
0.0036
0.0036
0.00361
0.00362
0.00362
0.00363
0.00363
0.00363
0.00363
0.00362
0.00362
0.00361
0.00361
0.00359
0.00359
0.00357
0.00356
0.00354
0.00352
0.0035
0.00348
0.00345
0.00343
0.0034
0.00338
0.00335
0.00332
0.00328
0.00325
0.00322
0.00319
0.00315
0.00311
0.00307
0.00303
0.00299
0.00295
0.0029
0.00286
0.00281
0.00277
0.00272
0.00268
0.00262
0.00258
0.00253
0.00248
0.00242
0.00238
0.00232
0.00227
0.00222
0.00217
0.00211
0.00206
0.00201
0.00197
0.00192
0.00187
0.00182
0.00177
0.00173
0.00169
0.00164
0.0016
0.00156
0.00153
0.00149
0.00146
0.00142
0.00139
0.00136
0.00134
0.00131
0.0013
0.00127
0.00125
0.00123
0.00122
0.0012
0.00119
0.00118
0.00117
0.00116
0.00115
0.00114
0.00113
0.00113
0.00113
0.00113
0.00113
0.00113
0.00113
0.00113
0.00114
0.00114
0.00115
0.00116
0.00117
0.00118
0.0012
0.00121
0.00122
0.00125
0.00127
0.00129
0.00131
0.00134
0.00137
0.00139
0.00143
0.00146
0.00149
0.00153
0.00157
0.00161
0.00165
0.00169
0.00173
0.00177
0.00182
0.00187
0.00191
0.00195
0.00201
0.00205
0.0021
0.00214
0.00219
0.00223
0.00228
0.00231
0.00235
0.00239
0.00242
0.00246
0.00249
0.00252
0.00255
0.00256
0.00258
0.0026
0.00261
0.00261
0.00262
0.00262
0.00262
0.0026
0.00259
0.00257
0.00255
0.00252
0.0025
0.00246
0.00243
0.00238
0.00234
0.00229
0.00224
0.00218
0.00213
0.00206
0.00201
0.00194
0.00188
0.00181
0.00174
0.00167
0.0016
0.00153
0.00146
0.00138
0.00131
0.00124
0.00117
0.00109
0.00102
0.00095
0.00088
0.0008
0.00073
0.00066
0.00058
0.00052
0.00045
0.00038
0.00031
0.00024
0.00018
0.00012
6e-05
-1e-05
-6e-05
-0.00013
-0.00018
-0.00023
-0.00028
-0.00033
-0.00038
-0.00042
-0.00046
-0.0005
-0.00054
-0.00057
-0.0006
-0.00063
-0.00065
-0.00067
-0.00068
-0.0007
-0.00071
-0.00072
-0.00073
-0.00073
-0.00074
-0.00074
-0.00073
-0.00073
-0.00072
-0.00072
-0.00071
-0.0007
-0.00069
-0.00068
-0.00067
-0.00066
-0.00065
-0.00064
-0.00063
-0.00062
-0.00061
-0.00059
-0.00058
-0.00057
-0.00056
-0.00055
-0.00054
-0.00053
-0.00051
-0.00051
-0.0005
-0.00049
-0.00047
-0.00046
-0.00045
-0.00044
-0.00043
-0.00041
-0.0004
-0.00038
-0.00037
-0.00035
-0.00033
-0.00032
-0.0003
-0.00029
-0.00027
-0.00025
-0.00023
-0.00021
-0.00019
-0.00018
-0.00016
-0.00014
-0.00012
-0.0001
-8e-05
-6e-05
-4e-05
-2e-05
0.0
2e-05
4e-05
6e-05
9e-05
0.0001
0.00012
0.00014
0.00016
0.00019
0.00021
0.00023
0.00025
0.00026
0.00029
0.0003
0.00033
0.00034
0.00037
0.00038
0.0004
0.00042
0.00043
0.00045
0.00046
0.00048
0.00049
0.00051
0.00052
0.00053
0.00054
0.00055
0.00056
0.00057
0.00058
0.00058
0.0006
0.0006
0.0006
0.0006
0.00061
0.00061
0.00061
0.00061
0.00062
0.00061
0.00061
0.00061
0.00061
0.0006
0.0006
0.0006
0.0006
0.00059
0.00058
0.00058
0.00057
0.00057
0.00057
0.00056
0.00056
0.00056
0.00056
0.00055
0.00056
0.00055
0.00056
0.00056
0.00057
0.00057
0.00058
0.00059
0.00059
0.00061
0.00062
0.00064
0.00066
0.00067
0.00069
0.00071
0.00074
0.00075
0.00078
0.0008
0.00083
0.00085
0.00088
0.0009
0.00093
0.00095
0.00098
0.001
0.00103
0.00105
0.00107
0.00109
0.00111
0.00113
0.00114
0.00115
0.00117
0.00118
0.00119
0.0012
0.00121
0.00122
0.00122
0.00123
0.00123
0.00123
0.00123
0.00123
0.00123
0.00123
0.00123
0.00122
0.00122
0.00121
0.00121
0.0012
0.00119
0.00119
0.00118
0.00117
0.00117
0.00115
0.00115
0.00113
0.00113
0.00111
0.0011
0.00108
0.00107
0.00105
0.00104
0.00102
0.001
0.00098
0.00096
0.00094
0.00093
0.0009
0.00088
0.00086
0.00084
0.00082
0.0008
0.00078
0.00077
0.00075
0.00073
0.00071
0.0007
0.00069
0.00068
0.00067
0.00067
0.00066
0.00066
0.00065
0.00066
0.00065
0.00066
0.00066
0.00068
0.00068
0.00069
0.0007
0.00071
0.00073
0.00075
0.00076
0.00078
0.0008
0.00082
0.00084
0.00086
0.00088
0.0009
0.00092
0.00095
0.00097
0.00099
0.00101
0.00104
0.00106
0.00109
0.00112
0.00115
0.00117
0.00121
0.00123
0.00127
0.0013
0.00134
0.00137
0.00141
0.00144
0.00148
0.00152
0.00156
0.0016
0.00164
0.00168
0.00173
0.00177
0.00181
0.00185
0.0019
0.00193
0.00198
0.00201
0.00206
0.00209
0.00213
0.00216
0.00219
0.00222
0.00225
0.00228
0.0023
0.00232
0.00234
0.00235
0.00237
0.00238
0.00239
0.0024
0.00241
0.00241
0.00241
0.00241
0.00241
0.00241
0.00241
0.0024
0.0024
0.00239
0.00239
0.00238
0.00237
0.00236
0.00235
0.00234
0.00233
0.00232
0.0023
0.00229
0.00227
0.00226
0.00224
0.00223
0.00221
0.00219
0.00217
0.00214
0.00212
0.00209
0.00207
0.00203
0.00201
0.00197
0.00193
0.00189
0.00185
0.00181
0.00177
0.00172
0.00168
0.00162
0.00158
0.00153
0.00148
0.00142
0.00137
0.00132
0.00127
0.00122
0.00116
0.00111
0.00106
0.00101
0.00096
0.00092
0.00087
0.00082
0.00079
0.00074
0.00071
0.00067
0.00063
0.00059
0.00056
0.00053
0.0005
0.00047
0.00044
0.00041
0.00039
0.00036
0.00034
0.00031
0.00029
0.00027
0.00025
0.00023
0.00021
0.00019
0.00018
0.00016
0.00014
0.00013
0.00012
0.00011
0.0001
9e-05
9e-05
9e-05
9e-05
9e-05
0.00011
0.00011
0.00013
0.00014
0.00017
0.00019
0.00022
0.00025
0.00028
0.00031
0.00035
0.0004
0.00044
0.00048
0.00053
0.00058
0.00063
0.00068
0.00073
0.00077
0.00082
0.00087
0.00091
0.00096
0.00099
0.00103
0.00107
0.0011
0.00113
0.00114
0.00117
0.00118
0.00119
0.00119
0.0012
0.00119
0.00119
0.00117
0.00116
0.00113
0.00111
0.00108
0.00105
0.00102
0.00098
0.00093
0.00089
0.00084
0.0008
0.00075
0.0007
0.00064
0.00059
0.00053
0.00047
0.00041
0.00035
0.00029
0.00023
0.00016
0.0001
3e-05
-3e-05
-0.0001
-0.00017
-0.00024
-0.00031
-0.00038
-0.00045
-0.00052
-0.0006
-0.00067
-0.00075
-0.00082
-0.0009
-0.00097
-0.00105
-0.00113
-0.0012
-0.00128
-0.00135
-0.00143
-0.0015
-0.00158
-0.00164
-0.00172
-0.00178
-0.00185
-0.00192
-0.00198
-0.00203
-0.00209
-0.00214
-0.0022
-0.00224
-0.00229
-0.00233
-0.00238
-0.00241
-0.00245
-0.00248
-0.00251
-0.00253
-0.00256
-0.00258
-0.0026
-0.00262
-0.00263
-0.00264
-0.00266
-0.00266
-0.00268
-0.00268
-0.00269
-0.0027
-0.0027
-0.0027
-0.00271
-0.00272
-0.00272
-0.00273
-0.00273
-0.00273
-0.00273
-0.00273
-0.00274
-0.00273
-0.00274
-0.00273
-0.00274
-0.00273
-0.00273
-0.00273
-0.00272
-0.00272
-0.00271
-0.0027
-0.00269
-0.00268
-0.00267
-0.00265
-0.00264
-0.00262
-0.0026
-0.00257
-0.00255
-0.00253
-0.0025
-0.00247
-0.00244
-0.00241
-0.00238
-0.00235
-0.00231
-0.00228
-0.00224
-0.00221
-0.00217
-0.00214
-0.00211
-0.00207
-0.00204
-0.002
-0.00197
-0.00194
-0.00191
-0.00188
-0.00185
-0.00182
-0.00179
-0.00177
-0.00174
-0.00171
-0.00169
-0.00166
-0.00163
-0.0016
-0.00158
-0.00155
-0.00152
-0.00149
-0.00146
-0.00142
-0.00139
-0.00136
-0.00132
-0.00128
-0.00124
-0.00119
-0.00115
-0.0011
-0.00106
-0.001
-0.00096
-0.00091
-0.00086
-0.00081
-0.00076
-0.00071
-0.00066
-0.00061
-0.00056
-0.00051
-0.00046
-0.00041
-0.00037
-0.00032
-0.00028
-0.00024
-0.0002
-0.00016
-0.00013
-9e-05
-6e-05
-3e-05
0.0
3e-05
6e-05
9e-05
0.00012
0.00015
0.00017
0.0002
0.00022
0.00025
0.00027
0.0003
0.00032
0.00035
0.00038
0.0004
0.00042
0.00045
0.00047
0.00049
0.00052
0.00054
0.00055
0.00058
0.00059
0.00061
0.00062
0.00063
0.00064
0.00065
0.00065
0.00065
0.00065
0.00065
0.00065
0.00065
0.00064
0.00064
0.00062
0.00062
0.00061
0.0006
0.00059
0.00058
0.00056
0.00056
0.00054
0.00053
0.00052
0.00051
0.0005
0.00049
0.00048
0.00048
0.00046
0.00046
0.00045
0.00044
0.00043
0.00042
0.00041
0.0004
0.00038
0.00037
0.00035
0.00033
0.00032
0.0003
0.00027
0.00025
0.00022
0.00019
0.00016
0.00013
9e-05
6e-05
2e-05
-1e-05
-5e-05
-9e-05
-0.00013
-0.00017
-0.00021
-0.00025
-0.00029
-0.00032
-0.00037
-0.0004
-0.00044
-0.00047
-0.0005
-0.00053
-0.00057
-0.00059
-0.00062
-0.00064
-0.00067
-0.00069
-0.00071
-0.00072
-0.00074
-0.00075
-0.00077
-0.00078
-0.00079
-0.0008
-0.00081
-0.00082
-0.00083
-0.00083
-0.00083
-0.00083
-0.00084
-0.00084
-0.00083
-0.00083
-0.00082
-0.00081
-0.00081
-0.00079
-0.00078
-0.00076
-0.00075
-0.00073
-0.00071
-0.00068
-0.00066
-0.00063
-0.0006
-0.00058
-0.00054
-0.00051
-0.00047
-0.00043
-0.0004
-0.00036
-0.00032
-0.00028
-0.00025
-0.00021
-0.00017
-0.00013
-0.0001
-6e-05
-2e-05
1e-05
5e-05
8e-05
0.00011
0.00015
0.00017
0.0002
0.00023
0.00026
0.00028
0.00031
0.00033
0.00035
0.00038
0.0004
0.00042
0.00044
0.00046
0.00048
0.00051
0.00053
0.00055
0.00057
0.00059
0.00062
0.00063
0.00066
0.00068
0.0007
0.00072
0.00075
0.00077
0.00079
0.00081
0.00083
0.00086
0.00088
0.0009
0.00092
0.00094
0.00096
0.00097
0.001
0.00101
0.00103
0.00105
0.00106
0.00108
0.00109
0.00111
0.00113
0.00114
0.00116
0.00117
0.00119
0.0012
0.00121
0.00122
0.00124
0.00124
0.00126
0.00127
0.00127
0.00128
0.00129
0.00129
0.0013
0.0013
0.0013
0.00129
0.00129
0.00128
0.00128
0.00126
0.00125
0.00122
0.00121
0.00118
0.00115
0.00112
0.00109
0.00105
0.00101
0.00097
0.00093
0.00088
0.00084
0.00078
0.00074
0.00068
0.00063
0.00057
0.00052
0.00046
0.0004
0.00034
0.00029
0.00023
0.00018
0.00013
8e-05
3e-05
-2e-05
-7e-05
-0.00011
-0.00015
-0.00019
-0.00024
-0.00027
-0.00031
-0.00035
-0.00038
-0.00041
-0.00045
-0.00047
-0.0005
-0.00053
-0.00056
-0.00059
-0.00062
-0.00064
-0.00067
-0.00069
-0.00072
-0.00074
-0.00077
-0.00079
-0.00081
-0.00083
-0.00085
-0.00087
-0.00088
-0.00089
-0.00091
-0.00091
-0.00092
-0.00092
-0.00092
-0.00091
-0.00091
-0.00089
-0.00088
-0.00086
-0.00083
-0.00081
-0.00077
-0.00074
-0.0007
-0.00065
-0.00061
-0.00056
-0.00051
-0.00045
-0.0004
-0.00034
-0.00028
-0.00021
-0.00015
-9e-05
-3e-05
4e-05
0.0001
0.00016
0.00023
0.00029
0.00035
0.00041
0.00047
0.00052
0.00058
0.00063
0.00068
0.00074
0.00078
0.00083
0.00087
0.00091
0.00096
0.001
0.00104
0.00109
0.00112
0.00116
0.00119
0.00123
0.00126
0.00129
0.00131
0.00135
0.00137
0.00139
0.00141
0.00143
0.00144
0.00145
0.00146
0.00147
0.00147
0.00147
0.00146
0.00145
0.00143
0.00142
0.00139
0.00137
0.00134
0.00131
0.00127
0.00123
0.00119
0.00114
0.00109
0.00105
0.00099
0.00094
0.00088
0.00083
0.00077
0.00072
0.00065
0.0006
0.00055
0.00049
0.00043
0.00038
0.00033
0.00028
0.00023
0.00018
0.00013
9e-05
4e-05
0.0
-5e-05
-9e-05
-0.00014
-0.00017
-0.00022
-0.00026
-0.0003
-0.00035
-0.00039
-0.00043
-0.00047
-0.00051
-0.00056
-0.0006
-0.00064
-0.00068
-0.00072
-0.00076
-0.0008
-0.00082
-0.00086
-0.00089
-0.00092
-0.00095
-0.00097
-0.00098
-0.001
-0.00101
-0.00102
-0.00102
-0.00102
-0.00101
-0.00101
-0.00099
-0.00098
-0.00095
-0.00094
-0.00091
-0.00088
-0.00085
-0.00082
-0.00078
-0.00075
-0.00071
-0.00068
-0.00063
-0.0006
-0.00056
-0.00053
-0.00049
-0.00046
-0.00042
-0.00039
-0.00036
-0.00034
-0.00031
-0.00029
-0.00026
-0.00024
-0.00022
-0.0002
-0.00018
-0.00017
-0.00015
-0.00014
-0.00012
-0.0001
-8e-05
-7e-05
-5e-05
-3e-05
-2e-05
0.0
3e-05
5e-05
7e-05
9e-05
0.00012
0.00014
0.00017
0.00019
0.00022
0.00024
0.00027
0.00029
0.00031
0.00033
0.00034
0.00036
0.00038
0.00039
0.0004
0.0004
0.00041
0.00041
0.00042
0.00042
0.00042
0.00041
0.00041
0.0004
0.00039
0.00038
0.00037
0.00036
0.00035
0.00034
0.00034
0.00032
0.00032
0.00031
0.00031
0.00031
0.00031
0.0003
0.00031
0.00031
0.00032
0.00032
0.00033
0.00034
0.00035
0.00036
0.00038
0.00038
0.0004
0.00041
0.00042
0.00043
0.00044
0.00045
0.00047
0.00048
0.00049
0.0005
0.0005
0.00051
0.00052
0.00053
0.00055
0.00055
0.00057
0.00058
0.0006
0.00061
0.00063
0.00065
0.00068
0.0007
0.00073
0.00076
0.00079
0.00083
0.00088
0.00092
0.00097
0.00102
0.00108
0.00113
0.00119
0.00125
0.00132
0.00138
0.00145
0.00152
0.00158
0.00165
0.00172
0.00179
0.00186
0.00193
0.002
0.00206
0.00213
0.00218
0.00225
0.0023
0.00236
0.0024
0.00246
0.0025
0.00254
0.00258
0.00261
0.00264
0.00268
0.0027
0.00272
0.00274
0.00276
0.00277
0.00279
0.00279
0.0028
0.00279
0.0028
0.00279
0.00279
0.00277
0.00276
0.00275
0.00273
0.00272
0.0027
0.00267
0.00265
0.00261
0.00259
0.00255
0.00252
0.00248
0.00245
0.00241
0.00236
0.00232
0.00227
0.00223
0.00218
0.00213
0.00209
0.00203
0.00198
0.00193
0.00188
0.00182
0.00176
0.0017
0.00165
0.00159
0.00153
0.00147
0.00141
0.00135
0.0013
0.00124
0.00118
0.00111
0.00106
0.001
0.00094
0.00087
0.00082
0.00075
0.0007
0.00064
0.00058
0.00052
0.00046
0.0004
0.00035
0.00029
0.00024
0.00018
0.00013
7e-05
2e-05
-3e-05
-8e-05
-0.00014
-0.00018
-0.00023
-0.00028
-0.00033
-0.00038
-0.00043
-0.00048
-0.00053
-0.00058
-0.00063
-0.00068
-0.00074
-0.00079
-0.00084
-0.0009
-0.00096
-0.00101
-0.00107
-0.00113
-0.00119
-0.00125
-0.00132
-0.00138
-0.00144
-0.0015
-0.00157
-0.00163
-0.0017
-0.00176
-0.00183
-0.00189
-0.00195
-0.00201
-0.00207
-0.00213
-0.00219
-0.00225
-0.0023
-0.00235
-0.0024
-0.00245
-0.0025
-0.00255
-0.00259
-0.00263
-0.00268
-0.00272
-0.00276
-0.00279
-0.00284
-0.00287
-0.00291
-0.00295
-0.00298
-0.00301
-0.00305
-0.00308
-0.00311
-0.00314
-0.00318
-0.0032
-0.00323
-0.00326
-0.00329
-0.00331
-0.00333
-0.00336
-0.00338
-0.0034
-0.00341
-0.00342
-0.00343
-0.00344
-0.00345
-0.00345
-0.00345
-0.00344
-0.00344
-0.00343
-0.00342
-0.0034
-0.00338
-0.00336
-0.00334
-0.00332
-0.00328
-0.00325
-0.00322
-0.00318
-0.00315
-0.0031
-0.00306
-0.00302
-0.00298
-0.00293
-0.00289
-0.00284
-0.00279
-0.00274
-0.0027
-0.00265
-0.00259
-0.00254
-0.00249
-0.00244
-0.00239
-0.00233
-0.00228
-0.00222
-0.00216
-0.0021
-0.00205
-0.00198
-0.00192
-0.00186
-0.00179
-0.00173
-0.00166
-0.00159
-0.00152
-0.00144
-0.00137
-0.00129
-0.00121
-0.00112
-0.00104
-0.00096
-0.00087
-0.00078
-0.00068
-0.00059
-0.00049
-0.0004
-0.00029
-0.00019
-8e-05
3e-05
0.00014
0.00026
0.00037
0.00049
0.00061
0.00074
0.00086
0.00099
0.00111
0.00125
0.00138
0.00151
0.00165
0.00179
0.00192
0.00207
0.0022
0.00235
0.00249
0.00263
0.00277
0.00292
0.00305
0.0032
0.00334
0.00348
0.00361
0.00375
0.00389
0.00402
0.00415
0.00428
0.0044
0.00453
0.00465
0.00477
0.00488
0.00499
0.00509
0.0052
0.00529
0.00538
0.00547
0.00555
0.00564
0.00571
0.00578
0.00585
0.00591
0.00597
0.00602
0.00607
0.00611
0.00615
0.00617
0.00621
0.00623
0.00624
0.00625
0.00626
0.00627
0.00627
0.00626
0.00625
0.00623
0.00622
0.00619
0.00616
0.00612
0.00609
0.00604
0.006
0.00595
0.00589
0.00583
0.00576
0.00569
0.00562
0.00554
0.00546
0.00537
0.00528
0.00518
0.00509
0.00498
0.00487
0.00476
0.00465
0.00453
0.0044
0.00428
0.00415
0.00402
0.00388
0.00375
0.00361
0.00346
0.00332
0.00317
0.00303
0.00288
0.00273
0.00257
0.00243
0.00227
0.00212
0.00196
0.00181
0.00166
0.0015
0.00135
0.0012
0.00105
0.0009
0.00075
0.0006
0.00045
0.00031
0.00017
3e-05
-0.00011
-0.00024
-0.00038
-0.00051
-0.00064
-0.00076
-0.00088
-0.001
-0.00112
-0.00122
-0.00133
-0.00143
-0.00153
-0.00162
-0.00172
-0.0018
-0.00188
-0.00195
-0.00203
-0.00209
-0.00215
-0.0022
-0.00225
-0.00229
-0.00234
-0.00237
-0.0024
-0.00242
-0.00244
-0.00245
-0.00246
-0.00246
-0.00246
-0.00245
-0.00244
-0.00243
-0.00241
-0.00238
-0.00236
-0.00232
-0.0023
-0.00226
-0.00222
-0.00217
-0.00213
-0.00209
-0.00204
-0.00198
-0.00193
-0.00188
-0.00182
-0.00176
-0.0017
-0.00164
-0.00157
-0.0015
-0.00144
-0.00137
-0.0013
-0.00123
-0.00116
-0.00108
-0.00101
-0.00092
-0.00085
-0.00077
-0.00069
-0.00061
-0.00053
-0.00045
-0.00037
-0.00029
-0.00021
-0.00013
-5e-05
3e-05
0.0001
0.00018
0.00024
0.00032
0.00038
0.00045
0.00051
0.00056
0.00062
0.00067
0.00072
0.00077
0.0008
0.00084
0.00087
0.00091
0.00093
0.00095
0.00097
0.00099
0.001
0.001
0.00101
0.00101
0.00101
0.00101
0.00101
0.001
0.00099
0.00098
0.00096
0.00095
0.00093
0.00092
0.00089
0.00088
0.00085
0.00082
0.0008
0.00077
0.00074
0.00071
0.00068
0.00065
0.0006
0.00057
0.00053
0.00049
0.00045
0.0004
0.00036
0.00031
0.00026
0.00021
0.00016
0.00011
6e-05
1e-05
-4e-05
-9e-05
-0.00015
-0.0002
-0.00026
-0.00031
-0.00036
-0.00041
-0.00047
-0.00051
-0.00057
-0.00061
-0.00066
-0.00071
-0.00075
-0.00079
-0.00083
-0.00087
-0.00091
-0.00094
-0.00098
-0.00101
-0.00104
-0.00107
-0.0011
-0.00112
-0.00114
-0.00116
-0.00118
-0.0012
-0.00122
-0.00123
-0.00124
-0.00125
-0.00126
-0.00127
-0.00128
-0.00128
-0.00128
-0.00128
-0.00128
-0.00127
-0.00127
-0.00126
-0.00126
-0.00125
-0.00124
-0.00122
-0.0012
-0.00119
-0.00117
-0.00115
-0.00114
-0.00111
-0.00109
-0.00107
-0.00105
-0.00102
-0.001
-0.00097
-0.00095
-0.00092
-0.0009
-0.00087
-0.00084
-0.00081
-0.00079
-0.00076
-0.00074
-0.00071
-0.00069
-0.00066
-0.00064
-0.00061
-0.00059
-0.00056
-0.00054
-0.00052
-0.00049
-0.00047
-0.00045
-0.00042
-0.0004
-0.00038
-0.00036
-0.00033
-0.00032
-0.0003
-0.00028
-0.00026
-0.00024
-0.00023
-0.00021
-0.0002
-0.00019
-0.00017
-0.00016
-0.00014
-0.00014
-0.00012
-0.00012
-0.0001
-0.0001
-9e-05
-9e-05
-7e-05
-7e-05
-6e-05
-6e-05
-5e-05
-4e-05
-3e-05
-2e-05
-1e-05
-1e-05
1e-05
2e-05
4e-05
5e-05
7e-05
8e-05
0.0001
0.00012
0.00014
0.00016
0.00018
0.0002
0.00023
0.00025
0.00028
0.0003
0.00033
0.00035
0.00038
0.0004
0.00043
0.00045
0.00048
0.0005
0.00052
0.00054
0.00056
0.00059
0.00061
0.00063
0.00065
0.00067
0.00069
0.00071
0.00073
0.00075
0.00077
0.00079
0.00082
0.00083
0.00086
0.00088
0.0009
0.00093
0.00096
0.00099
0.00102
0.00105
0.00109
0.00112
0.00116
0.0012
0.00124
0.00128
0.00134
0.00138
0.00144
0.00149
0.00154
0.0016
0.00166
0.00173
0.0018
0.00186
0.00193
0.002
0.00208
0.00215
0.00222
0.0023
0.00238
0.00245
0.00253
0.00261
0.00269
0.00277
0.00284
0.00292
0.003
0.00307
0.00315
0.00321
0.00329
0.00335
0.00342
0.00348
0.00355
0.0036
0.00366
0.00371
0.00376
0.00381
0.00385
0.00389
0.00393
0.00396
0.004
0.00402
0.00405
0.00407
0.0041
0.00411
0.00414
0.00415
0.00416
0.00418
0.00418
0.0042
0.00421
0.00421
0.00422
0.00422
0.00423
0.00424
0.00425
0.00425
0.00426
0.00426
0.00427
0.00427
0.00427
0.00428
0.00428
0.00429
0.0043
0.0043
0.00431
0.00431
0.00432
0.00432
0.00433
0.00433
0.00433
0.00433
0.00434
0.00433
0.00433
0.00433
0.00433
0.00432
0.00432
0.00431
0.00431
0.0043
0.00429
0.00427
0.00427
0.00425
0.00423
0.00421
0.0042
0.00417
0.00415
0.00412
0.00409
0.00407
0.00404
0.00401
0.00398
0.00394
0.00391
0.00388
0.00384
0.0038
0.00377
0.00373
0.00369
0.00365
0.00361
0.00357
0.00353
0.00349
0.00346
0.00342
0.00338
0.00334
0.00331
0.00327
0.00324
0.00321
0.00318
0.00314
0.00312
0.00309
0.00307
0.00304
0.00301
0.00299
0.00297
0.00295
0.00294
0.00291
0.0029
0.00288
0.00287
0.00285
0.00284
0.00282
0.00281
0.00279
0.00277
0.00276
0.00274
0.00273
0.00271
0.00269
0.00268
0.00266
0.00264
0.00262
0.00261
0.00258
0.00256
0.00254
0.00252
0.0025
0.00248
0.00246
0.00243
0.00241
0.0024
0.00237
0.00236
0.00233
0.00232
0.00229
0.00228
0.00225
0.00224
0.00221
0.0022
0.00218
0.00216
0.00214
0.00211
0.00209
0.00207
0.00205
0.00203
0.002
0.00197
0.00194
0.00191
0.00188
0.00184
0.0018
0.00177
0.00172
0.00168
0.00163
0.00158
0.00153
0.00148
0.00142
0.00137
0.00131
0.00125
0.00118
0.00113
0.00106
0.001
0.00093
0.00087
0.0008
0.00073
0.00066
0.0006
0.00053
0.00047
0.00041
0.00035
0.00029
0.00023
0.00017
0.00012
7e-05
2e-05
-3e-05
-7e-05
-0.00012
-0.00016
-0.0002
-0.00024
-0.00027
-0.0003
-0.00033
-0.00036
-0.00039
-0.00041
-0.00043
-0.00045
-0.00046
-0.00048
-0.00049
-0.00049
-0.0005
-0.0005
-0.0005
-0.0005
-0.00049
-0.00048
-0.00047
-0.00045
-0.00043
-0.0004
-0.00038
-0.00034
