1.54211312601922E+03

-0.00196
-0.00196
-0.00194
-0.00194
-0.00192
-0.00191
-0.00191
-0.0019
-0.00189
-0.00188
-0.00187
-0.00186
-0.00185
-0.00185
-0.00183
-0.00182
-0.00181
-0.0018
-0.00178
-0.00177
-0.00174
-0.00173
-0.0017
-0.00168
-0.00165
-0.00162
-0.00159
-0.00156
-0.00152
-0.00149
-0.00144
-0.0014
-0.00136
-0.00132
-0.00127
-0.00122
-0.00117
-0.00112
-0.00107
-0.00103
-0.00098
-0.00093
-0.00088
-0.00083
-0.00077
-0.00073
-0.00068
-0.00064
-0.00059
-0.00055
-0.0005
-0.00046
-0.00042
-0.00038
-0.00034
-0.00031
-0.00027
-0.00023
-0.0002
-0.00016
-0.00013
-0.0001
-6e-05
-4e-05
-0.0
2e-05
5e-05
8e-05
0.00011
0.00013
0.00016
0.00018
0.0002
0.00022
0.00024
0.00025
0.00027
0.00027
0.00029
0.00029
0.0003
0.00029
0.00029
0.00028
0.00028
0.00026
0.00025
0.00022
0.0002
0.00017
0.00015
0.00011
8e-05
3e-05
-1e-05
-6e-05
-0.0001
-0.00015
-0.0002
-0.00026
-0.00031
-0.00037
-0.00043
-0.0005
-0.00056
-0.00062
-0.00068
-0.00074
-0.0008
-0.00087
-0.00092
-0.00099
-0.00104
-0.00111
-0.00116
-0.00122
-0.00127
-0.00133
-0.00138
-0.00143
-0.00148
-0.00153
-0.00157
-0.00162
-0.00166
-0.0017
-0.00173
-0.00178
-0.00181
-0.00184
-0.00187
-0.0019
-0.00192
-0.00195
-0.00197
-0.002
-0.00201
-0.00203
-0.00204
-0.00205
-0.00206
-0.00208
-0.00208
-0.00209
-0.00209
-0.00209
-0.00209
-0.00209
-0.00208
-0.00207
-0.00206
-0.00206
-0.00204
-0.00203
-0.00201
-0.002
-0.00198
-0.00196
-0.00194
-0.00191
-0.00189
-0.00186
-0.00183
-0.0018
-0.00177
-0.00173
-0.00169
-0.00166
-0.00162
-0.00157
-0.00152
-0.00147
-0.00142
-0.00137
-0.00131
-0.00125
-0.00118
-0.00112
-0.00105
-0.00099
-0.00091
-0.00084
-0.00076
-0.00069
-0.00061
-0.00053
-0.00044
-0.00036
-0.00027
-0.00019
-0.0001
-1e-05
8e-05
0.00016
0.00025
0.00033
0.00042
0.0005
0.00059
0.00067
0.00075
0.00083
0.00091
0.00098
0.00106
0.00112
0.0012
0.00127
0.00134
0.0014
0.00146
0.00152
0.00159
0.00165
0.0017
0.00176
0.00181
0.00187
0.00193
0.00198
0.00204
0.00208
0.00214
0.00219
0.00224
0.00229
0.00234
0.00238
0.00244
0.00248
0.00253
0.00257
0.00261
0.00265
0.00269
0.00273
0.00277
0.00279
0.00283
0.00285
0.00288
0.0029
0.00292
0.00293
0.00295
0.00296
0.00296
0.00296
0.00296
0.00295
0.00294
0.00293
0.00292
0.00289
0.00287
0.00284
0.00281
0.00277
0.00274
0.00269
0.00266
0.00261
0.00256
0.00251
0.00245
0.0024
0.00234
0.00228
0.00222
0.00215
0.00209
0.00202
0.00195
0.00188
0.00181
0.00174
0.00167
0.00159
0.00152
0.00144
0.00136
0.00129
0.00122
0.00114
0.00107
0.00099
0.00092
0.00084
0.00077
0.0007
0.00063
0.00056
0.00049
0.00042
0.00036
0.00029
0.00023
0.00017
0.00012
6e-05
1e-05
-5e-05
-9e-05
-0.00014
-0.00018
-0.00022
-0.00026
-0.0003
-0.00032
-0.00035
-0.00038
-0.0004
-0.00042
-0.00044
-0.00045
-0.00046
-0.00046
-0.00047
-0.00047
-0.00047
-0.00046
-0.00045
-0.00043
-0.00042
-0.00039
-0.00037
-0.00034
-0.00031
-0.00028
-0.00023
-0.00019
-0.00015
-9e-05
-5e-05
1e-05
7e-05
0.00014
0.0002
0.00026
0.00033
0.00041
0.00048
0.00056
0.00063
0.00071
0.00079
0.00087
0.00096
0.00105
0.00112
0.00121
0.0013
0.00139
0.00147
0.00156
0.00164
0.00174
0.00182
0.00191
0.00199
0.00208
0.00216
0.00225
0.00234
0.00242
0.0025
0.00259
0.00267
0.00276
0.00284
0.00293
0.003
0.00309
0.00317
0.00325
0.00332
0.0034
0.00348
0.00356
0.00363
0.0037
0.00377
0.00384
0.00391
0.00398
0.00404
0.0041
0.00416
0.00422
0.00427
0.00432
0.00437
0.00441
0.00445
0.00449
0.00452
0.00456
0.00458
0.0046
0.00462
0.00463
0.00464
0.00464
0.00464
0.00464
0.00463
0.00461
0.00459
0.00457
0.00454
0.0045
0.00447
0.00443
0.00437
0.00432
0.00426
0.0042
0.00413
0.00406
0.00398
0.0039
0.00382
0.00372
0.00363
0.00353
0.00343
0.00332
0.00321
0.0031
0.00298
0.00286
0.00274
0.00262
0.00249
0.00236
0.00223
0.0021
0.00196
0.00183
0.00169
0.00156
0.00142
0.00129
0.00116
0.00103
0.00089
0.00077
0.00064
0.00052
0.00039
0.00027
0.00015
3e-05
-8e-05
-0.00019
-0.0003
-0.00041
-0.00051
-0.00061
-0.00071
-0.0008
-0.0009
-0.00098
-0.00108
-0.00116
-0.00125
-0.00133
-0.00141
-0.00149
-0.00157
-0.00164
-0.00172
-0.00179
-0.00186
-0.00193
-0.002
-0.00207
-0.00214
-0.00221
-0.00227
-0.00233
-0.0024
-0.00246
-0.00252
-0.00257
-0.00263
-0.00268
-0.00274
-0.00279
-0.00283
-0.00287
-0.00292
-0.00295
-0.00299
-0.00302
-0.00305
-0.00307
-0.0031
-0.00311
-0.00313
-0.00313
-0.00314
-0.00315
-0.00315
-0.00314
-0.00313
-0.00312
-0.0031
-0.00308
-0.00306
-0.00303
-0.00301
-0.00297
-0.00294
-0.0029
-0.00287
-0.00282
-0.00278
-0.00273
-0.00268
-0.00263
-0.00258
-0.00252
-0.00247
-0.00241
-0.00236
-0.0023
-0.00224
-0.00217
-0.00212
-0.00205
-0.002
-0.00193
-0.00187
-0.00181
-0.00175
-0.00169
-0.00162
-0.00156
-0.00149
-0.00143
-0.00137
-0.00131
-0.00125
-0.00118
-0.00112
-0.00106
-0.001
-0.00094
-0.00088
-0.00082
-0.00077
-0.00071
-0.00065
-0.0006
-0.00054
-0.00049
-0.00045
-0.00039
-0.00035
-0.0003
-0.00026
-0.00022
-0.00019
-0.00015
-0.00012
-9e-05
-7e-05
-5e-05
-3e-05
-2e-05
-1e-05
-0.0
-1e-05
-1e-05
-1e-05
-2e-05
-4e-05
-6e-05
-9e-05
-0.00011
-0.00014
-0.00018
-0.00022
-0.00027
-0.00031
-0.00036
-0.00041
-0.00046
-0.00053
-0.00059
-0.00066
-0.00072
-0.00079
-0.00086
-0.00094
-0.00101
-0.00109
-0.00117
-0.00126
-0.00134
-0.00143
-0.00151
-0.0016
-0.00169
-0.00178
-0.00187
-0.00196
-0.00205
-0.00215
-0.00224
-0.00233
-0.00242
-0.00251
-0.0026
-0.00269
-0.00278
-0.00287
-0.00295
-0.00303
-0.00311
-0.00319
-0.00326
-0.00333
-0.0034
-0.00346
-0.00352
-0.00358
-0.00362
-0.00367
-0.00371
-0.00374
-0.00377
-0.0038
-0.00381
-0.00383
-0.00383
-0.00384
-0.00384
-0.00384
-0.00382
-0.00381
-0.0038
-0.00378
-0.00375
-0.00372
-0.00369
-0.00366
-0.00362
-0.00358
-0.00354
-0.0035
-0.00345
-0.00341
-0.00336
-0.00331
-0.00325
-0.0032
-0.00315
-0.0031
-0.00304
-0.00298
-0.00293
-0.00287
-0.00281
-0.00275
-0.00269
-0.00263
-0.00257
-0.00252
-0.00245
-0.0024
-0.00233
-0.00227
-0.00221
-0.00216
-0.00209
-0.00204
-0.00198
-0.00192
-0.00187
-0.00181
-0.00175
-0.0017
-0.00164
-0.0016
-0.00154
-0.00149
-0.00143
-0.00139
-0.00134
-0.00129
-0.00124
-0.00119
-0.00114
-0.0011
-0.00105
-0.001
-0.00095
-0.0009
-0.00085
-0.00081
-0.00075
-0.0007
-0.00065
-0.0006
-0.00055
-0.0005
-0.00044
-0.00039
-0.00034
-0.00029
-0.00024
-0.00018
-0.00013
-8e-05
-2e-05
2e-05
8e-05
0.00012
0.00018
0.00022
0.00027
0.00031
0.00037
0.00041
0.00045
0.0005
0.00054
0.00058
0.00063
0.00067
0.00071
0.00075
0.0008
0.00083
0.00088
0.00092
0.00096
0.001
0.00105
0.00109
0.00113
0.00117
0.00121
0.00125
0.00129
0.00133
0.00136
0.0014
0.00143
0.00146
0.00149
0.00152
0.00154
0.00156
0.00158
0.00159
0.0016
0.00161
0.00161
0.00161
0.00161
0.0016
0.00159
0.00157
0.00156
0.00154
0.00152
0.00149
0.00146
0.00142
0.0014
0.00136
0.00132
0.00128
0.00124
0.0012
0.00116
0.00112
0.00108
0.00103
0.00099
0.00094
0.0009
0.00086
0.00081
0.00076
0.00072
0.00068
0.00063
0.00059
0.00054
0.0005
0.00046
0.00041
0.00037
0.00033
0.0003
0.00025
0.00022
0.00019
0.00016
0.00013
0.00011
9e-05
8e-05
7e-05
7e-05
7e-05
8e-05
0.0001
0.00013
0.00016
0.00021
0.00026
0.00033
0.0004
0.00048
0.00058
0.00069
0.0008
0.00093
0.00107
0.00122
0.00138
0.00156
0.00174
0.00194
0.00214
0.00236
0.00259
0.00283
0.00308
0.00334
0.0036
0.00388
0.00417
0.00447
0.00477
0.00509
0.00541
0.00575
0.00609
0.00644
0.00679
0.00716
0.00753
0.00792
0.00831
0.0087
0.00911
0.00952
0.00994
0.01036
0.0108
0.01124
0.01168
0.01214
0.0126
0.01307
0.01353
0.01402
0.01449
0.01499
0.01548
0.01597
0.01647
0.01698
0.01749
0.01801
0.01852
0.01904
0.01956
0.02009
0.02061
0.02114
0.02167
0.0222
0.02272
0.02326
0.02378
0.02431
0.02483
0.02536
0.02588
0.0264
0.02691
0.02742
0.02793
0.02844
0.02893
0.02943
0.02991
0.0304
0.03087
0.03134
0.0318
0.03225
0.0327
0.03314
0.03357
0.03399
0.0344
0.0348
0.0352
0.03558
0.03596
0.03633
0.03668
0.03703
0.03736
0.0377
0.03801
0.03832
0.03862
0.03891
0.03919
0.03945
0.03971
0.03996
0.04019
0.04042
0.04064
0.04084
0.04104
0.04122
0.04139
0.04155
0.0417
0.04184
0.04197
0.04209
0.04219
0.04229
0.04237
0.04244
0.0425
0.04256
0.04259
0.04263
0.04264
0.04266
0.04266
0.04265
0.04263
0.04261
0.04258
0.04255
0.0425
0.04245
0.04239
0.04234
0.04227
0.0422
0.04213
0.04206
0.04198
0.0419
0.04181
0.04173
0.04164
0.04155
0.04146
0.04137
0.04127
0.04118
0.04108
0.04098
0.04088
0.04078
0.04067
0.04057
0.04045
0.04035
0.04023
0.04011
0.03999
0.03987
0.03975
0.03962
0.03949
0.03936
0.03922
0.03908
0.03894
0.03881
0.03866
0.03852
0.03837
0.03823
0.03808
0.03794
0.03779
0.03765
0.0375
0.03736
0.03721
0.03707
0.03693
0.03679
0.03666
0.03652
0.03639
0.03626
0.03612
0.03599
0.03586
0.03573
0.0356
0.03548
0.03535
0.03522
0.03508
0.03495
0.03481
0.03468
0.03454
0.0344
0.03425
0.0341
0.03394
0.03378
0.03362
0.03346
0.03328
0.03311
0.03293
0.03275
0.03256
0.03237
0.03217
0.03197
0.03177
0.03156
0.03135
0.03114
0.03092
0.03071
0.03049
0.03027
0.03005
0.02982
0.0296
0.02937
0.02915
0.02892
0.02869
0.02846
0.02822
0.02799
0.02775
0.02752
0.02727
0.02703
0.02678
0.02654
0.02628
0.02603
0.02577
0.02551
0.02524
0.02496
0.02469
0.02441
0.02412
0.02384
0.02354
0.02325
0.02294
0.02264
0.02234
0.02203
0.02171
0.0214
0.02109
0.02078
0.02046
0.02015
0.01983
0.01952
0.01921
0.0189
0.0186
0.0183
0.018
0.01771
0.01742
0.01714
0.01687
0.0166
0.01634
0.01608
0.01583
0.01559
0.01536
0.01513
0.01491
0.0147
0.01449
0.01429
0.0141
0.01392
0.01374
0.01357
0.01341
0.01325
0.0131
0.01296
0.01282
0.01269
0.01257
0.01245
0.01234
0.01224
0.01215
0.01206
0.01197
0.0119
0.01183
0.01177
0.01171
0.01166
0.01161
0.01158
0.01155
0.01152
0.0115
0.01149
0.01149
0.01149
0.01149
0.0115
0.01151
0.01154
0.01156
0.01159
0.01162
0.01165
0.01169
0.01173
0.01177
0.01181
0.01186
0.0119
0.01195
0.01199
0.01204
0.01208
0.01212
0.01217
0.01221
0.01224
0.01228
0.01231
0.01234
0.01236
0.01238
0.0124
0.01242
0.01243
0.01244
0.01244
0.01244
0.01244
0.01243
0.01242
0.01241
0.01239
0.01236
0.01234
0.0123
0.01227
0.01223
0.01219
0.01214
0.01209
0.01204
0.01198
0.01192
0.01186
0.01178
0.01171
0.01163
0.01155
0.01146
0.01137
0.01127
0.01118
0.01107
0.01096
0.01084
0.01072
0.0106
0.01047
0.01034
0.0102
0.01005
0.00991
0.00975
0.0096
0.00944
0.00928
0.00911
0.00894
0.00877
0.00859
0.00841
0.00823
0.00805
0.00787
0.00769
0.00751
0.00732
0.00715
0.00697
0.00679
0.00661
0.00644
0.00626
0.0061
0.00593
0.00577
0.00561
0.00545
0.00529
0.00515
0.005
0.00486
0.00471
0.00458
0.00444
0.00432
0.00419
0.00406
0.00394
0.00382
0.00371
0.00359
0.00348
0.00337
0.00327
0.00317
0.00307
0.00298
0.00288
0.00279
0.0027
0.00262
0.00253
0.00246
0.00238
0.00232
0.00225
0.00219
0.00213
0.00208
0.00204
0.002
0.00197
0.00194
0.00191
0.0019
0.00189
0.00188
0.00188
0.00189
0.0019
0.00193
0.00195
0.00197
0.00201
0.00205
0.00209
0.00214
0.00219
0.00225
0.00231
0.00237
0.00243
0.0025
0.00257
0.00264
0.00271
0.00278
0.00285
0.00292
0.00299
0.00306
0.00313
0.00319
0.00326
0.00332
0.00338
0.00344
0.00349
0.00354
0.00359
0.00363
0.00367
0.00371
0.00374
0.00377
0.00379
0.00382
0.00384
0.00385
0.00387
0.00388
0.00388
0.00389
0.00388
0.00388
0.00388
0.00387
0.00386
0.00385
0.00384
0.00382
0.0038
0.00378
0.00376
0.00374
0.00372
0.0037
0.00367
0.00364
0.00361
0.00359
0.00355
0.00352
0.00348
0.00345
0.00341
0.00337
0.00333
0.00329
0.00325
0.0032
0.00316
0.00311
0.00306
0.00301
0.00295
0.00291
0.00285
0.0028
0.00274
0.00269
0.00263
0.00258
0.00253
0.00247
0.00242
0.00238
0.00233
0.00229
0.00224
0.0022
0.00216
0.00213
0.0021
0.00207
0.00204
0.00203
0.00201
0.00199
0.00198
0.00197
0.00196
0.00196
0.00196
0.00197
0.00197
0.00197
0.00198
0.002
0.00201
0.00202
0.00203
0.00205
0.00207
0.00209
0.0021
0.00212
0.00215
0.00217
0.00219
0.00221
0.00223
0.00226
0.00228
0.00231
0.00233
0.00236
0.00238
0.00241
0.00244
0.00246
0.00249
0.00252
0.00256
0.00259
0.00263
0.00266
0.00269
0.00273
0.00277
0.00281
0.00285
0.00289
0.00293
0.00298
0.00302
0.00306
0.0031
0.00315
0.00319
0.00324
0.00328
0.00333
0.00337
0.00342
0.00346
0.00351
0.00355
0.00359
0.00363
0.00368
0.00372
0.00376
0.00379
0.00383
0.00387
0.00391
0.00395
0.00398
0.00401
0.00405
0.00408
0.00411
0.00413
0.00416
0.00418
0.00421
0.00423
0.00424
0.00426
0.00427
0.00428
0.00429
0.00429
0.0043
0.00429
0.00429
0.00428
0.00428
0.00426
0.00425
0.00423
0.00421
0.00419
0.00416
0.00413
0.0041
0.00407
0.00404
0.004
0.00396
0.00392
0.00388
0.00383
0.0038
0.00375
0.00371
0.00366
0.00362
0.00357
0.00352
0.00347
0.00343
0.00338
0.00334
0.0033
0.00325
0.00321
0.00317
0.00313
0.00309
0.00305
0.00301
0.00298
0.00295
0.00291
0.00288
0.00285
0.00282
0.0028
0.00278
0.00276
0.00274
0.00272
0.00271
0.00269
0.00269
0.00268
0.00267
0.00267
0.00267
0.00267
0.00268
0.00268
0.00269
0.0027
0.00272
0.00273
0.00275
0.00277
0.00279
0.00281
0.00283
0.00285
0.00288
0.0029
0.00293
0.00295
0.00298
0.003
0.00302
0.00304
0.00306
0.00308
0.0031
0.0031
0.00312
0.00312
0.00313
0.00313
0.00313
0.00312
0.00312
0.00311
0.00309
0.00307
0.00305
0.00302
0.00299
0.00296
0.00293
0.00288
0.00284
0.00279
0.00275
0.00269
0.00264
0.00258
0.00252
0.00246
0.0024
0.00233
0.00226
0.0022
0.00213
0.00206
0.002
0.00192
0.00186
0.00179
0.00172
0.00165
0.00158
0.00151
0.00145
0.00138
0.00131
0.00124
0.00118
0.00112
0.00105
0.00099
0.00093
0.00087
0.00081
0.00074
0.00069
0.00062
0.00056
0.0005
0.00044
0.00038
0.00032
0.00026
0.00019
0.00013
7e-05
1e-05
-6e-05
-0.00013
-0.00019
-0.00026
-0.00032
-0.00039
-0.00046
-0.00053
-0.00059
-0.00066
-0.00073
-0.0008
-0.00087
-0.00093
-0.001
-0.00106
-0.00112
-0.00119
-0.00124
-0.0013
-0.00136
-0.00142
-0.00147
-0.00152
-0.00157
-0.00162
-0.00166
-0.00171
-0.00175
-0.00179
-0.00182
-0.00186
-0.00189
-0.00193
-0.00196
-0.00199
-0.00202
-0.00205
-0.00208
-0.00211
-0.00213
-0.00216
-0.00218
-0.00221
-0.00224
-0.00226
-0.00228
-0.0023
-0.00232
-0.00234
-0.00236
-0.00238
-0.00239
-0.0024
-0.00241
-0.00243
-0.00243
-0.00243
-0.00243
-0.00243
-0.00243
-0.00242
-0.00241
-0.00239
-0.00237
-0.00235
-0.00232
-0.0023
-0.00226
-0.00222
-0.00218
-0.00214
-0.00209
-0.00205
-0.002
-0.00195
-0.00189
-0.00183
-0.00177
-0.00171
-0.00165
-0.00159
-0.00152
-0.00146
-0.00139
-0.00133
-0.00126
-0.00119
-0.00112
-0.00106
-0.00099
-0.00092
-0.00086
-0.00079
-0.00072
-0.00065
-0.00058
-0.00052
-0.00045
-0.00038
-0.00031
-0.00024
-0.00016
-0.0001
-2e-05
5e-05
0.00012
0.0002
0.00027
0.00035
0.00043
0.0005
0.00058
0.00065
0.00074
0.00081
0.0009
0.00097
0.00105
0.00113
0.00121
0.00128
0.00136
0.00144
0.00151
0.00158
0.00166
0.00173
0.0018
0.00186
0.00193
0.00199
0.00205
0.0021
0.00216
0.00221
0.00226
0.0023
0.00235
0.00238
0.00242
0.00245
0.00248
0.00251
0.00253
0.00255
0.00257
0.00258
0.00259
0.0026
0.00261
0.0026
0.00261
0.0026
0.0026
0.00259
0.00258
0.00257
0.00255
0.00254
0.00253
0.0025
0.00249
0.00246
0.00244
0.00241
0.00239
0.00236
0.00234
0.0023
0.00227
0.00224
0.00221
0.00217
0.00214
0.0021
0.00206
0.00202
0.00198
0.00193
0.00189
0.00184
0.0018
0.00175
0.0017
0.00165
0.0016
0.00154
0.00149
0.00144
0.00138
0.00133
0.00128
0.00122
0.00117
0.00111
0.00106
0.001
0.00095
0.00089
0.00084
0.00079
0.00074
0.00069
0.00064
0.00059
0.00054
0.00049
0.00044
0.00039
0.00035
0.0003
0.00025
0.0002
0.00016
0.0001
6e-05
1e-05
-4e-05
-9e-05
-0.00014
-0.00019
-0.00024
-0.0003
-0.00035
-0.00041
-0.00046
-0.00052
-0.00057
-0.00063
-0.00068
-0.00074
-0.0008
-0.00086
-0.00091
-0.00097
-0.00103
-0.00109
-0.00115
-0.0012
-0.00126
-0.00133
-0.00138
-0.00144
-0.00149
-0.00155
-0.00161
-0.00167
-0.00172
-0.00178
-0.00183
-0.00189
-0.00195
-0.002
-0.00205
-0.00211
-0.00216
-0.00222
-0.00226
-0.00232
-0.00236
-0.00241
-0.00246
-0.00251
-0.00255
-0.00259
-0.00263
-0.00267
-0.00271
-0.00274
-0.00277
-0.00279
-0.00282
-0.00284
-0.00286
-0.00287
-0.00288
-0.00289
-0.0029
-0.0029
-0.00289
-0.00289
-0.00288
-0.00287
-0.00286
-0.00284
-0.00281
-0.00279
-0.00275
-0.00273
-0.00269
-0.00265
-0.00261
-0.00257
-0.00252
-0.00248
-0.00242
-0.00237
-0.00232
-0.00227
-0.00221
-0.00215
-0.00209
-0.00202
-0.00196
-0.0019
-0.00182
-0.00176
-0.00168
-0.00162
-0.00154
-0.00147
-0.00139
-0.00132
-0.00124
-0.00116
-0.00108
-0.001
-0.00092
-0.00083
-0.00075
-0.00067
-0.00058
-0.00049
-0.0004
-0.00032
-0.00023
-0.00014
-4e-05
4e-05
0.00013
0.00022
0.00031
0.0004
0.00049
0.00058
0.00068
0.00076
0.00085
0.00094
0.00103
0.00111
0.0012
0.00128
0.00136
0.00144
0.00152
0.00159
0.00167
0.00174
0.00181
0.00188
0.00195
0.00201
0.00207
0.00212
0.00218
0.00223
0.00227
0.00231
0.00235
0.00238
0.00241
0.00244
0.00245
0.00247
0.00248
0.00248
0.00248
0.00247
0.00246
0.00244
0.00242
0.00239
0.00236
0.00231
0.00227
0.00222
0.00217
0.00211
0.00204
0.00198
0.00191
0.00183
0.00176
0.00167
0.0016
0.00151
0.00143
0.00134
0.00126
0.00116
0.00108
0.00099
0.00091
0.00082
0.00073
0.00065
0.00057
0.00049
0.00041
0.00033
0.00026
0.00018
0.00012
4e-05
-2e-05
-9e-05
-0.00015
-0.00022
-0.00028
-0.00033
-0.00039
-0.00045
-0.0005
-0.00055
-0.00059
-0.00065
-0.00069
-0.00073
-0.00077
-0.00081
-0.00085
-0.00088
-0.00091
-0.00094
-0.00097
-0.00099
-0.00101
-0.00102
-0.00103
-0.00104
-0.00104
-0.00105
-0.00105
-0.00104
-0.00103
-0.00102
-0.001
-0.00099
-0.00096
-0.00094
-0.00091
-0.00088
-0.00085
-0.00081
-0.00077
-0.00073
-0.00069
-0.00065
-0.0006
-0.00056
-0.00051
-0.00047
-0.00041
-0.00037
-0.00031
-0.00027
-0.00021
-0.00016
-0.00011
-5e-05
0.0
6e-05
0.00012
0.00017
0.00024
0.0003
0.00036
0.00042
0.00049
0.00055
0.00062
0.00069
0.00076
0.00083
0.0009
0.00097
0.00105
0.00113
0.00121
0.00128
0.00136
0.00143
0.00151
0.00158
0.00166
0.00174
0.00182
0.00189
0.00196
0.00203
0.0021
0.00217
0.00224
0.0023
0.00237
0.00242
0.00249
0.00254
0.0026
0.00265
0.0027
0.00274
0.0028
0.00284
0.00288
0.00292
0.00295
0.00299
0.00302
0.00305
0.00308
0.0031
0.00312
0.00314
0.00316
0.00317
0.00318
0.00319
0.0032
0.00319
0.00319
0.00318
0.00317
0.00316
0.00314
0.00312
0.0031
0.00307
0.00304
0.003
0.00296
0.00292
0.00287
0.00282
0.00277
0.00272
0.00266
0.00259
0.00253
0.00247
0.0024
0.00233
0.00226
0.00218
0.00211
0.00203
0.00196
0.00187
0.0018
0.00171
0.00163
0.00155
0.00147
0.00138
0.0013
0.00122
0.00114
0.00105
0.00097
0.00089
0.00081
0.00073
0.00065
0.00056
0.00049
0.0004
0.00033
0.00025
0.00017
0.0001
2e-05
-5e-05
-0.00012
-0.0002
-0.00027
-0.00034
-0.00041
-0.00048
-0.00054
-0.00062
-0.00068
-0.00075
-0.00081
-0.00088
-0.00094
-0.00101
-0.00107
-0.00113
-0.00119
-0.00125
-0.00131
-0.00138
-0.00143
-0.00149
-0.00155
-0.00161
-0.00166
-0.00172
-0.00177
-0.00182
-0.00187
-0.00192
-0.00197
-0.00202
-0.00206
-0.0021
-0.00214
-0.00218
-0.00221
-0.00225
-0.00227
-0.00231
-0.00233
-0.00235
-0.00237
-0.00239
-0.00241
-0.00242
-0.00244
-0.00244
-0.00245
-0.00245
-0.00246
-0.00246
-0.00246
-0.00246
-0.00245
-0.00245
-0.00244
-0.00244
-0.00242
-0.00241
-0.0024
-0.00239
-0.00237
-0.00235
-0.00233
-0.00231
-0.00228
-0.00226
-0.00223
-0.0022
-0.00216
-0.00213
-0.00209
-0.00205
-0.002
-0.00196
-0.00191
-0.00186
-0.00181
-0.00175
-0.00169
-0.00163
-0.00157
-0.00151
-0.00144
-0.00138
-0.00131
-0.00125
-0.00118
-0.00112
-0.00105
-0.00098
-0.00092
-0.00086
-0.0008
-0.00074
-0.00068
-0.00063
-0.00057
-0.00052
-0.00047
-0.00043
-0.00038
-0.00034
-0.0003
-0.00027
-0.00023
-0.00019
-0.00016
-0.00013
-0.00011
-8e-05
-5e-05
-3e-05
-0.0
2e-05
4e-05
6e-05
9e-05
0.00011
0.00013
0.00015
0.00018
0.0002
0.00022
0.00024
0.00026
0.00028
0.0003
0.00033
0.00035
0.00037
0.00039
0.00041
0.00043
0.00045
0.00047
0.00049
0.00051
0.00052
0.00054
0.00056
0.00057
0.00059
0.0006
0.00062
0.00064
0.00064
0.00066
0.00067
0.00068
0.00069
0.0007
0.00071
0.00072
0.00073
0.00074
0.00074
0.00075
0.00076
0.00077
0.00077
0.00078
0.00078
0.00078
0.00078
0.00079
0.00079
0.00079
0.00078
0.00078
0.00078
0.00077
0.00076
0.00075
0.00074
0.00074
0.00072
0.00071
0.00069
0.00068
0.00065
0.00064
0.00061
0.00059
0.00056
0.00054
0.00052
0.00049
0.00046
0.00042
0.00039
0.00036
0.00033
0.0003
0.00025
0.00022
0.00018
0.00014
0.0001
6e-05
1e-05
-3e-05
-8e-05
-0.00013
-0.00018
-0.00023
-0.00028
-0.00033
-0.00038
-0.00044
-0.0005
-0.00055
-0.00062
-0.00068
-0.00074
-0.0008
-0.00087
-0.00093
-0.001
-0.00107
-0.00114
-0.00121
-0.00128
-0.00135
-0.00142
-0.00149
-0.00157
-0.00164
-0.00172
-0.00178
-0.00186
-0.00193
-0.002
-0.00207
-0.00214
-0.00221
-0.00228
-0.00234
-0.00241
-0.00247
-0.00253
-0.00258
-0.00265
-0.0027
-0.00276
-0.0028
-0.00286
-0.0029
-0.00295
-0.00299
-0.00303
-0.00307
-0.00311
-0.00314
-0.00317
-0.0032
-0.00323
-0.00325
-0.00328
-0.0033
-0.00332
-0.00333
-0.00335
-0.00336
-0.00337
-0.00337
-0.00338
-0.00338
-0.00338
-0.00338
-0.00337
-0.00336
-0.00335
-0.00334
-0.00333
-0.0033
-0.00328
-0.00326
-0.00323
-0.0032
-0.00317
-0.00312
-0.00309
-0.00304
-0.003
-0.00295
-0.00289
-0.00283
-0.00277
-0.0027
-0.00263
-0.00256
-0.00248
-0.0024
-0.00232
-0.00222
-0.00214
-0.00204
-0.00194
-0.00184
-0.00174
-0.00164
-0.00152
-0.00141
-0.0013
-0.00118
-0.00107
-0.00094
-0.00082
-0.0007
-0.00058
-0.00045
-0.00033
-0.0002
-8e-05
5e-05
0.00017
0.00029
0.00042
0.00054
0.00066
0.00078
0.00089
0.00101
0.00111
0.00123
0.00133
0.00143
0.00153
0.00163
0.00172
0.00181
0.00189
0.00197
0.00206
0.00213
0.0022
0.00227
0.00233
0.00239
0.00244
0.0025
0.00254
0.00259
0.00262
0.00266
0.00269
0.00271
0.00274
0.00275
0.00277
0.00278
0.00279
0.0028
0.0028
0.0028
0.00279
0.00279
0.00277
0.00276
0.00274
0.00272
0.0027
0.00267
0.00264
0.00261
0.00258
0.00255
0.00251
0.00248
0.00243
0.0024
0.00235
0.00232
0.00227
0.00223
0.00218
0.00213
0.00208
0.00204
0.00199
0.00193
0.00189
0.00184
0.00179
0.00174
0.00168
0.00163
0.00157
0.00152
0.00146
0.00141
0.00135
0.00129
0.00123
0.00117
0.00111
0.00104
0.00098
0.00092
0.00085
0.00079
0.00072
0.00065
0.00059
0.00052
0.00045
0.00038
0.00031
0.00025
0.00018
0.00012
5e-05
-1e-05
-7e-05
-0.00013
-0.00019
-0.00025
-0.00031
-0.00036
-0.00041
-0.00046
-0.00052
-0.00056
-0.00061
-0.00065
-0.0007
-0.00074
-0.00078
-0.00082
-0.00086
-0.00089
-0.00093
-0.00097
-0.00101
-0.00104
-0.00108
-0.00111
-0.00116
-0.00119
-0.00123
-0.00127
-0.00131
-0.00135
-0.00139
-0.00144
-0.00148
-0.00152
-0.00156
-0.00161
-0.00166
-0.0017
-0.00175
-0.00179
-0.00184
-0.00189
-0.00194
-0.00198
-0.00203
-0.00208
-0.00213
-0.00218
-0.00222
-0.00227
-0.00231
-0.00235
-0.0024
-0.00244
-0.00249
-0.00253
-0.00258
-0.00262
-0.00266
-0.0027
-0.00274
-0.00278
-0.00282
-0.00286
-0.0029
-0.00293
-0.00297
-0.003
-0.00304
-0.00306
-0.0031
-0.00312
-0.00316
-0.00318
-0.00321
-0.00323
-0.00325
-0.00327
-0.00329
-0.00331
-0.00332
-0.00333
-0.00333
-0.00334
-0.00335
-0.00334
-0.00334
-0.00334
-0.00333
-0.00332
-0.00331
-0.00329
-0.00328
-0.00326
-0.00323
-0.00321
-0.00318
-0.00315
-0.00311
-0.00307
-0.00304
-0.00299
-0.00294
-0.00289
-0.00284
-0.00279
-0.00273
-0.00266
-0.0026
-0.00254
-0.00247
-0.0024
-0.00232
-0.00224
-0.00216
-0.00207
-0.00199
-0.0019
-0.00181
-0.00172
-0.00162
-0.00152
-0.00143
-0.00132
-0.00122
-0.00112
-0.00101
-0.0009
-0.00079
-0.00068
-0.00057
-0.00045
-0.00034
-0.00022
-0.00011
1e-05
0.00012
0.00024
0.00035
0.00047
0.00059
0.0007
0.00082
0.00093
0.00104
0.00116
0.00127
0.00137
0.00147
0.00158
0.00168
0.00178
0.00187
0.00196
0.00204
0.00213
0.00221
0.00228
0.00235
0.00242
0.00248
0.00254
0.00259
0.00264
0.00268
0.00272
0.00275
0.00278
0.0028
0.00282
0.00283
0.00285
0.00286
0.00286
0.00286
0.00286
0.00286
0.00285
0.00285
0.00284
0.00282
0.00281
0.0028
0.00279
0.00277
0.00276
0.00273
0.00272
0.0027
0.00269
0.00267
0.00265
0.00263
0.00261
0.00259
0.00258
0.00255
0.00253
0.0025
0.00248
0.00245
0.00242
0.00239
0.00236
0.00232
0.00228
0.00224
0.0022
0.00215
0.0021
0.00206
0.002
0.00194
0.00189
0.00183
0.00177
0.0017
0.00164
0.00157
0.00151
0.00144
0.00137
0.0013
0.00123
0.00116
0.0011
0.00104
0.00097
0.00091
0.00085
0.00079
0.00074
0.00068
0.00064
0.00059
0.00055
0.0005
0.00047
0.00043
0.0004
0.00037
0.00034
0.00032
0.0003
0.00028
0.00027
0.00025
0.00024
0.00023
0.00023
0.00022
0.00022
0.00021
0.00021
0.00021
0.00021
0.00022
0.00022
0.00023
0.00024
0.00024
0.00026
0.00027
0.00029
0.0003
0.00031
0.00033
0.00035
0.00038
0.0004
0.00042
0.00045
0.00048
0.00052
0.00055
0.00059
0.00063
0.00067
0.00071
0.00077
0.00081
0.00086
0.00091
0.00097
0.00102
0.00108
0.00113
0.00119
0.00124
0.0013
0.00136
0.00142
0.00147
0.00153
0.00158
0.00163
0.00168
0.00173
0.00177
0.00182
0.00186
0.00189
0.00193
0.00196
0.00199
0.00202
0.00205
0.00208
0.00209
0.00211
0.00213
0.00215
0.00216
0.00217
0.00218
0.00219
0.00219
0.0022
0.0022
0.0022
0.00221
0.00221
0.00221
0.00221
0.0022
0.0022
0.00219
0.00219
0.00217
0.00216
0.00215
0.00214
0.00211
0.0021
0.00207
0.00204
0.00202
0.00199
0.00196
0.00193
0.00188
0.00184
0.0018
0.00176
0.00171
0.00166
0.00161
0.00156
0.00151
0.00145
0.0014
0.00134
0.00129
0.00123
0.00118
0.00113
0.00107
0.00102
0.00097
0.00092
0.00087
0.00082
0.00078
0.00074
0.00069
0.00065
0.00061
0.00057
0.00053
0.0005
0.00046
0.00043
0.00039
0.00036
0.00032
0.00029
0.00025
0.00022
0.00018
0.00015
0.00011
7e-05
4e-05
-0.0
-4e-05
-8e-05
-0.00011
-0.00015
-0.00019
-0.00023
-0.00027
-0.0003
-0.00034
-0.00037
-0.00041
-0.00043
-0.00046
-0.00049
-0.00051
-0.00054
-0.00056
-0.00057
-0.00059
-0.0006
-0.00061
-0.00062
-0.00062
-0.00062
-0.00063
-0.00062
-0.00063
-0.00062
-0.00061
-0.00061
-0.0006
-0.00059
-0.00058
-0.00057
-0.00056
-0.00055
-0.00054
-0.00053
-0.00052
-0.00051
-0.00051
-0.0005
-0.00049
-0.00048
-0.00048
-0.00047
-0.00047
-0.00046
-0.00046
-0.00045
-0.00045
-0.00045
-0.00045
-0.00045
-0.00045
-0.00044
-0.00045
-0.00044
-0.00045
-0.00044
-0.00045
-0.00045
-0.00045
-0.00045
-0.00045
-0.00045
-0.00045
-0.00045
-0.00045
-0.00045
-0.00045
-0.00045
-0.00046
-0.00045
-0.00046
-0.00045
-0.00046
-0.00046
-0.00046
-0.00046
-0.00045
-0.00045
-0.00045
-0.00044
-0.00044
-0.00043
-0.00042
-0.00041
-0.0004
-0.00039
-0.00038
-0.00035
-0.00034
-0.00032
-0.00029
-0.00027
-0.00024
-0.00021
-0.00017
-0.00014
-0.0001
-6e-05
-2e-05
3e-05
7e-05
0.00012
0.00017
0.00023
0.00028
0.00033
0.00039
0.00044
0.00051
0.00056
0.00063
0.00069
0.00074
0.00081
0.00087
0.00093
0.00099
0.00105
0.0011
0.00116
0.00122
0.00127
0.00132
0.00137
0.00142
0.00147
0.00152
0.00157
0.0016
0.00165
0.00169
0.00173
0.00176
0.0018
0.00183
0.00186
0.00189
0.00192
0.00194
0.00196
0.00198
0.00201
0.00202
0.00204
0.00205
0.00207
0.00208
0.00209
0.00209
0.0021
0.0021
0.0021
0.0021
0.0021
0.00209
0.00208
0.00207
0.00206
0.00205
0.00204
0.00201
0.002
0.00197
0.00196
0.00193
0.00191
0.00188
0.00185
0.00182
0.00179
0.00176
0.00173
0.0017
0.00167
0.00164
0.00161
0.00157
0.00155
0.00152
0.00149
0.00146
0.00143
0.0014
0.00138
0.00135
0.00132
0.0013
0.00127
0.00125
0.00123
0.00121
0.00119
0.00116
0.00114
0.00112
0.0011
0.00108
0.00106
0.00104
0.00102
0.001
0.00098
0.00096
0.00094
0.00092
0.0009
0.00088
0.00087
0.00084
0.00083
0.00081
0.00079
0.00077
0.00075
0.00072
0.00071
0.00068
0.00066
0.00064
0.00061
0.00059
0.00056
0.00053
0.00051
0.00047
0.00045
0.00041
0.00038
0.00034
0.00031
0.00026
0.00023
0.00018
0.00014
9e-05
4e-05
-1e-05
-6e-05
-0.00012
-0.00017
-0.00024
-0.00029
-0.00036
-0.00042
-0.00049
-0.00055
-0.00062
-0.00069
-0.00076
-0.00083
-0.00091
-0.00098
-0.00106
-0.00113
-0.00121
-0.00129
-0.00137
-0.00145
-0.00154
-0.00162
-0.0017
-0.00179
-0.00188
-0.00196
-0.00205
-0.00214
-0.00223
-0.00233
-0.00242
-0.0025
-0.0026
-0.00268
-0.00278
-0.00287
-0.00296
-0.00304
-0.00314
-0.00322
-0.00331
-0.00338
-0.00347
-0.00355
-0.00363
-0.0037
-0.00377
-0.00384
-0.00391
-0.00397
-0.00404
-0.00409
-0.00415
-0.0042
-0.00425
-0.0043
-0.00435
-0.00438
-0.00443
-0.00447
-0.0045
-0.00454
-0.00456
-0.00459
-0.00461
-0.00463
-0.00466
-0.00467
-0.00469
-0.0047
-0.00471
-0.00471
-0.00472
-0.00472
-0.00471
-0.00471
-0.0047
-0.00469
-0.00467
-0.00465
-0.00462
-0.0046
-0.00457
-0.00453
-0.00449
-0.00445
-0.0044
-0.00435
-0.0043
-0.00424
-0.00418
-0.00412
-0.00405
-0.00398
-0.00391
-0.00383
-0.00375
-0.00367
-0.00359
-0.0035
-0.00342
-0.00333
-0.00324
-0.00315
-0.00307
-0.00297
-0.00288
-0.00279
-0.0027
-0.0026
-0.00251
-0.00242
-0.00232
-0.00223
-0.00214
-0.00205
-0.00196
-0.00187
-0.00178
-0.00169
-0.00161
-0.00152
-0.00144
-0.00136
-0.00128
-0.0012
-0.00112
-0.00105
-0.00098
-0.0009
-0.00084
-0.00077
-0.00071
-0.00065
-0.00059
-0.00053
-0.00048
-0.00042
-0.00037
-0.00033
-0.00028
-0.00024
-0.00019
-0.00015
-0.00011
-6e-05
-3e-05
2e-05
5e-05
0.0001
0.00013
0.00017
0.00021
0.00026
0.0003
0.00034
0.00038
0.00042
0.00047
0.00052
0.00056
0.00062
0.00066
0.00072
0.00077
0.00082
0.00087
0.00093
0.00098
0.00104
0.00109
0.00115
0.00121
0.00126
0.00132
0.00138
0.00143
0.00149
0.00154
0.0016
0.00165
0.00171
0.00175
0.00181
0.00186
0.00192
0.00196
0.00202
0.00206
0.00211
0.00216
0.00221
0.00226
0.00231
0.00235
0.0024
0.00244
0.00249
0.00253
0.00258
0.00262
0.00266
0.0027
0.00273
0.00277
0.0028
0.00284
0.00287
0.0029
0.00292
0.00294
0.00297
0.00298
0.003
0.00301
0.00302
0.00303
0.00303
0.00303
0.00303
0.00303
0.00302
0.00301
0.003
0.00299
0.00298
0.00295
0.00294
0.00291
0.0029
0.00287
0.00284
0.00281
0.00279
0.00276
0.00273
0.0027
0.00267
0.00264
0.00261
0.00258
0.00255
0.00252
0.00249
0.00246
0.00243
0.0024
0.00237
0.00234
0.00232
0.00229
0.00226
0.00223
0.0022
0.00218
0.00216
0.00214
0.00212
0.0021
0.00208
0.00206
0.00205
0.00204
0.00203
0.00202
0.00202
0.00201
0.00201
0.00201
0.00202
0.00202
0.00204
0.00205
0.00207
0.00209
0.00211
0.00214
0.00217
0.00219
0.00223
0.00226
0.00231
0.00234
0.00238
0.00242
0.00246
0.00251
0.00255
0.00259
0.00264
0.00267
0.00272
0.00275
0.00279
0.00283
0.00286
0.00289
0.00292
0.00294
0.00296
0.00298
0.003
0.00301
0.00303
0.00303
0.00304
0.00304
0.00304
0.00304
0.00304
0.00303
0.00303
0.00302
0.00301
0.003
0.00299
0.00298
0.00296
0.00295
0.00294
0.00292
0.00291
0.00289
0.00288
0.00286
0.00284
0.00282
0.0028
0.00278
0.00276
0.00273
0.0027
0.00268
0.00264
0.00261
0.00258
0.00254
0.0025
0.00245
0.00241
0.00236
0.00231
0.00225
0.00219
0.00213
0.00207
0.002
0.00193
0.00186
0.00179
0.00171
0.00164
0.00156
0.00148
0.0014
0.00132
0.00123
0.00115
0.00107
0.00099
0.0009
0.00082
0.00074
0.00066
0.00058
0.0005
0.00043
0.00035
0.00028
0.00021
0.00014
8e-05
1e-05
-4e-05
-0.0001
-0.00015
-0.00021
-0.00025
-0.0003
-0.00034
-0.00038
-0.00042
-0.00045
-0.00047
-0.0005
-0.00051
-0.00054
-0.00054
-0.00055
-0.00056
-0.00056
-0.00055
-0.00055
-0.00054
-0.00053
-0.00051
-0.00049
-0.00046
-0.00043
-0.0004
-0.00037
-0.00033
-0.00029
-0.00024
-0.0002
-0.00015
-0.0001
-4e-05
1e-05
7e-05
0.00013
0.00019
0.00025
0.00031
0.00037
0.00044
0.0005
0.00057
0.00062
0.00069
0.00075
0.00082
0.00087
0.00093
0.00099
0.00105
0.00109
0.00115
0.00119
0.00124
0.00128
0.00132
0.00136
0.0014
0.00142
0.00145
0.00147
0.0015
0.00151
0.00153
0.00153
0.00155
0.00155
0.00155
0.00155
0.00154
0.00154
0.00153
0.00152
0.0015
0.00148
0.00147
0.00144
0.00142
0.00139
0.00136
0.00133
0.0013
0.00126
0.00122
0.00118
0.00114
0.00109
0.00104
0.00099
0.00094
0.00087
0.00082
0.00075
0.00068
0.00061
0.00054
0.00046
0.00038
0.0003
0.00021
0.00012
3e-05
-6e-05
-0.00016
-0.00025
-0.00035
-0.00045
-0.00054
-0.00064
-0.00074
-0.00084
-0.00093
-0.00103
-0.00112
-0.00121
-0.0013
-0.00139
-0.00148
-0.00156
-0.00164
-0.00172
-0.00179
-0.00187
-0.00193
-0.002
-0.00206
-0.00212
-0.00217
-0.00223
-0.00228
-0.00233
-0.00238
-0.00242
-0.00247
-0.00251
-0.00254
-0.00258
-0.00261
-0.00265
-0.00267
-0.0027
-0.00273
-0.00276
-0.00278
-0.0028
-0.00282
-0.00284
-0.00285
-0.00287
-0.00289
-0.0029
-0.0029
-0.00291
-0.00292
-0.00293
-0.00293
-0.00293
-0.00293
-0.00293
-0.00293
-0.00293
-0.00292
-0.00292
-0.00291
-0.00291
-0.0029
-0.00289
-0.00288
-0.00287
-0.00286
-0.00286
-0.00284
-0.00284
-0.00282
-0.00282
-0.0028
-0.0028
-0.00278
-0.00277
-0.00276
-0.00275
-0.00274
-0.00273
-0.00271
-0.0027
-0.00269
-0.00268
-0.00266
-0.00265
-0.00263
-0.00261
-0.00259
-0.00258
-0.00255
-0.00253
-0.00251
-0.00249
-0.00247
-0.00244
-0.00241
-0.00238
-0.00235
-0.00232
-0.00229
-0.00225
-0.00221
-0.00218
-0.00213
-0.00209
-0.00204
-0.00199
-0.00194
-0.00189
-0.00183
-0.00177
-0.0017
-0.00164
-0.00156
-0.0015
-0.00142
-0.00134
-0.00125
-0.00117
-0.00108
-0.00099
-0.00089
-0.0008
-0.00069
-0.00059
-0.00049
-0.00038
-0.00028
-0.00017
-6e-05
5e-05
0.00016
0.00026
0.00038
0.00048
0.00059
0.00069
0.00079
0.00089
0.00098
0.00108
0.00116
0.00125
0.00134
0.00142
0.00149
0.00156
0.00163
0.00169
0.00175
0.0018
0.00186
0.0019
0.00194
0.00198
0.00201
0.00203
0.00206
0.00207
0.00209
0.0021
0.00211
0.0021
0.0021
0.00209
0.00208
0.00206
0.00204
0.00201
0.00199
0.00195
0.00192
0.00187
0.00183
0.00178
0.00173
0.00167
0.00162
0.00155
0.00149
0.00141
0.00135
0.00127
0.0012
0.00111
0.00104
0.00096
0.00087
0.00079
0.0007
0.00062
0.00053
0.00045
0.00036
0.00027
0.00019
0.0001
2e-05
-6e-05
-0.00014
-0.00023
-0.0003
-0.00038
-0.00046
-0.00053
-0.00061
-0.00068
-0.00074
-0.00081
-0.00087
-0.00094
-0.001
-0.00106
-0.00111
-0.00117
-0.00122
-0.00127
-0.00131
-0.00136
-0.0014
-0.00144
-0.00148
-0.00151
-0.00154
-0.00156
-0.00159
-0.00161
-0.00162
-0.00164
-0.00165
-0.00165
-0.00165
-0.00166
-0.00165
-0.00164
-0.00163
-0.00161
-0.0016
-0.00157
-0.00154
-0.00151
-0.00148
-0.00145
-0.00141
-0.00138
-0.00133
-0.0013
-0.00125
-0.00121
-0.00116
-0.00112
-0.00108
-0.00104
-0.001
-0.00096
-0.00092
-0.00088
-0.00084
-0.00081
-0.00078
-0.00075
-0.00072
-0.0007
-0.00067
-0.00066
-0.00063
-0.00062
-0.00061
-0.0006
-0.0006
-0.00059
-0.00059
-0.00058
-0.00058
-0.00059
-0.00059
-0.00059
-0.00059
-0.0006
-0.00061
-0.00062
-0.00062
-0.00063
-0.00064
-0.00065
-0.00066
-0.00067
-0.00067
-0.00068
-0.00069
-0.0007
-0.0007
-0.00071
-0.00071
-0.00072
-0.00073
-0.00073
-0.00073
-0.00074
-0.00074
-0.00074
-0.00074
-0.00074
-0.00074
-0.00073
-0.00073
-0.00072
-0.00071
-0.00071
-0.00069
-0.00068
-0.00067
-0.00065
-0.00063
-0.00061
-0.00059
-0.00057
-0.00054
-0.00051
-0.00048
-0.00045
-0.00042
-0.00039
-0.00035
-0.00032
-0.00028
-0.00024
-0.0002
-0.00016
-0.00012
-8e-05
-4e-05
-0.0
3e-05
7e-05
0.00011
0.00015
0.00019
0.00022
0.00026
0.00029
0.00032
0.00035
0.00038
0.0004
0.00043
0.00045
0.00047
0.00049
0.0005
0.00052
0.00053
0.00054
0.00056
0.00056
0.00057
0.00057
0.00058
0.00057
0.00058
0.00057
0.00058
0.00057
0.00057
0.00056
0.00056
0.00056
0.00056
0.00056
0.00056
0.00056
0.00056
0.00057
0.00058
0.00058
0.0006
0.0006
0.00063
0.00064
0.00066
0.00069
0.00071
0.00075
0.00078
0.00082
0.00086
0.0009
0.00095
0.00099
0.00105
