2.94539908361277E+02

0.00098
0.00096
0.00094
0.00091
0.00089
0.00086
0.00083
0.0008
0.00076
0.00073
0.00069
0.00066
0.00062
0.00057
0.00054
0.00049
0.00045
0.00041
0.00037
0.00032
0.00029
0.00025
0.00021
0.00017
0.00013
0.0001
8e-05
5e-05
3e-05
1e-05
-0.0
-1e-05
-2e-05
-2e-05
-2e-05
-1e-05
1e-05
2e-05
4e-05
7e-05
0.0001
0.00013
0.00017
0.00021
0.00026
0.00031
0.00036
0.00042
0.00048
0.00053
0.00059
0.00065
0.00072
0.00078
0.00084
0.00091
0.00097
0.00103
0.00109
0.00116
0.00122
0.00127
0.00134
0.00139
0.00146
0.00151
0.00157
0.00162
0.00168
0.00174
0.00179
0.00185
0.0019
0.00196
0.00202
0.00208
0.00215
0.00221
0.00228
0.00234
0.00241
0.00248
0.00255
0.00263
0.00271
0.00278
0.00286
0.00294
0.00302
0.0031
0.00319
0.00327
0.00335
0.00343
0.00351
0.00359
0.00367
0.00374
0.00381
0.00387
0.00394
0.004
0.00405
0.0041
0.00414
0.00418
0.00422
0.00424
0.00427
0.00428
0.00429
0.00429
0.00429
0.00428
0.00427
0.00424
0.00422
0.00418
0.00415
0.0041
0.00406
0.00401
0.00396
0.0039
0.00384
0.00377
0.00371
0.00364
0.00357
0.0035
0.00343
0.00335
0.00328
0.0032
0.00312
0.00304
0.00297
0.00289
0.00281
0.00273
0.00265
0.00257
0.00249
0.0024
0.00232
0.00223
0.00215
0.00205
0.00197
0.00187
0.00177
0.00167
0.00157
0.00146
0.00136
0.00125
0.00114
0.00102
0.0009
0.00078
0.00066
0.00053
0.00041
0.00028
0.00016
3e-05
-0.0001
-0.00023
-0.00036
-0.00049
-0.00062
-0.00074
-0.00086
-0.00099
-0.00111
-0.00123
-0.00134
-0.00145
-0.00156
-0.00167
-0.00177
-0.00187
-0.00196
-0.00206
-0.00215
-0.00223
-0.00231
-0.00239
-0.00247
-0.00254
-0.00261
-0.00268
-0.00274
-0.00281
-0.00286
-0.00293
-0.00297
-0.00303
-0.00308
-0.00313
-0.00317
-0.00321
-0.00325
-0.00329
-0.00332
-0.00335
-0.00337
-0.0034
-0.00341
-0.00343
-0.00344
-0.00345
-0.00345
-0.00345
-0.00344
-0.00344
-0.00342
-0.0034
-0.00338
-0.00335
-0.00331
-0.00328
-0.00324
-0.0032
-0.00315
-0.0031
-0.00305
-0.003
-0.00293
-0.00288
-0.00282
-0.00276
-0.0027
-0.00263
-0.00257
-0.00251
-0.00244
-0.00239
-0.00232
-0.00227
-0.00221
-0.00215
-0.00209
-0.00205
-0.00199
-0.00194
-0.00189
-0.00185
-0.0018
-0.00175
-0.00171
-0.00167
-0.00162
-0.00159
-0.00154
-0.0015
-0.00146
-0.00143
-0.00138
-0.00135
-0.00131
-0.00127
-0.00123
-0.0012
-0.00116
-0.00112
-0.00109
-0.00105
-0.00101
-0.00098
-0.00095
-0.00092
-0.00088
-0.00086
-0.00083
-0.00081
-0.00077
-0.00076
-0.00074
-0.00072
-0.00071
-0.00069
-0.00068
-0.00068
-0.00067
-0.00068
-0.00067
-0.00068
-0.00068
-0.0007
-0.00071
-0.00073
-0.00074
-0.00076
-0.00079
-0.00082
-0.00085
-0.00088
-0.00091
-0.00094
-0.00098
-0.00103
-0.00106
-0.00111
-0.00115
-0.0012
-0.00125
-0.0013
-0.00135
-0.00141
-0.00146
-0.00152
-0.00158
-0.00164
-0.0017
-0.00176
-0.00182
-0.00189
-0.00196
-0.00203
-0.00209
-0.00216
-0.00223
-0.0023
-0.00236
-0.00243
-0.0025
-0.00257
-0.00264
-0.0027
-0.00276
-0.00283
-0.00288
-0.00295
-0.003
-0.00306
-0.00311
-0.00316
-0.00321
-0.00326
-0.00329
-0.00333
-0.00337
-0.00341
-0.00344
-0.00347
-0.0035
-0.00352
-0.00354
-0.00357
-0.00358
-0.0036
-0.00361
-0.00363
-0.00363
-0.00364
-0.00365
-0.00365
-0.00366
-0.00366
-0.00366
-0.00366
-0.00366
-0.00365
-0.00364
-0.00364
-0.00362
-0.00361
-0.00359
-0.00358
-0.00356
-0.00354
-0.0035
-0.00348
-0.00345
-0.00341
-0.00337
-0.00333
-0.00328
-0.00323
-0.00318
-0.00313
-0.00306
-0.003
-0.00293
-0.00287
-0.00279
-0.00272
-0.00264
-0.00256
-0.00248
-0.0024
-0.00231
-0.00222
-0.00213
-0.00203
-0.00193
-0.00184
-0.00174
-0.00165
-0.00154
-0.00144
-0.00134
-0.00124
-0.00113
-0.00103
-0.00092
-0.00081
-0.00071
-0.0006
-0.00049
-0.00038
-0.00028
-0.00017
-6e-05
4e-05
0.00015
0.00025
0.00036
0.00046
0.00057
0.00066
0.00076
0.00086
0.00095
0.00105
0.00114
0.00123
0.00132
0.0014
0.00148
0.00156
0.00164
0.00171
0.00178
0.00184
0.00192
0.00198
0.00204
0.00209
0.00215
0.0022
0.00225
0.0023
0.00235
0.00239
0.00244
0.00248
0.00252
0.00255
0.00259
0.00262
0.00266
0.00269
0.00272
0.00275
0.00277
0.0028
0.00283
0.00285
0.00288
0.00289
0.00292
0.00293
0.00295
0.00297
0.00299
0.00299
0.00301
0.00302
0.00303
0.00303
0.00304
0.00305
0.00306
0.00306
0.00306
0.00306
0.00307
0.00306
0.00307
0.00306
0.00306
0.00305
0.00306
0.00305
0.00305
0.00304
0.00303
0.00303
0.00303
0.00302
0.00302
0.003
0.003
0.00299
0.00299
0.00298
0.00298
0.00297
0.00297
0.00296
0.00295
0.00294
0.00294
0.00293
0.00293
0.00292
0.00292
0.00291
0.00291
0.0029
0.0029
0.00289
0.00289
0.00288
0.00288
0.00287
0.00286
0.00285
0.00285
0.00284
0.00283
0.00282
0.00281
0.0028
0.00279
0.00277
0.00277
0.00275
0.00274
0.00272
0.00271
0.00269
0.00267
0.00265
0.00263
0.00262
0.0026
0.00259
0.00257
0.00255
0.00254
0.00253
0.00252
0.0025
0.0025
0.00249
0.00249
0.00248
0.00248
0.00248
0.00248
0.00248
0.00249
0.0025
0.00251
0.00251
0.00253
0.00254
0.00255
0.00256
0.00258
0.00259
0.00261
0.00262
0.00263
0.00264
0.00265
0.00266
0.00267
0.00268
0.00268
0.00268
0.00268
0.00267
0.00267
0.00266
0.00265
0.00263
0.00262
0.00259
0.00257
0.00255
0.00252
0.00249
0.00246
0.00242
0.00239
0.00235
0.00232
0.00228
0.00224
0.0022
0.00216
0.00212
0.00208
0.00204
0.002
0.00196
0.00192
0.00189
0.00185
0.00182
0.00178
0.00174
0.00171
0.00168
0.00165
0.00162
0.00158
0.00155
0.00152
0.00149
0.00145
0.00142
0.00138
0.00134
0.00131
0.00127
0.00123
0.00118
0.00114
0.00109
0.00104
0.00098
0.00093
0.00087
0.00082
0.00075
0.00068
0.00061
0.00054
0.00047
0.0004
0.00032
0.00024
0.00016
8e-05
-1e-05
-9e-05
-0.00018
-0.00027
-0.00036
-0.00045
-0.00054
-0.00064
-0.00073
-0.00083
-0.00092
-0.00101
-0.00111
-0.0012
-0.0013
-0.00139
-0.00148
-0.00157
-0.00167
-0.00176
-0.00186
-0.00194
-0.00203
-0.00212
-0.00221
-0.0023
-0.00238
-0.00246
-0.00254
-0.00262
-0.0027
-0.00277
-0.00284
-0.00291
-0.00298
-0.00304
-0.0031
-0.00316
-0.00322
-0.00327
-0.00332
-0.00337
-0.00341
-0.00345
-0.00349
-0.00352
-0.00355
-0.00358
-0.00361
-0.00363
-0.00365
-0.00367
-0.00369
-0.0037
-0.00371
-0.00372
-0.00373
-0.00374
-0.00375
-0.00375
-0.00375
-0.00375
-0.00376
-0.00376
-0.00376
-0.00375
-0.00375
-0.00375
-0.00375
-0.00373
-0.00373
-0.00372
-0.00372
-0.00371
-0.0037
-0.00369
-0.00367
-0.00366
-0.00365
-0.00363
-0.00362
-0.0036
-0.00359
-0.00357
-0.00356
-0.00354
-0.00353
-0.00351
-0.0035
-0.00348
-0.00347
-0.00345
-0.00344
-0.00343
-0.00342
-0.00341
-0.0034
-0.0034
-0.0034
-0.00339
-0.0034
-0.0034
-0.0034
-0.00341
-0.00342
-0.00343
-0.00345
-0.00346
-0.00347
-0.00349
-0.00351
-0.00353
-0.00355
-0.00356
-0.00359
-0.0036
-0.00362
-0.00363
-0.00365
-0.00366
-0.00367
-0.00368
-0.00368
-0.00367
-0.00367
-0.00365
-0.00364
-0.00361
-0.00359
-0.00355
-0.00351
-0.00346
-0.00341
-0.00335
-0.00328
-0.0032
-0.00312
-0.00303
-0.00293
-0.00283
-0.00271
-0.00259
-0.00247
-0.00233
-0.00219
-0.00204
-0.00189
-0.00172
-0.00156
-0.00138
-0.0012
-0.00102
-0.00083
-0.00063
-0.00043
-0.00022
-1e-05
0.00021
0.00043
0.00066
0.00089
0.00113
0.00137
0.00162
0.00186
0.00212
0.00237
0.00263
0.00289
0.00315
0.00342
0.0037
0.00397
0.00425
0.00452
0.00481
0.00509
0.00537
0.00566
0.00594
0.00623
0.00652
0.00681
0.0071
0.00738
0.00767
0.00796
0.00825
0.00853
0.00882
0.0091
0.00938
0.00966
0.00994
0.01022
0.01049
0.01076
0.01104
0.0113
0.01157
0.01183
0.01209
0.01235
0.01261
0.01287
0.01312
0.01337
0.01362
0.01386
0.01411
0.01434
0.01458
0.01481
0.01505
0.01528
0.0155
0.01572
0.01594
0.01616
0.01637
0.01657
0.01678
0.01698
0.01718
0.01737
0.01757
0.01775
0.01793
0.01811
0.01829
0.01846
0.01863
0.01879
0.01895
0.01911
0.01927
0.01942
0.01957
0.01971
0.01985
0.01999
0.02013
0.02026
0.02039
0.02052
0.02065
0.02077
0.02089
0.021
0.02111
0.02122
0.02133
0.02143
0.02153
0.02162
0.02171
0.02179
0.02187
0.02194
0.02201
0.02207
0.02213
0.02218
0.02222
0.02225
0.02228
0.02231
0.02233
0.02234
0.02234
0.02233
0.02233
0.02231
0.02229
0.02226
0.02223
0.02219
0.02215
0.0221
0.02205
0.02199
0.02193
0.02187
0.0218
0.02173
0.02166
0.02158
0.02151
0.02143
0.02135
0.02126
0.02118
0.02109
0.02101
0.02093
0.02084
0.02075
0.02067
0.02058
0.0205
0.02041
0.02032
0.02024
0.02015
0.02007
0.01999
0.01991
0.01983
0.01975
0.01968
0.0196
0.01953
0.01945
0.01938
0.01932
0.01925
0.01919
0.01913
0.01907
0.01902
0.01896
0.01892
0.01887
0.01882
0.01878
0.01874
0.0187
0.01867
0.01864
0.0186
0.01857
0.01855
0.01852
0.0185
0.01847
0.01844
0.01842
0.0184
0.01837
0.01834
0.01832
0.01829
0.01826
0.01823
0.0182
0.01816
0.01813
0.01809
0.01805
0.01801
0.01796
0.01792
0.01787
0.01782
0.01777
0.01771
0.01765
0.01759
0.01753
0.01747
0.0174
0.01733
0.01726
0.01719
0.01712
0.01705
0.01697
0.01689
0.01681
0.01674
0.01665
0.01657
0.01649
0.0164
0.01632
0.01623
0.01614
0.01604
0.01595
0.01586
0.01576
0.01566
0.01555
0.01545
0.01534
0.01523
0.01512
0.015
0.01488
0.01477
0.01464
0.01451
0.01438
0.01425
0.01411
0.01397
0.01383
0.01369
0.01353
0.01339
0.01323
0.01308
0.01291
0.01275
0.01259
0.01243
0.01225
0.01208
0.01191
0.01174
0.01156
0.01138
0.01121
0.01103
0.01085
0.01067
0.01049
0.01031
0.01013
0.00995
0.00977
0.00959
0.00941
0.00924
0.00907
0.00889
0.00873
0.00856
0.0084
0.00824
0.00808
0.00794
0.00779
0.00765
0.00751
0.00737
0.00724
0.00712
0.007
0.00689
0.00678
0.00667
0.00657
0.00648
0.00639
0.00631
0.00622
0.00615
0.00607
0.00601
0.00594
0.00588
0.00582
0.00577
0.00572
0.00568
0.00563
0.00559
0.00555
0.00551
0.00548
0.00545
0.00542
0.0054
0.00537
0.00536
0.00533
0.00532
0.00531
0.0053
0.00529
0.00529
0.00529
0.00529
0.0053
0.00531
0.00532
0.00534
0.00536
0.00538
0.0054
0.00543
0.00546
0.0055
0.00553
0.00557
0.00561
0.00565
0.00569
0.00573
0.00577
0.00582
0.00586
0.0059
0.00594
0.00599
0.00602
0.00606
0.00609
0.00613
0.00616
0.00619
0.00621
0.00624
0.00626
0.00628
0.00629
0.00631
0.00632
0.00633
0.00633
0.00633
0.00633
0.00633
0.00632
0.00632
0.00631
0.0063
0.00628
0.00627
0.00625
0.00623
0.00621
0.00618
0.00616
0.00613
0.00609
0.00606
0.00602
0.00599
0.00594
0.0059
0.00585
0.00581
0.00575
0.00569
0.00564
0.00558
0.00551
0.00545
0.00538
0.00532
0.00524
0.00518
0.0051
0.00504
0.00496
0.00489
0.00481
0.00475
0.00468
0.00461
0.00454
0.00447
0.00441
0.00435
0.00429
0.00423
0.00417
0.00412
0.00406
0.00402
0.00397
0.00392
0.00387
0.00383
0.00379
0.00374
0.0037
0.00365
0.00361
0.00357
0.00352
0.00348
0.00343
0.00338
0.00333
0.00328
0.00322
0.00317
0.00311
0.00305
0.00299
0.00293
0.00286
0.0028
0.00274
0.00268
0.00262
0.00256
0.0025
0.00245
0.00239
0.00235
0.00229
0.00225
0.00221
0.00218
0.00214
0.00211
0.00208
0.00206
0.00204
0.00203
0.00202
0.00201
0.002
0.00199
0.00199
0.00199
0.00198
0.00198
0.00197
0.00197
0.00196
0.00196
0.00194
0.00193
0.00191
0.00189
0.00187
0.00185
0.00181
0.00178
0.00174
0.00171
0.00166
0.00161
0.00156
0.00151
0.00146
0.0014
0.00135
0.00129
0.00123
0.00118
0.00112
0.00107
0.00101
0.00096
0.0009
0.00086
0.00081
0.00076
0.00072
0.00068
0.00064
0.00061
0.00057
0.00054
0.00051
0.00049
0.00046
0.00044
0.00042
0.0004
0.00038
0.00036
0.00034
0.00033
0.00031
0.0003
0.00028
0.00027
0.00025
0.00023
0.00022
0.00021
0.0002
0.00018
0.00016
0.00016
0.00014
0.00013
0.00012
0.00011
9e-05
8e-05
7e-05
6e-05
5e-05
3e-05
3e-05
2e-05
1e-05
1e-05
-1e-05
-1e-05
-2e-05
-2e-05
-3e-05
-3e-05
-4e-05
-4e-05
-5e-05
-5e-05
-6e-05
-6e-05
-6e-05
-6e-05
-6e-05
-5e-05
-6e-05
-5e-05
-5e-05
-4e-05
-3e-05
-2e-05
-2e-05
-0.0
1e-05
2e-05
3e-05
4e-05
6e-05
8e-05
0.0001
0.00012
0.00013
0.00016
0.00018
0.0002
0.00022
0.00024
0.00026
0.00029
0.00031
0.00033
0.00035
0.00038
0.0004
0.00043
0.00045
0.00048
0.0005
0.00052
0.00055
0.00058
0.0006
0.00063
0.00066
0.00069
0.00072
0.00076
0.00079
0.00082
0.00087
0.00091
0.00095
0.00099
0.00103
0.00108
0.00112
0.00118
0.00122
0.00128
0.00132
0.00138
0.00144
0.00149
0.00155
0.0016
0.00166
0.00172
0.00178
0.00185
0.0019
0.00197
0.00202
0.00209
0.00215
0.00221
0.00227
0.00233
0.00239
0.00245
0.0025
0.00256
0.00262
0.00268
0.00273
0.00279
0.00283
0.00289
0.00293
0.00298
0.00302
0.00307
0.0031
0.00314
0.00317
0.0032
0.00322
0.00324
0.00326
0.00328
0.00329
0.0033
0.00329
0.00329
0.00328
0.00328
0.00326
0.00325
0.00322
0.0032
0.00317
0.00314
0.0031
0.00306
0.00303
0.00299
0.00294
0.0029
0.00284
0.0028
0.00275
0.0027
0.00264
0.00259
0.00253
0.00248
0.00242
0.00237
0.00231
0.00225
0.00219
0.00213
0.00207
0.00202
0.00195
0.00189
0.00182
0.00176
0.00169
0.00163
0.00156
0.0015
0.00143
0.00136
0.00129
0.00122
0.00115
0.00108
0.00101
0.00094
0.00087
0.0008
0.00073
0.00067
0.0006
0.00054
0.00047
0.00042
0.00036
0.0003
0.00025
0.0002
0.00015
0.00011
6e-05
3e-05
-1e-05
-4e-05
-8e-05
-0.0001
-0.00013
-0.00015
-0.00017
-0.00018
-0.00019
-0.0002
-0.00021
-0.00021
-0.00022
-0.00021
-0.00021
-0.0002
-0.0002
-0.00019
-0.00019
-0.00017
-0.00016
-0.00014
-0.00013
-0.00011
-9e-05
-7e-05
-6e-05
-3e-05
-1e-05
1e-05
4e-05
7e-05
9e-05
0.00012
0.00014
0.00017
0.0002
0.00022
0.00025
0.00028
0.0003
0.00033
0.00035
0.00038
0.0004
0.00043
0.00045
0.00047
0.00049
0.00051
0.00052
0.00055
0.00056
0.00057
0.00058
0.0006
0.00061
0.00062
0.00062
0.00063
0.00064
0.00065
0.00066
0.00067
0.00068
0.00069
0.0007
0.00072
0.00074
0.00076
0.00077
0.0008
0.00082
0.00085
0.00089
0.00092
0.00096
0.001
0.00105
0.0011
0.00115
0.00121
0.00126
0.00133
0.00138
0.00145
0.00151
0.00159
0.00166
0.00173
0.0018
0.00187
0.00194
0.00201
0.00208
0.00215
0.00222
0.00229
0.00235
0.00241
0.00247
0.00253
0.00259
0.00264
0.00269
0.00274
0.00278
0.00282
0.00287
0.0029
0.00294
0.00297
0.003
0.00303
0.00305
0.00307
0.00308
0.0031
0.00311
0.00312
0.00313
0.00313
0.00313
0.00312
0.00312
0.00311
0.00309
0.00307
0.00304
0.00302
0.00299
0.00295
0.00291
0.00287
0.00281
0.00277
0.0027
0.00264
0.00257
0.0025
0.00243
0.00236
0.00228
0.00219
0.0021
0.00202
0.00193
0.00184
0.00175
0.00166
0.00157
0.00149
0.00139
0.00131
0.00122
0.00113
0.00105
0.00097
0.0009
0.00083
0.00075
0.00069
0.00062
0.00056
0.00051
0.00045
0.0004
0.00036
0.00032
0.00028
0.00024
0.00021
0.00018
0.00016
0.00013
0.00012
9e-05
8e-05
7e-05
6e-05
5e-05
5e-05
5e-05
5e-05
5e-05
6e-05
6e-05
7e-05
8e-05
0.0001
0.00012
0.00013
0.00015
0.00017
0.00019
0.00021
0.00023
0.00026
0.00028
0.00031
0.00033
0.00035
0.00038
0.0004
0.00042
0.00044
0.00046
0.00048
0.00049
0.0005
0.00051
0.00052
0.00053
0.00053
0.00053
0.00053
0.00053
0.00052
0.00052
0.0005
0.00049
0.00048
0.00047
0.00046
0.00044
0.00042
0.0004
0.00039
0.00037
0.00035
0.00033
0.00032
0.0003
0.00029
0.00028
0.00026
0.00025
0.00024
0.00023
0.00023
0.00022
0.00021
0.00021
0.00021
0.0002
0.0002
0.00019
0.0002
0.00019
0.00019
0.00019
0.00019
0.00018
0.00018
0.00018
0.00018
0.00017
0.00017
0.00016
0.00016
0.00015
0.00015
0.00013
0.00013
0.00012
0.00011
9e-05
8e-05
7e-05
6e-05
5e-05
4e-05
2e-05
1e-05
-0.0
-1e-05
-2e-05
-3e-05
-5e-05
-5e-05
-7e-05
-7e-05
-8e-05
-9e-05
-0.0001
-0.0001
-0.00011
-0.00011
-0.00012
-0.00012
-0.00013
-0.00012
-0.00013
-0.00013
-0.00013
-0.00013
-0.00013
-0.00013
-0.00013
-0.00014
-0.00014
-0.00013
-0.00014
-0.00014
-0.00014
-0.00014
-0.00015
-0.00015
-0.00016
-0.00017
-0.00018
-0.00019
-0.0002
-0.00022
-0.00023
-0.00025
-0.00027
-0.00029
-0.00031
-0.00033
-0.00036
-0.00038
-0.00041
-0.00044
-0.00047
-0.00049
-0.00052
-0.00055
-0.00058
-0.0006
-0.00063
-0.00066
-0.00068
-0.0007
-0.00072
-0.00073
-0.00075
-0.00076
-0.00077
-0.00077
-0.00078
-0.00078
-0.00078
-0.00077
-0.00076
-0.00075
-0.00074
-0.00072
-0.0007
-0.00067
-0.00065
-0.00061
-0.00059
-0.00055
-0.00052
-0.00048
-0.00044
-0.0004
-0.00036
-0.00031
-0.00027
-0.00023
-0.00018
-0.00014
-9e-05
-4e-05
0.0
5e-05
9e-05
0.00015
0.00019
0.00024
0.00029
0.00034
0.00038
0.00044
0.00048
0.00053
0.00058
0.00063
0.00069
0.00074
0.00079
0.00085
0.0009
0.00096
0.001
0.00106
0.00111
0.00117
0.00122
0.00127
0.00132
0.00137
0.00141
0.00146
0.0015
0.00154
0.00158
0.00162
0.00164
0.00167
0.0017
0.00172
0.00174
0.00175
0.00176
0.00177
0.00177
0.00178
0.00177
0.00176
0.00176
0.00175
0.00173
0.00172
0.0017
0.00168
0.00166
0.00164
0.00161
0.00159
0.00156
0.00154
0.00152
0.00149
0.00147
0.00145
0.00143
0.00141
0.00139
0.00137
0.00135
0.00134
0.00132
0.00131
0.0013
0.00129
0.00128
0.00128
0.00127
0.00127
0.00126
0.00126
0.00126
0.00126
0.00126
0.00126
0.00126
0.00126
0.00126
0.00127
0.00127
0.00128
0.00128
0.0013
0.0013
0.00131
0.00132
0.00133
0.00134
0.00136
0.00137
0.00139
0.0014
0.00143
0.00144
0.00147
0.00149
0.00151
0.00153
0.00156
0.00159
0.00161
0.00164
0.00166
0.00169
0.00172
0.00175
0.00178
0.0018
0.00184
0.00186
0.00189
0.00191
0.00194
0.00196
0.00199
0.00201
0.00202
0.00204
0.00206
0.00207
0.00209
0.0021
0.00212
0.00212
0.00214
0.00214
0.00215
0.00215
0.00216
0.00216
0.00217
0.00217
0.00217
0.00217
0.00218
0.00218
0.00218
0.00218
0.00219
0.00219
0.00219
0.00219
0.0022
0.0022
0.00221
0.00221
0.00222
0.00222
0.00222
0.00223
0.00223
0.00224
0.00224
0.00225
0.00226
0.00226
0.00227
0.00227
0.00228
0.00228
0.00228
0.00228
0.00229
0.00229
0.0023
0.0023
0.0023
0.00231
0.00231
0.00232
0.00232
0.00232
0.00233
0.00233
0.00234
0.00234
0.00234
0.00234
0.00235
0.00235
0.00235
0.00235
0.00235
0.00235
0.00235
0.00234
0.00234
0.00232
0.00232
0.0023
0.00229
0.00227
0.00225
0.00222
0.0022
0.00217
0.00213
0.00209
0.00205
0.00201
0.00196
0.00191
0.00186
0.0018
0.00174
0.00168
0.00162
0.00155
0.00149
0.00141
0.00135
0.00128
0.00121
0.00113
0.00106
0.001
0.00093
0.00086
0.00079
0.00072
0.00066
0.00059
0.00053
0.00047
0.00041
0.00034
0.00029
0.00023
0.00017
0.00011
6e-05
0.0
-5e-05
-0.00011
-0.00016
-0.00022
-0.00027
-0.00033
-0.00038
-0.00044
-0.00049
-0.00055
-0.0006
-0.00066
-0.00071
-0.00077
-0.00082
-0.00088
-0.00093
-0.00098
-0.00103
-0.00108
-0.00113
-0.00118
-0.00122
-0.00127
-0.00131
-0.00135
-0.00139
-0.00143
-0.00146
-0.0015
-0.00153
-0.00156
-0.00159
-0.00162
-0.00164
-0.00168
-0.0017
-0.00173
-0.00175
-0.00178
-0.0018
-0.00183
-0.00186
-0.00188
-0.00191
-0.00194
-0.00197
-0.002
-0.00203
-0.00206
-0.00209
-0.00213
-0.00216
-0.00219
-0.00222
-0.00226
-0.00228
-0.00231
-0.00234
-0.00236
-0.00239
-0.00241
-0.00243
-0.00245
-0.00246
-0.00248
-0.00248
-0.00249
-0.00249
-0.0025
-0.00249
-0.00249
-0.00248
-0.00248
-0.00246
-0.00245
-0.00244
-0.00242
-0.0024
-0.00238
-0.00235
-0.00233
-0.00231
-0.00229
-0.00226
-0.00223
-0.0022
-0.00217
-0.00214
-0.00212
-0.00209
-0.00206
-0.00203
-0.002
-0.00197
-0.00193
-0.0019
-0.00187
-0.00183
-0.0018
-0.00176
-0.00173
-0.00169
-0.00165
-0.00161
-0.00157
-0.00153
-0.00149
-0.00145
-0.00141
-0.00137
-0.00133
-0.00128
-0.00124
-0.0012
-0.00116
-0.00111
-0.00107
-0.00103
-0.00099
-0.00095
-0.00091
-0.00086
-0.00083
-0.00079
-0.00075
-0.00071
-0.00067
-0.00063
-0.00058
-0.00054
-0.0005
-0.00046
-0.00042
-0.00037
-0.00033
-0.00028
-0.00024
-0.00019
-0.00015
-0.0001
-5e-05
-1e-05
4e-05
9e-05
0.00013
0.00018
0.00022
0.00027
0.0003
0.00035
0.00038
0.00042
0.00044
0.00048
0.0005
0.00052
0.00054
0.00055
0.00056
0.00057
0.00058
0.00058
0.00057
0.00057
0.00056
0.00056
0.00054
0.00053
0.00051
0.00049
0.00047
0.00045
0.00043
0.0004
0.00038
0.00036
0.00034
0.00033
0.0003
0.00029
0.00026
0.00025
0.00023
0.00022
0.0002
0.00019
0.00017
0.00016
0.00014
0.00012
0.00011
0.0001
8e-05
7e-05
5e-05
3e-05
1e-05
-1e-05
-4e-05
-6e-05
-9e-05
-0.00011
-0.00014
-0.00017
-0.0002
-0.00023
-0.00026
-0.00028
-0.00032
-0.00034
-0.00038
-0.0004
-0.00043
-0.00045
-0.00047
-0.00049
-0.00051
-0.00052
-0.00054
-0.00055
-0.00056
-0.00056
-0.00056
-0.00056
-0.00056
-0.00055
-0.00055
-0.00054
-0.00053
-0.00052
-0.00051
-0.0005
-0.00049
-0.00047
-0.00046
-0.00045
-0.00045
-0.00044
-0.00044
-0.00043
-0.00043
-0.00043
-0.00043
-0.00043
-0.00044
-0.00044
-0.00045
-0.00046
-0.00047
-0.00047
-0.00049
-0.0005
-0.0005
-0.00051
-0.00052
-0.00052
-0.00053
-0.00053
-0.00053
-0.00053
-0.00053
-0.00052
-0.00051
-0.0005
-0.00049
-0.00046
-0.00045
-0.00043
-0.00041
-0.00039
-0.00036
-0.00033
-0.00031
-0.00028
-0.00025
-0.00022
-0.0002
-0.00017
-0.00014
-0.00011
-0.0001
-6e-05
-5e-05
-2e-05
-1e-05
1e-05
3e-05
5e-05
7e-05
8e-05
9e-05
0.00011
0.00012
0.00014
0.00015
0.00016
0.00017
0.00019
0.0002
0.00021
0.00023
0.00024
0.00026
0.00028
0.0003
0.00032
0.00034
0.00036
0.00038
0.00041
0.00043
0.00045
0.00047
0.0005
0.00052
0.00054
0.00057
0.00059
0.00061
0.00064
0.00066
0.00069
0.00071
0.00074
0.00076
0.00078
0.0008
0.00083
0.00085
0.00087
0.0009
0.00092
0.00094
0.00096
0.00099
0.00101
0.00104
0.00106
0.00108
0.00111
0.00113
0.00116
0.00118
0.00121
0.00122
0.00125
0.00127
0.00129
0.00131
0.00133
0.00135
0.00137
0.00139
0.00141
0.00142
0.00144
0.00145
0.00147
0.00148
0.00149
0.0015
0.00152
0.00152
0.00153
0.00154
0.00155
0.00156
0.00157
0.00158
0.00159
0.00159
0.0016
0.00161
0.00162
0.00162
0.00163
0.00164
0.00165
0.00165
0.00166
0.00166
0.00167
0.00167
0.00167
0.00167
0.00168
0.00167
0.00167
0.00166
0.00166
0.00165
0.00164
0.00162
0.00161
0.00159
0.00157
0.00155
0.00153
0.0015
0.00148
0.00145
0.00143
0.00139
0.00136
0.00132
0.00129
0.00125
0.00122
0.00118
0.00114
0.0011
0.00106
0.00101
0.00097
0.00092
0.00088
0.00083
0.00078
0.00073
0.00068
0.00063
0.00058
0.00052
0.00046
0.00039
0.00034
0.00027
0.0002
0.00013
6e-05
-1e-05
-9e-05
-0.00016
-0.00024
-0.00033
-0.00041
-0.0005
-0.00058
-0.00068
-0.00076
-0.00086
-0.00095
-0.00104
-0.00114
-0.00123
-0.00133
-0.00142
-0.00151
-0.0016
-0.00169
-0.00179
-0.00188
-0.00197
-0.00205
-0.00214
-0.00223
-0.00231
-0.00239
-0.00247
-0.00255
-0.00262
-0.0027
-0.00277
-0.00283
-0.0029
-0.00296
-0.00303
-0.00309
-0.00315
-0.0032
-0.00326
-0.00331
-0.00336
-0.00341
-0.00346
-0.0035
-0.00355
-0.00359
-0.00363
-0.00367
-0.0037
-0.00373
-0.00377
-0.0038
-0.00383
-0.00385
-0.00388
-0.0039
-0.00392
-0.00393
-0.00395
-0.00396
-0.00397
-0.00398
-0.00398
-0.00398
-0.00398
-0.00397
-0.00397
-0.00395
-0.00394
-0.00392
-0.0039
-0.00387
-0.00384
-0.00381
-0.00377
-0.00373
-0.00369
-0.00364
-0.00359
-0.00353
-0.00347
-0.00341
-0.00335
-0.00327
-0.0032
-0.00312
-0.00304
-0.00296
-0.00287
-0.00278
-0.00268
-0.00259
-0.00248
-0.00238
-0.00227
-0.00216
-0.00205
-0.00193
-0.00182
-0.00169
-0.00157
-0.00144
-0.00132
-0.00119
-0.00107
-0.00093
-0.0008
-0.00067
-0.00054
-0.00041
-0.00028
-0.00015
-1e-05
0.00012
0.00024
0.00037
0.00049
0.00062
0.00074
0.00086
0.00097
0.00109
0.0012
0.0013
0.00141
0.00151
0.00161
0.0017
0.00179
0.00188
0.00196
0.00205
0.00212
0.0022
0.00227
0.00234
0.0024
0.00247
0.00253
0.00259
0.00264
0.00269
0.00274
0.00279
0.00283
0.00287
0.00291
0.00295
0.00298
0.00302
0.00305
0.00308
0.0031
0.00313
0.00315
0.00317
0.00319
0.00321
0.00323
0.00325
0.00326
0.00328
0.00328
0.0033
0.0033
0.00331
0.00332
0.00332
0.00332
0.00333
0.00333
0.00333
0.00332
0.00332
0.00331
0.00331
0.0033
0.0033
0.00328
0.00327
0.00326
0.00325
0.00322
0.00321
0.00318
0.00316
0.00314
0.00311
0.00308
0.00305
0.00301
0.00298
0.00294
0.0029
0.00285
0.00281
0.00276
0.00272
0.00266
0.00261
0.00255
0.00249
0.00243
0.00237
0.0023
0.00223
0.00216
0.00209
0.00202
0.00195
0.00187
0.00179
0.00171
0.00164
0.00155
0.00148
0.00139
0.00131
0.00123
0.00114
0.00106
0.00097
0.00089
0.00081
0.00073
0.00064
0.00055
0.00047
0.00039
0.0003
0.00022
0.00013
5e-05
-3e-05
-0.00012
-0.00021
-0.00029
-0.00038
-0.00047
-0.00055
-0.00064
-0.00073
-0.00082
-0.00091
-0.001
-0.00108
-0.00118
-0.00127
-0.00136
-0.00145
-0.00155
-0.00164
-0.00173
-0.00182
-0.00192
-0.00201
-0.0021
-0.00218
-0.00228
-0.00236
-0.00245
-0.00253
-0.00262
-0.0027
-0.00278
-0.00285
-0.00292
-0.00299
-0.00306
-0.00312
-0.00318
-0.00323
-0.00329
-0.00333
-0.00338
-0.00341
-0.00345
-0.00348
-0.00351
-0.00353
-0.00355
-0.00355
-0.00357
-0.00357
-0.00357
-0.00357
-0.00356
-0.00354
-0.00352
-0.0035
-0.00348
-0.00344
-0.00341
-0.00336
-0.00332
-0.00327
-0.00322
-0.00316
-0.0031
-0.00304
-0.00297
-0.0029
-0.00282
-0.00274
-0.00265
-0.00256
-0.00247
-0.00237
-0.00228
-0.00217
-0.00207
-0.00196
-0.00185
-0.00173
-0.00162
-0.0015
-0.00139
-0.00127
-0.00115
-0.00103
-0.0009
-0.00078
-0.00067
-0.00054
-0.00042
-0.0003
-0.00019
-7e-05
4e-05
0.00016
0.00027
0.00038
0.00049
0.00059
0.0007
0.0008
0.0009
0.001
0.00109
0.0012
0.00129
0.00138
0.00147
0.00156
0.00165
0.00174
0.00182
0.0019
0.00198
0.00206
0.00214
0.00222
0.00229
0.00236
0.00242
0.00249
0.00254
0.0026
0.00265
0.0027
0.00273
0.00277
0.0028
0.00282
0.00284
0.00285
0.00286
0.00286
0.00286
0.00285
0.00282
0.0028
0.00277
0.00274
0.00269
0.00264
0.00259
0.00254
0.00247
0.0024
0.00233
0.00225
0.00218
0.0021
0.00201
0.00193
0.00184
0.00175
0.00165
0.00156
0.00146
0.00137
0.00126
0.00117
0.00106
0.00096
0.00086
0.00075
0.00064
0.00054
0.00043
0.00032
0.0002
9e-05
-3e-05
-0.00014
-0.00027
-0.00039
-0.00051
-0.00063
-0.00076
-0.00089
-0.00103
-0.00116
-0.00129
-0.00142
-0.00156
-0.00169
-0.00183
-0.00197
-0.00211
-0.00224
-0.00238
-0.00251
-0.00265
-0.00278
-0.00291
-0.00304
-0.00317
-0.0033
-0.00342
-0.00354
-0.00365
-0.00376
-0.00387
-0.00397
-0.00408
-0.00417
-0.00426
-0.00435
-0.00443
-0.0045
-0.00458
-0.00465
-0.00471
-0.00476
-0.00481
-0.00486
-0.00489
-0.00492
-0.00496
-0.00498
-0.005
-0.005
-0.00501
-0.00501
-0.00501
-0.005
-0.00499
-0.00497
-0.00494
-0.00491
-0.00488
-0.00484
-0.0048
-0.00474
-0.0047
-0.00464
-0.00458
-0.00451
-0.00444
-0.00437
-0.00429
-0.00421
-0.00412
-0.00403
-0.00394
-0.00385
-0.00374
-0.00364
-0.00353
-0.00341
-0.0033
-0.00318
-0.00306
-0.00293
-0.0028
-0.00266
-0.00253
-0.00239
-0.00225
-0.0021
-0.00196
-0.00181
-0.00165
-0.0015
-0.00134
-0.00119
-0.00103
-0.00087
-0.00072
-0.00055
-0.0004
-0.00023
-8e-05
8e-05
0.00024
0.00039
0.00054
0.00069
0.00084
0.00099
0.00113
0.00127
0.00141
0.00155
0.00167
0.00181
0.00193
0.00205
0.00216
0.00228
0.00238
0.00249
0.00259
0.00268
0.00277
0.00286
0.00295
0.00303
0.0031
0.00317
0.00324
0.0033
0.00336
0.00342
0.00346
0.00352
0.00356
0.00359
0.00363
0.00366
0.00369
0.00371
0.00373
0.00375
0.00376
0.00378
0.00378
0.00379
0.00379
0.00379
0.00378
0.00378
0.00377
0.00376
0.00374
0.00373
0.00371
0.00369
0.00366
0.00364
0.00361
0.00358
0.00355
0.00352
0.00348
0.00344
0.0034
0.00336
0.00332
0.00328
0.00323
0.00318
0.00313
0.00309
0.00304
0.00299
0.00293
0.00288
0.00283
0.00278
0.00272
0.00267
0.00261
0.00256
0.00251
0.00246
0.0024
0.00235
0.0023
0.00225
0.0022
0.00215
0.0021
0.00206
0.00201
0.00196
0.00192
0.00187
0.00183
0.00179
0.00175
0.0017
0.00166
0.00162
0.00158
0.00154
0.0015
0.00147
0.00142
0.00139
0.00135
0.00131
0.00127
0.00123
0.00119
0.00115
0.00111
0.00107
0.00103
0.00098
0.00094
0.00091
0.00086
0.00083
0.00078
0.00074
0.0007
0.00067
0.00062
0.00059
0.00055
0.00052
0.00048
0.00045
0.00041
0.00038
0.00035
0.00032
0.00029
0.00027
0.00023
0.00021
0.00019
0.00016
0.00014
0.00012
9e-05
8e-05
5e-05
3e-05
1e-05
-1e-05
-4e-05
-6e-05
-8e-05
-0.0001
-0.00013
-0.00015
-0.00018
-0.0002
-0.00023
-0.00025
-0.00028
-0.0003
-0.00032
-0.00035
-0.00038
-0.0004
-0.00042
-0.00045
-0.00047
-0.00048
-0.00051
-0.00052
-0.00054
-0.00054
-0.00056
-0.00056
-0.00057
-0.00057
-0.00057
-0.00057
-0.00056
-0.00055
-0.00054
-0.00053
-0.00051
-0.00049
-0.00047
-0.00044
-0.00042
-0.00038
-0.00036
-0.00032
-0.0003
-0.00026
-0.00023
-0.00019
-0.00016
-0.00013
-9e-05
-5e-05
-2e-05
2e-05
5e-05
9e-05
0.00012
0.00016
0.00019
0.00022
0.00025
0.00029
0.00032
0.00035
0.00038
0.00041
0.00044
0.00048
0.00051
0.00055
0.00058
0.00061
0.00065
0.00069
0.00072
0.00076
0.00079
0.00083
0.00087
0.00091
0.00094
0.00098
0.00102
0.00106
0.0011
0.00114
0.00117
0.00121
0.00124
0.00128
0.00131
0.00135
0.00138
0.00142
0.00145
0.00149
0.00152
0.00155
0.00158
0.00161
0.00164
0.00168
0.00171
0.00174
0.00177
0.00181
0.00184
0.00187
0.0019
0.00194
0.00198
0.00202
0.00205
0.00209
0.00213
0.00217
0.00221
0.00225
0.00229
0.00233
0.00237
0.00242
0.00246
0.0025
0.00254
0.00258
0.00262
0.00266
0.00269
0.00273
0.00277
0.0028
0.00283
0.00286
0.00289
0.00292
0.00294
0.00298
0.00299
0.00302
0.00304
0.00306
0.00308
0.0031
0.00311
0.00312
0.00314
0.00315
0.00316
0.00318
0.00318
0.0032
0.0032
0.00321
0.00321
0.00322
0.00322
0.00323
0.00323
0.00323
0.00322
0.00322
0.00321
0.00321
0.0032
0.00319
0.00317
0.00315
0.00313
0.00312
0.00309
0.00307
0.00303
0.00301
0.00297
0.00294
0.0029
0.00286
0.00282
0.00278
0.00274
0.00269
0.00264
0.0026
0.00255
0.0025
0.00244
0.0024
0.00234
0.00229
0.00224
0.00219
0.00213
0.00208
0.00203
0.00197
0.00192
0.00187
0.00182
0.00177
0.00171
0.00167
0.00161
0.00156
0.00151
0.00147
0.00141
0.00136
0.00131
0.00126
0.00122
0.00117
0.00112
0.00108
0.00103
0.00098
0.00094
0.0009
0.00085
0.00081
0.00077
0.00073
0.00069
0.00066
0.00062
0.00059
0.00056
0.00054
0.00051
0.00049
0.00047
0.00045
0.00043
0.00043
0.00041
0.00041
0.0004
0.0004
0.0004
0.00041
0.00041
0.00042
0.00043
0.00045
0.00046
0.00048
0.0005
0.00053
0.00055
0.00058
0.00061
0.00064
0.00067
0.00071
0.00075
0.00079
0.00082
0.00086
0.00091
0.00095
0.001
0.00104
0.00109
0.00113
0.00118
0.00123
0.00127
0.00132
0.00137
0.00142
0.00147
0.00151
0.00156
0.0016
0.00165
0.00169
0.00174
0.00178
0.00181
0.00185
0.00189
0.00193
0.00195
0.00198
0.00201
0.00204
0.00206
0.00208
0.00209
0.0021
0.00212
0.00213
0.00214
0.00214
0.00214
0.00214
0.00213
0.00213
0.00211
0.0021
0.00208
0.00207
0.00204
0.00202
0.00199
0.00196
0.00193
0.00189
0.00186
0.00182
0.00177
0.00172
0.00167
0.00162
0.00156
0.00151
0.00144
0.00138
0.00131
0.00124
0.00116
0.00108
0.001
0.00092
0.00084
0.00075
0.00066
0.00057
0.00048
0.00038
0.00029
0.00019
9e-05
-1e-05
-0.00011
-0.00021
-0.00031
-0.00041
-0.0005
-0.0006
-0.00069
-0.00079
-0.00088
-0.00097
-0.00106
-0.00114
-0.00122
-0.0013
-0.00138
-0.00145
-0.00152
-0.00159
-0.00166
-0.00172
-0.00178
-0.00183
-0.00188
-0.00193
-0.00198
-0.00202
-0.00206
-0.0021
-0.00214
-0.00217
-0.0022
-0.00223
-0.00226
-0.00228
-0.0023
-0.00232
-0.00234
-0.00235
-0.00236
-0.00237
-0.00239
-0.00239
-0.00239
-0.00239
-0.00239
-0.00238
-0.00238
-0.00236
-0.00235
-0.00233
-0.00231
-0.00229
-0.00226
-0.00223
-0.0022
-0.00216
-0.00213
-0.00208
-0.00204
-0.00199
-0.00195
-0.00189
-0.00184
-0.00178
-0.00173
-0.00167
-0.00161
-0.00155
-0.00149
-0.00142
-0.00136
-0.00129
-0.00123
-0.00116
-0.0011
-0.00103
-0.00098
-0.00091
-0.00085
-0.00078
-0.00072
-0.00066
-0.00061
-0.00055
-0.00049
-0.00043
-0.00037
-0.00032
-0.00027
-0.00021
-0.00016
-0.0001
-6e-05
-0.0
4e-05
0.0001
0.00015
0.0002
0.00025
0.00029
0.00034
0.00039
0.00044
0.00049
0.00053
0.00058
0.00063
0.00068
0.00072
0.00077
0.00081
0.00087
0.00091
0.00096
0.001
0.00105
0.00109
0.00114
0.00119
0.00124
0.00128
0.00133
0.00138
0.00143
0.00148
0.00153
0.00158
0.00163
0.00168
0.00173
0.00179
0.00184
0.00189
0.00195
0.002
0.00206
0.0021
0.00216
0.00221
0.00227
0.00232
0.00237
0.00242
0.00247
0.00252
0.00257
0.00261
0.00266
0.0027
0.00274
0.00278
0.00282
0.00285
0.00289
0.00292
0.00295
0.00297
0.003
0.00302
0.00304
0.00305
0.00307
0.00308
0.00309
0.0031
0.0031
0.00311
0.00311
0.0031
0.0031
0.0031
0.0031
0.00308
0.00308
0.00306
0.00306
0.00304
0.00303
0.00301
0.003
0.00298
0.00297
0.00295
0.00293
0.00291
0.0029
0.00287
0.00286
0.00283
0.00282
0.00279
0.00277
0.00275
0.00273
0.0027
0.00268
0.00265
0.00263
0.0026
0.00257
0.00254
0.00251
0.00247
0.00244
0.0024
0.00236
0.00231
0.00227
0.00222
0.00217
0.00212
0.00206
0.00201
0.00195
0.00189
0.00183
0.00176
0.0017
0.00163
0.00156
0.00149
0.00142
0.00134
0.00127
0.0012
0.00112
0.00105
0.00098
0.00091
0.00084
0.00077
0.0007
0.00063
0.00057
0.0005
0.00044
0.00038
0.00033
0.00027
0.00022
0.00016
0.00012
7e-05
2e-05
-2e-05
-6e-05
-0.0001
-0.00014
-0.00018
-0.00021
-0.00025
-0.00028
-0.00031
-0.00034
-0.00037
-0.00039
-0.00042
-0.00045
-0.00047
-0.0005
-0.00052
-0.00054
-0.00056
-0.00058
-0.0006
-0.00061
-0.00063
-0.00064
-0.00066
-0.00067
-0.00068
-0.00068
-0.00069
-0.00069
-0.00069
-0.00069
-0.00069
-0.00068
-0.00067
-0.00066
-0.00065
-0.00064
-0.00062
-0.0006
-0.00059
-0.00056
-0.00054
-0.00051
-0.00049
-0.00047
-0.00044
-0.00041
-0.00038
-0.00035
-0.00032
-0.00029
-0.00026
-0.00023
-0.0002
-0.00017
-0.00015
-0.00011
-9e-05
-6e-05
-4e-05
-1e-05
1e-05
3e-05
5e-05
7e-05
9e-05
0.0001
0.00011
0.00013
0.00014
0.00015
0.00016
0.00016
0.00017
0.00018
0.00018
0.00018
0.00018
0.00018
0.00018
0.00018
0.00018
0.00018
0.00017
0.00017
0.00016
0.00016
0.00015
0.00015
0.00014
0.00014
0.00013
0.00013
0.00012
0.00012
0.00011
0.00011
0.0001
0.0001
9e-05
9e-05
8e-05
8e-05
7e-05
7e-05
6e-05
6e-05
5e-05
4e-05
3e-05
3e-05
3e-05
2e-05
1e-05
1e-05
0.0
-0.0
-1e-05
-1e-05
-2e-05
-3e-05
-4e-05
-4e-05
-5e-05
-6e-05
-7e-05
-8e-05
-9e-05
-9e-05
-0.0001
-0.00011
-0.00012
-0.00013
-0.00014
-0.00015
-0.00016
-0.00017
-0.00018
-0.00018
-0.00019
-0.0002
-0.00021
-0.00022
-0.00023
-0.00023
-0.00024
-0.00024
-0.00025
-0.00025
-0.00025
-0.00025
-0.00025
-0.00025
-0.00025
-0.00024
-0.00023
-0.00023
-0.00022
-0.00021
-0.00019
-0.00018
-0.00016
-0.00014
-0.00013
-0.0001
-9e-05
-6e-05
-4e-05
-1e-05
1e-05
4e-05
7e-05
0.0001
0.00012
0.00016
0.00019
0.00022
0.00025
0.00029
0.00032
0.00036
0.00039
0.00043
0.00046
0.0005
0.00053
0.00058
0.00061
0.00065
0.00069
0.00073
0.00077
0.00082
0.00086
0.0009
0.00094
0.00099
0.00103
0.00109
0.00113
0.00118
0.00122
0.00128
0.00132
0.00138
0.00142
0.00147
0.00153
0.00158
0.00163
0.00169
0.00174
0.00179
0.00184
0.0019
0.00195
0.002
0.00205
0.00211
0.00216
0.00221
0.00226
0.00231
0.00236
0.00241
0.00246
0.00251
0.00255
0.0026
0.00265
0.0027
0.00274
0.00278
0.00282
0.00287
0.00291
0.00295
0.00299
0.00302
0.00306
0.0031
0.00313
0.00317
0.0032
0.00323
0.00326
0.00329
0.00331
0.00334
0.00336
0.00338
0.0034
0.00342
0.00343
0.00344
0.00345
0.00346
0.00347
0.00347
0.00347
0.00347
0.00347
0.00346
0.00345
0.00344
0.00342
0.00341
0.00339
0.00337
0.00334
0.00331
0.00328
0.00325
0.00321
0.00317
0.00313
0.00309
0.00304
0.003
0.00294
0.00289
0.00283
0.00278
0.00272
0.00267
0.0026
0.00254
0.00248
0.00241
0.00235
0.00228
0.00221
0.00215
0.00207
0.00201
0.00193
0.00186
0.00179
0.00172
0.00165
0.00158
0.0015
0.00143
0.00136
0.00129
0.00122
0.00115
0.00108
0.00101
0.00095
0.00089
