1.79031375886673E+03

-0.00166
-0.0016
-0.00153
-0.00146
-0.00138
-0.0013
-0.00121
-0.00112
-0.00103
-0.00093
-0.00083
-0.00072
-0.00061
-0.0005
-0.00038
-0.00026
-0.00013
-1e-05
0.00013
0.00025
0.00039
0.00053
0.00066
0.0008
0.00094
0.00109
0.00123
0.00137
0.00152
0.00165
0.0018
0.00194
0.00208
0.00221
0.00235
0.00248
0.00262
0.00275
0.00287
0.00299
0.00311
0.00322
0.00333
0.00344
0.00354
0.00363
0.00373
0.00381
0.0039
0.00397
0.00404
0.0041
0.00416
0.00421
0.00426
0.0043
0.00434
0.00437
0.0044
0.00442
0.00444
0.00444
0.00446
0.00446
0.00446
0.00445
0.00445
0.00443
0.00442
0.0044
0.00437
0.00434
0.00431
0.00428
0.00424
0.0042
0.00416
0.00411
0.00406
0.004
0.00395
0.00389
0.00383
0.00376
0.0037
0.00363
0.00356
0.00348
0.00341
0.00333
0.00325
0.00317
0.00309
0.003
0.00292
0.00283
0.00275
0.00266
0.00258
0.00249
0.00241
0.00232
0.00224
0.00215
0.00207
0.00199
0.00191
0.00183
0.00176
0.00168
0.00161
0.00153
0.00146
0.00139
0.00132
0.00125
0.00119
0.00112
0.00106
0.00099
0.00093
0.00087
0.00081
0.00075
0.00069
0.00063
0.00058
0.00052
0.00047
0.00041
0.00035
0.0003
0.00025
0.00019
0.00014
9e-05
3e-05
-2e-05
-6e-05
-0.00011
-0.00016
-0.00021
-0.00026
-0.0003
-0.00035
-0.00039
-0.00043
-0.00048
-0.00052
-0.00056
-0.0006
-0.00064
-0.00068
-0.00072
-0.00076
-0.00079
-0.00083
-0.00086
-0.0009
-0.00093
-0.00096
-0.00099
-0.00102
-0.00105
-0.00107
-0.0011
-0.00112
-0.00115
-0.00117
-0.00118
-0.0012
-0.00121
-0.00122
-0.00124
-0.00125
-0.00125
-0.00125
-0.00126
-0.00126
-0.00126
-0.00125
-0.00125
-0.00125
-0.00124
-0.00123
-0.00122
-0.0012
-0.00119
-0.00117
-0.00116
-0.00114
-0.00112
-0.0011
-0.00109
-0.00106
-0.00105
-0.00102
-0.001
-0.00098
-0.00096
-0.00094
-0.00092
-0.0009
-0.00088
-0.00085
-0.00084
-0.00081
-0.0008
-0.00077
-0.00076
-0.00073
-0.00072
-0.00069
-0.00068
-0.00066
-0.00064
-0.00063
-0.00061
-0.00059
-0.00057
-0.00055
-0.00054
-0.00052
-0.0005
-0.00048
-0.00047
-0.00045
-0.00043
-0.00041
-0.00039
-0.00037
-0.00035
-0.00033
-0.0003
-0.00027
-0.00024
-0.00021
-0.00018
-0.00015
-0.00011
-7e-05
-3e-05
1e-05
5e-05
0.00011
0.00015
0.0002
0.00025
0.00031
0.00037
0.00043
0.00049
0.00055
0.00061
0.00068
0.00074
0.00081
0.00087
0.00094
0.00101
0.00108
0.00114
0.00121
0.00127
0.00134
0.00141
0.00148
0.00154
0.00161
0.00167
0.00174
0.0018
0.00187
0.00193
0.00199
0.00205
0.00212
0.00218
0.00224
0.00231
0.00237
0.00243
0.0025
0.00256
0.00263
0.00268
0.00275
0.0028
0.00286
0.00292
0.00297
0.00302
0.00307
0.00312
0.00316
0.0032
0.00323
0.00326
0.00329
0.00331
0.00333
0.00334
0.00335
0.00334
0.00334
0.00333
0.00332
0.0033
0.00328
0.00325
0.00321
0.00318
0.00313
0.00309
0.00304
0.00299
0.00294
0.00287
0.00282
0.00275
0.00269
0.00262
0.00256
0.00248
0.00242
0.00234
0.00227
0.0022
0.00212
0.00205
0.00197
0.0019
0.00182
0.00174
0.00167
0.00159
0.00151
0.00143
0.00135
0.00127
0.00119
0.00111
0.00102
0.00094
0.00086
0.00078
0.00069
0.00061
0.00053
0.00044
0.00036
0.00028
0.0002
0.00011
3e-05
-5e-05
-0.00012
-0.00021
-0.00029
-0.00037
-0.00045
-0.00052
-0.00059
-0.00067
-0.00074
-0.00082
-0.0009
-0.00097
-0.00104
-0.00112
-0.00119
-0.00127
-0.00133
-0.00141
-0.00148
-0.00156
-0.00163
-0.0017
-0.00177
-0.00184
-0.00191
-0.00198
-0.00205
-0.00212
-0.00218
-0.00225
-0.00231
-0.00238
-0.00244
-0.0025
-0.00256
-0.00262
-0.00268
-0.00273
-0.00279
-0.00284
-0.00288
-0.00294
-0.00298
-0.00303
-0.00307
-0.00312
-0.00316
-0.0032
-0.00324
-0.00328
-0.00332
-0.00336
-0.0034
-0.00343
-0.00347
-0.0035
-0.00353
-0.00357
-0.00359
-0.00363
-0.00365
-0.00368
-0.0037
-0.00372
-0.00374
-0.00376
-0.00377
-0.00378
-0.00379
-0.00379
-0.00379
-0.00378
-0.00377
-0.00376
-0.00374
-0.00372
-0.00369
-0.00367
-0.00363
-0.0036
-0.00355
-0.0035
-0.00345
-0.0034
-0.00335
-0.00328
-0.00322
-0.00315
-0.00308
-0.00301
-0.00293
-0.00285
-0.00277
-0.00269
-0.0026
-0.00252
-0.00242
-0.00234
-0.00224
-0.00215
-0.00206
-0.00196
-0.00186
-0.00176
-0.00166
-0.00156
-0.00145
-0.00135
-0.00124
-0.00114
-0.00103
-0.00092
-0.00081
-0.0007
-0.00059
-0.00048
-0.00037
-0.00026
-0.00015
-3e-05
8e-05
0.00018
0.0003
0.0004
0.00051
0.00061
0.00072
0.00082
0.00093
0.00102
0.00112
0.00122
0.00131
0.0014
0.00149
0.00158
0.00167
0.00175
0.00184
0.00191
0.00199
0.00206
0.00214
0.00221
0.00228
0.00235
0.00241
0.00248
0.00254
0.0026
0.00266
0.00271
0.00277
0.00281
0.00287
0.00291
0.00296
0.003
0.00304
0.00308
0.00312
0.00315
0.00318
0.00321
0.00323
0.00326
0.00328
0.0033
0.00332
0.00333
0.00335
0.00335
0.00337
0.00337
0.00338
0.00337
0.00338
0.00337
0.00337
0.00336
0.00335
0.00334
0.00332
0.00331
0.00329
0.00327
0.00325
0.00322
0.0032
0.00316
0.00314
0.0031
0.00307
0.00303
0.00299
0.00294
0.00289
0.00285
0.0028
0.00275
0.0027
0.00263
0.00258
0.00252
0.00246
0.00239
0.00233
0.00226
0.0022
0.00213
0.00206
0.00198
0.00191
0.00184
0.00176
0.00169
0.00161
0.00153
0.00145
0.00137
0.00129
0.00121
0.00113
0.00104
0.00096
0.00087
0.00078
0.00069
0.00059
0.0005
0.00041
0.00032
0.00023
0.00012
3e-05
-7e-05
-0.00016
-0.00026
-0.00035
-0.00045
-0.00054
-0.00064
-0.00073
-0.00082
-0.00092
-0.001
-0.00109
-0.00117
-0.00125
-0.00133
-0.0014
-0.00147
-0.00153
-0.0016
-0.00166
-0.00172
-0.00176
-0.00182
-0.00186
-0.0019
-0.00194
-0.00197
-0.00199
-0.00202
-0.00204
-0.00206
-0.00207
-0.00208
-0.00208
-0.00209
-0.00209
-0.00209
-0.00208
-0.00208
-0.00207
-0.00206
-0.00204
-0.00203
-0.002
-0.00198
-0.00196
-0.00194
-0.00191
-0.00188
-0.00185
-0.00182
-0.00178
-0.00175
-0.0017
-0.00167
-0.00162
-0.00158
-0.00154
-0.00149
-0.00144
-0.00139
-0.00134
-0.00129
-0.00123
-0.00117
-0.00111
-0.00106
-0.001
-0.00094
-0.00087
-0.00081
-0.00075
-0.00069
-0.00063
-0.00056
-0.00049
-0.00042
-0.00036
-0.00029
-0.00022
-0.00016
-8e-05
-2e-05
5e-05
0.00012
0.00019
0.00025
0.00032
0.00039
0.00045
0.00052
0.00059
0.00065
0.00072
0.00078
0.00085
0.00091
0.00098
0.00103
0.0011
0.00115
0.00122
0.00127
0.00133
0.00138
0.00143
0.00149
0.00154
0.00159
0.00164
0.00168
0.00173
0.00178
0.00182
0.00186
0.00191
0.00194
0.00198
0.00202
0.00205
0.00208
0.00211
0.00214
0.00217
0.00219
0.00222
0.00223
0.00225
0.00227
0.00228
0.00228
0.00229
0.00229
0.00229
0.00228
0.00227
0.00225
0.00223
0.00221
0.00218
0.00215
0.00211
0.00207
0.00203
0.00198
0.00193
0.00187
0.00181
0.00175
0.00168
0.00161
0.00154
0.00147
0.00139
0.00132
0.00124
0.00117
0.00109
0.00101
0.00094
0.00086
0.00078
0.00071
0.00064
0.00056
0.0005
0.00043
0.00037
0.00031
0.00025
0.0002
0.00015
0.0001
6e-05
1e-05
-3e-05
-6e-05
-9e-05
-0.00013
-0.00015
-0.00017
-0.00019
-0.0002
-0.00021
-0.00022
-0.00023
-0.00022
-0.00021
-0.0002
-0.00019
-0.00017
-0.00014
-0.00011
-7e-05
-3e-05
1e-05
6e-05
0.00013
0.00019
0.00026
0.00034
0.00043
0.00052
0.00062
0.00072
0.00084
0.00095
0.00108
0.00121
0.00135
0.00149
0.00164
0.00179
0.00196
0.00212
0.00229
0.00246
0.00264
0.00283
0.00302
0.00321
0.00341
0.0036
0.00381
0.00401
0.00422
0.00443
0.00465
0.00487
0.0051
0.00532
0.00555
0.00578
0.00602
0.00626
0.00651
0.00676
0.00701
0.00726
0.00753
0.00779
0.00806
0.00834
0.00862
0.0089
0.00919
0.00947
0.00977
0.01007
0.01037
0.01067
0.01098
0.01129
0.0116
0.01191
0.01223
0.01254
0.01285
0.01316
0.01347
0.01378
0.01408
0.01438
0.01468
0.01497
0.01525
0.01554
0.01581
0.01608
0.01634
0.01659
0.01684
0.01707
0.01731
0.01752
0.01774
0.01794
0.01814
0.01833
0.01851
0.01868
0.01884
0.019
0.01915
0.0193
0.01944
0.01956
0.01969
0.01981
0.01993
0.02003
0.02014
0.02024
0.02034
0.02043
0.02051
0.02059
0.02067
0.02074
0.02081
0.02087
0.02093
0.02098
0.02103
0.02107
0.0211
0.02112
0.02114
0.02115
0.02116
0.02115
0.02114
0.02112
0.02108
0.02105
0.021
0.02095
0.02089
0.02081
0.02074
0.02065
0.02057
0.02047
0.02037
0.02026
0.02015
0.02003
0.01991
0.01979
0.01967
0.01955
0.01942
0.0193
0.01918
0.01905
0.01894
0.01882
0.0187
0.01859
0.01848
0.01837
0.01827
0.01817
0.01808
0.01798
0.01789
0.0178
0.01772
0.01763
0.01755
0.01747
0.01739
0.01731
0.01724
0.01715
0.01708
0.017
0.01692
0.01684
0.01675
0.01667
0.01658
0.01649
0.0164
0.01631
0.01622
0.01613
0.01603
0.01594
0.01584
0.01574
0.01565
0.01556
0.01547
0.01537
0.01528
0.01519
0.0151
0.01502
0.01494
0.01487
0.0148
0.01472
0.01466
0.0146
0.01455
0.01449
0.01445
0.0144
0.01437
0.01433
0.0143
0.01427
0.01425
0.01423
0.01421
0.0142
0.01419
0.01418
0.01417
0.01416
0.01416
0.01415
0.01415
0.01414
0.01414
0.01414
0.01413
0.01413
0.01412
0.01411
0.01411
0.0141
0.01409
0.01407
0.01406
0.01404
0.01403
0.01401
0.01399
0.01397
0.01395
0.01392
0.01389
0.01387
0.01384
0.0138
0.01377
0.01374
0.0137
0.01366
0.01362
0.01358
0.01354
0.01349
0.01345
0.0134
0.01335
0.0133
0.01324
0.01319
0.01313
0.01307
0.01301
0.01295
0.01289
0.01282
0.01276
0.01269
0.01262
0.01255
0.01248
0.01241
0.01234
0.01226
0.01219
0.01211
0.01203
0.01196
0.01189
0.01181
0.01173
0.01165
0.01158
0.0115
0.01143
0.01135
0.01127
0.01119
0.01112
0.01104
0.01096
0.01088
0.0108
0.01073
0.01065
0.01057
0.01049
0.01041
0.01034
0.01026
0.01018
0.0101
0.01002
0.00994
0.00986
0.00978
0.0097
0.00962
0.00954
0.00947
0.00939
0.00931
0.00923
0.00915
0.00907
0.00899
0.00891
0.00883
0.00875
0.00867
0.00859
0.0085
0.00841
0.00833
0.00824
0.00815
0.00805
0.00796
0.00786
0.00775
0.00766
0.00755
0.00744
0.00732
0.00721
0.00709
0.00697
0.00684
0.00671
0.00658
0.00644
0.00631
0.00617
0.00603
0.00588
0.00573
0.00558
0.00543
0.00528
0.00512
0.00497
0.0048
0.00465
0.00449
0.00432
0.00416
0.004
0.00383
0.00367
0.0035
0.00333
0.00316
0.00299
0.00282
0.00265
0.00247
0.0023
0.00212
0.00195
0.00177
0.00159
0.00141
0.00123
0.00106
0.00088
0.0007
0.00053
0.00034
0.00017
0.0
-0.00017
-0.00034
-0.0005
-0.00066
-0.00081
-0.00096
-0.0011
-0.00124
-0.00137
-0.00149
-0.00161
-0.00172
-0.00181
-0.00191
-0.00199
-0.00207
-0.00213
-0.00219
-0.00223
-0.00228
-0.0023
-0.00233
-0.00234
-0.00235
-0.00235
-0.00233
-0.00231
-0.00229
-0.00226
-0.00222
-0.00217
-0.00213
-0.00207
-0.00201
-0.00194
-0.00187
-0.00179
-0.00171
-0.00162
-0.00153
-0.00144
-0.00134
-0.00123
-0.00112
-0.001
-0.00089
-0.00076
-0.00063
-0.0005
-0.00036
-0.00022
-8e-05
8e-05
0.00023
0.00039
0.00055
0.00071
0.00087
0.00105
0.00122
0.00139
0.00156
0.00174
0.00191
0.00209
0.00225
0.00243
0.0026
0.00277
0.00293
0.0031
0.00325
0.00341
0.00356
0.00371
0.00385
0.00399
0.00412
0.00425
0.00437
0.00449
0.0046
0.00471
0.0048
0.0049
0.00498
0.00507
0.00514
0.00521
0.00528
0.00534
0.0054
0.00545
0.00549
0.00553
0.00556
0.00559
0.00561
0.00563
0.00563
0.00564
0.00564
0.00563
0.00562
0.00559
0.00557
0.00554
0.0055
0.00545
0.0054
0.00534
0.00527
0.0052
0.00512
0.00503
0.00494
0.00484
0.00474
0.00463
0.00451
0.00439
0.00427
0.00414
0.00401
0.00388
0.00374
0.0036
0.00346
0.00332
0.00317
0.00303
0.00288
0.00274
0.0026
0.00246
0.00232
0.00219
0.00205
0.00193
0.0018
0.00168
0.00155
0.00144
0.00132
0.00122
0.0011
0.001
0.0009
0.00081
0.00072
0.00063
0.00054
0.00046
0.00038
0.00031
0.00024
0.00017
0.0001
4e-05
-2e-05
-7e-05
-0.00013
-0.00018
-0.00022
-0.00026
-0.0003
-0.00033
-0.00036
-0.00039
-0.00041
-0.00042
-0.00044
-0.00044
-0.00045
-0.00044
-0.00044
-0.00042
-0.00041
-0.00038
-0.00036
-0.00032
-0.00029
-0.00025
-0.00021
-0.00016
-0.00011
-5e-05
1e-05
7e-05
0.00013
0.00021
0.00027
0.00035
0.00042
0.00049
0.00057
0.00065
0.00073
0.0008
0.00088
0.00096
0.00104
0.00112
0.00121
0.00129
0.00136
0.00145
0.00153
0.00161
0.00169
0.00177
0.00185
0.00194
0.00202
0.0021
0.00218
0.00226
0.00235
0.00243
0.00251
0.0026
0.00268
0.00277
0.00285
0.00293
0.00301
0.0031
0.00318
0.00326
0.00334
0.00342
0.0035
0.00358
0.00366
0.00373
0.00381
0.00388
0.00395
0.00402
0.00409
0.00416
0.00422
0.00428
0.00434
0.0044
0.00445
0.0045
0.00455
0.0046
0.00464
0.00468
0.00472
0.00476
0.00479
0.00482
0.00484
0.00486
0.00488
0.00489
0.0049
0.00491
0.00491
0.00491
0.0049
0.00488
0.00487
0.00485
0.00483
0.0048
0.00476
0.00473
0.00469
0.00465
0.00459
0.00454
0.00448
0.00443
0.00436
0.00429
0.00422
0.00415
0.00407
0.004
0.00391
0.00384
0.00375
0.00367
0.00358
0.0035
0.0034
0.00332
0.00323
0.00314
0.00305
0.00297
0.00288
0.00279
0.0027
0.00262
0.00253
0.00245
0.00236
0.00228
0.00219
0.00212
0.00203
0.00195
0.00187
0.00179
0.00171
0.00163
0.00155
0.00147
0.00139
0.00132
0.00124
0.00116
0.00108
0.001
0.00092
0.00085
0.00076
0.00069
0.0006
0.00052
0.00044
0.00036
0.00028
0.00019
0.00011
3e-05
-6e-05
-0.00014
-0.00023
-0.00031
-0.0004
-0.00049
-0.00058
-0.00066
-0.00076
-0.00084
-0.00093
-0.00102
-0.00111
-0.00119
-0.00128
-0.00137
-0.00145
-0.00153
-0.00162
-0.0017
-0.00179
-0.00187
-0.00195
-0.00203
-0.00211
-0.00218
-0.00225
-0.00232
-0.0024
-0.00246
-0.00253
-0.00258
-0.00264
-0.0027
-0.00276
-0.0028
-0.00285
-0.00289
-0.00294
-0.00297
-0.00301
-0.00304
-0.00307
-0.00309
-0.00311
-0.00314
-0.00315
-0.00316
-0.00317
-0.00317
-0.00318
-0.00317
-0.00317
-0.00316
-0.00316
-0.00314
-0.00313
-0.00311
-0.00309
-0.00307
-0.00304
-0.00302
-0.00299
-0.00295
-0.00292
-0.00288
-0.00284
-0.00279
-0.00275
-0.0027
-0.00266
-0.0026
-0.00255
-0.00249
-0.00243
-0.00237
-0.0023
-0.00224
-0.00216
-0.00209
-0.00202
-0.00194
-0.00186
-0.00178
-0.00169
-0.00161
-0.00152
-0.00143
-0.00135
-0.00125
-0.00116
-0.00107
-0.00098
-0.00089
-0.00079
-0.0007
-0.00061
-0.00051
-0.00043
-0.00033
-0.00025
-0.00015
-7e-05
2e-05
0.0001
0.00019
0.00026
0.00035
0.00043
0.0005
0.00058
0.00066
0.00074
0.00082
0.00089
0.00097
0.00104
0.00112
0.00119
0.00127
0.00135
0.00143
0.00151
0.00159
0.00166
0.00174
0.00183
0.00191
0.00199
0.00207
0.00215
0.00223
0.00231
0.00239
0.00246
0.00254
0.00261
0.00268
0.00275
0.00281
0.00287
0.00293
0.00298
0.00303
0.00308
0.00312
0.00315
0.00319
0.00321
0.00324
0.00326
0.00328
0.00328
0.0033
0.0033
0.0033
0.0033
0.00329
0.00328
0.00327
0.00326
0.00325
0.00323
0.00322
0.0032
0.00318
0.00316
0.00314
0.00311
0.00309
0.00307
0.00304
0.00302
0.00299
0.00297
0.00294
0.00292
0.00289
0.00286
0.00283
0.0028
0.00277
0.00273
0.0027
0.00266
0.00262
0.00258
0.00254
0.00249
0.00245
0.0024
0.00235
0.0023
0.00225
0.00219
0.00214
0.00208
0.00203
0.00197
0.00192
0.00186
0.00181
0.00175
0.00169
0.00164
0.00158
0.00153
0.00148
0.00144
0.00139
0.00134
0.0013
0.00126
0.00122
0.00118
0.00115
0.00111
0.00109
0.00105
0.00103
0.001
0.00098
0.00096
0.00093
0.00091
0.0009
0.00087
0.00086
0.00084
0.00082
0.0008
0.00079
0.00077
0.00076
0.00074
0.00072
0.00069
0.00067
0.00065
0.00064
0.00061
0.0006
0.00057
0.00055
0.00052
0.0005
0.00048
0.00046
0.00043
0.00041
0.00039
0.00037
0.00034
0.00032
0.0003
0.00028
0.00027
0.00025
0.00023
0.00022
0.0002
0.00019
0.00018
0.00017
0.00016
0.00015
0.00014
0.00014
0.00013
0.00013
0.00012
0.00012
0.00012
0.00012
0.00012
0.00012
0.00012
0.00013
0.00013
0.00014
0.00014
0.00016
0.00016
0.00017
0.00018
0.00019
0.0002
0.00022
0.00023
0.00025
0.00027
0.00029
0.00031
0.00033
0.00035
0.00037
0.00039
0.00042
0.00045
0.00047
0.0005
0.00052
0.00055
0.00058
0.0006
0.00063
0.00065
0.00068
0.0007
0.00073
0.00074
0.00077
0.00078
0.00081
0.00082
0.00084
0.00085
0.00087
0.00088
0.0009
0.00091
0.00092
0.00092
0.00093
0.00094
0.00095
0.00095
0.00096
0.00096
0.00097
0.00097
0.00098
0.00098
0.00098
0.00099
0.00099
0.00099
0.001
0.00099
0.001
0.001
0.001
0.001
0.001
0.001
0.001
0.001
0.00099
0.00099
0.00099
0.00098
0.00098
0.00098
0.00097
0.00096
0.00096
0.00096
0.00096
0.00095
0.00095
0.00095
0.00095
0.00095
0.00095
0.00095
0.00095
0.00096
0.00097
0.00098
0.00099
0.001
0.00102
0.00103
0.00106
0.00107
0.0011
0.00112
0.00116
0.00118
0.00122
0.00125
0.00129
0.00133
0.00137
0.00141
0.00146
0.0015
0.00156
0.0016
0.00166
0.00171
0.00177
0.00182
0.00188
0.00194
0.002
0.00206
0.00212
0.00218
0.00225
0.00232
0.00238
0.00245
0.00252
0.00259
0.00266
0.00272
0.0028
0.00287
0.00294
0.00301
0.00309
0.00316
0.00323
0.0033
0.00338
0.00345
0.00352
0.00359
0.00366
0.00373
0.0038
0.00386
0.00393
0.00399
0.00406
0.00411
0.00417
0.00423
0.00428
0.00434
0.00439
0.00444
0.00449
0.00453
0.00457
0.00461
0.00465
0.00468
0.00472
0.00475
0.00478
0.0048
0.00483
0.00485
0.00486
0.00488
0.0049
0.00491
0.00493
0.00493
0.00494
0.00494
0.00495
0.00494
0.00495
0.00494
0.00494
0.00493
0.00492
0.0049
0.00488
0.00487
0.00484
0.00482
0.0048
0.00476
0.00473
0.00469
0.00465
0.0046
0.00455
0.00449
0.00444
0.00437
0.0043
0.00423
0.00415
0.00407
0.00398
0.00389
0.0038
0.00369
0.00359
0.00348
0.00337
0.00325
0.00313
0.00301
0.00288
0.00275
0.00262
0.00248
0.00234
0.00221
0.00207
0.00193
0.00179
0.00164
0.0015
0.00135
0.00121
0.00106
0.00092
0.00077
0.00064
0.00049
0.00035
0.00021
7e-05
-6e-05
-0.00019
-0.00032
-0.00044
-0.00058
-0.00069
-0.00082
-0.00093
-0.00105
-0.00116
-0.00127
-0.00137
-0.00147
-0.00157
-0.00166
-0.00176
-0.00184
-0.00192
-0.002
-0.00207
-0.00215
-0.00222
-0.00228
-0.00234
-0.0024
-0.00244
-0.0025
-0.00254
-0.00258
-0.00262
-0.00266
-0.00269
-0.00272
-0.00274
-0.00276
-0.00278
-0.0028
-0.00281
-0.00283
-0.00283
-0.00284
-0.00284
-0.00284
-0.00284
-0.00284
-0.00283
-0.00282
-0.0028
-0.00279
-0.00277
-0.00274
-0.00271
-0.00269
-0.00266
-0.00262
-0.00258
-0.00255
-0.0025
-0.00246
-0.00241
-0.00236
-0.00231
-0.00226
-0.00221
-0.00215
-0.0021
-0.00204
-0.00198
-0.00194
-0.00188
-0.00183
-0.00177
-0.00173
-0.00167
-0.00163
-0.00158
-0.00154
-0.0015
-0.00147
-0.00143
-0.0014
-0.00137
-0.00134
-0.00131
-0.00129
-0.00126
-0.00124
-0.00121
-0.0012
-0.00117
-0.00116
-0.00113
-0.00111
-0.00108
-0.00106
-0.00104
-0.00101
-0.00098
-0.00095
-0.00092
-0.0009
-0.00086
-0.00083
-0.0008
-0.00077
-0.00073
-0.0007
-0.00067
-0.00064
-0.00061
-0.00058
-0.00056
-0.00054
-0.00051
-0.00049
-0.00048
-0.00047
-0.00046
-0.00045
-0.00045
-0.00045
-0.00045
-0.00046
-0.00047
-0.00049
-0.0005
-0.00052
-0.00054
-0.00056
-0.00058
-0.00061
-0.00063
-0.00066
-0.00068
-0.00071
-0.00073
-0.00076
-0.00079
-0.00082
-0.00084
-0.00086
-0.00088
-0.00091
-0.00093
-0.00095
-0.00097
-0.00098
-0.001
-0.00102
-0.00104
-0.00106
-0.00107
-0.00109
-0.0011
-0.00112
-0.00114
-0.00116
-0.00117
-0.00119
-0.00121
-0.00122
-0.00124
-0.00125
-0.00127
-0.00129
-0.00129
-0.00131
-0.00132
-0.00134
-0.00134
-0.00136
-0.00136
-0.00137
-0.00138
-0.00139
-0.00139
-0.00139
-0.00139
-0.0014
-0.00139
-0.0014
-0.00139
-0.00139
-0.00139
-0.00139
-0.00138
-0.00138
-0.00137
-0.00137
-0.00136
-0.00136
-0.00136
-0.00135
-0.00134
-0.00133
-0.00132
-0.00132
-0.0013
-0.00129
-0.00128
-0.00127
-0.00125
-0.00124
-0.00121
-0.00119
-0.00117
-0.00115
-0.00112
-0.00109
-0.00105
-0.00102
-0.00098
-0.00094
-0.0009
-0.00086
-0.00081
-0.00077
-0.00072
-0.00068
-0.00063
-0.00059
-0.00054
-0.00049
-0.00045
-0.0004
-0.00036
-0.00031
-0.00027
-0.00023
-0.00019
-0.00015
-0.00011
-8e-05
-4e-05
-1e-05
3e-05
6e-05
9e-05
0.00012
0.00015
0.00018
0.00022
0.00025
0.00029
0.00032
0.00036
0.0004
0.00044
0.00048
0.00053
0.00058
0.00064
0.00069
0.00074
0.0008
0.00086
0.00092
0.00098
0.00105
0.00112
0.00118
0.00125
0.00132
0.00139
0.00145
0.00152
0.00159
0.00166
0.00172
0.00178
0.00184
0.0019
0.00196
0.00202
0.00207
0.00212
0.00217
0.00222
0.00226
0.0023
0.00234
0.00238
0.00241
0.00244
0.00247
0.00249
0.00251
0.00253
0.00255
0.00257
0.00258
0.00259
0.00259
0.00259
0.00259
0.00259
0.00258
0.00258
0.00256
0.00255
0.00253
0.00251
0.00248
0.00245
0.00242
0.00239
0.00235
0.00231
0.00226
0.00222
0.00217
0.00212
0.00206
0.00201
0.00194
0.00188
0.00182
0.00175
0.00168
0.00161
0.00153
0.00146
0.00139
0.00131
0.00123
0.00115
0.00107
0.00099
0.0009
0.00082
0.00074
0.00066
0.00057
0.00049
0.0004
0.00032
0.00024
0.00015
7e-05
-1e-05
-9e-05
-0.00017
-0.00024
-0.00032
-0.00039
-0.00046
-0.00054
-0.0006
-0.00067
-0.00073
-0.00079
-0.00085
-0.0009
-0.00095
-0.001
-0.00104
-0.00109
-0.00113
-0.00117
-0.0012
-0.00123
-0.00125
-0.00128
-0.0013
-0.00132
-0.00134
-0.00135
-0.00137
-0.00137
-0.00138
-0.00138
-0.00138
-0.00139
-0.00138
-0.00138
-0.00137
-0.00137
-0.00136
-0.00135
-0.00134
-0.00133
-0.00132
-0.0013
-0.00129
-0.00127
-0.00125
-0.00123
-0.00121
-0.00119
-0.00117
-0.00115
-0.00112
-0.0011
-0.00107
-0.00105
-0.00101
-0.00099
-0.00096
-0.00094
-0.00091
-0.00088
-0.00085
-0.00082
-0.00078
-0.00076
-0.00073
-0.0007
-0.00067
-0.00064
-0.00061
-0.00058
-0.00055
-0.00052
-0.00049
-0.00047
-0.00044
-0.00041
-0.00038
-0.00035
-0.00032
-0.0003
-0.00027
-0.00024
-0.00021
-0.00019
-0.00016
-0.00014
-0.00011
-9e-05
-7e-05
-5e-05
-3e-05
-1e-05
1e-05
2e-05
4e-05
4e-05
6e-05
6e-05
7e-05
6e-05
7e-05
6e-05
6e-05
4e-05
3e-05
2e-05
-0.0
-2e-05
-4e-05
-7e-05
-9e-05
-0.00013
-0.00015
-0.00019
-0.00022
-0.00026
-0.00029
-0.00033
-0.00036
-0.0004
-0.00044
-0.00048
-0.00051
-0.00055
-0.00058
-0.00062
-0.00065
-0.00068
-0.00071
-0.00074
-0.00077
-0.0008
-0.00082
-0.00085
-0.00086
-0.00088
-0.0009
-0.00092
-0.00093
-0.00094
-0.00095
-0.00096
-0.00096
-0.00097
-0.00096
-0.00096
-0.00095
-0.00095
-0.00094
-0.00093
-0.00091
-0.00089
-0.00087
-0.00084
-0.00082
-0.00078
-0.00074
-0.0007
-0.00066
-0.00062
-0.00056
-0.00051
-0.00045
-0.00039
-0.00032
-0.00026
-0.00018
-0.00011
-3e-05
4e-05
0.00012
0.00021
0.0003
0.00039
0.00048
0.00057
0.00067
0.00076
0.00086
0.00095
0.00105
0.00115
0.00125
0.00135
0.00145
0.00154
0.00164
0.00174
0.00184
0.00194
0.00204
0.00213
0.00223
0.00232
0.00242
0.00251
0.0026
0.00268
0.00278
0.00286
0.00294
0.00302
0.0031
0.00318
0.00325
0.00332
0.00339
0.00344
0.00351
0.00356
0.00361
0.00365
0.0037
0.00373
0.00377
0.00379
0.00382
0.00383
0.00385
0.00386
0.00386
0.00386
0.00386
0.00384
0.00383
0.00381
0.00379
0.00376
0.00374
0.0037
0.00367
0.00363
0.00359
0.00354
0.0035
0.00345
0.0034
0.00335
0.0033
0.00324
0.00319
0.00313
0.00308
0.00302
0.00296
0.0029
0.00284
0.00278
0.00271
0.00265
0.00259
0.00252
0.00246
0.00239
0.00233
0.00226
0.00219
0.00212
0.00206
0.00198
0.00191
0.00183
0.00177
0.00169
0.00162
0.00154
0.00146
0.00139
0.00131
0.00124
0.00117
0.00109
0.00101
0.00094
0.00087
0.00079
0.00073
0.00065
0.00059
0.00053
0.00047
0.0004
0.00034
0.00029
0.00024
0.00019
0.00015
0.0001
7e-05
3e-05
0.0
-3e-05
-6e-05
-8e-05
-0.0001
-0.00011
-0.00013
-0.00014
-0.00015
-0.00015
-0.00015
-0.00014
-0.00014
-0.00013
-0.00012
-0.00011
-9e-05
-8e-05
-6e-05
-4e-05
-2e-05
0.0
2e-05
4e-05
6e-05
9e-05
0.00011
0.00013
0.00016
0.00017
0.0002
0.00021
0.00024
0.00025
0.00027
0.00028
0.00029
0.0003
0.00031
0.00032
0.00032
0.00033
0.00033
0.00033
0.00033
0.00032
0.00033
0.00032
0.00032
0.00031
0.0003
0.00029
0.00029
0.00027
0.00026
0.00025
0.00024
0.00023
0.00021
0.0002
0.00019
0.00017
0.00016
0.00014
0.00013
0.00011
9e-05
7e-05
5e-05
2e-05
-0.0
-3e-05
-6e-05
-9e-05
-0.00011
-0.00015
-0.00018
-0.00022
-0.00025
-0.0003
-0.00033
-0.00038
-0.00042
-0.00047
-0.00051
-0.00056
-0.0006
-0.00065
-0.0007
-0.00074
-0.00078
-0.00083
-0.00087
-0.00091
-0.00095
-0.00099
-0.00102
-0.00106
-0.00109
-0.00112
-0.00115
-0.00117
-0.0012
-0.00122
-0.00124
-0.00125
-0.00126
-0.00128
-0.00128
-0.00129
-0.0013
-0.0013
-0.0013
-0.00131
-0.00131
-0.00131
-0.0013
-0.0013
-0.0013
-0.00129
-0.00129
-0.00128
-0.00127
-0.00126
-0.00125
-0.00124
-0.00123
-0.00121
-0.00119
-0.00118
-0.00115
-0.00114
-0.00111
-0.00108
-0.00105
-0.00102
-0.00098
-0.00095
-0.0009
-0.00086
-0.00081
-0.00076
-0.00071
-0.00065
-0.00059
-0.00053
-0.00046
-0.00039
-0.00031
-0.00024
-0.00016
-8e-05
1e-05
0.0001
0.0002
0.00029
0.0004
0.00049
0.0006
0.00071
0.00083
0.00094
0.00106
0.00118
0.00131
0.00144
0.00157
0.0017
0.00183
0.00197
0.00211
0.00225
0.00239
0.00253
0.00267
0.00281
0.00296
0.0031
0.00324
0.00338
0.00352
0.00365
0.00379
0.00392
0.00405
0.00417
0.0043
0.00441
0.00453
0.00463
0.00474
0.00484
0.00494
0.00502
0.00511
0.00519
0.00527
0.00533
0.00539
0.00545
0.0055
0.00555
0.00559
0.00562
0.00566
0.00568
0.0057
0.00571
0.00572
0.00572
0.00572
0.00571
0.0057
0.00568
0.00566
0.00563
0.0056
0.00557
0.00553
0.00549
0.00544
0.00538
0.00533
0.00527
0.0052
0.00513
0.00506
0.00498
0.00491
0.00483
0.00474
0.00466
0.00457
0.00448
0.00438
0.00429
0.0042
0.00409
0.004
0.0039
0.0038
0.0037
0.0036
0.0035
0.00341
0.00331
0.00322
0.00312
0.00303
0.00294
0.00285
0.00277
0.00269
0.0026
0.00253
0.00246
0.00239
0.00232
0.00226
0.00219
0.00214
0.00208
0.00203
0.00199
0.00194
0.00191
0.00187
0.00184
0.00182
0.00179
0.00177
0.00175
0.00174
0.00172
0.00171
0.0017
0.0017
0.00169
0.00169
0.00169
0.00169
0.00169
0.00169
0.0017
0.0017
0.0017
0.00171
0.00171
0.00172
0.00172
0.00173
0.00173
0.00174
0.00173
0.00174
0.00174
0.00174
0.00174
0.00174
0.00173
0.00173
0.00172
0.00172
0.00171
0.00171
0.00169
0.00168
0.00166
0.00165
0.00163
0.00161
0.00159
0.00156
0.00153
0.0015
0.00146
0.00143
0.00138
0.00133
0.00128
0.00123
0.00116
0.0011
0.00103
0.00096
0.00088
0.0008
0.00071
0.00062
0.00052
0.00043
0.00033
0.00023
0.00012
2e-05
-0.0001
-0.0002
-0.00032
-0.00042
-0.00054
-0.00064
-0.00076
-0.00087
-0.00098
-0.00108
-0.00118
-0.00129
-0.00138
-0.00148
-0.00158
-0.00166
-0.00176
-0.00184
-0.00192
-0.002
-0.00208
-0.00215
-0.00222
-0.00229
-0.00236
-0.00242
-0.00248
-0.00253
-0.00258
-0.00263
-0.00268
-0.00272
-0.00276
-0.00279
-0.00283
-0.00286
-0.00288
-0.0029
-0.00292
-0.00293
-0.00294
-0.00294
-0.00293
-0.00292
-0.0029
-0.00288
-0.00285
-0.00282
-0.00278
-0.00273
-0.00268
-0.00262
-0.00256
-0.00248
-0.00241
-0.00233
-0.00224
-0.00215
-0.00206
-0.00196
-0.00185
-0.00174
-0.00164
-0.00153
-0.00141
-0.00129
-0.00118
-0.00106
-0.00094
-0.00082
-0.0007
-0.00058
-0.00046
-0.00035
-0.00023
-0.00011
1e-05
0.00013
0.00024
0.00036
0.00047
0.00058
0.00069
0.0008
0.0009
0.00101
0.00111
0.00121
0.00131
0.00141
0.0015
0.0016
0.00169
0.00178
0.00186
0.00194
0.00202
0.0021
0.00217
0.00224
0.0023
0.00237
0.00243
0.00248
0.00253
0.00258
0.00262
0.00266
0.0027
0.00273
0.00276
0.00279
0.00281
0.00283
0.00284
0.00286
0.00286
0.00288
0.00288
0.00289
0.00289
0.00289
0.00289
0.00289
0.00288
0.00288
0.00287
0.00287
0.00286
0.00286
0.00285
0.00284
0.00283
0.00283
0.00282
0.00281
0.0028
0.00279
0.00279
0.00278
0.00277
0.00276
0.00275
0.00274
0.00272
0.00272
0.0027
0.00269
0.00267
0.00266
0.00264
0.00262
0.0026
0.00258
0.00256
0.00254
0.00252
0.0025
0.00247
0.00245
0.00243
0.00241
0.00238
0.00237
0.00234
0.00232
0.0023
0.00229
0.00227
0.00225
0.00224
0.00223
0.00222
0.00222
0.0022
0.00221
0.0022
0.00221
0.00221
0.00222
0.00223
0.00225
0.00226
0.00228
0.00231
0.00233
0.00236
0.00239
0.00242
0.00246
0.0025
0.00254
0.00258
0.00263
0.00267
0.00272
0.00276
0.00281
0.00285
0.0029
0.00295
0.003
0.00304
0.00309
0.00313
0.00318
0.00321
0.00326
0.00329
0.00333
0.00336
0.00339
0.00341
0.00344
0.00346
0.00347
0.00349
0.0035
0.00351
0.00351
0.00352
0.00352
0.00351
0.0035
0.00349
0.00348
0.00347
0.00345
0.00343
0.00341
0.00339
0.00336
0.00334
0.00331
0.00328
0.00325
0.00322
0.0032
0.00316
0.00313
0.00309
0.00306
0.00302
0.00299
0.00294
0.00291
0.00287
0.00282
0.00278
0.00273
0.00269
0.00264
0.00259
0.00254
0.00248
0.00243
0.00236
0.0023
0.00224
0.00217
0.0021
0.00203
0.00195
0.00187
0.00178
0.0017
0.00161
0.00152
0.00143
0.00133
0.00123
0.00113
0.00103
0.00093
0.00082
0.00071
0.0006
0.0005
0.00038
0.00028
0.00016
5e-05
-6e-05
-0.00017
-0.00028
-0.00038
-0.0005
-0.0006
-0.00071
-0.00081
-0.00091
-0.00101
-0.00112
-0.00121
-0.00131
-0.00141
-0.0015
-0.0016
-0.00168
-0.00177
-0.00186
-0.00194
-0.00203
-0.0021
-0.00218
-0.00226
-0.00233
-0.0024
-0.00247
-0.00253
-0.0026
-0.00265
-0.00271
-0.00276
-0.00281
-0.00285
-0.00289
-0.00293
-0.00297
-0.00299
-0.00302
-0.00303
-0.00305
-0.00306
-0.00306
-0.00306
-0.00306
-0.00305
-0.00303
-0.00301
-0.00298
-0.00295
-0.00292
-0.00288
-0.00284
-0.00278
-0.00273
-0.00267
-0.00262
-0.00255
-0.00248
-0.00241
-0.00234
-0.00226
-0.00218
-0.0021
-0.00201
-0.00192
-0.00183
-0.00174
-0.00165
-0.00156
-0.00147
-0.00137
-0.00128
-0.00118
-0.00108
-0.00098
-0.00089
-0.00079
-0.0007
-0.0006
-0.0005
-0.00041
-0.00031
-0.00022
-0.00013
-4e-05
5e-05
0.00014
0.00023
0.00031
0.00039
0.00047
0.00055
0.00062
0.00069
0.00076
0.00083
0.00089
0.00095
0.00101
0.00106
0.00111
0.00115
0.00119
0.00122
0.00126
0.00128
0.0013
0.00132
0.00133
0.00134
0.00134
0.00134
0.00134
0.00133
0.00132
0.0013
0.00128
0.00126
0.00123
0.0012
0.00117
0.00113
0.0011
0.00106
0.00102
0.00098
0.00093
0.00089
0.00085
0.0008
0.00076
0.00071
0.00067
0.00062
0.00058
0.00053
0.00048
0.00043
0.00039
0.00035
0.0003
0.00025
0.00021
0.00016
0.00012
7e-05
3e-05
-3e-05
-7e-05
-0.00012
-0.00017
-0.00022
-0.00027
-0.00032
-0.00037
-0.00042
-0.00047
-0.00053
-0.00058
-0.00063
-0.00068
-0.00073
-0.00077
-0.00082
-0.00087
-0.00091
-0.00095
-0.00099
-0.00103
-0.00107
-0.0011
-0.00113
-0.00115
-0.00118
-0.0012
-0.00121
-0.00122
-0.00123
-0.00124
-0.00124
-0.00124
-0.00123
-0.00122
-0.00121
-0.0012
-0.00118
-0.00116
-0.00113
-0.00111
-0.00108
-0.00105
-0.00101
-0.00098
-0.00094
-0.00089
-0.00085
-0.0008
-0.00076
-0.0007
-0.00065
-0.00059
-0.00054
-0.00047
-0.00041
-0.00034
-0.00027
-0.0002
-0.00013
-5e-05
3e-05
0.00011
0.00019
0.00028
0.00036
0.00045
0.00053
0.00062
0.00071
0.0008
0.00088
0.00097
0.00105
0.00113
0.00122
0.0013
0.00137
0.00145
0.00151
0.00158
0.00164
0.0017
0.00175
0.0018
0.00184
0.00188
0.00192
0.00195
0.00197
0.002
0.00202
0.00203
0.00204
0.00206
0.00206
0.00206
0.00206
0.00206
0.00205
0.00205
0.00204
0.00203
0.00202
0.00201
0.00199
0.00198
0.00196
0.00195
0.00193
0.00191
0.00189
0.00187
0.00184
0.00182
0.00179
0.00177
0.00174
0.00171
0.00167
0.00164
0.0016
0.00156
0.00152
0.00147
0.00143
0.00138
0.00133
0.00128
0.00122
0.00117
0.00111
0.00105
0.00099
0.00093
0.00087
0.0008
0.00074
0.00067
0.00061
0.00055
0.00049
0.00043
0.00036
0.00031
0.00024
0.00019
0.00013
7e-05
2e-05
-3e-05
-9e-05
-0.00014
-0.00019
-0.00023
-0.00028
-0.00032
-0.00037
-0.00041
-0.00045
-0.00049
-0.00053
-0.00056
-0.00061
-0.00064
-0.00068
-0.00071
-0.00074
-0.00077
-0.00081
-0.00084
-0.00086
-0.00089
-0.00092
-0.00094
-0.00098
-0.001
-0.00102
-0.00104
-0.00107
-0.00109
-0.00112
-0.00113
-0.00115
-0.00117
-0.00119
-0.0012
-0.00122
-0.00123
-0.00124
-0.00125
-0.00126
-0.00126
-0.00127
-0.00127
-0.00127
-0.00127
-0.00127
-0.00126
-0.00125
-0.00124
-0.00122
-0.00121
-0.00119
-0.00116
-0.00114
-0.00111
-0.00108
-0.00104
-0.00101
-0.00097
-0.00093
-0.00088
-0.00084
-0.00079
-0.00074
-0.00069
-0.00064
-0.00059
-0.00053
-0.00048
-0.00042
-0.00037
-0.00032
-0.00026
-0.00021
-0.00015
-0.0001
-5e-05
0.0
5e-05
0.0001
0.00015
0.00019
0.00023
0.00027
0.00032
0.00036
0.0004
0.00043
0.00047
0.00051
0.00055
0.00058
0.00061
0.00065
0.00069
0.00072
0.00075
0.00079
0.00082
0.00086
0.0009
0.00093
0.00097
0.001
0.00104
0.00107
0.0011
0.00113
0.00116
0.00118
0.00121
0.00123
0.00125
0.00126
0.00127
0.00128
0.00128
0.00128
0.00128
0.00126
0.00125
0.00123
0.00121
0.00117
0.00114
0.00109
0.00106
0.001
0.00095
0.00089
0.00083
0.00077
0.00071
0.00064
0.00057
0.0005
0.00043
0.00036
0.00029
0.00021
0.00014
7e-05
0.0
-7e-05
-0.00014
-0.0002
-0.00027
-0.00033
-0.00039
-0.00045
-0.00051
-0.00057
-0.00063
-0.00069
-0.00074
-0.0008
-0.00086
-0.00092
-0.00097
-0.00103
-0.00109
-0.00116
-0.00122
-0.00128
-0.00134
-0.00141
-0.00148
-0.00156
-0.00162
-0.0017
-0.00177
-0.00185
-0.00193
-0.00201
-0.00208
-0.00216
-0.00224
-0.00232
-0.0024
-0.00248
-0.00255
-0.00262
-0.00269
-0.00277
-0.00283
-0.0029
-0.00296
-0.00302
-0.00308
-0.00314
-0.00319
-0.00324
-0.00328
-0.00333
-0.00337
-0.00341
-0.00344
-0.00347
-0.0035
-0.00353
-0.00355
-0.00358
-0.0036
-0.00362
-0.00363
-0.00365
-0.00366
-0.00367
-0.00368
-0.00368
-0.00369
-0.00369
-0.00369
-0.00369
-0.00368
-0.00368
-0.00366
-0.00365
-0.00363
-0.00362
-0.00359
-0.00357
-0.00354
-0.00351
-0.00348
-0.00345
-0.00341
-0.00336
-0.00331
-0.00326
-0.00321
-0.00316
-0.0031
-0.00303
-0.00297
-0.0029
-0.00283
-0.00276
-0.00267
-0.0026
-0.00251
-0.00243
-0.00235
-0.00226
-0.00216
-0.00207
-0.00197
-0.00188
-0.00178
-0.00168
-0.00157
-0.00148
-0.00137
-0.00127
-0.00116
-0.00106
-0.00096
-0.00085
-0.00075
-0.00064
-0.00054
-0.00044
-0.00033
-0.00024
-0.00013
-4e-05
6e-05
0.00015
0.00025
0.00033
0.00043
0.00051
0.00059
0.00067
0.00075
0.00083
0.0009
0.00097
0.00104
0.0011
0.00117
0.00123
0.0013
0.00135
0.00141
0.00146
0.00152
0.00156
0.00161
0.00166
0.0017
0.00175
0.00179
0.00183
0.00188
0.00191
0.00195
0.00198
0.00202
0.00205
0.00209
0.00211
0.00215
0.00217
0.0022
0.00222
0.00224
0.00226
0.00228
0.0023
0.00232
0.00232
0.00234
0.00234
0.00235
0.00235
0.00236
0.00235
0.00236
0.00236
0.00235
0.00235
0.00234
0.00234
0.00234
0.00233
0.00233
0.00232
0.00232
0.00231
0.00232
0.00231
0.00232
0.00231
0.00232
0.00232
0.00233
0.00234
0.00234
0.00236
0.00237
0.00238
0.0024
0.00241
0.00243
0.00244
0.00246
0.00248
0.0025
0.00251
0.00253
0.00255
0.00256
0.00258
0.00259
0.00261
0.00263
0.00264
0.00266
0.00266
0.00268
0.00269
0.00271
0.00271
0.00273
0.00273
0.00275
0.00276
0.00277
0.00278
0.00279
0.00281
0.00282
0.00284
0.00285
0.00286
0.00288
0.0029
0.00292
0.00293
0.00295
0.00296
0.00298
0.00299
0.00301
0.00302
0.00303
0.00304
0.00305
0.00306
0.00307
0.00307
0.00307
0.00307
0.00307
0.00306
0.00305
0.00303
0.00303
0.003
0.00298
0.00296
0.00293
0.00291
0.00288
0.00285
0.00282
0.00278
0.00275
0.00271
0.00267
0.00263
0.00259
0.00255
0.00251
0.00247
0.00243
0.00239
0.00235
0.00231
0.00227
0.00223
0.00219
0.00215
0.00212
0.00207
0.00204
0.002
0.00196
0.00192
0.00188
0.00184
0.0018
0.00176
0.00172
0.00168
0.00164
0.0016
0.00156
0.00151
0.00148
0.00143
0.0014
0.00135
0.00132
0.00127
0.00124
0.00121
0.00117
0.00114
0.00111
0.00109
0.00107
0.00105
0.00103
0.00101
0.00101
0.001
0.001
0.001
0.001
0.00101
0.00103
0.00104
0.00106
0.00108
0.00111
0.00114
0.00117
0.0012
0.00124
0.00127
0.00132
0.00136
0.0014
0.00144
0.00149
0.00153
0.00157
0.00161
0.00165
0.00169
0.00173
0.00177
0.0018
0.00184
0.00187
0.00189
0.00193
0.00195
0.00198
0.00199
0.00201
0.00202
0.00204
0.00205
0.00206
0.00206
0.00206
0.00206
0.00206
0.00206
0.00205
0.00203
0.00202
0.002
0.00198
0.00195
0.00192
0.00188
0.00185
0.0018
0.00176
0.00171
0.00165
0.00159
0.00153
0.00146
0.00139
0.00131
0.00123
0.00114
0.00106
0.00096
0.00087
0.00076
0.00067
0.00056
0.00045
0.00034
0.00022
0.0001
-1e-05
-0.00013
-0.00025
-0.00038
-0.0005
-0.00062
-0.00074
