1.60981693045340E+03

-0.0011
-0.00114
-0.00119
-0.00123
-0.00127
-0.00132
-0.00137
-0.00142
-0.00147
-0.00151
-0.00156
-0.00162
-0.00166
-0.00172
-0.00177
-0.00183
-0.00188
-0.00193
-0.00198
-0.00204
-0.00209
-0.00214
-0.00219
-0.00224
-0.00229
-0.00234
-0.00238
-0.00243
-0.00247
-0.00251
-0.00254
-0.00258
-0.00261
-0.00265
-0.00267
-0.0027
-0.00272
-0.00275
-0.00277
-0.00279
-0.0028
-0.00282
-0.00282
-0.00283
-0.00284
-0.00284
-0.00284
-0.00284
-0.00284
-0.00283
-0.00282
-0.00282
-0.0028
-0.00279
-0.00277
-0.00275
-0.00273
-0.0027
-0.00267
-0.00264
-0.00261
-0.00258
-0.00253
-0.0025
-0.00245
-0.00241
-0.00236
-0.00232
-0.00227
-0.00222
-0.00217
-0.00212
-0.00207
-0.00201
-0.00196
-0.0019
-0.00185
-0.0018
-0.00175
-0.0017
-0.00165
-0.00161
-0.00156
-0.00152
-0.00147
-0.00144
-0.0014
-0.00137
-0.00134
-0.00131
-0.00128
-0.00126
-0.00123
-0.00122
-0.0012
-0.00118
-0.00116
-0.00116
-0.00114
-0.00113
-0.00112
-0.00111
-0.0011
-0.00108
-0.00107
-0.00106
-0.00105
-0.00104
-0.00102
-0.00101
-0.00099
-0.00098
-0.00095
-0.00094
-0.00091
-0.0009
-0.00087
-0.00085
-0.00082
-0.0008
-0.00078
-0.00075
-0.00072
-0.00069
-0.00066
-0.00064
-0.00061
-0.00059
-0.00055
-0.00053
-0.0005
-0.00048
-0.00045
-0.00042
-0.00039
-0.00037
-0.00034
-0.00032
-0.00029
-0.00026
-0.00023
-0.0002
-0.00017
-0.00015
-0.00011
-8e-05
-5e-05
-2e-05
2e-05
6e-05
9e-05
0.00013
0.00017
0.00021
0.00025
0.00029
0.00034
0.00038
0.00042
0.00046
0.00051
0.00055
0.00059
0.00063
0.00067
0.0007
0.00074
0.00077
0.0008
0.00083
0.00086
0.00088
0.00091
0.00092
0.00094
0.00095
0.00096
0.00097
0.00098
0.00098
0.00099
0.00098
0.00098
0.00098
0.00097
0.00097
0.00097
0.00096
0.00096
0.00095
0.00095
0.00095
0.00095
0.00095
0.00096
0.00096
0.00097
0.00097
0.00098
0.001
0.00101
0.00103
0.00105
0.00107
0.00109
0.00111
0.00114
0.00116
0.00119
0.00121
0.00124
0.00126
0.00129
0.00131
0.00133
0.00135
0.00137
0.0014
0.00142
0.00143
0.00145
0.00146
0.00148
0.00149
0.0015
0.00151
0.00152
0.00152
0.00154
0.00154
0.00155
0.00156
0.00156
0.00157
0.00158
0.00159
0.00161
0.00162
0.00163
0.00164
0.00166
0.00168
0.0017
0.00171
0.00174
0.00175
0.00178
0.0018
0.00182
0.00184
0.00186
0.00188
0.0019
0.00192
0.00194
0.00195
0.00197
0.00198
0.00199
0.002
0.00201
0.00201
0.00202
0.00202
0.00201
0.00201
0.00201
0.002
0.002
0.00198
0.00198
0.00197
0.00196
0.00194
0.00193
0.00192
0.00192
0.0019
0.0019
0.00189
0.00188
0.00188
0.00188
0.00188
0.00188
0.00188
0.00189
0.0019
0.00191
0.00192
0.00193
0.00194
0.00196
0.00197
0.00199
0.00201
0.00203
0.00205
0.00206
0.00208
0.0021
0.00211
0.00213
0.00215
0.00216
0.00217
0.00218
0.00218
0.00219
0.00219
0.00219
0.00219
0.00218
0.00217
0.00216
0.00215
0.00214
0.00211
0.0021
0.00207
0.00206
0.00203
0.002
0.00197
0.00195
0.00192
0.00189
0.00186
0.00183
0.0018
0.00177
0.00174
0.00171
0.00168
0.00166
0.00163
0.0016
0.00158
0.00155
0.00153
0.00151
0.00149
0.00147
0.00144
0.00143
0.00141
0.00139
0.00138
0.00136
0.00134
0.00133
0.00131
0.0013
0.00128
0.00127
0.00125
0.00125
0.00123
0.00122
0.0012
0.00119
0.00118
0.00117
0.00116
0.00115
0.00114
0.00114
0.00113
0.00113
0.00113
0.00113
0.00113
0.00115
0.00115
0.00117
0.00118
0.0012
0.00122
0.00125
0.00128
0.00131
0.00134
0.00138
0.00142
0.00146
0.0015
0.00155
0.0016
0.00165
0.0017
0.00175
0.00181
0.00186
0.00191
0.00197
0.00202
0.00207
0.00212
0.00217
0.00221
0.00226
0.0023
0.00234
0.00237
0.0024
0.00243
0.00245
0.00247
0.00249
0.0025
0.00251
0.00252
0.00252
0.00251
0.00251
0.0025
0.00249
0.00246
0.00245
0.00241
0.00239
0.00236
0.00232
0.00228
0.00224
0.0022
0.00215
0.0021
0.00205
0.00199
0.00194
0.00188
0.00182
0.00175
0.00169
0.00162
0.00156
0.00149
0.00142
0.00135
0.00128
0.00121
0.00114
0.00107
0.001
0.00092
0.00085
0.00078
0.00071
0.00063
0.00057
0.00049
0.00043
0.00035
0.00029
0.00022
0.00015
9e-05
2e-05
-4e-05
-0.0001
-0.00017
-0.00022
-0.00028
-0.00034
-0.0004
-0.00045
-0.0005
-0.00055
-0.0006
-0.00065
-0.00069
-0.00074
-0.00078
-0.00081
-0.00085
-0.00088
-0.00092
-0.00095
-0.00098
-0.001
-0.00102
-0.00104
-0.00106
-0.00107
-0.00108
-0.00109
-0.0011
-0.0011
-0.0011
-0.0011
-0.0011
-0.00109
-0.00109
-0.00107
-0.00106
-0.00104
-0.00103
-0.00101
-0.001
-0.00097
-0.00095
-0.00093
-0.0009
-0.00087
-0.00084
-0.00081
-0.00078
-0.00075
-0.00072
-0.00068
-0.00064
-0.0006
-0.00057
-0.00052
-0.00048
-0.00044
-0.00039
-0.00035
-0.0003
-0.00025
-0.0002
-0.00015
-0.0001
-4e-05
0.0
6e-05
0.00012
0.00017
0.00022
0.00028
0.00033
0.00039
0.00044
0.0005
0.00055
0.0006
0.00065
0.0007
0.00075
0.00079
0.00083
0.00088
0.00091
0.00096
0.00099
0.00102
0.00105
0.00108
0.00111
0.00113
0.00115
0.00117
0.00119
0.00121
0.00122
0.00124
0.00124
0.00126
0.00126
0.00127
0.00127
0.00128
0.00128
0.00128
0.00128
0.00128
0.00128
0.00127
0.00127
0.00127
0.00126
0.00126
0.00124
0.00124
0.00122
0.00122
0.0012
0.00119
0.00118
0.00117
0.00116
0.00114
0.00113
0.00111
0.0011
0.00109
0.00108
0.00107
0.00105
0.00104
0.00103
0.00102
0.00101
0.00101
0.001
0.001
0.001
0.001
0.001
0.001
0.001
0.00101
0.00102
0.00103
0.00104
0.00105
0.00107
0.00109
0.0011
0.00112
0.00114
0.00117
0.00119
0.00121
0.00123
0.00126
0.00129
0.00131
0.00134
0.00138
0.0014
0.00143
0.00146
0.0015
0.00153
0.00156
0.00159
0.00162
0.00165
0.00169
0.00172
0.00175
0.00178
0.00181
0.00184
0.00188
0.0019
0.00193
0.00195
0.00198
0.002
0.00203
0.00204
0.00206
0.00208
0.00209
0.0021
0.00211
0.00211
0.00212
0.00212
0.00212
0.00211
0.00211
0.0021
0.00209
0.00207
0.00206
0.00203
0.00202
0.002
0.00197
0.00195
0.00192
0.0019
0.00188
0.00185
0.00183
0.0018
0.00178
0.00176
0.00174
0.00172
0.0017
0.00168
0.00167
0.00166
0.00165
0.00164
0.00163
0.00163
0.00163
0.00163
0.00164
0.00164
0.00166
0.00167
0.00169
0.0017
0.00173
0.00175
0.00178
0.00181
0.00184
0.00187
0.00191
0.00195
0.00199
0.00203
0.00208
0.00212
0.00218
0.00223
0.00228
0.00233
0.00238
0.00243
0.00249
0.00254
0.00259
0.00264
0.00269
0.00274
0.00279
0.00283
0.00287
0.00291
0.00295
0.00298
0.00301
0.00303
0.00305
0.00307
0.00308
0.00309
0.00309
0.00309
0.00308
0.00308
0.00306
0.00305
0.00303
0.003
0.00298
0.00294
0.00291
0.00287
0.00284
0.00279
0.00275
0.0027
0.00266
0.00261
0.00256
0.00251
0.00246
0.00241
0.00236
0.0023
0.00225
0.00219
0.00213
0.00207
0.00202
0.00195
0.00189
0.00183
0.00176
0.0017
0.00163
0.00156
0.00149
0.00142
0.00135
0.00127
0.0012
0.00111
0.00104
0.00095
0.00087
0.00079
0.00071
0.00062
0.00053
0.00045
0.00036
0.00028
0.0002
0.00011
3e-05
-5e-05
-0.00013
-0.0002
-0.00028
-0.00035
-0.00042
-0.00049
-0.00054
-0.0006
-0.00066
-0.00071
-0.00076
-0.0008
-0.00084
-0.00088
-0.0009
-0.00093
-0.00095
-0.00097
-0.00097
-0.00098
-0.00097
-0.00096
-0.00094
-0.00092
-0.00089
-0.00085
-0.00081
-0.00075
-0.00068
-0.00061
-0.00053
-0.00044
-0.00034
-0.00023
-0.00011
2e-05
0.00016
0.00031
0.00048
0.00065
0.00083
0.00103
0.00123
0.00145
0.00168
0.00192
0.00218
0.00244
0.00271
0.003
0.0033
0.0036
0.00392
0.00424
0.00459
0.00493
0.00529
0.00566
0.00604
0.00643
0.00683
0.00724
0.00766
0.00808
0.00852
0.00896
0.00942
0.00988
0.01035
0.01083
0.01132
0.01181
0.01231
0.01282
0.01333
0.01386
0.01438
0.01492
0.01546
0.016
0.01654
0.01709
0.01764
0.0182
0.01875
0.01931
0.01987
0.02043
0.02099
0.02154
0.0221
0.02265
0.0232
0.02375
0.0243
0.02483
0.02537
0.0259
0.02643
0.02695
0.02746
0.02797
0.02848
0.02897
0.02946
0.02994
0.03042
0.03089
0.03135
0.0318
0.03226
0.03269
0.03313
0.03355
0.03398
0.03439
0.03479
0.03518
0.03558
0.03595
0.03633
0.03669
0.03705
0.0374
0.03773
0.03806
0.03839
0.0387
0.039
0.03929
0.03957
0.03985
0.04011
0.04036
0.04061
0.04084
0.04106
0.04127
0.04147
0.04166
0.04185
0.04201
0.04217
0.04232
0.04246
0.04259
0.04271
0.04282
0.04292
0.04301
0.0431
0.04317
0.04324
0.0433
0.04335
0.0434
0.04344
0.04347
0.04349
0.04351
0.04353
0.04354
0.04355
0.04354
0.04354
0.04353
0.04352
0.0435
0.04348
0.04345
0.04343
0.04339
0.04335
0.04331
0.04327
0.04322
0.04316
0.0431
0.04304
0.04297
0.0429
0.04282
0.04274
0.04265
0.04256
0.04246
0.04235
0.04225
0.04213
0.04201
0.04189
0.04175
0.04162
0.04148
0.04133
0.04118
0.04103
0.04087
0.04071
0.04053
0.04036
0.04018
0.04
0.03982
0.03964
0.03945
0.03925
0.03906
0.03886
0.03866
0.03845
0.03825
0.03804
0.03783
0.03762
0.0374
0.03718
0.03696
0.03674
0.03651
0.03628
0.03605
0.03582
0.03558
0.03534
0.0351
0.03486
0.03461
0.03436
0.03411
0.03386
0.0336
0.03334
0.03308
0.03281
0.03255
0.03228
0.03201
0.03174
0.03147
0.0312
0.03093
0.03066
0.03038
0.03011
0.02984
0.02957
0.0293
0.02904
0.02877
0.02851
0.02824
0.02798
0.02773
0.02747
0.02721
0.02696
0.02671
0.02647
0.02622
0.02598
0.02574
0.0255
0.02526
0.02503
0.0248
0.02457
0.02434
0.02412
0.02389
0.02367
0.02345
0.02323
0.02302
0.0228
0.02259
0.02239
0.02218
0.02198
0.02177
0.02158
0.02138
0.02119
0.021
0.02082
0.02063
0.02046
0.02028
0.02011
0.01995
0.01979
0.01962
0.01947
0.01932
0.01917
0.01903
0.01889
0.01875
0.01862
0.01849
0.01836
0.01824
0.01812
0.01799
0.01788
0.01776
0.01765
0.01754
0.01743
0.01732
0.01721
0.0171
0.01699
0.01688
0.01677
0.01667
0.01656
0.01646
0.01635
0.01624
0.01613
0.01603
0.01592
0.01581
0.01571
0.0156
0.01549
0.01538
0.01528
0.01517
0.01506
0.01495
0.01485
0.01474
0.01463
0.01452
0.01441
0.01431
0.0142
0.01409
0.01398
0.01387
0.01376
0.01365
0.01353
0.01342
0.01331
0.01319
0.01308
0.01296
0.01285
0.01273
0.01261
0.01249
0.01237
0.01225
0.01213
0.012
0.01188
0.01176
0.01163
0.0115
0.01138
0.01126
0.01113
0.01101
0.01089
0.01076
0.01064
0.01052
0.0104
0.01027
0.01016
0.01004
0.00992
0.00981
0.00969
0.00958
0.00946
0.00935
0.00925
0.00914
0.00903
0.00892
0.00882
0.00872
0.00862
0.00851
0.00842
0.00832
0.00822
0.00813
0.00803
0.00794
0.00784
0.00775
0.00766
0.00758
0.00749
0.0074
0.00732
0.00724
0.00716
0.00708
0.007
0.00692
0.00685
0.00677
0.0067
0.00663
0.00656
0.0065
0.00644
0.00638
0.00633
0.00627
0.00622
0.00616
0.00612
0.00607
0.00603
0.00599
0.00596
0.00592
0.00589
0.00586
0.00584
0.00582
0.0058
0.00579
0.00578
0.00577
0.00576
0.00576
0.00576
0.00576
0.00577
0.00578
0.0058
0.00581
0.00583
0.00585
0.00588
0.0059
0.00593
0.00597
0.006
0.00603
0.00607
0.00611
0.00615
0.00619
0.00623
0.00627
0.00631
0.00635
0.00639
0.00643
0.00647
0.00651
0.00654
0.00658
0.00662
0.00665
0.00668
0.0067
0.00673
0.00675
0.00678
0.00679
0.00681
0.00682
0.00683
0.00684
0.00684
0.00685
0.00685
0.00684
0.00684
0.00683
0.00683
0.00681
0.0068
0.00678
0.00677
0.00675
0.00674
0.00671
0.00669
0.00667
0.00664
0.00662
0.0066
0.00657
0.00655
0.00651
0.00649
0.00646
0.00643
0.0064
0.00637
0.00633
0.0063
0.00627
0.00623
0.00619
0.00615
0.00612
0.00607
0.00603
0.00599
0.00594
0.00589
0.00584
0.00578
0.00572
0.00567
0.00561
0.00555
0.00548
0.00541
0.00534
0.00527
0.0052
0.00513
0.00505
0.00497
0.00489
0.00481
0.00472
0.00464
0.00455
0.00447
0.00437
0.00429
0.00419
0.0041
0.004
0.00391
0.00381
0.00372
0.00362
0.00352
0.00341
0.00331
0.00321
0.00311
0.00299
0.00289
0.00277
0.00267
0.00255
0.00244
0.00232
0.0022
0.00209
0.00197
0.00185
0.00173
0.00161
0.00149
0.00137
0.00125
0.00113
0.00102
0.0009
0.0008
0.00069
0.00058
0.00048
0.00038
0.00029
0.00021
0.00012
5e-05
-2e-05
-8e-05
-0.00014
-0.00018
-0.00022
-0.00025
-0.00028
-0.00029
-0.0003
-0.0003
-0.0003
-0.00028
-0.00026
-0.00023
-0.00019
-0.00015
-0.00011
-5e-05
1e-05
7e-05
0.00014
0.00021
0.00028
0.00036
0.00044
0.00052
0.0006
0.00068
0.00077
0.00085
0.00094
0.00102
0.0011
0.00119
0.00127
0.00135
0.00142
0.0015
0.00158
0.00166
0.00172
0.0018
0.00186
0.00193
0.002
0.00207
0.00213
0.0022
0.00226
0.00233
0.00239
0.00246
0.00252
0.00258
0.00264
0.00271
0.00277
0.00284
0.0029
0.00296
0.00303
0.0031
0.00316
0.00323
0.00329
0.00335
0.00341
0.00348
0.00354
0.0036
0.00365
0.00372
0.00377
0.00382
0.00387
0.00392
0.00396
0.00401
0.00405
0.00409
0.00412
0.00415
0.00418
0.00421
0.00422
0.00424
0.00425
0.00427
0.00427
0.00428
0.00428
0.00427
0.00427
0.00427
0.00426
0.00424
0.00422
0.00421
0.00419
0.00417
0.00414
0.00412
0.00409
0.00406
0.00403
0.004
0.00396
0.00392
0.00388
0.00384
0.0038
0.00375
0.0037
0.00365
0.00359
0.00354
0.00348
0.00342
0.00334
0.00328
0.0032
0.00313
0.00304
0.00296
0.00287
0.00278
0.00268
0.00259
0.00248
0.00237
0.00226
0.00215
0.00203
0.00191
0.00179
0.00167
0.00154
0.00141
0.00128
0.00115
0.00103
0.0009
0.00077
0.00064
0.0005
0.00038
0.00025
0.00012
-1e-05
-0.00013
-0.00026
-0.00037
-0.0005
-0.00061
-0.00073
-0.00084
-0.00095
-0.00106
-0.00117
-0.00127
-0.00138
-0.00147
-0.00157
-0.00166
-0.00176
-0.00185
-0.00194
-0.00202
-0.00211
-0.00219
-0.00227
-0.00235
-0.00242
-0.00249
-0.00256
-0.00262
-0.00269
-0.00274
-0.0028
-0.00284
-0.0029
-0.00294
-0.00298
-0.00301
-0.00304
-0.00307
-0.00309
-0.00311
-0.00312
-0.00313
-0.00313
-0.00313
-0.00313
-0.00312
-0.00311
-0.00309
-0.00307
-0.00304
-0.00301
-0.00297
-0.00294
-0.00289
-0.00285
-0.0028
-0.00275
-0.0027
-0.00264
-0.00257
-0.00252
-0.00244
-0.00238
-0.0023
-0.00223
-0.00216
-0.00208
-0.002
-0.00192
-0.00184
-0.00175
-0.00167
-0.00158
-0.00149
-0.0014
-0.00131
-0.00122
-0.00112
-0.00103
-0.00094
-0.00085
-0.00075
-0.00066
-0.00056
-0.00047
-0.00037
-0.00028
-0.00019
-9e-05
0.0
0.0001
0.00019
0.00028
0.00037
0.00046
0.00055
0.00063
0.00072
0.0008
0.00089
0.00097
0.00105
0.00112
0.0012
0.00127
0.00135
0.00142
0.00149
0.00155
0.00162
0.00168
0.00175
0.0018
0.00186
0.00192
0.00197
0.00202
0.00207
0.00212
0.00216
0.00221
0.00225
0.00229
0.00233
0.00237
0.00241
0.00244
0.00248
0.00251
0.00255
0.00258
0.00261
0.00264
0.00268
0.00271
0.00274
0.00278
0.00282
0.00285
0.0029
0.00293
0.00297
0.00301
0.00306
0.0031
0.00315
0.00319
0.00324
0.00329
0.00334
0.00339
0.00344
0.0035
0.00355
0.0036
0.00366
0.00371
0.00377
0.00382
0.00388
0.00393
0.00398
0.00403
0.00409
0.00413
0.00418
0.00422
0.00427
0.00431
0.00435
0.00439
0.00443
0.00446
0.00449
0.00452
0.00455
0.00457
0.00459
0.0046
0.00462
0.00463
0.00465
0.00465
0.00466
0.00466
0.00466
0.00466
0.00466
0.00465
0.00465
0.00463
0.00463
0.00461
0.0046
0.00458
0.00456
0.00454
0.00452
0.00449
0.00446
0.00444
0.00441
0.00439
0.00436
0.00432
0.0043
0.00426
0.00423
0.00419
0.00416
0.00413
0.00409
0.00406
0.00402
0.00398
0.00394
0.00391
0.00387
0.00383
0.00379
0.00375
0.00371
0.00367
0.00363
0.00358
0.00354
0.00349
0.00344
0.00339
0.00334
0.00329
0.00323
0.00317
0.00312
0.00306
0.003
0.00293
0.00287
0.00281
0.00274
0.00267
0.0026
0.00253
0.00246
0.00239
0.00232
0.00224
0.00217
0.0021
0.00203
0.00196
0.00189
0.00181
0.00174
0.00167
0.0016
0.00153
0.00146
0.00139
0.00133
0.00126
0.00119
0.00112
0.00105
0.00098
0.00092
0.00085
0.00078
0.0007
0.00064
0.00056
0.00049
0.00041
0.00033
0.00024
0.00016
8e-05
-1e-05
-0.0001
-0.00019
-0.00029
-0.00038
-0.00048
-0.00058
-0.00068
-0.00078
-0.00088
-0.00098
-0.00109
-0.00119
-0.0013
-0.0014
-0.00151
-0.00161
-0.00171
-0.00181
-0.00191
-0.002
-0.0021
-0.00219
-0.00229
-0.00237
-0.00246
-0.00254
-0.00262
-0.0027
-0.00278
-0.00285
-0.00292
-0.00299
-0.00306
-0.00312
-0.00318
-0.00324
-0.00329
-0.00334
-0.0034
-0.00345
-0.0035
-0.00354
-0.00359
-0.00363
-0.00367
-0.0037
-0.00374
-0.00377
-0.0038
-0.00384
-0.00386
-0.00389
-0.00391
-0.00393
-0.00395
-0.00397
-0.00398
-0.00399
-0.00401
-0.00402
-0.00403
-0.00403
-0.00404
-0.00404
-0.00404
-0.00404
-0.00404
-0.00403
-0.00403
-0.00402
-0.00402
-0.004
-0.00399
-0.00398
-0.00396
-0.00395
-0.00393
-0.00391
-0.00389
-0.00387
-0.00385
-0.00383
-0.0038
-0.00377
-0.00375
-0.00372
-0.00369
-0.00366
-0.00363
-0.00359
-0.00356
-0.00353
-0.0035
-0.00345
-0.00342
-0.00338
-0.00334
-0.0033
-0.00326
-0.00322
-0.00318
-0.00313
-0.00309
-0.00305
-0.003
-0.00295
-0.00291
-0.00286
-0.00282
-0.00277
-0.00273
-0.00268
-0.00263
-0.00259
-0.00254
-0.00249
-0.00244
-0.00239
-0.00235
-0.0023
-0.00226
-0.00221
-0.00217
-0.00213
-0.00209
-0.00204
-0.002
-0.00197
-0.00193
-0.0019
-0.00187
-0.00183
-0.00181
-0.00178
-0.00176
-0.00173
-0.00172
-0.0017
-0.00169
-0.00167
-0.00167
-0.00165
-0.00165
-0.00165
-0.00165
-0.00165
-0.00165
-0.00165
-0.00165
-0.00166
-0.00167
-0.00167
-0.00168
-0.00168
-0.00169
-0.00169
-0.0017
-0.0017
-0.0017
-0.0017
-0.00171
-0.00171
-0.0017
-0.0017
-0.00169
-0.00169
-0.00169
-0.00167
-0.00167
-0.00165
-0.00165
-0.00164
-0.00163
-0.00161
-0.00161
-0.0016
-0.00159
-0.00158
-0.00157
-0.00156
-0.00155
-0.00154
-0.00154
-0.00152
-0.00152
-0.00151
-0.00151
-0.0015
-0.0015
-0.00149
-0.00149
-0.00148
-0.00147
-0.00147
-0.00146
-0.00144
-0.00143
-0.00142
-0.0014
-0.00138
-0.00136
-0.00134
-0.00131
-0.00128
-0.00125
-0.00121
-0.00118
-0.00114
-0.00109
-0.00105
-0.001
-0.00094
-0.00089
-0.00083
-0.00078
-0.00071
-0.00065
-0.00059
-0.00053
-0.00046
-0.0004
-0.00032
-0.00026
-0.00019
-0.00013
-7e-05
-0.0
6e-05
0.00012
0.00019
0.00024
0.0003
0.00036
0.00042
0.00047
0.00052
0.00056
0.00061
0.00066
0.0007
0.00074
0.00078
0.00082
0.00086
0.00089
0.00092
0.00095
0.00098
0.001
0.00104
0.00105
0.00108
0.0011
0.00112
0.00113
0.00115
0.00116
0.00117
0.00118
0.0012
0.0012
0.00121
0.00121
0.00121
0.00121
0.00121
0.00121
0.0012
0.00119
0.00119
0.00117
0.00116
0.00114
0.00112
0.0011
0.00109
0.00106
0.00104
0.00101
0.00098
0.00095
0.00092
0.00089
0.00086
0.00082
0.00078
0.00074
0.00071
0.00067
0.00063
0.00059
0.00055
0.00051
0.00047
0.00043
0.0004
0.00036
0.00032
0.00028
0.00025
0.00021
0.00018
0.00015
0.00012
9e-05
6e-05
3e-05
1e-05
-2e-05
-4e-05
-6e-05
-8e-05
-0.0001
-0.00011
-0.00013
-0.00015
-0.00016
-0.00017
-0.00018
-0.00019
-0.0002
-0.00021
-0.00022
-0.00022
-0.00022
-0.00022
-0.00023
-0.00022
-0.00022
-0.00021
-0.0002
-0.00019
-0.00018
-0.00016
-0.00014
-0.00012
-9e-05
-6e-05
-3e-05
1e-05
5e-05
0.0001
0.00014
0.0002
0.00025
0.00032
0.00038
0.00045
0.00052
0.0006
0.00068
0.00076
0.00084
0.00093
0.00102
0.00112
0.00121
0.00131
0.0014
0.0015
0.0016
0.0017
0.0018
0.0019
0.00199
0.00209
0.00219
0.00228
0.00237
0.00246
0.00255
0.00264
0.00272
0.00281
0.00288
0.00296
0.00303
0.0031
0.00316
0.00323
0.00328
0.00334
0.00339
0.00343
0.00347
0.00351
0.00354
0.00357
0.00359
0.00361
0.00361
0.00362
0.00362
0.00361
0.00359
0.00357
0.00354
0.00351
0.00347
0.00342
0.00336
0.0033
0.00323
0.00316
0.00307
0.00299
0.00289
0.00279
0.00268
0.00257
0.00245
0.00234
0.00221
0.00208
0.00195
0.00181
0.00168
0.00154
0.0014
0.00126
0.00111
0.00097
0.00082
0.00069
0.00054
0.0004
0.00026
0.00012
-3e-05
-0.00016
-0.0003
-0.00044
-0.00057
-0.00071
-0.00084
-0.00097
-0.0011
-0.00122
-0.00135
-0.00147
-0.0016
-0.00172
-0.00185
-0.00196
-0.00209
-0.0022
-0.00231
-0.00243
-0.00254
-0.00265
-0.00275
-0.00286
-0.00296
-0.00305
-0.00315
-0.00323
-0.00332
-0.0034
-0.00348
-0.00354
-0.00361
-0.00367
-0.00372
-0.00377
-0.00381
-0.00385
-0.00388
-0.0039
-0.00392
-0.00393
-0.00394
-0.00394
-0.00394
-0.00392
-0.00391
-0.00389
-0.00387
-0.00384
-0.00381
-0.00377
-0.00373
-0.00369
-0.00364
-0.00359
-0.00354
-0.00348
-0.00343
-0.00337
-0.00331
-0.00325
-0.00319
-0.00312
-0.00306
-0.00298
-0.00291
-0.00284
-0.00277
-0.00269
-0.00261
-0.00253
-0.00245
-0.00236
-0.00228
-0.00219
-0.0021
-0.00201
-0.00192
-0.00182
-0.00173
-0.00162
-0.00152
-0.00142
-0.00131
-0.00121
-0.0011
-0.00099
-0.00088
-0.00076
-0.00066
-0.00054
-0.00043
-0.00032
-0.0002
-9e-05
2e-05
0.00014
0.00025
0.00036
0.00047
0.00057
0.00068
0.00079
0.0009
0.00101
0.00111
0.00122
0.00132
0.00143
0.00152
0.00163
0.00172
0.00183
0.00193
0.00203
0.00212
0.00222
0.00232
0.00241
0.00251
0.00261
0.0027
0.00279
0.00288
0.00298
0.00306
0.00315
0.00323
0.00332
0.0034
0.00348
0.00355
0.00363
0.0037
0.00376
0.00383
0.00389
0.00394
0.004
0.00404
0.00409
0.00413
0.00417
0.0042
0.00423
0.00426
0.00428
0.0043
0.00431
0.00432
0.00434
0.00434
0.00435
0.00435
0.00435
0.00435
0.00435
0.00434
0.00433
0.00432
0.00432
0.00431
0.0043
0.00429
0.00428
0.00427
0.00426
0.00425
0.00424
0.00422
0.00421
0.0042
0.00419
0.00417
0.00416
0.00414
0.00413
0.00411
0.00409
0.00406
0.00404
0.00401
0.00399
0.00396
0.00392
0.00388
0.00385
0.0038
0.00376
0.00371
0.00366
0.00361
0.00356
0.00349
0.00343
0.00337
0.0033
0.00323
0.00316
0.00309
0.00302
0.00294
0.00287
0.00279
0.00272
0.00264
0.00257
0.00249
0.00242
0.00234
0.00227
0.0022
0.00213
0.00206
0.002
0.00194
0.00188
0.00182
0.00177
0.00172
0.00168
0.00163
0.00159
0.00155
0.00152
0.00149
0.00146
0.00143
0.0014
0.00139
0.00137
0.00136
0.00135
0.00133
0.00133
0.00132
0.00133
0.00132
0.00133
0.00133
0.00134
0.00135
0.00136
0.00137
0.00138
0.0014
0.00142
0.00144
0.00147
0.00148
0.00151
0.00153
0.00157
0.00159
0.00162
0.00165
0.00169
0.00172
0.00175
0.00178
0.00181
0.00185
0.00188
0.00191
0.00194
0.00197
0.002
0.00202
0.00205
0.00206
0.00209
0.0021
0.00211
0.00212
0.00212
0.00212
0.00212
0.00211
0.0021
0.00209
0.00207
0.00204
0.00201
0.00197
0.00194
0.00189
0.00185
0.00179
0.00174
0.00168
0.00161
0.00154
0.00147
0.00139
0.00131
0.00122
0.00114
0.00104
0.00095
0.00085
0.00075
0.00064
0.00053
0.00042
0.00031
0.00019
7e-05
-5e-05
-0.00018
-0.0003
-0.00042
-0.00055
-0.00067
-0.00081
-0.00093
-0.00106
-0.00118
-0.00131
-0.00143
-0.00156
-0.00168
-0.0018
-0.00191
-0.00203
-0.00214
-0.00224
-0.00234
-0.00244
-0.00253
-0.00263
-0.00271
-0.00279
-0.00286
-0.00294
-0.003
-0.00307
-0.00312
-0.00317
-0.00322
-0.00326
-0.0033
-0.00334
-0.00337
-0.00339
-0.00341
-0.00344
-0.00345
-0.00347
-0.00347
-0.00349
-0.00349
-0.0035
-0.00349
-0.00349
-0.00349
-0.00349
-0.00348
-0.00347
-0.00346
-0.00345
-0.00343
-0.00342
-0.0034
-0.00338
-0.00336
-0.00334
-0.00332
-0.00329
-0.00327
-0.00324
-0.00322
-0.00319
-0.00316
-0.00313
-0.0031
-0.00308
-0.00305
-0.00302
-0.00299
-0.00297
-0.00294
-0.00292
-0.00289
-0.00288
-0.00285
-0.00283
-0.00282
-0.0028
-0.00279
-0.00278
-0.00277
-0.00276
-0.00275
-0.00275
-0.00274
-0.00274
-0.00273
-0.00273
-0.00273
-0.00273
-0.00272
-0.00272
-0.00272
-0.00272
-0.00272
-0.00271
-0.0027
-0.0027
-0.00269
-0.00268
-0.00266
-0.00266
-0.00264
-0.00262
-0.0026
-0.00259
-0.00256
-0.00254
-0.00252
-0.0025
-0.00248
-0.00245
-0.00242
-0.0024
-0.00236
-0.00234
-0.00231
-0.00229
-0.00226
-0.00224
-0.00221
-0.00219
-0.00216
-0.00214
-0.00212
-0.0021
-0.00208
-0.00206
-0.00204
-0.00202
-0.002
-0.00199
-0.00196
-0.00195
-0.00193
-0.00191
-0.00189
-0.00187
-0.00185
-0.00183
-0.00181
-0.00179
-0.00177
-0.00174
-0.00171
-0.00168
-0.00165
-0.00162
-0.00158
-0.00154
-0.0015
-0.00146
-0.00142
-0.00137
-0.00132
-0.00127
-0.00121
-0.00116
-0.0011
-0.00103
-0.00097
-0.0009
-0.00082
-0.00076
-0.00068
-0.0006
-0.00052
-0.00044
-0.00035
-0.00027
-0.00017
-8e-05
1e-05
0.00011
0.0002
0.0003
0.0004
0.0005
0.0006
0.0007
0.00081
0.00091
0.00102
0.00112
0.00122
0.00132
0.00143
0.00153
0.00163
0.00173
0.00183
0.00193
0.00203
0.00213
0.00222
0.00231
0.0024
0.00249
0.00258
0.00265
0.00274
0.00281
0.00289
0.00296
0.00303
0.00309
0.00315
0.00321
0.00327
0.00332
0.00337
0.00341
0.00345
0.00348
0.00352
0.00354
0.00357
0.00359
0.00361
0.00361
0.00362
0.00362
0.00362
0.00361
0.0036
0.00359
0.00357
0.00354
0.00351
0.00347
0.00344
0.00339
0.00335
0.00329
0.00324
0.00318
0.00312
0.00305
0.00298
0.00291
0.00284
0.00276
0.00268
0.00259
0.00251
0.00243
0.00235
0.00225
0.00217
0.00208
0.002
0.00191
0.00183
0.00175
0.00166
0.00158
0.00151
0.00143
0.00136
0.00128
0.00122
0.00115
0.00109
0.00102
0.00097
0.0009
0.00085
0.00079
0.00074
0.00069
0.00064
0.00059
0.00054
0.00048
0.00044
0.00038
0.00033
0.00028
0.00022
0.00016
0.00011
4e-05
-1e-05
-8e-05
-0.00015
-0.00021
-0.00028
-0.00036
-0.00043
-0.0005
-0.00058
-0.00066
-0.00074
-0.00082
-0.0009
-0.00098
-0.00106
-0.00114
-0.00122
-0.0013
-0.00137
-0.00145
-0.00152
-0.00159
-0.00166
-0.00173
-0.00178
-0.00185
-0.0019
-0.00196
-0.002
-0.00205
-0.00209
-0.00213
-0.00216
-0.0022
-0.00222
-0.00225
-0.00227
-0.00229
-0.00231
-0.00232
-0.00233
-0.00234
-0.00234
-0.00235
-0.00235
-0.00235
-0.00235
-0.00235
-0.00234
-0.00234
-0.00234
-0.00233
-0.00233
-0.00232
-0.00231
-0.0023
-0.00229
-0.00229
-0.00228
-0.00228
-0.00226
-0.00226
-0.00225
-0.00225
-0.00224
-0.00224
-0.00223
-0.00223
-0.00223
-0.00222
-0.00222
-0.00222
-0.00222
-0.00222
-0.00222
-0.00222
-0.00222
-0.00223
-0.00223
-0.00224
-0.00224
-0.00225
-0.00225
-0.00226
-0.00227
-0.00228
-0.00229
-0.0023
-0.00231
-0.00233
-0.00234
-0.00235
-0.00236
-0.00238
-0.0024
-0.00241
-0.00243
-0.00244
-0.00246
-0.00248
-0.0025
-0.00252
-0.00253
-0.00255
-0.00257
-0.00259
-0.00261
-0.00263
-0.00264
-0.00266
-0.00267
-0.0027
-0.0027
-0.00272
-0.00274
-0.00275
-0.00277
-0.00278
-0.00279
-0.0028
-0.00281
-0.00283
-0.00283
-0.00284
-0.00285
-0.00286
-0.00286
-0.00287
-0.00287
-0.00288
-0.00289
-0.00289
-0.0029
-0.0029
-0.00291
-0.00291
-0.00291
-0.00293
-0.00293
-0.00293
-0.00293
-0.00294
-0.00294
-0.00295
-0.00295
-0.00296
-0.00297
-0.00297
-0.00297
-0.00298
-0.00298
-0.00298
-0.00297
-0.00298
-0.00297
-0.00297
-0.00296
-0.00296
-0.00294
-0.00294
-0.00292
-0.0029
-0.00288
-0.00286
-0.00284
-0.00281
-0.00278
-0.00275
-0.00271
-0.00268
-0.00263
-0.00259
-0.00254
-0.00249
-0.00244
-0.00239
-0.00232
-0.00226
-0.0022
-0.00213
-0.00207
-0.00199
-0.00192
-0.00184
-0.00176
-0.00169
-0.0016
-0.00152
-0.00143
-0.00135
-0.00126
-0.00117
-0.00108
-0.00099
-0.0009
-0.00081
-0.00072
-0.00063
-0.00054
-0.00045
-0.00035
-0.00027
-0.00018
-0.0001
-1e-05
7e-05
0.00016
0.00023
0.00031
0.00039
0.00046
0.00053
0.00059
0.00066
0.00072
0.00078
0.00084
0.00089
0.00095
0.00099
0.00104
0.00108
0.00113
0.00116
0.0012
0.00123
0.00127
0.00129
0.00132
0.00135
0.00137
0.0014
0.00142
0.00144
0.00146
0.00147
0.00149
0.0015
0.00152
0.00153
0.00155
0.00156
0.00157
0.00157
0.00158
0.00159
0.00159
0.0016
0.00161
0.0016
0.00161
0.00161
0.00161
0.00161
0.00161
0.0016
0.00161
0.0016
0.0016
0.00159
0.00158
0.00158
0.00157
0.00157
0.00156
0.00155
0.00154
0.00153
0.00153
0.00152
0.00151
0.00149
0.00149
0.00148
0.00147
0.00146
0.00145
0.00144
0.00144
0.00143
0.00143
0.00141
0.00141
0.0014
0.0014
0.0014
0.0014
0.00139
0.0014
0.00139
0.0014
0.0014
0.0014
0.0014
0.00141
0.00141
0.00142
0.00142
0.00144
0.00144
0.00146
0.00146
0.00148
0.00149
0.0015
0.00151
0.00152
0.00153
0.00154
0.00156
0.00157
0.00158
0.00159
0.0016
0.00161
0.00161
0.00162
0.00162
0.00163
0.00163
0.00163
0.00163
0.00163
0.00162
0.00162
0.00162
0.00161
0.0016
0.0016
0.00158
0.00158
0.00157
0.00156
0.00154
0.00153
0.00152
0.00151
0.0015
0.00149
0.00147
0.00146
0.00145
0.00144
0.00143
0.00142
0.00141
0.0014
0.00139
0.00139
0.00138
0.00137
0.00136
0.00136
0.00135
0.00134
0.00133
0.00132
0.00131
0.0013
0.00129
0.00128
0.00127
0.00126
0.00124
0.00123
0.00121
0.00119
0.00117
0.00116
0.00113
0.00111
0.00109
0.00106
0.00104
0.00102
0.00099
0.00097
0.00094
0.00092
0.00089
0.00087
0.00083
0.00081
0.00078
0.00076
0.00073
0.00071
0.00068
0.00065
0.00063
0.00061
0.00058
0.00056
0.00053
0.00051
0.00048
0.00046
0.00043
0.00041
0.00038
0.00036
0.00032
0.00029
0.00026
0.00022
0.00019
0.00016
0.00012
8e-05
3e-05
-0.0
-5e-05
-9e-05
-0.00015
-0.00019
-0.00024
-0.00029
-0.00035
-0.0004
-0.00045
-0.00051
-0.00056
-0.00062
-0.00067
-0.00072
-0.00078
-0.00083
-0.00088
-0.00093
-0.00098
-0.00102
-0.00107
-0.00111
-0.00115
-0.00119
-0.00122
-0.00126
-0.00129
-0.00131
-0.00134
-0.00135
-0.00138
-0.00139
-0.00141
-0.00141
-0.00143
-0.00143
-0.00144
-0.00144
-0.00144
-0.00144
-0.00144
-0.00143
-0.00143
-0.00142
-0.00141
-0.0014
-0.0014
-0.00139
-0.00139
-0.00138
-0.00138
-0.00137
-0.00137
-0.00136
-0.00136
-0.00136
-0.00136
-0.00136
-0.00137
-0.00137
-0.00138
-0.00138
-0.0014
-0.0014
-0.00142
-0.00143
-0.00145
-0.00146
-0.00148
-0.00149
-0.00151
-0.00153
-0.00155
-0.00157
-0.00159
-0.0016
-0.00162
-0.00164
-0.00166
-0.00167
-0.00169
-0.0017
-0.00172
-0.00173
-0.00175
-0.00175
-0.00176
-0.00177
-0.00177
-0.00178
-0.00177
-0.00177
-0.00177
-0.00176
-0.00175
-0.00174
-0.00173
-0.00171
-0.00169
-0.00167
-0.00165
-0.00162
-0.0016
-0.00157
-0.00154
-0.00151
-0.00147
-0.00143
-0.00139
-0.00135
-0.00132
-0.00127
-0.00124
-0.00119
-0.00115
-0.00111
-0.00107
-0.00102
-0.00098
-0.00094
-0.0009
-0.00087
-0.00083
-0.00079
-0.00076
-0.00072
-0.00069
-0.00066
-0.00063
-0.0006
-0.00058
-0.00055
-0.00053
-0.0005
-0.00048
-0.00046
-0.00044
-0.00043
-0.00041
-0.00038
-0.00036
-0.00034
-0.00033
-0.0003
-0.00028
-0.00026
-0.00024
-0.00021
-0.00019
-0.00016
-0.00014
-0.00012
-9e-05
-6e-05
-4e-05
-1e-05
2e-05
5e-05
8e-05
0.00011
0.00014
0.00017
0.00019
0.00022
0.00025
0.00028
0.0003
0.00032
0.00034
0.00036
0.00039
0.00041
0.00043
0.00045
0.00046
0.00048
0.00049
0.00051
0.00052
0.00053
0.00054
0.00056
0.00057
0.00058
0.00059
0.0006
0.00062
0.00063
0.00065
0.00066
0.00067
0.00069
0.00071
0.00073
0.00075
0.00077
0.00079
0.00082
0.00085
0.00088
0.00091
0.00094
0.00098
0.00102
0.00106
0.0011
0.00114
0.00119
0.00124
0.00129
0.00134
0.0014
0.00145
0.00151
0.00157
0.00163
0.00169
0.00175
0.00182
0.00188
0.00195
0.00202
0.00208
0.00215
0.00221
0.00228
0.00235
0.00242
0.00248
0.00255
0.00262
0.00268
0.00275
0.00281
0.00288
0.00294
0.00301
0.00308
0.00314
0.00321
0.00327
0.00334
0.0034
0.00347
0.00353
0.0036
0.00366
0.00373
0.00379
0.00386
0.00392
0.00399
0.00405
0.00412
0.00417
0.00424
0.00429
0.00435
0.0044
0.00446
0.0045
0.00455
0.00459
0.00463
0.00466
0.00469
0.00472
0.00474
0.00475
0.00477
0.00477
0.00478
0.00477
0.00477
0.00476
0.00474
0.00472
0.0047
0.00467
0.00464
0.00461
0.00457
0.00453
0.00449
0.00444
0.00439
0.00434
0.00429
0.00423
0.00418
0.00412
0.00406
0.004
0.00394
0.00387
0.00381
0.00374
0.00367
0.0036
0.00353
0.00346
0.00338
0.0033
0.00323
0.00314
0.00306
0.00298
0.00289
0.0028
0.00271
0.00262
0.00252
0.00243
0.00233
0.00223
0.00213
0.00203
0.00193
0.00182
0.00172
0.00161
0.0015
0.00139
0.00129
0.00118
0.00107
0.00096
0.00085
0.00074
0.00063
0.00053
0.00042
0.00032
0.00022
0.00011
1e-05
-0.0001
-0.00019
-0.0003
-0.0004
-0.0005
-0.00059
-0.00069
-0.00078
-0.00088
-0.00097
-0.00106
-0.00115
-0.00124
-0.00132
-0.00141
-0.00149
-0.00157
-0.00165
-0.00173
-0.00181
-0.00189
-0.00195
-0.00203
-0.0021
-0.00217
-0.00223
-0.00229
-0.00235
-0.0024
-0.00245
-0.00251
-0.00255
-0.0026
-0.00263
-0.00267
-0.0027
-0.00273
-0.00275
-0.00277
-0.00279
-0.0028
-0.00281
-0.00281
-0.00281
-0.0028
-0.00278
-0.00277
-0.00275
-0.00272
-0.00269
-0.00265
-0.00261
-0.00257
-0.00251
-0.00246
-0.0024
-0.00234
-0.00227
-0.0022
-0.00212
-0.00204
-0.00196
-0.00188
-0.00179
-0.0017
-0.0016
-0.00151
-0.00141
-0.00131
-0.0012
-0.0011
-0.00099
-0.00089
-0.00078
-0.00067
-0.00055
-0.00044
-0.00032
-0.00021
-8e-05
3e-05
0.00016
0.00028
0.00041
0.00053
0.00066
0.00078
0.00091
0.00104
0.00117
0.0013
0.00143
0.00156
0.00169
0.00182
0.00195
0.00207
0.0022
0.00232
0.00244
0.00256
0.00268
0.00279
0.0029
0.003
0.0031
0.0032
0.0033
0.00338
0.00347
0.00354
0.00362
0.00369
0.00375
0.0038
0.00386
0.0039
0.00395
0.00398
0.00401
0.00403
0.00405
0.00406
0.00408
0.00408
0.00408
0.00408
0.00407
0.00405
0.00404
0.00402
0.00399
0.00396
0.00393
0.00389
0.00385
0.0038
0.00375
0.00369
0.00364
0.00357
0.00351
0.00343
0.00336
0.00328
0.0032
0.00311
0.00302
0.00292
0.00283
0.00272
0.00262
0.00251
0.00239
0.00228
0.00217
0.00205
0.00193
0.00181
0.00169
0.00157
0.00145
0.00132
0.00121
0.00108
0.00097
0.00085
0.00074
0.00063
0.00052
0.00042
0.00031
0.00022
0.00012
3e-05
-6e-05
-0.00014
-0.00021
-0.00029
-0.00036
-0.00043
-0.00049
-0.00055
-0.0006
-0.00065
-0.00069
-0.00073
-0.00077
-0.0008
-0.00083
-0.00085
-0.00087
-0.00089
-0.0009
-0.00091
-0.00091
-0.00092
-0.00091
-0.00091
-0.0009
-0.00089
-0.00087
-0.00085
-0.00083
-0.00081
-0.00078
-0.00076
-0.00073
-0.0007
-0.00067
-0.00064
-0.00061
-0.00058
-0.00055
-0.00052
-0.00049
-0.00046
-0.00044
-0.00041
-0.00039
-0.00036
-0.00034
-0.00033
-0.00031
-0.0003
-0.00029
-0.00029
-0.00028
-0.00028
-0.00028
-0.00029
-0.00029
-0.00031
-0.00032
-0.00033
-0.00034
-0.00036
-0.00037
-0.0004
-0.00041
-0.00043
-0.00045
-0.00047
-0.00049
-0.00051
-0.00052
-0.00054
-0.00056
-0.00058
-0.00059
-0.0006
-0.00061
-0.00062
-0.00063
-0.00064
-0.00064
-0.00064
-0.00064
-0.00064
-0.00064
-0.00064
-0.00063
-0.00062
-0.00061
-0.0006
-0.00059
-0.00058
-0.00057
-0.00055
-0.00053
-0.00052
-0.0005
-0.00048
-0.00045
-0.00044
-0.00041
-0.00039
-0.00037
-0.00035
-0.00032
-0.0003
-0.00028
-0.00025
-0.00023
-0.0002
-0.00018
-0.00016
-0.00014
-0.00012
-9e-05
-8e-05
-5e-05
-4e-05
-1e-05
0.0
2e-05
3e-05
5e-05
7e-05
9e-05
0.0001
0.00012
0.00013
0.00015
0.00016
0.00019
0.0002
0.00022
0.00023
0.00025
0.00027
0.00029
0.0003
0.00032
0.00034
0.00036
0.00037
0.00039
0.0004
0.00042
0.00044
0.00045
0.00046
0.00048
0.00048
0.0005
0.0005
0.00051
0.00051
0.00051
0.00051
0.00051
0.0005
0.0005
0.00049
0.00048
0.00047
0.00046
0.00044
0.00043
0.00041
0.00039
0.00037
0.00035
0.00033
0.00031
0.00029
0.00027
0.00025
0.00023
0.00021
0.00019
0.00016
0.00015
0.00012
0.0001
8e-05
6e-05
4e-05
2e-05
-1e-05
-3e-05
-5e-05
-7e-05
-9e-05
-0.00011
-0.00014
-0.00015
-0.00017
-0.00019
-0.00021
-0.00023
-0.00025
-0.00026
-0.00028
-0.00029
-0.00031
-0.00032
-0.00032
-0.00033
-0.00033
-0.00033
-0.00034
-0.00033
-0.00033
-0.00032
-0.00031
-0.0003
-0.00029
-0.00026
-0.00025
-0.00023
-0.00021
-0.00019
-0.00016
-0.00013
-0.00011
-8e-05
-6e-05
-2e-05
0.0
3e-05
6e-05
9e-05
0.00011
0.00014
0.00016
0.00019
0.00021
0.00024
0.00027
0.0003
0.00032
0.00035
0.00037
0.00041
0.00043
0.00047
0.0005
0.00054
0.00057
0.00061
0.00065
0.0007
0.00074
0.00079
0.00084
0.00089
0.00095
0.00101
0.00106
0.00112
0.00118
0.00125
0.0013
0.00137
0.00143
0.0015
0.00156
0.00162
0.00168
0.00174
0.0018
0.00185
0.00191
0.00196
0.00201
0.00206
0.0021
0.00215
0.00219
0.00224
0.00227
0.00231
0.00234
0.00237
0.0024
0.00243
0.00246
0.00248
0.00251
0.00254
0.00255
0.00258
0.0026
0.00262
0.00264
0.00266
0.00267
0.00269
0.00271
0.00272
0.00273
0.00274
0.00276
0.00277
0.00277
0.00278
0.00278
0.00279
0.00279
0.00279
0.00278
0.00277
0.00276
0.00275
0.00274
0.00272
0.0027
0.00268
0.00265
0.00263
0.0026
0.00258
0.00254
0.00251
0.00248
0.00245
0.00241
0.00237
0.00233
0.0023
0.00226
0.00223
0.00219
0.00215
0.00212
0.00208
0.00205
0.00201
0.00197
0.00194
0.00191
0.00188
0.00184
0.00181
0.00178
0.00175
0.00171
0.00168
0.00165
0.00162
0.00158
0.00155
0.00152
0.00149
0.00145
0.00142
0.00138
0.00135
