1.14012207765554E+03

0.00132
0.00125
0.00119
0.00113
0.00107
0.001
0.00094
0.00088
0.00082
0.00076
0.0007
0.00065
0.0006
0.00053
0.00048
0.00043
0.00038
0.00032
0.00027
0.00022
0.00017
0.00012
7e-05
2e-05
-3e-05
-8e-05
-0.00012
-0.00017
-0.00022
-0.00027
-0.00031
-0.00036
-0.0004
-0.00045
-0.00049
-0.00054
-0.00057
-0.00062
-0.00066
-0.00069
-0.00073
-0.00077
-0.0008
-0.00083
-0.00086
-0.00089
-0.00092
-0.00094
-0.00096
-0.00099
-0.00101
-0.00103
-0.00104
-0.00106
-0.00107
-0.00109
-0.00111
-0.00112
-0.00113
-0.00114
-0.00115
-0.00116
-0.00117
-0.00118
-0.00119
-0.0012
-0.00121
-0.00123
-0.00124
-0.00125
-0.00126
-0.00128
-0.00129
-0.0013
-0.00131
-0.00132
-0.00133
-0.00134
-0.00135
-0.00136
-0.00136
-0.00137
-0.00137
-0.00137
-0.00136
-0.00136
-0.00135
-0.00134
-0.00132
-0.0013
-0.00128
-0.00125
-0.00122
-0.0012
-0.00116
-0.00112
-0.00107
-0.00103
-0.00097
-0.00092
-0.00086
-0.00081
-0.00074
-0.00068
-0.00061
-0.00054
-0.00046
-0.00039
-0.00031
-0.00024
-0.00015
-8e-05
1e-05
9e-05
0.00018
0.00026
0.00035
0.00044
0.00053
0.00062
0.00071
0.0008
0.00089
0.00099
0.00109
0.00118
0.00127
0.00137
0.00147
0.00156
0.00166
0.00176
0.00186
0.00196
0.00205
0.00215
0.00225
0.00234
0.00244
0.00254
0.00263
0.00272
0.00281
0.00289
0.00298
0.00306
0.00314
0.00321
0.00329
0.00335
0.00342
0.00348
0.00354
0.00359
0.00365
0.00369
0.00374
0.00378
0.00382
0.00385
0.00388
0.00391
0.00394
0.00396
0.00398
0.004
0.00402
0.00404
0.00405
0.00407
0.00409
0.0041
0.00412
0.00412
0.00414
0.00415
0.00417
0.00418
0.0042
0.00421
0.00422
0.00423
0.00425
0.00426
0.00427
0.00428
0.00429
0.0043
0.0043
0.0043
0.00431
0.0043
0.00431
0.0043
0.00429
0.00427
0.00427
0.00425
0.00423
0.0042
0.00418
0.00415
0.00412
0.00409
0.00405
0.00401
0.00397
0.00392
0.00388
0.00383
0.00378
0.00373
0.00368
0.00362
0.00356
0.0035
0.00344
0.00338
0.00332
0.00325
0.00319
0.00311
0.00304
0.00297
0.0029
0.00282
0.00274
0.00266
0.00258
0.00249
0.0024
0.00231
0.00221
0.00211
0.00202
0.00191
0.00181
0.0017
0.00159
0.00148
0.00137
0.00125
0.00113
0.00101
0.0009
0.00077
0.00065
0.00053
0.0004
0.00028
0.00016
4e-05
-7e-05
-0.0002
-0.00031
-0.00043
-0.00054
-0.00065
-0.00075
-0.00086
-0.00096
-0.00106
-0.00116
-0.00125
-0.00134
-0.00143
-0.00151
-0.0016
-0.00167
-0.00175
-0.00182
-0.0019
-0.00196
-0.00203
-0.00209
-0.00216
-0.00221
-0.00227
-0.00233
-0.00238
-0.00243
-0.00248
-0.00253
-0.00257
-0.00261
-0.00266
-0.00269
-0.00273
-0.00276
-0.00279
-0.00282
-0.00285
-0.00287
-0.0029
-0.00291
-0.00293
-0.00295
-0.00295
-0.00296
-0.00296
-0.00296
-0.00296
-0.00295
-0.00295
-0.00293
-0.00292
-0.0029
-0.00288
-0.00285
-0.00283
-0.00279
-0.00276
-0.00273
-0.00269
-0.00264
-0.0026
-0.00255
-0.0025
-0.00244
-0.00239
-0.00233
-0.00227
-0.00221
-0.00214
-0.00207
-0.002
-0.00193
-0.00185
-0.00177
-0.00169
-0.0016
-0.00151
-0.00142
-0.00133
-0.00123
-0.00113
-0.00102
-0.00092
-0.0008
-0.00069
-0.00057
-0.00045
-0.00033
-0.00021
-8e-05
5e-05
0.00019
0.00033
0.00047
0.0006
0.00075
0.00089
0.00105
0.00119
0.00134
0.00149
0.00165
0.0018
0.00195
0.0021
0.00225
0.00241
0.00256
0.00271
0.00286
0.00301
0.00316
0.0033
0.00345
0.00358
0.00373
0.00386
0.00399
0.00412
0.00424
0.00436
0.00448
0.00459
0.0047
0.00481
0.00491
0.005
0.00509
0.00517
0.00525
0.00532
0.00539
0.00545
0.00551
0.00556
0.0056
0.00564
0.00567
0.0057
0.00572
0.00574
0.00575
0.00575
0.00576
0.00575
0.00574
0.00572
0.0057
0.00567
0.00565
0.00561
0.00557
0.00552
0.00547
0.00542
0.00537
0.00531
0.00525
0.00518
0.00511
0.00504
0.00496
0.00488
0.0048
0.00471
0.00463
0.00453
0.00444
0.00434
0.00424
0.00414
0.00404
0.00393
0.00382
0.00371
0.0036
0.00348
0.00337
0.00325
0.00313
0.00301
0.00289
0.00277
0.00265
0.00252
0.0024
0.00228
0.00216
0.00204
0.00193
0.0018
0.00169
0.00158
0.00147
0.00136
0.00125
0.00115
0.00105
0.00095
0.00086
0.00076
0.00067
0.00059
0.00051
0.00043
0.00036
0.00028
0.00021
0.00014
8e-05
2e-05
-4e-05
-0.0001
-0.00014
-0.00019
-0.00024
-0.00029
-0.00033
-0.00037
-0.00041
-0.00044
-0.00047
-0.00051
-0.00053
-0.00056
-0.00058
-0.0006
-0.00062
-0.00064
-0.00065
-0.00067
-0.00068
-0.00068
-0.00069
-0.00069
-0.00069
-0.00069
-0.00069
-0.00069
-0.00068
-0.00068
-0.00067
-0.00067
-0.00066
-0.00066
-0.00065
-0.00065
-0.00064
-0.00064
-0.00064
-0.00064
-0.00064
-0.00064
-0.00064
-0.00066
-0.00066
-0.00068
-0.00069
-0.00071
-0.00072
-0.00075
-0.00076
-0.00079
-0.00082
-0.00085
-0.00088
-0.00091
-0.00094
-0.00098
-0.00101
-0.00106
-0.00109
-0.00113
-0.00116
-0.00121
-0.00124
-0.00129
-0.00132
-0.00136
-0.0014
-0.00143
-0.00147
-0.00151
-0.00154
-0.00157
-0.0016
-0.00164
-0.00167
-0.0017
-0.00172
-0.00175
-0.00177
-0.0018
-0.00181
-0.00183
-0.00185
-0.00186
-0.00187
-0.00188
-0.00188
-0.00189
-0.00188
-0.00188
-0.00187
-0.00187
-0.00185
-0.00183
-0.00181
-0.00179
-0.00176
-0.00173
-0.0017
-0.00166
-0.00162
-0.00158
-0.00153
-0.00149
-0.00143
-0.00139
-0.00133
-0.00128
-0.00122
-0.00117
-0.00111
-0.00105
-0.00099
-0.00094
-0.00088
-0.00082
-0.00076
-0.0007
-0.00064
-0.00059
-0.00053
-0.00048
-0.00042
-0.00036
-0.0003
-0.00025
-0.0002
-0.00015
-9e-05
-4e-05
1e-05
7e-05
0.00012
0.00017
0.00022
0.00027
0.00033
0.00037
0.00042
0.00047
0.00052
0.00056
0.0006
0.00064
0.00068
0.00071
0.00075
0.00078
0.0008
0.00083
0.00085
0.00087
0.00089
0.0009
0.00091
0.00091
0.00091
0.00091
0.00091
0.00089
0.00089
0.00087
0.00085
0.00083
0.00081
0.00078
0.00076
0.00073
0.0007
0.00066
0.00063
0.0006
0.00057
0.00053
0.00049
0.00045
0.00042
0.00038
0.00035
0.00031
0.00028
0.00024
0.00021
0.00018
0.00015
0.00011
8e-05
5e-05
2e-05
-1e-05
-4e-05
-7e-05
-0.0001
-0.00013
-0.00015
-0.00018
-0.00021
-0.00023
-0.00025
-0.00027
-0.00029
-0.00032
-0.00033
-0.00035
-0.00036
-0.00037
-0.00038
-0.0004
-0.0004
-0.00041
-0.00041
-0.00041
-0.00041
-0.0004
-0.00039
-0.00038
-0.00037
-0.00035
-0.00033
-0.00031
-0.00029
-0.00027
-0.00024
-0.00021
-0.00018
-0.00015
-0.00011
-8e-05
-5e-05
-1e-05
3e-05
7e-05
0.00011
0.00014
0.00018
0.00022
0.00026
0.0003
0.00034
0.00037
0.00041
0.00045
0.00048
0.00052
0.00056
0.0006
0.00064
0.00068
0.00072
0.00075
0.0008
0.00084
0.00089
0.00093
0.00099
0.00103
0.00109
0.00114
0.00119
0.00125
0.00131
0.00137
0.00143
0.00149
0.00156
0.00163
0.0017
0.00176
0.00184
0.00191
0.00198
0.00205
0.00212
0.00219
0.00226
0.00233
0.00239
0.00247
0.00254
0.0026
0.00267
0.00273
0.00281
0.00287
0.00294
0.003
0.00306
0.00312
0.00319
0.00325
0.00331
0.00338
0.00343
0.0035
0.00356
0.00362
0.00367
0.00373
0.00378
0.00383
0.00387
0.00391
0.00395
0.00398
0.00401
0.00403
0.00405
0.00406
0.00406
0.00406
0.00405
0.00404
0.00402
0.004
0.00398
0.00394
0.00391
0.00387
0.00384
0.0038
0.00376
0.00373
0.00369
0.00366
0.00363
0.00361
0.00359
0.00357
0.00356
0.00354
0.00354
0.00353
0.00353
0.00353
0.00353
0.00353
0.00353
0.00352
0.0035
0.00349
0.00346
0.00343
0.00338
0.00333
0.00327
0.0032
0.00312
0.00303
0.00293
0.00282
0.00271
0.00259
0.00248
0.00237
0.00225
0.00215
0.00206
0.00197
0.00191
0.00186
0.00184
0.00183
0.00186
0.0019
0.00199
0.0021
0.00224
0.00241
0.00261
0.00285
0.00311
0.0034
0.00372
0.00407
0.00444
0.00482
0.00523
0.00566
0.00611
0.00656
0.00704
0.00754
0.00804
0.00857
0.00913
0.00971
0.01031
0.01095
0.01164
0.01237
0.01316
0.014
0.01493
0.01593
0.01702
0.01821
0.01951
0.02092
0.02244
0.0241
0.02588
0.02781
0.02986
0.03206
0.0344
0.03687
0.03947
0.04218
0.04502
0.04795
0.05098
0.05408
0.05725
0.06046
0.06369
0.06693
0.07016
0.07336
0.07651
0.07959
0.08258
0.08547
0.08823
0.09085
0.09333
0.09564
0.09777
0.09973
0.1015
0.10308
0.10447
0.10568
0.1067
0.10721
0.10721
0.10721
0.10721
0.10721
0.10721
0.10721
0.10721
0.10721
0.10721
0.10721
0.10721
0.10721
0.10721
0.10721
0.10698
0.10668
0.10641
0.10619
0.106
0.10586
0.10576
0.10571
0.1057
0.10574
0.10582
0.10592
0.10606
0.10622
0.10639
0.10658
0.10677
0.10697
0.10715
0.10721
0.10721
0.10721
0.10721
0.10721
0.10721
0.10721
0.10721
0.10721
0.10721
0.10721
0.10721
0.10721
0.10721
0.10721
0.10721
0.10721
0.10715
0.10704
0.10694
0.10684
0.10676
0.10671
0.10665
0.10662
0.1066
0.1066
0.10661
0.10664
0.10668
0.10673
0.10679
0.10685
0.10693
0.107
0.10707
0.10713
0.1072
0.10721
0.10721
0.10721
0.10721
0.10721
0.10721
0.10721
0.10721
0.10721
0.10721
0.10721
0.10721
0.10721
0.10721
0.1072
0.10715
0.10711
0.10706
0.10702
0.10697
0.10695
0.10691
0.1069
0.10688
0.10687
0.10687
0.10688
0.10689
0.1069
0.10692
0.10694
0.10696
0.10699
0.10701
0.10704
0.10706
0.1071
0.10712
0.10714
0.10716
0.10717
0.10719
0.10719
0.1072
0.1072
0.10719
0.10719
0.10718
0.10717
0.10715
0.10714
0.10712
0.10711
0.1071
0.10709
0.10707
0.10706
0.10705
0.10704
0.10704
0.10703
0.10703
0.10703
0.10703
0.10704
0.10704
0.10705
0.10706
0.10707
0.10708
0.1071
0.10711
0.10712
0.10713
0.10715
0.10716
0.10717
0.10718
0.10719
0.10719
0.1072
0.1072
0.10721
0.10721
0.10721
0.10721
0.10721
0.10721
0.10721
0.10721
0.10721
0.10721
0.10721
0.10721
0.10721
0.1072
0.1072
0.10719
0.10719
0.10719
0.10719
0.10718
0.10719
0.10718
0.10718
0.10718
0.10718
0.10718
0.10718
0.10717
0.10717
0.10717
0.10718
0.10717
0.10718
0.10717
0.10718
0.10718
0.10719
0.10718
0.10719
0.10719
0.10719
0.10719
0.10719
0.10719
0.10719
0.10719
0.10719
0.10718
0.10718
0.10717
0.10718
0.10717
0.10717
0.10716
0.10715
0.10715
0.10715
0.10714
0.10714
0.10713
0.10713
0.10712
0.10713
0.10712
0.10713
0.10712
0.10713
0.10713
0.10714
0.10714
0.10715
0.10715
0.10716
0.10717
0.10718
0.10718
0.10719
0.10719
0.1072
0.1072
0.1072
0.1072
0.1072
0.10719
0.1072
0.10719
0.10718
0.10717
0.10717
0.10716
0.10714
0.10713
0.10712
0.1071
0.1071
0.10708
0.10708
0.10707
0.10706
0.10706
0.10706
0.10706
0.10706
0.10707
0.10708
0.10709
0.1071
0.10712
0.10713
0.10715
0.10717
0.10718
0.1072
0.10721
0.10721
0.10721
0.10721
0.10721
0.10721
0.10721
0.10721
0.10721
0.10721
0.10721
0.1072
0.10717
0.10715
0.10712
0.10709
0.10705
0.10702
0.10699
0.10697
0.10693
0.10691
0.1069
0.10689
0.10688
0.10688
0.10689
0.10691
0.10693
0.10697
0.107
0.10705
0.1071
0.10716
0.10721
0.10721
0.10721
0.10721
0.10721
0.10721
0.10721
0.10721
0.10721
0.10721
0.10721
0.10721
0.10721
0.10721
0.10711
0.10694
0.10672
0.10648
0.10619
0.10586
0.1055
0.1051
0.10466
0.10419
0.10367
0.10313
0.10255
0.10194
0.1013
0.10065
0.09996
0.09926
0.09854
0.09782
0.09707
0.09632
0.09558
0.09482
0.09408
0.09333
0.09259
0.09186
0.09113
0.09042
0.08972
0.08904
0.08836
0.08771
0.08706
0.08643
0.0858
0.0852
0.0846
0.08401
0.08343
0.08285
0.08228
0.08172
0.08115
0.08059
0.08003
0.07948
0.07891
0.07834
0.07778
0.07721
0.07663
0.07606
0.07548
0.07489
0.07431
0.07371
0.07312
0.07253
0.07193
0.07134
0.07074
0.07015
0.06955
0.06896
0.06837
0.06779
0.0672
0.06663
0.06605
0.06549
0.06492
0.06436
0.0638
0.06325
0.06269
0.06215
0.0616
0.06106
0.06052
0.05998
0.05944
0.0589
0.05836
0.05782
0.05728
0.05674
0.0562
0.05565
0.05511
0.05456
0.05402
0.05347
0.05292
0.05238
0.05183
0.05128
0.05074
0.0502
0.04966
0.04912
0.04859
0.04807
0.04755
0.04703
0.04652
0.04601
0.04551
0.04502
0.04454
0.04406
0.04359
0.04313
0.04267
0.04222
0.04178
0.04135
0.04092
0.0405
0.04009
0.03968
0.03928
0.03889
0.0385
0.03812
0.03775
0.03738
0.03702
0.03666
0.03631
0.03597
0.03563
0.0353
0.03497
0.03466
0.03434
0.03404
0.03374
0.03346
0.03317
0.0329
0.03264
0.03239
0.03214
0.0319
0.03167
0.03145
0.03124
0.03104
0.03085
0.03067
0.0305
0.03034
0.03018
0.03004
0.02991
0.02978
0.02967
0.02956
0.02946
0.02937
0.02928
0.02921
0.02914
0.02908
0.02902
0.02898
0.02893
0.0289
0.02888
0.02886
0.02884
0.02884
0.02884
0.02884
0.02885
0.02887
0.02889
0.02892
0.02896
0.029
0.02904
0.0291
0.02915
0.02922
0.02929
0.02937
0.02945
0.02954
0.02963
0.02973
0.02984
0.02995
0.03007
0.03018
0.03031
0.03044
0.03057
0.03071
0.03085
0.03099
0.03114
0.03129
0.03144
0.0316
0.03176
0.03192
0.03208
0.03224
0.0324
0.03256
0.03272
0.03289
0.03305
0.03321
0.03338
0.03354
0.0337
0.03386
0.03402
0.03418
0.03435
0.0345
0.03466
0.03482
0.03498
0.03514
0.03529
0.03545
0.0356
0.03576
0.03591
0.03607
0.03622
0.03637
0.03652
0.03667
0.03682
0.03697
0.03712
0.03727
0.03741
0.03755
0.03769
0.03783
0.03797
0.0381
0.03823
0.03836
0.03848
0.0386
0.03871
0.03882
0.03893
0.03903
0.03912
0.03921
0.0393
0.03937
0.03944
0.03951
0.03957
0.03962
0.03966
0.0397
0.03973
0.03975
0.03976
0.03977
0.03977
0.03976
0.03975
0.03972
0.03969
0.03965
0.0396
0.03955
0.03948
0.03941
0.03933
0.03924
0.03914
0.03904
0.03893
0.0388
0.03867
0.03853
0.03839
0.03823
0.03807
0.0379
0.03772
0.03753
0.03734
0.03714
0.03693
0.03671
0.03649
0.03626
0.03603
0.03579
0.03555
0.0353
0.03505
0.03479
0.03453
0.03426
0.034
0.03373
0.03346
0.03318
0.03291
0.03263
0.03236
0.03209
0.03181
0.03154
0.03127
0.031
0.03073
0.03046
0.03019
0.02992
0.02966
0.0294
0.02914
0.02888
0.02862
0.02837
0.02811
0.02786
0.02761
0.02736
0.02711
0.02687
0.02662
0.02638
0.02614
0.0259
0.02566
0.02542
0.02519
0.02496
0.02473
0.0245
0.02427
0.02405
0.02384
0.02362
0.0234
0.02319
0.02299
0.02278
0.02258
0.02239
0.02219
0.022
0.02182
0.02163
0.02145
0.02128
0.0211
0.02093
0.02077
0.02059
0.02043
0.02027
0.02011
0.01994
0.01979
0.01963
0.01947
0.01931
0.01916
0.019
0.01885
0.01869
0.01854
0.01839
0.01823
0.01808
0.01793
0.01777
0.01763
0.01747
0.01733
0.01718
0.01704
0.0169
0.01676
0.01662
0.01648
0.01635
0.01622
0.0161
0.01598
0.01585
0.01574
0.01563
0.01552
0.01541
0.01531
0.01521
0.01511
0.01501
0.01492
0.01482
0.01473
0.01465
0.01456
0.01447
0.01439
0.0143
0.01422
0.01414
0.01405
0.01397
0.01388
0.0138
0.01372
0.01363
0.01355
0.01346
0.01338
0.01329
0.01321
0.01313
0.01305
0.01296
0.01288
0.0128
0.01272
0.01265
0.01257
0.0125
0.01243
0.01236
0.01229
0.01223
0.01216
0.01211
0.01205
0.012
0.01195
0.0119
0.01186
0.01182
0.01178
0.01175
0.01172
0.01168
0.01166
0.01163
0.01161
0.01159
0.01157
0.01156
0.01154
0.01153
0.01152
0.01151
0.0115
0.01149
0.01149
0.01148
0.01147
0.01146
0.01146
0.01146
0.01145
0.01145
0.01144
0.01144
0.01144
0.01143
0.01143
0.01142
0.01142
0.01141
0.01141
0.0114
0.0114
0.01139
0.01139
0.01138
0.01137
0.01137
0.01136
0.01136
0.01135
0.01135
0.01134
0.01133
0.01133
0.01132
0.01132
0.0113
0.0113
0.01129
0.01128
0.01128
0.01127
0.01126
0.01125
0.01124
0.01123
0.01122
0.01121
0.01119
0.01118
0.01116
0.01115
0.01112
0.0111
0.01108
0.01106
0.01103
0.01101
0.01097
0.01094
0.01091
0.01088
0.01084
0.0108
0.01076
0.01072
0.01067
0.01062
0.01057
0.01052
0.01046
0.01041
0.01035
0.01029
0.01023
0.01017
0.01011
0.01004
0.00998
0.00991
0.00984
0.00977
0.0097
0.00963
0.00956
0.00949
0.00941
0.00934
0.00926
0.00919
0.00911
0.00903
0.00895
0.00887
0.00879
0.00871
0.00862
0.00854
0.00845
0.00836
0.00827
0.00817
0.00807
0.00798
0.00788
0.00778
0.00767
0.00756
0.00745
0.00734
0.00723
0.00712
0.007
0.00688
0.00677
0.00665
0.00653
0.00641
0.00629
0.00618
0.00606
0.00595
0.00584
0.00573
0.00563
0.00553
0.00543
0.00534
0.00524
0.00516
0.00508
0.005
0.00493
0.00486
0.0048
0.00474
0.00469
0.00464
0.00459
0.00455
0.00451
0.00447
0.00444
0.00441
0.00438
0.00435
0.00432
0.0043
0.00427
0.00425
0.00422
0.0042
0.00417
0.00415
0.00412
0.00409
0.00406
0.00404
0.00401
0.00398
0.00395
0.00392
0.00389
0.00386
0.00383
0.00381
0.00378
0.00376
0.00373
0.00371
0.00369
0.00367
0.00365
0.00364
0.00363
0.00362
0.00361
0.00361
0.00361
0.00362
0.00362
0.00363
0.00364
0.00365
0.00366
0.00368
0.00369
0.00371
0.00373
0.00376
0.00378
0.0038
0.00382
0.00385
0.00387
0.00389
0.00391
0.00394
0.00395
0.00398
0.00399
0.00401
0.00402
0.00403
0.00404
0.00405
0.00405
0.00406
0.00405
0.00405
0.00405
0.00404
0.00402
0.00401
0.00399
0.00397
0.00394
0.00391
0.00387
0.00383
0.00379
0.00375
0.00371
0.00366
0.00361
0.00356
0.0035
0.00345
0.00339
0.00333
0.00327
0.00322
0.00316
0.0031
0.00304
0.00299
0.00294
0.00289
0.00284
0.00279
0.00274
0.0027
0.00266
0.00263
0.00259
0.00257
0.00254
0.00252
0.00249
0.00248
0.00246
0.00245
0.00244
0.00244
0.00243
0.00244
0.00243
0.00244
0.00245
0.00246
0.00247
0.00248
0.0025
0.00252
0.00254
0.00256
0.00259
0.00261
0.00264
0.00268
0.00271
0.00275
0.00279
0.00283
0.00287
0.00292
0.00297
0.00302
0.00307
0.00312
0.00317
0.00323
0.00328
0.00334
0.0034
0.00345
0.00351
0.00357
0.00361
0.00367
0.00372
0.00377
0.00381
0.00386
0.00389
0.00393
0.00396
0.00399
0.00402
0.00404
0.00406
0.00408
0.00409
0.0041
0.00409
0.0041
0.00409
0.00409
0.00408
0.00407
0.00405
0.00404
0.00401
0.00399
0.00396
0.00394
0.00391
0.00388
0.00385
0.00382
0.00379
0.00376
0.00372
0.00369
0.00365
0.00362
0.00358
0.00355
0.00351
0.00347
0.00343
0.00339
0.00335
0.00331
0.00327
0.00322
0.00317
0.00313
0.00308
0.00304
0.00299
0.00294
0.00288
0.00283
0.00277
0.00272
0.00266
0.0026
0.00254
0.00248
0.00241
0.00235
0.00228
0.00221
0.00214
0.00208
0.002
0.00193
0.00186
0.00179
0.00171
0.00164
0.00157
0.00149
0.00142
0.00135
0.00128
0.00121
0.00114
0.00107
0.001
0.00094
0.00087
0.00081
0.00075
0.00069
0.00063
0.00058
0.00052
0.00047
0.00042
0.00037
0.00033
0.00028
0.00023
0.00019
0.00015
0.00011
7e-05
3e-05
-1e-05
-4e-05
-7e-05
-0.00011
-0.00014
-0.00018
-0.00021
-0.00024
-0.00027
-0.0003
-0.00033
-0.00035
-0.00038
-0.0004
-0.00043
-0.00045
-0.00047
-0.00048
-0.0005
-0.00052
-0.00053
-0.00054
-0.00054
-0.00055
-0.00055
-0.00054
-0.00054
-0.00053
-0.00053
-0.00051
-0.0005
-0.00048
-0.00047
-0.00044
-0.00042
-0.0004
-0.00037
-0.00035
-0.00032
-0.00029
-0.00026
-0.00023
-0.00021
-0.00018
-0.00015
-0.00012
-9e-05
-6e-05
-4e-05
-1e-05
1e-05
4e-05
7e-05
9e-05
0.00012
0.00015
0.00018
0.00021
0.00024
0.00027
0.0003
0.00034
0.00038
0.00043
0.00047
0.00052
0.00057
0.00063
0.00069
0.00075
0.00081
0.00089
0.00096
0.00104
0.00112
0.00121
0.00129
0.00139
0.00148
0.00157
0.00167
0.00177
0.00188
0.00198
0.00208
0.00219
0.0023
0.00241
0.00251
0.00263
0.00273
0.00284
0.00294
0.00306
0.00316
0.00327
0.00337
0.00348
0.00358
0.00369
0.00379
0.00389
0.00399
0.00409
0.00419
0.00429
0.00438
0.00448
0.00457
0.00466
0.00475
0.00484
0.00492
0.00501
0.00509
0.00517
0.00524
0.00531
0.00538
0.00545
0.0055
0.00556
0.00561
0.00566
0.00569
0.00573
0.00576
0.00578
0.0058
0.00582
0.00582
0.00582
0.00582
0.00581
0.0058
0.00578
0.00576
0.00573
0.0057
0.00567
0.00563
0.00559
0.00555
0.00551
0.00546
0.00542
0.00537
0.00533
0.00528
0.00524
0.0052
0.00516
0.00511
0.00508
0.00504
0.005
0.00497
0.00494
0.0049
0.00488
0.00484
0.00482
0.0048
0.00477
0.00475
0.00473
0.00471
0.00469
0.00466
0.00465
0.00462
0.00461
0.00458
0.00456
0.00454
0.00452
0.00449
0.00447
0.00444
0.00442
0.00439
0.00436
0.00433
0.00431
0.00428
0.00425
0.00422
0.00419
0.00416
0.00414
0.0041
0.00408
0.00405
0.00403
0.004
0.00397
0.00395
0.00392
0.0039
0.00388
0.00386
0.00384
0.00382
0.0038
0.00378
0.00377
0.00375
0.00374
0.00371
0.0037
0.00369
0.00367
0.00365
0.00363
0.00362
0.0036
0.00358
0.00357
0.00354
0.00352
0.0035
0.00348
0.00346
0.00343
0.0034
0.00338
0.00335
0.00332
0.00329
0.00326
0.00322
0.00319
0.00315
0.00312
0.00308
0.00304
0.003
0.00296
0.00291
0.00287
0.00282
0.00278
0.00273
0.00268
0.00264
0.00259
0.00254
0.0025
0.00245
0.00241
0.00236
0.00232
0.00228
0.00224
0.0022
0.00217
0.00213
0.0021
0.00207
0.00204
0.00202
0.002
0.00198
0.00196
0.00195
0.00194
0.00193
0.00193
0.00192
0.00192
0.00192
0.00192
0.00192
0.00193
0.00194
0.00194
0.00195
0.00196
0.00197
0.00198
0.00199
0.00201
0.00201
0.00202
0.00203
0.00205
0.00205
0.00206
0.00207
0.00208
0.00209
0.0021
0.0021
0.00211
0.00212
0.00213
0.00214
0.00215
0.00215
0.00217
0.00218
0.00219
0.0022
0.00221
0.00222
0.00224
0.00225
0.00227
0.00228
0.00229
0.00231
0.00233
0.00235
0.00237
0.00238
0.0024
0.00241
0.00243
0.00244
0.00246
0.00247
0.00248
0.00249
0.0025
0.00251
0.00251
0.00252
0.00252
0.00252
0.00252
0.00252
0.00251
0.0025
0.0025
0.00248
0.00247
0.00246
0.00244
0.00242
0.0024
0.00238
0.00235
0.00232
0.0023
0.00227
0.00224
0.0022
0.00217
0.00213
0.0021
0.00205
0.00202
0.00197
0.00193
0.00188
0.00184
0.0018
0.00175
0.0017
0.00166
0.00161
0.00156
0.00151
0.00147
0.00142
0.00137
0.00132
0.00128
0.00123
0.00119
0.00114
0.0011
0.00106
0.00102
0.00098
0.00094
0.0009
0.00087
0.00083
0.0008
0.00076
0.00073
0.0007
0.00067
0.00064
0.00061
0.00059
0.00056
0.00054
0.00051
0.00049
0.00048
0.00046
0.00044
0.00043
0.00042
0.0004
0.0004
0.00039
0.00038
0.00038
0.00038
0.00038
0.00039
0.00039
0.0004
0.00042
0.00043
0.00045
0.00047
0.00049
0.00052
0.00054
0.00057
0.0006
0.00063
0.00066
0.00069
0.00073
0.00076
0.00079
0.00082
0.00086
0.00089
0.00092
0.00096
0.00098
0.00101
0.00103
0.00105
0.00107
0.00109
0.00109
0.00111
0.00111
0.00112
0.00111
0.00111
0.0011
0.00109
0.00108
0.00106
0.00104
0.00101
0.00099
0.00096
0.00092
0.00089
0.00085
0.00081
0.00077
0.00073
0.00068
0.00063
0.00058
0.00053
0.00048
0.00043
0.00037
0.00032
0.00026
0.0002
0.00014
8e-05
2e-05
-4e-05
-0.00011
-0.00017
-0.00024
-0.00031
-0.00037
-0.00044
-0.00051
-0.00058
-0.00065
-0.00072
-0.0008
-0.00087
-0.00095
-0.00102
-0.0011
-0.00117
-0.00125
-0.00132
-0.0014
-0.00147
-0.00154
-0.00161
-0.00169
-0.00175
-0.00182
-0.00189
-0.00195
-0.00201
-0.00207
-0.00213
-0.00218
-0.00222
-0.00227
-0.00232
-0.00236
-0.0024
-0.00243
-0.00245
-0.00248
-0.00249
-0.00252
-0.00253
-0.00254
-0.00255
-0.00256
-0.00256
-0.00256
-0.00256
-0.00256
-0.00255
-0.00255
-0.00255
-0.00254
-0.00253
-0.00253
-0.00252
-0.00252
-0.00251
-0.00251
-0.0025
-0.0025
-0.0025
-0.00251
-0.00251
-0.00252
-0.00252
-0.00253
-0.00254
-0.00255
-0.00256
-0.00258
-0.00259
-0.00261
-0.00262
-0.00264
-0.00266
-0.00268
-0.00269
-0.00271
-0.00272
-0.00274
-0.00276
-0.00278
-0.0028
-0.00281
-0.00282
-0.00284
-0.00285
-0.00287
-0.00288
-0.0029
-0.00291
-0.00293
-0.00294
-0.00295
-0.00296
-0.00298
-0.00299
-0.00301
-0.00302
-0.00304
-0.00305
-0.00306
-0.00307
-0.00309
-0.0031
-0.00311
-0.00311
-0.00312
-0.00313
-0.00313
-0.00313
-0.00312
-0.00312
-0.00311
-0.0031
-0.00308
-0.00305
-0.00302
-0.00299
-0.00296
-0.00291
-0.00287
-0.00281
-0.00275
-0.00269
-0.00263
-0.00255
-0.00248
-0.0024
-0.00231
-0.00223
-0.00213
-0.00204
-0.00194
-0.00184
-0.00174
-0.00164
-0.00154
-0.00143
-0.00132
-0.00122
-0.00111
-0.001
-0.0009
-0.00079
-0.00069
-0.00058
-0.00048
-0.00037
-0.00027
-0.00016
-6e-05
4e-05
0.00014
0.00025
0.00035
0.00045
0.00055
0.00066
0.00076
0.00087
0.00097
0.00108
0.00118
0.00129
0.0014
0.00152
0.00162
0.00174
0.00185
0.00197
0.00207
0.00219
0.0023
0.00242
0.00253
0.00264
0.00276
0.00287
0.00298
0.00309
0.0032
0.00331
0.00341
0.00352
0.00361
0.00372
0.00381
0.00391
0.004
0.00409
0.00418
0.00426
0.00434
0.00442
0.0045
0.00457
0.00464
0.00471
0.00478
0.00484
0.0049
0.00496
0.00502
0.00507
0.00511
0.00517
0.00521
0.00525
0.00528
0.00531
0.00534
0.00537
0.00539
0.00541
0.00542
0.00543
0.00543
0.00543
0.00542
0.00541
0.00539
0.00537
0.00534
0.0053
0.00526
0.00522
0.00517
0.00511
0.00505
0.00499
0.00492
0.00485
0.00476
0.00469
0.0046
0.00451
0.00441
0.00432
0.00422
0.00412
0.00402
0.00391
0.00381
0.0037
0.00359
0.00348
0.00337
0.00326
0.00315
0.00305
0.00293
0.00283
0.00271
0.00261
0.0025
0.00239
0.00228
0.00218
0.00207
0.00197
0.00187
0.00177
0.00166
0.00156
0.00146
0.00136
0.00126
0.00117
0.00107
0.00098
0.00088
0.00079
0.0007
0.00061
0.00052
0.00044
0.00036
0.00028
0.0002
0.00012
5e-05
-2e-05
-0.0001
-0.00016
-0.00023
-0.00028
-0.00035
-0.0004
-0.00046
-0.00051
-0.00056
-0.00061
-0.00065
-0.00069
-0.00074
-0.00078
-0.00082
-0.00085
-0.00089
-0.00091
-0.00095
-0.00097
-0.001
-0.00103
-0.00106
-0.00108
-0.0011
-0.00112
-0.00114
-0.00116
-0.00118
-0.00119
-0.0012
-0.00121
-0.00122
-0.00123
-0.00123
-0.00123
-0.00123
-0.00123
-0.00122
-0.00121
-0.0012
-0.00118
-0.00116
-0.00113
-0.00111
-0.00107
-0.00104
-0.00099
-0.00096
-0.00091
-0.00086
-0.0008
-0.00075
-0.00069
-0.00062
-0.00056
-0.00049
-0.00041
-0.00034
-0.00026
-0.00018
-9e-05
-1e-05
8e-05
0.00016
0.00025
0.00034
0.00044
0.00053
0.00062
0.00072
0.00081
0.00091
0.001
0.0011
0.0012
0.00129
0.00138
0.00148
0.00157
0.00166
0.00175
0.00184
0.00193
0.00201
0.0021
0.00218
0.00226
0.00234
0.00242
0.00249
0.00257
0.00263
0.0027
0.00276
0.00283
0.00288
0.00294
0.00299
0.00305
0.0031
0.00315
0.00319
0.00323
0.00327
0.00331
0.00335
0.00338
0.00341
0.00345
0.00347
0.00351
0.00353
0.00356
0.00357
0.0036
0.00362
0.00364
0.00366
0.00368
0.0037
0.00371
0.00373
0.00374
0.00375
0.00377
0.00378
0.00379
0.00379
0.0038
0.00381
0.00381
0.00381
0.00381
0.00381
0.00381
0.0038
0.0038
0.00379
0.00378
0.00376
0.00375
0.00373
0.00372
0.00369
0.00367
0.00364
0.00362
0.00359
0.00355
0.00352
0.00348
0.00344
0.0034
0.00336
0.00331
0.00326
0.00321
0.00316
0.00311
0.00304
0.00298
0.00291
0.00285
0.00278
0.00271
0.00263
0.00255
0.00248
0.0024
0.00231
0.00223
0.00213
0.00204
0.00195
0.00185
0.00175
0.00166
0.00155
0.00145
0.00135
0.00124
0.00114
0.00103
0.00092
0.00082
0.00071
0.00061
0.00049
0.00039
0.00028
0.00018
7e-05
-3e-05
-0.00014
-0.00023
-0.00033
-0.00043
-0.00053
-0.00063
-0.00072
-0.00081
-0.0009
-0.00098
-0.00107
-0.00115
-0.00123
-0.0013
-0.00138
-0.00145
-0.00152
-0.00157
-0.00164
-0.0017
-0.00175
-0.0018
-0.00185
-0.00189
-0.00194
-0.00197
-0.00201
-0.00204
-0.00208
-0.0021
-0.00213
-0.00215
-0.00218
-0.0022
-0.00222
-0.00224
-0.00226
-0.00228
-0.0023
-0.00231
-0.00233
-0.00235
-0.00237
-0.00238
-0.0024
-0.00242
-0.00244
-0.00246
-0.00248
-0.00249
-0.00252
-0.00253
-0.00255
-0.00257
-0.00258
-0.00259
-0.0026
-0.0026
-0.00261
-0.00261
-0.00261
-0.00261
-0.0026
-0.00259
-0.00258
-0.00255
-0.00253
-0.00251
-0.00248
-0.00245
-0.00242
-0.00238
-0.00234
-0.00229
-0.00226
-0.00221
-0.00216
-0.00211
-0.00207
-0.00201
-0.00197
-0.00192
-0.00187
-0.00183
-0.00178
-0.00174
-0.00169
-0.00165
-0.00161
-0.00157
-0.00153
-0.00149
-0.00146
-0.00142
-0.00139
-0.00135
-0.00132
-0.00129
-0.00125
-0.00122
-0.00119
-0.00115
-0.00112
-0.00108
-0.00104
-0.001
-0.00096
-0.00091
-0.00088
-0.00083
-0.00079
-0.00074
-0.00069
-0.00064
-0.0006
-0.00055
-0.0005
-0.00045
-0.0004
-0.00035
-0.00031
-0.00026
-0.00022
-0.00017
-0.00012
-8e-05
-4e-05
0.0
4e-05
8e-05
0.00012
0.00016
0.00019
0.00022
0.00026
0.00029
0.00032
0.00036
0.00038
0.00042
0.00045
0.00048
0.00051
0.00054
0.00057
0.00061
0.00064
0.00067
0.0007
0.00073
0.00076
0.0008
0.00083
0.00087
0.0009
0.00094
0.00098
0.00102
0.00105
0.00109
0.00113
0.00117
0.00121
0.00125
0.00129
0.00134
0.00138
0.00143
0.00147
0.00152
0.00156
0.00161
0.00166
0.00171
0.00176
0.00181
0.00185
0.00191
0.00196
0.00201
0.00205
0.0021
0.00215
0.0022
0.00224
0.00229
0.00232
0.00237
0.0024
0.00244
0.00247
0.00251
0.00253
0.00257
0.00259
0.00261
0.00263
0.00264
0.00265
0.00267
0.00267
0.00268
0.00268
0.00268
0.00268
0.00268
0.00267
0.00267
0.00266
0.00265
0.00264
0.00263
0.00261
0.0026
0.00258
0.00257
0.00255
0.00253
0.00251
0.00249
0.00247
0.00245
0.00242
0.0024
0.00237
0.00234
0.00231
0.00228
0.00225
0.00222
0.00218
0.00215
0.00211
0.00207
0.00203
0.00199
0.00195
0.00191
0.00186
0.00181
0.00176
0.00172
0.00167
0.00162
0.00157
0.00152
0.00147
0.00142
0.00137
0.00133
0.00127
0.00123
0.00119
0.00115
0.0011
0.00106
0.00102
0.00099
0.00096
0.00092
0.0009
0.00087
0.00084
0.00082
0.0008
0.00079
0.00077
0.00076
0.00074
0.00074
0.00073
0.00072
0.00071
0.00071
0.0007
0.0007
0.00069
0.00068
0.00068
0.00067
0.00066
0.00065
0.00063
0.00062
0.0006
0.00058
0.00055
0.00052
0.00049
0.00046
0.00041
0.00037
0.00032
0.00027
0.00021
0.00015
9e-05
2e-05
-5e-05
-0.00012
-0.0002
-0.00027
-0.00036
-0.00044
-0.00053
-0.0006
-0.00069
-0.00078
-0.00086
-0.00095
-0.00104
-0.00112
-0.0012
-0.00128
-0.00137
-0.00145
-0.00153
-0.0016
-0.00168
-0.00175
-0.00183
-0.0019
-0.00197
-0.00204
-0.00211
-0.00218
-0.00225
-0.00231
-0.00237
-0.00244
-0.0025
-0.00256
-0.00262
-0.00268
-0.00274
-0.0028
-0.00286
-0.00291
-0.00296
-0.00301
-0.00306
-0.0031
-0.00315
-0.00318
-0.00322
-0.00324
-0.00328
-0.00329
-0.00332
-0.00333
-0.00334
-0.00334
-0.00334
-0.00333
-0.00333
-0.00331
-0.0033
-0.00327
-0.00324
-0.00321
-0.00318
-0.00313
-0.0031
-0.00305
-0.003
-0.00294
-0.00289
-0.00284
-0.00278
-0.00271
-0.00266
-0.00259
-0.00253
-0.00247
-0.0024
-0.00233
-0.00226
-0.00219
-0.00213
-0.00206
-0.00199
-0.00191
-0.00185
-0.00177
-0.0017
-0.00163
-0.00156
-0.00148
-0.00141
-0.00134
-0.00126
-0.00118
-0.00111
-0.00103
-0.00096
-0.00088
-0.00081
-0.00073
-0.00066
-0.00058
-0.00051
-0.00044
-0.00037
-0.0003
-0.00023
-0.00016
-9e-05
-3e-05
4e-05
0.00011
0.00016
0.00023
0.00028
0.00034
0.0004
0.00046
0.0005
0.00056
0.00061
0.00066
0.00071
0.00075
0.0008
0.00084
0.00089
0.00093
0.00096
0.00101
0.00104
0.00108
0.00111
0.00114
0.00117
0.0012
0.00122
0.00125
0.00127
0.00128
0.0013
0.00132
0.00133
0.00134
0.00135
0.00135
0.00135
0.00136
0.00135
0.00135
0.00134
0.00133
0.00132
0.00131
0.00129
0.00127
0.00124
0.00122
0.00119
0.00117
0.00113
0.0011
0.00106
0.00102
0.00098
0.00093
0.00088
0.00084
0.00078
0.00073
0.00067
0.00061
0.00055
0.00048
0.00042
0.00035
0.00028
0.00021
0.00014
7e-05
0.0
-7e-05
-0.00014
-0.00021
-0.00028
-0.00034
-0.00041
-0.00047
-0.00053
-0.00058
-0.00063
-0.00067
-0.00072
-0.00075
-0.00078
-0.0008
-0.00083
-0.00084
-0.00085
-0.00084
-0.00084
-0.00082
-0.00081
-0.00078
-0.00075
-0.0007
-0.00066
-0.0006
-0.00055
-0.00048
-0.00041
-0.00033
-0.00026
-0.00017
-8e-05
2e-05
0.00012
0.00022
0.00032
0.00043
0.00055
0.00066
0.00078
0.0009
0.00101
0.00114
0.00126
0.00139
0.0015
0.00163
0.00175
0.00187
0.00199
0.00211
0.00223
0.00234
0.00246
0.00257
0.00268
0.00278
0.00288
0.00299
0.00308
0.00318
0.00327
0.00336
0.00343
0.00352
0.0036
0.00367
0.00374
0.0038
0.00387
0.00393
0.00398
0.00404
0.00408
0.00413
0.00416
0.00421
0.00423
0.00427
0.00429
0.00431
0.00433
0.00434
0.00435
0.00435
0.00435
0.00435
0.00434
0.00432
0.0043
0.00427
0.00424
0.00421
0.00416
0.00412
0.00406
0.004
0.00394
0.00387
0.00379
0.0037
0.00362
0.00353
0.00343
0.00333
0.00321
0.00311
0.00299
0.00287
0.00274
0.00261
0.00248
0.00235
0.00221
0.00206
0.00192
0.00177
0.00163
0.00148
0.00133
0.00118
0.00102
0.00087
0.00072
0.00056
0.00041
0.00025
9e-05
-6e-05
-0.00021
-0.00037
-0.00052
-0.00068
-0.00083
-0.00098
-0.00113
-0.00128
-0.00143
-0.00157
-0.00172
-0.00186
-0.002
-0.00213
-0.00227
-0.0024
-0.00253
-0.00265
-0.00277
-0.00289
-0.00301
-0.00311
-0.00322
-0.00332
-0.00342
-0.00351
-0.00361
-0.00369
-0.00377
-0.00385
-0.00392
-0.00399
-0.00405
-0.00412
-0.00417
-0.00423
-0.00427
-0.00432
-0.00436
-0.00439
-0.00443
-0.00446
-0.00449
-0.00451
-0.00453
-0.00455
-0.00456
-0.00457
-0.00458
-0.00458
-0.00458
-0.00457
-0.00456
-0.00455
-0.00453
-0.00451
-0.00449
-0.00445
-0.00442
-0.00438
-0.00435
-0.0043
-0.00426
-0.0042
-0.00415
-0.00409
-0.00403
-0.00397
-0.0039
-0.00383
-0.00376
-0.00369
-0.00362
-0.00354
-0.00346
-0.00338
-0.0033
-0.00322
-0.00314
-0.00305
-0.00297
-0.00288
-0.0028
-0.00271
-0.00262
-0.00253
-0.00243
-0.00234
-0.00225
-0.00215
-0.00205
-0.00195
-0.00185
-0.00174
-0.00164
-0.00152
-0.00141
-0.00129
-0.00118
-0.00106
-0.00094
-0.00081
-0.00069
-0.00056
-0.00043
-0.0003
-0.00017
-3e-05
0.0001
0.00023
0.00036
0.0005
0.00063
0.00076
0.00089
0.00102
0.00114
0.00127
0.00139
0.00151
0.00162
0.00173
0.00184
0.00194
0.00204
0.00214
0.00222
0.00231
0.00239
0.00247
0.00254
0.0026
0.00267
0.00273
0.00278
0.00283
0.00287
0.00292
0.00295
0.00299
0.00301
0.00303
0.00305
0.00307
0.00308
0.00308
0.00309
0.00308
0.00308
0.00308
0.00307
0.00306
0.00305
0.00303
0.00302
0.003
0.00298
0.00296
0.00294
0.00292
0.0029
0.00288
0.00286
0.00284
0.00283
0.00281
0.0028
0.00279
0.00278
0.00277
0.00277
0.00277
0.00276
0.00276
0.00276
0.00276
0.00276
0.00277
0.00277
0.00277
0.00277
0.00278
0.00278
0.00278
0.00277
0.00277
0.00277
0.00276
0.00274
0.00273
0.00271
0.00269
0.00266
0.00263
0.00259
0.00255
0.00251
0.00247
0.00242
0.00237
0.0023
0.00225
0.00218
0.00212
0.00205
0.00198
0.0019
0.00183
0.00175
0.00168
0.0016
0.00151
0.00144
0.00135
0.00127
0.00119
0.0011
0.00103
0.00094
0.00086
0.00077
0.00069
0.0006
0.00052
0.00043
0.00034
0.00025
0.00016
7e-05
-2e-05
-0.00011
-0.0002
-0.0003
-0.00039
-0.00049
-0.00058
-0.00068
-0.00077
-0.00087
-0.00096
-0.00106
-0.00116
-0.00125
-0.00135
-0.00144
-0.00153
-0.00162
-0.00171
-0.0018
-0.00188
-0.00196
-0.00204
-0.00212
-0.00219
-0.00226
-0.00232
-0.00239
-0.00245
-0.0025
-0.00256
-0.0026
-0.00264
-0.00268
-0.00271
-0.00275
-0.00277
-0.00279
-0.0028
-0.00282
-0.00282
-0.00283
-0.00282
-0.00282
-0.0028
-0.00279
-0.00276
-0.00273
-0.0027
-0.00266
-0.00262
-0.00257
-0.00252
-0.00246
-0.0024
-0.00234
-0.00226
-0.0022
-0.00211
-0.00204
-0.00195
-0.00187
-0.00178
-0.00169
-0.0016
-0.00151
-0.00141
-0.00132
-0.00122
-0.00113
-0.00103
-0.00094
-0.00084
-0.00075
-0.00065
-0.00056
-0.00047
-0.00038
-0.00029
-0.0002
-0.00011
-3e-05
6e-05
0.00014
0.00023
0.00031
0.0004
0.00048
0.00057
0.00065
0.00074
0.00083
0.00091
0.001
0.00109
0.00118
0.00127
0.00136
0.00146
0.00155
0.00164
0.00174
0.00183
0.00192
0.00202
0.0021
0.0022
0.00229
0.00237
0.00246
0.00254
0.00262
0.0027
0.00277
0.00285
0.00291
0.00298
0.00303
0.00309
0.00314
0.00319
0.00323
0.00328
0.00331
0.00335
0.00338
0.00341
0.00343
0.00346
0.00348
0.00351
0.00352
0.00354
0.00356
0.00357
0.00359
0.0036
0.00361
0.00363
0.00364
0.00365
0.00367
0.00368
0.00369
0.0037
0.00371
0.00372
0.00372
0.00373
0.00374
0.00374
0.00374
0.00374
0.00374
0.00374
0.00373
0.00372
0.00371
0.00369
0.00368
0.00366
0.00365
0.00363
0.0036
0.00359
0.00356
0.00354
0.00352
0.0035
0.00347
0.00346
0.00343
0.00342
0.0034
0.00338
0.00337
0.00336
0.00335
0.00334
0.00333
0.00334
0.00333
0.00334
0.00334
0.00334
0.00334
0.00336
0.00336
0.00337
0.00338
0.00339
0.00341
0.00342
0.00343
0.00344
0.00345
0.00346
0.00347
0.00348
0.00348
0.00349
0.00349
0.0035
0.00351
0.00351
0.00351
0.00351
0.00351
0.00351
0.00351
0.00351
0.0035
0.0035
0.00349
0.00349
0.00348
0.00348
0.00347
0.00347
0.00346
0.00345
0.00344
0.00344
0.00343
0.00342
0.00341
0.00341
0.00339
0.00338
0.00337
0.00336
