2.95927051852069E+02

-0.001
-0.00101
-0.00102
-0.00103
-0.00103
-0.00105
-0.00106
-0.00107
-0.00108
-0.00109
-0.0011
-0.00111
-0.00112
-0.00115
-0.00116
-0.00118
-0.00119
-0.00121
-0.00123
-0.00125
-0.00126
-0.00129
-0.0013
-0.00133
-0.00135
-0.00137
-0.00139
-0.00141
-0.00143
-0.00145
-0.00147
-0.00149
-0.00151
-0.00153
-0.00154
-0.00157
-0.00158
-0.0016
-0.00162
-0.00164
-0.00166
-0.00167
-0.00169
-0.00171
-0.00172
-0.00174
-0.00175
-0.00177
-0.00178
-0.0018
-0.00182
-0.00183
-0.00184
-0.00186
-0.00187
-0.00189
-0.0019
-0.00191
-0.00192
-0.00193
-0.00194
-0.00195
-0.00196
-0.00197
-0.00197
-0.00198
-0.00198
-0.00199
-0.00198
-0.00198
-0.00198
-0.00198
-0.00198
-0.00197
-0.00197
-0.00196
-0.00195
-0.00194
-0.00193
-0.00192
-0.0019
-0.00189
-0.00187
-0.00186
-0.00183
-0.00182
-0.0018
-0.00178
-0.00175
-0.00173
-0.0017
-0.00167
-0.00164
-0.00162
-0.00159
-0.00156
-0.00153
-0.0015
-0.00147
-0.00144
-0.0014
-0.00137
-0.00134
-0.00131
-0.00128
-0.00124
-0.00121
-0.00118
-0.00114
-0.00111
-0.00107
-0.00104
-0.001
-0.00097
-0.00093
-0.0009
-0.00085
-0.00081
-0.00077
-0.00072
-0.00068
-0.00063
-0.00058
-0.00053
-0.00047
-0.00042
-0.00035
-0.0003
-0.00023
-0.00016
-9e-05
-3e-05
5e-05
0.00012
0.0002
0.00027
0.00035
0.00043
0.00051
0.00059
0.00067
0.00074
0.00082
0.0009
0.00097
0.00104
0.00111
0.00118
0.00124
0.0013
0.00136
0.00141
0.00146
0.00151
0.00156
0.0016
0.00164
0.00166
0.0017
0.00172
0.00174
0.00176
0.00178
0.00178
0.0018
0.0018
0.0018
0.0018
0.0018
0.00179
0.00178
0.00177
0.00176
0.00174
0.00173
0.0017
0.00168
0.00165
0.00163
0.00159
0.00157
0.00153
0.00149
0.00145
0.00141
0.00136
0.00132
0.00127
0.00122
0.00116
0.00111
0.00105
0.00099
0.00093
0.00087
0.0008
0.00074
0.00067
0.0006
0.00053
0.00046
0.00039
0.00033
0.00026
0.00019
0.00012
5e-05
-2e-05
-9e-05
-0.00016
-0.00022
-0.00029
-0.00036
-0.00042
-0.00049
-0.00056
-0.00062
-0.00068
-0.00075
-0.00081
-0.00087
-0.00093
-0.00099
-0.00105
-0.00111
-0.00117
-0.00122
-0.00128
-0.00133
-0.00139
-0.00144
-0.00149
-0.00154
-0.00158
-0.00162
-0.00166
-0.00169
-0.00173
-0.00176
-0.00179
-0.00181
-0.00183
-0.00185
-0.00186
-0.00187
-0.00187
-0.00187
-0.00187
-0.00186
-0.00185
-0.00183
-0.00181
-0.00179
-0.00177
-0.00173
-0.0017
-0.00166
-0.00163
-0.00159
-0.00155
-0.0015
-0.00146
-0.00141
-0.00137
-0.00132
-0.00127
-0.00122
-0.00117
-0.00111
-0.00107
-0.00101
-0.00096
-0.0009
-0.00086
-0.0008
-0.00075
-0.00069
-0.00064
-0.00059
-0.00054
-0.00049
-0.00043
-0.00038
-0.00032
-0.00027
-0.00022
-0.00016
-0.00011
-6e-05
-1e-05
4e-05
8e-05
0.00014
0.00018
0.00022
0.00027
0.0003
0.00034
0.00038
0.00042
0.00045
0.00047
0.00051
0.00053
0.00056
0.00057
0.00059
0.0006
0.00062
0.00062
0.00063
0.00064
0.00064
0.00064
0.00064
0.00064
0.00064
0.00063
0.00062
0.00061
0.0006
0.00058
0.00057
0.00055
0.00054
0.00052
0.00049
0.00047
0.00044
0.00041
0.00038
0.00034
0.0003
0.00026
0.00021
0.00016
0.00012
6e-05
-0.0
-7e-05
-0.00013
-0.0002
-0.00027
-0.00035
-0.00043
-0.00051
-0.00059
-0.00068
-0.00076
-0.00085
-0.00094
-0.00103
-0.00112
-0.00122
-0.0013
-0.0014
-0.00148
-0.00157
-0.00166
-0.00175
-0.00183
-0.00191
-0.00199
-0.00207
-0.00214
-0.00222
-0.00229
-0.00237
-0.00243
-0.0025
-0.00256
-0.00263
-0.00269
-0.00275
-0.00281
-0.00287
-0.00293
-0.00299
-0.00304
-0.0031
-0.00315
-0.00321
-0.00326
-0.00332
-0.00337
-0.00342
-0.00347
-0.00352
-0.00357
-0.00362
-0.00366
-0.00371
-0.00375
-0.00378
-0.00382
-0.00385
-0.00388
-0.00391
-0.00393
-0.00395
-0.00396
-0.00398
-0.00399
-0.00399
-0.00399
-0.00399
-0.00398
-0.00398
-0.00396
-0.00395
-0.00392
-0.0039
-0.00387
-0.00385
-0.00381
-0.00377
-0.00373
-0.00369
-0.00364
-0.0036
-0.00354
-0.00349
-0.00343
-0.00338
-0.00332
-0.00325
-0.00318
-0.00311
-0.00303
-0.00296
-0.00288
-0.00279
-0.0027
-0.00262
-0.00253
-0.00244
-0.00233
-0.00224
-0.00213
-0.00203
-0.00192
-0.00182
-0.0017
-0.00159
-0.00147
-0.00137
-0.00125
-0.00113
-0.00101
-0.0009
-0.00078
-0.00067
-0.00055
-0.00044
-0.00033
-0.00022
-0.00011
0.0
0.00011
0.00021
0.00032
0.00042
0.00052
0.00062
0.00072
0.00081
0.0009
0.00099
0.00108
0.00117
0.00125
0.00134
0.00142
0.0015
0.00158
0.00166
0.00173
0.0018
0.00188
0.00194
0.00201
0.00207
0.00213
0.00219
0.00224
0.00229
0.00234
0.00238
0.00242
0.00246
0.00249
0.00252
0.00255
0.00256
0.00258
0.00258
0.00259
0.00259
0.00259
0.00258
0.00257
0.00255
0.00253
0.0025
0.00247
0.00244
0.0024
0.00236
0.00232
0.00226
0.00222
0.00216
0.0021
0.00204
0.00198
0.00191
0.00185
0.00177
0.0017
0.00162
0.00154
0.00147
0.00139
0.00131
0.00122
0.00113
0.00105
0.00096
0.00088
0.00078
0.0007
0.0006
0.00052
0.00043
0.00034
0.00025
0.00016
8e-05
-1e-05
-9e-05
-0.00017
-0.00025
-0.00032
-0.0004
-0.00047
-0.00054
-0.00061
-0.00067
-0.00073
-0.00079
-0.00084
-0.0009
-0.00094
-0.00099
-0.00103
-0.00106
-0.00109
-0.00113
-0.00115
-0.00118
-0.0012
-0.00121
-0.00123
-0.00124
-0.00124
-0.00124
-0.00124
-0.00123
-0.00122
-0.00121
-0.00119
-0.00116
-0.00113
-0.00111
-0.00107
-0.00103
-0.00098
-0.00093
-0.00088
-0.00083
-0.00076
-0.0007
-0.00063
-0.00056
-0.00048
-0.00041
-0.00032
-0.00024
-0.00015
-7e-05
2e-05
0.00011
0.0002
0.00029
0.00038
0.00047
0.00056
0.00065
0.00074
0.00082
0.00091
0.00099
0.00108
0.00116
0.00124
0.00131
0.00138
0.00145
0.00153
0.00159
0.00165
0.00171
0.00177
0.00182
0.00188
0.00192
0.00197
0.00201
0.00205
0.00209
0.00212
0.00215
0.00218
0.0022
0.00222
0.00223
0.00225
0.00225
0.00226
0.00226
0.00225
0.00224
0.00223
0.00221
0.00219
0.00216
0.00214
0.0021
0.00207
0.00202
0.00199
0.00194
0.00189
0.00184
0.00179
0.00173
0.00168
0.00162
0.00156
0.00151
0.00145
0.0014
0.00134
0.00128
0.00124
0.00118
0.00114
0.00109
0.00105
0.001
0.00096
0.00092
0.00089
0.00085
0.00082
0.00079
0.00077
0.00074
0.00073
0.0007
0.00068
0.00066
0.00065
0.00063
0.00062
0.0006
0.00059
0.00057
0.00056
0.00054
0.00053
0.00051
0.0005
0.00049
0.00047
0.00045
0.00044
0.00042
0.00041
0.00039
0.00038
0.00035
0.00034
0.00032
0.0003
0.00027
0.00025
0.00023
0.00021
0.00018
0.00016
0.00013
0.0001
7e-05
4e-05
1e-05
-2e-05
-6e-05
-9e-05
-0.00013
-0.00017
-0.00021
-0.00025
-0.00029
-0.00034
-0.00038
-0.00043
-0.00048
-0.00053
-0.00058
-0.00063
-0.00069
-0.00074
-0.0008
-0.00085
-0.00091
-0.00097
-0.00103
-0.00109
-0.00115
-0.0012
-0.00127
-0.00133
-0.00139
-0.00145
-0.00151
-0.00157
-0.00164
-0.0017
-0.00177
-0.00183
-0.00189
-0.00195
-0.00202
-0.00208
-0.00214
-0.0022
-0.00226
-0.00231
-0.00238
-0.00243
-0.00249
-0.00254
-0.0026
-0.00265
-0.0027
-0.00274
-0.00279
-0.00284
-0.00288
-0.00292
-0.00295
-0.00299
-0.00302
-0.00305
-0.00308
-0.0031
-0.00313
-0.00315
-0.00317
-0.00319
-0.0032
-0.00321
-0.00322
-0.00323
-0.00323
-0.00324
-0.00324
-0.00323
-0.00323
-0.00322
-0.00321
-0.0032
-0.00319
-0.00316
-0.00315
-0.00312
-0.0031
-0.00306
-0.00303
-0.003
-0.00296
-0.00292
-0.00287
-0.00282
-0.00276
-0.0027
-0.00264
-0.00257
-0.0025
-0.00242
-0.00234
-0.00225
-0.00217
-0.00206
-0.00196
-0.00185
-0.00174
-0.00162
-0.00149
-0.00135
-0.00121
-0.00106
-0.00091
-0.00074
-0.00058
-0.0004
-0.00021
-2e-05
0.00018
0.00039
0.00061
0.00083
0.00107
0.00131
0.00157
0.00184
0.00211
0.0024
0.00269
0.00299
0.00331
0.00363
0.00397
0.00431
0.00466
0.00503
0.0054
0.00578
0.00617
0.00657
0.00699
0.0074
0.00783
0.00827
0.00871
0.00916
0.00961
0.01007
0.01054
0.01102
0.01149
0.01198
0.01247
0.01296
0.01345
0.01396
0.01446
0.01497
0.01547
0.01599
0.0165
0.01702
0.01753
0.01805
0.01856
0.01908
0.01959
0.02011
0.02063
0.02114
0.02165
0.02217
0.02267
0.02318
0.02368
0.02419
0.02468
0.02517
0.02565
0.02614
0.02661
0.02708
0.02754
0.028
0.02845
0.02889
0.02932
0.02974
0.03015
0.03056
0.03095
0.03134
0.03171
0.03208
0.03243
0.03278
0.03311
0.03343
0.03374
0.03404
0.03433
0.03461
0.03487
0.03513
0.03538
0.03561
0.03584
0.03606
0.03626
0.03646
0.03664
0.03682
0.03699
0.03715
0.0373
0.03745
0.03758
0.03771
0.03783
0.03795
0.03805
0.03815
0.03825
0.03834
0.03842
0.0385
0.03857
0.03863
0.03869
0.03875
0.0388
0.03885
0.03889
0.03893
0.03897
0.039
0.03903
0.03905
0.03907
0.03909
0.03911
0.03912
0.03913
0.03914
0.03915
0.03915
0.03916
0.03916
0.03916
0.03916
0.03916
0.03916
0.03915
0.03915
0.03914
0.03914
0.03913
0.03913
0.03912
0.03911
0.0391
0.03909
0.03908
0.03907
0.03905
0.03904
0.03902
0.039
0.03898
0.03896
0.03894
0.03891
0.03887
0.03884
0.0388
0.03877
0.03872
0.03867
0.03862
0.03856
0.0385
0.03844
0.03837
0.0383
0.03822
0.03814
0.03805
0.03796
0.03786
0.03776
0.03766
0.03755
0.03744
0.03733
0.03721
0.03709
0.03696
0.03684
0.03671
0.03657
0.03644
0.0363
0.03616
0.03602
0.03587
0.03573
0.03558
0.03543
0.03527
0.03512
0.03496
0.0348
0.03464
0.03448
0.03431
0.03414
0.03397
0.0338
0.03362
0.03344
0.03325
0.03307
0.03288
0.03268
0.03248
0.03228
0.03208
0.03187
0.03165
0.03144
0.03122
0.03099
0.03076
0.03053
0.0303
0.03006
0.02981
0.02957
0.02932
0.02907
0.02882
0.02857
0.02831
0.02806
0.02781
0.02755
0.02729
0.02704
0.02678
0.02653
0.02628
0.02603
0.02578
0.02554
0.02529
0.02505
0.02482
0.02459
0.02436
0.02413
0.02391
0.02369
0.02348
0.02327
0.02307
0.02287
0.02268
0.02249
0.0223
0.02212
0.02194
0.02177
0.0216
0.02144
0.02128
0.02112
0.02097
0.02082
0.02067
0.02053
0.02039
0.02025
0.02012
0.01999
0.01986
0.01974
0.01961
0.01949
0.01937
0.01926
0.01915
0.01904
0.01893
0.01882
0.01872
0.01861
0.01852
0.01842
0.01832
0.01823
0.01813
0.01804
0.01796
0.01787
0.01778
0.0177
0.01761
0.01754
0.01745
0.01737
0.0173
0.01722
0.01714
0.01707
0.01699
0.01692
0.01684
0.01677
0.0167
0.01662
0.01655
0.01648
0.0164
0.01633
0.01625
0.01618
0.0161
0.01602
0.01595
0.01587
0.01579
0.01572
0.01563
0.01556
0.01547
0.01539
0.01531
0.01523
0.01514
0.01506
0.01497
0.01488
0.01479
0.0147
0.0146
0.01451
0.01441
0.01432
0.01422
0.01412
0.01401
0.01391
0.0138
0.01369
0.01358
0.01347
0.01335
0.01323
0.01311
0.01299
0.01287
0.01274
0.01261
0.01249
0.01235
0.01222
0.01209
0.01196
0.01182
0.01169
0.01155
0.01141
0.01128
0.01114
0.01101
0.01087
0.01074
0.01061
0.01048
0.01035
0.01021
0.01009
0.00996
0.00984
0.00971
0.00959
0.00947
0.00935
0.00923
0.00912
0.009
0.00888
0.00877
0.00866
0.00855
0.00844
0.00832
0.00821
0.0081
0.00799
0.00788
0.00777
0.00766
0.00755
0.00744
0.00733
0.00722
0.00711
0.007
0.0069
0.00679
0.00669
0.00658
0.00649
0.00638
0.00629
0.00619
0.0061
0.00601
0.00593
0.00584
0.00576
0.00568
0.00561
0.00554
0.00547
0.00541
0.00535
0.00529
0.00524
0.00518
0.00514
0.00509
0.00504
0.005
0.00496
0.00492
0.00488
0.00484
0.00479
0.00475
0.00472
0.00467
0.00463
0.00459
0.00454
0.0045
0.00445
0.0044
0.00435
0.00429
0.00424
0.00418
0.00412
0.00406
0.004
0.00394
0.00387
0.00381
0.00375
0.00369
0.00363
0.00357
0.00352
0.00346
0.00341
0.00336
0.00332
0.00327
0.00323
0.0032
0.00316
0.00314
0.00312
0.00311
0.0031
0.00308
0.00308
0.00308
0.00309
0.0031
0.00312
0.00313
0.00315
0.00317
0.0032
0.00323
0.00326
0.00329
0.00333
0.00336
0.0034
0.00343
0.00347
0.00351
0.00354
0.00358
0.00361
0.00364
0.00368
0.00371
0.00374
0.00376
0.00379
0.00381
0.00384
0.00386
0.00388
0.00389
0.00391
0.00392
0.00394
0.00395
0.00396
0.00396
0.00397
0.00398
0.00398
0.00398
0.00398
0.00398
0.00397
0.00397
0.00396
0.00395
0.00395
0.00393
0.00392
0.00391
0.00389
0.00387
0.00386
0.00384
0.00382
0.00379
0.00377
0.00375
0.00372
0.0037
0.00368
0.00365
0.00362
0.0036
0.00357
0.00355
0.00352
0.0035
0.00348
0.00345
0.00343
0.00341
0.00339
0.00337
0.00336
0.00334
0.00333
0.00332
0.00331
0.0033
0.0033
0.00328
0.00328
0.00327
0.00327
0.00327
0.00327
0.00326
0.00326
0.00326
0.00325
0.00325
0.00325
0.00324
0.00324
0.00323
0.00322
0.00321
0.0032
0.00319
0.00318
0.00316
0.00315
0.00313
0.00311
0.00309
0.00307
0.00305
0.00303
0.003
0.00299
0.00296
0.00294
0.00292
0.0029
0.00287
0.00286
0.00284
0.00282
0.00281
0.00279
0.00278
0.00277
0.00276
0.00276
0.00274
0.00274
0.00274
0.00274
0.00273
0.00273
0.00273
0.00273
0.00273
0.00273
0.00273
0.00273
0.00273
0.00273
0.00273
0.00273
0.00272
0.00272
0.00271
0.00271
0.0027
0.00269
0.00268
0.00267
0.00265
0.00264
0.00262
0.0026
0.00258
0.00256
0.00254
0.00252
0.00249
0.00247
0.00244
0.00242
0.00239
0.00236
0.00233
0.0023
0.00227
0.00224
0.00221
0.00217
0.00214
0.00211
0.00207
0.00204
0.002
0.00197
0.00193
0.0019
0.00186
0.00183
0.00179
0.00175
0.00171
0.00168
0.00164
0.0016
0.00157
0.00153
0.00149
0.00146
0.00142
0.00139
0.00136
0.00133
0.00129
0.00126
0.00123
0.0012
0.00117
0.00114
0.00111
0.00108
0.00105
0.00103
0.001
0.00097
0.00094
0.00092
0.00089
0.00087
0.00084
0.00081
0.00078
0.00076
0.00073
0.0007
0.00067
0.00064
0.00061
0.00058
0.00055
0.00052
0.00048
0.00045
0.00042
0.00039
0.00035
0.00032
0.00028
0.00025
0.00021
0.00018
0.00014
0.00011
7e-05
4e-05
0.0
-3e-05
-8e-05
-0.00011
-0.00015
-0.00019
-0.00023
-0.00028
-0.00032
-0.00036
-0.00041
-0.00046
-0.00051
-0.00057
-0.00062
-0.00067
-0.00073
-0.00079
-0.00085
-0.00091
-0.00097
-0.00103
-0.0011
-0.00117
-0.00124
-0.0013
-0.00137
-0.00144
-0.00151
-0.00158
-0.00164
-0.00171
-0.00177
-0.00183
-0.0019
-0.00195
-0.00201
-0.00206
-0.00212
-0.00216
-0.00221
-0.00225
-0.00229
-0.00233
-0.00236
-0.00239
-0.00242
-0.00244
-0.00246
-0.00247
-0.00248
-0.00249
-0.00249
-0.00249
-0.00249
-0.00249
-0.00248
-0.00247
-0.00246
-0.00244
-0.00243
-0.00241
-0.00238
-0.00236
-0.00233
-0.00231
-0.00228
-0.00225
-0.00222
-0.00219
-0.00216
-0.00212
-0.00209
-0.00205
-0.00202
-0.00199
-0.00195
-0.00192
-0.00188
-0.00184
-0.00181
-0.00177
-0.00174
-0.0017
-0.00166
-0.00162
-0.00159
-0.00155
-0.00152
-0.00147
-0.00144
-0.0014
-0.00137
-0.00133
-0.00129
-0.00126
-0.00122
-0.00118
-0.00115
-0.00111
-0.00107
-0.00103
-0.001
-0.00096
-0.00092
-0.00088
-0.00084
-0.0008
-0.00076
-0.00072
-0.00068
-0.00064
-0.0006
-0.00055
-0.00052
-0.00047
-0.00043
-0.00038
-0.00033
-0.00028
-0.00024
-0.00019
-0.00014
-8e-05
-3e-05
2e-05
8e-05
0.00014
0.0002
0.00026
0.00032
0.00039
0.00045
0.00052
0.00059
0.00066
0.00073
0.00081
0.00088
0.00095
0.00103
0.0011
0.00118
0.00126
0.00134
0.00143
0.0015
0.00159
0.00167
0.00175
0.00183
0.00192
0.002
0.00209
0.00217
0.00226
0.00234
0.00242
0.00251
0.0026
0.00268
0.00277
0.00285
0.00294
0.00302
0.00311
0.00318
0.00327
0.00334
0.00343
0.0035
0.00358
0.00365
0.00372
0.00379
0.00385
0.00391
0.00398
0.00403
0.00408
0.00412
0.00417
0.0042
0.00424
0.00426
0.00429
0.0043
0.00431
0.00432
0.00432
0.00433
0.00432
0.00431
0.00431
0.00428
0.00427
0.00425
0.00423
0.0042
0.00417
0.00414
0.00412
0.00409
0.00406
0.00403
0.004
0.00397
0.00395
0.00392
0.0039
0.00387
0.00385
0.00383
0.00381
0.00379
0.00377
0.00375
0.00374
0.00371
0.00369
0.00367
0.00365
0.00363
0.00361
0.00359
0.00356
0.00353
0.0035
0.00347
0.00343
0.00339
0.00336
0.00331
0.00327
0.00322
0.00317
0.00312
0.00307
0.00302
0.00297
0.00291
0.00286
0.0028
0.00275
0.0027
0.00265
0.00259
0.00254
0.00249
0.00245
0.0024
0.00235
0.00231
0.00227
0.00223
0.00219
0.00216
0.00212
0.00208
0.00206
0.00202
0.00199
0.00196
0.00193
0.00189
0.00187
0.00184
0.0018
0.00177
0.00174
0.00171
0.00168
0.00164
0.00161
0.00157
0.00154
0.00151
0.00148
0.00144
0.00141
0.00137
0.00135
0.00131
0.00128
0.00125
0.00122
0.0012
0.00117
0.00115
0.00113
0.00111
0.00109
0.00107
0.00106
0.00105
0.00104
0.00102
0.00102
0.001
0.001
0.00099
0.00098
0.00097
0.00097
0.00096
0.00096
0.00095
0.00095
0.00093
0.00093
0.00092
0.00091
0.00089
0.00089
0.00087
0.00086
0.00084
0.00082
0.00081
0.00079
0.00077
0.00076
0.00073
0.00071
0.00069
0.00067
0.00065
0.00063
0.0006
0.00059
0.00057
0.00055
0.00053
0.00051
0.00049
0.00047
0.00045
0.00044
0.00042
0.00041
0.00039
0.00038
0.00037
0.00036
0.00035
0.00035
0.00034
0.00033
0.00033
0.00033
0.00033
0.00033
0.00033
0.00034
0.00034
0.00035
0.00036
0.00038
0.00039
0.00041
0.00042
0.00045
0.00047
0.00049
0.00051
0.00054
0.00057
0.0006
0.00063
0.00067
0.0007
0.00074
0.00077
0.00081
0.00085
0.00089
0.00092
0.00097
0.001
0.00104
0.00108
0.00111
0.00115
0.00118
0.00121
0.00124
0.00127
0.0013
0.00132
0.00134
0.00135
0.00137
0.00138
0.00139
0.0014
0.0014
0.0014
0.00139
0.00139
0.00138
0.00136
0.00135
0.00132
0.00131
0.00128
0.00125
0.00122
0.00119
0.00115
0.00111
0.00107
0.00103
0.00098
0.00094
0.00089
0.00084
0.00079
0.00074
0.00069
0.00064
0.00058
0.00052
0.00046
0.00041
0.00034
0.00029
0.00022
0.00016
0.0001
3e-05
-3e-05
-0.0001
-0.00017
-0.00023
-0.00031
-0.00037
-0.00045
-0.00051
-0.00059
-0.00066
-0.00074
-0.00081
-0.00089
-0.00096
-0.00104
-0.00112
-0.00119
-0.00127
-0.00134
-0.00142
-0.0015
-0.00157
-0.00164
-0.00171
-0.00179
-0.00186
-0.00193
-0.00199
-0.00206
-0.00212
-0.00218
-0.00225
-0.0023
-0.00235
-0.0024
-0.00245
-0.0025
-0.00254
-0.00258
-0.00261
-0.00265
-0.00267
-0.0027
-0.00272
-0.00274
-0.00275
-0.00276
-0.00277
-0.00276
-0.00276
-0.00275
-0.00274
-0.00273
-0.00271
-0.00269
-0.00266
-0.00264
-0.0026
-0.00257
-0.00253
-0.00249
-0.00245
-0.0024
-0.00236
-0.00231
-0.00226
-0.0022
-0.00215
-0.0021
-0.00204
-0.00198
-0.00192
-0.00187
-0.00181
-0.00175
-0.00169
-0.00164
-0.00158
-0.00152
-0.00147
-0.00141
-0.00136
-0.0013
-0.00125
-0.0012
-0.00115
-0.0011
-0.00105
-0.00101
-0.00096
-0.00092
-0.00087
-0.00083
-0.0008
-0.00076
-0.00072
-0.00069
-0.00065
-0.00062
-0.00059
-0.00057
-0.00054
-0.00051
-0.00049
-0.00047
-0.00045
-0.00043
-0.00041
-0.00039
-0.00038
-0.00037
-0.00036
-0.00035
-0.00033
-0.00032
-0.00032
-0.00031
-0.0003
-0.0003
-0.00029
-0.00029
-0.00028
-0.00028
-0.00028
-0.00028
-0.00027
-0.00027
-0.00027
-0.00026
-0.00025
-0.00025
-0.00024
-0.00024
-0.00023
-0.00023
-0.00022
-0.00021
-0.0002
-0.00019
-0.00018
-0.00017
-0.00015
-0.00014
-0.00013
-0.00011
-9e-05
-6e-05
-4e-05
-1e-05
2e-05
5e-05
9e-05
0.00012
0.00016
0.0002
0.00026
0.0003
0.00036
0.00042
0.00048
0.00055
0.00062
0.00069
0.00077
0.00085
0.00094
0.00102
0.00112
0.0012
0.0013
0.0014
0.0015
0.0016
0.00171
0.00181
0.00191
0.00202
0.00212
0.00223
0.00233
0.00243
0.00253
0.00263
0.00273
0.00282
0.00292
0.003
0.00309
0.00317
0.00325
0.00333
0.0034
0.00348
0.00355
0.00361
0.00367
0.00373
0.00378
0.00383
0.00388
0.00392
0.00397
0.004
0.00404
0.00406
0.00409
0.00411
0.00413
0.00414
0.00415
0.00416
0.00416
0.00415
0.00415
0.00414
0.00413
0.0041
0.00408
0.00405
0.00402
0.00398
0.00394
0.00389
0.00384
0.00379
0.00374
0.00368
0.00363
0.00356
0.0035
0.00343
0.00337
0.0033
0.00323
0.00316
0.00309
0.00302
0.00295
0.00288
0.00281
0.00275
0.00268
0.00262
0.00255
0.00249
0.00243
0.00237
0.00231
0.00225
0.00219
0.00213
0.00208
0.00202
0.00196
0.0019
0.00184
0.00178
0.00173
0.00167
0.00161
0.00154
0.00149
0.00142
0.00136
0.00129
0.00123
0.00116
0.0011
0.00104
0.00097
0.0009
0.00084
0.00077
0.00071
0.00065
0.00059
0.00052
0.00047
0.00041
0.00036
0.0003
0.00025
0.0002
0.00016
0.00011
7e-05
3e-05
-1e-05
-5e-05
-8e-05
-0.00011
-0.00014
-0.00017
-0.00019
-0.00022
-0.00024
-0.00027
-0.00029
-0.00031
-0.00032
-0.00035
-0.00036
-0.00038
-0.0004
-0.00041
-0.00042
-0.00043
-0.00044
-0.00045
-0.00045
-0.00045
-0.00045
-0.00045
-0.00045
-0.00044
-0.00043
-0.00042
-0.0004
-0.00038
-0.00036
-0.00033
-0.0003
-0.00027
-0.00023
-0.00019
-0.00015
-0.0001
-6e-05
-1e-05
4e-05
9e-05
0.00015
0.0002
0.00026
0.00031
0.00037
0.00042
0.00047
0.00053
0.00058
0.00062
0.00067
0.00071
0.00076
0.00079
0.00083
0.00085
0.00089
0.00091
0.00093
0.00094
0.00096
0.00097
0.00097
0.00098
0.00098
0.00097
0.00097
0.00096
0.00095
0.00094
0.00092
0.0009
0.00088
0.00086
0.00084
0.00081
0.00078
0.00076
0.00073
0.0007
0.00067
0.00064
0.00061
0.00058
0.00055
0.00052
0.00048
0.00045
0.00042
0.00039
0.00036
0.00033
0.0003
0.00027
0.00024
0.00022
0.00019
0.00016
0.00014
0.00011
9e-05
7e-05
5e-05
3e-05
1e-05
-1e-05
-3e-05
-5e-05
-6e-05
-8e-05
-9e-05
-0.00011
-0.00012
-0.00014
-0.00015
-0.00016
-0.00017
-0.00019
-0.0002
-0.00022
-0.00023
-0.00024
-0.00025
-0.00027
-0.00028
-0.00029
-0.00029
-0.0003
-0.00031
-0.00032
-0.00032
-0.00033
-0.00033
-0.00033
-0.00033
-0.00033
-0.00032
-0.00031
-0.0003
-0.00028
-0.00027
-0.00025
-0.00023
-0.0002
-0.00017
-0.00014
-0.00011
-7e-05
-3e-05
0.0
5e-05
9e-05
0.00014
0.00018
0.00023
0.00028
0.00033
0.00038
0.00043
0.00048
0.00053
0.00058
0.00063
0.00068
0.00073
0.00077
0.00082
0.00087
0.00092
0.00096
0.001
0.00105
0.00109
0.00114
0.00118
0.00122
0.00127
0.00131
0.00135
0.0014
0.00144
0.00148
0.00153
0.00157
0.00161
0.00165
0.00169
0.00173
0.00177
0.00181
0.00185
0.00189
0.00193
0.00195
0.00199
0.00202
0.00204
0.00206
0.00209
0.0021
0.00212
0.00213
0.00214
0.00214
0.00214
0.00214
0.00214
0.00213
0.00212
0.0021
0.00209
0.00207
0.00205
0.00202
0.00199
0.00196
0.00193
0.0019
0.00186
0.00182
0.00179
0.00175
0.00171
0.00167
0.00163
0.00158
0.00154
0.00149
0.00145
0.00141
0.00136
0.00131
0.00127
0.00122
0.00118
0.00113
0.00108
0.00103
0.00098
0.00093
0.00088
0.00083
0.00078
0.00073
0.00068
0.00062
0.00058
0.00052
0.00048
0.00043
0.00038
0.00033
0.00028
0.00024
0.0002
0.00016
0.00012
8e-05
5e-05
1e-05
-2e-05
-5e-05
-7e-05
-0.0001
-0.00012
-0.00014
-0.00016
-0.00017
-0.00019
-0.00019
-0.0002
-0.0002
-0.0002
-0.0002
-0.00019
-0.00019
-0.00017
-0.00016
-0.00014
-0.00013
-0.0001
-7e-05
-4e-05
-1e-05
2e-05
6e-05
0.00011
0.00015
0.0002
0.00025
0.00031
0.00037
0.00043
0.00049
0.00056
0.00063
0.0007
0.00077
0.00084
0.00092
0.00099
0.00107
0.00114
0.00122
0.0013
0.00136
0.00144
0.0015
0.00157
0.00163
0.0017
0.00175
0.0018
0.00185
0.00189
0.00193
0.00197
0.002
0.00202
0.00205
0.00206
0.00207
0.00208
0.00208
0.00208
0.00207
0.00207
0.00205
0.00203
0.00201
0.00198
0.00195
0.00192
0.00188
0.00185
0.0018
0.00176
0.00171
0.00166
0.0016
0.00155
0.00149
0.00142
0.00135
0.00129
0.00122
0.00114
0.00106
0.00098
0.0009
0.00082
0.00073
0.00065
0.00055
0.00046
0.00037
0.00028
0.00018
9e-05
-1e-05
-0.0001
-0.0002
-0.00029
-0.00038
-0.00048
-0.00056
-0.00065
-0.00073
-0.00081
-0.0009
-0.00098
-0.00106
-0.00112
-0.0012
-0.00127
-0.00134
-0.0014
-0.00147
-0.00153
-0.00159
-0.00165
-0.0017
-0.00176
-0.00182
-0.00187
-0.00193
-0.00199
-0.00204
-0.0021
-0.00216
-0.00222
-0.00228
-0.00233
-0.0024
-0.00245
-0.00252
-0.00258
-0.00264
-0.0027
-0.00276
-0.00282
-0.00288
-0.00294
-0.003
-0.00305
-0.0031
-0.00315
-0.00321
-0.00325
-0.0033
-0.00334
-0.00338
-0.00341
-0.00345
-0.00347
-0.0035
-0.00352
-0.00354
-0.00356
-0.00357
-0.00358
-0.00359
-0.00359
-0.0036
-0.00359
-0.00359
-0.00359
-0.00358
-0.00357
-0.00355
-0.00353
-0.00351
-0.00349
-0.00347
-0.00344
-0.00341
-0.00337
-0.00334
-0.0033
-0.00326
-0.0032
-0.00315
-0.0031
-0.00304
-0.00298
-0.00291
-0.00283
-0.00275
-0.00266
-0.00258
-0.00248
-0.00238
-0.00226
-0.00216
-0.00203
-0.00191
-0.00178
-0.00164
-0.0015
-0.00135
-0.0012
-0.00104
-0.00088
-0.00072
-0.00054
-0.00038
-0.0002
-2e-05
0.00016
0.00034
0.00053
0.00071
0.00091
0.00109
0.00128
0.00146
0.00165
0.00183
0.00202
0.0022
0.00238
0.00255
0.00273
0.0029
0.00307
0.00323
0.00339
0.00355
0.0037
0.00385
0.004
0.00413
0.00427
0.0044
0.00453
0.00465
0.00476
0.00487
0.00497
0.00507
0.00517
0.00525
0.00533
0.0054
0.00547
0.00553
0.00559
0.00563
0.00567
0.0057
0.00573
0.00574
0.00576
0.00575
0.00575
0.00573
0.00571
0.00568
0.00564
0.00558
0.00553
0.00546
0.00539
0.00531
0.00522
0.00512
0.00502
0.0049
0.00478
0.00465
0.00452
0.00437
0.00423
0.00407
0.00391
0.00374
0.00358
0.0034
0.00323
0.00304
0.00286
0.00267
0.00248
0.00229
0.0021
0.0019
0.00171
0.00151
0.00132
0.00113
0.00094
0.00074
0.00056
0.00037
0.00018
-0.0
-0.00018
-0.00036
-0.00053
-0.0007
-0.00087
-0.00104
-0.00119
-0.00135
-0.0015
-0.00165
-0.00179
-0.00194
-0.00207
-0.0022
-0.00233
-0.00246
-0.00258
-0.0027
-0.0028
-0.00291
-0.00301
-0.00312
-0.00321
-0.0033
-0.00338
-0.00346
-0.00354
-0.00361
-0.00367
-0.00373
-0.00379
-0.00384
-0.00388
-0.00392
-0.00395
-0.00397
-0.00399
-0.00401
-0.00401
-0.00402
-0.00401
-0.004
-0.00398
-0.00396
-0.00393
-0.0039
-0.00386
-0.00381
-0.00376
-0.00371
-0.00364
-0.00358
-0.00351
-0.00344
-0.00336
-0.00328
-0.0032
-0.00312
-0.00303
-0.00294
-0.00284
-0.00275
-0.00266
-0.00256
-0.00246
-0.00236
-0.00226
-0.00216
-0.00206
-0.00196
-0.00186
-0.00176
-0.00165
-0.00156
-0.00145
-0.00135
-0.00125
-0.00115
-0.00105
-0.00095
-0.00085
-0.00076
-0.00066
-0.00056
-0.00047
-0.00038
-0.00028
-0.0002
-0.00011
-3e-05
6e-05
0.00013
0.00022
0.00029
0.00036
0.00042
0.00048
0.00054
0.0006
0.00065
0.0007
0.00074
0.00078
0.00081
0.00085
0.00087
0.00089
0.00091
0.00093
0.00093
0.00094
0.00094
0.00093
0.00093
0.00092
0.00091
0.0009
0.00088
0.00087
0.00084
0.00082
0.00079
0.00077
0.00074
0.00071
0.00068
0.00065
0.00061
0.00057
0.00054
0.00051
0.00047
0.00043
0.00039
0.00035
0.00031
0.00027
0.00023
0.00019
0.00014
0.0001
5e-05
0.0
-5e-05
-0.0001
-0.00015
-0.0002
-0.00026
-0.00031
-0.00038
-0.00043
-0.0005
-0.00056
-0.00063
-0.0007
-0.00077
-0.00084
-0.00092
-0.00099
-0.00107
-0.00115
-0.00123
-0.00131
-0.00139
-0.00147
-0.00156
-0.00165
-0.00173
-0.00181
-0.0019
-0.00198
-0.00206
-0.00213
-0.00221
-0.00228
-0.00236
-0.00242
-0.00249
-0.00254
-0.0026
-0.00265
-0.0027
-0.00274
-0.00278
-0.00281
-0.00284
-0.00286
-0.00288
-0.00288
-0.00289
-0.00289
-0.00289
-0.00288
-0.00287
-0.00285
-0.00283
-0.0028
-0.00277
-0.00274
-0.0027
-0.00265
-0.00261
-0.00256
-0.00251
-0.00244
-0.00238
-0.00232
-0.00225
-0.00218
-0.0021
-0.00202
-0.00193
-0.00184
-0.00176
-0.00166
-0.00156
-0.00145
-0.00135
-0.00124
-0.00113
-0.001
-0.00089
-0.00076
-0.00064
-0.00051
-0.00038
-0.00025
-0.00012
1e-05
0.00013
0.00027
0.00039
0.00052
0.00064
0.00077
0.00088
0.001
0.0011
0.00121
0.00131
0.0014
0.00149
0.00157
0.00164
0.00171
0.00177
0.00183
0.00187
0.00192
0.00195
0.00198
0.002
0.00202
0.00203
0.00203
0.00203
0.00202
0.00202
0.002
0.00198
0.00196
0.00192
0.00189
0.00185
0.00181
0.00176
0.00171
0.00165
0.0016
0.00153
0.00146
0.00139
0.00131
0.00124
0.00115
0.00107
0.00098
0.00087
0.00078
0.00067
0.00057
0.00046
0.00035
0.00023
0.00012
-1e-05
-0.00012
-0.00025
-0.00037
-0.00049
-0.00061
-0.00073
-0.00085
-0.00097
-0.00107
-0.00119
-0.00129
-0.0014
-0.00149
-0.00159
-0.00168
-0.00176
-0.00184
-0.00192
-0.00199
-0.00205
-0.00211
-0.00216
-0.00221
-0.00226
-0.00229
-0.00233
-0.00235
-0.00239
-0.0024
-0.00243
-0.00244
-0.00245
-0.00247
-0.00248
-0.00248
-0.00248
-0.00248
-0.00248
-0.00248
-0.00248
-0.00247
-0.00247
-0.00245
-0.00244
-0.00243
-0.00241
-0.00239
-0.00237
-0.00234
-0.00232
-0.00229
-0.00225
-0.00221
-0.00217
-0.00212
-0.00207
-0.00201
-0.00196
-0.00189
-0.00183
-0.00176
-0.00169
-0.0016
-0.00152
-0.00144
-0.00135
-0.00126
-0.00117
-0.00107
-0.00097
-0.00087
-0.00077
-0.00067
-0.00057
-0.00046
-0.00036
-0.00025
-0.00015
-4e-05
6e-05
0.00016
0.00026
0.00036
0.00046
0.00055
0.00065
0.00074
0.00083
0.00092
0.001
0.00109
0.00117
0.00125
0.00133
0.00141
0.00148
0.00155
0.00161
0.00167
0.00174
0.0018
0.00186
0.00191
0.00196
0.00201
0.00206
0.0021
0.00214
0.00218
0.00222
0.00225
0.00228
0.00231
0.00233
0.00236
0.00238
0.00239
0.00241
0.00242
0.00243
0.00244
0.00243
0.00244
0.00243
0.00243
0.00242
0.00241
0.0024
0.00238
0.00236
0.00234
0.00231
0.00229
0.00226
0.00223
0.0022
0.00217
0.00213
0.00209
0.00205
0.00201
0.00196
0.00192
0.00187
0.00183
0.00178
0.00172
0.00168
0.00163
0.00157
0.00152
0.00146
0.00141
0.00136
0.00131
0.00125
0.00119
0.00113
0.00109
0.00103
0.00097
0.00092
0.00086
0.00081
0.00076
0.00071
0.00066
0.0006
0.00056
0.0005
0.00046
0.00041
0.00037
0.00032
0.00028
0.00024
0.0002
0.00016
0.00012
9e-05
6e-05
3e-05
-0.0
-3e-05
-6e-05
-8e-05
-0.0001
-0.00012
-0.00014
-0.00015
-0.00016
-0.00018
-0.00018
-0.00019
-0.0002
-0.0002
-0.0002
-0.00019
-0.00019
-0.00019
-0.00018
-0.00017
-0.00015
-0.00014
-0.00012
-0.00011
-8e-05
-6e-05
-4e-05
-1e-05
1e-05
4e-05
8e-05
0.00011
0.00015
0.00019
0.00023
0.00027
0.00032
0.00036
0.00041
0.00045
0.00051
0.00056
0.00061
0.00067
0.00072
0.00078
0.00084
0.00091
0.00097
0.00103
0.00109
0.00116
0.00123
0.00129
0.00136
0.00143
0.0015
0.00157
0.00164
0.00171
0.00178
0.00185
0.00192
0.00199
0.00206
0.00213
0.0022
0.00227
0.00234
0.00241
0.00248
0.00254
0.00261
0.00267
0.00273
0.00278
0.00284
0.00289
0.00294
0.00299
0.00304
0.00307
0.00311
0.00314
0.00317
0.0032
0.00322
0.00323
0.00325
0.00325
0.00325
0.00325
0.00324
0.00323
0.00322
0.0032
0.00318
0.00315
0.00312
0.00308
0.00305
0.003
0.00296
0.00291
0.00286
0.0028
0.00274
0.00268
0.00262
0.00255
0.00249
0.00241
0.00235
0.00226
0.00219
0.00211
0.00203
0.00194
0.00186
0.00177
0.00168
0.00159
0.00149
0.0014
0.0013
0.0012
0.0011
0.001
0.0009
0.00079
0.00069
0.00059
0.00049
0.00038
0.00028
0.00018
8e-05
-2e-05
-0.00011
-0.00021
-0.0003
-0.00038
-0.00047
-0.00055
-0.00062
-0.0007
-0.00076
-0.00083
-0.00089
-0.00095
-0.00099
-0.00104
-0.00108
-0.00112
-0.00115
-0.00117
-0.00119
-0.00121
-0.00122
-0.00123
-0.00123
-0.00123
-0.00122
-0.00121
-0.0012
-0.00119
-0.00116
-0.00115
-0.00112
-0.00109
-0.00106
-0.00103
-0.001
-0.00096
-0.00092
-0.00088
-0.00084
-0.0008
-0.00075
-0.00071
-0.00066
-0.00062
-0.00057
-0.00052
-0.00046
-0.00041
-0.00036
-0.00031
-0.00026
-0.0002
-0.00014
-9e-05
-3e-05
2e-05
8e-05
0.00014
0.0002
0.00025
0.00031
0.00036
0.00043
0.00048
0.00053
0.00059
0.00064
0.00069
0.00074
0.00079
0.00084
0.00089
0.00093
0.00098
0.00102
0.00106
0.0011
0.00113
0.00117
0.0012
0.00123
0.00126
0.00129
0.00131
0.00134
0.00136
0.00138
0.00139
0.00141
0.00142
0.00144
0.00144
0.00145
0.00145
0.00147
0.00147
0.00147
0.00147
0.00147
0.00148
0.00148
0.00148
0.00148
0.00147
0.00148
0.00147
0.00147
0.00147
0.00147
0.00146
0.00146
0.00146
0.00145
0.00145
0.00144
0.00144
0.00143
0.00142
0.00142
0.0014
0.0014
0.00138
0.00137
0.00135
0.00134
0.00131
0.0013
0.00127
0.00125
0.00122
0.0012
0.00117
0.00114
0.00111
0.00109
0.00105
0.00102
0.00098
0.00095
0.00092
0.00088
0.00085
0.00082
0.00078
0.00075
0.00072
0.00069
0.00066
0.00063
0.0006
0.00058
0.00054
0.00052
0.00049
0.00047
0.00044
0.00042
0.00039
0.00038
0.00035
0.00033
0.0003
0.00028
0.00026
0.00023
0.00021
0.00019
0.00016
0.00014
0.00011
9e-05
6e-05
4e-05
1e-05
-0.0
-3e-05
-5e-05
-6e-05
-8e-05
-9e-05
-0.0001
-0.00011
-0.00011
-0.00011
-0.00011
-0.0001
-9e-05
-8e-05
-6e-05
-4e-05
-0.0
3e-05
6e-05
0.0001
0.00014
0.00019
0.00024
0.0003
0.00036
0.00041
0.00048
0.00054
0.00061
0.00068
0.00075
0.00081
0.00089
0.00096
0.00102
0.00109
0.00116
0.00123
0.0013
0.00136
0.00143
0.00149
0.00156
0.00161
0.00168
0.00173
0.00179
0.00184
0.0019
0.00195
0.002
0.00205
0.0021
0.00214
0.00219
0.00224
0.00228
0.00232
0.00237
0.00241
0.00246
0.0025
0.00254
0.00257
0.00262
0.00265
0.00269
0.00272
0.00275
0.00279
0.00282
0.00285
0.00288
0.0029
0.00292
0.00294
0.00296
0.00298
0.00299
0.003
0.00302
0.00302
0.00303
0.00303
0.00303
0.00303
0.00303
0.00303
0.00303
0.00301
0.00301
0.003
0.00299
0.00297
0.00296
0.00294
0.00293
0.00291
0.0029
0.00288
0.00286
0.00284
0.00282
0.00281
0.00279
0.00276
0.00275
0.00272
0.00271
0.00268
0.00266
0.00263
0.00262
0.00259
0.00257
0.00254
0.00251
0.00249
0.00246
0.00244
0.00241
0.00238
0.00235
0.00232
0.00229
0.00226
0.00223
0.00219
0.00216
0.00212
0.00208
0.00204
0.002
0.00196
0.00192
0.00188
0.00184
0.00178
0.00174
0.00168
0.00164
0.00158
0.00152
0.00146
0.00141
0.00134
0.00128
0.00121
0.00114
0.00107
0.001
0.00093
0.00086
0.00078
0.0007
0.00062
0.00055
0.00047
0.00039
0.00031
0.00023
0.00015
7e-05
-1e-05
-9e-05
-0.00016
-0.00023
-0.00031
-0.00038
-0.00045
-0.00052
-0.00059
-0.00065
-0.00072
-0.00077
-0.00084
-0.00089
-0.00095
-0.00101
-0.00106
-0.00112
-0.00117
-0.00121
-0.00126
-0.00131
-0.00136
-0.0014
-0.00145
-0.00149
-0.00154
-0.00158
-0.00163
-0.00166
-0.00171
-0.00175
-0.00179
-0.00183
-0.00187
-0.0019
-0.00194
-0.00197
-0.00201
-0.00204
-0.00207
-0.0021
-0.00213
-0.00215
-0.00218
-0.00219
-0.00221
-0.00223
-0.00224
-0.00226
-0.00226
-0.00227
-0.00227
-0.00227
-0.00227
-0.00226
-0.00226
-0.00224
-0.00223
-0.00222
-0.0022
-0.00217
-0.00216
-0.00213
-0.0021
-0.00208
-0.00204
-0.00201
-0.00197
-0.00193
-0.0019
-0.00185
-0.00181
-0.00176
-0.00172
-0.00167
-0.00162
-0.00157
-0.00152
-0.00146
-0.00141
-0.00135
-0.00129
-0.00123
-0.00116
-0.0011
-0.00104
-0.00097
-0.0009
-0.00083
-0.00076
-0.00069
-0.00062
-0.00054
-0.00047
-0.0004
-0.00032
-0.00025
-0.00017
-9e-05
-1e-05
7e-05
0.00014
0.00022
0.0003
0.00038
0.00046
0.00054
0.00061
0.0007
0.00077
0.00085
0.00092
0.001
0.00107
0.00114
0.00121
0.00129
0.00135
0.00142
0.00148
0.00155
0.00161
0.00167
0.00173
0.00179
0.00184
0.0019
0.00195
0.002
0.00205
0.0021
0.00215
0.0022
0.00224
0.00229
0.00233
0.00237
0.00241
0.00246
0.00249
0.00254
0.00257
0.00261
0.00264
0.00268
0.00271
0.00274
0.00277
0.00281
0.00283
0.00286
0.00288
0.0029
0.00292
0.00294
0.00294
0.00296
0.00296
0.00297
0.00296
0.00296
0.00295
0.00294
0.00293
0.00291
0.00288
0.00286
0.00282
0.00279
0.00275
0.00271
0.00266
0.00262
0.00257
0.00251
0.00246
0.0024
0.00234
0.00228
0.00222
0.00216
0.00209
0.00203
0.00196
0.0019
0.00183
0.00177
0.00171
0.00165
0.00158
0.00152
0.00146
0.0014
0.00135
0.00129
0.00124
0.00119
0.00113
0.00108
0.00103
0.00099
0.00094
0.0009
0.00085
0.00081
0.00077
0.00073
0.00069
0.00065
0.00062
0.00059
0.00056
0.00054
0.00051
0.0005
0.00048
0.00047
0.00046
0.00045
0.00045
0.00045
0.00046
0.00047
0.00048
0.0005
0.00052
0.00056
0.00059
0.00063
0.00067
0.00072
0.00077
0.00083
0.00088
0.00095
0.00101
0.00109
0.00116
0.00124
0.00131
0.0014
0.00148
0.00157
0.00166
0.00175
0.00183
0.00192
0.00201
0.0021
0.00219
0.00228
0.00236
0.00246
0.00254
0.00262
0.0027
0.00277
0.00285
0.00292
0.00299
0.00306
0.00311
0.00317
0.00322
0.00328
0.00332
0.00336
0.00339
0.00343
0.00345
0.00347
0.00349
0.0035
0.00351
0.00351
0.00351
0.0035
0.00348
0.00347
0.00345
0.00343
0.0034
0.00337
0.00333
0.00329
0.00325
0.0032
0.00315
0.0031
0.00305
0.00299
0.00294
0.00288
0.00281
0.00275
0.00268
0.00262
0.00255
0.00249
0.00241
0.00235
0.00227
0.0022
0.00212
0.00205
0.00197
0.0019
0.00182
0.00175
0.00166
0.00159
0.0015
0.00143
0.00134
0.00126
0.00118
0.0011
0.00102
0.00094
0.00086
0.00078
0.0007
0.00062
0.00055
0.00047
0.00039
0.00033
0.00025
0.00019
0.00012
6e-05
-1e-05
-6e-05
-0.00012
-0.00018
-0.00024
-0.00029
-0.00034
-0.00039
-0.00043
-0.00048
-0.00053
-0.00057
-0.00061
-0.00065
