1.02112201386290E+03

-0.00482
-0.00486
-0.0049
-0.00493
-0.00495
-0.00497
-0.00499
-0.005
-0.00501
-0.00501
-0.005
-0.005
-0.00498
-0.00497
-0.00494
-0.00492
-0.00488
-0.00485
-0.0048
-0.00476
-0.00471
-0.00465
-0.0046
-0.00454
-0.00447
-0.0044
-0.00433
-0.00425
-0.00417
-0.0041
-0.00402
-0.00394
-0.00385
-0.00377
-0.00368
-0.0036
-0.00351
-0.00343
-0.00334
-0.00326
-0.00318
-0.00309
-0.00301
-0.00293
-0.00285
-0.00278
-0.0027
-0.00262
-0.00255
-0.00248
-0.00241
-0.00234
-0.00227
-0.00221
-0.00214
-0.00208
-0.00202
-0.00196
-0.0019
-0.00184
-0.00178
-0.00173
-0.00167
-0.00161
-0.00155
-0.0015
-0.00145
-0.0014
-0.00134
-0.00129
-0.00125
-0.0012
-0.00115
-0.0011
-0.00106
-0.00101
-0.00097
-0.00093
-0.00088
-0.00085
-0.00081
-0.00077
-0.00073
-0.0007
-0.00066
-0.00063
-0.0006
-0.00057
-0.00054
-0.00052
-0.00049
-0.00046
-0.00043
-0.00041
-0.00038
-0.00036
-0.00032
-0.0003
-0.00028
-0.00025
-0.00022
-0.0002
-0.00017
-0.00015
-0.00012
-0.0001
-7e-05
-4e-05
-1e-05
2e-05
5e-05
7e-05
0.00011
0.00013
0.00016
0.00019
0.00023
0.00025
0.00028
0.00031
0.00034
0.00037
0.00041
0.00044
0.00047
0.0005
0.00053
0.00056
0.0006
0.00063
0.00066
0.00069
0.00073
0.00076
0.00079
0.00083
0.00086
0.0009
0.00094
0.00098
0.00102
0.00105
0.00109
0.00113
0.00117
0.00121
0.00125
0.00128
0.00133
0.00136
0.0014
0.00144
0.00148
0.00151
0.00155
0.00159
0.00162
0.00165
0.00169
0.00171
0.00175
0.00177
0.0018
0.00182
0.00185
0.00187
0.00188
0.0019
0.00192
0.00193
0.00194
0.00195
0.00196
0.00196
0.00197
0.00197
0.00197
0.00197
0.00196
0.00195
0.00195
0.00193
0.00192
0.0019
0.00188
0.00186
0.00183
0.0018
0.00177
0.00173
0.0017
0.00165
0.00161
0.00156
0.0015
0.00144
0.00138
0.00131
0.00124
0.00116
0.00108
0.00099
0.00091
0.00081
0.00071
0.0006
0.0005
0.00038
0.00027
0.00014
2e-05
-0.00011
-0.00024
-0.00038
-0.00052
-0.00066
-0.0008
-0.00094
-0.00109
-0.00123
-0.00138
-0.00153
-0.00167
-0.00182
-0.00196
-0.00211
-0.00226
-0.0024
-0.00254
-0.00268
-0.00282
-0.00295
-0.00308
-0.00321
-0.00333
-0.00345
-0.00357
-0.00369
-0.0038
-0.0039
-0.004
-0.0041
-0.00419
-0.00428
-0.00436
-0.00444
-0.00451
-0.00457
-0.00464
-0.00469
-0.00474
-0.00478
-0.00482
-0.00486
-0.00488
-0.0049
-0.00491
-0.00492
-0.00493
-0.00493
-0.00492
-0.00491
-0.00489
-0.00487
-0.00485
-0.00481
-0.00478
-0.00474
-0.00469
-0.00465
-0.0046
-0.00455
-0.00449
-0.00444
-0.00438
-0.00432
-0.00425
-0.00419
-0.00413
-0.00406
-0.00399
-0.00392
-0.00385
-0.00378
-0.0037
-0.00363
-0.00355
-0.00348
-0.0034
-0.00332
-0.00324
-0.00316
-0.00307
-0.00299
-0.00291
-0.00282
-0.00273
-0.00264
-0.00254
-0.00244
-0.00234
-0.00225
-0.00214
-0.00204
-0.00193
-0.00183
-0.00172
-0.00161
-0.00149
-0.00138
-0.00127
-0.00115
-0.00104
-0.00092
-0.0008
-0.00068
-0.00056
-0.00045
-0.00033
-0.00022
-0.0001
2e-05
0.00013
0.00024
0.00036
0.00047
0.00057
0.00068
0.00078
0.00089
0.00099
0.00109
0.00119
0.00128
0.00138
0.00147
0.00157
0.00165
0.00174
0.00182
0.00191
0.00198
0.00206
0.00213
0.00221
0.00228
0.00235
0.00241
0.00248
0.00253
0.00259
0.00264
0.0027
0.00274
0.00279
0.00283
0.00287
0.00291
0.00294
0.00297
0.00299
0.00301
0.00303
0.00305
0.00307
0.00307
0.00308
0.00308
0.00308
0.00308
0.00308
0.00306
0.00306
0.00304
0.00303
0.00301
0.00299
0.00297
0.00295
0.00293
0.0029
0.00287
0.00285
0.00282
0.00279
0.00276
0.00273
0.00269
0.00267
0.00263
0.0026
0.00256
0.00253
0.0025
0.00246
0.00243
0.0024
0.00236
0.00233
0.00229
0.00227
0.00223
0.0022
0.00216
0.00214
0.0021
0.00208
0.00205
0.00202
0.00199
0.00197
0.00194
0.00192
0.00189
0.00187
0.00184
0.00183
0.00181
0.00179
0.00177
0.00176
0.00174
0.00173
0.00171
0.0017
0.00169
0.00167
0.00166
0.00166
0.00164
0.00163
0.00162
0.00161
0.00159
0.00159
0.00157
0.00156
0.00155
0.00153
0.00152
0.0015
0.00149
0.00148
0.00146
0.00145
0.00143
0.00141
0.0014
0.00138
0.00136
0.00135
0.00133
0.00132
0.00131
0.00129
0.00128
0.00127
0.00126
0.00125
0.00124
0.00123
0.00122
0.00121
0.0012
0.0012
0.00119
0.00118
0.00117
0.00117
0.00116
0.00115
0.00114
0.00113
0.00113
0.00111
0.0011
0.00109
0.00107
0.00106
0.00104
0.00102
0.001
0.00098
0.00095
0.00093
0.0009
0.00087
0.00084
0.00081
0.00079
0.00076
0.00073
0.0007
0.00067
0.00065
0.00061
0.00059
0.00056
0.00054
0.00052
0.0005
0.00048
0.00046
0.00044
0.00043
0.00041
0.0004
0.00039
0.00038
0.00037
0.00036
0.00035
0.00035
0.00034
0.00034
0.00033
0.00033
0.00032
0.00031
0.00031
0.0003
0.00029
0.00028
0.00027
0.00027
0.00025
0.00024
0.00022
0.00021
0.00019
0.00018
0.00016
0.00015
0.00012
0.0001
8e-05
5e-05
3e-05
1e-05
-2e-05
-4e-05
-8e-05
-0.0001
-0.00014
-0.00017
-0.00021
-0.00024
-0.00028
-0.00032
-0.00036
-0.00041
-0.00046
-0.00051
-0.00056
-0.00061
-0.00067
-0.00072
-0.00079
-0.00085
-0.00092
-0.00099
-0.00106
-0.00114
-0.00122
-0.00129
-0.00138
-0.00146
-0.00155
-0.00164
-0.00173
-0.00182
-0.00191
-0.002
-0.0021
-0.00219
-0.00229
-0.00238
-0.00248
-0.00257
-0.00267
-0.00275
-0.00284
-0.00293
-0.00302
-0.00311
-0.00319
-0.00326
-0.00334
-0.00341
-0.00348
-0.00354
-0.00361
-0.00366
-0.00372
-0.00376
-0.00381
-0.00384
-0.00388
-0.00391
-0.00393
-0.00395
-0.00397
-0.00397
-0.00398
-0.00398
-0.00398
-0.00396
-0.00395
-0.00393
-0.00391
-0.00389
-0.00386
-0.00382
-0.00379
-0.00376
-0.00372
-0.00367
-0.00363
-0.00358
-0.00353
-0.00347
-0.00343
-0.00337
-0.00331
-0.00325
-0.0032
-0.00314
-0.00308
-0.00301
-0.00295
-0.00289
-0.00283
-0.00276
-0.00269
-0.00262
-0.00255
-0.00248
-0.00241
-0.00233
-0.00226
-0.00218
-0.0021
-0.00201
-0.00193
-0.00184
-0.00176
-0.00167
-0.00157
-0.00148
-0.00138
-0.00129
-0.00119
-0.00108
-0.00099
-0.00088
-0.00078
-0.00067
-0.00057
-0.00046
-0.00036
-0.00025
-0.00015
-4e-05
6e-05
0.00016
0.00026
0.00037
0.00047
0.00057
0.00066
0.00077
0.00086
0.00096
0.00105
0.00115
0.00123
0.00133
0.00142
0.00151
0.00159
0.00168
0.00177
0.00186
0.00194
0.00203
0.00211
0.00219
0.00227
0.00236
0.00243
0.00251
0.00259
0.00267
0.00274
0.00281
0.00288
0.00294
0.00301
0.00308
0.00314
0.0032
0.00325
0.0033
0.00335
0.0034
0.00344
0.00348
0.00352
0.00355
0.00358
0.00361
0.00363
0.00365
0.00367
0.00368
0.00369
0.0037
0.0037
0.0037
0.0037
0.0037
0.00369
0.00368
0.00366
0.00365
0.00363
0.0036
0.00358
0.00355
0.00352
0.00349
0.00345
0.00342
0.00337
0.00333
0.00328
0.00324
0.00318
0.00313
0.00307
0.00302
0.00296
0.0029
0.00283
0.00277
0.0027
0.00264
0.00257
0.0025
0.00243
0.00236
0.00229
0.00222
0.00215
0.00208
0.002
0.00194
0.00187
0.0018
0.00173
0.00166
0.0016
0.00154
0.00148
0.00142
0.00136
0.00131
0.00126
0.00122
0.00117
0.00113
0.00108
0.00105
0.00102
0.00099
0.00096
0.00094
0.00092
0.00091
0.0009
0.0009
0.0009
0.00091
0.00091
0.00093
0.00095
0.00098
0.00101
0.00105
0.0011
0.00115
0.0012
0.00127
0.00134
0.00141
0.0015
0.00159
0.00168
0.00179
0.0019
0.00202
0.00214
0.00228
0.00241
0.00256
0.00271
0.00287
0.00304
0.00321
0.00339
0.00357
0.00376
0.00396
0.00416
0.00437
0.00458
0.0048
0.00503
0.00526
0.00549
0.00573
0.00597
0.00622
0.00647
0.00672
0.00699
0.00725
0.00752
0.00779
0.00806
0.00834
0.00862
0.00891
0.0092
0.00949
0.00978
0.01008
0.01037
0.01067
0.01097
0.01127
0.01158
0.01188
0.01219
0.01249
0.0128
0.01311
0.01341
0.01372
0.01402
0.01432
0.01462
0.01492
0.01521
0.0155
0.01579
0.01607
0.01635
0.01663
0.0169
0.01717
0.01742
0.01768
0.01793
0.01817
0.01841
0.01864
0.01886
0.01908
0.01929
0.01949
0.01968
0.01987
0.02006
0.02023
0.0204
0.02056
0.02071
0.02086
0.021
0.02114
0.02126
0.02139
0.0215
0.02161
0.02171
0.02181
0.0219
0.02198
0.02206
0.02213
0.02219
0.02226
0.0223
0.02235
0.02238
0.02242
0.02244
0.02245
0.02246
0.02247
0.02246
0.02244
0.02242
0.02239
0.02235
0.02231
0.02226
0.0222
0.02213
0.02206
0.02198
0.0219
0.0218
0.0217
0.0216
0.02149
0.02138
0.02126
0.02114
0.02101
0.02088
0.02075
0.02062
0.02049
0.02034
0.02021
0.02007
0.01993
0.01979
0.01965
0.0195
0.01936
0.01922
0.01908
0.01893
0.01879
0.01865
0.01851
0.01836
0.01822
0.01807
0.01792
0.01777
0.01763
0.01748
0.01733
0.01717
0.01702
0.01686
0.01671
0.01655
0.01639
0.01623
0.01607
0.0159
0.01574
0.01557
0.01541
0.01524
0.01508
0.01491
0.01475
0.01459
0.01443
0.01427
0.01412
0.01396
0.01381
0.01366
0.01352
0.01339
0.01325
0.01312
0.013
0.01287
0.01276
0.01265
0.01255
0.01244
0.01236
0.01227
0.01218
0.01211
0.01204
0.01197
0.01191
0.01186
0.01181
0.01177
0.01173
0.0117
0.01167
0.01165
0.01163
0.01161
0.01161
0.0116
0.01159
0.01159
0.0116
0.0116
0.01161
0.01163
0.01164
0.01165
0.01167
0.01169
0.01171
0.01172
0.01175
0.01177
0.01179
0.01181
0.01183
0.01185
0.01187
0.01189
0.01191
0.01193
0.01195
0.01196
0.01198
0.01199
0.01201
0.01202
0.01203
0.01204
0.01205
0.01205
0.01205
0.01205
0.01205
0.01204
0.01204
0.01203
0.01202
0.012
0.01198
0.01196
0.01194
0.01191
0.01188
0.01184
0.01181
0.01177
0.01172
0.01168
0.01162
0.01157
0.01151
0.01145
0.01138
0.01131
0.01124
0.01116
0.01109
0.011
0.01092
0.01083
0.01075
0.01065
0.01056
0.01046
0.01036
0.01027
0.01017
0.01007
0.00996
0.00986
0.00976
0.00965
0.00955
0.00943
0.00933
0.00922
0.00912
0.00901
0.0089
0.00879
0.00868
0.00857
0.00846
0.00835
0.00825
0.00813
0.00803
0.00792
0.00781
0.0077
0.00759
0.00748
0.00738
0.00727
0.00716
0.00706
0.00695
0.00685
0.00675
0.00665
0.00656
0.00646
0.00637
0.00627
0.00619
0.0061
0.00601
0.00593
0.00585
0.00577
0.0057
0.00563
0.00556
0.0055
0.00544
0.00538
0.00532
0.00527
0.00522
0.00517
0.00513
0.00509
0.00505
0.00501
0.00498
0.00495
0.00492
0.00489
0.00487
0.00485
0.00483
0.00481
0.0048
0.00478
0.00476
0.00475
0.00474
0.00472
0.00471
0.0047
0.00469
0.00468
0.00466
0.00465
0.00463
0.00462
0.0046
0.00458
0.00456
0.00453
0.00451
0.00448
0.00445
0.00442
0.00439
0.00435
0.00432
0.00428
0.00424
0.0042
0.00416
0.00412
0.00408
0.00404
0.00401
0.00397
0.00394
0.0039
0.00388
0.00385
0.00382
0.0038
0.00379
0.00377
0.00376
0.00375
0.00375
0.00375
0.00376
0.00376
0.00378
0.00378
0.0038
0.00381
0.00383
0.00385
0.00387
0.00388
0.0039
0.00392
0.00393
0.00394
0.00395
0.00395
0.00396
0.00395
0.00395
0.00393
0.00392
0.0039
0.00387
0.00384
0.00381
0.00376
0.00372
0.00367
0.00362
0.00356
0.0035
0.00344
0.00338
0.00331
0.00324
0.00317
0.0031
0.00303
0.00296
0.00288
0.00281
0.00274
0.00268
0.0026
0.00254
0.00247
0.0024
0.00234
0.00227
0.00221
0.00215
0.00209
0.00203
0.00197
0.00192
0.00186
0.0018
0.00174
0.00169
0.00163
0.00157
0.00151
0.00144
0.00138
0.00132
0.00126
0.00119
0.00112
0.00106
0.00098
0.00091
0.00083
0.00076
0.00068
0.0006
0.00051
0.00043
0.00034
0.00025
0.00016
7e-05
-3e-05
-0.00012
-0.00022
-0.00032
-0.00042
-0.00051
-0.00062
-0.00071
-0.00082
-0.00091
-0.00102
-0.00112
-0.00121
-0.00131
-0.00141
-0.0015
-0.00159
-0.00168
-0.00177
-0.00186
-0.00194
-0.00202
-0.0021
-0.00217
-0.00225
-0.00231
-0.00238
-0.00244
-0.0025
-0.00256
-0.00261
-0.00266
-0.0027
-0.00274
-0.00278
-0.00282
-0.00285
-0.00288
-0.00291
-0.00293
-0.00296
-0.00297
-0.00299
-0.00301
-0.00302
-0.00303
-0.00304
-0.00304
-0.00305
-0.00304
-0.00305
-0.00304
-0.00303
-0.00302
-0.00301
-0.00299
-0.00297
-0.00294
-0.00292
-0.00289
-0.00286
-0.00283
-0.00278
-0.00274
-0.00269
-0.00264
-0.00259
-0.00253
-0.00247
-0.0024
-0.00234
-0.00227
-0.0022
-0.00212
-0.00204
-0.00196
-0.00188
-0.00179
-0.00171
-0.00162
-0.00153
-0.00144
-0.00135
-0.00126
-0.00117
-0.00108
-0.00099
-0.0009
-0.00082
-0.00073
-0.00065
-0.00057
-0.00049
-0.00041
-0.00033
-0.00025
-0.00018
-0.00011
-4e-05
3e-05
9e-05
0.00016
0.00022
0.00028
0.00033
0.0004
0.00045
0.00051
0.00056
0.00062
0.00068
0.00074
0.00079
0.00086
0.00091
0.00098
0.00104
0.00111
0.00118
0.00125
0.00132
0.0014
0.00148
0.00157
0.00165
0.00174
0.00183
0.00193
0.00203
0.00214
0.00224
0.00235
0.00246
0.00258
0.00269
0.00282
0.00294
0.00307
0.0032
0.00333
0.00346
0.0036
0.00374
0.00389
0.00404
0.00419
0.00434
0.0045
0.00466
0.00483
0.005
0.00517
0.00535
0.00554
0.00572
0.00591
0.00611
0.00631
0.00652
0.00674
0.00696
0.00718
0.00741
0.00765
0.00788
0.00813
0.00838
0.00863
0.00889
0.00915
0.00941
0.00968
0.00995
0.01022
0.0105
0.01078
0.01105
0.01133
0.01161
0.01189
0.01217
0.01245
0.01273
0.013
0.01328
0.01356
0.01383
0.0141
0.01436
0.01463
0.01489
0.01516
0.01541
0.01567
0.01591
0.01617
0.01641
0.01665
0.01688
0.01712
0.01734
0.01757
0.01778
0.018
0.0182
0.0184
0.0186
0.01879
0.01897
0.01915
0.01931
0.01947
0.01962
0.01977
0.0199
0.02003
0.02015
0.02026
0.02036
0.02045
0.02053
0.02061
0.02067
0.02073
0.02078
0.02082
0.02085
0.02088
0.0209
0.02091
0.02091
0.02091
0.0209
0.02089
0.02087
0.02084
0.02081
0.02077
0.02073
0.02069
0.02064
0.02059
0.02053
0.02047
0.02041
0.02035
0.02028
0.0202
0.02013
0.02006
0.01997
0.01989
0.0198
0.01972
0.01963
0.01954
0.01944
0.01935
0.01925
0.01916
0.01905
0.01896
0.01885
0.01875
0.01864
0.01854
0.01844
0.01833
0.01823
0.01813
0.01802
0.01792
0.01782
0.01773
0.01763
0.01753
0.01744
0.01735
0.01725
0.01717
0.01708
0.017
0.01692
0.01684
0.01676
0.01669
0.01662
0.01655
0.01648
0.01642
0.01635
0.01629
0.01623
0.01618
0.01613
0.01608
0.01603
0.01598
0.01594
0.0159
0.01586
0.01582
0.01579
0.01576
0.01573
0.0157
0.01568
0.01566
0.01564
0.01562
0.0156
0.01559
0.01557
0.01556
0.01555
0.01554
0.01553
0.01552
0.01551
0.0155
0.01549
0.01548
0.01546
0.01545
0.01543
0.01541
0.01538
0.01535
0.01532
0.01529
0.01524
0.0152
0.01515
0.01509
0.01503
0.01497
0.0149
0.01483
0.01475
0.01467
0.01458
0.01449
0.01439
0.01429
0.01418
0.01408
0.01397
0.01385
0.01373
0.01361
0.01349
0.01337
0.01324
0.01312
0.01299
0.01286
0.01273
0.0126
0.01247
0.01234
0.01221
0.01208
0.01195
0.01182
0.01169
0.01156
0.01143
0.01131
0.01118
0.01106
0.01093
0.01082
0.0107
0.01058
0.01046
0.01035
0.01023
0.01013
0.01002
0.00991
0.00981
0.00971
0.00961
0.00952
0.00943
0.00934
0.00925
0.00917
0.00909
0.00902
0.00894
0.00887
0.0088
0.00874
0.00868
0.00862
0.00857
0.00851
0.00846
0.00841
0.00837
0.00833
0.00828
0.00824
0.00819
0.00816
0.00811
0.00808
0.00803
0.008
0.00796
0.00792
0.00788
0.00784
0.0078
0.00775
0.00771
0.00767
0.00762
0.00757
0.00752
0.00747
0.00742
0.00737
0.00731
0.00726
0.00719
0.00713
0.00707
0.007
0.00694
0.00687
0.0068
0.00673
0.00665
0.00658
0.0065
0.00642
0.00633
0.00625
0.00616
0.00608
0.00599
0.0059
0.00581
0.00571
0.00562
0.00553
0.00543
0.00533
0.00523
0.00514
0.00504
0.00494
0.00484
0.00474
0.00464
0.00455
0.00444
0.00435
0.00424
0.00414
0.00404
0.00395
0.00385
0.00375
0.00364
0.00355
0.00344
0.00334
0.00324
0.00314
0.00304
0.00294
0.00284
0.00273
0.00263
0.00253
0.00243
0.00233
0.00224
0.00214
0.00204
0.00195
0.00186
0.00177
0.00168
0.0016
0.00152
0.00144
0.00137
0.0013
0.00124
0.00118
0.00113
0.00108
0.00104
0.001
0.00097
0.00095
0.00093
0.00092
0.00091
0.00091
0.00091
0.00092
0.00094
0.00096
0.00098
0.00101
0.00105
0.00109
0.00113
0.00118
0.00123
0.00128
0.00134
0.0014
0.00145
0.00152
0.00158
0.00165
0.00171
0.00178
0.00185
0.00192
0.00199
0.00206
0.00213
0.0022
0.00227
0.00234
0.00241
0.00248
0.00254
0.00261
0.00267
0.00274
0.00281
0.00287
0.00293
0.00298
0.00304
0.0031
0.00315
0.0032
0.00325
0.0033
0.00334
0.00338
0.00341
0.00345
0.00347
0.0035
0.00352
0.00354
0.00356
0.00357
0.00358
0.00359
0.00359
0.00359
0.00358
0.00358
0.00356
0.00356
0.00353
0.00352
0.00349
0.00347
0.00344
0.00341
0.00337
0.00333
0.00329
0.00325
0.00321
0.00316
0.0031
0.00306
0.003
0.00294
0.00288
0.00282
0.00275
0.00269
0.00262
0.00255
0.00247
0.0024
0.00232
0.00224
0.00217
0.00209
0.002
0.00192
0.00184
0.00176
0.00167
0.00159
0.0015
0.00142
0.00133
0.00125
0.00116
0.00107
0.00099
0.00091
0.00082
0.00074
0.00065
0.00057
0.00049
0.00041
0.00032
0.00024
0.00015
7e-05
-2e-05
-0.0001
-0.00019
-0.00027
-0.00036
-0.00044
-0.00053
-0.00061
-0.00069
-0.00077
-0.00086
-0.00093
-0.00102
-0.00109
-0.00117
-0.00123
-0.00131
-0.00137
-0.00143
-0.0015
-0.00155
-0.0016
-0.00164
-0.00168
-0.00172
-0.00175
-0.00178
-0.0018
-0.00182
-0.00182
-0.00183
-0.00182
-0.00182
-0.00181
-0.0018
-0.00178
-0.00175
-0.00172
-0.00168
-0.00164
-0.0016
-0.00156
-0.00151
-0.00145
-0.0014
-0.00134
-0.00129
-0.00122
-0.00116
-0.00109
-0.00103
-0.00096
-0.00089
-0.00082
-0.00075
-0.00068
-0.00061
-0.00054
-0.00047
-0.0004
-0.00034
-0.00027
-0.00021
-0.00014
-8e-05
-2e-05
4e-05
9e-05
0.00015
0.00021
0.00026
0.00031
0.00035
0.0004
0.00044
0.00048
0.00052
0.00055
0.00058
0.00062
0.00065
0.00068
0.0007
0.00072
0.00075
0.00077
0.00079
0.00081
0.00082
0.00084
0.00085
0.00087
0.00087
0.00088
0.00089
0.0009
0.0009
0.0009
0.00089
0.00088
0.00088
0.00087
0.00085
0.00084
0.00081
0.00079
0.00076
0.00074
0.0007
0.00066
0.00062
0.00058
0.00053
0.00047
0.00042
0.00036
0.0003
0.00025
0.00018
0.00012
5e-05
-1e-05
-8e-05
-0.00014
-0.00021
-0.00028
-0.00035
-0.00041
-0.00047
-0.00053
-0.00059
-0.00066
-0.00071
-0.00077
-0.00082
-0.00087
-0.00093
-0.00098
-0.00103
-0.00108
-0.00113
-0.00118
-0.00123
-0.00127
-0.00132
-0.00136
-0.00141
-0.00146
-0.0015
-0.00154
-0.00159
-0.00163
-0.00167
-0.00171
-0.00175
-0.00178
-0.00182
-0.00186
-0.00189
-0.00191
-0.00194
-0.00196
-0.00198
-0.002
-0.00201
-0.00201
-0.00202
-0.00201
-0.00201
-0.002
-0.00199
-0.00196
-0.00195
-0.00191
-0.00189
-0.00185
-0.00182
-0.00178
-0.00174
-0.00169
-0.00165
-0.0016
-0.00155
-0.0015
-0.00145
-0.0014
-0.00135
-0.0013
-0.00125
-0.0012
-0.00116
-0.0011
-0.00106
-0.00101
-0.00097
-0.00093
-0.00088
-0.00084
-0.0008
-0.00075
-0.00072
-0.00068
-0.00064
-0.0006
-0.00056
-0.00053
-0.00049
-0.00045
-0.00042
-0.00039
-0.00036
-0.00033
-0.0003
-0.00027
-0.00024
-0.00021
-0.00019
-0.00016
-0.00015
-0.00012
-0.00011
-9e-05
-8e-05
-7e-05
-6e-05
-6e-05
-6e-05
-6e-05
-6e-05
-6e-05
-7e-05
-8e-05
-9e-05
-0.0001
-0.00012
-0.00013
-0.00015
-0.00016
-0.00018
-0.0002
-0.00022
-0.00024
-0.00026
-0.00028
-0.00029
-0.00031
-0.00033
-0.00034
-0.00036
-0.00037
-0.00038
-0.00039
-0.00041
-0.00041
-0.00043
-0.00043
-0.00044
-0.00045
-0.00045
-0.00046
-0.00047
-0.00047
-0.00048
-0.00048
-0.00049
-0.0005
-0.00051
-0.00051
-0.00053
-0.00054
-0.00056
-0.00057
-0.00059
-0.00061
-0.00063
-0.00066
-0.00068
-0.00071
-0.00074
-0.00077
-0.00081
-0.00084
-0.00088
-0.00092
-0.00096
-0.001
-0.00105
-0.00108
-0.00113
-0.00118
-0.00122
-0.00127
-0.00131
-0.00135
-0.00139
-0.00143
-0.00147
-0.0015
-0.00154
-0.00157
-0.0016
-0.00163
-0.00166
-0.00168
-0.0017
-0.00172
-0.00174
-0.00176
-0.00177
-0.00178
-0.00178
-0.00178
-0.00179
-0.00179
-0.00179
-0.00179
-0.00179
-0.00178
-0.00178
-0.00176
-0.00175
-0.00174
-0.00173
-0.00172
-0.0017
-0.00168
-0.00166
-0.00164
-0.00163
-0.0016
-0.00158
-0.00155
-0.00152
-0.00149
-0.00146
-0.00142
-0.00138
-0.00135
-0.00131
-0.00126
-0.00122
-0.00117
-0.00112
-0.00106
-0.00101
-0.00095
-0.0009
-0.00083
-0.00078
-0.00071
-0.00065
-0.00059
-0.00052
-0.00046
-0.0004
-0.00033
-0.00027
-0.0002
-0.00014
-7e-05
-1e-05
5e-05
0.00011
0.00017
0.00022
0.00028
0.00033
0.00038
0.00043
0.00048
0.00053
0.00057
0.00062
0.00066
0.0007
0.00075
0.00078
0.00082
0.00086
0.0009
0.00093
0.00097
0.001
0.00104
0.00107
0.0011
0.00114
0.00117
0.0012
0.00123
0.00126
0.0013
0.00132
0.00135
0.00138
0.00141
0.00144
0.00147
0.00149
0.00152
0.00155
0.00158
0.0016
0.00162
0.00165
0.00168
0.0017
0.00173
0.00175
0.00177
0.0018
0.00182
0.00184
0.00187
0.00189
0.00192
0.00194
0.00196
0.00198
0.00201
0.00203
0.00205
0.00208
0.0021
0.00212
0.00214
0.00216
0.00219
0.0022
0.00222
0.00224
0.00226
0.00227
0.00229
0.0023
0.00232
0.00233
0.00234
0.00235
0.00236
0.00236
0.00237
0.00237
0.00237
0.00237
0.00237
0.00236
0.00236
0.00235
0.00233
0.00232
0.0023
0.00228
0.00227
0.00224
0.00222
0.00219
0.00216
0.00212
0.00209
0.00204
0.002
0.00195
0.0019
0.00185
0.00179
0.00173
0.00166
0.0016
0.00153
0.00145
0.00138
0.00129
0.00122
0.00113
0.00104
0.00095
0.00086
0.00076
0.00067
0.00056
0.00046
0.00036
0.00026
0.00015
5e-05
-6e-05
-0.00016
-0.00027
-0.00037
-0.00048
-0.00058
-0.00069
-0.00079
-0.0009
-0.00099
-0.00109
-0.00119
-0.00129
-0.00138
-0.00147
-0.00156
-0.00165
-0.00174
-0.00183
-0.00191
-0.00199
-0.00206
-0.00214
-0.00221
-0.00229
-0.00235
-0.00241
-0.00248
-0.00253
-0.00259
-0.00264
-0.00269
-0.00273
-0.00277
-0.00281
-0.00284
-0.00288
-0.0029
-0.00293
-0.00294
-0.00296
-0.00297
-0.00298
-0.00298
-0.00298
-0.00298
-0.00298
-0.00297
-0.00295
-0.00294
-0.00293
-0.0029
-0.00288
-0.00285
-0.00283
-0.00279
-0.00276
-0.00273
-0.00269
-0.00266
-0.00262
-0.00258
-0.00254
-0.00249
-0.00245
-0.0024
-0.00236
-0.00231
-0.00226
-0.0022
-0.00215
-0.0021
-0.00205
-0.00199
-0.00193
-0.00187
-0.00182
-0.00176
-0.00169
-0.00163
-0.00156
-0.0015
-0.00143
-0.00136
-0.0013
-0.00122
-0.00116
-0.00109
-0.00102
-0.00095
-0.00088
-0.00081
-0.00074
-0.00068
-0.00061
-0.00054
-0.00047
-0.00041
-0.00035
-0.00029
-0.00023
-0.00017
-0.00013
-7e-05
-3e-05
2e-05
6e-05
0.0001
0.00014
0.00017
0.0002
0.00023
0.00026
0.00028
0.0003
0.00032
0.00033
0.00034
0.00035
0.00035
0.00035
0.00036
0.00035
0.00035
0.00034
0.00033
0.00032
0.0003
0.00029
0.00027
0.00025
0.00023
0.00021
0.00019
0.00016
0.00013
0.0001
7e-05
3e-05
0.0
-4e-05
-8e-05
-0.00011
-0.00015
-0.00019
-0.00023
-0.00028
-0.00032
-0.00037
-0.00041
-0.00046
-0.00051
-0.00056
-0.00061
-0.00066
-0.00071
-0.00076
-0.00081
-0.00086
-0.00091
-0.00096
-0.001
-0.00105
-0.00109
-0.00114
-0.00117
-0.00121
-0.00125
-0.00128
-0.00131
-0.00134
-0.00136
-0.00138
-0.00139
-0.0014
-0.00141
-0.00141
-0.00141
-0.00141
-0.0014
-0.00139
-0.00137
-0.00135
-0.00132
-0.00129
-0.00125
-0.00122
-0.00118
-0.00113
-0.00108
-0.00103
-0.00097
-0.00091
-0.00085
-0.00079
-0.00071
-0.00064
-0.00056
-0.00049
-0.00041
-0.00032
-0.00023
-0.00015
-6e-05
3e-05
0.00013
0.00023
0.00033
0.00043
0.00053
0.00063
0.00074
0.00084
0.00095
0.00105
0.00115
0.00125
0.00136
0.00146
0.00157
0.00166
0.00176
0.00186
0.00195
0.00204
0.00213
0.00221
0.0023
0.00237
0.00245
0.00251
0.00258
0.00263
0.00269
0.00273
0.00278
0.00281
0.00285
0.00288
0.0029
0.00292
0.00294
0.00294
0.00295
0.00295
0.00295
0.00294
0.00293
0.00291
0.0029
0.00288
0.00285
0.00283
0.0028
0.00277
0.00273
0.0027
0.00266
0.00262
0.00258
0.00253
0.00249
0.00244
0.00239
0.00233
0.00229
0.00223
0.00218
0.00212
0.00206
0.00201
0.00195
0.00189
0.00183
0.00177
0.00171
0.00165
0.00159
0.00153
0.00147
0.00141
0.00136
0.0013
0.00125
0.00119
0.00114
0.0011
0.00105
0.00101
0.00097
0.00093
0.0009
0.00087
0.00085
0.00082
0.0008
0.00078
0.00077
0.00075
0.00074
0.00074
0.00073
0.00073
0.00073
0.00073
0.00073
0.00073
0.00073
0.00073
0.00074
0.00074
0.00074
0.00074
0.00075
0.00074
0.00074
0.00074
0.00073
0.00073
0.00072
0.00071
0.00071
0.00069
0.00068
0.00067
0.00066
0.00064
0.00063
0.00061
0.0006
0.00058
0.00056
0.00054
0.00053
0.00051
0.0005
0.00049
0.00048
0.00046
0.00045
0.00044
0.00043
0.00042
0.00042
0.00041
0.00041
0.0004
0.00039
0.00039
0.00038
0.00038
0.00038
0.00038
0.00037
0.00036
0.00036
0.00035
0.00035
0.00034
0.00034
0.00032
0.00032
0.0003
0.00029
0.00028
0.00026
0.00025
0.00023
0.00022
0.0002
0.00018
0.00016
0.00014
0.00013
0.0001
9e-05
6e-05
5e-05
3e-05
1e-05
-1e-05
-3e-05
-5e-05
-6e-05
-8e-05
-9e-05
-0.00011
-0.00012
-0.00013
-0.00014
-0.00015
-0.00015
-0.00016
-0.00015
-0.00016
-0.00016
-0.00016
-0.00015
-0.00014
-0.00013
-0.00012
-0.0001
-0.0001
-7e-05
-6e-05
-3e-05
-1e-05
2e-05
4e-05
7e-05
0.0001
0.00013
0.00016
0.00019
0.00023
0.00026
0.0003
0.00034
0.00037
0.00041
0.00044
0.00047
0.0005
0.00054
0.00057
0.0006
0.00063
0.00065
0.00068
0.0007
0.00073
0.00075
0.00077
0.00079
0.0008
0.00082
0.00083
0.00085
0.00086
0.00087
0.00088
0.00089
0.0009
0.0009
0.00091
0.00091
0.00092
0.00092
0.00093
0.00093
0.00093
0.00094
0.00094
0.00094
0.00094
0.00094
0.00093
0.00093
0.00092
0.00092
0.00091
0.0009
0.00089
0.00087
0.00086
0.00085
0.00082
0.00081
0.00079
0.00077
0.00074
0.00072
0.00069
0.00066
0.00063
0.0006
0.00057
0.00053
0.0005
0.00047
0.00043
0.0004
0.00036
0.00033
0.00029
0.00025
0.00021
0.00018
0.00014
0.00011
7e-05
3e-05
-1e-05
-5e-05
-9e-05
-0.00013
-0.00016
-0.0002
-0.00024
-0.00028
-0.00032
-0.00035
-0.00039
-0.00043
-0.00047
-0.0005
-0.00054
-0.00057
-0.00061
-0.00064
-0.00067
-0.0007
-0.00073
-0.00076
-0.00079
-0.00081
-0.00084
-0.00086
-0.00089
-0.0009
-0.00093
-0.00094
-0.00096
-0.00097
-0.00098
-0.001
-0.00101
-0.00101
-0.00102
-0.00102
-0.00103
-0.00103
-0.00104
-0.00104
-0.00104
-0.00104
-0.00105
-0.00104
-0.00105
-0.00105
-0.00105
-0.00105
-0.00105
-0.00104
-0.00104
-0.00104
-0.00104
-0.00104
-0.00104
-0.00103
-0.00104
-0.00103
-0.00104
-0.00103
-0.00103
-0.00103
-0.00103
-0.00103
-0.00103
-0.00103
-0.00103
-0.00103
-0.00103
-0.00103
-0.00104
-0.00103
-0.00104
-0.00104
-0.00105
-0.00105
-0.00106
-0.00106
-0.00107
-0.00108
-0.00108
-0.00109
-0.0011
-0.0011
-0.00112
-0.00112
-0.00113
-0.00113
-0.00115
-0.00115
-0.00116
-0.00116
-0.00117
-0.00118
-0.00119
-0.0012
-0.0012
-0.0012
-0.0012
-0.0012
-0.00121
-0.0012
-0.0012
-0.0012
-0.0012
-0.00119
-0.00119
-0.00118
-0.00117
-0.00116
-0.00116
-0.00114
-0.00113
-0.00111
-0.0011
-0.00107
-0.00106
-0.00103
-0.00101
-0.00098
-0.00096
-0.00093
-0.0009
-0.00087
-0.00084
-0.0008
-0.00076
-0.00073
-0.00068
-0.00064
-0.0006
-0.00055
-0.00051
-0.00046
-0.00041
-0.00036
-0.00032
-0.00027
-0.00022
-0.00016
-0.00012
-7e-05
-2e-05
2e-05
7e-05
0.00012
0.00016
0.00021
0.00025
0.0003
0.00034
0.00038
0.00042
0.00046
0.00049
0.00054
0.00057
0.0006
0.00064
0.00067
0.0007
0.00074
0.00077
0.00081
0.00083
0.00087
0.0009
0.00093
0.00096
0.001
0.00102
0.00106
0.00109
0.00112
0.00115
0.00119
0.00122
0.00126
0.00129
0.00133
0.00136
0.0014
0.00144
0.00148
0.00152
0.00157
0.0016
0.00165
0.00169
0.00174
0.00179
0.00183
0.00188
0.00194
0.00199
0.00204
0.00209
0.00215
0.0022
0.00226
0.00231
0.00237
0.00242
0.00248
0.00253
0.00258
0.00263
0.00268
0.00273
0.00277
0.00282
0.00286
0.00289
0.00293
0.00296
0.00299
0.00302
0.00304
0.00306
0.00308
0.00309
0.0031
0.00311
0.00311
0.00312
0.00312
0.00311
0.00311
0.0031
0.00309
0.00307
0.00306
0.00304
0.00302
0.00299
0.00297
0.00294
0.00291
0.00287
0.00284
0.0028
0.00276
0.00271
0.00267
0.00261
0.00255
0.00249
0.00243
0.00236
0.0023
0.00222
0.00215
0.00206
0.00198
0.00189
0.0018
0.0017
0.00161
0.00151
0.00141
0.0013
0.0012
0.00109
0.00098
0.00087
0.00076
0.00064
0.00054
0.00042
0.00031
0.00019
8e-05
-3e-05
-0.00014
-0.00025
-0.00036
-0.00047
-0.00058
-0.00069
-0.00079
-0.0009
-0.001
-0.00111
-0.00121
-0.00132
-0.00142
-0.00152
-0.00163
-0.00173
-0.00182
-0.00192
-0.00202
-0.00212
-0.00221
-0.00231
-0.0024
-0.00249
-0.00258
-0.00267
-0.00275
-0.00283
-0.00291
-0.00298
-0.00306
-0.00312
-0.00319
-0.00325
-0.0033
-0.00336
-0.00341
-0.00345
-0.00349
-0.00353
-0.00356
-0.00359
-0.00361
-0.00363
-0.00365
-0.00366
-0.00367
-0.00367
-0.00367
-0.00367
-0.00365
-0.00365
-0.00363
-0.00362
-0.00359
-0.00357
-0.00354
-0.00351
-0.00347
-0.00344
-0.0034
-0.00336
-0.00331
-0.00326
-0.0032
-0.00314
-0.00308
-0.00302
-0.00295
-0.00288
-0.0028
-0.00273
-0.00264
-0.00256
-0.00247
-0.00238
-0.00229
-0.00219
-0.00209
-0.00199
-0.00188
-0.00177
-0.00166
-0.00155
-0.00143
-0.00132
-0.0012
-0.00108
-0.00096
-0.00084
-0.00071
-0.00059
-0.00047
-0.00035
-0.00023
-0.00011
1e-05
0.00013
0.00025
0.00037
0.00048
0.0006
0.00071
0.00081
0.00092
0.00102
0.00112
0.00122
0.00131
0.00139
0.00147
0.00155
0.00162
0.00169
0.00176
0.00181
0.00186
0.0019
0.00194
0.00197
0.002
0.00201
0.00203
0.00203
0.00202
0.00201
0.002
0.00197
0.00195
0.00191
0.00188
0.00182
0.00178
0.00172
0.00166
0.00159
0.00152
0.00144
0.00137
0.00128
0.0012
0.00111
0.00102
0.00093
0.00083
0.00073
0.00064
0.00053
0.00043
0.00032
0.00021
0.0001
-1e-05
-0.00012
-0.00023
-0.00035
-0.00047
-0.00059
-0.00072
-0.00084
-0.00096
-0.00109
-0.00121
-0.00135
-0.00148
-0.00161
-0.00174
-0.00188
-0.00201
-0.00215
-0.00228
-0.00241
-0.00255
-0.00268
-0.00281
-0.00294
-0.00306
-0.00318
-0.0033
-0.00342
-0.00353
-0.00364
-0.00374
-0.00384
-0.00394
-0.00403
-0.00411
-0.00419
-0.00426
-0.00433
-0.00439
-0.00445
-0.0045
-0.00454
-0.00458
-0.00462
-0.00465
-0.00467
-0.00469
-0.0047
-0.00471
-0.00472
-0.00471
-0.00471
-0.0047
-0.00469
-0.00468
-0.00465
-0.00463
-0.0046
-0.00456
-0.00453
-0.00449
-0.00445
-0.0044
-0.00435
-0.00429
-0.00424
-0.00418
-0.00412
-0.00405
-0.00399
-0.00392
-0.00385
-0.00377
-0.0037
-0.00362
-0.00355
-0.00347
-0.0034
-0.00332
-0.00324
-0.00317
-0.0031
-0.00302
-0.00295
-0.00288
-0.00282
-0.00275
-0.00269
-0.00263
-0.00257
-0.00251
-0.00246
-0.00241
-0.00236
-0.00231
-0.00227
-0.00222
-0.00219
-0.00214
-0.0021
-0.00207
-0.00203
-0.002
-0.00196
-0.00193
-0.00189
-0.00186
-0.00183
-0.00179
-0.00176
-0.00172
-0.00169
-0.00165
-0.00163
-0.00159
-0.00156
-0.00153
-0.0015
-0.00147
-0.00144
-0.00141
-0.00138
-0.00136
-0.00134
-0.00131
-0.0013
-0.00127
-0.00126
-0.00125
-0.00124
-0.00122
-0.00121
-0.00121
-0.0012
-0.0012
-0.0012
-0.00119
-0.00119
-0.00119
-0.0012
-0.0012
-0.0012
-0.0012
-0.00121
-0.00121
-0.00122
-0.00122
-0.00123
-0.00124
-0.00124
-0.00125
-0.00126
-0.00127
-0.00128
-0.00128
-0.0013
-0.00131
-0.00132
-0.00134
-0.00135
-0.00137
-0.00139
-0.00141
-0.00143
-0.00146
-0.00148
-0.00151
-0.00154
-0.00157
-0.0016
-0.00163
-0.00167
-0.0017
-0.00174
-0.00178
-0.00182
-0.00186
-0.0019
-0.00193
-0.00197
-0.00201
-0.00205
-0.00209
-0.00213
-0.00217
-0.0022
-0.00224
-0.00228
-0.00231
-0.00234
-0.00237
-0.00241
-0.00244
-0.00247
-0.00249
-0.00253
-0.00255
-0.00258
-0.00261
-0.00264
-0.00266
-0.00268
-0.00271
-0.00274
-0.00275
-0.00278
-0.0028
-0.00282
-0.00284
-0.00286
-0.00287
-0.00288
-0.0029
-0.00291
-0.00292
-0.00292
-0.00292
-0.00292
-0.00291
-0.0029
-0.00288
-0.00287
-0.00284
-0.00282
-0.00279
-0.00275
-0.0027
-0.00266
-0.00261
-0.00256
-0.0025
-0.00244
-0.00236
-0.00229
-0.00221
-0.00214
-0.00205
-0.00197
-0.00187
-0.00178
-0.00169
-0.0016
-0.00149
-0.0014
-0.0013
-0.0012
-0.0011
-0.00099
-0.00089
-0.00079
-0.00069
-0.00059
-0.00049
-0.00039
-0.00029
-0.0002
-0.0001
-1e-05
8e-05
0.00017
0.00026
0.00035
0.00043
0.00052
0.0006
0.00069
0.00077
0.00084
0.00092
0.001
0.00108
0.00114
0.00122
0.00128
0.00135
0.00141
0.00147
0.00153
0.00158
0.00164
0.00169
0.00174
0.00179
0.00182
0.00187
0.0019
0.00194
0.00196
0.00199
0.00201
0.00204
0.00205
0.00207
0.00207
0.00208
0.00209
0.00209
0.00208
0.00208
0.00206
0.00206
0.00204
0.00202
0.002
0.00197
0.00194
0.00191
0.00187
0.00183
0.00179
0.00174
0.00169
0.00164
0.00158
0.00152
0.00144
0.00138
0.0013
0.00122
0.00114
0.00105
0.00096
0.00087
0.00077
0.00066
0.00055
0.00044
0.00033
0.00021
9e-05
-3e-05
-0.00016
-0.00028
-0.00042
-0.00055
-0.00068
-0.00082
-0.00096
-0.00109
-0.00123
-0.00136
-0.0015
-0.00163
-0.00177
-0.0019
-0.00203
-0.00215
-0.00228
-0.0024
-0.00252
-0.00263
-0.00275
-0.00286
-0.00297
-0.00306
-0.00316
-0.00325
-0.00334
-0.00343
-0.0035
-0.00357
-0.00364
-0.0037
-0.00376
-0.00381
-0.00386
-0.0039
-0.00394
-0.00396
-0.00399
-0.004
-0.00402
-0.00402
-0.00403
-0.00402
-0.00401
-0.00399
-0.00397
-0.00394
-0.00391
-0.00386
-0.00382
-0.00377
-0.00372
-0.00365
-0.00359
-0.00352
-0.00345
-0.00337
-0.00329
-0.0032
-0.00311
-0.00302
-0.00292
-0.00282
-0.00272
-0.00261
-0.00251
-0.0024
-0.00229
-0.00217
-0.00206
-0.00194
-0.00182
-0.00171
-0.00159
-0.00147
-0.00135
-0.00123
-0.00111
-0.00099
-0.00088
-0.00076
-0.00064
-0.00052
-0.00041
-0.0003
-0.00019
-8e-05
2e-05
0.00013
0.00023
0.00033
0.00042
0.00052
0.00061
0.0007
0.00078
0.00086
0.00094
0.00102
0.00109
0.00116
0.00122
0.00129
0.00135
0.0014
0.00146
0.00151
0.00156
0.00161
0.00165
0.0017
0.00173
0.00178
0.00181
0.00185
0.00188
0.00192
0.00194
0.00198
0.00201
0.00204
0.00206
0.00209
0.00212
0.00215
0.00217
0.0022
0.00222
0.00225
0.00228
0.00231
0.00233
0.00236
0.00238
0.00241
0.00244
0.00246
0.00249
0.00251
0.00254
0.00257
0.00259
0.00262
0.00264
0.00267
0.0027
0.00272
0.00275
0.00277
0.0028
0.00283
0.00285
0.00287
0.0029
0.00292
0.00294
0.00297
0.00299
0.00302
0.00303
0.00306
0.00308
0.0031
0.00312
0.00314
0.00315
0.00318
0.00319
0.00321
0.00322
0.00324
0.00325
0.00326
0.00328
0.00329
0.00329
0.0033
0.0033
0.00331
0.00331
0.00331
0.0033
0.0033
0.00329
0.00327
0.00326
0.00324
0.00322
0.0032
0.00317
0.00314
0.00311
0.00307
0.00303
0.00299
0.00294
0.0029
0.00285
0.0028
0.00274
0.00268
0.00262
0.00256
0.0025
0.00244
0.00237
0.00231
0.00224
0.00217
0.0021
0.00204
0.00197
0.0019
0.00183
0.00177
0.0017
0.00164
0.00157
0.00151
0.00144
0.00138
0.00132
0.00126
0.00119
0.00113
0.00107
0.00101
0.00094
0.00088
0.00081
0.00075
0.00069
0.00062
0.00055
0.00048
0.00041
0.00034
0.00027
0.00021
0.00013
6e-05
-1e-05
-8e-05
-0.00016
-0.00023
-0.0003
-0.00037
-0.00044
-0.00051
-0.00058
-0.00065
-0.00071
-0.00077
-0.00083
-0.00089
-0.00095
-0.001
-0.00105
-0.0011
-0.00115
-0.00119
-0.00123
-0.00127
-0.00131
-0.00134
-0.00138
-0.00142
-0.00145
-0.00148
-0.00151
-0.00154
-0.00157
-0.0016
-0.00163
-0.00166
-0.0017
-0.00173
-0.00176
-0.00179
-0.00183
-0.00186
-0.0019
-0.00193
-0.00197
-0.002
-0.00204
-0.00207
-0.00211
-0.00214
-0.00218
-0.00221
-0.00225
-0.00228
-0.00232
-0.00234
-0.00238
-0.0024
-0.00243
-0.00246
-0.00248
-0.00251
-0.00253
-0.00255
-0.00257
-0.00259
-0.00261
-0.00263
-0.00265
-0.00266
-0.00269
-0.0027
-0.00272
-0.00274
-0.00276
-0.00278
-0.0028
-0.00282
-0.00284
-0.00286
-0.00289
-0.00291
-0.00294
-0.00296
-0.00298
-0.00301
-0.00303
-0.00305
-0.00308
-0.0031
-0.00312
-0.00314
-0.00316
-0.00317
-0.00319
-0.00319
-0.00321
-0.00321
-0.00322
-0.00322
-0.00322
-0.00321
-0.00321
-0.0032
-0.00319
-0.00318
-0.00316
-0.00315
-0.00313
-0.0031
-0.00308
-0.00306
-0.00304
-0.00301
-0.00298
-0.00295
-0.00293
-0.0029
-0.00288
-0.00284
-0.00282
-0.00279
-0.00277
-0.00274
-0.00272
-0.00269
-0.00266
-0.00263
-0.00262
-0.00258
-0.00256
-0.00253
-0.00251
-0.00248
-0.00245
-0.00242
-0.00239
-0.00236
-0.00233
-0.0023
-0.00227
-0.00223
-0.00219
-0.00215
-0.00212
-0.00208
-0.00204
-0.002
-0.00196
-0.00192
-0.00189
-0.00184
-0.0018
-0.00176
-0.00173
-0.00169
-0.00165
-0.00162
-0.00158
-0.00155
-0.00152
-0.00149
-0.00147
-0.00144
-0.00142
-0.00139
-0.00138
-0.00136
-0.00134
-0.00133
-0.00132
-0.00131
-0.00131
-0.0013
-0.00129
-0.00129
-0.00129
-0.00129
-0.00129
-0.00129
-0.0013
-0.0013
-0.00131
-0.00131
-0.00132
-0.00133
-0.00134
-0.00135
-0.00136
-0.00137
-0.00138
-0.00139
-0.0014
-0.00141
-0.00143
-0.00143
-0.00145
-0.00146
-0.00147
-0.00148
-0.00149
-0.0015
-0.00151
-0.00153
-0.00153
-0.00154
-0.00155
-0.00155
-0.00156
-0.00156
-0.00156
-0.00156
-0.00156
-0.00155
-0.00155
-0.00154
-0.00153
-0.00152
-0.0015
-0.00149
-0.00147
-0.00144
-0.00142
-0.00139
-0.00136
-0.00133
-0.00129
-0.00125
