3.68749765085098E+02

0.00279
0.00284
0.00289
0.00294
0.00299
0.00303
0.00308
0.00312
0.00315
0.00319
0.00322
0.00325
0.00328
0.0033
0.00332
0.00333
0.00335
0.00336
0.00337
0.00337
0.00338
0.00338
0.00338
0.00337
0.00337
0.00336
0.00336
0.00335
0.00334
0.00333
0.00332
0.0033
0.0033
0.00328
0.00326
0.00325
0.00323
0.00321
0.0032
0.00317
0.00315
0.00313
0.00311
0.00308
0.00306
0.00302
0.00299
0.00296
0.00293
0.00289
0.00285
0.00281
0.00277
0.00272
0.00268
0.00263
0.00258
0.00253
0.00248
0.00243
0.00238
0.00233
0.00228
0.00223
0.00218
0.00213
0.00208
0.00203
0.00199
0.00194
0.0019
0.00186
0.00182
0.00179
0.00176
0.00173
0.0017
0.00167
0.00165
0.00162
0.00161
0.00159
0.00157
0.00156
0.00155
0.00154
0.00153
0.00152
0.00151
0.00151
0.00151
0.0015
0.00151
0.0015
0.0015
0.0015
0.00151
0.0015
0.00151
0.00151
0.00151
0.00151
0.00152
0.00152
0.00152
0.00153
0.00153
0.00154
0.00155
0.00155
0.00156
0.00156
0.00158
0.00158
0.00159
0.00159
0.00161
0.00162
0.00162
0.00163
0.00164
0.00165
0.00166
0.00167
0.00169
0.00169
0.0017
0.00171
0.00172
0.00173
0.00174
0.00174
0.00176
0.00176
0.00177
0.00177
0.00177
0.00178
0.00178
0.00179
0.00179
0.00179
0.00179
0.00179
0.00179
0.00178
0.00178
0.00177
0.00177
0.00176
0.00175
0.00175
0.00173
0.00173
0.00172
0.00171
0.0017
0.00168
0.00167
0.00166
0.00165
0.00163
0.00162
0.0016
0.00158
0.00157
0.00155
0.00153
0.00151
0.0015
0.00148
0.00146
0.00145
0.00142
0.00141
0.00139
0.00138
0.00135
0.00134
0.00131
0.0013
0.00128
0.00127
0.00125
0.00123
0.00121
0.00119
0.00118
0.00116
0.00114
0.00113
0.00111
0.0011
0.00108
0.00107
0.00105
0.00104
0.00102
0.001
0.00099
0.00097
0.00095
0.00094
0.00092
0.00091
0.00088
0.00087
0.00084
0.00083
0.0008
0.00078
0.00075
0.00073
0.0007
0.00068
0.00065
0.00062
0.00059
0.00056
0.00052
0.00049
0.00045
0.00042
0.00037
0.00034
0.0003
0.00026
0.00021
0.00018
0.00013
9e-05
5e-05
1e-05
-3e-05
-7e-05
-0.00011
-0.00015
-0.00019
-0.00023
-0.00026
-0.00029
-0.00033
-0.00036
-0.00039
-0.00041
-0.00044
-0.00046
-0.00049
-0.00051
-0.00052
-0.00054
-0.00055
-0.00056
-0.00057
-0.00058
-0.00058
-0.00058
-0.00059
-0.00059
-0.00059
-0.00058
-0.00057
-0.00056
-0.00056
-0.00055
-0.00053
-0.00052
-0.0005
-0.00048
-0.00047
-0.00044
-0.00042
-0.0004
-0.00038
-0.00035
-0.00032
-0.00029
-0.00026
-0.00023
-0.00019
-0.00016
-0.00012
-8e-05
-4e-05
0.0
4e-05
9e-05
0.00014
0.00019
0.00023
0.00029
0.00034
0.00039
0.00044
0.0005
0.00055
0.00061
0.00066
0.00072
0.00078
0.00084
0.00089
0.00095
0.001
0.00105
0.0011
0.00116
0.0012
0.00126
0.0013
0.00134
0.00139
0.00142
0.00146
0.0015
0.00154
0.00157
0.0016
0.00163
0.00166
0.00169
0.00171
0.00173
0.00175
0.00177
0.00178
0.0018
0.00181
0.00182
0.00183
0.00184
0.00185
0.00186
0.00186
0.00186
0.00186
0.00187
0.00187
0.00187
0.00186
0.00186
0.00185
0.00184
0.00184
0.00182
0.00181
0.0018
0.00179
0.00177
0.00175
0.00173
0.00171
0.00169
0.00166
0.00163
0.0016
0.00157
0.00154
0.00151
0.00147
0.00143
0.0014
0.00136
0.00132
0.00128
0.00124
0.0012
0.00115
0.00111
0.00107
0.00102
0.00097
0.00093
0.00089
0.00084
0.00079
0.00074
0.0007
0.00065
0.0006
0.00056
0.0005
0.00045
0.0004
0.00035
0.0003
0.00025
0.00019
0.00015
9e-05
4e-05
-2e-05
-7e-05
-0.00012
-0.00018
-0.00023
-0.00028
-0.00033
-0.00038
-0.00043
-0.00048
-0.00053
-0.00057
-0.00062
-0.00066
-0.0007
-0.00074
-0.00078
-0.00081
-0.00085
-0.00088
-0.0009
-0.00093
-0.00095
-0.00097
-0.00099
-0.00101
-0.00102
-0.00103
-0.00104
-0.00104
-0.00105
-0.00105
-0.00105
-0.00105
-0.00104
-0.00103
-0.00102
-0.00101
-0.001
-0.00097
-0.00095
-0.00092
-0.0009
-0.00087
-0.00083
-0.00079
-0.00075
-0.00071
-0.00066
-0.0006
-0.00055
-0.00048
-0.00042
-0.00035
-0.00028
-0.0002
-0.00013
-4e-05
4e-05
0.00013
0.00021
0.00031
0.0004
0.0005
0.00059
0.00069
0.00078
0.00088
0.00098
0.00108
0.00117
0.00127
0.00136
0.00145
0.00154
0.00163
0.00171
0.0018
0.00188
0.00196
0.00203
0.00211
0.00218
0.00225
0.00232
0.00239
0.00245
0.00252
0.00258
0.00265
0.00271
0.00277
0.00283
0.00289
0.00295
0.00301
0.00308
0.00314
0.0032
0.00327
0.00333
0.0034
0.00346
0.00353
0.0036
0.00367
0.00373
0.0038
0.00386
0.00393
0.00399
0.00406
0.00412
0.00418
0.00423
0.00429
0.00435
0.0044
0.00444
0.00449
0.00454
0.00458
0.00462
0.00465
0.00468
0.00471
0.00473
0.00475
0.00477
0.00479
0.0048
0.00481
0.00482
0.00483
0.00482
0.00483
0.00482
0.00482
0.00481
0.00481
0.0048
0.00479
0.00477
0.00476
0.00475
0.00473
0.00471
0.0047
0.00468
0.00466
0.00464
0.00462
0.0046
0.00458
0.00455
0.00453
0.0045
0.00448
0.00445
0.00442
0.00439
0.00436
0.00433
0.0043
0.00427
0.00424
0.0042
0.00417
0.00413
0.0041
0.00407
0.00404
0.004
0.00397
0.00393
0.0039
0.00387
0.00383
0.0038
0.00378
0.00375
0.00372
0.00369
0.00367
0.00364
0.00362
0.00359
0.00357
0.00354
0.00352
0.00349
0.00347
0.00344
0.00341
0.00338
0.00335
0.00331
0.00328
0.00324
0.0032
0.00315
0.00311
0.00305
0.003
0.00293
0.00287
0.0028
0.00273
0.00265
0.00256
0.00248
0.00239
0.00229
0.0022
0.00209
0.00199
0.00188
0.00177
0.00165
0.00154
0.00141
0.0013
0.00117
0.00105
0.00092
0.00079
0.00066
0.00053
0.0004
0.00027
0.00013
0.0
-0.00014
-0.00027
-0.00041
-0.00054
-0.00068
-0.00081
-0.00095
-0.00109
-0.00122
-0.00136
-0.0015
-0.00163
-0.00177
-0.0019
-0.00204
-0.00217
-0.0023
-0.00243
-0.00256
-0.00268
-0.0028
-0.00291
-0.00302
-0.00313
-0.00323
-0.00333
-0.00342
-0.0035
-0.00358
-0.00365
-0.00372
-0.00377
-0.00382
-0.00385
-0.00389
-0.00391
-0.00393
-0.00394
-0.00394
-0.00393
-0.00392
-0.0039
-0.00386
-0.00383
-0.00378
-0.00373
-0.00368
-0.00362
-0.00356
-0.00349
-0.00341
-0.00333
-0.00326
-0.00317
-0.00309
-0.003
-0.00291
-0.00282
-0.00272
-0.00262
-0.00253
-0.00243
-0.00233
-0.00223
-0.00213
-0.00203
-0.00194
-0.00184
-0.00174
-0.00164
-0.00155
-0.00145
-0.00136
-0.00126
-0.00117
-0.00107
-0.00098
-0.0009
-0.00081
-0.00072
-0.00064
-0.00056
-0.00049
-0.00041
-0.00034
-0.00026
-0.0002
-0.00014
-8e-05
-2e-05
3e-05
9e-05
0.00014
0.00018
0.00022
0.00026
0.00029
0.00033
0.00035
0.00038
0.0004
0.00042
0.00044
0.00045
0.00046
0.00047
0.00048
0.00048
0.00049
0.00049
0.00048
0.00048
0.00047
0.00047
0.00046
0.00045
0.00044
0.00043
0.00041
0.00039
0.00038
0.00036
0.00034
0.00033
0.00031
0.00029
0.00027
0.00025
0.00023
0.00021
0.00019
0.00018
0.00016
0.00014
0.00013
0.00012
0.0001
9e-05
9e-05
8e-05
8e-05
9e-05
9e-05
0.0001
0.00011
0.00012
0.00014
0.00016
0.00018
0.00021
0.00024
0.00028
0.00032
0.00036
0.00041
0.00046
0.00052
0.00058
0.00064
0.00071
0.00077
0.00085
0.00093
0.00101
0.00109
0.00118
0.00127
0.00137
0.00146
0.00156
0.00167
0.00178
0.00189
0.002
0.00211
0.00224
0.00236
0.00248
0.00261
0.00274
0.00287
0.00301
0.00315
0.00329
0.00344
0.00358
0.00374
0.00389
0.00405
0.00421
0.00438
0.00455
0.00471
0.00489
0.00507
0.00525
0.00544
0.00563
0.00582
0.00602
0.00622
0.00643
0.00664
0.00686
0.00708
0.00731
0.00754
0.00778
0.00801
0.00826
0.00851
0.00877
0.00903
0.00931
0.00958
0.00986
0.01015
0.01044
0.01074
0.01105
0.01136
0.01168
0.012
0.01233
0.01266
0.01301
0.01335
0.01371
0.01406
0.01442
0.01479
0.01516
0.01553
0.01591
0.01629
0.01668
0.01706
0.01746
0.01785
0.01824
0.01864
0.01904
0.01943
0.01983
0.02023
0.02063
0.02103
0.02143
0.02183
0.02223
0.02263
0.02303
0.02342
0.02382
0.02421
0.02461
0.025
0.0254
0.02579
0.02618
0.02656
0.02695
0.02734
0.02772
0.0281
0.02848
0.02886
0.02924
0.02961
0.02998
0.03034
0.03071
0.03107
0.03143
0.03177
0.03212
0.03246
0.0328
0.03313
0.03345
0.03376
0.03407
0.03438
0.03467
0.03496
0.03524
0.0355
0.03577
0.03602
0.03627
0.0365
0.03673
0.03695
0.03716
0.03736
0.03756
0.03775
0.03793
0.0381
0.03826
0.03841
0.03857
0.0387
0.03884
0.03897
0.03909
0.03921
0.03931
0.03942
0.03952
0.0396
0.03969
0.03977
0.03984
0.03991
0.03997
0.04002
0.04007
0.04011
0.04014
0.04017
0.04019
0.0402
0.04021
0.0402
0.0402
0.04018
0.04016
0.04013
0.04009
0.04004
0.03999
0.03993
0.03986
0.03978
0.0397
0.03961
0.03952
0.03942
0.03931
0.03919
0.03907
0.03895
0.03882
0.03868
0.03854
0.03839
0.03824
0.03808
0.03792
0.03775
0.03759
0.03741
0.03724
0.03705
0.03687
0.03668
0.03649
0.0363
0.0361
0.0359
0.03569
0.03549
0.03528
0.03506
0.03485
0.03463
0.03441
0.03419
0.03396
0.03373
0.03351
0.03327
0.03304
0.03281
0.03257
0.03233
0.0321
0.03186
0.03162
0.03138
0.03114
0.0309
0.03066
0.03043
0.03019
0.02995
0.02972
0.02948
0.02925
0.02902
0.02879
0.02856
0.02833
0.02811
0.02789
0.02767
0.02746
0.02724
0.02703
0.02682
0.02661
0.02641
0.02621
0.02601
0.02581
0.02562
0.02543
0.02524
0.02506
0.02487
0.0247
0.02452
0.02435
0.02418
0.02401
0.02385
0.02369
0.02353
0.02337
0.02322
0.02307
0.02292
0.02278
0.02263
0.02249
0.02235
0.02222
0.02208
0.02195
0.02182
0.02169
0.02156
0.02144
0.02131
0.02119
0.02106
0.02094
0.02081
0.02069
0.02057
0.02044
0.02032
0.02019
0.02007
0.01994
0.01981
0.01969
0.01955
0.01942
0.01929
0.01915
0.01901
0.01888
0.01874
0.01859
0.01845
0.0183
0.01816
0.01801
0.01786
0.01771
0.01755
0.0174
0.01725
0.0171
0.01694
0.0168
0.01664
0.01649
0.01634
0.0162
0.01605
0.0159
0.01576
0.01562
0.01549
0.01535
0.01522
0.01509
0.01497
0.01485
0.01472
0.01461
0.0145
0.01439
0.01428
0.01418
0.01408
0.01398
0.01388
0.0138
0.01371
0.01362
0.01354
0.01346
0.01338
0.01331
0.01323
0.01316
0.01309
0.01303
0.01296
0.0129
0.01284
0.01278
0.01272
0.01267
0.01262
0.01257
0.01252
0.01247
0.01243
0.01239
0.01234
0.01231
0.01227
0.01224
0.0122
0.01217
0.01214
0.01211
0.01208
0.01206
0.01203
0.01201
0.01198
0.01196
0.01193
0.01191
0.01189
0.01186
0.01184
0.01182
0.01179
0.01177
0.01174
0.01171
0.01168
0.01166
0.01163
0.0116
0.01157
0.01154
0.01151
0.01148
0.01145
0.01141
0.01138
0.01135
0.01132
0.01129
0.01125
0.01122
0.01119
0.01116
0.01113
0.0111
0.01107
0.01104
0.01101
0.01098
0.01095
0.01093
0.01089
0.01087
0.01084
0.01081
0.01078
0.01075
0.01072
0.01069
0.01066
0.01063
0.0106
0.01057
0.01053
0.0105
0.01047
0.01044
0.0104
0.01037
0.01034
0.01031
0.01027
0.01024
0.0102
0.01017
0.01014
0.01011
0.01007
0.01004
0.01001
0.00998
0.00995
0.00992
0.00988
0.00986
0.00983
0.0098
0.00977
0.00973
0.0097
0.00968
0.00965
0.00962
0.00958
0.00955
0.00952
0.00949
0.00945
0.00942
0.00938
0.00935
0.00932
0.00928
0.00924
0.0092
0.00916
0.00912
0.00908
0.00904
0.00899
0.00895
0.0089
0.00886
0.0088
0.00876
0.0087
0.00865
0.00859
0.00853
0.00847
0.0084
0.00834
0.00827
0.0082
0.00813
0.00805
0.00797
0.00789
0.00781
0.00772
0.00763
0.00754
0.00745
0.00735
0.00725
0.00715
0.00704
0.00694
0.00683
0.00672
0.00661
0.0065
0.00639
0.00627
0.00616
0.00604
0.00593
0.00581
0.00569
0.00558
0.00546
0.00534
0.00522
0.0051
0.00499
0.00487
0.00475
0.00463
0.00451
0.00439
0.00427
0.00414
0.00402
0.00389
0.00377
0.00364
0.00351
0.00338
0.00325
0.00312
0.00298
0.00285
0.00271
0.00257
0.00243
0.00228
0.00215
0.002
0.00186
0.00171
0.00157
0.00142
0.00128
0.00114
0.001
0.00086
0.00072
0.00059
0.00046
0.00032
0.0002
8e-05
-4e-05
-0.00015
-0.00026
-0.00037
-0.00047
-0.00056
-0.00065
-0.00074
-0.00082
-0.00089
-0.00096
-0.00102
-0.00108
-0.00114
-0.00118
-0.00123
-0.00127
-0.00131
-0.00134
-0.00137
-0.00139
-0.00142
-0.00144
-0.00146
-0.00147
-0.00149
-0.0015
-0.00151
-0.00153
-0.00155
-0.00156
-0.00157
-0.00158
-0.0016
-0.00161
-0.00164
-0.00165
-0.00167
-0.00169
-0.00172
-0.00174
-0.00177
-0.00179
-0.00182
-0.00184
-0.00187
-0.0019
-0.00193
-0.00195
-0.00198
-0.002
-0.00203
-0.00205
-0.00208
-0.0021
-0.00212
-0.00214
-0.00215
-0.00216
-0.00217
-0.00218
-0.00219
-0.00219
-0.0022
-0.00219
-0.0022
-0.00219
-0.00219
-0.00218
-0.00217
-0.00216
-0.00215
-0.00214
-0.00213
-0.00211
-0.0021
-0.00208
-0.00207
-0.00205
-0.00203
-0.00201
-0.002
-0.00198
-0.00196
-0.00194
-0.00192
-0.00189
-0.00187
-0.00185
-0.00182
-0.0018
-0.00177
-0.00174
-0.00171
-0.00168
-0.00165
-0.00161
-0.00157
-0.00153
-0.0015
-0.00145
-0.00141
-0.00137
-0.00132
-0.00128
-0.00123
-0.00118
-0.00113
-0.00107
-0.00103
-0.00097
-0.00092
-0.00086
-0.00081
-0.00076
-0.00071
-0.00064
-0.00059
-0.00054
-0.00048
-0.00043
-0.00037
-0.00031
-0.00025
-0.00019
-0.00014
-8e-05
-2e-05
4e-05
0.0001
0.00017
0.00023
0.0003
0.00036
0.00042
0.00049
0.00056
0.00062
0.00069
0.00076
0.00084
0.0009
0.00097
0.00104
0.00112
0.00118
0.00125
0.00132
0.00139
0.00145
0.00152
0.00158
0.00164
0.00171
0.00176
0.00182
0.00188
0.00193
0.00198
0.00202
0.00207
0.00211
0.00215
0.00218
0.00222
0.00224
0.00227
0.00229
0.00231
0.00233
0.00234
0.00236
0.00237
0.00237
0.00237
0.00237
0.00237
0.00236
0.00235
0.00233
0.00232
0.00231
0.00229
0.00227
0.00224
0.00222
0.0022
0.00217
0.00215
0.00212
0.0021
0.00207
0.00205
0.00202
0.002
0.00197
0.00196
0.00193
0.00192
0.0019
0.00188
0.00188
0.00187
0.00186
0.00186
0.00185
0.00185
0.00185
0.00186
0.00186
0.00187
0.00188
0.00189
0.0019
0.00192
0.00193
0.00194
0.00195
0.00197
0.00198
0.00199
0.002
0.00201
0.00202
0.00203
0.00203
0.00204
0.00204
0.00205
0.00205
0.00205
0.00205
0.00205
0.00205
0.00205
0.00205
0.00205
0.00204
0.00205
0.00204
0.00205
0.00205
0.00205
0.00205
0.00206
0.00206
0.00207
0.00207
0.00208
0.00209
0.00211
0.00212
0.00213
0.00214
0.00216
0.00217
0.00219
0.0022
0.00222
0.00223
0.00225
0.00226
0.00227
0.00228
0.00229
0.0023
0.00231
0.00232
0.00233
0.00234
0.00235
0.00235
0.00236
0.00237
0.00238
0.00238
0.00239
0.0024
0.00241
0.00241
0.00242
0.00244
0.00245
0.00246
0.00248
0.00249
0.00251
0.00252
0.00255
0.00256
0.00258
0.00259
0.00262
0.00263
0.00265
0.00266
0.00268
0.00269
0.0027
0.00271
0.00272
0.00272
0.00273
0.00272
0.00272
0.00271
0.0027
0.00268
0.00267
0.00265
0.00262
0.00259
0.00256
0.00252
0.00249
0.00245
0.0024
0.00235
0.0023
0.00225
0.0022
0.00214
0.00208
0.00201
0.00195
0.00188
0.00181
0.00174
0.00167
0.00159
0.00152
0.00144
0.00136
0.00127
0.00119
0.0011
0.00101
0.00092
0.00083
0.00073
0.00063
0.00053
0.00043
0.00032
0.00021
0.0001
-1e-05
-0.00012
-0.00023
-0.00036
-0.00047
-0.00059
-0.00071
-0.00083
-0.00095
-0.00108
-0.0012
-0.00132
-0.00144
-0.00156
-0.00169
-0.0018
-0.00192
-0.00204
-0.00215
-0.00227
-0.00238
-0.00249
-0.00259
-0.0027
-0.0028
-0.00291
-0.003
-0.0031
-0.00319
-0.00328
-0.00337
-0.00346
-0.00354
-0.00362
-0.00369
-0.00377
-0.00384
-0.00391
-0.00397
-0.00404
-0.00409
-0.00415
-0.0042
-0.00425
-0.00429
-0.00433
-0.00436
-0.00439
-0.00441
-0.00443
-0.00444
-0.00446
-0.00446
-0.00446
-0.00445
-0.00444
-0.00442
-0.00439
-0.00436
-0.00432
-0.00428
-0.00423
-0.00417
-0.00411
-0.00404
-0.00397
-0.00389
-0.00381
-0.00372
-0.00362
-0.00352
-0.00342
-0.00331
-0.0032
-0.00308
-0.00297
-0.00285
-0.00273
-0.0026
-0.00248
-0.00235
-0.00222
-0.00209
-0.00196
-0.00182
-0.0017
-0.00156
-0.00144
-0.00131
-0.00119
-0.00106
-0.00094
-0.00081
-0.00069
-0.00058
-0.00046
-0.00035
-0.00024
-0.00013
-3e-05
8e-05
0.00017
0.00027
0.00036
0.00046
0.00054
0.00063
0.00071
0.00079
0.00086
0.00093
0.00101
0.00108
0.00114
0.00121
0.00126
0.00132
0.00137
0.00143
0.00147
0.00152
0.00155
0.0016
0.00163
0.00166
0.00169
0.00171
0.00174
0.00176
0.00177
0.00179
0.0018
0.00181
0.00181
0.00181
0.00181
0.0018
0.0018
0.00179
0.00178
0.00176
0.00175
0.00173
0.00171
0.00169
0.00167
0.00165
0.00162
0.00161
0.00158
0.00156
0.00154
0.00152
0.00149
0.00148
0.00145
0.00143
0.00141
0.00139
0.00137
0.00136
0.00134
0.00132
0.0013
0.00129
0.00127
0.00125
0.00122
0.00121
0.00118
0.00116
0.00113
0.0011
0.00107
0.00104
0.001
0.00097
0.00093
0.00089
0.00084
0.00079
0.00074
0.00069
0.00064
0.00058
0.00052
0.00047
0.00041
0.00034
0.00028
0.00022
0.00016
0.0001
4e-05
-2e-05
-8e-05
-0.00013
-0.00019
-0.00024
-0.0003
-0.00034
-0.00039
-0.00043
-0.00047
-0.00051
-0.00054
-0.00058
-0.00061
-0.00063
-0.00065
-0.00067
-0.00069
-0.0007
-0.00072
-0.00072
-0.00073
-0.00073
-0.00074
-0.00073
-0.00073
-0.00072
-0.00072
-0.00071
-0.00069
-0.00067
-0.00065
-0.00063
-0.00061
-0.00058
-0.00055
-0.00051
-0.00048
-0.00044
-0.0004
-0.00035
-0.00031
-0.00026
-0.0002
-0.00015
-9e-05
-2e-05
4e-05
0.00011
0.00018
0.00025
0.00033
0.00041
0.00049
0.00057
0.00066
0.00075
0.00084
0.00093
0.00102
0.00111
0.00121
0.00131
0.0014
0.0015
0.0016
0.0017
0.0018
0.00191
0.002
0.0021
0.0022
0.00231
0.00241
0.0025
0.0026
0.0027
0.00279
0.00289
0.00298
0.00308
0.00316
0.00325
0.00333
0.00341
0.00349
0.00356
0.00363
0.0037
0.00376
0.00382
0.00387
0.00392
0.00397
0.00401
0.00404
0.00407
0.00409
0.00411
0.00412
0.00413
0.00413
0.00413
0.00411
0.0041
0.00408
0.00405
0.00402
0.00398
0.00394
0.0039
0.00385
0.0038
0.00373
0.00368
0.00361
0.00355
0.00347
0.00341
0.00333
0.00326
0.00319
0.00311
0.00303
0.00296
0.00289
0.00281
0.00274
0.00267
0.0026
0.00253
0.00246
0.0024
0.00234
0.00228
0.00221
0.00216
0.0021
0.00205
0.002
0.00195
0.0019
0.00186
0.00181
0.00177
0.00172
0.00169
0.00165
0.00161
0.00157
0.00154
0.0015
0.00147
0.00143
0.0014
0.00137
0.00134
0.00131
0.00128
0.00126
0.00123
0.0012
0.00118
0.00116
0.00115
0.00113
0.00111
0.0011
0.00109
0.00108
0.00107
0.00107
0.00106
0.00106
0.00107
0.00107
0.00108
0.00108
0.0011
0.00111
0.00112
0.00113
0.00116
0.00117
0.0012
0.00122
0.00124
0.00126
0.00129
0.00132
0.00135
0.00138
0.00141
0.00144
0.00148
0.00151
0.00155
0.00159
0.00163
0.00167
0.00171
0.00175
0.0018
0.00184
0.00189
0.00193
0.00198
0.00203
0.00208
0.00212
0.00218
0.00222
0.00227
0.00232
0.00237
0.00241
0.00246
0.0025
0.00254
0.00257
0.00261
0.00264
0.00268
0.00271
0.00273
0.00275
0.00278
0.00279
0.00281
0.00282
0.00283
0.00283
0.00284
0.00283
0.00282
0.00281
0.0028
0.00279
0.00277
0.00274
0.00272
0.00268
0.00266
0.00262
0.00258
0.00253
0.00249
0.00243
0.00238
0.00232
0.00226
0.00219
0.00212
0.00205
0.00197
0.00189
0.00181
0.00172
0.00164
0.00154
0.00145
0.00135
0.00126
0.00116
0.00106
0.00096
0.00085
0.00075
0.00065
0.00055
0.00044
0.00034
0.00025
0.00014
5e-05
-5e-05
-0.00013
-0.00023
-0.00031
-0.0004
-0.00048
-0.00056
-0.00063
-0.0007
-0.00077
-0.00084
-0.0009
-0.00096
-0.00102
-0.00107
-0.00112
-0.00117
-0.00121
-0.00126
-0.0013
-0.00134
-0.00137
-0.00141
-0.00144
-0.00147
-0.0015
-0.00152
-0.00154
-0.00156
-0.00158
-0.0016
-0.0016
-0.00162
-0.00162
-0.00163
-0.00163
-0.00163
-0.00163
-0.00162
-0.00162
-0.00161
-0.0016
-0.00158
-0.00157
-0.00155
-0.00153
-0.00152
-0.00149
-0.00147
-0.00145
-0.00143
-0.0014
-0.00138
-0.00135
-0.00133
-0.00131
-0.00128
-0.00126
-0.00124
-0.00121
-0.00119
-0.00116
-0.00115
-0.00112
-0.0011
-0.00108
-0.00106
-0.00104
-0.00102
-0.001
-0.00098
-0.00096
-0.00094
-0.00092
-0.0009
-0.00088
-0.00086
-0.00084
-0.00082
-0.0008
-0.00078
-0.00075
-0.00074
-0.00071
-0.0007
-0.00068
-0.00066
-0.00064
-0.00063
-0.00061
-0.00059
-0.00058
-0.00056
-0.00055
-0.00054
-0.00052
-0.00052
-0.0005
-0.00049
-0.00048
-0.00047
-0.00045
-0.00045
-0.00043
-0.00042
-0.00041
-0.00039
-0.00037
-0.00035
-0.00033
-0.00031
-0.00028
-0.00026
-0.00023
-0.0002
-0.00017
-0.00014
-0.0001
-7e-05
-3e-05
0.0
4e-05
8e-05
0.00012
0.00016
0.00021
0.00024
0.00028
0.00032
0.00036
0.00039
0.00043
0.00045
0.00049
0.00052
0.00054
0.00056
0.00058
0.0006
0.00062
0.00064
0.00065
0.00066
0.00067
0.00067
0.00068
0.00068
0.00068
0.00068
0.00068
0.00067
0.00067
0.00066
0.00065
0.00065
0.00064
0.00064
0.00063
0.00062
0.00061
0.0006
0.0006
0.00058
0.00058
0.00057
0.00056
0.00056
0.00055
0.00054
0.00053
0.00053
0.00053
0.00052
0.00052
0.00051
0.00052
0.00051
0.00052
0.00051
0.00051
0.00051
0.00052
0.00052
0.00052
0.00052
0.00052
0.00052
0.00053
0.00054
0.00054
0.00054
0.00056
0.00056
0.00057
0.00057
0.00059
0.00059
0.00061
0.00062
0.00063
0.00064
0.00065
0.00067
0.00069
0.00071
0.00074
0.00075
0.00078
0.00081
0.00084
0.00087
0.00091
0.00094
0.00099
0.00103
0.00107
0.00112
0.00116
0.00122
0.00127
0.00133
0.00139
0.00144
0.0015
0.00156
0.00163
0.00169
0.00175
0.0018
0.00187
0.00193
0.00198
0.00203
0.00209
0.00214
0.00218
0.00223
0.00227
0.00229
0.00233
0.00235
0.00237
0.00239
0.0024
0.0024
0.00241
0.0024
0.00239
0.00238
0.00236
0.00233
0.00231
0.00228
0.00224
0.0022
0.00216
0.00211
0.00206
0.00201
0.00195
0.00189
0.00184
0.00177
0.00171
0.00164
0.00157
0.0015
0.00144
0.00136
0.0013
0.00122
0.00115
0.00107
0.001
0.00092
0.00085
0.00077
0.00069
0.00061
0.00054
0.00046
0.00038
0.00031
0.00023
0.00016
8e-05
1e-05
-6e-05
-0.00013
-0.0002
-0.00027
-0.00033
-0.00039
-0.00044
-0.0005
-0.00055
-0.00059
-0.00063
-0.00067
-0.0007
-0.00072
-0.00074
-0.00076
-0.00076
-0.00077
-0.00076
-0.00076
-0.00074
-0.00072
-0.00068
-0.00065
-0.00061
-0.00057
-0.00052
-0.00046
-0.00039
-0.00033
-0.00025
-0.00018
-0.0001
-2e-05
7e-05
0.00015
0.00025
0.00034
0.00043
0.00053
0.00062
0.00072
0.00082
0.00091
0.00101
0.00111
0.00121
0.0013
0.0014
0.00149
0.00158
0.00167
0.00176
0.00184
0.00193
0.00202
0.0021
0.00217
0.00225
0.00233
0.0024
0.00247
0.00254
0.0026
0.00267
0.00273
0.00279
0.00284
0.0029
0.00295
0.003
0.00304
0.00308
0.00312
0.00316
0.00319
0.00323
0.00325
0.00328
0.0033
0.00332
0.00334
0.00335
0.00336
0.00337
0.00337
0.00338
0.00338
0.00338
0.00337
0.00336
0.00336
0.00335
0.00334
0.00332
0.0033
0.00329
0.00326
0.00325
0.00322
0.0032
0.00317
0.00315
0.00312
0.00308
0.00305
0.00302
0.00298
0.00295
0.00291
0.00287
0.00282
0.00279
0.00274
0.0027
0.00265
0.0026
0.00255
0.0025
0.00245
0.0024
0.00234
0.00228
0.00223
0.00217
0.00212
0.00206
0.002
0.00194
0.00188
0.00182
0.00176
0.0017
0.00164
0.00158
0.00152
0.00146
0.0014
0.00134
0.00129
0.00123
0.00118
0.00112
0.00106
0.00102
0.00096
0.00092
0.00087
0.00082
0.00078
0.00074
0.0007
0.00066
0.00063
0.00059
0.00056
0.00054
0.00052
0.0005
0.00047
0.00046
0.00045
0.00044
0.00043
0.00042
0.00041
0.00042
0.00041
0.00041
0.00041
0.00041
0.00042
0.00042
0.00042
0.00043
0.00043
0.00043
0.00043
0.00043
0.00043
0.00043
0.00042
0.00043
0.00042
0.00041
0.0004
0.00039
0.00038
0.00037
0.00036
0.00035
0.00034
0.00033
0.00032
0.00031
0.0003
0.00029
0.00028
0.00028
0.00027
0.00027
0.00026
0.00026
0.00026
0.00027
0.00027
0.00028
0.00028
0.00028
0.00029
0.0003
0.00029
0.0003
0.0003
0.0003
0.00029
0.00029
0.00028
0.00026
0.00025
0.00023
0.00021
0.00018
0.00015
0.00012
7e-05
4e-05
-1e-05
-6e-05
-0.00011
-0.00016
-0.00022
-0.00028
-0.00033
-0.00039
-0.00045
-0.00051
-0.00056
-0.00062
-0.00068
-0.00072
-0.00077
-0.00082
-0.00087
-0.0009
-0.00094
-0.00098
-0.00101
-0.00103
-0.00106
-0.00108
-0.0011
-0.00111
-0.00112
-0.00113
-0.00115
-0.00115
-0.00115
-0.00115
-0.00116
-0.00115
-0.00116
-0.00115
-0.00115
-0.00115
-0.00115
-0.00114
-0.00114
-0.00113
-0.00113
-0.00112
-0.00112
-0.00111
-0.00111
-0.00109
-0.00109
-0.00107
-0.00106
-0.00104
-0.00103
-0.001
-0.00098
-0.00095
-0.00092
-0.00089
-0.00085
-0.00081
-0.00077
-0.00072
-0.00067
-0.00061
-0.00056
-0.0005
-0.00044
-0.00037
-0.00031
-0.00024
-0.00017
-0.0001
-3e-05
4e-05
0.00012
0.00019
0.00026
0.00034
0.00041
0.00048
0.00055
0.00062
0.00068
0.00075
0.00081
0.00087
0.00092
0.00098
0.00103
0.00108
0.00113
0.00117
0.00121
0.00125
0.00128
0.00131
0.00134
0.00137
0.00139
0.00142
0.00143
0.00145
0.00146
0.00148
0.00149
0.0015
0.0015
0.00151
0.00151
0.00152
0.00152
0.00152
0.00152
0.00152
0.00151
0.00151
0.0015
0.00149
0.00148
0.00147
0.00146
0.00145
0.00144
0.00143
0.0014
0.00139
0.00137
0.00136
0.00133
0.00131
0.00129
0.00127
0.00124
0.00121
0.00118
0.00115
0.00112
0.00109
0.00105
0.00102
0.00097
0.00094
0.00089
0.00085
0.0008
0.00076
0.0007
0.00066
0.0006
0.00054
0.00048
0.00042
0.00036
0.00029
0.00022
0.00016
7e-05
0.0
-8e-05
-0.00016
-0.00025
-0.00034
-0.00043
-0.00052
-0.00062
-0.00072
-0.00082
-0.00093
-0.00103
-0.00114
-0.00125
-0.00136
-0.00148
-0.00159
-0.0017
-0.00181
-0.00193
-0.00204
-0.00216
-0.00226
-0.00238
-0.00248
-0.00259
-0.0027
-0.0028
-0.00289
-0.00299
-0.00308
-0.00317
-0.00326
-0.00334
-0.00341
-0.00349
-0.00356
-0.00363
-0.00368
-0.00374
-0.00379
-0.00384
-0.00389
-0.00392
-0.00396
-0.00398
-0.00401
-0.00403
-0.00404
-0.00405
-0.00405
-0.00405
-0.00405
-0.00404
-0.00402
-0.004
-0.00397
-0.00394
-0.0039
-0.00385
-0.0038
-0.00375
-0.00368
-0.00363
-0.00355
-0.00348
-0.00339
-0.00331
-0.00321
-0.00312
-0.00302
-0.00292
-0.00281
-0.0027
-0.00259
-0.00247
-0.00235
-0.00223
-0.00211
-0.00199
-0.00187
-0.00175
-0.00162
-0.0015
-0.00138
-0.00126
-0.00114
-0.00102
-0.00091
-0.0008
-0.00069
-0.00058
-0.00047
-0.00037
-0.00026
-0.00017
-7e-05
2e-05
0.00011
0.00019
0.00028
0.00035
0.00044
0.00051
0.00058
0.00065
0.00071
0.00078
0.00084
0.0009
0.00096
0.00101
0.00106
0.00111
0.00115
0.00119
0.00123
0.00127
0.0013
0.00133
0.00135
0.00137
0.00139
0.00141
0.00142
0.00143
0.00143
0.00143
0.00143
0.00141
0.00141
0.00139
0.00137
0.00135
0.00133
0.0013
0.00127
0.00124
0.0012
0.00117
0.00113
0.0011
0.00106
0.00102
0.00099
0.00095
0.00091
0.00087
0.00084
0.00081
0.00078
0.00075
0.00072
0.0007
0.00068
0.00066
0.00065
0.00063
0.00062
0.00061
0.00061
0.0006
0.0006
0.0006
0.0006
0.0006
0.00061
0.00062
0.00063
0.00063
0.00064
0.00065
0.00066
0.00067
0.00068
0.00068
0.00069
0.0007
0.00071
0.00071
0.00071
0.00071
0.00072
0.00071
0.00071
0.00071
0.0007
0.00069
0.00069
0.00068
0.00067
0.00066
0.00065
0.00063
0.00062
0.0006
0.00059
0.00056
0.00055
0.00053
0.00051
0.00049
0.00046
0.00044
0.00042
0.0004
0.00038
0.00035
0.00033
0.0003
0.00027
0.00024
0.00022
0.00019
0.00016
0.00013
0.00011
7e-05
4e-05
2e-05
-1e-05
-4e-05
-7e-05
-0.0001
-0.00013
-0.00016
-0.00018
-0.00022
-0.00024
-0.00028
-0.0003
-0.00033
-0.00036
-0.00039
-0.00041
-0.00044
-0.00047
-0.00049
-0.00052
-0.00055
-0.00057
-0.0006
-0.00063
-0.00066
-0.00068
-0.00071
-0.00073
-0.00076
-0.00079
-0.00081
-0.00084
-0.00087
-0.0009
-0.00092
-0.00094
-0.00098
-0.001
-0.00103
-0.00105
-0.00108
-0.0011
-0.00113
-0.00115
-0.00117
-0.00119
-0.00121
-0.00124
-0.00125
-0.00127
-0.00129
-0.0013
-0.00132
-0.00133
-0.00134
-0.00135
-0.00136
-0.00137
-0.00138
-0.00138
-0.00138
-0.00138
-0.00139
-0.00139
-0.00139
-0.00138
-0.00138
-0.00137
-0.00138
-0.00137
-0.00136
-0.00135
-0.00135
-0.00134
-0.00134
-0.00132
-0.00132
-0.00131
-0.0013
-0.0013
-0.00129
-0.00128
-0.00127
-0.00126
-0.00126
-0.00125
-0.00125
-0.00124
-0.00124
-0.00123
-0.00123
-0.00122
-0.00122
-0.00122
-0.00121
-0.00121
-0.00121
-0.0012
-0.0012
-0.00119
-0.00119
-0.00118
-0.00118
-0.00117
-0.00116
-0.00115
-0.00115
-0.00113
-0.00113
-0.00112
-0.00111
-0.0011
-0.00109
-0.00107
-0.00106
-0.00105
-0.00104
-0.00103
-0.00103
-0.00101
-0.00101
-0.001
-0.001
-0.00098
-0.00098
-0.00098
-0.00098
-0.00098
-0.00099
-0.00099
-0.00099
-0.001
-0.00101
-0.00101
-0.00103
-0.00103
-0.00105
-0.00106
-0.00107
-0.00108
-0.0011
-0.00111
-0.00112
-0.00113
-0.00114
-0.00115
-0.00116
-0.00116
-0.00116
-0.00116
-0.00116
-0.00116
-0.00116
-0.00114
-0.00113
-0.00112
-0.0011
-0.00108
-0.00106
-0.00103
-0.001
-0.00097
-0.00093
-0.00089
-0.00085
-0.0008
-0.00076
-0.0007
-0.00066
-0.0006
-0.00054
-0.00048
-0.00042
-0.00036
-0.0003
-0.00023
-0.00017
-0.0001
-3e-05
4e-05
0.0001
0.00018
0.00024
0.00031
0.00037
0.00044
0.0005
0.00056
0.00062
0.00067
0.00072
0.00077
0.00082
0.00086
0.0009
0.00093
0.00096
0.00099
0.001
0.00102
0.00103
0.00104
0.00104
0.00104
0.00103
0.00102
0.001
0.00098
0.00096
0.00093
0.0009
0.00086
0.00082
0.00078
0.00073
0.00069
0.00064
0.00059
0.00053
0.00048
0.00042
0.00036
0.0003
0.00025
0.00019
0.00013
7e-05
1e-05
-6e-05
-0.00011
-0.00017
-0.00023
-0.00029
-0.00035
-0.00042
-0.00047
-0.00053
-0.00059
-0.00065
-0.00072
-0.00077
-0.00083
-0.00089
-0.00094
-0.00101
-0.00106
-0.00112
-0.00117
-0.00123
-0.00128
-0.00133
-0.00138
-0.00143
-0.00147
-0.00152
-0.00156
-0.0016
-0.00163
-0.00167
-0.00169
-0.00173
-0.00175
-0.00177
-0.00179
-0.00181
-0.00182
-0.00183
-0.00183
-0.00184
-0.00184
-0.00184
-0.00184
-0.00183
-0.00182
-0.00181
-0.0018
-0.00179
-0.00177
-0.00175
-0.00172
-0.0017
-0.00168
-0.00165
-0.00162
-0.0016
-0.00156
-0.00153
-0.0015
-0.00146
-0.00142
-0.00138
-0.00134
-0.0013
-0.00125
-0.0012
-0.00115
-0.0011
-0.00104
-0.00099
-0.00092
-0.00086
-0.0008
-0.00074
-0.00067
-0.0006
-0.00053
-0.00045
-0.00038
-0.00031
-0.00023
-0.00015
-7e-05
0.0
8e-05
0.00016
0.00024
0.00031
0.00039
0.00046
0.00054
0.00061
0.00068
0.00075
0.00082
0.00088
0.00095
0.001
0.00107
0.00112
0.00117
0.00122
0.00127
0.00131
0.00135
0.00138
0.00141
0.00145
0.00147
0.0015
0.00152
0.00153
0.00155
0.00155
0.00156
0.00156
0.00156
0.00155
0.00155
0.00153
0.00152
0.0015
0.00147
0.00145
0.00142
0.00139
0.00136
0.00132
0.00129
0.00124
0.00121
0.00116
0.00112
0.00107
0.00103
0.00098
0.00093
0.00088
0.00083
0.00078
0.00074
0.00069
0.00065
0.0006
0.00055
0.00051
0.00047
0.00042
0.00038
0.00033
0.0003
0.00025
0.00021
0.00017
0.00013
9e-05
6e-05
2e-05
-1e-05
-6e-05
-9e-05
-0.00012
-0.00015
-0.00019
-0.00022
-0.00025
-0.00028
-0.00031
-0.00033
-0.00036
-0.00038
-0.0004
-0.00042
-0.00043
-0.00045
-0.00046
-0.00047
-0.00048
-0.00048
-0.00048
-0.00048
-0.00048
-0.00047
-0.00046
-0.00045
-0.00045
-0.00043
-0.00042
-0.0004
-0.00038
-0.00036
-0.00035
-0.00032
-0.00031
-0.00028
-0.00026
-0.00024
-0.00022
-0.00019
-0.00017
-0.00015
-0.00012
-0.0001
-7e-05
-4e-05
-2e-05
2e-05
4e-05
8e-05
0.00011
0.00015
0.00018
0.00022
0.00026
0.0003
0.00035
0.00039
0.00044
0.00049
0.00054
0.00059
0.00065
0.00071
0.00076
0.00082
0.00087
0.00093
0.00098
0.00104
0.00109
0.00115
0.0012
0.00125
0.00129
0.00134
0.00138
0.00142
0.00146
0.00149
0.00152
0.00155
0.00157
0.00159
0.00161
0.00163
0.00163
0.00165
0.00165
0.00165
0.00165
0.00165
0.00164
0.00164
0.00163
0.00162
0.00159
0.00158
0.00156
0.00154
0.00151
0.00149
0.00145
0.00143
0.00139
0.00135
0.00131
0.00127
0.00122
0.00118
0.00113
0.00107
0.00101
0.00095
0.00089
0.00082
0.00075
0.00068
0.0006
0.00052
0.00044
0.00035
0.00026
0.00017
8e-05
-1e-05
-0.00011
-0.00021
-0.00031
-0.00041
-0.00052
-0.00062
-0.00072
-0.00083
-0.00093
-0.00103
-0.00114
-0.00125
-0.00135
-0.00145
-0.00155
-0.00165
-0.00175
-0.00184
-0.00194
-0.00203
-0.00213
-0.00221
-0.0023
-0.00238
-0.00246
-0.00253
-0.0026
-0.00267
-0.00273
-0.00279
-0.00285
-0.00289
-0.00294
-0.00298
-0.00302
-0.00304
-0.00307
-0.00309
-0.00311
-0.00311
-0.00312
-0.00311
-0.00311
-0.00309
-0.00308
-0.00305
-0.00302
-0.00298
-0.00294
-0.00289
-0.00285
-0.00279
-0.00273
-0.00266
-0.0026
-0.00252
-0.00245
-0.00236
-0.00228
-0.00219
-0.0021
-0.00201
-0.00191
-0.00181
-0.00171
-0.0016
-0.0015
-0.00139
-0.00129
-0.00118
-0.00108
-0.00097
-0.00086
-0.00075
-0.00065
-0.00054
-0.00044
-0.00034
-0.00024
-0.00015
-5e-05
5e-05
0.00013
0.00022
0.00031
0.00039
0.00047
0.00055
0.00062
0.0007
0.00076
0.00083
0.00089
0.00095
0.001
0.00106
0.00111
0.00116
0.00121
0.00125
0.00129
0.00134
0.00137
0.00141
0.00144
0.00147
0.0015
0.00153
0.00155
0.00157
0.0016
0.00162
0.00163
0.00165
0.00166
0.00168
0.00169
0.0017
0.00171
0.00172
0.00172
0.00173
0.00173
0.00173
0.00173
0.00172
0.00172
0.00172
0.00171
0.00171
0.0017
0.00169
0.00168
0.00168
0.00167
0.00166
0.00165
0.00165
0.00164
0.00163
0.00162
0.00161
0.00161
0.0016
0.0016
0.0016
0.00159
0.00159
0.00159
0.00159
0.00158
0.00159
0.00158
0.00159
0.00159
0.00159
0.00159
0.00159
0.00159
0.00159
0.00159
0.0016
0.00159
0.00159
0.00159
0.00159
0.00158
0.00158
0.00158
0.00158
0.00157
0.00156
0.00155
0.00154
0.00154
0.00153
0.00152
0.00152
0.0015
0.0015
0.00149
0.00148
0.00147
0.00146
0.00145
0.00145
0.00144
0.00143
0.00142
0.0014
0.0014
0.00139
0.00138
0.00137
0.00135
0.00134
0.00132
0.00131
0.00129
0.00128
0.00126
0.00124
0.00122
0.00119
0.00117
0.00114
0.00111
0.00108
0.00105
0.00102
0.00098
0.00095
0.00091
0.00087
0.00082
0.00079
0.00074
0.0007
0.00066
0.00062
0.00057
0.00053
0.00049
0.00045
0.00042
0.00038
0.00034
0.00031
0.00027
0.00025
0.00021
0.00019
0.00016
0.00014
0.00012
0.0001
8e-05
7e-05
6e-05
5e-05
3e-05
3e-05
2e-05
2e-05
1e-05
1e-05
-0.0
-0.0
-1e-05
-1e-05
-2e-05
-3e-05
-3e-05
-4e-05
-5e-05
-6e-05
-7e-05
-8e-05
-0.0001
-0.00012
-0.00014
-0.00016
-0.00019
-0.00021
-0.00024
-0.00026
-0.00029
-0.00032
-0.00036
-0.00039
-0.00042
-0.00046
-0.0005
-0.00053
-0.00057
-0.00061
-0.00065
-0.00068
-0.00072
-0.00076
-0.0008
-0.00083
-0.00086
-0.0009
-0.00093
-0.00096
-0.00099
-0.00102
-0.00105
-0.00107
-0.0011
-0.00112
-0.00114
-0.00116
-0.00118
-0.00119
-0.00121
-0.00121
-0.00123
-0.00124
-0.00124
-0.00125
-0.00125
-0.00125
-0.00125
-0.00124
-0.00124
-0.00123
-0.00122
-0.0012
-0.00119
-0.00117
-0.00116
-0.00113
-0.00111
-0.00108
-0.00106
-0.00103
-0.00099
-0.00096
-0.00092
-0.00088
-0.00084
-0.0008
-0.00075
-0.0007
-0.00066
-0.00061
-0.00056
-0.00051
-0.00046
-0.00041
-0.00036
-0.0003
-0.00025
-0.00019
-0.00014
-9e-05
-4e-05
2e-05
7e-05
0.00012
0.00016
0.00021
0.00025
0.00031
0.00035
0.00039
0.00043
0.00047
0.00051
0.00054
0.00058
0.00061
0.00064
0.00067
0.00069
0.00072
0.00074
0.00076
0.00078
0.0008
0.00081
0.00082
0.00083
0.00084
0.00084
0.00085
0.00085
0.00085
0.00084
0.00083
0.00082
0.00081
0.0008
0.00078
0.00076
0.00074
0.00072
0.00069
0.00067
0.00064
0.00061
0.00059
0.00056
0.00053
0.00049
0.00047
0.00044
0.00041
0.00038
0.00036
0.00033
0.00031
0.00029
0.00027
0.00025
0.00024
0.00023
0.00022
0.00022
0.00021
0.00021
0.00021
0.00022
0.00023
0.00023
0.00025
0.00026
0.00028
0.0003
0.00032
0.00034
0.00036
0.00039
0.00042
0.00045
0.00048
0.00051
0.00055
0.00058
0.00062
0.00066
0.0007
0.00074
0.00078
0.00082
0.00087
0.00091
0.00096
0.00101
0.00106
0.00111
0.00117
0.00122
0.00128
0.00134
0.0014
0.00146
0.00153
0.00159
0.00166
0.00173
0.0018
0.00187
0.00194
0.00201
0.00209
0.00216
0.00224
0.00232
0.0024
0.00247
0.00256
0.00263
0.00271
0.00279
0.00287
0.00294
0.00302
0.00309
0.00317
0.00324
0.00331
0.00338
0.00345
0.00351
0.00357
0.00363
0.00369
0.00374
0.00379
0.00383
0.00388
0.00392
0.00396
0.00399
0.00401
0.00404
0.00406
0.00407
0.00409
0.00409
0.0041
0.0041
0.0041
0.00409
0.00408
0.00406
0.00405
0.00402
0.004
0.00397
0.00394
0.00391
0.00387
0.00384
0.0038
0.00375
0.00371
0.00366
0.00362
0.00356
0.00351
0.00345
0.0034
0.00334
0.00327
0.00321
0.00314
0.00307
0.00299
0.00292
0.00284
0.00275
0.00267
0.00257
0.00248
0.00238
0.00228
0.00217
0.00206
0.00195
0.00183
0.00171
0.00158
0.00146
0.00133
0.0012
0.00107
0.00093
0.0008
0.00066
0.00052
