1.37826901214721E+03

-0.00016
-0.00016
-0.00016
-0.00016
-0.00015
-0.00016
-0.00016
-0.00017
-0.00017
-0.00018
-0.00018
-0.00019
-0.0002
-0.00022
-0.00023
-0.00024
-0.00025
-0.00027
-0.00028
-0.0003
-0.00031
-0.00033
-0.00035
-0.00037
-0.00038
-0.0004
-0.00041
-0.00043
-0.00044
-0.00045
-0.00046
-0.00048
-0.00048
-0.00049
-0.0005
-0.0005
-0.0005
-0.0005
-0.0005
-0.0005
-0.0005
-0.00049
-0.00048
-0.00047
-0.00046
-0.00045
-0.00043
-0.00042
-0.00039
-0.00038
-0.00036
-0.00034
-0.00031
-0.00029
-0.00026
-0.00024
-0.00021
-0.00018
-0.00015
-0.00011
-8e-05
-5e-05
-1e-05
3e-05
7e-05
0.00011
0.00015
0.00019
0.00024
0.00028
0.00033
0.00037
0.00042
0.00047
0.00052
0.00057
0.00062
0.00066
0.00071
0.00076
0.00081
0.00085
0.0009
0.00093
0.00098
0.00101
0.00105
0.00108
0.00111
0.00114
0.00117
0.00119
0.00121
0.00122
0.00124
0.00124
0.00125
0.00125
0.00125
0.00124
0.00124
0.00123
0.00122
0.0012
0.00118
0.00116
0.00114
0.00112
0.00109
0.00106
0.00104
0.001
0.00097
0.00093
0.0009
0.00086
0.00083
0.00079
0.00075
0.0007
0.00066
0.00062
0.00058
0.00054
0.0005
0.00044
0.0004
0.00036
0.00031
0.00026
0.00022
0.00017
0.00013
8e-05
4e-05
-1e-05
-5e-05
-9e-05
-0.00013
-0.00017
-0.00021
-0.00025
-0.00028
-0.00032
-0.00035
-0.00039
-0.00041
-0.00045
-0.00047
-0.00049
-0.00052
-0.00054
-0.00056
-0.00058
-0.00059
-0.0006
-0.00062
-0.00063
-0.00064
-0.00065
-0.00066
-0.00067
-0.00068
-0.00069
-0.0007
-0.00071
-0.00072
-0.00073
-0.00074
-0.00075
-0.00076
-0.00078
-0.00079
-0.00081
-0.00083
-0.00085
-0.00087
-0.00089
-0.00091
-0.00094
-0.00096
-0.00099
-0.00102
-0.00105
-0.00108
-0.00111
-0.00114
-0.00118
-0.00121
-0.00125
-0.00128
-0.00131
-0.00134
-0.00138
-0.00142
-0.00145
-0.00148
-0.00152
-0.00155
-0.00159
-0.00162
-0.00165
-0.00168
-0.00171
-0.00174
-0.00178
-0.0018
-0.00184
-0.00186
-0.0019
-0.00192
-0.00196
-0.00198
-0.00201
-0.00204
-0.00207
-0.00211
-0.00213
-0.00217
-0.0022
-0.00222
-0.00226
-0.00229
-0.00232
-0.00235
-0.00239
-0.00242
-0.00245
-0.00248
-0.00251
-0.00255
-0.00258
-0.00261
-0.00264
-0.00267
-0.0027
-0.00273
-0.00277
-0.00279
-0.00283
-0.00285
-0.00289
-0.00292
-0.00295
-0.00297
-0.003
-0.00303
-0.00306
-0.00309
-0.00312
-0.00315
-0.00317
-0.0032
-0.00323
-0.00325
-0.00328
-0.0033
-0.00333
-0.00336
-0.00338
-0.0034
-0.00342
-0.00344
-0.00346
-0.00348
-0.00349
-0.0035
-0.00351
-0.00352
-0.00352
-0.00352
-0.00352
-0.00351
-0.0035
-0.00349
-0.00347
-0.00344
-0.00342
-0.00339
-0.00335
-0.00332
-0.00327
-0.00322
-0.00317
-0.00311
-0.00305
-0.00298
-0.00292
-0.00284
-0.00277
-0.00269
-0.00261
-0.00252
-0.00244
-0.00235
-0.00225
-0.00216
-0.00206
-0.00196
-0.00187
-0.00176
-0.00166
-0.00156
-0.00146
-0.00135
-0.00125
-0.00114
-0.00103
-0.00092
-0.00082
-0.00071
-0.00061
-0.0005
-0.0004
-0.00029
-0.00019
-8e-05
2e-05
0.00012
0.00022
0.00033
0.00042
0.00052
0.00061
0.00071
0.0008
0.00089
0.00098
0.00106
0.00115
0.00123
0.00131
0.00139
0.00145
0.00153
0.00159
0.00166
0.00171
0.00177
0.00181
0.00186
0.0019
0.00194
0.00197
0.002
0.00202
0.00205
0.00206
0.00207
0.00208
0.00208
0.00208
0.00207
0.00206
0.00204
0.00202
0.002
0.00197
0.00194
0.0019
0.00186
0.00182
0.00178
0.00173
0.00169
0.00163
0.00158
0.00152
0.00146
0.0014
0.00134
0.00127
0.00121
0.00114
0.00108
0.00101
0.00094
0.00087
0.00081
0.00074
0.00067
0.0006
0.00053
0.00046
0.0004
0.00032
0.00026
0.00018
0.00012
5e-05
-2e-05
-9e-05
-0.00016
-0.00023
-0.00029
-0.00036
-0.00042
-0.0005
-0.00056
-0.00063
-0.00068
-0.00075
-0.00081
-0.00088
-0.00094
-0.001
-0.00106
-0.00112
-0.00118
-0.00123
-0.00129
-0.00134
-0.00139
-0.00145
-0.0015
-0.00155
-0.00159
-0.00164
-0.00169
-0.00173
-0.00177
-0.00181
-0.00185
-0.00189
-0.00193
-0.00197
-0.002
-0.00204
-0.00207
-0.0021
-0.00213
-0.00216
-0.00219
-0.00222
-0.00224
-0.00227
-0.00229
-0.00232
-0.00234
-0.00236
-0.00238
-0.0024
-0.00241
-0.00243
-0.00244
-0.00245
-0.00246
-0.00247
-0.00247
-0.00248
-0.00248
-0.00249
-0.00249
-0.00249
-0.00249
-0.00249
-0.00248
-0.00248
-0.00247
-0.00246
-0.00245
-0.00245
-0.00244
-0.00243
-0.00242
-0.00241
-0.0024
-0.00239
-0.00237
-0.00236
-0.00235
-0.00234
-0.00232
-0.00231
-0.00229
-0.00227
-0.00225
-0.00224
-0.00221
-0.00219
-0.00217
-0.00215
-0.00212
-0.00209
-0.00206
-0.00203
-0.002
-0.00197
-0.00193
-0.00189
-0.00185
-0.00181
-0.00177
-0.00173
-0.00168
-0.00164
-0.00159
-0.00154
-0.00149
-0.00145
-0.0014
-0.00135
-0.00131
-0.00126
-0.00122
-0.00117
-0.00113
-0.00108
-0.00104
-0.00101
-0.00096
-0.00093
-0.00089
-0.00086
-0.00082
-0.00079
-0.00076
-0.00073
-0.0007
-0.00067
-0.00064
-0.00061
-0.00058
-0.00055
-0.00052
-0.00049
-0.00046
-0.00043
-0.00039
-0.00036
-0.00033
-0.0003
-0.00026
-0.00022
-0.00019
-0.00015
-0.00011
-7e-05
-3e-05
0.0
5e-05
8e-05
0.00012
0.00016
0.0002
0.00023
0.00027
0.0003
0.00034
0.00038
0.00041
0.00044
0.00047
0.00051
0.00054
0.00057
0.0006
0.00062
0.00065
0.00068
0.00071
0.00073
0.00076
0.00078
0.00081
0.00083
0.00085
0.00087
0.00089
0.00092
0.00094
0.00096
0.00098
0.001
0.00102
0.00104
0.00106
0.00107
0.00108
0.00109
0.00111
0.00111
0.00112
0.00113
0.00113
0.00113
0.00113
0.00113
0.00112
0.00111
0.0011
0.00108
0.00107
0.00105
0.00103
0.001
0.00098
0.00095
0.00091
0.00088
0.00084
0.0008
0.00077
0.00072
0.00068
0.00063
0.00059
0.00054
0.00049
0.00043
0.00038
0.00033
0.00028
0.00022
0.00016
0.0001
4e-05
-1e-05
-7e-05
-0.00014
-0.00019
-0.00026
-0.00032
-0.00038
-0.00044
-0.00051
-0.00057
-0.00064
-0.0007
-0.00076
-0.00083
-0.00089
-0.00095
-0.00101
-0.00107
-0.00113
-0.00119
-0.00125
-0.00131
-0.00137
-0.00142
-0.00148
-0.00153
-0.00158
-0.00162
-0.00167
-0.00172
-0.00176
-0.00181
-0.00184
-0.00188
-0.00191
-0.00195
-0.00198
-0.002
-0.00204
-0.00205
-0.00208
-0.0021
-0.00212
-0.00213
-0.00214
-0.00215
-0.00216
-0.00217
-0.00217
-0.00217
-0.00217
-0.00217
-0.00217
-0.00217
-0.00216
-0.00215
-0.00214
-0.00213
-0.00212
-0.0021
-0.00209
-0.00208
-0.00206
-0.00205
-0.00203
-0.00201
-0.00199
-0.00197
-0.00196
-0.00194
-0.00192
-0.0019
-0.00189
-0.00187
-0.00186
-0.00184
-0.00182
-0.00181
-0.0018
-0.00179
-0.00178
-0.00177
-0.00176
-0.00175
-0.00174
-0.00173
-0.00173
-0.00172
-0.00172
-0.00171
-0.00171
-0.0017
-0.0017
-0.00169
-0.00169
-0.00168
-0.00167
-0.00166
-0.00165
-0.00163
-0.00162
-0.0016
-0.00159
-0.00156
-0.00155
-0.00152
-0.0015
-0.00147
-0.00144
-0.00141
-0.00137
-0.00134
-0.00129
-0.00125
-0.00121
-0.00117
-0.00113
-0.00107
-0.00103
-0.00098
-0.00093
-0.00088
-0.00084
-0.00078
-0.00073
-0.00068
-0.00063
-0.00058
-0.00053
-0.00047
-0.00042
-0.00037
-0.00032
-0.00026
-0.00022
-0.00016
-0.00011
-6e-05
-1e-05
5e-05
0.0001
0.00016
0.00021
0.00026
0.00032
0.00037
0.00043
0.00048
0.00053
0.00059
0.00064
0.0007
0.00075
0.0008
0.00085
0.0009
0.00095
0.00099
0.00104
0.00108
0.00112
0.00116
0.0012
0.00124
0.00127
0.00131
0.00135
0.00138
0.00141
0.00144
0.00147
0.00151
0.00154
0.00157
0.0016
0.00163
0.00167
0.00171
0.00175
0.0018
0.00184
0.00189
0.00194
0.002
0.00206
0.00213
0.0022
0.00228
0.00236
0.00245
0.00254
0.00264
0.00275
0.00286
0.00298
0.00311
0.00323
0.00338
0.00352
0.00367
0.00383
0.00399
0.00416
0.00434
0.00453
0.00472
0.00492
0.00512
0.00534
0.00556
0.00578
0.00602
0.00626
0.00651
0.00676
0.00702
0.00729
0.00757
0.00785
0.00814
0.00844
0.00874
0.00905
0.00937
0.00969
0.01003
0.01036
0.01071
0.01106
0.01141
0.01177
0.01214
0.01251
0.01288
0.01326
0.01365
0.01404
0.01443
0.01482
0.01522
0.01563
0.01603
0.01644
0.01685
0.01726
0.01767
0.01808
0.0185
0.01891
0.01932
0.01974
0.02015
0.02057
0.02098
0.02139
0.0218
0.02221
0.02262
0.02302
0.02342
0.02382
0.02421
0.0246
0.025
0.02538
0.02576
0.02614
0.02652
0.02688
0.02725
0.02761
0.02797
0.02832
0.02867
0.02901
0.02935
0.02968
0.03002
0.03034
0.03066
0.03098
0.03129
0.03159
0.0319
0.03219
0.03249
0.03277
0.03306
0.03334
0.03361
0.03388
0.03414
0.0344
0.03465
0.03489
0.03514
0.03537
0.0356
0.03582
0.03603
0.03624
0.03644
0.03664
0.03682
0.037
0.03718
0.03734
0.0375
0.03765
0.0378
0.03793
0.03806
0.03818
0.03829
0.0384
0.0385
0.03859
0.03868
0.03876
0.03883
0.0389
0.03896
0.03902
0.03907
0.03912
0.03916
0.03919
0.03923
0.03925
0.03928
0.0393
0.03932
0.03933
0.03934
0.03934
0.03935
0.03934
0.03934
0.03933
0.03932
0.0393
0.03928
0.03925
0.03922
0.03918
0.03914
0.0391
0.03905
0.03899
0.03893
0.03886
0.03879
0.03872
0.03864
0.03855
0.03846
0.03836
0.03826
0.03815
0.03803
0.03791
0.03779
0.03766
0.03753
0.03739
0.03725
0.0371
0.03695
0.0368
0.03664
0.03648
0.03631
0.03614
0.03597
0.0358
0.03563
0.03545
0.03527
0.03509
0.03491
0.03472
0.03454
0.03435
0.03417
0.03398
0.0338
0.03361
0.03343
0.03324
0.03306
0.03287
0.03269
0.03251
0.03233
0.03216
0.03198
0.03181
0.03164
0.03147
0.0313
0.03114
0.03098
0.03082
0.03066
0.03051
0.03035
0.0302
0.03006
0.02991
0.02977
0.02962
0.02949
0.02935
0.02921
0.02907
0.02894
0.02881
0.02868
0.02855
0.02842
0.02829
0.02816
0.02804
0.02791
0.02778
0.02766
0.02753
0.02741
0.02729
0.02716
0.02704
0.02691
0.02679
0.02667
0.02654
0.02642
0.02629
0.02617
0.02605
0.02593
0.0258
0.02568
0.02556
0.02544
0.02531
0.02519
0.02506
0.02494
0.02481
0.02469
0.02457
0.02444
0.02431
0.02419
0.02406
0.02394
0.02381
0.02368
0.02355
0.02342
0.02329
0.02316
0.02303
0.02289
0.02276
0.02262
0.02248
0.02234
0.0222
0.02206
0.02191
0.02177
0.02162
0.02147
0.02132
0.02116
0.02101
0.02085
0.02069
0.02053
0.02036
0.0202
0.02003
0.01987
0.01969
0.01953
0.01935
0.01918
0.019
0.01883
0.01865
0.01848
0.0183
0.01813
0.01795
0.01778
0.01761
0.01743
0.01726
0.0171
0.01693
0.01676
0.0166
0.01644
0.01628
0.01612
0.01597
0.01582
0.01567
0.01552
0.01538
0.01524
0.01511
0.01497
0.01484
0.01472
0.01459
0.01447
0.01435
0.01423
0.01411
0.01401
0.01389
0.01379
0.01368
0.01358
0.01347
0.01337
0.01327
0.01318
0.01308
0.01299
0.01289
0.0128
0.01271
0.01262
0.01252
0.01244
0.01234
0.01226
0.01216
0.01207
0.01198
0.01188
0.01178
0.01168
0.01159
0.01148
0.01137
0.01126
0.01115
0.01103
0.01091
0.01078
0.01065
0.01052
0.01038
0.01024
0.01009
0.00993
0.00978
0.00962
0.00946
0.00929
0.00911
0.00894
0.00877
0.00859
0.00841
0.00823
0.00804
0.00786
0.00768
0.0075
0.00732
0.00714
0.00696
0.00678
0.00661
0.00644
0.00627
0.0061
0.00594
0.00578
0.00562
0.00546
0.00531
0.00516
0.00501
0.00487
0.00472
0.00458
0.00444
0.00431
0.00417
0.00404
0.00391
0.00378
0.00365
0.00353
0.00341
0.0033
0.00318
0.00307
0.00296
0.00285
0.00276
0.00266
0.00257
0.00249
0.00241
0.00234
0.00227
0.00221
0.00216
0.00212
0.00208
0.00205
0.00203
0.00202
0.00201
0.00201
0.00202
0.00204
0.00207
0.0021
0.00214
0.00219
0.00223
0.00229
0.00235
0.00242
0.00249
0.00256
0.00264
0.00272
0.0028
0.00289
0.00297
0.00305
0.00314
0.00323
0.00332
0.00341
0.00349
0.00358
0.00367
0.00375
0.00383
0.00392
0.004
0.00408
0.00416
0.00423
0.00431
0.00438
0.00445
0.00452
0.00459
0.00466
0.00472
0.00478
0.00484
0.0049
0.00495
0.00501
0.00505
0.0051
0.00514
0.00518
0.00522
0.00525
0.00529
0.00532
0.00534
0.00537
0.00538
0.0054
0.00541
0.00543
0.00544
0.00545
0.00545
0.00546
0.00546
0.00546
0.00546
0.00545
0.00545
0.00545
0.00545
0.00545
0.00544
0.00544
0.00543
0.00544
0.00543
0.00543
0.00543
0.00543
0.00543
0.00543
0.00543
0.00543
0.00543
0.00544
0.00544
0.00545
0.00544
0.00545
0.00545
0.00545
0.00545
0.00545
0.00544
0.00544
0.00543
0.00543
0.00541
0.0054
0.00539
0.00538
0.00536
0.00534
0.00532
0.0053
0.00527
0.00525
0.00521
0.00519
0.00515
0.00512
0.00508
0.00505
0.00501
0.00497
0.00493
0.00489
0.00485
0.00481
0.00477
0.00473
0.00469
0.00466
0.00461
0.00458
0.00454
0.00451
0.00447
0.00444
0.00441
0.00438
0.00436
0.00433
0.00431
0.00429
0.00427
0.00425
0.00423
0.00422
0.0042
0.00419
0.00417
0.00416
0.00415
0.00413
0.00412
0.00411
0.0041
0.00408
0.00407
0.00406
0.00404
0.00402
0.004
0.00398
0.00396
0.00394
0.00391
0.00389
0.00385
0.00382
0.00379
0.00376
0.00373
0.00369
0.00366
0.00362
0.00358
0.00355
0.00351
0.00348
0.00344
0.00341
0.00338
0.00335
0.00332
0.00329
0.00326
0.00324
0.00322
0.0032
0.00319
0.00317
0.00316
0.00315
0.00314
0.00314
0.00314
0.00314
0.00314
0.00314
0.00315
0.00315
0.00315
0.00316
0.00316
0.00317
0.00318
0.00318
0.00318
0.00319
0.00319
0.00319
0.00318
0.00318
0.00317
0.00317
0.00316
0.00314
0.00312
0.00311
0.00309
0.00307
0.00305
0.00302
0.00299
0.00297
0.00294
0.00291
0.00287
0.00284
0.00281
0.00278
0.00274
0.0027
0.00267
0.00263
0.0026
0.00256
0.00253
0.00249
0.00245
0.00242
0.00238
0.00235
0.0023
0.00227
0.00223
0.00219
0.00215
0.00211
0.00207
0.00203
0.00199
0.00194
0.0019
0.00186
0.0018
0.00176
0.00171
0.00166
0.00161
0.00156
0.00151
0.00146
0.00141
0.00136
0.00131
0.00125
0.0012
0.00115
0.0011
0.00106
0.001
0.00096
0.00091
0.00087
0.00082
0.00078
0.00074
0.0007
0.00066
0.00062
0.00058
0.00055
0.00052
0.00048
0.00045
0.00042
0.00039
0.00036
0.00033
0.00031
0.00028
0.00025
0.00023
0.00021
0.00018
0.00016
0.00014
0.00012
0.00011
9e-05
8e-05
7e-05
5e-05
5e-05
4e-05
4e-05
3e-05
4e-05
4e-05
5e-05
6e-05
7e-05
8e-05
0.0001
0.00013
0.00016
0.00019
0.00022
0.00025
0.0003
0.00034
0.00039
0.00043
0.00049
0.00054
0.0006
0.00066
0.00073
0.00079
0.00086
0.00093
0.001
0.00108
0.00115
0.00122
0.00131
0.00138
0.00147
0.00155
0.00163
0.00171
0.00181
0.00189
0.00198
0.00207
0.00216
0.00226
0.00235
0.00245
0.00255
0.00265
0.00275
0.00285
0.00296
0.00307
0.00318
0.00328
0.0034
0.00352
0.00363
0.00375
0.00386
0.00399
0.00411
0.00423
0.00435
0.00447
0.0046
0.00472
0.00485
0.00497
0.00509
0.00521
0.00533
0.00545
0.00556
0.00568
0.00579
0.0059
0.006
0.00611
0.00621
0.0063
0.0064
0.00648
0.00657
0.00665
0.00673
0.0068
0.00687
0.00693
0.00699
0.00705
0.00709
0.00714
0.00718
0.00722
0.00726
0.00728
0.00731
0.00733
0.00735
0.00736
0.00737
0.00737
0.00738
0.00737
0.00737
0.00736
0.00735
0.00734
0.00732
0.0073
0.00728
0.00725
0.00723
0.00719
0.00717
0.00713
0.00709
0.00704
0.007
0.00696
0.0069
0.00685
0.00679
0.00673
0.00667
0.0066
0.00653
0.00645
0.00637
0.00628
0.0062
0.0061
0.006
0.00589
0.00579
0.00567
0.00555
0.00542
0.00529
0.00516
0.00502
0.00488
0.00474
0.00459
0.00444
0.00428
0.00413
0.00396
0.0038
0.00364
0.00348
0.00331
0.00315
0.00298
0.00282
0.00266
0.0025
0.00234
0.00218
0.00202
0.00187
0.00172
0.00157
0.00142
0.00128
0.00114
0.00101
0.00087
0.00074
0.00061
0.00048
0.00036
0.00024
0.00012
1e-05
-0.00012
-0.00023
-0.00034
-0.00044
-0.00056
-0.00066
-0.00077
-0.00086
-0.00097
-0.00106
-0.00116
-0.00126
-0.00135
-0.00143
-0.00152
-0.0016
-0.00169
-0.00176
-0.00183
-0.0019
-0.00197
-0.00203
-0.00209
-0.00214
-0.00219
-0.00224
-0.00228
-0.00232
-0.00235
-0.00238
-0.0024
-0.00242
-0.00244
-0.00245
-0.00246
-0.00246
-0.00246
-0.00245
-0.00245
-0.00244
-0.00242
-0.00241
-0.00239
-0.00237
-0.00234
-0.00232
-0.00229
-0.00225
-0.00223
-0.00219
-0.00215
-0.00211
-0.00207
-0.00203
-0.00199
-0.00194
-0.00189
-0.00184
-0.0018
-0.00175
-0.00169
-0.00164
-0.00158
-0.00152
-0.00147
-0.0014
-0.00134
-0.00128
-0.00122
-0.00115
-0.00109
-0.00101
-0.00095
-0.00088
-0.00081
-0.00074
-0.00067
-0.00059
-0.00052
-0.00044
-0.00037
-0.00029
-0.00022
-0.00014
-7e-05
1e-05
8e-05
0.00017
0.00025
0.00032
0.0004
0.00048
0.00056
0.00064
0.00072
0.0008
0.00088
0.00096
0.00104
0.00112
0.00119
0.00127
0.00135
0.00143
0.0015
0.00157
0.00164
0.00171
0.00178
0.00185
0.00191
0.00198
0.00203
0.0021
0.00215
0.0022
0.00225
0.0023
0.00234
0.00238
0.00241
0.00245
0.00248
0.0025
0.00252
0.00254
0.00255
0.00257
0.00257
0.00257
0.00257
0.00256
0.00255
0.00254
0.00252
0.0025
0.00247
0.00244
0.00241
0.00237
0.00233
0.00228
0.00224
0.00219
0.00213
0.00207
0.00201
0.00195
0.00188
0.00181
0.00173
0.00166
0.00158
0.0015
0.00142
0.00133
0.00124
0.00116
0.00107
0.00097
0.00087
0.00078
0.00068
0.00059
0.00048
0.00039
0.00028
0.00019
8e-05
-2e-05
-0.00012
-0.00023
-0.00033
-0.00043
-0.00053
-0.00062
-0.00073
-0.00082
-0.00092
-0.00101
-0.00111
-0.0012
-0.00129
-0.00138
-0.00146
-0.00155
-0.00163
-0.00171
-0.00179
-0.00186
-0.00193
-0.002
-0.00207
-0.00213
-0.0022
-0.00225
-0.00231
-0.00237
-0.00242
-0.00246
-0.00251
-0.00255
-0.00259
-0.00263
-0.00266
-0.00269
-0.00271
-0.00274
-0.00276
-0.00278
-0.00279
-0.0028
-0.00281
-0.00282
-0.00282
-0.00282
-0.00282
-0.00281
-0.00281
-0.0028
-0.00279
-0.00277
-0.00275
-0.00273
-0.00271
-0.00269
-0.00266
-0.00263
-0.00261
-0.00257
-0.00254
-0.0025
-0.00246
-0.00242
-0.00238
-0.00233
-0.00228
-0.00223
-0.00218
-0.00212
-0.00206
-0.002
-0.00193
-0.00186
-0.00179
-0.00171
-0.00163
-0.00154
-0.00145
-0.00136
-0.00126
-0.00116
-0.00106
-0.00095
-0.00083
-0.00072
-0.0006
-0.00048
-0.00035
-0.00022
-0.0001
4e-05
0.00016
0.0003
0.00044
0.00057
0.0007
0.00084
0.00097
0.00111
0.00124
0.00137
0.00149
0.00162
0.00174
0.00186
0.00197
0.00208
0.00219
0.00229
0.00239
0.00249
0.00258
0.00266
0.00274
0.00282
0.0029
0.00297
0.00303
0.00309
0.00315
0.0032
0.00325
0.00329
0.00333
0.00337
0.0034
0.00343
0.00345
0.00346
0.00348
0.00349
0.0035
0.00351
0.0035
0.0035
0.00349
0.00348
0.00346
0.00344
0.00341
0.00338
0.00334
0.0033
0.00326
0.00321
0.00316
0.0031
0.00304
0.00298
0.0029
0.00283
0.00275
0.00268
0.00259
0.0025
0.00241
0.00232
0.00222
0.00212
0.00202
0.00192
0.00181
0.00171
0.0016
0.00149
0.00137
0.00126
0.00114
0.00103
0.00091
0.0008
0.00067
0.00056
0.00044
0.00032
0.0002
8e-05
-4e-05
-0.00016
-0.00028
-0.00039
-0.00051
-0.00063
-0.00075
-0.00086
-0.00098
-0.00109
-0.0012
-0.00131
-0.00143
-0.00153
-0.00164
-0.00175
-0.00185
-0.00195
-0.00205
-0.00215
-0.00225
-0.00234
-0.00243
-0.00251
-0.0026
-0.00269
-0.00277
-0.00284
-0.00292
-0.003
-0.00307
-0.00314
-0.0032
-0.00327
-0.00333
-0.00339
-0.00345
-0.0035
-0.00356
-0.00361
-0.00367
-0.00372
-0.00377
-0.00381
-0.00386
-0.00391
-0.00395
-0.004
-0.00404
-0.00408
-0.00412
-0.00416
-0.0042
-0.00424
-0.00428
-0.00431
-0.00434
-0.00437
-0.00441
-0.00443
-0.00446
-0.00448
-0.0045
-0.00451
-0.00453
-0.00453
-0.00454
-0.00454
-0.00454
-0.00453
-0.00452
-0.0045
-0.00449
-0.00446
-0.00443
-0.00439
-0.00436
-0.00432
-0.00427
-0.00422
-0.00416
-0.0041
-0.00404
-0.00397
-0.00391
-0.00383
-0.00376
-0.00368
-0.0036
-0.00352
-0.00345
-0.00336
-0.00328
-0.00319
-0.00311
-0.00303
-0.00294
-0.00286
-0.00278
-0.00269
-0.00261
-0.00253
-0.00244
-0.00236
-0.00228
-0.00219
-0.00211
-0.00202
-0.00194
-0.00185
-0.00177
-0.00168
-0.00158
-0.00149
-0.00139
-0.00129
-0.0012
-0.00109
-0.00099
-0.00088
-0.00077
-0.00065
-0.00054
-0.00042
-0.0003
-0.00018
-6e-05
6e-05
0.00018
0.00031
0.00043
0.00056
0.00067
0.0008
0.00091
0.00103
0.00114
0.00125
0.00136
0.00147
0.00156
0.00166
0.00175
0.00184
0.00192
0.002
0.00207
0.00215
0.0022
0.00227
0.00232
0.00237
0.00242
0.00246
0.0025
0.00254
0.00257
0.00259
0.00262
0.00263
0.00265
0.00267
0.00268
0.00269
0.00269
0.0027
0.0027
0.0027
0.00269
0.00268
0.00267
0.00266
0.00263
0.00262
0.00259
0.00256
0.00253
0.0025
0.00247
0.00243
0.00238
0.00234
0.00229
0.00225
0.00219
0.00214
0.00208
0.00202
0.00196
0.00189
0.00183
0.00176
0.00169
0.00162
0.00155
0.00149
0.00141
0.00134
0.00127
0.0012
0.00112
0.00106
0.00098
0.00092
0.00085
0.00078
0.00071
0.00065
0.00058
0.00052
0.00046
0.0004
0.00034
0.00029
0.00023
0.00018
0.00012
7e-05
2e-05
-3e-05
-8e-05
-0.00012
-0.00017
-0.00021
-0.00025
-0.00028
-0.00032
-0.00035
-0.00039
-0.00041
-0.00044
-0.00046
-0.00049
-0.00051
-0.00053
-0.00054
-0.00055
-0.00056
-0.00056
-0.00057
-0.00056
-0.00056
-0.00055
-0.00053
-0.00052
-0.0005
-0.00048
-0.00046
-0.00043
-0.0004
-0.00037
-0.00033
-0.0003
-0.00025
-0.00021
-0.00017
-0.00012
-7e-05
-2e-05
4e-05
8e-05
0.00014
0.0002
0.00026
0.00032
0.00038
0.00043
0.0005
0.00056
0.00062
0.00068
0.00074
0.00081
0.00087
0.00093
0.001
0.00106
0.00112
0.00118
0.00125
0.0013
0.00137
0.00142
0.00149
0.00155
0.0016
0.00166
0.00172
0.00178
0.00184
0.00189
0.00195
0.00201
0.00206
0.00212
0.00218
0.00223
0.00229
0.00234
0.0024
0.00245
0.0025
0.00256
0.00261
0.00266
0.00272
0.00277
0.00282
0.00287
0.00292
0.00297
0.00303
0.00307
0.00312
0.00316
0.00321
0.00326
0.0033
0.00334
0.00338
0.00342
0.00346
0.00349
0.00352
0.00355
0.00358
0.0036
0.00363
0.00365
0.00366
0.00367
0.00369
0.00369
0.0037
0.0037
0.00369
0.00369
0.00368
0.00367
0.00366
0.00363
0.00361
0.00358
0.00356
0.00352
0.00349
0.00345
0.00341
0.00336
0.00331
0.00326
0.00321
0.00315
0.00309
0.00303
0.00297
0.0029
0.00283
0.00276
0.00269
0.00261
0.00254
0.00246
0.00239
0.0023
0.00222
0.00214
0.00206
0.00197
0.00189
0.00181
0.00173
0.00164
0.00156
0.00148
0.0014
0.00131
0.00124
0.00115
0.00108
0.001
0.00092
0.00085
0.00077
0.0007
0.00064
0.00057
0.0005
0.00043
0.00038
0.00031
0.00026
0.0002
0.00015
9e-05
5e-05
-0.0
-5e-05
-9e-05
-0.00014
-0.00017
-0.00021
-0.00024
-0.00027
-0.00031
-0.00033
-0.00036
-0.00038
-0.0004
-0.00042
-0.00044
-0.00045
-0.00046
-0.00047
-0.00048
-0.00048
-0.00048
-0.00048
-0.00048
-0.00048
-0.00048
-0.00047
-0.00046
-0.00045
-0.00045
-0.00043
-0.00043
-0.00041
-0.0004
-0.00039
-0.00038
-0.00037
-0.00037
-0.00036
-0.00035
-0.00034
-0.00035
-0.00034
-0.00034
-0.00034
-0.00035
-0.00036
-0.00037
-0.00037
-0.00039
-0.00041
-0.00043
-0.00045
-0.00047
-0.0005
-0.00053
-0.00055
-0.00059
-0.00062
-0.00066
-0.0007
-0.00075
-0.00079
-0.00084
-0.00088
-0.00093
-0.00098
-0.00104
-0.0011
-0.00115
-0.00121
-0.00127
-0.00134
-0.00141
-0.00147
-0.00154
-0.00161
-0.00169
-0.00176
-0.00184
-0.00191
-0.00199
-0.00207
-0.00215
-0.00223
-0.00231
-0.00239
-0.00247
-0.00254
-0.00263
-0.0027
-0.00278
-0.00284
-0.00292
-0.00298
-0.00305
-0.0031
-0.00316
-0.00322
-0.00327
-0.00332
-0.00335
-0.00339
-0.00342
-0.00345
-0.00348
-0.00349
-0.00351
-0.00352
-0.00354
-0.00354
-0.00355
-0.00354
-0.00354
-0.00354
-0.00354
-0.00353
-0.00352
-0.00351
-0.00351
-0.0035
-0.00349
-0.00348
-0.00347
-0.00346
-0.00346
-0.00345
-0.00345
-0.00344
-0.00343
-0.00343
-0.00342
-0.00342
-0.00341
-0.0034
-0.00339
-0.00338
-0.00337
-0.00335
-0.00334
-0.00332
-0.0033
-0.00327
-0.00325
-0.00321
-0.00318
-0.00315
-0.0031
-0.00306
-0.00301
-0.00296
-0.00291
-0.00285
-0.0028
-0.00273
-0.00267
-0.0026
-0.00254
-0.00247
-0.0024
-0.00232
-0.00226
-0.00218
-0.00211
-0.00204
-0.00197
-0.0019
-0.00183
-0.00177
-0.00171
-0.00164
-0.00158
-0.00151
-0.00146
-0.0014
-0.00134
-0.00128
-0.00123
-0.00118
-0.00113
-0.00108
-0.00103
-0.00098
-0.00093
-0.00088
-0.00084
-0.00079
-0.00075
-0.0007
-0.00065
-0.0006
-0.00056
-0.0005
-0.00046
-0.00041
-0.00036
-0.00032
-0.00026
-0.00021
-0.00016
-0.00011
-6e-05
-1e-05
4e-05
9e-05
0.00014
0.00019
0.00023
0.00029
0.00033
0.00038
0.00042
0.00047
0.00052
0.00056
0.00061
0.00065
0.00069
0.00074
0.00078
0.00084
0.00088
0.00093
0.00097
0.00102
0.00107
0.00112
0.00118
0.00123
0.00129
0.00135
0.0014
0.00147
0.00153
0.0016
0.00166
0.00174
0.0018
0.00188
0.00195
0.00203
0.0021
0.00218
0.00225
0.00233
0.00241
0.00248
0.00255
0.00263
0.00269
0.00276
0.00282
0.00288
0.00293
0.00299
0.00303
0.00307
0.00311
0.00314
0.00316
0.00318
0.0032
0.00321
0.00322
0.00322
0.00321
0.0032
0.00318
0.00316
0.00314
0.00311
0.00308
0.00305
0.00301
0.00297
0.00292
0.00288
0.00283
0.00279
0.00274
0.00269
0.00264
0.00259
0.00254
0.0025
0.00245
0.0024
0.00235
0.00231
0.00226
0.00222
0.00217
0.00212
0.00208
0.00204
0.002
0.00196
0.00191
0.00188
0.00183
0.0018
0.00175
0.00172
0.00167
0.00164
0.0016
0.00156
0.00153
0.00149
0.00146
0.00143
0.0014
0.00137
0.00134
0.00132
0.00129
0.00128
0.00125
0.00124
0.00123
0.00122
0.00122
0.00121
0.00121
0.00121
0.00122
0.00123
0.00124
0.00125
0.00126
0.00128
0.00129
0.00131
0.00133
0.00135
0.00136
0.00139
0.0014
0.00142
0.00143
0.00145
0.00146
0.00147
0.00148
0.00149
0.00149
0.0015
0.0015
0.0015
0.00149
0.00149
0.00147
0.00147
0.00145
0.00144
0.00142
0.0014
0.00138
0.00136
0.00134
0.00132
0.00129
0.00127
0.00124
0.00121
0.00118
0.00116
0.00113
0.0011
0.00107
0.00104
0.00101
0.00097
0.00094
0.00091
0.00088
0.00085
0.00081
0.00078
0.00074
0.00071
0.00067
0.00064
0.0006
0.00057
0.00053
0.0005
0.00047
0.00043
0.0004
0.00037
0.00034
0.00032
0.00029
0.00027
0.00024
0.00023
0.00021
0.0002
0.00018
0.00018
0.00017
0.00017
0.00017
0.00018
0.00019
0.0002
0.00021
0.00023
0.00024
0.00027
0.00029
0.00032
0.00034
0.00038
0.00041
0.00044
0.00048
0.00051
0.00055
0.00058
0.00062
0.00066
0.0007
0.00074
0.00078
0.00082
0.00086
0.0009
0.00093
0.00097
0.00101
0.00105
0.00108
0.00112
0.00115
0.00118
0.00122
0.00125
0.00128
0.00131
0.00133
0.00136
0.00138
0.00141
0.00142
0.00144
0.00145
0.00147
0.00148
0.00149
0.00149
0.0015
0.0015
0.0015
0.00149
0.00149
0.00147
0.00146
0.00144
0.00143
0.00141
0.00139
0.00136
0.00134
0.00131
0.00128
0.00125
0.00122
0.00119
0.00116
0.00113
0.0011
0.00106
0.00103
0.00099
0.00097
0.00093
0.0009
0.00087
0.00084
0.00081
0.00078
0.00075
0.00073
0.0007
0.00068
0.00065
0.00064
0.00061
0.00059
0.00057
0.00056
0.00054
0.00053
0.00051
0.00051
0.00049
0.00049
0.00048
0.00047
0.00047
0.00047
0.00048
0.00048
0.00048
0.0005
0.00051
0.00053
0.00054
0.00056
0.00058
0.00061
0.00063
0.00066
0.00069
0.00072
0.00076
0.0008
0.00083
0.00088
0.00091
0.00096
0.001
0.00105
0.00109
0.00114
0.00118
0.00123
0.00127
0.00132
0.00136
0.0014
0.00144
0.00149
0.00153
0.00157
0.0016
0.00164
0.00168
0.00171
0.00174
0.00178
0.0018
0.00183
0.00186
0.00188
0.0019
0.00192
0.00194
0.00196
0.00197
0.00198
0.00199
0.002
0.002
0.002
0.002
0.00199
0.00198
0.00197
0.00196
0.00194
0.00192
0.00189
0.00186
0.00183
0.00179
0.00175
0.0017
0.00165
0.0016
0.00154
0.00148
0.00142
0.00135
0.00128
0.0012
0.00113
0.00104
0.00096
0.00087
0.00079
0.0007
0.00061
0.00051
0.00042
0.00032
0.00023
0.00013
3e-05
-7e-05
-0.00016
-0.00026
-0.00037
-0.00047
-0.00057
-0.00067
-0.00077
-0.00087
-0.00097
-0.00107
-0.00117
-0.00127
-0.00137
-0.00148
-0.00157
-0.00168
-0.00178
-0.00188
-0.00198
-0.00208
-0.00218
-0.00228
-0.00237
-0.00247
-0.00256
-0.00266
-0.00275
-0.00284
-0.00292
-0.00301
-0.00309
-0.00317
-0.00324
-0.00332
-0.00339
-0.00346
-0.00352
-0.00358
-0.00363
-0.00368
-0.00372
-0.00376
-0.0038
-0.00383
-0.00385
-0.00388
-0.0039
-0.00391
-0.00391
-0.00392
-0.00392
-0.00392
-0.00391
-0.0039
-0.00388
-0.00386
-0.00383
-0.00381
-0.00378
-0.00375
-0.0037
-0.00367
-0.00362
-0.00358
-0.00353
-0.00348
-0.00343
-0.00337
-0.00332
-0.00325
-0.00319
-0.00312
-0.00305
-0.00299
-0.00291
-0.00284
-0.00276
-0.00269
-0.00261
-0.00253
-0.00244
-0.00235
-0.00227
-0.00218
-0.00209
-0.002
-0.0019
-0.00181
-0.00171
-0.00162
-0.00152
-0.00142
-0.00132
-0.00123
-0.00113
-0.00103
-0.00093
-0.00084
-0.00074
-0.00065
-0.00056
-0.00047
-0.00037
-0.00029
-0.0002
-0.00012
-4e-05
3e-05
0.00011
0.00018
0.00025
0.00031
0.00038
0.00044
0.00049
0.00055
0.00059
0.00064
0.00069
0.00073
0.00078
0.00081
0.00085
0.00088
0.00092
0.00094
0.00098
0.001
0.00104
0.00106
0.00109
0.00111
0.00113
0.00116
0.00118
0.00121
0.00124
0.00125
0.00128
0.0013
0.00133
0.00134
0.00136
0.00138
0.0014
0.00141
0.00143
0.00144
0.00145
0.00146
0.00147
0.00147
0.00148
0.00147
0.00147
0.00146
0.00146
0.00144
0.00143
0.00141
0.0014
0.00137
0.00135
0.00132
0.0013
0.00127
0.00125
0.00122
0.00119
0.00116
0.00113
0.0011
0.00107
0.00104
0.00101
0.00098
0.00096
0.00093
0.0009
0.00087
0.00085
0.00082
0.0008
0.00078
0.00076
0.00073
0.00072
0.00069
0.00067
0.00065
0.00063
0.0006
0.00058
0.00056
0.00053
0.00051
0.00048
0.00046
0.00044
0.00042
0.00039
0.00036
0.00034
0.00032
0.0003
0.00028
0.00026
0.00024
0.00022
0.00021
0.00019
0.00018
0.00016
0.00016
0.00015
0.00014
0.00014
0.00013
0.00013
0.00012
0.00012
0.00012
0.00012
0.00011
0.00011
0.00011
0.0001
0.0001
9e-05
8e-05
7e-05
6e-05
5e-05
3e-05
2e-05
-0.0
-2e-05
-4e-05
-6e-05
-8e-05
-0.0001
-0.00012
-0.00014
-0.00016
-0.00018
-0.00019
-0.00021
-0.00022
-0.00023
-0.00024
-0.00024
-0.00024
-0.00024
-0.00024
-0.00023
-0.00022
-0.0002
-0.00019
-0.00017
-0.00015
-0.00013
-0.0001
-8e-05
-5e-05
-2e-05
1e-05
4e-05
7e-05
0.0001
0.00013
0.00016
0.00019
0.00022
0.00025
0.00027
0.0003
0.00032
0.00034
0.00037
0.00039
0.00042
0.00043
0.00046
0.00048
0.00051
0.00053
0.00055
0.00057
0.0006
0.00063
0.00066
0.00068
0.00071
0.00074
0.00078
0.00081
0.00084
0.00087
0.00091
0.00094
0.00098
0.001
0.00104
0.00106
0.0011
0.00112
0.00115
0.00117
0.00119
0.00121
0.00123
0.00124
0.00125
0.00126
0.00127
0.00127
0.00127
0.00126
0.00126
0.00125
0.00125
0.00124
0.00122
0.00121
0.0012
0.00118
0.00117
0.00115
0.00114
0.00112
0.00111
0.00109
0.00108
0.00106
0.00105
0.00103
0.00102
0.001
0.00098
0.00096
0.00094
0.00093
0.00091
0.00089
0.00087
0.00084
0.00082
0.00079
0.00076
0.00073
0.0007
0.00066
0.00063
0.00059
0.00054
0.0005
0.00045
0.00041
0.00036
0.00031
0.00026
0.00021
0.00016
0.00011
6e-05
0.0
-5e-05
-0.0001
-0.00015
-0.0002
-0.00025
-0.00029
-0.00034
-0.00038
-0.00042
-0.00047
-0.0005
-0.00054
-0.00058
-0.00061
-0.00064
-0.00068
-0.0007
-0.00074
-0.00076
-0.00078
-0.00081
-0.00083
-0.00085
-0.00087
-0.00089
-0.00091
-0.00092
-0.00094
-0.00095
-0.00096
-0.00097
-0.00098
-0.00099
-0.001
-0.001
-0.001
-0.001
-0.001
-0.001
-0.00099
-0.00098
-0.00097
-0.00095
-0.00094
-0.00092
-0.0009
-0.00087
-0.00085
-0.00081
-0.00079
-0.00075
-0.00071
-0.00067
-0.00063
-0.00059
-0.00054
-0.00049
-0.00044
-0.00039
-0.00034
-0.00029
-0.00024
-0.00018
-0.00013
-7e-05
-2e-05
4e-05
9e-05
0.00015
0.0002
0.00025
0.0003
0.00035
0.0004
0.00045
0.00049
0.00054
0.00058
0.00062
0.00066
0.00069
0.00073
0.00076
0.00079
0.00082
0.00084
0.00086
0.00089
0.00091
0.00092
0.00094
0.00095
0.00097
0.00098
0.00099
0.001
0.001
0.00101
0.00102
0.00102
0.00103
0.00103
0.00103
0.00104
0.00105
0.00105
0.00106
0.00106
0.00107
0.00107
0.00109
0.00109
0.0011
0.00111
0.00113
0.00114
0.00115
0.00117
0.00118
0.0012
0.00122
0.00123
0.00126
0.00127
0.00129
0.00131
0.00134
0.00135
0.00138
0.0014
0.00143
0.00145
0.00148
0.0015
0.00153
0.00155
0.00158
0.00161
0.00165
0.00167
0.00171
0.00174
0.00178
0.00181
0.00184
0.00188
0.00192
0.00196
0.002
0.00204
0.00208
0.00212
0.00217
0.00221
0.00226
0.00229
0.00234
0.00238
0.00243
0.00247
0.00251
0.00255
0.00259
0.00262
0.00266
0.00269
0.00272
0.00275
0.00277
0.0028
0.00282
0.00283
0.00285
0.00286
0.00287
0.00287
0.00288
0.00288
0.00288
0.00287
0.00286
0.00285
0.00284
0.00283
0.00281
0.0028
0.00278
0.00276
0.00274
0.00271
0.00269
0.00266
0.00264
0.00261
0.00259
0.00256
0.00253
0.0025
0.00247
0.00244
0.00241
0.00238
0.00235
0.00231
0.00228
0.00224
0.00221
0.00217
0.00214
0.0021
0.00206
0.00202
0.00198
0.00193
0.00189
0.00185
0.00181
0.00176
0.00172
0.00167
0.00162
0.00158
0.00153
0.00148
0.00144
0.00139
0.00135
0.0013
0.00126
0.00121
0.00117
0.00113
0.00109
0.00105
0.00101
0.00097
0.00094
0.0009
0.00087
0.00084
0.00081
0.00078
0.00075
0.00072
0.00069
0.00066
0.00064
0.00061
0.00059
0.00056
0.00054
0.00052
0.0005
0.00047
0.00045
0.00043
0.00041
0.00039
0.00037
0.00035
0.00033
0.00032
0.0003
0.00029
0.00027
0.00026
0.00025
0.00024
0.00023
0.00023
0.00023
0.00022
0.00022
0.00022
0.00023
0.00024
0.00025
0.00025
0.00027
0.00029
0.0003
0.00032
0.00035
0.00037
0.0004
0.00042
0.00045
0.00048
0.00052
0.00055
0.00058
0.00062
0.00065
0.00069
0.00072
0.00076
0.0008
0.00084
0.00088
0.00091
0.00096
0.001
0.00104
0.00107
0.00111
0.00115
0.00119
0.00123
0.00127
0.00131
0.00135
0.00139
0.00143
0.00147
0.00151
0.00154
0.00159
0.00163
0.00167
0.00171
0.00176
0.0018
0.00184
0.00188
0.00193
0.00197
0.00201
0.00206
0.0021
0.00215
0.00219
0.00223
0.00228
0.00232
0.00237
0.00241
0.00245
0.00249
0.00254
0.00257
0.00261
0.00265
0.00268
0.00272
0.00275
0.00279
0.00282
0.00284
0.00287
0.0029
0.00292
0.00294
0.00296
0.00298
0.003
0.00301
0.00302
0.00303
0.00304
0.00305
0.00305
0.00306
0.00307
0.00306
0.00307
0.00306
0.00307
0.00306
0.00306
0.00305
0.00305
0.00304
0.00303
0.00302
0.00301
0.003
0.00298
0.00297
0.00296
0.00293
0.00292
0.0029
0.00288
0.00285
0.00283
0.0028
0.00277
0.00274
0.00271
0.00267
0.00263
0.0026
0.00256
0.00252
0.00247
0.00242
0.00238
0.00233
0.00228
0.00222
0.00217
0.00211
0.00206
0.002
0.00193
0.00187
0.00181
0.00174
0.00168
0.00161
0.00155
0.00147
0.00141
0.00134
0.00127
0.00119
0.00112
0.00104
0.00097
0.00089
0.00081
0.00073
0.00065
0.00057
0.00049
0.00041
0.00033
0.00024
0.00015
7e-05
-2e-05
-0.00011
-0.00019
-0.00028
-0.00037
-0.00046
-0.00054
-0.00063
-0.00072
-0.00081
-0.00089
-0.00097
-0.00105
-0.00114
-0.00122
-0.0013
-0.00138
-0.00146
-0.00153
-0.0016
-0.00167
-0.00174
-0.00181
-0.00188
-0.00195
-0.00201
-0.00207
-0.00213
-0.00219
-0.00226
-0.00231
-0.00237
-0.00242
-0.00247
-0.00252
-0.00258
-0.00262
-0.00267
-0.00272
-0.00276
-0.00281
-0.00284
-0.00288
-0.00292
-0.00295
-0.00299
-0.00301
-0.00304
-0.00306
-0.00309
-0.0031
-0.00312
-0.00313
-0.00314
-0.00315
-0.00315
-0.00315
-0.00314
-0.00313
-0.00311
-0.00309
-0.00308
-0.00305
-0.00302
-0.00299
-0.00296
-0.00291
-0.00288
-0.00283
-0.00278
-0.00273
-0.00268
-0.00263
-0.00257
-0.00252
-0.00246
-0.0024
-0.00235
-0.00228
-0.00222
-0.00216
-0.0021
-0.00204
-0.00198
-0.00192
-0.00186
-0.00181
-0.00175
-0.00169
-0.00164
-0.00158
-0.00153
-0.00147
-0.00142
-0.00137
-0.00132
-0.00126
-0.00122
-0.00117
-0.00113
-0.00107
-0.00103
-0.00098
-0.00094
-0.0009
-0.00085
-0.00081
-0.00077
-0.00073
-0.00069
-0.00065
-0.00062
-0.00058
-0.00054
-0.00051
-0.00048
-0.00045
-0.00042
-0.0004
-0.00037
-0.00035
-0.00033
-0.00031
-0.00029
-0.00028
-0.00027
-0.00026
-0.00025
-0.00025
-0.00025
-0.00024
-0.00025
-0.00025
-0.00025
-0.00026
-0.00027
-0.00028
-0.00029
-0.0003
-0.00031
-0.00032
-0.00033
-0.00034
-0.00036
-0.00037
-0.00038
-0.00039
-0.00041
-0.00041
-0.00042
-0.00043
-0.00044
-0.00045
-0.00045
-0.00046
-0.00046
-0.00046
-0.00047
-0.00046
-0.00047
-0.00046
-0.00046
-0.00045
-0.00045
-0.00044
-0.00044
-0.00043
-0.00042
-0.00041
-0.0004
-0.00038
-0.00037
-0.00035
-0.00034
-0.00032
-0.0003
-0.00027
-0.00025
-0.00023
-0.0002
-0.00017
-0.00014
-0.0001
-7e-05
-4e-05
0.0
4e-05
9e-05
0.00013
0.00017
0.00022
0.00027
0.00032
0.00037
0.00042
0.00047
0.00053
0.00057
0.00063
0.00068
0.00073
0.00078
0.00083
0.00088
0.00093
0.00097
0.00102
0.00106
0.00111
0.00115
0.00119
0.00123
0.00127
0.00131
0.00134
0.00138
0.00141
0.00144
0.00148
0.00151
0.00155
0.00157
0.00161
0.00163
0.00167
0.0017
0.00173
0.00175
0.00179
0.00182
0.00185
0.00188
0.00191
0.00193
0.00197
0.00199
0.00202
0.00204
0.00207
0.0021
0.00212
