9.95979585144742E+02

0.00062
0.00066
0.00071
0.00075
0.00081
0.00085
0.00091
0.00097
0.00103
0.00109
0.00116
0.00123
0.0013
0.00137
0.00145
0.00152
0.00161
0.00168
0.00177
0.00184
0.00194
0.00201
0.0021
0.00219
0.00227
0.00235
0.00244
0.00253
0.00261
0.00269
0.00278
0.00285
0.00294
0.00301
0.00309
0.00316
0.00324
0.0033
0.00337
0.00343
0.00349
0.00355
0.00361
0.00366
0.00372
0.00375
0.00381
0.00384
0.00389
0.00392
0.00395
0.00398
0.00401
0.00403
0.00405
0.00407
0.00408
0.0041
0.00411
0.00412
0.00413
0.00413
0.00413
0.00413
0.00413
0.00412
0.00412
0.0041
0.0041
0.00408
0.00406
0.00404
0.00402
0.004
0.00397
0.00394
0.00392
0.00388
0.00385
0.00381
0.00377
0.00372
0.00368
0.00363
0.00359
0.00353
0.00347
0.00342
0.00335
0.00329
0.00323
0.00316
0.0031
0.00301
0.00295
0.00286
0.00279
0.0027
0.00262
0.00253
0.00245
0.00235
0.00226
0.00217
0.00207
0.00197
0.00187
0.00177
0.00167
0.00156
0.00146
0.00135
0.00125
0.00113
0.00103
0.00092
0.00082
0.00071
0.0006
0.00049
0.00039
0.00029
0.00019
9e-05
-1e-05
-0.00011
-0.0002
-0.0003
-0.00039
-0.00048
-0.00056
-0.00066
-0.00073
-0.00082
-0.0009
-0.00098
-0.00106
-0.00113
-0.00121
-0.00128
-0.00135
-0.00143
-0.0015
-0.00158
-0.00165
-0.00173
-0.0018
-0.00188
-0.00194
-0.00202
-0.00209
-0.00217
-0.00225
-0.00232
-0.00239
-0.00246
-0.00252
-0.0026
-0.00266
-0.00273
-0.00278
-0.00284
-0.0029
-0.00295
-0.00299
-0.00304
-0.00307
-0.00311
-0.00314
-0.00316
-0.00317
-0.00319
-0.00319
-0.0032
-0.00319
-0.00319
-0.00317
-0.00316
-0.00314
-0.00312
-0.00308
-0.00306
-0.00302
-0.00299
-0.00295
-0.00291
-0.00287
-0.00282
-0.00278
-0.00274
-0.00269
-0.00264
-0.00259
-0.00254
-0.00249
-0.00244
-0.00239
-0.00233
-0.00228
-0.00223
-0.00217
-0.00211
-0.00204
-0.00198
-0.00191
-0.00185
-0.00177
-0.0017
-0.00162
-0.00155
-0.00146
-0.00138
-0.00129
-0.0012
-0.00111
-0.00102
-0.00093
-0.00084
-0.00074
-0.00065
-0.00055
-0.00047
-0.00037
-0.00028
-0.00019
-0.00011
-2e-05
6e-05
0.00014
0.00022
0.00029
0.00036
0.00042
0.00049
0.00055
0.00061
0.00066
0.00071
0.00076
0.00081
0.00086
0.00089
0.00094
0.00097
0.00102
0.00106
0.00109
0.00113
0.00117
0.00121
0.00124
0.00128
0.00132
0.00136
0.0014
0.00143
0.00148
0.00151
0.00155
0.00158
0.00163
0.00166
0.0017
0.00173
0.00176
0.00179
0.00182
0.00185
0.00188
0.0019
0.00193
0.00194
0.00197
0.00198
0.00199
0.002
0.00202
0.00202
0.00203
0.00203
0.00203
0.00204
0.00204
0.00203
0.00203
0.00202
0.00201
0.002
0.00199
0.00198
0.00196
0.00194
0.00193
0.0019
0.00188
0.00185
0.00182
0.00179
0.00176
0.00172
0.00169
0.00164
0.0016
0.00155
0.00151
0.00146
0.00141
0.00136
0.00131
0.00126
0.00121
0.00115
0.0011
0.00105
0.001
0.00096
0.00092
0.00087
0.00083
0.00079
0.00076
0.00073
0.00071
0.00068
0.00067
0.00064
0.00063
0.00062
0.00061
0.00061
0.00062
0.00062
0.00063
0.00062
0.00064
0.00064
0.00066
0.00067
0.00068
0.00068
0.0007
0.00071
0.00071
0.00072
0.00072
0.00073
0.00073
0.00074
0.00074
0.00073
0.00073
0.00073
0.00073
0.00072
0.00072
0.00071
0.00071
0.00071
0.0007
0.0007
0.0007
0.0007
0.0007
0.0007
0.00071
0.00071
0.00073
0.00073
0.00075
0.00076
0.00078
0.00079
0.00082
0.00084
0.00086
0.00088
0.00091
0.00093
0.00096
0.00099
0.00103
0.00105
0.00108
0.00111
0.00115
0.00118
0.00121
0.00124
0.00128
0.00131
0.00135
0.00138
0.00142
0.00146
0.0015
0.00154
0.00158
0.00161
0.00166
0.0017
0.00175
0.0018
0.00185
0.00189
0.00195
0.002
0.00205
0.0021
0.00216
0.00222
0.00228
0.00234
0.0024
0.00246
0.00253
0.00259
0.00266
0.00272
0.00279
0.00285
0.00293
0.003
0.00307
0.00314
0.00321
0.00328
0.00335
0.00342
0.0035
0.00356
0.00363
0.0037
0.00377
0.00383
0.0039
0.00396
0.00403
0.00409
0.00414
0.0042
0.00425
0.0043
0.00435
0.00439
0.00444
0.00447
0.0045
0.00453
0.00456
0.00458
0.0046
0.00461
0.00463
0.00463
0.00464
0.00464
0.00464
0.00463
0.00463
0.00462
0.00461
0.00459
0.00458
0.00455
0.00454
0.00451
0.00449
0.00445
0.00443
0.0044
0.00436
0.00432
0.00428
0.00424
0.0042
0.00415
0.0041
0.00404
0.00398
0.00392
0.00386
0.00378
0.00371
0.00362
0.00355
0.00346
0.00337
0.00327
0.00317
0.00308
0.00297
0.00287
0.00277
0.00265
0.00255
0.00244
0.00233
0.00222
0.00211
0.002
0.00191
0.0018
0.0017
0.0016
0.0015
0.00142
0.00133
0.00124
0.00117
0.00108
0.001
0.00093
0.00086
0.00078
0.00071
0.00063
0.00056
0.00048
0.00041
0.00033
0.00025
0.00017
8e-05
-1e-05
-0.0001
-0.0002
-0.00029
-0.0004
-0.00049
-0.0006
-0.0007
-0.00081
-0.00091
-0.00102
-0.00112
-0.00122
-0.00131
-0.0014
-0.00148
-0.00155
-0.00161
-0.00167
-0.0017
-0.00174
-0.00175
-0.00176
-0.00175
-0.00174
-0.00169
-0.00165
-0.00159
-0.00152
-0.00143
-0.00133
-0.00123
-0.00112
-0.00099
-0.00087
-0.00074
-0.00061
-0.00046
-0.00034
-0.0002
-8e-05
5e-05
0.00016
0.00026
0.00036
0.00044
0.00052
0.00059
0.00064
0.00068
0.0007
0.00071
0.00071
0.0007
0.00067
0.00064
0.00059
0.00055
0.00049
0.00042
0.00035
0.00028
0.00021
0.00014
7e-05
0.0
-7e-05
-0.00012
-0.00018
-0.00022
-0.00026
-0.00029
-0.00031
-0.00032
-0.00032
-0.00032
-0.00031
-0.00029
-0.00026
-0.00022
-0.00018
-0.00013
-9e-05
-4e-05
1e-05
7e-05
0.00011
0.00016
0.0002
0.00024
0.00028
0.0003
0.00033
0.00034
0.00035
0.00036
0.00035
0.00035
0.00032
0.00031
0.00028
0.00025
0.00021
0.00018
0.00014
0.00011
7e-05
4e-05
0.0
-2e-05
-4e-05
-6e-05
-7e-05
-6e-05
-7e-05
-5e-05
-3e-05
1e-05
4e-05
9e-05
0.00014
0.00021
0.00028
0.00035
0.00043
0.00051
0.0006
0.00069
0.00078
0.00087
0.00095
0.00105
0.00112
0.0012
0.00127
0.00133
0.00138
0.00144
0.00147
0.0015
0.00152
0.00153
0.00153
0.00153
0.00151
0.00148
0.00144
0.00141
0.00136
0.00131
0.00124
0.00118
0.00111
0.00105
0.00097
0.0009
0.00083
0.00076
0.00069
0.00063
0.00057
0.00051
0.00045
0.00041
0.00036
0.00032
0.00028
0.00025
0.00022
0.0002
0.00018
0.00016
0.00014
0.00013
0.00012
0.00011
0.0001
9e-05
7e-05
6e-05
4e-05
2e-05
-1e-05
-4e-05
-8e-05
-0.00011
-0.00016
-0.0002
-0.00026
-0.00032
-0.00038
-0.00044
-0.00051
-0.00057
-0.00066
-0.00072
-0.0008
-0.00088
-0.00096
-0.00103
-0.00112
-0.00118
-0.00126
-0.00133
-0.0014
-0.00146
-0.00152
-0.00157
-0.00162
-0.00166
-0.0017
-0.00173
-0.00176
-0.00178
-0.0018
-0.00181
-0.00182
-0.00182
-0.00182
-0.00182
-0.00182
-0.00181
-0.0018
-0.00178
-0.00177
-0.00175
-0.00173
-0.0017
-0.00169
-0.00166
-0.00165
-0.00163
-0.00161
-0.00158
-0.00156
-0.00155
-0.00153
-0.00151
-0.00148
-0.00146
-0.00144
-0.00141
-0.00139
-0.00136
-0.00133
-0.00129
-0.00127
-0.00123
-0.00119
-0.00115
-0.0011
-0.00106
-0.001
-0.00095
-0.00089
-0.00082
-0.00075
-0.00068
-0.00061
-0.00052
-0.00044
-0.00035
-0.00027
-0.00017
-8e-05
2e-05
0.00012
0.00022
0.00033
0.00044
0.00055
0.00066
0.00077
0.00088
0.00099
0.00111
0.00122
0.00134
0.00145
0.00156
0.00167
0.00179
0.00189
0.002
0.00211
0.00222
0.00233
0.00244
0.00255
0.00266
0.00276
0.00288
0.00298
0.0031
0.00321
0.00333
0.00344
0.00356
0.00369
0.00381
0.00394
0.00407
0.00421
0.00436
0.00451
0.00467
0.00483
0.00501
0.00518
0.00537
0.00557
0.00577
0.00599
0.00622
0.00645
0.00669
0.00695
0.00721
0.0075
0.00779
0.00809
0.0084
0.00873
0.00907
0.00942
0.00979
0.01016
0.01055
0.01095
0.01137
0.01181
0.01224
0.01271
0.01318
0.01367
0.01418
0.01469
0.01523
0.01578
0.01635
0.01693
0.01753
0.01814
0.01878
0.01942
0.02009
0.02078
0.02148
0.0222
0.02293
0.02369
0.02446
0.02524
0.02605
0.02687
0.02771
0.02856
0.02944
0.03033
0.03122
0.03213
0.03307
0.03401
0.03496
0.03593
0.0369
0.03789
0.03889
0.0399
0.04092
0.04195
0.04298
0.04401
0.04507
0.04612
0.04718
0.04824
0.04932
0.05039
0.05147
0.05256
0.05364
0.05474
0.05583
0.05693
0.05803
0.05914
0.06024
0.06135
0.06246
0.06358
0.06469
0.0658
0.06692
0.06804
0.06915
0.07026
0.07138
0.07249
0.07361
0.07472
0.07582
0.07693
0.07803
0.07913
0.08022
0.08131
0.08239
0.08347
0.08454
0.0856
0.08666
0.08771
0.08875
0.08978
0.0908
0.09181
0.09282
0.09382
0.0948
0.09577
0.09674
0.0977
0.09864
0.09958
0.1005
0.10142
0.10232
0.10321
0.1041
0.10497
0.10583
0.10668
0.10752
0.10835
0.10916
0.10996
0.11076
0.11154
0.1123
0.11306
0.1138
0.11453
0.11525
0.11595
0.11664
0.11731
0.11797
0.11861
0.11924
0.11986
0.12046
0.12104
0.12161
0.12217
0.12271
0.12324
0.12375
0.12425
0.12474
0.12521
0.12567
0.12611
0.12655
0.12696
0.12737
0.12777
0.12814
0.12851
0.12887
0.12922
0.12955
0.12988
0.13019
0.13049
0.13078
0.13105
0.13132
0.13158
0.13182
0.13205
0.13226
0.13248
0.13267
0.13285
0.13302
0.13319
0.13333
0.13347
0.13359
0.1337
0.1338
0.13389
0.13397
0.13403
0.13408
0.13412
0.13415
0.13417
0.13418
0.13418
0.13416
0.13414
0.13411
0.13408
0.13403
0.13397
0.13391
0.13384
0.13377
0.13368
0.13359
0.13348
0.13338
0.13327
0.13315
0.13303
0.13289
0.13277
0.13262
0.13249
0.13233
0.13218
0.13203
0.13187
0.1317
0.13153
0.13136
0.13118
0.131
0.13082
0.13063
0.13045
0.13025
0.13007
0.12987
0.12969
0.12949
0.12929
0.1291
0.12891
0.12871
0.12851
0.12831
0.12811
0.12792
0.12772
0.12752
0.12733
0.12713
0.12694
0.12674
0.12655
0.12635
0.12615
0.12596
0.12576
0.12556
0.12536
0.12516
0.12496
0.12475
0.12455
0.12434
0.12414
0.12392
0.12372
0.1235
0.1233
0.12307
0.12286
0.12264
0.12242
0.1222
0.12198
0.12175
0.12153
0.1213
0.12108
0.12085
0.12062
0.12039
0.12016
0.11993
0.11971
0.11947
0.11924
0.11901
0.11878
0.11855
0.11831
0.11807
0.11783
0.11759
0.11736
0.11711
0.11687
0.11662
0.11638
0.11613
0.11589
0.11563
0.11538
0.11513
0.11487
0.11462
0.11435
0.11409
0.11383
0.11356
0.1133
0.11303
0.11276
0.11249
0.11222
0.11195
0.11168
0.11141
0.11114
0.11087
0.1106
0.11034
0.11007
0.1098
0.10954
0.10927
0.10901
0.10875
0.10849
0.10823
0.10798
0.10773
0.10748
0.10723
0.10698
0.10674
0.10649
0.10625
0.10601
0.10577
0.10554
0.1053
0.10507
0.10483
0.10461
0.10437
0.10414
0.10392
0.10369
0.10346
0.10323
0.10301
0.10278
0.10256
0.10233
0.10209
0.10186
0.10163
0.1014
0.10116
0.10093
0.10068
0.10044
0.10019
0.09995
0.09969
0.09943
0.09917
0.0989
0.09863
0.09835
0.09807
0.09778
0.09748
0.09719
0.09688
0.09657
0.09625
0.09593
0.09561
0.09527
0.09493
0.09459
0.09424
0.09389
0.09353
0.09317
0.0928
0.09243
0.09205
0.09167
0.09129
0.09091
0.09051
0.09012
0.08973
0.08933
0.08893
0.08852
0.08812
0.08771
0.0873
0.08689
0.08648
0.08606
0.08564
0.08523
0.08481
0.08439
0.08396
0.08354
0.08312
0.08269
0.08226
0.08184
0.08141
0.08098
0.08055
0.08012
0.0797
0.07927
0.07884
0.07842
0.07799
0.07757
0.07715
0.07673
0.07631
0.0759
0.07548
0.07507
0.07466
0.07426
0.07386
0.07346
0.07306
0.07267
0.07228
0.07189
0.07151
0.07113
0.07075
0.07038
0.07001
0.06965
0.06928
0.06892
0.06857
0.06821
0.06786
0.06751
0.06716
0.06682
0.06647
0.06613
0.06579
0.06546
0.06512
0.06479
0.06445
0.06412
0.06379
0.06346
0.06313
0.0628
0.06248
0.06215
0.06182
0.0615
0.06117
0.06084
0.06051
0.06019
0.05986
0.05953
0.05921
0.05888
0.05856
0.05823
0.05791
0.05758
0.05725
0.05693
0.05661
0.05629
0.05597
0.05566
0.05534
0.05504
0.05473
0.05442
0.05412
0.05383
0.05354
0.05325
0.05297
0.05269
0.05242
0.05216
0.0519
0.05165
0.0514
0.05116
0.05093
0.0507
0.05047
0.05026
0.05005
0.04984
0.04964
0.04945
0.04926
0.04907
0.04889
0.04871
0.04854
0.04837
0.0482
0.04804
0.04788
0.04772
0.04756
0.04741
0.04726
0.0471
0.04696
0.04681
0.04667
0.04652
0.04638
0.04624
0.0461
0.04597
0.04584
0.04571
0.04558
0.04546
0.04534
0.04522
0.0451
0.04499
0.04488
0.04477
0.04467
0.04457
0.04447
0.04437
0.04428
0.0442
0.04411
0.04402
0.04394
0.04386
0.04378
0.0437
0.04363
0.04355
0.04347
0.0434
0.04333
0.04325
0.04317
0.0431
0.04302
0.04295
0.04287
0.04279
0.04271
0.04263
0.04256
0.04247
0.04239
0.04231
0.04222
0.04213
0.04205
0.04196
0.04188
0.04179
0.0417
0.04161
0.04152
0.04143
0.04134
0.04125
0.04116
0.04107
0.04097
0.04087
0.04078
0.04068
0.04058
0.04048
0.04038
0.04027
0.04017
0.04006
0.03995
0.03983
0.03971
0.03959
0.03947
0.03934
0.03921
0.03907
0.03894
0.0388
0.03865
0.0385
0.03835
0.03819
0.03804
0.03787
0.03771
0.03754
0.03737
0.0372
0.03703
0.03685
0.03667
0.03649
0.03631
0.03612
0.03594
0.03575
0.03556
0.03537
0.03518
0.03499
0.0348
0.0346
0.03441
0.03421
0.03402
0.03381
0.03361
0.03341
0.03321
0.033
0.03279
0.03258
0.03236
0.03215
0.03193
0.03171
0.03148
0.03125
0.03103
0.03079
0.03056
0.03032
0.03008
0.02984
0.0296
0.02935
0.02911
0.02886
0.02861
0.02837
0.02812
0.02788
0.02763
0.02739
0.02715
0.02691
0.02668
0.02644
0.02622
0.02599
0.02577
0.02555
0.02534
0.02513
0.02493
0.02473
0.02454
0.02435
0.02417
0.02398
0.02381
0.02364
0.02347
0.02331
0.02315
0.02299
0.02284
0.02269
0.02254
0.02239
0.02225
0.02211
0.02197
0.02183
0.02169
0.02155
0.02142
0.02128
0.02115
0.02101
0.02088
0.02075
0.02062
0.02049
0.02036
0.02024
0.02011
0.01999
0.01986
0.01974
0.01963
0.0195
0.01939
0.01928
0.01917
0.01905
0.01895
0.01884
0.01874
0.01863
0.01854
0.01843
0.01834
0.01824
0.01815
0.01805
0.01796
0.01787
0.01778
0.01768
0.0176
0.0175
0.01741
0.01732
0.01723
0.01713
0.01704
0.01694
0.01685
0.01675
0.01666
0.01656
0.01646
0.01636
0.01626
0.01616
0.01606
0.01596
0.01586
0.01575
0.01566
0.01556
0.01546
0.01535
0.01525
0.01516
0.01507
0.01497
0.01488
0.01478
0.0147
0.01461
0.01452
0.01443
0.01435
0.01426
0.01419
0.01411
0.01403
0.01395
0.01388
0.01381
0.01374
0.01367
0.0136
0.01353
0.01347
0.01341
0.01335
0.01329
0.01323
0.01317
0.01312
0.01306
0.01301
0.01296
0.01292
0.01288
0.01284
0.0128
0.01277
0.01273
0.01271
0.01269
0.01267
0.01265
0.01264
0.01263
0.01263
0.01262
0.01262
0.01263
0.01264
0.01265
0.01267
0.01269
0.01271
0.01273
0.01276
0.01279
0.01282
0.01284
0.01288
0.0129
0.01294
0.01297
0.01299
0.01302
0.01305
0.01307
0.01309
0.01312
0.01314
0.01315
0.01316
0.01317
0.01318
0.01318
0.01319
0.01318
0.01318
0.01318
0.01317
0.01315
0.01314
0.01312
0.01311
0.01309
0.01307
0.01304
0.01303
0.01299
0.01297
0.01294
0.01291
0.01288
0.01285
0.01282
0.01278
0.01274
0.01271
0.01267
0.01263
0.01259
0.01255
0.0125
0.01246
0.01241
0.01237
0.01231
0.01226
0.01221
0.01216
0.0121
0.01204
0.01198
0.01192
0.01186
0.01181
0.01174
0.01169
0.01162
0.01156
0.01149
0.01144
0.01137
0.01131
0.01124
0.01119
0.01112
0.01107
0.011
0.01095
0.01089
0.01083
0.01078
0.01073
0.01067
0.01062
0.01057
0.01052
0.01047
0.01042
0.01037
0.01033
0.01028
0.01024
0.01019
0.01015
0.01011
0.01007
0.01003
0.01
0.00996
0.00993
0.00989
0.00987
0.00984
0.00981
0.00979
0.00977
0.00975
0.00973
0.00971
0.0097
0.00969
0.00968
0.00967
0.00966
0.00965
0.00965
0.00965
0.00965
0.00964
0.00965
0.00964
0.00965
0.00965
0.00966
0.00966
0.00966
0.00966
0.00967
0.00967
0.00968
0.00968
0.00969
0.0097
0.00971
0.00971
0.00972
0.00973
0.00975
0.00975
0.00977
0.00978
0.0098
0.00982
0.00984
0.00986
0.00989
0.00991
0.00994
0.00997
0.01
0.01003
0.01006
0.01009
0.01013
0.01016
0.01019
0.01022
0.01025
0.01028
0.01031
0.01034
0.01036
0.01038
0.01041
0.01042
0.01044
0.01045
0.01046
0.01047
0.01048
0.01048
0.01048
0.01047
0.01047
0.01046
0.01045
0.01044
0.01043
0.01041
0.0104
0.01037
0.01036
0.01033
0.01032
0.01029
0.01027
0.01024
0.01021
0.01018
0.01015
0.01012
0.01009
0.01005
0.01001
0.00997
0.00993
0.00988
0.00984
0.00978
0.00973
0.00967
0.00961
0.00955
0.00948
0.00941
0.00933
0.00925
0.00917
0.00909
0.009
0.00891
0.00882
0.00872
0.00863
0.00853
0.00843
0.00832
0.00823
0.00812
0.00802
0.00792
0.00781
0.00771
0.00761
0.0075
0.00741
0.0073
0.00721
0.0071
0.00701
0.00691
0.00682
0.00672
0.00663
0.00654
0.00645
0.00635
0.00626
0.00617
0.00609
0.006
0.00591
0.00582
0.00574
0.00565
0.00557
0.00548
0.0054
0.00531
0.00524
0.00516
0.00508
0.005
0.00492
0.00485
0.00479
0.00472
0.00466
0.00459
0.00454
0.00448
0.00443
0.00437
0.00433
0.00428
0.00424
0.0042
0.00416
0.00412
0.00408
0.00404
0.00401
0.00397
0.00394
0.00389
0.00386
0.00381
0.00378
0.00372
0.00368
0.00363
0.00358
0.00352
0.00347
0.00341
0.00334
0.00328
0.00322
0.00315
0.00308
0.00301
0.00294
0.00287
0.00281
0.00274
0.00268
0.00261
0.00256
0.0025
0.00245
0.0024
0.00235
0.00232
0.00229
0.00227
0.00225
0.00223
0.00223
0.00223
0.00223
0.00224
0.00226
0.00228
0.00231
0.00234
0.00237
0.00241
0.00244
0.00249
0.00253
0.00258
0.00263
0.00267
0.00272
0.00276
0.00281
0.00285
0.00289
0.00293
0.00298
0.00301
0.00305
0.00308
0.00311
0.00315
0.00318
0.00321
0.00324
0.00326
0.0033
0.00332
0.00335
0.00337
0.00341
0.00343
0.00347
0.00349
0.00352
0.00356
0.00359
0.00363
0.00367
0.0037
0.00375
0.00378
0.00383
0.00387
0.00392
0.00396
0.00401
0.00405
0.00411
0.00415
0.0042
0.00424
0.00429
0.00434
0.00439
0.00444
0.00449
0.00453
0.00458
0.00462
0.00467
0.00471
0.00476
0.0048
0.00485
0.00489
0.00494
0.00498
0.00503
0.00507
0.00512
0.00517
0.00521
0.00525
0.0053
0.00534
0.00539
0.00544
0.00548
0.00552
0.00557
0.00561
0.00565
0.00569
0.00572
0.00576
0.0058
0.00583
0.00586
0.00588
0.00591
0.00593
0.00595
0.00596
0.00598
0.00598
0.006
0.00599
0.00599
0.00598
0.00597
0.00596
0.00595
0.00593
0.00591
0.00588
0.00585
0.00582
0.00579
0.00575
0.00571
0.00566
0.00563
0.00558
0.00553
0.00548
0.00543
0.00538
0.00534
0.00529
0.00524
0.00519
0.00514
0.00509
0.00505
0.00499
0.00495
0.00489
0.00486
0.00481
0.00476
0.00471
0.00467
0.00462
0.00458
0.00453
0.00449
0.00443
0.00439
0.00433
0.00429
0.00422
0.00417
0.0041
0.00405
0.00398
0.00391
0.00383
0.00375
0.00368
0.00359
0.0035
0.00342
0.00331
0.00322
0.00311
0.00301
0.00289
0.00278
0.00266
0.00255
0.00243
0.0023
0.00218
0.00205
0.00193
0.0018
0.00167
0.00155
0.00142
0.0013
0.00117
0.00106
0.00093
0.00082
0.0007
0.00059
0.00048
0.00037
0.00026
0.00016
6e-05
-3e-05
-0.00013
-0.00021
-0.00031
-0.00039
-0.00047
-0.00055
-0.00064
-0.00071
-0.0008
-0.00087
-0.00095
-0.00103
-0.0011
-0.00118
-0.00126
-0.00133
-0.00141
-0.00149
-0.00158
-0.00166
-0.00174
-0.00182
-0.00191
-0.002
-0.00209
-0.00217
-0.00226
-0.00235
-0.00244
-0.00253
-0.00262
-0.0027
-0.00278
-0.00286
-0.00295
-0.00303
-0.00311
-0.00317
-0.00325
-0.00331
-0.00338
-0.00342
-0.00348
-0.00353
-0.00357
-0.00362
-0.00365
-0.00367
-0.0037
-0.00371
-0.00373
-0.00374
-0.00374
-0.00374
-0.00374
-0.00373
-0.00372
-0.00369
-0.00367
-0.00365
-0.00363
-0.00359
-0.00356
-0.00352
-0.00348
-0.00343
-0.0034
-0.00334
-0.00329
-0.00323
-0.00318
-0.00312
-0.00306
-0.00299
-0.00292
-0.00285
-0.00278
-0.0027
-0.00262
-0.00253
-0.00244
-0.00234
-0.00225
-0.00214
-0.00204
-0.00193
-0.00182
-0.0017
-0.00158
-0.00145
-0.00132
-0.00119
-0.00106
-0.00093
-0.00078
-0.00064
-0.0005
-0.00034
-0.0002
-5e-05
0.0001
0.00025
0.0004
0.00055
0.0007
0.00086
0.001
0.00115
0.00129
0.00143
0.00158
0.00172
0.00185
0.00199
0.00211
0.00224
0.00236
0.00248
0.00259
0.00271
0.00281
0.00292
0.00301
0.00311
0.0032
0.00329
0.00337
0.00345
0.00352
0.0036
0.00366
0.00373
0.00379
0.00385
0.0039
0.00396
0.004
0.00406
0.0041
0.00414
0.00418
0.00421
0.00425
0.00428
0.00431
0.00435
0.00437
0.0044
0.00442
0.00445
0.00446
0.00449
0.0045
0.00452
0.00453
0.00455
0.00456
0.00457
0.00458
0.00459
0.00459
0.0046
0.0046
0.0046
0.0046
0.0046
0.00459
0.00459
0.00458
0.00458
0.00457
0.00457
0.00456
0.00454
0.00454
0.00453
0.00451
0.00451
0.00449
0.00448
0.00447
0.00446
0.00444
0.00444
0.00442
0.00442
0.0044
0.00439
0.00438
0.00436
0.00435
0.00434
0.00433
0.00432
0.0043
0.00429
0.00427
0.00426
0.00424
0.00422
0.00419
0.00418
0.00415
0.00412
0.00409
0.00405
0.00402
0.00398
0.00394
0.0039
0.00385
0.00381
0.00375
0.00371
0.00364
0.00359
0.00353
0.00348
0.00341
0.00335
0.00328
0.00322
0.00316
0.00309
0.00302
0.00296
0.00289
0.00283
0.00276
0.00271
0.00264
0.00258
0.00251
0.00246
0.00239
0.00233
0.00227
0.00221
0.00216
0.0021
0.00205
0.002
0.00193
0.00188
0.00182
0.00177
0.00171
0.00166
0.0016
0.00155
0.00148
0.00143
0.00136
0.0013
0.00124
0.00118
0.00112
0.00106
0.00098
0.00093
0.00085
0.0008
0.00072
0.00066
0.00059
0.00053
0.00046
0.00039
0.00033
0.00026
0.0002
0.00014
8e-05
2e-05
-4e-05
-9e-05
-0.00016
-0.00021
-0.00027
-0.00032
-0.00038
-0.00042
-0.00047
-0.00052
-0.00057
-0.00062
-0.00067
-0.00071
-0.00076
-0.0008
-0.00085
-0.00089
-0.00093
-0.00097
-0.00101
-0.00105
-0.00109
-0.00112
-0.00116
-0.00119
-0.00122
-0.00125
-0.00128
-0.0013
-0.00132
-0.00134
-0.00136
-0.00137
-0.00138
-0.00138
-0.00139
-0.00139
-0.00139
-0.00137
-0.00137
-0.00135
-0.00134
-0.00132
-0.00129
-0.00126
-0.00123
-0.00119
-0.00116
-0.00112
-0.00108
-0.00103
-0.00099
-0.00094
-0.00089
-0.00083
-0.00078
-0.00072
-0.00066
-0.0006
-0.00054
-0.00047
-0.00041
-0.00033
-0.00027
-0.00019
-0.00012
-4e-05
4e-05
0.00012
0.0002
0.00029
0.00038
0.00047
0.00056
0.00065
0.00075
0.00085
0.00095
0.00105
0.00114
0.00125
0.00135
0.00147
0.00157
0.00168
0.00178
0.00189
0.00199
0.0021
0.0022
0.0023
0.0024
0.0025
0.0026
0.0027
0.00279
0.00289
0.00297
0.00307
0.00315
0.00323
0.00331
0.00339
0.00347
0.00354
0.00361
0.00368
0.00375
0.00381
0.00387
0.00394
0.00398
0.00405
0.00409
0.00414
0.00419
0.00423
0.00426
0.00431
0.00434
0.00437
0.00439
0.00441
0.00444
0.00445
0.00446
0.00448
0.00447
0.00448
0.00447
0.00447
0.00446
0.00445
0.00442
0.00441
0.00438
0.00435
0.00432
0.00429
0.00425
0.00422
0.00418
0.00414
0.00409
0.00405
0.00399
0.00395
0.00389
0.00385
0.00379
0.00375
0.00369
0.00364
0.00358
0.00352
0.00347
0.00342
0.00336
0.00331
0.00325
0.0032
0.00314
0.00309
0.00303
0.00298
0.00292
0.00287
0.00281
0.00276
0.0027
0.00264
0.00259
0.00254
0.00249
0.00244
0.00238
0.00233
0.00228
0.00223
0.00218
0.00213
0.00208
0.00205
0.002
0.00196
0.00191
0.00187
0.00183
0.0018
0.00176
0.00173
0.00169
0.00167
0.00163
0.00161
0.00157
0.00155
0.00152
0.0015
0.00147
0.00144
0.00141
0.00139
0.00136
0.00134
0.00132
0.0013
0.00126
0.00124
0.00122
0.0012
0.00117
0.00115
0.00112
0.00111
0.00108
0.00107
0.00105
0.00103
0.00101
0.001
0.00099
0.00099
0.00097
0.00098
0.00097
0.00098
0.00097
0.00098
0.00098
0.001
0.00101
0.00102
0.00103
0.00104
0.00106
0.00108
0.00109
0.00111
0.00112
0.00114
0.00115
0.00117
0.00117
0.00118
0.00118
0.00119
0.00119
0.00119
0.00118
0.00116
0.00115
0.00113
0.00111
0.00109
0.00106
0.00103
0.00099
0.00096
0.00091
0.00087
0.00083
0.00079
0.00073
0.00068
0.00063
0.00058
0.00053
0.00048
0.00042
0.00037
0.00031
0.00026
0.00021
0.00016
0.0001
5e-05
-1e-05
-6e-05
-0.00012
-0.00017
-0.00023
-0.00029
-0.00035
-0.0004
-0.00046
-0.00052
-0.00059
-0.00065
-0.00072
-0.00079
-0.00086
-0.00093
-0.00101
-0.00108
-0.00115
-0.00123
-0.00131
-0.00139
-0.00146
-0.00153
-0.00161
-0.00168
-0.00176
-0.00182
-0.00189
-0.00195
-0.00202
-0.00208
-0.00214
-0.00218
-0.00224
-0.00228
-0.00232
-0.00237
-0.0024
-0.00242
-0.00245
-0.00247
-0.00249
-0.0025
-0.00252
-0.00252
-0.00253
-0.00253
-0.00253
-0.00252
-0.00252
-0.00251
-0.00251
-0.0025
-0.00248
-0.00246
-0.00245
-0.00243
-0.00242
-0.00239
-0.00238
-0.00235
-0.00233
-0.0023
-0.00229
-0.00225
-0.00223
-0.0022
-0.00217
-0.00215
-0.00211
-0.00208
-0.00204
-0.00201
-0.00198
-0.00193
-0.0019
-0.00186
-0.00182
-0.00178
-0.00174
-0.00169
-0.00165
-0.00161
-0.00157
-0.00153
-0.00149
-0.00144
-0.0014
-0.00135
-0.00131
-0.00126
-0.00122
-0.00117
-0.00114
-0.00109
-0.00105
-0.001
-0.00096
-0.00092
-0.00088
-0.00084
-0.00079
-0.00075
-0.00071
-0.00067
-0.00064
-0.00059
-0.00056
-0.00052
-0.00049
-0.00046
-0.00043
-0.0004
-0.00037
-0.00035
-0.00033
-0.00031
-0.00029
-0.00028
-0.00027
-0.00026
-0.00026
-0.00025
-0.00026
-0.00026
-0.00027
-0.00028
-0.0003
-0.00031
-0.00033
-0.00036
-0.00039
-0.00042
-0.00044
-0.00047
-0.00051
-0.00054
-0.00058
-0.00062
-0.00066
-0.00069
-0.00074
-0.00077
-0.00082
-0.00085
-0.0009
-0.00093
-0.00097
-0.00102
-0.00105
-0.00109
-0.00112
-0.00115
-0.00119
-0.00122
-0.00125
-0.00127
-0.00131
-0.00133
-0.00136
-0.00137
-0.00139
-0.00141
-0.00143
-0.00144
-0.00145
-0.00146
-0.00147
-0.00147
-0.00147
-0.00147
-0.00147
-0.00146
-0.00145
-0.00144
-0.00143
-0.0014
-0.00139
-0.00136
-0.00134
-0.00131
-0.00128
-0.00124
-0.0012
-0.00116
-0.00113
-0.00107
-0.00103
-0.00098
-0.00093
-0.00088
-0.00083
-0.00077
-0.00072
-0.00066
-0.0006
-0.00055
-0.00049
-0.00043
-0.00037
-0.00031
-0.00026
-0.0002
-0.00014
-8e-05
-4e-05
2e-05
6e-05
0.00011
0.00016
0.0002
0.00023
0.00027
0.00031
0.00034
0.00037
0.00039
0.00041
0.00044
0.00045
0.00047
0.00047
0.00049
0.00049
0.0005
0.00049
0.00049
0.00049
0.00048
0.00047
0.00046
0.00045
0.00044
0.00042
0.00041
0.00039
0.00038
0.00036
0.00034
0.00032
0.0003
0.00028
0.00025
0.00023
0.00021
0.00018
0.00016
0.00014
0.00011
8e-05
6e-05
3e-05
1e-05
-2e-05
-5e-05
-8e-05
-0.0001
-0.00014
-0.00016
-0.0002
-0.00023
-0.00026
-0.00029
-0.00031
-0.00034
-0.00038
-0.0004
-0.00044
-0.00046
-0.0005
-0.00052
-0.00055
-0.00057
-0.0006
-0.00063
-0.00066
-0.00068
-0.0007
-0.00072
-0.00075
-0.00077
-0.0008
-0.00081
-0.00084
-0.00086
-0.00088
-0.0009
-0.00093
-0.00094
-0.00097
-0.001
-0.00102
-0.00105
-0.00108
-0.0011
-0.00113
-0.00115
-0.00119
-0.00122
-0.00125
-0.00128
-0.00131
-0.00134
-0.00137
-0.00139
-0.00142
-0.00145
-0.00148
-0.0015
-0.00152
-0.00154
-0.00155
-0.00156
-0.00157
-0.00157
-0.00158
-0.00157
-0.00156
-0.00155
-0.00154
-0.00151
-0.00149
-0.00145
-0.00142
-0.00138
-0.00133
-0.00128
-0.00122
-0.00116
-0.00111
-0.00103
-0.00096
-0.00088
-0.00081
-0.00072
-0.00064
-0.00055
-0.00046
-0.00037
-0.00027
-0.00017
-7e-05
4e-05
0.00014
0.00025
0.00035
0.00047
0.00057
0.00069
0.0008
0.00092
0.00103
0.00115
0.00126
0.00138
0.0015
0.00161
0.00173
0.00185
0.00197
0.00209
0.0022
0.00233
0.00244
0.00256
0.00267
0.00279
0.00289
0.00301
0.00312
0.00323
0.00333
0.00343
0.00354
0.00363
0.00373
0.00383
0.00391
0.00401
0.00409
0.00418
0.00425
0.00433
0.00439
0.00447
0.00453
0.00459
0.00464
0.00469
0.00474
0.00479
0.00483
0.00487
0.0049
0.00494
0.00496
0.00499
0.005
0.00502
0.00503
0.00505
0.00505
0.00505
0.00505
0.00505
0.00505
0.00504
0.00503
0.00502
0.005
0.005
0.00498
0.00497
0.00494
0.00493
0.0049
0.00488
0.00485
0.00483
0.0048
0.00477
0.00474
0.00471
0.00468
0.00465
0.00461
0.00458
0.00453
0.00449
0.00444
0.0044
0.00434
0.00429
0.00423
0.00417
0.00411
0.00404
0.00397
0.0039
0.00382
0.00374
0.00365
0.00357
0.00348
0.00339
0.00329
0.0032
0.00309
0.003
0.00289
0.00279
0.00269
0.00258
0.00248
0.00238
0.00228
0.00218
0.00207
0.00198
0.00188
0.00179
0.00169
0.0016
0.0015
0.00142
0.00133
0.00124
0.00115
0.00107
0.00099
0.00091
0.00082
0.00075
0.00066
0.00059
0.0005
0.00043
0.00034
0.00026
0.00018
0.0001
2e-05
-6e-05
-0.00015
-0.00023
-0.00031
-0.00039
-0.00047
-0.00055
-0.00063
-0.0007
-0.00078
-0.00085
-0.00093
-0.001
-0.00107
-0.00113
-0.00119
-0.00125
-0.00131
-0.00136
-0.00141
-0.00145
-0.00149
-0.00153
-0.00157
-0.00159
-0.00163
-0.00165
-0.00168
-0.00169
-0.00171
-0.00172
-0.00174
-0.00175
-0.00176
-0.00177
-0.00178
-0.00178
-0.00179
-0.00179
-0.0018
-0.0018
-0.0018
-0.0018
-0.0018
-0.0018
-0.0018
-0.00179
-0.00179
-0.00179
-0.00178
-0.00178
-0.00177
-0.00176
-0.00175
-0.00173
-0.00172
-0.0017
-0.00168
-0.00165
-0.00164
-0.00161
-0.00158
-0.00154
-0.00151
-0.00147
-0.00143
-0.00139
-0.00134
-0.00129
-0.00124
-0.00118
-0.00113
-0.00107
-0.00101
-0.00093
-0.00087
-0.00079
-0.00072
-0.00064
-0.00056
-0.00048
-0.0004
-0.00031
-0.00022
-0.00013
-3e-05
6e-05
0.00015
0.00025
0.00035
0.00045
0.00054
0.00064
0.00073
0.00083
0.00092
0.00101
0.0011
0.00119
0.00128
0.00136
0.00145
0.00153
0.0016
0.00168
0.00175
0.00182
0.00189
0.00196
0.00201
0.00208
0.00214
0.0022
0.00226
0.00231
0.00237
0.00243
0.00248
0.00255
0.00259
0.00266
0.00271
0.00277
0.00282
0.00289
0.00294
0.00301
0.00307
0.00313
0.00319
0.00325
0.00332
0.00338
0.00344
0.00351
0.00356
0.00363
0.00368
0.00375
0.0038
0.00385
0.0039
0.00395
0.00399
0.00404
0.00407
0.00411
0.00414
0.00417
0.0042
0.00423
0.00424
0.00426
0.00427
0.00428
0.00428
0.00429
0.00429
0.00429
0.00428
0.00428
0.00426
0.00425
0.00424
0.00423
0.00421
0.00419
0.00416
0.00414
0.00412
0.0041
0.00406
0.00404
0.004
0.00397
0.00394
0.0039
0.00386
0.00382
0.00378
0.00374
0.00369
0.00365
0.0036
0.00356
0.0035
0.00346
0.0034
0.00335
0.00329
0.00324
0.00318
0.00313
0.00307
0.00301
0.00295
0.0029
0.00284
0.00279
0.00272
0.00267
0.00261
0.00256
0.00249
0.00244
0.00238
0.00233
0.00227
0.00222
0.00216
0.00211
0.00206
0.00201
0.00196
0.00191
0.00185
0.00181
0.00176
0.00172
0.00167
0.00163
0.00159
0.00155
0.00151
0.00148
0.00144
0.00141
0.00138
0.00135
0.00132
0.0013
0.00127
0.00125
0.00123
0.00122
0.0012
0.00119
0.00117
0.00116
0.00114
0.00113
0.00112
0.00111
0.0011
0.00109
0.00108
0.00107
0.00105
0.00104
0.00102
0.00101
0.00098
0.00097
0.00094
0.00093
0.0009
0.00087
0.00084
0.00081
0.00078
0.00075
0.00072
0.0007
0.00066
0.00063
0.00059
0.00057
0.00053
0.00051
0.00047
0.00046
0.00043
0.00041
0.00038
0.00036
0.00035
0.00034
0.00032
0.00032
0.00031
0.00031
0.0003
0.00031
0.0003
0.00031
0.00031
0.00032
0.00033
0.00033
0.00034
0.00035
0.00036
0.00036
0.00037
0.00038
0.00038
0.00038
0.00038
0.00039
0.00038
0.00038
0.00037
0.00037
0.00035
0.00034
0.00032
0.0003
0.00029
0.00027
0.00025
0.00023
0.00019
0.00017
0.00014
0.00012
8e-05
5e-05
1e-05
-1e-05
-5e-05
-8e-05
-0.00012
-0.00016
-0.00019
-0.00023
-0.00027
-0.0003
-0.00034
-0.00038
-0.00042
-0.00045
-0.0005
-0.00053
-0.00058
-0.00061
-0.00065
-0.00069
-0.00073
-0.00077
-0.0008
-0.00084
-0.00087
-0.00091
-0.00095
-0.00097
-0.00101
-0.00104
-0.00107
-0.0011
-0.00114
-0.00116
-0.00119
-0.00121
-0.00124
-0.00127
-0.00129
-0.00131
-0.00133
-0.00135
-0.00138
-0.0014
-0.00142
-0.00144
-0.00146
-0.00148
-0.00151
-0.00152
-0.00154
-0.00156
-0.00158
-0.00161
-0.00162
-0.00164
-0.00166
-0.00167
-0.00169
-0.00169
-0.00171
-0.00171
-0.00172
-0.00172
-0.00173
-0.00172
-0.00172
-0.00171
-0.0017
-0.00169
-0.00166
-0.00164
-0.00161
-0.00158
-0.00155
-0.00151
-0.00147
-0.00142
-0.00137
-0.00132
-0.00127
-0.0012
-0.00115
-0.00109
-0.00103
-0.00096
-0.0009
-0.00083
-0.00076
-0.00069
-0.00063
-0.00055
-0.00048
-0.00041
-0.00034
-0.00026
-0.0002
-0.00012
-5e-05
3e-05
0.0001
0.00018
0.00025
0.00033
0.00041
0.00049
0.00057
0.00065
0.00073
0.00082
0.00089
0.00098
0.00106
0.00115
0.00123
0.00132
0.0014
0.00149
0.00157
0.00166
0.00174
0.00183
0.0019
0.00198
0.00206
0.00214
0.00221
0.00229
0.00235
0.00243
0.00249
0.00255
0.00261
0.00267
0.00273
0.00279
0.00285
0.00291
0.00296
0.00301
0.00306
0.00312
0.00316
0.00322
0.00326
0.00331
0.00336
0.0034
0.00345
0.00349
0.00354
0.00358
0.00362
0.00367
0.0037
0.00375
0.00378
0.00382
0.00385
0.00389
0.00391
0.00395
0.00397
0.00399
0.00401
0.00403
0.00405
0.00407
0.00408
0.00409
0.00409
0.00411
0.00411
0.00411
0.00411
0.00411
0.0041
0.0041
0.00409
0.00408
0.00407
0.00405
0.00404
0.00403
0.00401
0.00399
0.00396
0.00395
0.00392
0.00389
0.00386
0.00383
0.00378
0.00375
0.0037
0.00366
0.00361
0.00355
0.0035
0.00344
0.00337
0.00331
0.00323
0.00316
0.00308
0.003
0.00291
0.00282
0.00273
0.00264
0.00254
0.00244
0.00233
0.00223
0.00212
0.00202
0.00191
0.00181
0.00169
0.00158
0.00147
0.00136
0.00125
0.00114
0.00102
0.00092
0.00081
0.0007
0.00059
0.00048
0.00037
0.00027
0.00016
6e-05
-5e-05
-0.00015
-0.00025
-0.00035
-0.00045
-0.00055
-0.00065
-0.00074
-0.00083
-0.00093
-0.00102
-0.00111
-0.00119
-0.00127
-0.00136
-0.00143
-0.00152
-0.00158
-0.00166
-0.00172
-0.00179
-0.00185
-0.00191
-0.00196
-0.00202
-0.00206
-0.00211
-0.00215
-0.00219
-0.00222
-0.00225
-0.00227
-0.0023
-0.00232
-0.00234
-0.00234
-0.00236
-0.00236
-0.00237
-0.00236
-0.00236
-0.00236
-0.00235
-0.00234
-0.00232
-0.0023
-0.00228
-0.00225
-0.00223
-0.00219
-0.00217
-0.00213
-0.00209
-0.00205
-0.00201
-0.00195
-0.00191
-0.00185
-0.0018
-0.00174
-0.00168
-0.00161
-0.00155
-0.00147
-0.00141
-0.00133
-0.00125
-0.00117
-0.00109
-0.00101
-0.00093
-0.00083
-0.00075
-0.00066
-0.00057
-0.00048
-0.00038
-0.00029
-0.00019
-0.0001
-1e-05
9e-05
0.00018
0.00028
0.00037
0.00046
0.00055
0.00065
0.00074
0.00083
0.00092
0.001
0.00109
0.00118
0.00127
0.00136
0.00144
0.00153
0.00161
0.00171
0.00179
0.00187
0.00195
0.00204
0.00212
0.00221
0.00229
0.00237
0.00246
0.00254
0.00262
0.00271
0.00279
0.00287
0.00295
0.00303
0.0031
0.00318
0.00325
0.00333
0.0034
0.00347
0.00354
0.0036
0.00367
0.00373
0.00379
0.00385
0.00389
0.00395
0.00399
0.00405
0.00408
0.00413
0.00416
0.0042
0.00423
0.00426
0.00429
0.00431
0.00433
0.00435
0.00437
0.00439
0.00441
0.00443
0.00444
0.00445
0.00446
0.00447
0.00448
0.00449
0.0045
0.00451
0.00451
0.00452
0.00453
0.00454
0.00454
0.00455
0.00455
0.00456
0.00456
0.00457
0.00457
0.00458
0.00458
0.00459
0.00459
0.00459
0.00459
0.00459
0.00458
0.00458
0.00458
0.00457
0.00456
0.00455
0.00454
0.00453
0.0045
0.00448
0.00445
0.00443
0.00439
0.00436
0.00432
0.00428
0.00423
0.00419
0.00413
0.00408
0.00401
0.00395
0.00388
0.00381
0.00373
0.00365
0.00356
0.00348
0.00339
0.0033
0.0032
0.00311
0.00301
0.00291
0.00281
0.00271
0.00259
0.00249
0.00238
0.00228
0.00217
0.00206
0.00195
0.00185
0.00173
0.00163
0.00151
0.00141
0.0013
0.0012
0.00109
0.00099
0.00087
0.00077
0.00067
0.00057
0.00046
0.00036
0.00026
0.00017
6e-05
-4e-05
-0.00013
-0.00023
-0.00032
-0.00041
-0.0005
-0.00059
-0.00068
-0.00076
-0.00084
-0.00092
-0.001
-0.00106
-0.00114
-0.00119
-0.00126
-0.00131
-0.00136
-0.00141
-0.00145
-0.00149
-0.00152
-0.00154
-0.00157
-0.00158
-0.0016
-0.0016
-0.00161
-0.0016
-0.0016
-0.00158
-0.00156
-0.00154
-0.00152
-0.0015
-0.00146
-0.00143
-0.00139
-0.00134
-0.00131
-0.00126
-0.00122
-0.00116
-0.00112
-0.00106
-0.00102
-0.00095
-0.0009
-0.00085
-0.00079
-0.00074
-0.00067
-0.00061
-0.00055
-0.00048
-0.00043
-0.00036
-0.00029
-0.00022
-0.00015
-8e-05
-1e-05
7e-05
0.00014
0.00022
0.0003
0.00037
0.00046
0.00055
0.00063
0.00072
0.00081
0.0009
0.00099
0.00109
0.00117
0.00127
0.00136
0.00146
0.00155
0.00165
0.00174
0.00183
0.00192
0.00202
0.00211
0.0022
0.00228
0.00237
0.00245
0.00254
0.00261
0.00269
0.00276
0.00284
0.0029
0.00297
0.00303
0.00309
0.00316
0.00321
0.00327
0.00333
0.00337
0.00342
0.00347
0.00351
0.00355
0.00359
0.00363
0.00367
0.0037
0.00373
0.00376
0.00379
0.00382
0.00384
0.00387
0.00389
0.0039
0.00393
0.00394
0.00396
0.00396
0.00398
0.00398
0.00399
0.00399
0.004
0.004
0.00399
0.00399
0.00399
0.00398
0.00398
0.00396
0.00395
0.00394
0.00393
