9.84246583548972E+02

0.00084
0.0008
0.00078
0.00074
0.00072
0.00069
0.00066
0.00062
0.00059
0.00056
0.00054
0.0005
0.00048
0.00044
0.00042
0.00039
0.00037
0.00034
0.00032
0.00029
0.00027
0.00024
0.00022
0.0002
0.00018
0.00016
0.00015
0.00013
0.00012
0.0001
0.0001
9e-05
9e-05
8e-05
8e-05
7e-05
8e-05
8e-05
9e-05
0.0001
0.00011
0.00012
0.00014
0.00016
0.00018
0.00019
0.00022
0.00024
0.00027
0.00029
0.00032
0.00035
0.00039
0.00042
0.00045
0.00048
0.00052
0.00056
0.00059
0.00063
0.00068
0.00071
0.00075
0.00079
0.00083
0.00087
0.00091
0.00095
0.001
0.00104
0.00108
0.00113
0.00117
0.00122
0.00127
0.00132
0.00137
0.00141
0.00147
0.00151
0.00157
0.00162
0.00168
0.00173
0.0018
0.00185
0.00191
0.00197
0.00202
0.00208
0.00214
0.0022
0.00227
0.00232
0.00238
0.00243
0.00249
0.00254
0.0026
0.00264
0.00269
0.00273
0.00278
0.00281
0.00284
0.00287
0.0029
0.00293
0.00295
0.00296
0.00297
0.00297
0.00298
0.00297
0.00297
0.00296
0.00295
0.00293
0.00291
0.00288
0.00285
0.00282
0.00278
0.00275
0.00271
0.00266
0.00262
0.00257
0.00252
0.00247
0.00242
0.00236
0.00231
0.00225
0.0022
0.00214
0.00208
0.00202
0.00196
0.00191
0.00185
0.00179
0.00173
0.00167
0.00162
0.00156
0.00151
0.00145
0.0014
0.00134
0.0013
0.00124
0.00119
0.00115
0.00111
0.00107
0.00103
0.00099
0.00096
0.00092
0.0009
0.00087
0.00085
0.00082
0.00081
0.00079
0.00078
0.00077
0.00076
0.00076
0.00076
0.00076
0.00077
0.00077
0.00079
0.00079
0.00081
0.00082
0.00084
0.00086
0.00088
0.0009
0.00093
0.00095
0.00097
0.001
0.00103
0.00106
0.00109
0.00111
0.00115
0.00117
0.00121
0.00124
0.00127
0.0013
0.00134
0.00137
0.0014
0.00143
0.00146
0.0015
0.00154
0.00157
0.00161
0.00163
0.00167
0.0017
0.00173
0.00176
0.00179
0.00181
0.00184
0.00186
0.00189
0.00191
0.00193
0.00194
0.00196
0.00198
0.00199
0.00199
0.00201
0.00201
0.00202
0.00202
0.00202
0.00202
0.00202
0.00202
0.00202
0.00201
0.002
0.002
0.00199
0.00199
0.00199
0.00197
0.00197
0.00196
0.00196
0.00195
0.00194
0.00193
0.00193
0.00192
0.00192
0.00191
0.0019
0.00189
0.00189
0.00188
0.00187
0.00186
0.00185
0.00183
0.00183
0.00181
0.00179
0.00177
0.00176
0.00173
0.00171
0.00168
0.00166
0.00163
0.0016
0.00157
0.00155
0.00151
0.00148
0.00144
0.00142
0.00137
0.00134
0.0013
0.00128
0.00124
0.0012
0.00117
0.00113
0.0011
0.00107
0.00104
0.00101
0.00098
0.00096
0.00093
0.00091
0.00088
0.00087
0.00084
0.00083
0.00081
0.0008
0.00078
0.00077
0.00076
0.00075
0.00074
0.00074
0.00073
0.00073
0.00072
0.00072
0.00071
0.00071
0.0007
0.0007
0.0007
0.00069
0.00069
0.00068
0.00067
0.00067
0.00066
0.00066
0.00064
0.00064
0.00063
0.00062
0.00061
0.00061
0.00059
0.00059
0.00058
0.00058
0.00057
0.00056
0.00056
0.00057
0.00057
0.00058
0.00058
0.00059
0.0006
0.00062
0.00063
0.00066
0.00068
0.00071
0.00074
0.00077
0.00081
0.00085
0.00089
0.00094
0.00098
0.00103
0.00107
0.00112
0.00117
0.00122
0.00126
0.00132
0.00136
0.00141
0.00145
0.00149
0.00153
0.00157
0.0016
0.00163
0.00167
0.0017
0.00171
0.00174
0.00176
0.00178
0.00179
0.00181
0.00182
0.00183
0.00184
0.00185
0.00185
0.00185
0.00186
0.00187
0.00187
0.00188
0.00187
0.00188
0.00188
0.00189
0.00188
0.00189
0.00188
0.00189
0.00188
0.00188
0.00187
0.00186
0.00185
0.00184
0.00183
0.00182
0.00179
0.00178
0.00175
0.00173
0.00169
0.00166
0.00162
0.00159
0.00155
0.00151
0.00146
0.00142
0.00137
0.00132
0.00128
0.00123
0.00118
0.00113
0.00108
0.00104
0.00099
0.00095
0.0009
0.00087
0.00083
0.00079
0.00075
0.00072
0.0007
0.00068
0.00066
0.00064
0.00062
0.00061
0.0006
0.0006
0.00059
0.00059
0.00058
0.0006
0.0006
0.00061
0.00062
0.00063
0.00065
0.00067
0.00069
0.00071
0.00073
0.00076
0.00079
0.00082
0.00085
0.00089
0.00092
0.00096
0.001
0.00104
0.00108
0.00113
0.00118
0.00123
0.00128
0.00133
0.00138
0.00144
0.00149
0.00155
0.0016
0.00167
0.00172
0.00179
0.00184
0.0019
0.00195
0.00201
0.00207
0.00213
0.00219
0.00224
0.00229
0.00235
0.0024
0.00245
0.00249
0.00255
0.00259
0.00264
0.00268
0.00272
0.00275
0.00279
0.00282
0.00285
0.00288
0.00291
0.00293
0.00295
0.00297
0.00299
0.00299
0.003
0.003
0.00301
0.00301
0.003
0.00299
0.00298
0.00296
0.00295
0.00293
0.0029
0.00287
0.00284
0.0028
0.00277
0.00272
0.00268
0.00263
0.00259
0.00253
0.00248
0.00242
0.00236
0.00231
0.00225
0.00219
0.00213
0.00206
0.002
0.00193
0.00187
0.0018
0.00173
0.00166
0.00159
0.00152
0.00145
0.00137
0.0013
0.00122
0.00114
0.00107
0.00099
0.0009
0.00083
0.00074
0.00066
0.00057
0.00049
0.00039
0.00031
0.00022
0.00013
4e-05
-5e-05
-0.00014
-0.00023
-0.00032
-0.0004
-0.0005
-0.00058
-0.00067
-0.00075
-0.00084
-0.00092
-0.001
-0.00107
-0.00115
-0.00122
-0.00129
-0.00136
-0.00142
-0.00148
-0.00154
-0.00159
-0.00165
-0.00169
-0.00174
-0.00178
-0.00182
-0.00185
-0.00189
-0.00191
-0.00194
-0.00196
-0.00199
-0.002
-0.00202
-0.00203
-0.00203
-0.00204
-0.00205
-0.00204
-0.00205
-0.00204
-0.00204
-0.00203
-0.00203
-0.00201
-0.002
-0.00199
-0.00198
-0.00196
-0.00194
-0.00192
-0.0019
-0.00188
-0.00187
-0.00184
-0.00182
-0.00179
-0.00177
-0.00175
-0.00173
-0.0017
-0.00168
-0.00166
-0.00164
-0.00161
-0.00159
-0.00156
-0.00154
-0.00151
-0.0015
-0.00147
-0.00145
-0.00142
-0.00141
-0.00138
-0.00137
-0.00134
-0.00132
-0.0013
-0.00129
-0.00127
-0.00125
-0.00123
-0.00121
-0.00119
-0.00118
-0.00116
-0.00114
-0.00112
-0.00111
-0.00109
-0.00108
-0.00106
-0.00105
-0.00104
-0.00103
-0.00102
-0.00101
-0.001
-0.00099
-0.00097
-0.00097
-0.00095
-0.00095
-0.00094
-0.00093
-0.00092
-0.00092
-0.00091
-0.00091
-0.00091
-0.0009
-0.0009
-0.0009
-0.0009
-0.0009
-0.00089
-0.0009
-0.0009
-0.0009
-0.0009
-0.00091
-0.00091
-0.00093
-0.00093
-0.00094
-0.00094
-0.00095
-0.00096
-0.00097
-0.00098
-0.00099
-0.00099
-0.00101
-0.00101
-0.00102
-0.00102
-0.00104
-0.00104
-0.00105
-0.00104
-0.00105
-0.00105
-0.00105
-0.00105
-0.00104
-0.00103
-0.00102
-0.00101
-0.001
-0.00099
-0.00097
-0.00095
-0.00094
-0.00091
-0.0009
-0.00087
-0.00085
-0.00082
-0.0008
-0.00077
-0.00074
-0.00071
-0.00068
-0.00064
-0.00061
-0.00057
-0.00054
-0.0005
-0.00046
-0.00042
-0.00038
-0.00033
-0.00028
-0.00024
-0.00019
-0.00014
-8e-05
-2e-05
4e-05
0.00011
0.00017
0.00024
0.00031
0.00038
0.00046
0.00054
0.00061
0.0007
0.00079
0.00088
0.00097
0.00107
0.00117
0.00127
0.00137
0.00149
0.00159
0.00171
0.00183
0.00195
0.00207
0.0022
0.00232
0.00246
0.00259
0.00272
0.00286
0.003
0.00315
0.0033
0.00345
0.0036
0.00374
0.0039
0.00405
0.00421
0.00436
0.00452
0.00467
0.00483
0.00497
0.00512
0.00527
0.00541
0.00555
0.00569
0.00582
0.00595
0.00607
0.00619
0.0063
0.00641
0.0065
0.00659
0.00668
0.00676
0.00683
0.00689
0.00695
0.007
0.00705
0.00709
0.00712
0.00715
0.00716
0.00719
0.00719
0.00721
0.00721
0.00721
0.0072
0.0072
0.00719
0.00718
0.00717
0.00715
0.00714
0.00713
0.00712
0.00711
0.00709
0.00708
0.00707
0.00707
0.00706
0.00705
0.00705
0.00705
0.00705
0.00706
0.00707
0.00708
0.0071
0.00712
0.00715
0.00718
0.00722
0.00726
0.00731
0.00737
0.00744
0.00751
0.00759
0.00769
0.00779
0.00789
0.00801
0.00814
0.00828
0.00843
0.00859
0.00877
0.00895
0.00915
0.00935
0.00958
0.00981
0.01005
0.0103
0.01057
0.01085
0.01113
0.01143
0.01174
0.01206
0.0124
0.01274
0.0131
0.01346
0.01383
0.01421
0.01461
0.01502
0.01543
0.01585
0.0163
0.01674
0.01719
0.01766
0.01813
0.01862
0.01911
0.01962
0.02013
0.02066
0.02119
0.02173
0.02229
0.02286
0.02343
0.02401
0.0246
0.0252
0.02581
0.02642
0.02704
0.02767
0.02831
0.02895
0.0296
0.03025
0.03091
0.03156
0.03223
0.0329
0.03357
0.03424
0.03492
0.03559
0.03627
0.03695
0.03762
0.0383
0.03898
0.03966
0.04034
0.04102
0.0417
0.04237
0.04305
0.04372
0.04439
0.04507
0.04574
0.04641
0.04707
0.04774
0.0484
0.04907
0.04972
0.05038
0.05104
0.05169
0.05233
0.05298
0.05362
0.05426
0.05489
0.05552
0.05614
0.05676
0.05738
0.05799
0.05859
0.05919
0.05979
0.06037
0.06095
0.06153
0.0621
0.06265
0.06321
0.06376
0.0643
0.06483
0.06536
0.06588
0.06639
0.06689
0.06739
0.06788
0.06836
0.06884
0.06931
0.06976
0.07021
0.07065
0.07109
0.07152
0.07193
0.07234
0.07275
0.07314
0.07352
0.0739
0.07426
0.07462
0.07497
0.07531
0.07564
0.07597
0.07628
0.07658
0.07688
0.07717
0.07745
0.07772
0.07799
0.07824
0.07849
0.07873
0.07897
0.0792
0.07942
0.07963
0.07984
0.08004
0.08023
0.08042
0.0806
0.08078
0.08095
0.08112
0.08128
0.08144
0.08159
0.08174
0.08189
0.08203
0.08216
0.08229
0.08242
0.08255
0.08267
0.08278
0.0829
0.08301
0.08312
0.08322
0.08333
0.08343
0.08353
0.08363
0.08372
0.08382
0.08391
0.084
0.08409
0.08418
0.08426
0.08435
0.08443
0.08452
0.0846
0.08468
0.08476
0.08484
0.08492
0.08499
0.08507
0.08514
0.08521
0.08527
0.08534
0.0854
0.08546
0.08551
0.08556
0.08561
0.08566
0.0857
0.08573
0.08576
0.08578
0.0858
0.08582
0.08582
0.08582
0.08582
0.08581
0.08579
0.08576
0.08573
0.08569
0.08565
0.0856
0.08555
0.08548
0.08542
0.08534
0.08526
0.08518
0.08509
0.08499
0.08489
0.08478
0.08467
0.08455
0.08443
0.0843
0.08417
0.08404
0.0839
0.08376
0.08361
0.08346
0.08331
0.08315
0.08298
0.08282
0.08265
0.08248
0.0823
0.08212
0.08194
0.08175
0.08157
0.08138
0.08119
0.08099
0.08079
0.0806
0.08039
0.0802
0.07999
0.07979
0.07958
0.07938
0.07917
0.07896
0.07876
0.07855
0.07834
0.07814
0.07794
0.07773
0.07752
0.07732
0.07712
0.07692
0.07671
0.07651
0.07631
0.07611
0.07591
0.0757
0.0755
0.0753
0.0751
0.0749
0.07469
0.07449
0.07428
0.07408
0.07386
0.07366
0.07344
0.07323
0.07301
0.07279
0.07257
0.07234
0.07212
0.07189
0.07166
0.07143
0.0712
0.07096
0.07072
0.07049
0.07025
0.07001
0.06977
0.06953
0.06929
0.06904
0.0688
0.06856
0.06832
0.06808
0.06784
0.0676
0.06736
0.06713
0.06689
0.06666
0.06643
0.06619
0.06596
0.06573
0.0655
0.06527
0.06505
0.06482
0.06459
0.06437
0.06414
0.06392
0.06369
0.06346
0.06324
0.06301
0.06279
0.06256
0.06233
0.06211
0.06188
0.06166
0.06143
0.0612
0.06098
0.06075
0.06053
0.06031
0.06008
0.05986
0.05964
0.05943
0.05921
0.05899
0.05878
0.05857
0.05836
0.05815
0.05794
0.05774
0.05754
0.05734
0.05714
0.05694
0.05675
0.05656
0.05637
0.05618
0.05599
0.05581
0.05562
0.05544
0.05526
0.05508
0.05489
0.05471
0.05454
0.05436
0.05418
0.054
0.05382
0.05364
0.05346
0.05328
0.0531
0.05292
0.05274
0.05256
0.05238
0.0522
0.05201
0.05183
0.05165
0.05146
0.05128
0.05109
0.05091
0.05072
0.05053
0.05034
0.05014
0.04995
0.04975
0.04956
0.04936
0.04916
0.04895
0.04874
0.04854
0.04833
0.04811
0.0479
0.04768
0.04746
0.04724
0.04702
0.04679
0.04656
0.04633
0.0461
0.04587
0.04563
0.04539
0.04516
0.04493
0.04469
0.04445
0.04422
0.04398
0.04374
0.04351
0.04328
0.04304
0.04281
0.04258
0.04236
0.04214
0.04192
0.04169
0.04148
0.04126
0.04106
0.04085
0.04064
0.04044
0.04024
0.04005
0.03986
0.03967
0.03948
0.0393
0.03912
0.03895
0.03878
0.03861
0.03844
0.03828
0.03812
0.03797
0.03782
0.03767
0.03753
0.03739
0.03725
0.03712
0.03699
0.03686
0.03674
0.03662
0.0365
0.03639
0.03628
0.03617
0.03607
0.03596
0.03586
0.03576
0.03566
0.03556
0.03547
0.03537
0.03528
0.03518
0.03509
0.03499
0.0349
0.0348
0.03471
0.03461
0.03451
0.03441
0.03431
0.0342
0.03409
0.03399
0.03388
0.03376
0.03365
0.03354
0.03342
0.0333
0.03318
0.03305
0.03293
0.0328
0.03267
0.03253
0.03239
0.03225
0.03212
0.03197
0.03183
0.03168
0.03152
0.03137
0.03121
0.03106
0.03089
0.03073
0.03056
0.03039
0.03022
0.03004
0.02986
0.02967
0.02949
0.0293
0.02911
0.02892
0.02873
0.02853
0.02834
0.02814
0.02794
0.02774
0.02754
0.02734
0.02714
0.02694
0.02675
0.02655
0.02636
0.02616
0.02597
0.02578
0.02559
0.02541
0.02523
0.02505
0.02487
0.0247
0.02453
0.02436
0.0242
0.02403
0.02387
0.02371
0.02356
0.02341
0.02326
0.02311
0.02296
0.02282
0.02268
0.02254
0.0224
0.02226
0.02213
0.022
0.02188
0.02175
0.02163
0.0215
0.02139
0.02128
0.02117
0.02106
0.02096
0.02086
0.02077
0.02068
0.0206
0.02051
0.02044
0.02037
0.02031
0.02024
0.02019
0.02013
0.02009
0.02005
0.02001
0.01998
0.01994
0.01992
0.01989
0.01987
0.01986
0.01983
0.01982
0.0198
0.01979
0.01977
0.01976
0.01974
0.01973
0.01971
0.01969
0.01967
0.01965
0.01963
0.0196
0.01958
0.01955
0.01951
0.01948
0.01944
0.0194
0.01936
0.01932
0.01927
0.01922
0.01917
0.01912
0.01907
0.01901
0.01896
0.01891
0.01885
0.01879
0.01873
0.01867
0.01861
0.01855
0.01848
0.01842
0.01835
0.01829
0.01821
0.01814
0.01807
0.01799
0.01792
0.01784
0.01776
0.01769
0.0176
0.01751
0.01742
0.01734
0.01724
0.01715
0.01705
0.01695
0.01685
0.01674
0.01663
0.01653
0.01642
0.01631
0.0162
0.01609
0.01597
0.01586
0.01574
0.01562
0.0155
0.01539
0.01527
0.01516
0.01503
0.01492
0.0148
0.01468
0.01456
0.01445
0.01433
0.01421
0.01409
0.01398
0.01386
0.01374
0.01362
0.01351
0.01339
0.01327
0.01315
0.01304
0.01292
0.0128
0.01268
0.01256
0.01244
0.01233
0.0122
0.01209
0.01197
0.01186
0.01174
0.01163
0.01151
0.01141
0.01129
0.01119
0.01108
0.01098
0.01088
0.01079
0.01069
0.01061
0.01051
0.01044
0.01036
0.01029
0.01021
0.01014
0.01008
0.01002
0.00996
0.00991
0.00985
0.0098
0.00976
0.00971
0.00967
0.00964
0.00959
0.00956
0.00952
0.00949
0.00945
0.00942
0.00938
0.00935
0.00931
0.00927
0.00923
0.00919
0.00916
0.00911
0.00907
0.00903
0.00898
0.00894
0.00889
0.00885
0.0088
0.00875
0.0087
0.00865
0.0086
0.00855
0.0085
0.00845
0.0084
0.00835
0.0083
0.00826
0.0082
0.00816
0.00811
0.00807
0.00802
0.00799
0.00794
0.00791
0.00787
0.00783
0.00779
0.00775
0.00772
0.00769
0.00765
0.00762
0.00758
0.00755
0.00752
0.00749
0.00745
0.00743
0.00739
0.00737
0.00733
0.0073
0.00727
0.00724
0.00721
0.00719
0.00716
0.00713
0.0071
0.00708
0.00705
0.00704
0.00701
0.00699
0.00697
0.00696
0.00694
0.00693
0.00691
0.0069
0.00689
0.00689
0.00688
0.00688
0.00687
0.00688
0.00688
0.00689
0.00689
0.0069
0.00691
0.00693
0.00694
0.00695
0.00697
0.00698
0.007
0.00702
0.00704
0.00707
0.00708
0.00711
0.00713
0.00716
0.00718
0.00721
0.00723
0.00726
0.00728
0.0073
0.00732
0.00734
0.00737
0.00739
0.00741
0.00743
0.00744
0.00746
0.00747
0.00749
0.00749
0.00751
0.00751
0.00752
0.00752
0.00753
0.00753
0.00752
0.00752
0.00752
0.00752
0.00752
0.0075
0.0075
0.00748
0.00748
0.00746
0.00745
0.00743
0.00743
0.00741
0.00739
0.00737
0.00736
0.00734
0.00732
0.00731
0.00729
0.00726
0.00725
0.00722
0.0072
0.00718
0.00715
0.00712
0.0071
0.00707
0.00704
0.00701
0.00697
0.00694
0.00691
0.00687
0.00684
0.00679
0.00675
0.00671
0.00667
0.00661
0.00657
0.00652
0.00648
0.00642
0.00637
0.00632
0.00627
0.00622
0.00617
0.00612
0.00607
0.00601
0.00597
0.00592
0.00587
0.00582
0.00578
0.00573
0.0057
0.00565
0.00561
0.00557
0.00553
0.00549
0.00545
0.00542
0.00538
0.00534
0.00531
0.00528
0.00525
0.00521
0.00518
0.00514
0.00511
0.00507
0.00504
0.005
0.00496
0.00493
0.00489
0.00485
0.00482
0.00477
0.00474
0.0047
0.00467
0.00463
0.00459
0.00455
0.00452
0.00448
0.00445
0.00442
0.00438
0.00435
0.00433
0.0043
0.00428
0.00424
0.00422
0.0042
0.00418
0.00416
0.00414
0.00412
0.00411
0.0041
0.00408
0.00407
0.00406
0.00405
0.00404
0.00403
0.00402
0.00401
0.004
0.00399
0.00399
0.00397
0.00396
0.00395
0.00394
0.00392
0.00391
0.00389
0.00387
0.00386
0.00384
0.00382
0.0038
0.00377
0.00375
0.00372
0.0037
0.00366
0.00363
0.0036
0.00357
0.00353
0.0035
0.00346
0.00342
0.00338
0.00335
0.00331
0.00327
0.00322
0.00318
0.00314
0.0031
0.00305
0.00301
0.00297
0.00293
0.00289
0.00285
0.00281
0.00276
0.00273
0.0027
0.00266
0.00263
0.00259
0.00257
0.00254
0.00252
0.00249
0.00247
0.00244
0.00243
0.00241
0.0024
0.00238
0.00237
0.00236
0.00236
0.00235
0.00235
0.00234
0.00234
0.00234
0.00235
0.00234
0.00235
0.00235
0.00236
0.00236
0.00237
0.00238
0.00239
0.0024
0.00242
0.00243
0.00245
0.00246
0.00248
0.00249
0.00252
0.00254
0.00256
0.00258
0.00261
0.00263
0.00266
0.00268
0.0027
0.00273
0.00276
0.00279
0.00282
0.00284
0.00287
0.00289
0.00292
0.00294
0.00297
0.00298
0.00301
0.00302
0.00304
0.00305
0.00306
0.00307
0.00308
0.00308
0.00309
0.00308
0.00309
0.00308
0.00308
0.00307
0.00307
0.00305
0.00305
0.00303
0.00302
0.003
0.00298
0.00297
0.00295
0.00294
0.00292
0.0029
0.00289
0.00287
0.00285
0.00283
0.00282
0.00279
0.00278
0.00276
0.00274
0.00272
0.0027
0.00268
0.00267
0.00264
0.00263
0.0026
0.00258
0.00256
0.00254
0.00251
0.00249
0.00246
0.00244
0.00241
0.00238
0.00235
0.00232
0.0023
0.00227
0.00224
0.00222
0.00219
0.00217
0.00214
0.00212
0.00209
0.00207
0.00204
0.00202
0.002
0.00198
0.00196
0.00194
0.00193
0.00191
0.00189
0.00188
0.00186
0.00185
0.00183
0.00182
0.0018
0.00179
0.00176
0.00175
0.00173
0.00171
0.00169
0.00167
0.00165
0.00162
0.0016
0.00158
0.00154
0.00152
0.00148
0.00146
0.00142
0.00139
0.00135
0.00132
0.00129
0.00125
0.00121
0.00118
0.00114
0.00111
0.00108
0.00105
0.00101
0.00098
0.00095
0.00093
0.0009
0.00088
0.00085
0.00083
0.00081
0.00079
0.00077
0.00075
0.00074
0.00073
0.00072
0.00071
0.00069
0.00069
0.00067
0.00067
0.00066
0.00065
0.00064
0.00064
0.00063
0.00062
0.00062
0.00061
0.00061
0.00061
0.0006
0.0006
0.0006
0.0006
0.0006
0.00061
0.00061
0.00062
0.00062
0.00064
0.00064
0.00066
0.00067
0.00069
0.00071
0.00074
0.00076
0.0008
0.00082
0.00086
0.00089
0.00094
0.00097
0.00102
0.00106
0.00111
0.00115
0.0012
0.00125
0.0013
0.00136
0.00141
0.00147
0.00153
0.00157
0.00163
0.00169
0.00175
0.0018
0.00186
0.00192
0.00198
0.00204
0.0021
0.00216
0.00222
0.00228
0.00234
0.0024
0.00247
0.00252
0.00259
0.00265
0.00272
0.00278
0.00285
0.00291
0.00298
0.00304
0.0031
0.00316
0.00322
0.00328
0.00334
0.00339
0.00345
0.00349
0.00354
0.00358
0.00363
0.00367
0.0037
0.00373
0.00376
0.00378
0.0038
0.00381
0.00382
0.00383
0.00384
0.00384
0.00383
0.00382
0.00381
0.0038
0.00378
0.00376
0.00374
0.00371
0.00369
0.00365
0.00362
0.00358
0.00355
0.00351
0.00348
0.00344
0.0034
0.00336
0.00332
0.00328
0.00324
0.00319
0.00315
0.0031
0.00306
0.003
0.00296
0.00291
0.00285
0.00281
0.00275
0.0027
0.00265
0.00259
0.00254
0.00248
0.00243
0.00236
0.00231
0.00224
0.00219
0.00212
0.00207
0.002
0.00194
0.00188
0.00182
0.00176
0.0017
0.00163
0.00158
0.00152
0.00146
0.0014
0.00134
0.00128
0.00122
0.00116
0.0011
0.00104
0.00097
0.00092
0.00085
0.00079
0.00073
0.00066
0.0006
0.00053
0.00047
0.00039
0.00033
0.00025
0.00019
0.00011
4e-05
-3e-05
-0.00011
-0.00017
-0.00025
-0.00032
-0.00038
-0.00046
-0.00052
-0.00059
-0.00065
-0.00072
-0.00078
-0.00084
-0.00088
-0.00094
-0.00099
-0.00103
-0.00107
-0.0011
-0.00113
-0.00116
-0.00118
-0.0012
-0.00121
-0.00122
-0.00121
-0.00122
-0.00121
-0.0012
-0.00118
-0.00116
-0.00114
-0.00111
-0.00108
-0.00104
-0.00099
-0.00095
-0.0009
-0.00085
-0.00079
-0.00074
-0.00067
-0.00061
-0.00054
-0.00047
-0.00039
-0.00032
-0.00025
-0.00017
-9e-05
-0.0
9e-05
0.00017
0.00027
0.00035
0.00045
0.00054
0.00064
0.00073
0.00083
0.00093
0.00103
0.00113
0.00123
0.00133
0.00143
0.00153
0.00163
0.00172
0.00182
0.00191
0.00201
0.00209
0.00218
0.00226
0.00234
0.00242
0.00249
0.00256
0.00262
0.00268
0.00273
0.00278
0.00282
0.00286
0.00289
0.00292
0.00294
0.00295
0.00297
0.00297
0.00297
0.00296
0.00296
0.00295
0.00293
0.00291
0.00288
0.00285
0.00282
0.00279
0.00276
0.00271
0.00268
0.00263
0.0026
0.00255
0.00251
0.00246
0.00242
0.00237
0.00232
0.00228
0.00223
0.00218
0.00214
0.0021
0.00206
0.00201
0.00197
0.00193
0.00189
0.00185
0.00181
0.00177
0.00174
0.00171
0.00168
0.00164
0.00162
0.00159
0.00158
0.00156
0.00155
0.00153
0.00153
0.00152
0.00152
0.00152
0.00153
0.00154
0.00156
0.00157
0.00159
0.00162
0.00165
0.00168
0.00172
0.00176
0.00181
0.00185
0.0019
0.00195
0.00201
0.00206
0.00211
0.00216
0.00223
0.00228
0.00233
0.00239
0.00244
0.0025
0.00255
0.0026
0.00266
0.0027
0.00275
0.00279
0.00284
0.00287
0.00291
0.00294
0.00299
0.00301
0.00304
0.00307
0.00309
0.00312
0.00314
0.00317
0.00319
0.0032
0.00322
0.00323
0.00324
0.00325
0.00326
0.00326
0.00327
0.00327
0.00327
0.00327
0.00326
0.00326
0.00325
0.00324
0.00323
0.00321
0.0032
0.00318
0.00316
0.00312
0.0031
0.00306
0.00303
0.00299
0.00295
0.00291
0.00286
0.00281
0.00276
0.0027
0.00265
0.00258
0.00252
0.00245
0.00239
0.00232
0.00225
0.00217
0.00211
0.00203
0.00195
0.00187
0.0018
0.00172
0.00164
0.00156
0.00149
0.00141
0.00133
0.00125
0.00118
0.0011
0.00103
0.00096
0.00089
0.00082
0.00075
0.00069
0.00062
0.00057
0.00051
0.00046
0.00041
0.00036
0.00032
0.00027
0.00024
0.0002
0.00017
0.00014
0.00012
9e-05
8e-05
6e-05
5e-05
5e-05
5e-05
5e-05
7e-05
7e-05
9e-05
0.0001
0.00013
0.00015
0.00019
0.00022
0.00026
0.0003
0.00034
0.00039
0.00044
0.00049
0.00055
0.00061
0.00068
0.00073
0.0008
0.00087
0.00094
0.001
0.00108
0.00115
0.00123
0.0013
0.00137
0.00144
0.00151
0.00158
0.00165
0.00172
0.0018
0.00185
0.00193
0.00199
0.00206
0.00211
0.00217
0.00222
0.00229
0.00234
0.00239
0.00243
0.00248
0.00252
0.00257
0.00261
0.00265
0.00268
0.00272
0.00274
0.00278
0.0028
0.00283
0.00284
0.00287
0.00288
0.00289
0.00291
0.00291
0.00292
0.00293
0.00293
0.00293
0.00292
0.00292
0.00291
0.00291
0.00289
0.00288
0.00286
0.00285
0.00283
0.0028
0.00278
0.00275
0.00273
0.0027
0.00268
0.00265
0.00261
0.00259
0.00255
0.00253
0.00249
0.00246
0.00242
0.0024
0.00236
0.00233
0.00229
0.00226
0.00223
0.00219
0.00216
0.00213
0.00209
0.00206
0.00202
0.002
0.00196
0.00193
0.00188
0.00186
0.00182
0.00178
0.00174
0.0017
0.00167
0.00163
0.00159
0.00155
0.0015
0.00146
0.00142
0.00138
0.00133
0.00129
0.00124
0.0012
0.00114
0.0011
0.00105
0.001
0.00095
0.00091
0.00086
0.00081
0.00076
0.00072
0.00067
0.00063
0.00058
0.00054
0.00049
0.00045
0.00041
0.00037
0.00033
0.0003
0.00027
0.00024
0.00021
0.00019
0.00016
0.00015
0.00013
0.00012
0.0001
0.0001
9e-05
9e-05
9e-05
9e-05
0.0001
0.00011
0.00012
0.00014
0.00016
0.00018
0.0002
0.00023
0.00025
0.00029
0.00031
0.00035
0.00037
0.00042
0.00045
0.00049
0.00052
0.00056
0.0006
0.00063
0.00067
0.00071
0.00074
0.00078
0.00081
0.00085
0.00088
0.00092
0.00095
0.00098
0.00101
0.00104
0.00107
0.00109
0.00112
0.00115
0.00117
0.0012
0.00122
0.00125
0.00127
0.0013
0.00131
0.00134
0.00136
0.00139
0.00141
0.00143
0.00145
0.00147
0.00149
0.00151
0.00154
0.00156
0.00158
0.0016
0.00162
0.00165
0.00166
0.00169
0.0017
0.00173
0.00174
0.00176
0.00177
0.00178
0.0018
0.00181
0.00182
0.00183
0.00183
0.00184
0.00184
0.00185
0.00184
0.00184
0.00183
0.00183
0.00182
0.0018
0.00179
0.00177
0.00176
0.00174
0.00172
0.00171
0.00168
0.00166
0.00164
0.00162
0.00159
0.00157
0.00154
0.00152
0.0015
0.00147
0.00145
0.00143
0.00141
0.00139
0.00137
0.00135
0.00133
0.00132
0.0013
0.00129
0.00127
0.00126
0.00125
0.00125
0.00123
0.00123
0.00122
0.00121
0.00121
0.0012
0.0012
0.0012
0.00119
0.00119
0.00119
0.00119
0.00119
0.00119
0.00118
0.00119
0.00118
0.00118
0.00118
0.00118
0.00118
0.00118
0.00118
0.00119
0.00118
0.00119
0.00119
0.00119
0.00119
0.00119
0.00119
0.0012
0.00119
0.00119
0.00119
0.00119
0.00119
0.00119
0.00119
0.0012
0.00119
0.00119
0.00119
0.00119
0.00118
0.00118
0.00117
0.00117
0.00116
0.00116
0.00115
0.00114
0.00114
0.00113
0.00113
0.00112
0.00111
0.00111
0.0011
0.0011
0.0011
0.0011
0.00109
0.0011
0.00109
0.0011
0.0011
0.0011
0.00111
0.00112
0.00113
0.00114
0.00115
0.00117
0.00118
0.0012
0.00121
0.00124
0.00125
0.00128
0.0013
0.00132
0.00135
0.00137
0.0014
0.00143
0.00146
0.0015
0.00152
0.00156
0.00159
0.00163
0.00166
0.00169
0.00172
0.00177
0.0018
0.00184
0.00187
0.00191
0.00195
0.00199
0.00203
0.00207
0.00211
0.00215
0.00219
0.00224
0.00227
0.00232
0.00235
0.0024
0.00244
0.00248
0.00251
0.00255
0.00259
0.00263
0.00267
0.0027
0.00273
0.00277
0.0028
0.00283
0.00285
0.00288
0.0029
0.00293
0.00295
0.00297
0.00298
0.003
0.00301
0.00303
0.00304
0.00306
0.00306
0.00307
0.00307
0.00308
0.00308
0.00309
0.00309
0.00309
0.00309
0.00309
0.00309
0.00309
0.00309
0.00308
0.00308
0.00308
0.00307
0.00307
0.00306
0.00305
0.00304
0.00303
0.00301
0.003
0.00299
0.00297
0.00295
0.00293
0.00291
0.00288
0.00285
0.00283
0.00279
0.00276
0.00272
0.00268
0.00263
0.00259
0.00254
0.00249
0.00244
0.00238
0.00232
0.00226
0.0022
0.00213
0.00207
0.002
0.00193
0.00186
0.00179
0.00172
0.00164
0.00157
0.00149
0.00142
0.00134
0.00127
0.0012
0.00112
0.00105
0.00098
0.00091
0.00084
0.00076
0.0007
0.00063
0.00058
0.00051
0.00045
0.00038
0.00033
0.00027
0.00022
0.00017
0.00011
7e-05
3e-05
-2e-05
-6e-05
-0.0001
-0.00013
-0.00017
-0.00019
-0.00023
-0.00025
-0.00028
-0.00029
-0.00031
-0.00032
-0.00033
-0.00034
-0.00034
-0.00034
-0.00034
-0.00033
-0.00033
-0.00032
-0.00031
-0.00029
-0.00029
-0.00027
-0.00026
-0.00024
-0.00022
-0.00021
-0.00019
-0.00018
-0.00017
-0.00015
-0.00014
-0.00013
-0.00013
-0.00013
-0.00013
-0.00013
-0.00014
-0.00014
-0.00016
-0.00017
-0.00019
-0.00021
-0.00024
-0.00027
-0.0003
-0.00033
-0.00037
-0.0004
-0.00045
-0.00049
-0.00053
-0.00057
-0.00062
-0.00066
-0.00071
-0.00074
-0.00079
-0.00083
-0.00088
-0.00092
-0.00095
-0.00099
-0.00103
-0.00106
-0.00109
-0.00112
-0.00115
-0.00117
-0.0012
-0.00122
-0.00124
-0.00125
-0.00127
-0.00129
-0.0013
-0.00131
-0.00132
-0.00132
-0.00132
-0.00132
-0.00133
-0.00132
-0.00131
-0.0013
-0.0013
-0.00128
-0.00127
-0.00125
-0.00123
-0.00121
-0.00118
-0.00115
-0.00112
-0.00108
-0.00104
-0.001
-0.00096
-0.00091
-0.00086
-0.0008
-0.00075
-0.00068
-0.00062
-0.00054
-0.00048
-0.0004
-0.00032
-0.00025
-0.00016
-7e-05
2e-05
0.00011
0.0002
0.0003
0.0004
0.0005
0.0006
0.0007
0.0008
0.00091
0.00101
0.00111
0.00121
0.00131
0.00142
0.00151
0.00161
0.00171
0.00179
0.00188
0.00196
0.00204
0.00211
0.00219
0.00224
0.00231
0.00236
0.00241
0.00245
0.00249
0.00252
0.00255
0.00257
0.00259
0.00259
0.0026
0.0026
0.0026
0.00259
0.00258
0.00255
0.00254
0.00251
0.00249
0.00246
0.00243
0.0024
0.00237
0.00233
0.0023
0.00226
0.00223
0.0022
0.00217
0.00213
0.0021
0.00207
0.00205
0.00201
0.00198
0.00195
0.00192
0.0019
0.00187
0.00185
0.00183
0.00179
0.00178
0.00175
0.00173
0.0017
0.00168
0.00166
0.00164
0.00162
0.0016
0.00158
0.00157
0.00156
0.00155
0.00154
0.00154
0.00153
0.00154
0.00154
0.00156
0.00157
0.00159
0.00161
0.00165
0.00168
0.00172
0.00176
0.00181
0.00187
0.00193
0.00199
0.00206
0.00213
0.00221
0.00228
0.00237
0.00245
0.00253
0.00261
0.00271
0.00279
0.00288
0.00296
0.00304
0.00313
0.00321
0.00329
0.00337
0.00344
0.00352
0.00358
0.00365
0.00371
0.00377
0.00382
0.00387
0.00392
0.00396
0.00399
0.00402
0.00406
0.00408
0.0041
0.00412
0.00413
0.00414
0.00414
0.00415
0.00414
0.00413
0.00411
0.0041
0.00407
0.00405
0.00401
0.00397
0.00394
0.00389
0.00384
0.0038
0.00373
0.00367
0.0036
0.00354
0.00346
0.00339
0.00331
0.00323
0.00314
0.00306
0.00297
0.00288
0.00279
0.0027
0.00261
0.00252
0.00242
0.00233
0.00223
0.00214
0.00205
0.00196
0.00187
0.00179
0.00169
0.0016
0.00152
0.00143
0.00135
0.00126
0.00118
0.0011
0.001
0.00093
0.00084
0.00076
0.00067
0.00058
0.00049
0.00041
0.00032
0.00022
0.00013
4e-05
-6e-05
-0.00015
-0.00025
-0.00034
-0.00045
-0.00055
-0.00065
-0.00075
-0.00086
-0.00095
-0.00106
-0.00115
-0.00126
-0.00135
-0.00145
-0.00155
-0.00164
-0.00173
-0.00182
-0.0019
-0.00199
-0.00206
-0.00214
-0.00221
-0.00228
-0.00234
-0.00241
-0.00246
-0.00252
-0.00257
-0.00262
-0.00266
-0.00269
-0.00273
-0.00276
-0.00278
-0.00281
-0.00283
-0.00285
-0.00286
-0.00288
-0.00288
-0.00289
-0.00289
-0.00289
-0.00289
-0.00289
-0.00289
-0.00288
-0.00287
-0.00286
-0.00284
-0.00284
-0.00282
-0.00281
-0.00279
-0.00278
-0.00276
-0.00275
-0.00272
-0.0027
-0.00268
-0.00266
-0.00265
-0.00262
-0.0026
-0.00257
-0.00255
-0.00253
-0.0025
-0.00248
-0.00245
-0.00243
-0.0024
-0.00238
-0.00235
-0.00232
-0.0023
-0.00227
-0.00224
-0.00221
-0.00217
-0.00214
-0.0021
-0.00207
-0.00203
-0.002
-0.00195
-0.00192
-0.00188
-0.00184
-0.00179
-0.00175
-0.00171
-0.00166
-0.00162
-0.00157
-0.00152
-0.00147
-0.00142
-0.00138
-0.00132
-0.00128
-0.00122
-0.00118
-0.00113
-0.00108
-0.00103
-0.00099
-0.00094
-0.0009
-0.00086
-0.00082
-0.00077
-0.00074
-0.0007
-0.00067
-0.00063
-0.00061
-0.00057
-0.00055
-0.00052
-0.0005
-0.00047
-0.00045
-0.00043
-0.00042
-0.0004
-0.00038
-0.00036
-0.00034
-0.00032
-0.00031
-0.00028
-0.00027
-0.00024
-0.00022
-0.00019
-0.00017
-0.00014
-0.00011
-7e-05
-4e-05
-1e-05
4e-05
8e-05
0.00013
0.00018
0.00022
0.00028
0.00033
0.00039
0.00045
0.00051
0.00057
0.00064
0.00071
0.00077
0.00084
0.00091
0.00098
0.00106
0.00112
0.0012
0.00126
0.00134
0.0014
0.00148
0.00154
0.00161
0.00166
0.00173
0.00179
0.00185
0.0019
0.00196
0.00201
0.00206
0.00211
0.00216
0.00219
0.00224
0.00227
0.00231
0.00233
0.00236
0.00238
0.00241
0.00243
0.00244
0.00246
0.00246
0.00247
0.00248
0.00248
0.00248
0.00247
0.00247
0.00246
0.00246
0.00244
0.00243
0.0024
0.00239
0.00237
0.00234
0.00232
0.00229
0.00226
0.00224
0.00221
0.00218
0.00214
0.00211
0.00207
0.00204
0.002
0.00196
0.00191
0.00188
0.00183
0.00178
0.00173
0.00168
0.00163
0.00157
0.00151
0.00146
0.00139
0.00133
0.00125
0.00119
0.00111
0.00104
0.00095
0.00088
0.00079
0.0007
0.00061
0.00052
0.00043
0.00034
0.00024
0.00015
5e-05
-4e-05
-0.00014
-0.00022
-0.00032
-0.00041
-0.00051
-0.00059
-0.00068
-0.00077
-0.00085
-0.00093
-0.001
-0.00107
-0.00114
-0.0012
-0.00128
-0.00133
-0.00139
-0.00144
-0.00149
-0.00153
-0.00158
-0.00162
-0.00166
-0.00169
-0.00172
-0.00175
-0.00178
-0.0018
-0.00182
-0.00183
-0.00186
-0.00187
-0.00188
-0.00188
-0.0019
-0.0019
-0.0019
-0.00189
-0.00189
-0.00189
-0.00188
-0.00187
-0.00185
-0.00183
-0.00181
-0.00178
-0.00177
-0.00173
-0.0017
-0.00166
-0.00163
-0.00159
-0.00156
-0.00151
-0.00147
-0.00142
-0.00138
-0.00133
-0.00129
-0.00124
-0.00119
-0.00114
-0.00111
-0.00105
-0.00102
-0.00097
-0.00093
-0.00089
-0.00087
-0.00082
-0.0008
-0.00077
-0.00075
-0.00073
-0.00071
-0.00069
-0.00068
-0.00067
-0.00067
-0.00066
-0.00066
-0.00065
-0.00066
-0.00067
-0.00068
-0.00068
-0.0007
-0.00072
-0.00074
-0.00076
-0.00078
-0.0008
-0.00082
-0.00085
-0.00088
-0.0009
-0.00094
-0.00096
-0.001
-0.00103
-0.00107
-0.0011
-0.00114
-0.00117
-0.0012
-0.00124
-0.00127
-0.0013
-0.00133
-0.00136
-0.0014
-0.00142
-0.00144
-0.00146
-0.00149
-0.0015
-0.00152
-0.00152
-0.00153
-0.00153
-0.00153
-0.00153
-0.00152
-0.0015
-0.00148
-0.00146
-0.00144
-0.0014
-0.00137
-0.00133
-0.00129
-0.00124
-0.0012
-0.00114
-0.00109
-0.00103
-0.00098
-0.00092
-0.00085
-0.00079
-0.00072
-0.00065
-0.00059
-0.00052
-0.00045
-0.00038
-0.00032
-0.00025
-0.00018
-0.00011
-5e-05
2e-05
8e-05
0.00014
0.00021
0.00027
0.00033
0.00039
0.00044
0.0005
0.00056
0.00061
0.00066
0.00071
0.00076
0.00081
0.00085
0.0009
0.00094
0.00098
0.00102
0.00106
0.00109
0.00113
0.00115
0.00119
0.00121
0.00125
0.00127
0.0013
0.00132
0.00135
0.00136
0.00138
0.0014
0.00142
0.00144
0.00146
0.00147
0.00149
0.0015
0.00152
0.00154
0.00156
0.00156
0.00158
0.00159
0.00161
0.00162
0.00163
0.00164
0.00164
0.00166
0.00167
0.00167
0.00168
0.00168
0.00169
0.00169
0.0017
0.00169
0.00169
0.00169
0.00169
0.00168
0.00168
0.00167
0.00167
0.00166
0.00166
0.00165
0.00165
0.00164
0.00164
0.00164
0.00164
0.00164
0.00165
0.00165
0.00167
0.00167
0.00169
0.00171
0.00173
0.00175
0.00178
0.00182
0.00185
0.00188
0.00193
0.00197
0.00203
0.00207
0.00213
0.00218
0.00224
0.00229
0.00235
0.00241
0.00246
0.00252
0.00258
0.00264
0.0027
0.00275
0.00281
0.00285
0.00291
0.00295
0.003
0.00304
0.00308
0.00311
0.00315
0.00318
0.0032
0.00323
0.00326
0.00328
0.0033
0.00331
0.00333
0.00334
0.00336
0.00336
0.00337
0.00337
0.00338
0.00338
0.00339
0.00339
0.00339
0.00339
0.00339
0.00339
0.00339
0.00338
0.00338
0.00338
0.00338
0.00336
0.00336
0.00335
0.00334
0.00333
0.00332
0.0033
0.00328
0.00327
0.00325
0.00323
0.00321
0.00318
0.00316
0.00313
0.00311
0.00307
0.00305
0.00301
0.00298
0.00294
0.0029
0.00286
0.00282
0.00278
0.00274
0.00269
0.00265
0.0026
0.00256
0.0025
0.00246
0.0024
0.00235
0.0023
0.00225
0.00219
0.00214
0.00208
0.00202
0.00196
0.00191
0.00185
0.00179
0.00172
0.00167
0.0016
0.00154
0.00147
0.00141
0.00134
0.00128
0.00121
0.00114
0.00107
0.00099
0.00092
0.00085
0.00078
0.00071
0.00062
0.00055
0.00047
0.0004
0.00031
0.00023
0.00014
7e-05
-2e-05
-0.00011
-0.0002
-0.00029
-0.00038
-0.00047
-0.00056
-0.00066
-0.00076
-0.00085
-0.00095
-0.00104
-0.00115
-0.00124
-0.00134
-0.00143
-0.00153
-0.00163
-0.00172
-0.00182
-0.00191
-0.00199
-0.00207
-0.00215
-0.00224
-0.0023
-0.00238
-0.00243
-0.0025
-0.00255
-0.0026
-0.00264
-0.00268
-0.00271
-0.00274
-0.00276
-0.00277
-0.00278
-0.00278
-0.00278
-0.00278
-0.00276
-0.00275
-0.00272
-0.0027
-0.00266
-0.00264
-0.00259
-0.00256
-0.00252
-0.00248
-0.00244
-0.00239
-0.00234
-0.0023
-0.00225
-0.00221
-0.00216
-0.00212
-0.00207
-0.00203
-0.00199
-0.00195
-0.00191
-0.00187
-0.00183
-0.0018
-0.00177
-0.00173
-0.00169
-0.00166
-0.00163
-0.00161
-0.00157
-0.00154
-0.00151
-0.00149
-0.00146
-0.00144
-0.0014
-0.00138
-0.00136
-0.00133
-0.00131
-0.00128
-0.00126
-0.00124
-0.00121
-0.00119
-0.00117
-0.00115
-0.00112
-0.00111
-0.00108
-0.00107
-0.00104
-0.00103
-0.00101
-0.001
-0.00099
-0.00097
-0.00095
-0.00093
-0.00092
-0.00091
-0.00089
-0.00088
-0.00086
-0.00085
-0.00083
-0.00082
-0.0008
-0.00078
-0.00077
-0.00075
-0.00074
-0.00071
-0.00069
-0.00067
-0.00065
-0.00063
-0.0006
-0.00058
-0.00054
-0.00052
-0.00049
-0.00046
-0.00042
-0.00039
-0.00035
-0.00031
-0.00028
-0.00023
-0.00018
-0.00014
-9e-05
-5e-05
1e-05
6e-05
0.00012
0.00017
0.00023
0.00029
0.00036
0.00042
0.00048
0.00054
0.00061
0.00068
0.00075
0.00081
0.00088
0.00095
0.00102
0.00108
0.00116
0.00121
0.00128
0.00134
0.00141
0.00146
0.00152
0.00157
0.00162
0.00167
0.00172
0.00176
0.0018
0.00183
0.00187
0.0019
0.00193
0.00195
0.00197
0.00199
0.00201
0.00202
0.00203
0.00204
0.00204
0.00205
0.00205
0.00206
0.00206
0.00205
0.00206
0.00205
0.00205
0.00204
0.00204
0.00203
0.00204
0.00203
0.00202
0.00202
0.00201
0.00201
0.002
0.002
0.002
0.00199
0.00199
0.00198
0.00198
0.00197
0.00197
0.00196
0.00196
0.00196
0.00195
0.00195
0.00194
0.00194
0.00194
0.00194
0.00194
0.00194
0.00194
0.00194
0.00195
0.00196
0.00197
0.00197
0.00199
0.00201
0.00202
0.00204
0.00206
0.00209
0.00212
0.00215
0.00219
0.00221
0.00226
0.00229
0.00234
