8.73088445813128E+02

0.00319
0.00324
0.00331
0.00335
0.00341
0.00346
0.0035
0.00355
0.00358
0.00362
0.00366
0.00369
0.00373
0.00375
0.00378
0.0038
0.00383
0.00385
0.00387
0.00388
0.0039
0.00391
0.00392
0.00392
0.00393
0.00393
0.00393
0.00393
0.00393
0.00392
0.00391
0.00389
0.00388
0.00385
0.00383
0.0038
0.00378
0.00374
0.0037
0.00365
0.0036
0.00354
0.00349
0.00342
0.00336
0.00328
0.00321
0.00312
0.00304
0.00294
0.00285
0.00274
0.00265
0.00254
0.00243
0.00231
0.00219
0.00208
0.00196
0.00183
0.00171
0.00158
0.00145
0.00132
0.00119
0.00106
0.00093
0.00079
0.00066
0.00052
0.00039
0.00025
0.00012
-2e-05
-0.00015
-0.00028
-0.00041
-0.00055
-0.00068
-0.00081
-0.00094
-0.00107
-0.0012
-0.00133
-0.00145
-0.00158
-0.00171
-0.00183
-0.00195
-0.00207
-0.00219
-0.00231
-0.00242
-0.00254
-0.00264
-0.00275
-0.00285
-0.00296
-0.00305
-0.00315
-0.00324
-0.00333
-0.00341
-0.00349
-0.00357
-0.00364
-0.00371
-0.00377
-0.00383
-0.00389
-0.00394
-0.00399
-0.00402
-0.00407
-0.0041
-0.00414
-0.00416
-0.00418
-0.0042
-0.00421
-0.00423
-0.00423
-0.00423
-0.00422
-0.00421
-0.00421
-0.00419
-0.00417
-0.00414
-0.00412
-0.00408
-0.00405
-0.004
-0.00396
-0.00391
-0.00386
-0.0038
-0.00374
-0.00367
-0.0036
-0.00353
-0.00346
-0.00338
-0.0033
-0.00321
-0.00314
-0.00305
-0.00297
-0.00287
-0.00278
-0.00269
-0.00261
-0.00252
-0.00243
-0.00233
-0.00225
-0.00216
-0.00208
-0.00199
-0.00191
-0.00182
-0.00175
-0.00167
-0.0016
-0.00152
-0.00145
-0.00138
-0.00132
-0.00126
-0.00119
-0.00114
-0.00108
-0.00102
-0.00098
-0.00092
-0.00088
-0.00083
-0.0008
-0.00075
-0.00072
-0.00067
-0.00064
-0.00061
-0.00058
-0.00055
-0.00052
-0.00049
-0.00046
-0.00043
-0.00041
-0.00038
-0.00036
-0.00032
-0.00031
-0.00028
-0.00026
-0.00023
-0.00021
-0.00018
-0.00016
-0.00014
-0.00011
-8e-05
-6e-05
-3e-05
-1e-05
3e-05
5e-05
9e-05
0.00011
0.00015
0.00018
0.00022
0.00025
0.00028
0.00032
0.00035
0.00039
0.00044
0.00047
0.00052
0.00056
0.0006
0.00064
0.0007
0.00073
0.00079
0.00083
0.00088
0.00093
0.00098
0.00102
0.00107
0.00112
0.00118
0.00123
0.00128
0.00133
0.00138
0.00143
0.00149
0.00153
0.00158
0.00163
0.00169
0.00173
0.00178
0.00182
0.00187
0.00192
0.00196
0.002
0.00205
0.00209
0.00213
0.00217
0.00222
0.00225
0.0023
0.00233
0.00237
0.00241
0.00244
0.00248
0.00251
0.00255
0.00259
0.00262
0.00266
0.00269
0.00273
0.00276
0.0028
0.00283
0.00286
0.00289
0.00293
0.00296
0.00299
0.00302
0.00305
0.00307
0.0031
0.00312
0.00315
0.00317
0.00319
0.0032
0.00322
0.00323
0.00324
0.00324
0.00325
0.00325
0.00325
0.00324
0.00324
0.00323
0.00323
0.00321
0.0032
0.00318
0.00317
0.00315
0.00314
0.00311
0.0031
0.00307
0.00306
0.00303
0.00301
0.00299
0.00296
0.00294
0.00292
0.0029
0.00288
0.00285
0.00284
0.00281
0.0028
0.00277
0.00275
0.00273
0.00271
0.00269
0.00266
0.00264
0.00261
0.00259
0.00257
0.00255
0.00253
0.0025
0.00248
0.00245
0.00243
0.00241
0.00239
0.00236
0.00235
0.00233
0.00231
0.00229
0.00228
0.00226
0.00226
0.00225
0.00225
0.00224
0.00224
0.00224
0.00225
0.00226
0.00227
0.00228
0.0023
0.00232
0.00233
0.00235
0.00237
0.0024
0.00242
0.00245
0.00248
0.00249
0.00252
0.00255
0.00258
0.00259
0.00262
0.00263
0.00266
0.00267
0.00269
0.0027
0.00271
0.00272
0.00274
0.00274
0.00275
0.00275
0.00275
0.00275
0.00275
0.00275
0.00274
0.00273
0.00273
0.00272
0.00272
0.0027
0.00269
0.00268
0.00267
0.00266
0.00265
0.00263
0.00262
0.00261
0.0026
0.00258
0.00257
0.00254
0.00253
0.00251
0.00249
0.00247
0.00245
0.00243
0.00241
0.00238
0.00236
0.00233
0.00231
0.00228
0.00226
0.00222
0.0022
0.00216
0.00213
0.0021
0.00207
0.00203
0.002
0.00197
0.00194
0.0019
0.00187
0.00183
0.00181
0.00177
0.00175
0.00171
0.00169
0.00165
0.00163
0.00161
0.00158
0.00156
0.00154
0.00152
0.0015
0.00148
0.00147
0.00145
0.00145
0.00143
0.00143
0.00142
0.00142
0.00141
0.00141
0.00141
0.00141
0.00141
0.00142
0.00142
0.00143
0.00144
0.00146
0.00147
0.00149
0.0015
0.00153
0.00155
0.00158
0.0016
0.00163
0.00167
0.0017
0.00173
0.00178
0.00182
0.00186
0.00191
0.00197
0.00201
0.00207
0.00212
0.00219
0.00224
0.00231
0.00237
0.00244
0.0025
0.00256
0.00262
0.00269
0.00275
0.00282
0.00288
0.00294
0.00299
0.00305
0.0031
0.00316
0.0032
0.00324
0.00328
0.00332
0.00334
0.00337
0.00339
0.00341
0.00343
0.00344
0.00344
0.00345
0.00344
0.00344
0.00343
0.00342
0.0034
0.00339
0.00336
0.00334
0.00332
0.00329
0.00326
0.00323
0.0032
0.00317
0.00314
0.00311
0.00308
0.00305
0.00302
0.00299
0.00296
0.00294
0.0029
0.00288
0.00285
0.00283
0.0028
0.00278
0.00276
0.00274
0.00272
0.00271
0.00268
0.00267
0.00265
0.00264
0.00262
0.00261
0.00259
0.00258
0.00257
0.00256
0.00254
0.00253
0.00252
0.00251
0.00249
0.00249
0.00247
0.00246
0.00244
0.00244
0.00242
0.0024
0.00238
0.00237
0.00235
0.00233
0.0023
0.00228
0.00225
0.00222
0.00219
0.00216
0.00211
0.00208
0.00203
0.00199
0.00193
0.00188
0.00182
0.00177
0.00171
0.00164
0.00157
0.0015
0.00143
0.00136
0.00129
0.00121
0.00113
0.00105
0.00097
0.00089
0.00081
0.00073
0.00064
0.00057
0.00049
0.00041
0.00033
0.00025
0.00017
0.0001
3e-05
-4e-05
-0.00012
-0.00018
-0.00025
-0.00031
-0.00038
-0.00044
-0.00051
-0.00056
-0.00063
-0.00068
-0.00074
-0.00079
-0.00084
-0.00089
-0.00094
-0.00099
-0.00104
-0.00108
-0.00113
-0.00116
-0.0012
-0.00124
-0.00127
-0.0013
-0.00133
-0.00136
-0.00138
-0.00141
-0.00142
-0.00144
-0.00145
-0.00146
-0.00148
-0.00148
-0.00149
-0.00148
-0.00149
-0.00148
-0.00149
-0.00147
-0.00147
-0.00147
-0.00146
-0.00146
-0.00145
-0.00143
-0.00143
-0.00141
-0.00141
-0.0014
-0.00139
-0.00138
-0.00137
-0.00136
-0.00136
-0.00134
-0.00133
-0.00132
-0.00132
-0.00131
-0.0013
-0.00128
-0.00127
-0.00125
-0.00124
-0.00122
-0.00121
-0.00118
-0.00117
-0.00115
-0.00113
-0.0011
-0.00108
-0.00105
-0.00103
-0.00101
-0.00097
-0.00095
-0.00092
-0.00089
-0.00087
-0.00083
-0.00081
-0.00078
-0.00076
-0.00073
-0.00071
-0.00068
-0.00066
-0.00064
-0.00063
-0.00061
-0.00059
-0.00057
-0.00055
-0.00054
-0.00053
-0.00051
-0.0005
-0.00047
-0.00046
-0.00044
-0.00043
-0.00041
-0.0004
-0.00038
-0.00036
-0.00034
-0.00032
-0.0003
-0.00028
-0.00025
-0.00023
-0.0002
-0.00018
-0.00015
-0.00013
-0.0001
-8e-05
-5e-05
-3e-05
-1e-05
1e-05
3e-05
5e-05
6e-05
8e-05
9e-05
0.0001
0.00011
0.00012
0.00013
0.00013
0.00013
0.00013
0.00013
0.00013
0.00013
0.00013
0.00012
0.00012
0.00012
0.00011
0.00011
0.0001
0.0001
9e-05
9e-05
8e-05
7e-05
6e-05
5e-05
4e-05
2e-05
0.0
-2e-05
-4e-05
-6e-05
-8e-05
-0.00011
-0.00014
-0.00017
-0.0002
-0.00024
-0.00027
-0.00031
-0.00035
-0.00039
-0.00043
-0.00047
-0.00051
-0.00055
-0.00059
-0.00062
-0.00066
-0.00069
-0.00072
-0.00074
-0.00077
-0.00079
-0.00081
-0.00083
-0.00085
-0.00086
-0.00087
-0.00088
-0.00089
-0.0009
-0.0009
-0.0009
-0.0009
-0.0009
-0.00091
-0.0009
-0.00091
-0.0009
-0.0009
-0.0009
-0.0009
-0.00088
-0.00087
-0.00086
-0.00083
-0.0008
-0.00076
-0.00071
-0.00066
-0.00059
-0.00052
-0.00043
-0.00033
-0.00021
-8e-05
7e-05
0.00023
0.00041
0.0006
0.00081
0.00104
0.00129
0.00155
0.00183
0.00213
0.00244
0.00278
0.00312
0.00349
0.00388
0.00428
0.0047
0.00514
0.00562
0.00611
0.00661
0.00715
0.00772
0.00831
0.00894
0.0096
0.01029
0.01102
0.01179
0.0126
0.01345
0.01435
0.01529
0.01628
0.01731
0.01839
0.01952
0.02069
0.02191
0.02318
0.02448
0.02583
0.02722
0.02866
0.03012
0.03161
0.03314
0.0347
0.03628
0.03789
0.03952
0.04118
0.04284
0.04454
0.04625
0.04798
0.04973
0.05149
0.05329
0.05511
0.05695
0.05881
0.06072
0.06266
0.06462
0.06663
0.06869
0.07079
0.07293
0.07512
0.07737
0.07966
0.082
0.08438
0.08681
0.08929
0.0918
0.09433
0.09691
0.0995
0.1021
0.1047
0.1073
0.10989
0.11244
0.11496
0.11744
0.11986
0.12221
0.12448
0.12666
0.12876
0.13074
0.13261
0.13437
0.13601
0.13751
0.13889
0.14014
0.14126
0.14225
0.14312
0.14387
0.1445
0.14502
0.14543
0.14575
0.14575
0.14575
0.14575
0.14575
0.14575
0.14575
0.14575
0.14575
0.14575
0.14562
0.14547
0.14532
0.14518
0.14506
0.14495
0.14486
0.14481
0.14476
0.14474
0.14474
0.14477
0.14481
0.14487
0.14494
0.14503
0.14512
0.14522
0.14532
0.14542
0.14551
0.1456
0.14568
0.14575
0.14575
0.14575
0.14575
0.14575
0.14575
0.14575
0.14575
0.14575
0.14575
0.14575
0.14575
0.1457
0.14564
0.14558
0.14552
0.14548
0.14543
0.14538
0.14535
0.14532
0.1453
0.14529
0.14528
0.14528
0.14529
0.14531
0.14534
0.14536
0.14539
0.14542
0.14546
0.1455
0.14553
0.14557
0.1456
0.14564
0.14566
0.14569
0.1457
0.14572
0.14573
0.14573
0.14574
0.14573
0.14572
0.1457
0.14569
0.14567
0.14564
0.14563
0.1456
0.14559
0.14556
0.14555
0.14552
0.14551
0.1455
0.14549
0.14549
0.14548
0.14548
0.14548
0.14548
0.14549
0.14549
0.14551
0.14551
0.14554
0.14555
0.14557
0.14558
0.1456
0.14561
0.14562
0.14564
0.14564
0.14565
0.14566
0.14566
0.14567
0.14566
0.14567
0.14566
0.14567
0.14566
0.14566
0.14565
0.14565
0.14564
0.14564
0.14564
0.14563
0.14563
0.14562
0.14562
0.14563
0.14562
0.14562
0.14562
0.14563
0.14563
0.14564
0.14564
0.14565
0.14566
0.14567
0.14568
0.14568
0.14569
0.14569
0.14569
0.14571
0.14571
0.14572
0.14572
0.14573
0.14573
0.14574
0.14574
0.14575
0.14575
0.14575
0.14575
0.14575
0.14575
0.14575
0.14575
0.14575
0.14575
0.14575
0.14575
0.14575
0.14575
0.14575
0.14574
0.14575
0.14575
0.14575
0.14575
0.14575
0.14574
0.14574
0.14574
0.14575
0.14574
0.14575
0.14574
0.14575
0.14574
0.14575
0.14574
0.14574
0.14575
0.14575
0.14575
0.14575
0.14575
0.14575
0.14574
0.14575
0.14574
0.14575
0.14574
0.14575
0.14574
0.14575
0.14574
0.14574
0.14574
0.14575
0.14575
0.14575
0.14574
0.14574
0.14574
0.14575
0.14574
0.14575
0.14574
0.14575
0.14574
0.14575
0.14574
0.14575
0.14575
0.14575
0.14575
0.14575
0.14575
0.14575
0.14574
0.14575
0.14574
0.14575
0.14574
0.14575
0.14574
0.14575
0.14574
0.14575
0.14575
0.14575
0.14575
0.14575
0.14574
0.14574
0.14573
0.14574
0.14573
0.14574
0.14573
0.14573
0.14573
0.14573
0.14572
0.14573
0.14573
0.14573
0.14573
0.14573
0.14572
0.14572
0.14572
0.14573
0.14572
0.14572
0.14572
0.14572
0.14572
0.14573
0.14572
0.14572
0.14573
0.14573
0.14573
0.14573
0.14572
0.14572
0.14572
0.14573
0.14572
0.14572
0.14571
0.14572
0.14571
0.14572
0.14571
0.14571
0.14571
0.14571
0.14571
0.1457
0.1457
0.14569
0.14569
0.1457
0.14569
0.14569
0.14568
0.14569
0.14569
0.14569
0.14569
0.14569
0.14569
0.1457
0.1457
0.1457
0.1457
0.14571
0.1457
0.14571
0.14571
0.14571
0.14571
0.14572
0.14571
0.14572
0.14571
0.14571
0.14571
0.14571
0.1457
0.1457
0.14569
0.14569
0.14568
0.14568
0.14567
0.14567
0.14566
0.14566
0.14565
0.14566
0.14565
0.14565
0.14565
0.14566
0.14566
0.14566
0.14567
0.14567
0.14567
0.14569
0.14569
0.1457
0.1457
0.14571
0.14572
0.14573
0.14572
0.14573
0.14573
0.14574
0.14574
0.14573
0.14572
0.14572
0.14571
0.1457
0.14569
0.14568
0.14566
0.14565
0.14563
0.14563
0.14561
0.1456
0.14559
0.14558
0.14558
0.14558
0.14558
0.14558
0.14559
0.1456
0.14561
0.14564
0.14565
0.14568
0.1457
0.14574
0.14575
0.14575
0.14575
0.14575
0.14575
0.14575
0.14575
0.14575
0.14575
0.14575
0.14575
0.14575
0.14569
0.14561
0.1455
0.14538
0.14523
0.14506
0.14487
0.14466
0.14442
0.14415
0.14385
0.14354
0.1432
0.14284
0.14245
0.14204
0.14161
0.14116
0.14069
0.14021
0.13971
0.1392
0.13867
0.13814
0.13759
0.13704
0.13648
0.13592
0.13535
0.13479
0.13421
0.13365
0.13308
0.13251
0.13195
0.13139
0.13083
0.13027
0.12972
0.12917
0.12862
0.12807
0.12753
0.12698
0.12644
0.1259
0.12535
0.12481
0.12425
0.12371
0.12315
0.1226
0.12204
0.12148
0.12092
0.12035
0.11978
0.11921
0.11863
0.11805
0.11747
0.11689
0.1163
0.11572
0.11513
0.11455
0.11396
0.11339
0.1128
0.11222
0.11165
0.11108
0.11051
0.10994
0.10938
0.10882
0.10826
0.10772
0.10717
0.10663
0.10608
0.10555
0.10502
0.10449
0.10396
0.10343
0.10291
0.10239
0.10187
0.10135
0.10083
0.10031
0.09979
0.09927
0.09874
0.09823
0.0977
0.09718
0.09666
0.09614
0.09561
0.09509
0.09457
0.09404
0.09352
0.09299
0.09247
0.09195
0.09143
0.09092
0.0904
0.08989
0.08937
0.08887
0.08837
0.08787
0.08737
0.08688
0.08639
0.08591
0.08543
0.08496
0.08449
0.08403
0.08356
0.08311
0.08266
0.08222
0.08178
0.08134
0.08091
0.08049
0.08006
0.07965
0.07924
0.07883
0.07843
0.07803
0.07763
0.07724
0.07685
0.07647
0.07609
0.07571
0.07533
0.07496
0.07459
0.07422
0.07385
0.07349
0.07313
0.07277
0.07241
0.07205
0.0717
0.07135
0.07099
0.07064
0.07029
0.06995
0.0696
0.06926
0.06892
0.06858
0.06824
0.0679
0.06757
0.06724
0.06691
0.06658
0.06626
0.06594
0.06562
0.06531
0.06499
0.06469
0.06438
0.06407
0.06377
0.06347
0.06318
0.06288
0.06259
0.06231
0.06202
0.06173
0.06145
0.06117
0.06089
0.06062
0.06034
0.06007
0.0598
0.05953
0.05926
0.05899
0.05872
0.05845
0.05819
0.05793
0.05767
0.05741
0.05715
0.0569
0.05665
0.05639
0.05615
0.05591
0.05566
0.05542
0.05519
0.05496
0.05473
0.0545
0.05428
0.05407
0.05385
0.05364
0.05344
0.05324
0.05304
0.05284
0.05265
0.05246
0.05228
0.05209
0.05191
0.05173
0.05156
0.05138
0.05121
0.05104
0.05086
0.0507
0.05053
0.05036
0.05019
0.05002
0.04985
0.04969
0.04952
0.04935
0.04918
0.04901
0.04885
0.04868
0.04851
0.04834
0.04818
0.04801
0.04784
0.04768
0.04751
0.04735
0.04719
0.04702
0.04686
0.04669
0.04653
0.04637
0.04621
0.04604
0.04588
0.04571
0.04555
0.04538
0.04522
0.04506
0.04489
0.04471
0.04455
0.04437
0.0442
0.04402
0.04384
0.04366
0.04348
0.04329
0.0431
0.04291
0.04271
0.04252
0.04232
0.04211
0.04191
0.0417
0.04149
0.04127
0.04106
0.04083
0.04061
0.04038
0.04014
0.03991
0.03967
0.03943
0.03918
0.03894
0.03868
0.03843
0.03817
0.03791
0.03765
0.03738
0.03711
0.03684
0.03657
0.03629
0.03601
0.03573
0.03545
0.03517
0.03489
0.03461
0.03433
0.03406
0.03378
0.0335
0.03323
0.03296
0.03269
0.03242
0.03216
0.0319
0.03165
0.0314
0.03116
0.03092
0.03068
0.03045
0.03022
0.03
0.02979
0.02957
0.02937
0.02916
0.02897
0.02877
0.02858
0.02839
0.02822
0.02804
0.02787
0.0277
0.02754
0.02738
0.02722
0.02707
0.02692
0.02678
0.02664
0.0265
0.02637
0.02624
0.02612
0.02599
0.02588
0.02576
0.02566
0.02555
0.02545
0.02535
0.02525
0.02516
0.02507
0.02498
0.02489
0.02481
0.02473
0.02464
0.02456
0.02448
0.0244
0.02432
0.02424
0.02416
0.02407
0.02399
0.02391
0.02383
0.02374
0.02366
0.02357
0.02348
0.0234
0.02331
0.02322
0.02313
0.02305
0.02296
0.02287
0.02278
0.0227
0.02262
0.02254
0.02246
0.02238
0.02231
0.02224
0.02217
0.02211
0.02205
0.02199
0.02193
0.02189
0.02184
0.0218
0.02175
0.02171
0.02168
0.02165
0.02162
0.0216
0.02157
0.02155
0.02153
0.02152
0.0215
0.02149
0.02147
0.02147
0.02146
0.02145
0.02145
0.02144
0.02144
0.02144
0.02145
0.02145
0.02145
0.02146
0.02147
0.02148
0.02149
0.0215
0.02151
0.02152
0.02154
0.02155
0.02156
0.02157
0.02159
0.0216
0.02161
0.02162
0.02163
0.02163
0.02164
0.02164
0.02163
0.02163
0.02161
0.0216
0.02158
0.02156
0.02153
0.02149
0.02146
0.02141
0.02136
0.02131
0.02124
0.02118
0.0211
0.02103
0.02094
0.02085
0.02075
0.02066
0.02055
0.02044
0.02033
0.02021
0.02008
0.01996
0.01983
0.01969
0.01955
0.01941
0.01926
0.01911
0.01896
0.0188
0.01864
0.01848
0.01831
0.01814
0.01797
0.0178
0.01763
0.01745
0.01727
0.01709
0.0169
0.01672
0.01653
0.01635
0.01615
0.01596
0.01576
0.01557
0.01537
0.01518
0.01498
0.01478
0.01458
0.01439
0.01419
0.01399
0.01379
0.0136
0.0134
0.01321
0.01301
0.01283
0.01263
0.01245
0.01226
0.01208
0.0119
0.01172
0.01155
0.01138
0.01121
0.01105
0.01089
0.01074
0.01058
0.01044
0.0103
0.01016
0.01002
0.0099
0.00978
0.00966
0.00955
0.00944
0.00934
0.00924
0.00915
0.00907
0.00898
0.00892
0.00884
0.00878
0.00872
0.00867
0.00861
0.00858
0.00854
0.0085
0.00847
0.00844
0.00843
0.00841
0.0084
0.00839
0.00838
0.00839
0.00839
0.00841
0.00842
0.00843
0.00845
0.00848
0.0085
0.00853
0.00856
0.0086
0.00864
0.00868
0.00873
0.00878
0.00883
0.00888
0.00894
0.009
0.00906
0.00912
0.00918
0.00925
0.00932
0.00939
0.00946
0.00953
0.0096
0.00968
0.00975
0.00983
0.0099
0.00998
0.01006
0.01014
0.01021
0.01029
0.01036
0.01044
0.0105
0.01058
0.01065
0.01071
0.01078
0.01085
0.01092
0.01098
0.01104
0.0111
0.01115
0.01121
0.01126
0.01131
0.01136
0.01141
0.01145
0.01149
0.01152
0.01156
0.01159
0.01162
0.01165
0.01168
0.0117
0.01173
0.01174
0.01177
0.01178
0.0118
0.01181
0.01182
0.01183
0.01184
0.01185
0.01185
0.01186
0.01187
0.01187
0.01188
0.01188
0.01189
0.01189
0.01189
0.01189
0.0119
0.01189
0.01189
0.01189
0.01188
0.01188
0.01187
0.01186
0.01185
0.01183
0.01182
0.01179
0.01177
0.01173
0.01171
0.01166
0.01162
0.01157
0.01153
0.01147
0.01141
0.01134
0.01127
0.0112
0.01112
0.01104
0.01095
0.01085
0.01076
0.01066
0.01056
0.01045
0.01034
0.01022
0.01011
0.00999
0.00987
0.00975
0.00963
0.00951
0.00938
0.00926
0.00914
0.00901
0.00889
0.00876
0.00864
0.00851
0.00839
0.00827
0.00815
0.00803
0.00791
0.0078
0.00768
0.00757
0.00746
0.00736
0.00725
0.00715
0.00705
0.00696
0.00687
0.00677
0.00669
0.00661
0.00654
0.00646
0.00639
0.00633
0.00627
0.00622
0.00618
0.00613
0.0061
0.00606
0.00604
0.00601
0.006
0.00598
0.00597
0.00596
0.00597
0.00597
0.00598
0.00599
0.006
0.00602
0.00604
0.00606
0.00609
0.00611
0.00614
0.00617
0.0062
0.00622
0.00626
0.00628
0.00632
0.00635
0.00638
0.00641
0.00644
0.00647
0.0065
0.00653
0.00656
0.00658
0.00661
0.00664
0.00667
0.00669
0.00672
0.00673
0.00676
0.00678
0.0068
0.00682
0.00684
0.00686
0.00687
0.00689
0.00691
0.00691
0.00693
0.00693
0.00694
0.00694
0.00694
0.00694
0.00694
0.00693
0.00692
0.00691
0.00689
0.00687
0.00685
0.00683
0.0068
0.00676
0.00673
0.00669
0.00666
0.0066
0.00656
0.0065
0.00645
0.00638
0.00632
0.00625
0.00618
0.0061
0.00602
0.00594
0.00586
0.00576
0.00568
0.00558
0.00548
0.00538
0.00528
0.00517
0.00506
0.00495
0.00484
0.00472
0.0046
0.00449
0.00437
0.00425
0.00413
0.00401
0.00389
0.00377
0.00366
0.00353
0.00341
0.00329
0.00318
0.00306
0.00294
0.00282
0.00271
0.0026
0.00248
0.00237
0.00226
0.00215
0.00205
0.00194
0.00183
0.00172
0.00162
0.00152
0.00142
0.00132
0.00122
0.00113
0.00104
0.00095
0.00086
0.00078
0.00071
0.00063
0.00056
0.00049
0.00044
0.00038
0.00033
0.00029
0.00026
0.00023
0.0002
0.00019
0.00018
0.00018
0.00019
0.0002
0.00023
0.00025
0.00029
0.00033
0.00039
0.00044
0.0005
0.00057
0.00064
0.00072
0.0008
0.00088
0.00097
0.00107
0.00116
0.00125
0.00135
0.00145
0.00155
0.00164
0.00174
0.00184
0.00193
0.00202
0.00212
0.00221
0.0023
0.00239
0.00247
0.00256
0.00264
0.00273
0.00281
0.00289
0.00297
0.00305
0.00314
0.00321
0.0033
0.00337
0.00346
0.00354
0.00363
0.00371
0.0038
0.00389
0.00399
0.00408
0.00418
0.00427
0.00437
0.00447
0.00458
0.00468
0.00478
0.00488
0.00499
0.00509
0.00519
0.00529
0.00538
0.00548
0.00557
0.00566
0.00574
0.00582
0.00589
0.00596
0.00603
0.00608
0.00614
0.00618
0.00622
0.00625
0.00628
0.0063
0.00632
0.00633
0.00634
0.00634
0.00634
0.00633
0.00632
0.0063
0.00629
0.00627
0.00625
0.00622
0.0062
0.00618
0.00615
0.00612
0.0061
0.00607
0.00605
0.00602
0.006
0.00597
0.00595
0.00592
0.0059
0.00586
0.00584
0.0058
0.00577
0.00573
0.00569
0.00564
0.00559
0.00554
0.00548
0.00542
0.00536
0.00528
0.00521
0.00512
0.00504
0.00495
0.00486
0.00476
0.00467
0.00456
0.00446
0.00435
0.00424
0.00414
0.00404
0.00394
0.00384
0.00374
0.00365
0.00356
0.00348
0.00339
0.00332
0.00324
0.00319
0.00312
0.00307
0.00302
0.00298
0.00294
0.00291
0.00288
0.00286
0.00284
0.00282
0.00281
0.0028
0.00278
0.00278
0.00276
0.00276
0.00275
0.00274
0.00273
0.00272
0.00271
0.0027
0.00269
0.00268
0.00266
0.00266
0.00264
0.00263
0.00261
0.0026
0.00259
0.00258
0.00257
0.00256
0.00256
0.00255
0.00255
0.00256
0.00256
0.00257
0.00258
0.0026
0.00261
0.00264
0.00266
0.00269
0.00271
0.00275
0.00279
0.00282
0.00286
0.0029
0.00294
0.00299
0.00303
0.00308
0.00311
0.00317
0.00321
0.00325
0.0033
0.00334
0.00338
0.00343
0.00347
0.00351
0.00355
0.00359
0.00363
0.00367
0.00371
0.00375
0.00378
0.00382
0.00385
0.00389
0.00393
0.00396
0.00399
0.00404
0.00407
0.0041
0.00414
0.00417
0.0042
0.00424
0.00427
0.00431
0.00433
0.00436
0.00439
0.00442
0.00444
0.00447
0.00449
0.00452
0.00454
0.00456
0.00457
0.00459
0.0046
0.00462
0.00463
0.00464
0.00464
0.00465
0.00465
0.00466
0.00466
0.00466
0.00465
0.00466
0.00464
0.00464
0.00463
0.00462
0.00461
0.0046
0.00458
0.00457
0.00455
0.00454
0.00452
0.0045
0.00448
0.00446
0.00443
0.00441
0.00438
0.00436
0.00433
0.0043
0.00428
0.00425
0.00422
0.00419
0.00415
0.00412
0.00408
0.00405
0.00401
0.00398
0.00393
0.0039
0.00385
0.00381
0.00376
0.00372
0.00367
0.00363
0.00358
0.00353
0.00347
0.00342
0.00336
0.00331
0.00324
0.00318
0.00312
0.00306
0.00299
0.00293
0.00286
0.00279
0.00273
0.00267
0.0026
0.00254
0.00247
0.00241
0.00234
0.00229
0.00222
0.00217
0.00211
0.00207
0.00201
0.00197
0.00192
0.00188
0.00184
0.00181
0.00178
0.00176
0.00172
0.00171
0.00169
0.00168
0.00166
0.00165
0.00164
0.00164
0.00163
0.00163
0.00162
0.00162
0.00162
0.00163
0.00163
0.00163
0.00163
0.00163
0.00163
0.00163
0.00163
0.00163
0.00162
0.00162
0.00162
0.00161
0.0016
0.00159
0.00159
0.00158
0.00157
0.00157
0.00155
0.00155
0.00153
0.00153
0.00151
0.00151
0.0015
0.0015
0.00149
0.00148
0.00148
0.00147
0.00147
0.00148
0.00148
0.00148
0.00147
0.00148
0.00148
0.00149
0.00149
0.00149
0.00149
0.0015
0.0015
0.0015
0.00149
0.00149
0.00149
0.00149
0.00148
0.00148
0.00146
0.00145
0.00144
0.00143
0.00141
0.0014
0.00137
0.00136
0.00134
0.00132
0.0013
0.00128
0.00126
0.00124
0.00122
0.00121
0.00119
0.00118
0.00117
0.00116
0.00115
0.00115
0.00114
0.00115
0.00115
0.00115
0.00116
0.00117
0.00118
0.0012
0.00122
0.00124
0.00126
0.00129
0.00131
0.00134
0.00136
0.00139
0.00142
0.00145
0.00148
0.00151
0.00154
0.00157
0.0016
0.00163
0.00167
0.0017
0.00172
0.00176
0.00179
0.00182
0.00184
0.00188
0.0019
0.00194
0.00197
0.002
0.00203
0.00206
0.0021
0.00213
0.00217
0.00221
0.00224
0.00228
0.00231
0.00236
0.00239
0.00243
0.00247
0.00251
0.00255
0.00259
0.00262
0.00266
0.0027
0.00274
0.00278
0.00282
0.00284
0.00288
0.00291
0.00294
0.00296
0.00299
0.00301
0.00304
0.00306
0.00307
0.00308
0.00309
0.00311
0.00311
0.00312
0.00313
0.00312
0.00312
0.00311
0.00311
0.0031
0.00309
0.00307
0.00306
0.00304
0.00302
0.003
0.00298
0.00295
0.00293
0.0029
0.00288
0.00284
0.00281
0.00278
0.00275
0.00271
0.00268
0.00264
0.00261
0.00257
0.00253
0.00249
0.00245
0.00242
0.00238
0.00234
0.00231
0.00226
0.00223
0.00219
0.00215
0.00211
0.00207
0.00203
0.002
0.00195
0.00192
0.00187
0.00183
0.0018
0.00176
0.00172
0.00168
0.00163
0.0016
0.00156
0.00152
0.00148
0.00144
0.00139
0.00136
0.00132
0.00129
0.00125
0.00121
0.00118
0.00114
0.00111
0.00109
0.00106
0.00104
0.00101
0.00099
0.00097
0.00096
0.00095
0.00094
0.00094
0.00093
0.00093
0.00094
0.00095
0.00096
0.00097
0.00099
0.00101
0.00104
0.00106
0.00109
0.00112
0.00116
0.00119
0.00123
0.00126
0.0013
0.00134
0.00138
0.00143
0.00147
0.00151
0.00156
0.00159
0.00164
0.00168
0.00172
0.00176
0.0018
0.00184
0.00188
0.00192
0.00195
0.00199
0.00202
0.00206
0.00209
0.00212
0.00216
0.00219
0.00222
0.00225
0.00229
0.00231
0.00234
0.00236
0.0024
0.00242
0.00245
0.00247
0.00249
0.00251
0.00254
0.00256
0.00258
0.00259
0.00262
0.00263
0.00265
0.00266
0.00267
0.00267
0.00269
0.00269
0.00269
0.00269
0.00269
0.00268
0.00268
0.00267
0.00266
0.00264
0.00263
0.00261
0.0026
0.00257
0.00256
0.00252
0.0025
0.00247
0.00245
0.00241
0.00238
0.00235
0.00232
0.00228
0.00225
0.0022
0.00217
0.00213
0.0021
0.00205
0.00201
0.00197
0.00194
0.00189
0.00185
0.0018
0.00176
0.00172
0.00168
0.00163
0.00159
0.00154
0.0015
0.00145
0.00141
0.00136
0.00132
0.00126
0.00122
0.00117
0.00113
0.00108
0.00103
0.00098
0.00094
0.00089
0.00085
0.0008
0.00076
0.00071
0.00068
0.00063
0.00059
0.00055
0.00051
0.00047
0.00044
0.0004
0.00036
0.00033
0.0003
0.00027
0.00024
0.00021
0.00019
0.00016
0.00013
0.0001
8e-05
5e-05
3e-05
-0.0
-3e-05
-6e-05
-8e-05
-0.00011
-0.00014
-0.00016
-0.00019
-0.00022
-0.00025
-0.00028
-0.00031
-0.00034
-0.00037
-0.00041
-0.00043
-0.00047
-0.00051
-0.00054
-0.00058
-0.00061
-0.00064
-0.00067
-0.0007
-0.00075
-0.00077
-0.00081
-0.00083
-0.00087
-0.00089
-0.00092
-0.00094
-0.00097
-0.00099
-0.00101
-0.00103
-0.00104
-0.00105
-0.00106
-0.00106
-0.00107
-0.00107
-0.00107
-0.00105
-0.00105
-0.00103
-0.00102
-0.00099
-0.00097
-0.00094
-0.00091
-0.00087
-0.00083
-0.00079
-0.00074
-0.00068
-0.00064
-0.00057
-0.00052
-0.00044
-0.00039
-0.00031
-0.00025
-0.00016
-9e-05
-2e-05
6e-05
0.00014
0.00022
0.00031
0.00039
0.00047
0.00055
0.00064
0.00072
0.00081
0.00089
0.00098
0.00106
0.00115
0.00123
0.00131
0.00139
0.00147
0.00156
0.00164
0.00172
0.00181
0.00188
0.00197
0.00205
0.00214
0.00222
0.0023
0.00238
0.00247
0.00254
0.00262
0.0027
0.00278
0.00285
0.00293
0.00301
0.00308
0.00314
0.00322
0.00328
0.00335
0.0034
0.00346
0.00351
0.00357
0.00361
0.00365
0.00369
0.00372
0.00375
0.00377
0.00379
0.00381
0.00382
0.00383
0.00382
0.00383
0.00381
0.00381
0.00378
0.00377
0.00374
0.00371
0.00368
0.00364
0.0036
0.00355
0.0035
0.00346
0.00339
0.00334
0.00327
0.00321
0.00313
0.00306
0.00298
0.00291
0.00282
0.00274
0.00265
0.00256
0.00247
0.00237
0.00228
0.00218
0.00208
0.00198
0.00187
0.00178
0.00167
0.00157
0.00146
0.00136
0.00125
0.00115
0.00105
0.00095
0.00085
0.00076
0.00066
0.00057
0.00048
0.0004
0.00031
0.00023
0.00015
8e-05
0.0
-5e-05
-0.00012
-0.00018
-0.00024
-0.0003
-0.00035
-0.00039
-0.00044
-0.00047
-0.00052
-0.00055
-0.00059
-0.00061
-0.00064
-0.00066
-0.00069
-0.0007
-0.00072
-0.00074
-0.00076
-0.00077
-0.00077
-0.00078
-0.00078
-0.00078
-0.00078
-0.00077
-0.00077
-0.00075
-0.00074
-0.00072
-0.00071
-0.00068
-0.00066
-0.00063
-0.00059
-0.00056
-0.00052
-0.00047
-0.00043
-0.00037
-0.00032
-0.00026
-0.00021
-0.00014
-8e-05
-1e-05
6e-05
0.00014
0.00021
0.00029
0.00037
0.00045
0.00053
0.00062
0.0007
0.00079
0.00087
0.00096
0.00105
0.00114
0.00122
0.00132
0.0014
0.0015
0.00159
0.00168
0.00177
0.00186
0.00196
0.00206
0.00215
0.00225
0.00234
0.00245
0.00254
0.00265
0.00275
0.00285
0.00295
0.00306
0.00316
0.00326
0.00337
0.00347
0.00357
0.00368
0.00378
0.00387
0.00396
0.00406
0.00414
0.00423
0.00431
0.00438
0.00445
0.00452
0.00457
0.00463
0.00467
0.00471
0.00474
0.00477
0.00479
0.00481
0.00481
0.00482
0.00481
0.00481
0.00479
0.00477
0.00474
0.00472
0.00468
0.00464
0.0046
0.00456
0.00451
0.00446
0.00442
0.00436
0.0043
0.00425
0.00419
0.00414
0.00408
0.00402
0.00395
0.0039
0.00383
0.00377
0.0037
0.00363
0.00356
0.00349
0.00342
0.00335
0.00327
0.0032
0.00311
0.00303
0.00294
0.00286
0.00276
0.00268
0.00258
0.00248
0.00238
0.00228
0.00218
0.00208
0.00198
0.00187
0.00176
0.00166
0.00155
0.00144
0.00133
0.00122
0.00111
0.00101
0.00089
0.00079
0.00068
0.00057
0.00046
0.00036
0.00025
0.00016
4e-05
-5e-05
-0.00016
-0.00025
-0.00036
-0.00045
-0.00056
-0.00065
-0.00075
-0.00084
-0.00094
-0.00103
-0.00112
-0.00121
-0.00129
-0.00137
-0.00146
-0.00154
-0.00162
-0.00169
-0.00177
-0.00183
-0.0019
-0.00196
-0.00202
-0.00208
-0.00213
-0.00218
-0.00223
-0.00227
-0.0023
-0.00233
-0.00237
-0.00239
-0.00241
-0.00242
-0.00244
-0.00244
-0.00245
-0.00244
-0.00244
-0.00243
-0.00242
-0.0024
-0.00238
-0.00235
-0.00232
-0.00228
-0.00224
-0.00219
-0.00214
-0.00208
-0.00203
-0.00196
-0.0019
-0.00181
-0.00174
-0.00165
-0.00156
-0.00147
-0.00137
-0.00126
-0.00116
-0.00104
-0.00093
-0.0008
-0.00068
-0.00054
-0.00041
-0.00027
-0.00014
2e-05
0.00016
0.00031
0.00046
0.00061
0.00076
0.00092
0.00108
0.00124
0.00139
0.00156
0.00171
0.00188
0.00203
0.00219
0.00234
0.0025
0.00266
0.00281
0.00296
0.00311
0.00325
0.0034
0.00355
0.00369
0.00383
0.00397
0.0041
0.00424
0.00437
0.0045
0.00462
0.00475
0.00487
0.00499
0.00511
0.00522
0.00534
0.00546
0.00557
0.00568
0.00578
0.00589
0.006
0.00611
0.00621
0.00632
0.00641
0.00652
0.00662
0.00673
0.00683
0.00693
0.00704
0.00714
0.00725
0.00736
0.00746
0.00757
0.00768
0.00779
0.00789
0.00801
0.00811
0.00823
0.00834
0.00845
0.00857
0.00868
0.00879
0.00891
0.00902
0.00914
0.00924
0.00936
0.00947
0.00958
0.00968
0.00979
0.00989
0.01
0.0101
0.0102
0.0103
0.01039
0.01048
0.01058
0.01066
0.01075
0.01082
0.01091
0.01098
0.01106
0.01112
0.01119
0.01124
0.01131
0.01136
0.01141
0.01146
0.0115
0.01155
0.01159
0.01162
0.01165
0.01167
0.0117
0.01172
0.01174
0.01175
0.01176
0.01176
0.01178
0.01177
0.01177
0.01176
0.01176
0.01175
0.01174
0.01172
0.01171
0.01169
0.01168
0.01165
0.01163
0.01161
0.01158
0.01156
0.01154
0.01151
0.01148
0.01145
0.01142
0.0114
0.01137
0.01135
0.01133
0.0113
0.01128
0.01125
0.01123
0.01121
0.0112
0.01118
0.01117
0.01115
0.01114
0.01113
0.01113
0.01113
0.01113
0.01113
0.01114
0.01114
0.01116
0.01117
0.01119
0.01121
0.01123
0.01125
0.01129
0.01131
0.01134
0.01137
0.01141
0.01145
0.01148
0.01153
0.01157
0.0116
0.01165
0.01169
0.01174
0.01178
0.01182
0.01186
0.01191
0.01195
0.01199
0.01203
0.01207
0.01212
0.01216
0.0122
0.01224
0.01227
0.01232
0.01235
0.0124
0.01243
0.01248
0.01251
0.01256
0.0126
0.01264
0.01268
0.01272
0.01277
0.01282
0.01286
0.01292
0.01296
0.01301
0.01307
0.01312
0.01318
0.01323
0.01329
0.01335
0.01341
0.01347
0.01354
0.0136
0.01366
0.01373
0.0138
0.01387
0.01393
0.014
0.01406
0.01413
0.0142
0.01427
0.01433
0.01441
0.01447
0.01454
0.0146
0.01467
0.01473
0.0148
0.01487
0.01493
0.01499
0.01506
0.01512
0.01519
0.01524
0.01531
0.01536
0.01542
0.01548
0.01553
0.01558
0.01563
0.01568
0.01573
0.01577
0.01581
0.01584
0.01588
0.01591
0.01594
0.01596
0.01598
0.01599
0.01601
0.01602
0.01602
0.01603
0.01602
0.01602
0.01601
0.016
0.01599
0.01596
0.01595
0.01592
0.0159
0.01587
0.01584
0.0158
0.01578
0.01574
0.0157
0.01567
0.01563
0.01559
0.01555
0.01551
0.01547
0.01542
0.01538
0.01533
0.01529
0.01524
0.01519
0.01513
0.01509
0.01503
0.01497
0.01491
0.01484
0.01478
0.01471
0.01464
0.01456
0.01448
0.0144
0.01431
0.01422
0.01412
0.01403
0.01392
0.01382
0.01371
0.0136
0.01348
0.01336
0.01324
0.01311
0.01299
0.01286
0.01272
0.01259
0.01245
0.01231
0.01217
0.01203
0.01188
0.01174
0.01159
0.01144
0.01129
0.01113
0.01098
0.01083
0.01068
0.01053
0.01037
0.01022
0.01006
0.00991
0.00975
0.00959
0.00943
0.00929
0.00913
0.00897
0.00882
0.00867
0.00852
0.00837
0.00823
0.00809
0.00794
0.00781
0.00767
0.00754
0.00741
0.00729
0.00717
0.00706
0.00694
0.00684
0.00674
0.00664
0.00655
0.00646
0.00638
0.00631
0.00623
0.00616
0.0061
0.00604
0.00598
0.00594
0.00588
0.00585
0.00581
0.00577
0.00574
0.00571
0.00569
0.00568
0.00566
0.00566
0.00564
0.00564
0.00564
0.00566
0.00567
0.00568
0.0057
0.00573
0.00576
0.0058
0.00584
0.00589
0.00595
0.00601
0.00608
0.00616
0.00623
0.00632
0.0064
0.0065
0.0066
0.00671
0.00681
0.00693
0.00704
0.00716
0.00728
0.0074
0.00753
0.00766
0.00779
0.00792
0.00804
0.00817
0.00829
0.00842
0.00853
0.00865
0.00876
0.00888
0.00898
0.00909
0.00919
0.00929
0.00938
0.00947
0.00956
0.00965
0.00972
0.0098
0.00987
0.00995
0.01001
0.01008
0.01014
0.0102
0.01026
0.01031
0.01036
0.01041
0.01046
0.0105
0.01054
0.01058
0.01061
0.01065
0.01067
0.0107
0.01072
0.01074
0.01074
0.01076
0.01076
0.01076
0.01075
0.01073
0.01072
0.0107
0.01067
0.01064
0.01059
0.01055
0.0105
0.01045
0.01039
0.01033
0.01025
0.01019
0.01011
0.01004
0.00995
0.00987
0.00979
0.0097
0.00962
0.00953
0.00944
0.00935
0.00926
0.00918
0.00908
0.009
0.00891
0.00883
0.00874
0.00865
0.00856
0.00848
0.0084
0.00832
0.00823
0.00815
0.00806
0.00799
0.0079
0.00782
0.00774
0.00766
0.00757
0.00749
0.0074
0.00732
0.00723
0.00714
0.00706
0.00697
0.00689
0.0068
0.00671
0.00663
0.00654
0.00646
0.00637
0.00629
0.0062
0.00612
0.00604
0.00596
0.00588
0.0058
0.00573
0.00566
0.00558
0.00552
0.00545
0.00539
0.00532
0.00527
0.0052
0.00515
0.00509
0.00505
0.005
0.00495
0.0049
0.00486
0.00482
0.00478
0.00474
0.00471
0.00467
0.00464
0.00461
0.00458
0.00455
0.00453
0.00449
0.00448
0.00445
0.00443
0.00441
0.00438
0.00436
0.00435
0.00433
0.00431
0.00429
0.00427
0.00425
0.00423
0.00421
0.00419
0.00416
0.00414
0.00411
0.00409
0.00405
0.00402
0.00399
0.00395
0.00391
0.00387
0.00382
0.00378
0.00372
0.00367
0.00361
0.00355
0.00348
0.00342
0.00335
0.00327
0.0032
0.00312
0.00304
0.00296
0.00287
0.00279
0.0027
0.00262
0.00253
0.00245
0.00235
0.00227
0.00218
0.0021
0.00201
0.00193
0.00185
0.00177
0.0017
0.00162
0.00155
0.00149
0.00141
0.00135
0.00129
0.00123
0.00117
0.00112
0.00106
0.00102
0.00097
0.00092
0.00088
0.00083
0.00079
0.00075
0.00072
0.00069
0.00064
0.00061
0.00058
0.00055
0.00051
0.00049
0.00046
0.00044
0.00041
0.00038
0.00036
0.00033
0.00032
0.0003
0.00029
0.00028
0.00025
0.00025
0.00024
0.00024
0.00023
0.00023
0.00023
0.00024
0.00024
0.00025
0.00026
0.00026
0.00028
0.0003
0.00031
0.00033
0.00034
0.00036
0.00037
0.0004
0.00041
0.00043
0.00044
0.00046
0.00047
0.00048
0.00049
0.0005
0.00051
0.00051
0.00052
0.00052
0.00052
0.00052
0.00051
0.00051
0.0005
0.00049
0.00048
0.00047
0.00045
0.00044
0.00042
0.0004
0.00038
0.00037
0.00035
0.00033
0.0003
0.00029
0.00026
0.00025
0.00022
0.0002
0.00017
0.00016
0.00013
0.00011
9e-05
7e-05
5e-05
3e-05
1e-05
-0.0
-2e-05
-3e-05
-5e-05
-6e-05
-7e-05
-8e-05
-9e-05
-8e-05
-9e-05
-9e-05
-9e-05
-8e-05
-7e-05
-6e-05
-4e-05
-2e-05
-1e-05
2e-05
5e-05
8e-05
0.00011
0.00016
0.00019
0.00024
0.00029
0.00034
0.00039
0.00044
0.0005
0.00057
0.00063
0.00071
0.00077
0.00085
0.00092
0.001
0.00108
0.00117
0.00124
0.00134
0.00143
0.00152
0.00162
0.00171
0.00182
0.00192
0.00202
0.00214
0.00224
0.00235
0.00246
0.00259
0.0027
0.00282
0.00293
0.00306
0.00318
0.0033
0.00342
0.00354
0.00366
0.00378
0.0039
0.00402
0.00413
0.00425
0.00436
0.00447
0.00457
0.00468
0.00477
0.00488
0.00497
0.00506
0.00515
0.00523
0.00531
0.00539
0.00546
0.00554
0.0056
0.00566
0.00572
0.00577
0.00582
0.00587
0.00591
0.00595
0.00599
0.00602
0.00605
0.00607
0.00609
0.00611
0.00613
0.00615
0.00615
0.00616
0.00616
0.00617
