1.39305327887756E+03

-0.00185
-0.00183
-0.0018
-0.00178
-0.00174
-0.00171
-0.00168
-0.00165
-0.00161
-0.00157
-0.00153
-0.00149
-0.00143
-0.0014
-0.00134
-0.00129
-0.00124
-0.00119
-0.00113
-0.00108
-0.00102
-0.00097
-0.00091
-0.00086
-0.00081
-0.00075
-0.0007
-0.00065
-0.00059
-0.00055
-0.0005
-0.00046
-0.00041
-0.00038
-0.00033
-0.0003
-0.00026
-0.00023
-0.0002
-0.00017
-0.00014
-0.00011
-8e-05
-5e-05
-2e-05
-0.0
3e-05
5e-05
8e-05
0.00011
0.00013
0.00016
0.00019
0.00022
0.00024
0.00027
0.0003
0.00033
0.00036
0.00039
0.00043
0.00046
0.00049
0.00052
0.00056
0.00059
0.00063
0.00066
0.0007
0.00073
0.00076
0.00079
0.00082
0.00086
0.00089
0.00092
0.00095
0.00097
0.00101
0.00103
0.00107
0.00109
0.00111
0.00113
0.00116
0.00118
0.0012
0.00122
0.00124
0.00125
0.00127
0.00129
0.00131
0.00131
0.00133
0.00134
0.00135
0.00136
0.00137
0.00137
0.00138
0.00138
0.00138
0.00138
0.00138
0.00139
0.00139
0.00139
0.00139
0.00138
0.00138
0.00137
0.00137
0.00136
0.00136
0.00135
0.00135
0.00134
0.00133
0.00132
0.00131
0.0013
0.0013
0.00129
0.00128
0.00126
0.00126
0.00125
0.00124
0.00123
0.00122
0.0012
0.0012
0.00119
0.00118
0.00116
0.00115
0.00114
0.00113
0.00112
0.00111
0.00109
0.00109
0.00107
0.00107
0.00105
0.00105
0.00103
0.00103
0.00102
0.00101
0.001
0.001
0.00099
0.00099
0.00098
0.00098
0.00097
0.00098
0.00097
0.00098
0.00097
0.00097
0.00097
0.00098
0.00097
0.00097
0.00097
0.00097
0.00097
0.00098
0.00098
0.00098
0.00097
0.00098
0.00097
0.00098
0.00097
0.00097
0.00096
0.00097
0.00096
0.00096
0.00095
0.00095
0.00095
0.00094
0.00094
0.00094
0.00093
0.00093
0.00092
0.00093
0.00092
0.00092
0.00091
0.00092
0.00092
0.00092
0.00091
0.00091
0.00092
0.00092
0.00092
0.00092
0.00092
0.00092
0.00092
0.00092
0.00092
0.00092
0.00091
0.00091
0.00089
0.00088
0.00087
0.00086
0.00084
0.00082
0.0008
0.00078
0.00075
0.00072
0.00069
0.00066
0.00061
0.00058
0.00053
0.00049
0.00044
0.00039
0.00033
0.00028
0.00022
0.00017
0.00011
5e-05
-2e-05
-8e-05
-0.00015
-0.0002
-0.00027
-0.00033
-0.00041
-0.00046
-0.00053
-0.0006
-0.00066
-0.00073
-0.00079
-0.00086
-0.00092
-0.00099
-0.00106
-0.00112
-0.00118
-0.00125
-0.00131
-0.00138
-0.00145
-0.0015
-0.00157
-0.00164
-0.0017
-0.00177
-0.00183
-0.00189
-0.00195
-0.002
-0.00207
-0.00212
-0.00218
-0.00222
-0.00228
-0.00232
-0.00238
-0.00241
-0.00245
-0.00249
-0.00252
-0.00255
-0.00257
-0.00259
-0.00261
-0.00261
-0.00263
-0.00263
-0.00263
-0.00262
-0.00262
-0.0026
-0.00259
-0.00257
-0.00255
-0.00253
-0.0025
-0.00248
-0.00244
-0.00241
-0.00238
-0.00234
-0.00231
-0.00227
-0.00224
-0.00219
-0.00216
-0.00212
-0.00208
-0.00204
-0.002
-0.00196
-0.00193
-0.00189
-0.00185
-0.00181
-0.00177
-0.00172
-0.00169
-0.00164
-0.0016
-0.00155
-0.00151
-0.00146
-0.00142
-0.00136
-0.00131
-0.00126
-0.0012
-0.00115
-0.00109
-0.00103
-0.00097
-0.0009
-0.00084
-0.00077
-0.00071
-0.00064
-0.00057
-0.0005
-0.00043
-0.00036
-0.00029
-0.00022
-0.00015
-8e-05
-1e-05
6e-05
0.00013
0.0002
0.00026
0.00034
0.00039
0.00046
0.00052
0.00058
0.00063
0.0007
0.00074
0.0008
0.00084
0.00088
0.00093
0.00097
0.001
0.00104
0.00106
0.0011
0.00112
0.00114
0.00115
0.00117
0.00117
0.00119
0.00118
0.00118
0.00118
0.00117
0.00116
0.00114
0.00113
0.00111
0.00108
0.00106
0.00103
0.00101
0.00097
0.00094
0.00091
0.00088
0.00084
0.00081
0.00077
0.00074
0.00071
0.00068
0.00064
0.00062
0.00058
0.00056
0.00054
0.00052
0.00049
0.00048
0.00045
0.00045
0.00043
0.00042
0.00041
0.0004
0.00039
0.00039
0.00039
0.00039
0.00038
0.00039
0.00039
0.00039
0.00039
0.0004
0.0004
0.00041
0.00041
0.00041
0.00042
0.00042
0.00042
0.00043
0.00043
0.00044
0.00043
0.00044
0.00043
0.00044
0.00044
0.00044
0.00043
0.00044
0.00044
0.00044
0.00043
0.00043
0.00043
0.00043
0.00043
0.00043
0.00042
0.00043
0.00042
0.00043
0.00042
0.00042
0.00042
0.00043
0.00042
0.00042
0.00042
0.00042
0.00043
0.00043
0.00044
0.00045
0.00044
0.00045
0.00046
0.00047
0.00047
0.00048
0.00048
0.0005
0.00051
0.00052
0.00053
0.00054
0.00055
0.00057
0.00058
0.0006
0.0006
0.00062
0.00064
0.00066
0.00067
0.00069
0.0007
0.00073
0.00074
0.00076
0.00078
0.0008
0.00082
0.00085
0.00087
0.00089
0.00091
0.00094
0.00096
0.00098
0.001
0.00103
0.00104
0.00107
0.00109
0.00111
0.00113
0.00114
0.00116
0.00118
0.00119
0.0012
0.00121
0.00122
0.00122
0.00123
0.00122
0.00122
0.00121
0.0012
0.00119
0.00117
0.00114
0.00112
0.00109
0.00107
0.00103
0.001
0.00095
0.00091
0.00086
0.00082
0.00076
0.00071
0.00065
0.0006
0.00054
0.00047
0.00041
0.00034
0.00028
0.00021
0.00014
8e-05
0.0
-6e-05
-0.00014
-0.0002
-0.00028
-0.00035
-0.00043
-0.00049
-0.00057
-0.00064
-0.00071
-0.00079
-0.00086
-0.00092
-0.00099
-0.00106
-0.00113
-0.00119
-0.00126
-0.00132
-0.00138
-0.00144
-0.0015
-0.00154
-0.00159
-0.00164
-0.00169
-0.00173
-0.00176
-0.00179
-0.00181
-0.00183
-0.00186
-0.00186
-0.00187
-0.00187
-0.00187
-0.00186
-0.00185
-0.00183
-0.00181
-0.00178
-0.00175
-0.00172
-0.00168
-0.00164
-0.00159
-0.00154
-0.0015
-0.00144
-0.00138
-0.00132
-0.00127
-0.0012
-0.00115
-0.00107
-0.00101
-0.00095
-0.00089
-0.00082
-0.00075
-0.00068
-0.00061
-0.00054
-0.00047
-0.0004
-0.00033
-0.00025
-0.00019
-0.00011
-4e-05
4e-05
0.00011
0.00019
0.00027
0.00034
0.00042
0.0005
0.00058
0.00066
0.00073
0.00081
0.00088
0.00097
0.00103
0.00111
0.00118
0.00125
0.00131
0.00138
0.00144
0.00149
0.00155
0.00161
0.00166
0.00171
0.00175
0.0018
0.00184
0.00188
0.00192
0.00195
0.00198
0.00202
0.00205
0.00208
0.0021
0.00213
0.00216
0.00219
0.00222
0.00225
0.00227
0.00231
0.00233
0.00236
0.00239
0.00242
0.00244
0.00248
0.0025
0.00253
0.00256
0.00259
0.00261
0.00264
0.00266
0.00269
0.0027
0.00272
0.00273
0.00275
0.00275
0.00276
0.00276
0.00277
0.00276
0.00275
0.00274
0.00273
0.00272
0.0027
0.00268
0.00266
0.00262
0.0026
0.00256
0.00253
0.00249
0.00245
0.00241
0.00237
0.00232
0.00227
0.00222
0.00217
0.00212
0.00207
0.00202
0.00197
0.0019
0.00185
0.00179
0.00174
0.00168
0.00162
0.00155
0.0015
0.00144
0.00137
0.00131
0.00125
0.00119
0.00113
0.00108
0.00102
0.00096
0.00091
0.00086
0.00081
0.00076
0.00072
0.00067
0.00064
0.0006
0.00057
0.00054
0.00051
0.00049
0.00047
0.00046
0.00045
0.00044
0.00044
0.00044
0.00045
0.00045
0.00046
0.00047
0.00049
0.00051
0.00052
0.00055
0.00057
0.00059
0.00062
0.00065
0.00068
0.0007
0.00074
0.00076
0.0008
0.00083
0.00086
0.00089
0.00093
0.00096
0.00098
0.00102
0.00105
0.00108
0.00111
0.00114
0.00118
0.0012
0.00124
0.00126
0.0013
0.00132
0.00135
0.00137
0.00139
0.00141
0.00143
0.00145
0.00146
0.00147
0.00148
0.00149
0.0015
0.0015
0.0015
0.0015
0.0015
0.00148
0.00148
0.00146
0.00145
0.00144
0.00142
0.0014
0.00138
0.00137
0.00135
0.00134
0.00132
0.00131
0.0013
0.00129
0.00129
0.00129
0.00129
0.00129
0.00131
0.00133
0.00134
0.00137
0.00141
0.00145
0.0015
0.00155
0.00162
0.00168
0.00177
0.00185
0.00195
0.00205
0.00216
0.00228
0.00242
0.00256
0.0027
0.00287
0.00304
0.00322
0.00342
0.00363
0.00385
0.00408
0.00433
0.00458
0.00486
0.00515
0.00545
0.00576
0.0061
0.00645
0.00681
0.00719
0.00759
0.00801
0.00844
0.00888
0.00935
0.00983
0.01033
0.01084
0.01137
0.01192
0.01248
0.01305
0.01364
0.01425
0.01486
0.0155
0.01614
0.0168
0.01747
0.01815
0.01884
0.01955
0.02026
0.02098
0.02171
0.02246
0.0232
0.02396
0.02473
0.02551
0.02629
0.02708
0.02787
0.02868
0.02949
0.0303
0.03113
0.03196
0.03279
0.03363
0.03447
0.03533
0.03618
0.03703
0.03789
0.03876
0.03962
0.04049
0.04136
0.04224
0.04311
0.04398
0.04486
0.04574
0.04661
0.04748
0.04835
0.04923
0.05009
0.05096
0.05182
0.05269
0.05354
0.0544
0.05525
0.05611
0.05696
0.0578
0.05864
0.05948
0.06032
0.06115
0.06198
0.06281
0.06363
0.06446
0.06527
0.06609
0.0669
0.0677
0.0685
0.0693
0.07009
0.07087
0.07165
0.07242
0.07318
0.07393
0.07468
0.07542
0.07614
0.07686
0.07757
0.07826
0.07895
0.07962
0.08028
0.08093
0.08157
0.08219
0.08281
0.08342
0.08401
0.08459
0.08517
0.08574
0.0863
0.08685
0.0874
0.08795
0.08848
0.08901
0.08955
0.09007
0.0906
0.09112
0.09165
0.09218
0.0927
0.09323
0.09375
0.09429
0.09481
0.09534
0.09587
0.09639
0.09692
0.09744
0.09796
0.09847
0.09898
0.09948
0.09997
0.10046
0.10093
0.1014
0.10185
0.1023
0.10272
0.10313
0.10353
0.10392
0.10429
0.10464
0.10498
0.1053
0.1056
0.10589
0.10617
0.10643
0.10668
0.10692
0.10714
0.10737
0.10757
0.10777
0.10797
0.10816
0.10834
0.10852
0.1087
0.10887
0.10904
0.10921
0.10938
0.10956
0.10973
0.1099
0.11007
0.11025
0.11043
0.11061
0.11078
0.11096
0.11113
0.11131
0.11148
0.11165
0.11181
0.11197
0.11212
0.11227
0.11241
0.11254
0.11266
0.11278
0.11288
0.11299
0.11307
0.11315
0.11321
0.11327
0.11332
0.11335
0.11337
0.11338
0.11339
0.11339
0.11337
0.11336
0.11333
0.1133
0.11325
0.11321
0.11316
0.11311
0.11305
0.11299
0.11294
0.11287
0.1128
0.11274
0.11267
0.1126
0.11254
0.11247
0.1124
0.11233
0.11226
0.1122
0.11213
0.11206
0.11198
0.11191
0.11183
0.11175
0.11166
0.11157
0.11147
0.11137
0.11125
0.11113
0.111
0.11087
0.11072
0.11057
0.11039
0.11022
0.11002
0.10982
0.10961
0.10938
0.10914
0.10888
0.10862
0.10835
0.10806
0.10776
0.10746
0.10714
0.10682
0.10649
0.10615
0.1058
0.10546
0.1051
0.10475
0.10439
0.10403
0.10366
0.1033
0.10294
0.10258
0.10223
0.10187
0.10153
0.10118
0.10085
0.10051
0.10018
0.09985
0.09953
0.09921
0.0989
0.09859
0.09828
0.09798
0.09768
0.09737
0.09708
0.09678
0.09649
0.0962
0.09591
0.09561
0.09531
0.09502
0.09472
0.09443
0.09412
0.09382
0.09352
0.09321
0.09291
0.0926
0.0923
0.09199
0.09168
0.09137
0.09107
0.09076
0.09046
0.09017
0.08987
0.08957
0.08928
0.08899
0.08871
0.08843
0.08816
0.08789
0.08763
0.08737
0.08711
0.08686
0.08662
0.08638
0.08614
0.08591
0.08568
0.08546
0.08523
0.08501
0.08479
0.08457
0.08435
0.08412
0.08391
0.08368
0.08346
0.08324
0.08301
0.08278
0.08255
0.08232
0.08208
0.08184
0.0816
0.08135
0.0811
0.08085
0.0806
0.08034
0.08008
0.07981
0.07955
0.07929
0.07902
0.07875
0.07848
0.07821
0.07794
0.07767
0.07739
0.07712
0.07685
0.07658
0.07631
0.07605
0.07578
0.07551
0.07524
0.07498
0.07472
0.07445
0.07419
0.07392
0.07366
0.07339
0.07313
0.07286
0.0726
0.07233
0.07206
0.07179
0.07152
0.07125
0.07097
0.0707
0.07042
0.07013
0.06985
0.06957
0.06928
0.06899
0.0687
0.0684
0.0681
0.0678
0.0675
0.0672
0.06689
0.06659
0.06628
0.06598
0.06567
0.06536
0.06505
0.06474
0.06444
0.06413
0.06382
0.06352
0.06322
0.06291
0.06261
0.06232
0.06202
0.06173
0.06144
0.06115
0.06086
0.06058
0.0603
0.06002
0.05975
0.05947
0.05921
0.05894
0.05867
0.05841
0.05815
0.05789
0.05764
0.05738
0.05713
0.05689
0.05664
0.05639
0.05615
0.05591
0.05567
0.05543
0.0552
0.05497
0.05474
0.05451
0.05428
0.05406
0.05384
0.05362
0.0534
0.05319
0.05298
0.05277
0.05256
0.05236
0.05217
0.05197
0.05178
0.05159
0.05141
0.05123
0.05105
0.05087
0.0507
0.05054
0.05037
0.05021
0.05005
0.0499
0.04974
0.0496
0.04945
0.0493
0.04916
0.04902
0.04888
0.04874
0.04861
0.04847
0.04834
0.04821
0.04808
0.04795
0.04782
0.04769
0.04756
0.04744
0.04731
0.04718
0.04706
0.04693
0.04681
0.04669
0.04657
0.04645
0.04633
0.04621
0.04608
0.04597
0.04585
0.04573
0.04562
0.0455
0.04538
0.04527
0.04516
0.04504
0.04493
0.04482
0.0447
0.04459
0.04447
0.04435
0.04423
0.04412
0.04399
0.04387
0.04375
0.04362
0.04349
0.04336
0.04323
0.04309
0.04296
0.04282
0.04267
0.04252
0.04237
0.04222
0.04206
0.0419
0.04174
0.04157
0.04141
0.04123
0.04106
0.04088
0.04071
0.04053
0.04035
0.04017
0.03998
0.0398
0.03961
0.03942
0.03923
0.03905
0.03886
0.03867
0.03848
0.03829
0.03811
0.03792
0.03773
0.03755
0.03736
0.03718
0.03699
0.0368
0.03662
0.03643
0.03624
0.03606
0.03587
0.03569
0.0355
0.03532
0.03512
0.03494
0.03475
0.03455
0.03436
0.03417
0.03397
0.03377
0.03357
0.03337
0.03317
0.03297
0.03276
0.03256
0.03234
0.03213
0.03192
0.03171
0.03149
0.03128
0.03106
0.03085
0.03063
0.03041
0.03019
0.02998
0.02975
0.02954
0.02932
0.0291
0.02888
0.02867
0.02845
0.02823
0.02802
0.02781
0.0276
0.02739
0.02717
0.02697
0.02676
0.02656
0.02635
0.02615
0.02594
0.02575
0.02555
0.02536
0.02517
0.02497
0.02479
0.02461
0.02443
0.02425
0.02407
0.0239
0.02373
0.02357
0.02341
0.02325
0.0231
0.02295
0.0228
0.02266
0.02252
0.02238
0.02225
0.02213
0.022
0.02188
0.02176
0.02164
0.02153
0.02142
0.02131
0.0212
0.02109
0.02099
0.02089
0.02079
0.02068
0.02058
0.02049
0.02039
0.0203
0.0202
0.0201
0.02001
0.01992
0.01983
0.01974
0.01965
0.01956
0.01948
0.01939
0.01931
0.01923
0.01914
0.01907
0.01899
0.01892
0.01885
0.01877
0.01871
0.01864
0.01857
0.0185
0.01844
0.01838
0.01832
0.01825
0.01819
0.01813
0.01807
0.01801
0.01795
0.01788
0.01782
0.01775
0.01769
0.01763
0.01756
0.01749
0.01743
0.01735
0.01729
0.01721
0.01714
0.01707
0.01699
0.01692
0.01685
0.01678
0.01671
0.01663
0.01656
0.01649
0.01643
0.01635
0.01629
0.01622
0.01616
0.01609
0.01603
0.01597
0.01591
0.01585
0.01579
0.01573
0.01568
0.01562
0.01557
0.01551
0.01546
0.0154
0.01535
0.01529
0.01524
0.01519
0.01513
0.01508
0.01503
0.01498
0.01493
0.01488
0.01484
0.01479
0.01475
0.01471
0.01467
0.01463
0.0146
0.01456
0.01454
0.01451
0.01449
0.01447
0.01445
0.01444
0.01444
0.01443
0.01443
0.01443
0.01443
0.01444
0.01445
0.01445
0.01447
0.01447
0.01449
0.0145
0.01451
0.01453
0.01454
0.01455
0.01456
0.01457
0.01458
0.01458
0.01459
0.01459
0.01459
0.01459
0.01458
0.01457
0.01457
0.01455
0.01454
0.01452
0.0145
0.01448
0.01446
0.01443
0.01441
0.01437
0.01434
0.0143
0.01426
0.01422
0.01418
0.01412
0.01408
0.01402
0.01396
0.0139
0.01384
0.01377
0.0137
0.01362
0.01355
0.01346
0.01337
0.01328
0.01319
0.01308
0.01298
0.01287
0.01277
0.01266
0.01254
0.01242
0.0123
0.01218
0.01206
0.01194
0.01182
0.01169
0.01157
0.01144
0.01133
0.0112
0.01109
0.01096
0.01086
0.01074
0.01063
0.01052
0.01042
0.01032
0.01023
0.01013
0.01005
0.00995
0.00987
0.00979
0.00972
0.00964
0.00958
0.00951
0.00945
0.00939
0.00934
0.00929
0.00924
0.0092
0.00916
0.00912
0.00909
0.00906
0.00904
0.00901
0.009
0.00898
0.00898
0.00896
0.00897
0.00897
0.00897
0.00897
0.00898
0.009
0.00901
0.00903
0.00906
0.00907
0.0091
0.00912
0.00916
0.00918
0.00921
0.00923
0.00927
0.00929
0.00932
0.00934
0.00937
0.00939
0.00942
0.00944
0.00946
0.00948
0.0095
0.00951
0.00953
0.00954
0.00955
0.00956
0.00957
0.00957
0.00958
0.00958
0.00958
0.00959
0.00959
0.00959
0.00959
0.00958
0.00959
0.00958
0.00958
0.00957
0.00956
0.00955
0.00954
0.00953
0.00951
0.00949
0.00947
0.00945
0.00943
0.0094
0.00937
0.00934
0.00931
0.00926
0.00923
0.00918
0.00913
0.00908
0.00903
0.00897
0.00891
0.00885
0.00879
0.00872
0.00866
0.00859
0.00852
0.00845
0.00838
0.00831
0.00824
0.00817
0.0081
0.00802
0.00796
0.00788
0.00782
0.00774
0.00768
0.00761
0.00755
0.00748
0.00742
0.00735
0.00729
0.00722
0.00716
0.00709
0.00704
0.00697
0.00692
0.00685
0.00679
0.00673
0.00667
0.00661
0.00656
0.0065
0.00645
0.00639
0.00634
0.00629
0.00624
0.00619
0.00615
0.0061
0.00607
0.00602
0.00599
0.00596
0.00593
0.00591
0.00589
0.00587
0.00586
0.00584
0.00584
0.00583
0.00584
0.00583
0.00584
0.00584
0.00586
0.00586
0.00588
0.00589
0.0059
0.00592
0.00594
0.00596
0.00598
0.00599
0.00601
0.00602
0.00604
0.00605
0.00607
0.00608
0.0061
0.00611
0.00613
0.00614
0.00615
0.00616
0.00618
0.00619
0.00621
0.00622
0.00624
0.00625
0.00627
0.00629
0.00631
0.00633
0.00635
0.00637
0.0064
0.00643
0.00645
0.00648
0.00651
0.00655
0.00658
0.00661
0.00664
0.00668
0.00671
0.00674
0.00678
0.0068
0.00684
0.00686
0.00689
0.00692
0.00694
0.00697
0.00699
0.00701
0.00703
0.00704
0.00706
0.00706
0.00708
0.00708
0.00709
0.00709
0.0071
0.0071
0.00709
0.00709
0.00709
0.00708
0.00708
0.00707
0.00706
0.00705
0.00704
0.00702
0.00701
0.00698
0.00697
0.00694
0.00692
0.00689
0.00686
0.00683
0.00679
0.00675
0.00671
0.00666
0.00662
0.00656
0.0065
0.00644
0.00638
0.00631
0.00624
0.00617
0.0061
0.00601
0.00594
0.00585
0.00576
0.00568
0.00559
0.00551
0.00542
0.00533
0.00525
0.00516
0.00508
0.00499
0.00491
0.00482
0.00475
0.00467
0.00459
0.00452
0.00445
0.00438
0.00431
0.00425
0.00419
0.00412
0.00407
0.004
0.00395
0.00389
0.00383
0.00377
0.00372
0.00366
0.00361
0.00355
0.00349
0.00343
0.00337
0.00331
0.00325
0.00318
0.00312
0.00305
0.00299
0.00291
0.00285
0.00277
0.00271
0.00264
0.00257
0.0025
0.00243
0.00236
0.0023
0.00224
0.00218
0.00211
0.00206
0.00201
0.00196
0.00191
0.00186
0.00182
0.00179
0.00175
0.00172
0.00169
0.00166
0.00164
0.00162
0.0016
0.00159
0.00157
0.00157
0.00156
0.00156
0.00155
0.00155
0.00154
0.00154
0.00154
0.00154
0.00153
0.00152
0.00152
0.00151
0.0015
0.0015
0.00148
0.00147
0.00144
0.00143
0.00139
0.00137
0.00133
0.0013
0.00126
0.00121
0.00117
0.00111
0.00106
0.00101
0.00095
0.00089
0.00082
0.00075
0.00068
0.00062
0.00054
0.00047
0.00039
0.00033
0.00025
0.00019
0.00011
4e-05
-2e-05
-8e-05
-0.00015
-0.0002
-0.00027
-0.00031
-0.00037
-0.00041
-0.00046
-0.0005
-0.00055
-0.00058
-0.00062
-0.00065
-0.00068
-0.00071
-0.00073
-0.00075
-0.00077
-0.00079
-0.00082
-0.00083
-0.00085
-0.00086
-0.00088
-0.00089
-0.00091
-0.00091
-0.00092
-0.00093
-0.00094
-0.00095
-0.00095
-0.00095
-0.00095
-0.00095
-0.00095
-0.00094
-0.00093
-0.00092
-0.00091
-0.00089
-0.00087
-0.00084
-0.00081
-0.00079
-0.00075
-0.00072
-0.00068
-0.00064
-0.00059
-0.00054
-0.0005
-0.00045
-0.0004
-0.00034
-0.00029
-0.00023
-0.00018
-0.00012
-6e-05
-0.0
6e-05
0.00012
0.00018
0.00024
0.00031
0.00037
0.00043
0.0005
0.00056
0.00064
0.0007
0.00077
0.00083
0.00091
0.00098
0.00106
0.00113
0.0012
0.00128
0.00136
0.00144
0.00153
0.0016
0.00169
0.00177
0.00186
0.00193
0.00202
0.0021
0.00219
0.00226
0.00234
0.00242
0.00249
0.00257
0.00265
0.00272
0.00279
0.00285
0.00292
0.00298
0.00304
0.00309
0.00315
0.0032
0.00325
0.0033
0.00334
0.00338
0.00342
0.00345
0.00349
0.00352
0.00355
0.00357
0.00359
0.00361
0.00363
0.00364
0.00366
0.00366
0.00367
0.00367
0.00366
0.00365
0.00364
0.00362
0.00361
0.00358
0.00356
0.00351
0.00348
0.00343
0.00339
0.00333
0.00328
0.00321
0.00314
0.00307
0.00299
0.0029
0.00281
0.00272
0.00263
0.00253
0.00243
0.00231
0.00221
0.00209
0.00199
0.00186
0.00175
0.00162
0.00151
0.00138
0.00126
0.00113
0.00101
0.00088
0.00076
0.00064
0.00052
0.00039
0.00028
0.00016
5e-05
-7e-05
-0.00018
-0.0003
-0.0004
-0.00051
-0.00061
-0.00071
-0.00081
-0.00091
-0.001
-0.00108
-0.00116
-0.00125
-0.00132
-0.00139
-0.00145
-0.00152
-0.00157
-0.00163
-0.00168
-0.00172
-0.00176
-0.0018
-0.00183
-0.00186
-0.00188
-0.00189
-0.0019
-0.00191
-0.00191
-0.00191
-0.0019
-0.00189
-0.00188
-0.00186
-0.00183
-0.0018
-0.00177
-0.00174
-0.0017
-0.00166
-0.00161
-0.00156
-0.0015
-0.00145
-0.00139
-0.00133
-0.00126
-0.0012
-0.00113
-0.00106
-0.00098
-0.00091
-0.00083
-0.00076
-0.00068
-0.0006
-0.00052
-0.00044
-0.00035
-0.00028
-0.00019
-0.00012
-3e-05
4e-05
0.00012
0.00019
0.00027
0.00034
0.00041
0.00047
0.00054
0.0006
0.00066
0.00072
0.00077
0.00082
0.00087
0.00091
0.00096
0.00099
0.00103
0.00106
0.00109
0.00111
0.00113
0.00115
0.00117
0.00118
0.00119
0.0012
0.00121
0.0012
0.0012
0.0012
0.0012
0.00118
0.00117
0.00116
0.00115
0.00113
0.00111
0.00109
0.00106
0.00104
0.00102
0.001
0.00097
0.00094
0.00092
0.00089
0.00087
0.00083
0.00081
0.00077
0.00075
0.00072
0.0007
0.00067
0.00064
0.00062
0.0006
0.00058
0.00056
0.00054
0.00052
0.00051
0.0005
0.00048
0.00047
0.00046
0.00046
0.00045
0.00045
0.00044
0.00044
0.00044
0.00045
0.00045
0.00046
0.00046
0.00048
0.00048
0.0005
0.00051
0.00053
0.00054
0.00056
0.00058
0.0006
0.00061
0.00063
0.00066
0.00068
0.00071
0.00073
0.00075
0.00078
0.0008
0.00083
0.00085
0.00087
0.00089
0.00093
0.00094
0.00097
0.00099
0.001
0.00103
0.00105
0.00106
0.00108
0.00109
0.00111
0.00112
0.00113
0.00113
0.00114
0.00114
0.00115
0.00115
0.00115
0.00114
0.00113
0.00113
0.00112
0.00111
0.00111
0.00109
0.00108
0.00106
0.00105
0.00103
0.00101
0.00099
0.00098
0.00096
0.00094
0.00092
0.0009
0.00088
0.00087
0.00085
0.00084
0.00082
0.0008
0.00079
0.00077
0.00075
0.00074
0.00072
0.00071
0.00069
0.00068
0.00066
0.00064
0.00062
0.0006
0.00058
0.00057
0.00054
0.00051
0.00048
0.00046
0.00043
0.00039
0.00035
0.00033
0.00028
0.00024
0.0002
0.00015
0.00011
6e-05
1e-05
-3e-05
-9e-05
-0.00014
-0.00019
-0.00024
-0.0003
-0.00036
-0.00042
-0.00046
-0.00052
-0.00057
-0.00063
-0.00069
-0.00074
-0.00079
-0.00084
-0.00088
-0.00094
-0.00098
-0.00103
-0.00107
-0.00112
-0.00116
-0.00121
-0.00125
-0.00129
-0.00133
-0.00137
-0.0014
-0.00143
-0.00146
-0.0015
-0.00152
-0.00156
-0.00158
-0.00161
-0.00163
-0.00165
-0.00167
-0.00169
-0.0017
-0.00172
-0.00173
-0.00174
-0.00175
-0.00175
-0.00175
-0.00175
-0.00174
-0.00174
-0.00173
-0.00172
-0.0017
-0.00169
-0.00166
-0.00164
-0.00161
-0.00158
-0.00155
-0.00152
-0.00149
-0.00144
-0.0014
-0.00136
-0.00131
-0.00126
-0.00121
-0.00116
-0.0011
-0.00105
-0.00098
-0.00093
-0.00086
-0.0008
-0.00074
-0.00067
-0.00061
-0.00054
-0.00047
-0.0004
-0.00033
-0.00027
-0.00019
-0.00013
-5e-05
1e-05
8e-05
0.00015
0.00022
0.00028
0.00035
0.00041
0.00047
0.00053
0.00059
0.00064
0.0007
0.00075
0.00081
0.00085
0.0009
0.00094
0.00099
0.00102
0.00107
0.0011
0.00113
0.00117
0.00119
0.00122
0.00125
0.00128
0.00131
0.00132
0.00135
0.00137
0.00139
0.00141
0.00143
0.00144
0.00147
0.00148
0.0015
0.00152
0.00154
0.00156
0.00158
0.0016
0.00163
0.00165
0.00168
0.0017
0.00173
0.00175
0.00178
0.0018
0.00184
0.00186
0.00189
0.00192
0.00195
0.00198
0.00201
0.00205
0.00208
0.0021
0.00213
0.00216
0.00219
0.00221
0.00224
0.00226
0.00229
0.0023
0.00232
0.00234
0.00235
0.00236
0.00238
0.00239
0.0024
0.0024
0.00241
0.00241
0.00242
0.00241
0.00241
0.00241
0.00241
0.00241
0.0024
0.00239
0.00239
0.00239
0.00238
0.00238
0.00238
0.00237
0.00237
0.00237
0.00237
0.00236
0.00236
0.00236
0.00236
0.00236
0.00236
0.00236
0.00236
0.00236
0.00236
0.00236
0.00236
0.00235
0.00236
0.00235
0.00235
0.00234
0.00233
0.00232
0.00232
0.0023
0.00229
0.00228
0.00226
0.00225
0.00223
0.00222
0.0022
0.00218
0.00217
0.00215
0.00213
0.00211
0.0021
0.00208
0.00208
0.00206
0.00205
0.00204
0.00202
0.00202
0.00202
0.00201
0.00201
0.002
0.00201
0.00201
0.00201
0.00201
0.00202
0.00202
0.00203
0.00204
0.00204
0.00204
0.00205
0.00205
0.00206
0.00206
0.00207
0.00206
0.00207
0.00206
0.00206
0.00206
0.00206
0.00205
0.00205
0.00204
0.00203
0.00202
0.00202
0.00201
0.002
0.002
0.00199
0.00198
0.00198
0.00197
0.00197
0.00196
0.00196
0.00195
0.00195
0.00194
0.00194
0.00193
0.00192
0.00192
0.00191
0.00191
0.0019
0.00188
0.00188
0.00187
0.00186
0.00184
0.00183
0.00181
0.0018
0.00177
0.00175
0.00173
0.0017
0.00168
0.00165
0.00163
0.0016
0.00157
0.00154
0.00151
0.00148
0.00145
0.00142
0.00138
0.00136
0.00133
0.0013
0.00127
0.00124
0.00122
0.0012
0.00117
0.00115
0.00112
0.0011
0.00108
0.00107
0.00104
0.00103
0.001
0.00099
0.00097
0.00096
0.00094
0.00093
0.00091
0.0009
0.00088
0.00087
0.00085
0.00084
0.00083
0.00082
0.0008
0.00079
0.00077
0.00076
0.00074
0.00073
0.00071
0.0007
0.00068
0.00067
0.00066
0.00064
0.00062
0.00061
0.00059
0.00058
0.00056
0.00054
0.00052
0.00051
0.00049
0.00047
0.00045
0.00043
0.00041
0.00039
0.00037
0.00035
0.00033
0.00031
0.00029
0.00027
0.00024
0.00022
0.0002
0.00018
0.00016
0.00013
0.00011
9e-05
7e-05
6e-05
4e-05
2e-05
-1e-05
-2e-05
-4e-05
-5e-05
-7e-05
-8e-05
-0.0001
-0.00011
-0.00012
-0.00013
-0.00015
-0.00016
-0.00017
-0.00018
-0.00019
-0.0002
-0.00021
-0.00022
-0.00023
-0.00024
-0.00025
-0.00026
-0.00027
-0.00028
-0.00029
-0.0003
-0.00031
-0.00032
-0.00033
-0.00033
-0.00034
-0.00034
-0.00036
-0.00036
-0.00036
-0.00036
-0.00037
-0.00037
-0.00037
-0.00036
-0.00036
-0.00036
-0.00035
-0.00034
-0.00033
-0.00031
-0.00029
-0.00027
-0.00026
-0.00023
-0.00021
-0.00018
-0.00016
-0.00012
-0.0001
-6e-05
-3e-05
0.0
4e-05
7e-05
0.00011
0.00014
0.00018
0.00022
0.00025
0.00029
0.00031
0.00035
0.00037
0.0004
0.00042
0.00045
0.00047
0.00049
0.00051
0.00052
0.00054
0.00055
0.00056
0.00057
0.00057
0.00058
0.00058
0.00059
0.00058
0.00059
0.00058
0.00059
0.00058
0.00058
0.00057
0.00057
0.00056
0.00056
0.00056
0.00056
0.00054
0.00054
0.00053
0.00053
0.00052
0.00051
0.0005
0.00049
0.00048
0.00047
0.00045
0.00043
0.00042
0.0004
0.00037
0.00035
0.00032
0.0003
0.00026
0.00024
0.0002
0.00017
0.00012
9e-05
4e-05
-0.0
-5e-05
-9e-05
-0.00014
-0.00018
-0.00023
-0.00028
-0.00033
-0.00038
-0.00043
-0.00047
-0.00052
-0.00057
-0.00062
-0.00066
-0.00071
-0.00076
-0.0008
-0.00085
-0.00089
-0.00093
-0.00097
-0.00101
-0.00106
-0.0011
-0.00114
-0.00117
-0.00122
-0.00126
-0.0013
-0.00133
-0.00137
-0.0014
-0.00144
-0.00148
-0.00151
-0.00154
-0.00157
-0.00159
-0.00163
-0.00165
-0.00168
-0.00169
-0.00172
-0.00173
-0.00175
-0.00176
-0.00177
-0.00178
-0.00178
-0.00179
-0.00178
-0.00178
-0.00177
-0.00176
-0.00176
-0.00174
-0.00172
-0.0017
-0.00169
-0.00166
-0.00164
-0.00161
-0.00158
-0.00155
-0.00152
-0.00149
-0.00145
-0.00142
-0.00138
-0.00133
-0.0013
-0.00125
-0.0012
-0.00115
-0.0011
-0.00104
-0.00099
-0.00093
-0.00087
-0.0008
-0.00073
-0.00066
-0.00058
-0.0005
-0.00042
-0.00032
-0.00024
-0.00014
-5e-05
6e-05
0.00017
0.00028
0.00038
0.00051
0.00063
0.00075
0.00087
0.001
0.00113
0.00126
0.0014
0.00154
0.00167
0.00182
0.00196
0.0021
0.00224
0.00239
0.00253
0.00268
0.00283
0.00298
0.00312
0.00327
0.00342
0.00358
0.00373
0.00388
0.00403
0.00419
0.00434
0.00449
0.00464
0.0048
0.00495
0.00511
0.00525
0.00541
0.00555
0.0057
0.00585
0.00599
0.00613
0.00628
0.0064
0.00654
0.00666
0.00679
0.00689
0.00701
0.00711
0.00722
0.00731
0.00739
0.00747
0.00754
0.00761
0.00768
0.00773
0.00778
0.00782
0.00786
0.00788
0.00791
0.00793
0.00794
0.00795
0.00796
0.00795
0.00795
0.00794
0.00793
0.00791
0.0079
0.00787
0.00786
0.00782
0.0078
0.00776
0.00774
0.0077
0.00766
0.00761
0.00758
0.00753
0.00748
0.00743
0.00737
0.00732
0.00726
0.0072
0.00713
0.00706
0.00699
0.00692
0.00684
0.00676
0.00668
0.00659
0.00651
0.00643
0.00634
0.00625
0.00616
0.00608
0.00599
0.00591
0.00582
0.00573
0.00566
0.00557
0.0055
0.00542
0.00535
0.00528
0.00522
0.00516
0.00509
0.00503
0.00497
0.00492
0.00487
0.00482
0.00477
0.00471
0.00467
0.00461
0.00457
0.00451
0.00446
0.00439
0.00434
0.00428
0.00421
0.00414
0.00407
0.00399
0.00392
0.00384
0.00376
0.00366
0.00358
0.00348
0.00339
0.00329
0.00319
0.00309
0.003
0.00289
0.0028
0.0027
0.0026
0.0025
0.00241
0.00232
0.00224
0.00214
0.00207
0.00198
0.00191
0.00183
0.00177
0.0017
0.00164
0.00157
0.00151
0.00145
0.00139
0.00134
0.00129
0.00124
0.00119
0.00112
0.00108
0.00102
0.00097
0.00091
0.00085
0.00078
0.00073
0.00066
0.00059
0.00052
0.00045
0.00038
0.0003
0.00023
0.00015
7e-05
-1e-05
-9e-05
-0.00017
-0.00026
-0.00033
-0.00042
-0.00049
-0.00057
-0.00065
-0.00072
-0.0008
-0.00087
-0.00094
-0.001
-0.00106
-0.00113
-0.00118
-0.00124
-0.00128
-0.00133
-0.00137
-0.00142
-0.00145
-0.00148
-0.00151
-0.00154
-0.00156
-0.00158
-0.00159
-0.00161
-0.00161
-0.00162
-0.00161
-0.00161
-0.0016
-0.00159
-0.00157
-0.00156
-0.00153
-0.00151
-0.00147
-0.00144
-0.0014
-0.00136
-0.00131
-0.00126
-0.00119
-0.00114
-0.00107
-0.00101
-0.00093
-0.00086
-0.00077
-0.0007
-0.0006
-0.00052
-0.00043
-0.00033
-0.00024
-0.00014
-4e-05
7e-05
0.00017
0.00027
0.00037
0.00047
0.00058
0.00068
0.00079
0.00088
0.00099
0.00108
0.00118
0.00127
0.00136
0.00145
0.00154
0.00162
0.0017
0.00177
0.00185
0.00192
0.00199
0.00205
0.00211
0.00216
0.00222
0.00226
0.00231
0.00234
0.00238
0.00241
0.00244
0.00247
0.00249
0.0025
0.00252
0.00254
0.00255
0.00255
0.00256
0.00255
0.00256
0.00255
0.00255
0.00254
0.00252
0.00252
0.00251
0.0025
0.00249
0.00247
0.00246
0.00244
0.00244
0.00242
0.00241
0.0024
0.00239
0.00238
0.00237
0.00237
0.00236
0.00236
0.00236
0.00236
0.00237
0.00236
0.00237
0.00238
0.00239
0.0024
0.00241
0.00242
0.00244
0.00245
0.00247
0.00248
0.0025
0.00252
0.00254
0.00256
0.00258
0.0026
0.00262
0.00264
0.00267
0.00269
0.00271
0.00273
0.00276
0.00278
0.0028
0.00282
0.00284
0.00286
0.00288
0.0029
0.00292
0.00293
0.00296
0.00297
0.00299
0.003
0.00301
0.00302
0.00304
0.00304
0.00305
0.00305
0.00304
0.00304
0.00303
0.00302
0.00301
0.00299
0.00297
0.00294
0.00291
0.00287
0.00283
0.00278
0.00274
0.00268
0.00262
0.00255
0.00248
0.0024
0.00233
0.00224
0.00216
0.00206
0.00197
0.00187
0.00178
0.00167
0.00157
0.00146
0.00136
0.00125
0.00114
0.00104
0.00093
0.00083
0.00073
0.00063
0.00054
0.00044
0.00036
0.00027
0.0002
0.00011
5e-05
-2e-05
-7e-05
-0.00013
-0.00018
-0.00022
-0.00026
-0.00029
-0.00032
-0.00034
-0.00035
-0.00037
-0.00038
-0.00038
-0.00038
-0.00038
-0.00037
-0.00036
-0.00034
-0.00033
-0.00031
-0.0003
-0.00028
-0.00026
-0.00024
-0.00022
-0.00019
-0.00018
-0.00016
-0.00014
-0.00012
-0.00011
-9e-05
-9e-05
-7e-05
-7e-05
-6e-05
-6e-05
-6e-05
-6e-05
-6e-05
-6e-05
-6e-05
-8e-05
-8e-05
-0.0001
-0.00011
-0.00013
-0.00014
-0.00016
-0.00017
-0.0002
-0.00022
-0.00024
-0.00026
-0.00028
-0.0003
-0.00033
-0.00035
-0.00038
-0.0004
-0.00042
-0.00044
-0.00047
-0.00049
-0.00051
-0.00052
-0.00055
-0.00056
-0.00058
-0.0006
-0.00061
-0.00063
-0.00064
-0.00064
-0.00066
-0.00066
-0.00067
-0.00067
-0.00068
-0.00068
-0.00068
-0.00067
-0.00067
-0.00066
-0.00066
-0.00065
-0.00063
-0.00062
-0.0006
-0.00058
-0.00056
-0.00053
-0.00051
-0.00047
-0.00045
-0.00041
-0.00038
-0.00034
-0.0003
-0.00026
-0.00021
-0.00016
-0.00011
-5e-05
0.0
7e-05
0.00012
0.00019
0.00026
0.00034
0.0004
0.00048
0.00056
0.00064
0.00073
0.00081
0.0009
0.00099
0.00108
0.00118
0.00128
0.00138
0.00147
0.00158
0.00167
0.00178
0.00188
0.00199
0.00209
0.0022
0.0023
0.0024
0.0025
0.0026
0.00271
0.00281
0.00291
0.00301
0.0031
0.0032
0.00329
0.00338
0.00346
0.00355
0.00363
0.00371
0.00379
0.00386
0.00393
0.00399
0.00405
0.00411
0.00417
0.00422
0.00426
0.00431
0.00434
0.00438
0.0044
0.00443
0.00445
0.00447
0.00447
0.00448
0.00448
0.00447
0.00447
0.00446
0.00444
0.00442
0.00438
0.00435
0.00431
0.00427
0.00421
0.00416
0.00409
0.00403
0.00396
0.00388
0.00379
0.0037
0.00361
0.00352
0.00342
0.00331
0.00319
0.00308
0.00296
0.00285
0.00272
0.00259
0.00246
0.00234
0.0022
0.00207
0.00193
0.0018
0.00167
0.00154
0.00141
0.00129
0.00116
0.00104
0.00092
0.00081
0.00069
0.00059
0.00048
0.00039
0.00029
0.0002
0.00011
3e-05
-4e-05
-0.00011
-0.00018
-0.00024
-0.0003
-0.00034
-0.00039
-0.00043
-0.00047
-0.0005
-0.00053
-0.00054
-0.00056
-0.00057
-0.00058
-0.00059
-0.00059
-0.00058
-0.00057
-0.00055
-0.00054
-0.00051
-0.00049
-0.00045
-0.00042
-0.00037
-0.00033
-0.00027
-0.00022
-0.00016
-0.0001
-3e-05
4e-05
0.00012
0.00019
0.00028
0.00036
0.00045
0.00054
0.00064
0.00073
0.00083
0.00092
0.00103
0.00113
0.00123
0.00133
0.00144
0.00154
0.00165
0.00175
0.00186
0.00196
0.00206
0.00216
0.00227
0.00236
0.00247
0.00256
0.00266
0.00275
0.00285
0.00294
0.00302
0.00311
0.0032
0.00329
0.00337
0.00345
0.00353
0.0036
0.00368
0.00375
0.00382
0.00388
0.00395
0.00401
0.00406
0.00411
0.00416
0.00421
0.00425
0.00429
0.00432
0.00434
0.00437
0.00439
0.00441
0.00442
0.00443
0.00443
0.00444
0.00443
0.00442
0.00441
0.00439
0.00437
0.00435
0.00432
0.0043
0.00425
0.00423
0.00418
0.00415
0.0041
0.00405
0.004
0.00395
0.00389
0.00384
0.00378
0.00371
0.00365
0.00358
0.00351
0.00345
0.00336
0.0033
0.00321
0.00314
0.00305
0.00297
0.00288
0.0028
0.0027
0.00261
0.00251
0.00241
0.00232
0.00222
0.00212
0.00202
0.00191
0.0018
0.00169
0.00159
0.00148
0.00137
0.00125
0.00115
0.00104
0.00093
0.00082
0.0007
0.00059
0.00048
0.00037
0.00027
0.00015
5e-05
-7e-05
-0.00017
-0.00028
-0.00039
-0.0005
-0.0006
-0.00071
-0.00081
-0.00092
-0.00102
-0.00112
-0.00122
-0.00132
-0.00142
-0.00153
-0.00162
-0.00172
-0.00181
-0.0019
-0.00199
-0.00209
-0.00217
-0.00226
-0.00234
-0.00243
-0.00251
-0.00258
-0.00266
-0.00273
-0.0028
-0.00287
-0.00293
-0.003
-0.00306
-0.00313
-0.00318
-0.00324
-0.00329
-0.00335
-0.0034
-0.00345
-0.0035
-0.00355
-0.00359
-0.00364
-0.00368
-0.00374
-0.00378
-0.00382
-0.00386
-0.00391
-0.00395
-0.00399
-0.00403
-0.00407
-0.00411
-0.00415
-0.00418
-0.00421
-0.00425
-0.00427
-0.00429
-0.00433
-0.00434
-0.00436
-0.00437
-0.00438
-0.00438
-0.00439
-0.00437
-0.00437
-0.00435
-0.00433
-0.0043
-0.00427
-0.00423
-0.00418
-0.00413
-0.00408
-0.00402
-0.00395
-0.00388
-0.00381
-0.00372
-0.00364
-0.00355
-0.00346
-0.00336
-0.00326
-0.00316
-0.00305
-0.00294
-0.00282
-0.0027
-0.00259
-0.00247
-0.00235
-0.00222
-0.0021
-0.00197
-0.00185
-0.00171
-0.00158
-0.00144
-0.00131
-0.00118
-0.00103
-0.00089
-0.00075
-0.0006
-0.00046
-0.00031
-0.00017
-2e-05
0.00012
0.00028
0.00042
0.00057
0.00072
0.00086
0.001
0.00114
0.00128
0.00142
0.00155
0.00168
0.0018
0.00192
0.00203
0.00214
0.00224
0.00234
0.00242
0.00251
0.00258
0.00265
0.00271
0.00276
0.00281
0.00285
0.00288
0.00291
0.00293
0.00294
0.00295
0.00296
0.00295
0.00294
0.00292
0.00291
0.00288
0.00286
0.00283
0.00279
0.00276
0.00272
0.00268
0.00263
0.00258
0.00254
0.00248
0.00243
0.00237
0.00231
0.00224
0.00219
0.00212
0.00205
0.00197
0.0019
0.00182
0.00174
0.00166
0.00158
0.00148
0.0014
0.00131
0.00122
0.00112
0.00103
0.00092
0.00083
0.00073
0.00063
0.00054
0.00044
0.00035
0.00025
0.00017
8e-05
-1e-05
-9e-05
-0.00017
-0.00023
-0.00031
-0.00037
-0.00043
-0.00048
-0.00053
-0.00057
-0.00061
-0.00064
-0.00067
-0.00069
-0.0007
-0.00071
-0.00072
-0.00071
-0.00071
-0.0007
-0.00069
-0.00067
-0.00066
-0.00063
-0.0006
-0.00057
-0.00054
-0.00051
-0.00047
-0.00042
-0.00038
-0.00033
-0.00029
-0.00024
-0.00019
-0.00013
-8e-05
-2e-05
4e-05
0.0001
0.00016
0.00023
0.00029
0.00035
0.00043
0.0005
0.00057
0.00065
0.00072
0.0008
0.00087
0.00096
0.00103
0.00112
0.00119
0.00128
0.00136
0.00144
0.00152
0.0016
0.00169
0.00177
0.00185
0.00193
0.002
0.00208
0.00215
0.00222
0.00229
0.00236
0.00242
0.00249
0.00254
0.0026
0.00265
0.0027
0.00274
0.00279
0.00283
0.00287
0.0029
0.00294
0.00296
0.00299
0.00301
0.00303
0.00304
0.00307
0.00307
0.00308
0.00309
0.00309
0.00309
0.00309
0.00309
0.00309
0.00308
0.00308
0.00306
0.00306
0.00304
0.00304
0.00302
0.00301
0.00299
0.00298
0.00296
0.00294
0.00293
0.00292
0.0029
0.00288
0.00286
0.00284
0.00282
0.00281
