1.07496280509703E+03

-0.00111
-0.00114
-0.00117
-0.0012
-0.00121
-0.00124
-0.00125
-0.00127
-0.00129
-0.00129
-0.0013
-0.00131
-0.00131
-0.00132
-0.00131
-0.00132
-0.00131
-0.00131
-0.0013
-0.00129
-0.00128
-0.00127
-0.00126
-0.00125
-0.00123
-0.00121
-0.0012
-0.00118
-0.00115
-0.00114
-0.00111
-0.00109
-0.00106
-0.00104
-0.00101
-0.00098
-0.00094
-0.00091
-0.00087
-0.00084
-0.0008
-0.00075
-0.0007
-0.00066
-0.0006
-0.00055
-0.00049
-0.00044
-0.00037
-0.00031
-0.00024
-0.00017
-9e-05
-2e-05
6e-05
0.00013
0.00021
0.0003
0.00039
0.00048
0.00057
0.00066
0.00076
0.00085
0.00096
0.00105
0.00115
0.00125
0.00136
0.00146
0.00157
0.00167
0.00177
0.00188
0.00199
0.0021
0.00221
0.00232
0.00243
0.00254
0.00265
0.00275
0.00287
0.00297
0.00308
0.00319
0.00329
0.00339
0.00349
0.00359
0.0037
0.00379
0.00389
0.00397
0.00406
0.00414
0.00423
0.0043
0.00437
0.00443
0.0045
0.00455
0.0046
0.00465
0.00469
0.00472
0.00475
0.00477
0.0048
0.0048
0.00481
0.00481
0.00481
0.00479
0.00477
0.00474
0.00472
0.00469
0.00465
0.0046
0.00455
0.0045
0.00445
0.00439
0.00433
0.00426
0.0042
0.00412
0.00405
0.00397
0.0039
0.00381
0.00374
0.00365
0.00357
0.00348
0.00339
0.00331
0.00322
0.00313
0.00305
0.00295
0.00286
0.00276
0.00268
0.00258
0.00248
0.00238
0.0023
0.00219
0.0021
0.002
0.00189
0.0018
0.0017
0.0016
0.00151
0.0014
0.00131
0.00121
0.00111
0.00101
0.00092
0.00082
0.00074
0.00064
0.00055
0.00046
0.00038
0.0003
0.00022
0.00014
7e-05
-1e-05
-7e-05
-0.00014
-0.00019
-0.00026
-0.00032
-0.00038
-0.00042
-0.00048
-0.00053
-0.00058
-0.00062
-0.00067
-0.00071
-0.00075
-0.00079
-0.00083
-0.00087
-0.00091
-0.00094
-0.00099
-0.00102
-0.00106
-0.00109
-0.00113
-0.00116
-0.00119
-0.00123
-0.00126
-0.00128
-0.00131
-0.00133
-0.00136
-0.00137
-0.00139
-0.0014
-0.00142
-0.00142
-0.00142
-0.00142
-0.00141
-0.0014
-0.00139
-0.00137
-0.00134
-0.00131
-0.00128
-0.00124
-0.00121
-0.00116
-0.00111
-0.00105
-0.00101
-0.00094
-0.00089
-0.00082
-0.00076
-0.00069
-0.00063
-0.00056
-0.0005
-0.00043
-0.00036
-0.00029
-0.00023
-0.00016
-0.0001
-3e-05
3e-05
9e-05
0.00014
0.0002
0.00025
0.0003
0.00035
0.00039
0.00044
0.00049
0.00053
0.00057
0.0006
0.00064
0.00067
0.0007
0.00072
0.00075
0.00076
0.00079
0.0008
0.00082
0.00082
0.00083
0.00084
0.00084
0.00084
0.00084
0.00082
0.00082
0.0008
0.00079
0.00076
0.00074
0.00071
0.00069
0.00066
0.00063
0.00059
0.00055
0.00052
0.00048
0.00044
0.00041
0.00036
0.00032
0.00028
0.00024
0.0002
0.00016
0.00011
9e-05
5e-05
1e-05
-2e-05
-6e-05
-8e-05
-0.00011
-0.00014
-0.00016
-0.00019
-0.0002
-0.00022
-0.00024
-0.00026
-0.00027
-0.00028
-0.00029
-0.0003
-0.0003
-0.00031
-0.00031
-0.00031
-0.00031
-0.00031
-0.0003
-0.0003
-0.00029
-0.00028
-0.00026
-0.00025
-0.00023
-0.00022
-0.00019
-0.00017
-0.00014
-0.00011
-8e-05
-5e-05
-1e-05
3e-05
8e-05
0.00012
0.00017
0.00021
0.00027
0.00032
0.00038
0.00043
0.0005
0.00056
0.00062
0.00068
0.00074
0.00081
0.00087
0.00094
0.00101
0.00107
0.00114
0.00121
0.00128
0.00134
0.00141
0.00147
0.00154
0.0016
0.00166
0.00172
0.00178
0.00184
0.00189
0.00195
0.002
0.00205
0.0021
0.00214
0.0022
0.00223
0.00228
0.00231
0.00235
0.00238
0.00241
0.00244
0.00246
0.00248
0.00251
0.00252
0.00255
0.00255
0.00257
0.00258
0.0026
0.0026
0.00261
0.00262
0.00263
0.00264
0.00264
0.00265
0.00266
0.00267
0.00269
0.0027
0.00271
0.00272
0.00274
0.00276
0.00279
0.0028
0.00283
0.00285
0.00288
0.0029
0.00293
0.00296
0.00299
0.00302
0.00305
0.00308
0.00311
0.00313
0.00317
0.00319
0.00322
0.00323
0.00326
0.00327
0.00329
0.0033
0.00331
0.00332
0.00332
0.00332
0.00333
0.00332
0.00332
0.0033
0.00329
0.00328
0.00326
0.00324
0.00322
0.00319
0.00317
0.00314
0.00311
0.00308
0.00304
0.00301
0.00297
0.00294
0.00291
0.00286
0.00283
0.00278
0.00274
0.0027
0.00266
0.00261
0.00257
0.00252
0.00248
0.00243
0.00238
0.00233
0.00229
0.00223
0.00219
0.00213
0.00208
0.00202
0.00197
0.00191
0.00186
0.0018
0.00174
0.00168
0.00162
0.00156
0.0015
0.00144
0.00138
0.00132
0.00127
0.0012
0.00115
0.00109
0.00103
0.00097
0.00092
0.00086
0.00082
0.00076
0.00072
0.00067
0.00062
0.00058
0.00055
0.00051
0.00048
0.00044
0.00042
0.00039
0.00037
0.00035
0.00034
0.00032
0.00032
0.00031
0.00031
0.00031
0.00031
0.00032
0.00033
0.00034
0.00036
0.00037
0.0004
0.00042
0.00045
0.00047
0.00051
0.00054
0.00058
0.00061
0.00064
0.00068
0.00072
0.00076
0.0008
0.00084
0.00088
0.00092
0.00096
0.001
0.00105
0.00108
0.00112
0.00116
0.0012
0.00123
0.00127
0.0013
0.00133
0.00136
0.00139
0.00142
0.00145
0.00147
0.00149
0.00151
0.00154
0.00155
0.00157
0.00158
0.0016
0.00161
0.00162
0.00163
0.00164
0.00165
0.00166
0.00166
0.00167
0.00167
0.00167
0.00167
0.00168
0.00168
0.00168
0.00167
0.00168
0.00167
0.00167
0.00167
0.00166
0.00166
0.00166
0.00165
0.00165
0.00164
0.00164
0.00163
0.00162
0.00161
0.00161
0.00159
0.00159
0.00158
0.00156
0.00155
0.00154
0.00153
0.00151
0.0015
0.00149
0.00146
0.00145
0.00143
0.00142
0.00139
0.00138
0.00135
0.00134
0.00131
0.00129
0.00126
0.00123
0.00121
0.00118
0.00115
0.00113
0.00109
0.00106
0.00103
0.001
0.00097
0.00094
0.0009
0.00087
0.00084
0.00081
0.00077
0.00074
0.00071
0.00069
0.00066
0.00064
0.00061
0.00059
0.00057
0.00056
0.00054
0.00053
0.00051
0.00051
0.0005
0.0005
0.0005
0.0005
0.00051
0.00052
0.00053
0.00055
0.00056
0.00058
0.0006
0.00062
0.00064
0.00066
0.00068
0.00071
0.00073
0.00075
0.00077
0.00079
0.00082
0.00084
0.00086
0.00088
0.00089
0.00092
0.00093
0.00095
0.00096
0.00098
0.00099
0.00101
0.00102
0.00103
0.00104
0.00105
0.00106
0.00107
0.00108
0.00109
0.00109
0.00111
0.00111
0.00112
0.00112
0.00113
0.00113
0.00114
0.00114
0.00114
0.00114
0.00113
0.00113
0.00113
0.00112
0.00111
0.00109
0.00108
0.00106
0.00105
0.00102
0.001
0.00096
0.00094
0.00091
0.00088
0.00085
0.00082
0.00079
0.00075
0.00072
0.0007
0.00066
0.00063
0.0006
0.00058
0.00055
0.00053
0.0005
0.00049
0.00047
0.00046
0.00044
0.00043
0.00042
0.00042
0.00041
0.00041
0.00039
0.0004
0.00039
0.00039
0.00038
0.00038
0.00037
0.00037
0.00036
0.00035
0.00034
0.00033
0.00032
0.0003
0.00029
0.00027
0.00024
0.00023
0.0002
0.00018
0.00015
0.00012
9e-05
6e-05
3e-05
-0.0
-3e-05
-6e-05
-9e-05
-0.00012
-0.00014
-0.00017
-0.0002
-0.00021
-0.00024
-0.00026
-0.00028
-0.00029
-0.00031
-0.00032
-0.00034
-0.00035
-0.00036
-0.00037
-0.00038
-0.00038
-0.00039
-0.00039
-0.0004
-0.0004
-0.00041
-0.00041
-0.00041
-0.00042
-0.00042
-0.00042
-0.00043
-0.00044
-0.00044
-0.00045
-0.00045
-0.00046
-0.00046
-0.00047
-0.00047
-0.00047
-0.00048
-0.00048
-0.00049
-0.00048
-0.00049
-0.00048
-0.00047
-0.00047
-0.00046
-0.00045
-0.00043
-0.00041
-0.00038
-0.00036
-0.00033
-0.00029
-0.00025
-0.0002
-0.00015
-0.0001
-4e-05
3e-05
0.0001
0.00017
0.00026
0.00034
0.00044
0.00055
0.00066
0.00077
0.0009
0.00103
0.00117
0.00132
0.00148
0.00164
0.00181
0.002
0.0022
0.00239
0.00261
0.00283
0.00307
0.00332
0.00358
0.00385
0.00413
0.00443
0.00473
0.00506
0.00539
0.00574
0.0061
0.00648
0.00687
0.00727
0.00769
0.00811
0.00856
0.00903
0.0095
0.00999
0.01049
0.01101
0.01154
0.01209
0.01266
0.01323
0.01381
0.01442
0.01504
0.01566
0.0163
0.01696
0.01763
0.01831
0.019
0.0197
0.02042
0.02114
0.02187
0.02263
0.02338
0.02415
0.02492
0.02571
0.02651
0.02731
0.02812
0.02894
0.02977
0.03061
0.03144
0.03229
0.03315
0.03401
0.03486
0.03574
0.03661
0.03748
0.03836
0.03925
0.04014
0.04102
0.04192
0.04281
0.0437
0.0446
0.0455
0.0464
0.0473
0.0482
0.0491
0.05001
0.05091
0.05181
0.05271
0.05362
0.05452
0.05542
0.05632
0.05721
0.05811
0.05901
0.0599
0.06079
0.06168
0.06256
0.06344
0.06432
0.06519
0.06605
0.06691
0.06777
0.06861
0.06945
0.07029
0.07111
0.07193
0.07273
0.07352
0.07431
0.07509
0.07586
0.07661
0.07735
0.07809
0.07881
0.07951
0.08021
0.0809
0.08157
0.08224
0.08289
0.08353
0.08416
0.08477
0.08538
0.08598
0.08657
0.08714
0.08771
0.08827
0.08882
0.08936
0.0899
0.09042
0.09094
0.09145
0.09195
0.09245
0.09294
0.09342
0.09389
0.09436
0.09482
0.09527
0.09572
0.09616
0.09659
0.09702
0.09744
0.09785
0.09825
0.09864
0.09903
0.09941
0.09978
0.10014
0.10049
0.10084
0.10117
0.10149
0.10181
0.10212
0.10241
0.1027
0.10298
0.10325
0.10351
0.10376
0.104
0.10423
0.10445
0.10466
0.10486
0.10505
0.10523
0.10541
0.10557
0.10573
0.10587
0.10601
0.10614
0.10626
0.10637
0.10647
0.10657
0.10666
0.10674
0.1068
0.10687
0.10693
0.10697
0.10701
0.10705
0.10708
0.10709
0.10711
0.10711
0.10712
0.10711
0.1071
0.10708
0.10706
0.10703
0.10699
0.10695
0.10691
0.10686
0.1068
0.10674
0.10668
0.10661
0.10655
0.10647
0.10639
0.10631
0.10623
0.10615
0.10606
0.10597
0.10587
0.10578
0.10569
0.10559
0.1055
0.1054
0.1053
0.1052
0.10511
0.10501
0.10491
0.10482
0.10472
0.10462
0.10452
0.10443
0.10433
0.10423
0.10413
0.10403
0.10393
0.10383
0.10373
0.10362
0.10353
0.10342
0.10331
0.10321
0.1031
0.10299
0.10287
0.10276
0.10264
0.10252
0.1024
0.10227
0.10214
0.10201
0.10188
0.10174
0.10161
0.10147
0.10133
0.10119
0.10104
0.1009
0.10074
0.10059
0.10044
0.10029
0.10013
0.09997
0.09982
0.09966
0.0995
0.09934
0.09918
0.09901
0.09885
0.09869
0.09852
0.09836
0.09819
0.09802
0.09785
0.09768
0.09751
0.09733
0.09716
0.09698
0.09681
0.09663
0.09645
0.09627
0.09609
0.0959
0.09572
0.09553
0.09534
0.09515
0.09496
0.09477
0.09458
0.09438
0.09418
0.09398
0.09379
0.09358
0.09338
0.09318
0.09298
0.09277
0.09257
0.09236
0.09215
0.09194
0.09173
0.09152
0.09131
0.0911
0.09089
0.09067
0.09046
0.09024
0.09003
0.08981
0.08959
0.08938
0.08916
0.08894
0.08872
0.0885
0.08828
0.08806
0.08785
0.08762
0.08741
0.08719
0.08697
0.08675
0.08654
0.08631
0.0861
0.08588
0.08567
0.08545
0.08523
0.08502
0.0848
0.08459
0.08437
0.08416
0.08395
0.08373
0.08352
0.08331
0.08309
0.08288
0.08267
0.08246
0.08224
0.08203
0.08182
0.0816
0.08139
0.08118
0.08096
0.08074
0.08053
0.08031
0.08009
0.07987
0.07965
0.07943
0.0792
0.07898
0.07875
0.07852
0.07829
0.07805
0.07782
0.07758
0.07734
0.07709
0.07685
0.0766
0.07634
0.07609
0.07584
0.07558
0.07532
0.07505
0.07479
0.07452
0.07425
0.07398
0.07371
0.07344
0.07317
0.0729
0.07263
0.07235
0.07208
0.07181
0.07154
0.07126
0.07099
0.07073
0.07046
0.07019
0.06993
0.06966
0.0694
0.06914
0.06888
0.06862
0.06836
0.06811
0.06785
0.0676
0.06734
0.06709
0.06683
0.06658
0.06633
0.06607
0.06582
0.06556
0.06531
0.06506
0.0648
0.06454
0.06429
0.06403
0.06377
0.06351
0.06325
0.06299
0.06272
0.06246
0.0622
0.06194
0.06167
0.06141
0.06114
0.06088
0.06061
0.06034
0.06008
0.05981
0.05954
0.05927
0.059
0.05873
0.05845
0.05818
0.05791
0.05763
0.05735
0.05708
0.0568
0.05652
0.05623
0.05595
0.05566
0.05537
0.05508
0.05479
0.0545
0.05421
0.05391
0.05361
0.05331
0.05301
0.05271
0.0524
0.0521
0.05179
0.05148
0.05118
0.05087
0.05056
0.05024
0.04993
0.04962
0.0493
0.04898
0.04867
0.04835
0.04803
0.04771
0.04739
0.04708
0.04676
0.04643
0.04611
0.0458
0.04547
0.04515
0.04483
0.04451
0.04419
0.04387
0.04356
0.04324
0.04293
0.04262
0.04231
0.042
0.0417
0.0414
0.04111
0.04082
0.04053
0.04025
0.03997
0.0397
0.03943
0.03917
0.03891
0.03866
0.03841
0.03817
0.03793
0.0377
0.03747
0.03725
0.03703
0.03682
0.03661
0.0364
0.0362
0.036
0.03581
0.03561
0.03542
0.03523
0.03505
0.03487
0.03469
0.03451
0.03434
0.03416
0.03399
0.03383
0.03366
0.0335
0.03334
0.03318
0.03303
0.03288
0.03273
0.03259
0.03245
0.03231
0.03218
0.03206
0.03193
0.03181
0.03169
0.03158
0.03147
0.03136
0.03127
0.03117
0.03107
0.03098
0.03089
0.0308
0.03072
0.03063
0.03056
0.03048
0.0304
0.03032
0.03025
0.03017
0.0301
0.03002
0.02995
0.02988
0.02981
0.02973
0.02966
0.02959
0.02951
0.02945
0.02938
0.02931
0.02924
0.02917
0.02911
0.02904
0.02898
0.02892
0.02886
0.0288
0.02875
0.0287
0.02865
0.0286
0.02856
0.02852
0.02848
0.02844
0.02841
0.02837
0.02835
0.02832
0.02829
0.02826
0.02824
0.02821
0.02819
0.02817
0.02814
0.02812
0.02809
0.02807
0.02804
0.02801
0.02798
0.02794
0.02791
0.02787
0.02783
0.02778
0.02773
0.02768
0.02762
0.02756
0.02749
0.02742
0.02735
0.02727
0.02719
0.02711
0.02702
0.02692
0.02683
0.02673
0.02663
0.02652
0.02642
0.0263
0.02619
0.02607
0.02595
0.02583
0.02571
0.02559
0.02546
0.02534
0.02521
0.02508
0.02495
0.02482
0.02469
0.02456
0.02443
0.02429
0.02416
0.02403
0.02389
0.02376
0.02363
0.02349
0.02336
0.02323
0.02309
0.02296
0.02282
0.02269
0.02256
0.02242
0.02229
0.02214
0.02201
0.02188
0.02174
0.02161
0.02147
0.02134
0.0212
0.02107
0.02094
0.0208
0.02068
0.02054
0.02042
0.02028
0.02016
0.02003
0.0199
0.01978
0.01965
0.01953
0.0194
0.01928
0.01917
0.01905
0.01893
0.01881
0.0187
0.01859
0.01848
0.01836
0.01826
0.01815
0.01805
0.01794
0.01783
0.01773
0.01762
0.01752
0.01742
0.01732
0.01722
0.01711
0.01701
0.01691
0.01681
0.0167
0.0166
0.01649
0.01639
0.01628
0.01617
0.01606
0.01595
0.01583
0.01572
0.0156
0.01548
0.01535
0.01523
0.0151
0.01498
0.01484
0.01471
0.01457
0.01443
0.01429
0.01414
0.014
0.01385
0.0137
0.01355
0.0134
0.01325
0.01309
0.01295
0.0128
0.01265
0.01249
0.01235
0.0122
0.01206
0.01192
0.01178
0.01164
0.01151
0.01139
0.01126
0.01115
0.01104
0.01092
0.01082
0.01071
0.01062
0.01052
0.01044
0.01035
0.01028
0.0102
0.01013
0.01007
0.01001
0.00995
0.0099
0.00985
0.00981
0.00976
0.00972
0.00969
0.00966
0.00962
0.0096
0.00957
0.00955
0.00952
0.0095
0.00948
0.00947
0.00945
0.00944
0.00943
0.00943
0.00941
0.00941
0.0094
0.0094
0.00939
0.00939
0.00938
0.00939
0.00939
0.00939
0.00939
0.00939
0.00939
0.00939
0.0094
0.0094
0.0094
0.0094
0.0094
0.00941
0.0094
0.0094
0.00939
0.00939
0.00939
0.00938
0.00937
0.00936
0.00935
0.00934
0.00932
0.00931
0.00928
0.00927
0.00924
0.00922
0.00919
0.00916
0.00912
0.00909
0.00906
0.00902
0.00897
0.00893
0.00889
0.00884
0.0088
0.00875
0.00869
0.00864
0.00859
0.00854
0.00848
0.00843
0.00837
0.00833
0.00827
0.00822
0.00817
0.00812
0.00807
0.00802
0.00798
0.00794
0.0079
0.00786
0.00783
0.0078
0.00777
0.00775
0.00772
0.00771
0.00769
0.00767
0.00766
0.00765
0.00765
0.00764
0.00764
0.00765
0.00764
0.00766
0.00766
0.00767
0.00767
0.00768
0.00769
0.0077
0.00771
0.00772
0.00772
0.00773
0.00774
0.00775
0.00776
0.00777
0.00777
0.00779
0.00779
0.0078
0.00781
0.00782
0.00782
0.00783
0.00784
0.00785
0.00786
0.00787
0.00788
0.0079
0.00791
0.00793
0.00794
0.00796
0.00797
0.008
0.00801
0.00803
0.00805
0.00807
0.00809
0.00811
0.00812
0.00814
0.00816
0.00817
0.00819
0.0082
0.0082
0.00821
0.00821
0.00822
0.00821
0.00821
0.0082
0.00819
0.00817
0.00815
0.00813
0.0081
0.00807
0.00804
0.008
0.00796
0.00791
0.00786
0.0078
0.00775
0.00769
0.00762
0.00755
0.00749
0.00741
0.00733
0.00725
0.00717
0.00709
0.007
0.00691
0.00682
0.00673
0.00664
0.00654
0.00645
0.00635
0.00625
0.00615
0.00606
0.00596
0.00587
0.00577
0.00567
0.00558
0.00549
0.00539
0.0053
0.00521
0.00512
0.00503
0.00495
0.00485
0.00477
0.00468
0.0046
0.00451
0.00443
0.00434
0.00426
0.00417
0.00409
0.004
0.00392
0.00383
0.00374
0.00365
0.00356
0.00346
0.00337
0.00327
0.00318
0.00308
0.00298
0.00288
0.00278
0.00268
0.00258
0.00248
0.00239
0.00228
0.00219
0.00209
0.002
0.0019
0.00182
0.00173
0.00165
0.00157
0.0015
0.00143
0.00136
0.0013
0.00125
0.0012
0.00116
0.00111
0.00108
0.00105
0.00103
0.00101
0.001
0.00099
0.00099
0.00099
0.00099
0.001
0.00101
0.00104
0.00106
0.00108
0.00111
0.00114
0.00118
0.00121
0.00125
0.00129
0.00134
0.00138
0.00143
0.00148
0.00153
0.00158
0.00163
0.00169
0.00174
0.0018
0.00187
0.00192
0.00199
0.00205
0.00212
0.00218
0.00225
0.00231
0.00239
0.00246
0.00253
0.0026
0.00267
0.00274
0.00282
0.00289
0.00297
0.00304
0.00312
0.00319
0.00327
0.00334
0.00342
0.00348
0.00356
0.00363
0.0037
0.00376
0.00383
0.00389
0.00396
0.00402
0.00409
0.00414
0.00421
0.00426
0.00432
0.00437
0.00443
0.00448
0.00453
0.00458
0.00463
0.00467
0.00472
0.00476
0.00481
0.00485
0.00489
0.00493
0.00497
0.005
0.00505
0.00507
0.00511
0.00513
0.00517
0.00519
0.00522
0.00524
0.00526
0.00528
0.0053
0.00531
0.00532
0.00533
0.00534
0.00534
0.00535
0.00535
0.00535
0.00534
0.00535
0.00534
0.00534
0.00533
0.00532
0.00532
0.00531
0.00531
0.0053
0.00529
0.00529
0.00528
0.00528
0.00527
0.00526
0.00525
0.00526
0.00525
0.00524
0.00524
0.00523
0.00522
0.00522
0.00521
0.0052
0.00518
0.00517
0.00515
0.00513
0.0051
0.00507
0.00504
0.005
0.00496
0.00492
0.00486
0.00481
0.00475
0.00469
0.00462
0.00456
0.00448
0.00441
0.00432
0.00425
0.00416
0.00408
0.00399
0.00391
0.00382
0.00374
0.00365
0.00357
0.00349
0.00341
0.00333
0.00326
0.00318
0.00312
0.00305
0.00299
0.00292
0.00286
0.0028
0.00275
0.0027
0.00264
0.00259
0.00254
0.00249
0.00245
0.0024
0.00236
0.00231
0.00226
0.00222
0.00218
0.00212
0.00208
0.00203
0.00199
0.00194
0.00189
0.00185
0.0018
0.00176
0.00172
0.00168
0.00165
0.00161
0.00158
0.00155
0.00153
0.00151
0.00149
0.00148
0.00147
0.00147
0.00147
0.00147
0.00148
0.0015
0.00152
0.00155
0.00158
0.0016
0.00164
0.00168
0.00173
0.00178
0.00183
0.00188
0.00194
0.00199
0.00205
0.00211
0.00217
0.00224
0.0023
0.00237
0.00244
0.00249
0.00256
0.00262
0.00269
0.00275
0.00282
0.00287
0.00294
0.00299
0.00305
0.0031
0.00316
0.00321
0.00327
0.00332
0.00337
0.00342
0.00347
0.00351
0.00357
0.00361
0.00366
0.0037
0.00375
0.00379
0.00383
0.00387
0.00391
0.00396
0.004
0.00405
0.0041
0.00414
0.00419
0.00423
0.00428
0.00433
0.00438
0.00442
0.00448
0.00452
0.00457
0.00462
0.00466
0.00471
0.00476
0.0048
0.00485
0.00488
0.00493
0.00496
0.005
0.00503
0.00506
0.00508
0.00511
0.00512
0.00513
0.00514
0.00515
0.00516
0.00516
0.00516
0.00515
0.00513
0.00513
0.00511
0.0051
0.00508
0.00506
0.00504
0.00502
0.00499
0.00497
0.00494
0.00492
0.00489
0.00487
0.00485
0.00483
0.0048
0.00478
0.00475
0.00473
0.0047
0.00468
0.00465
0.00463
0.0046
0.00457
0.00454
0.0045
0.00447
0.00444
0.0044
0.00436
0.00432
0.00428
0.00423
0.00418
0.00413
0.00408
0.00402
0.00397
0.00391
0.00386
0.0038
0.00374
0.00368
0.00363
0.00357
0.00352
0.00346
0.00341
0.00336
0.00331
0.00326
0.00322
0.00318
0.00314
0.0031
0.00307
0.00304
0.00301
0.00298
0.00296
0.00294
0.00293
0.0029
0.00289
0.00287
0.00286
0.00284
0.00283
0.00282
0.00281
0.0028
0.00279
0.00278
0.00276
0.00276
0.00275
0.00274
0.00274
0.00273
0.00273
0.00272
0.00272
0.00271
0.00271
0.00271
0.00272
0.00272
0.00273
0.00274
0.00275
0.00276
0.00278
0.0028
0.00283
0.00285
0.00288
0.00291
0.00295
0.00299
0.00303
0.00307
0.00312
0.00316
0.00321
0.00326
0.00331
0.00336
0.00342
0.00347
0.00352
0.00357
0.00362
0.00367
0.00372
0.00376
0.00381
0.00384
0.00389
0.00392
0.00395
0.00398
0.004
0.00403
0.00405
0.00407
0.00408
0.00408
0.0041
0.00409
0.0041
0.00409
0.00409
0.00408
0.00408
0.00406
0.00405
0.00403
0.00401
0.00399
0.00397
0.00395
0.00393
0.0039
0.00388
0.00385
0.00383
0.0038
0.00377
0.00374
0.00371
0.00368
0.00364
0.0036
0.00356
0.00352
0.00348
0.00344
0.00339
0.00334
0.00329
0.00323
0.00319
0.00312
0.00307
0.003
0.00294
0.00287
0.00281
0.00274
0.00267
0.00261
0.00254
0.00248
0.00242
0.00235
0.00229
0.00223
0.00218
0.00213
0.00208
0.00203
0.002
0.00196
0.00193
0.00189
0.00187
0.00185
0.00184
0.00182
0.00182
0.00181
0.00181
0.00181
0.00182
0.00182
0.00183
0.00184
0.00186
0.00187
0.00188
0.0019
0.00191
0.00193
0.00195
0.00197
0.00199
0.002
0.00202
0.00204
0.00206
0.00207
0.0021
0.00211
0.00214
0.00215
0.00217
0.00219
0.00222
0.00224
0.00227
0.00229
0.00232
0.00234
0.00238
0.00241
0.00244
0.00247
0.0025
0.00252
0.00256
0.00259
0.00262
0.00264
0.00267
0.0027
0.00272
0.00274
0.00277
0.00278
0.0028
0.0028
0.00282
0.00282
0.00282
0.00282
0.00282
0.00281
0.0028
0.00278
0.00276
0.00275
0.00273
0.0027
0.00268
0.00265
0.00262
0.00259
0.00256
0.00252
0.00249
0.00244
0.00241
0.00237
0.00233
0.00228
0.00224
0.00219
0.00215
0.0021
0.00206
0.002
0.00195
0.00189
0.00185
0.00178
0.00173
0.00166
0.00161
0.00154
0.00147
0.00141
0.00133
0.00126
0.00119
0.00112
0.00105
0.00096
0.00089
0.00081
0.00074
0.00066
0.00058
0.0005
0.00043
0.00035
0.00027
0.0002
0.00012
6e-05
-1e-05
-7e-05
-0.00013
-0.0002
-0.00025
-0.00031
-0.00035
-0.0004
-0.00044
-0.00049
-0.00052
-0.00056
-0.00058
-0.00061
-0.00064
-0.00066
-0.00067
-0.00068
-0.00069
-0.0007
-0.0007
-0.0007
-0.00069
-0.00069
-0.00068
-0.00068
-0.00066
-0.00064
-0.00063
-0.00061
-0.00059
-0.00056
-0.00053
-0.0005
-0.00047
-0.00044
-0.00041
-0.00038
-0.00033
-0.0003
-0.00026
-0.00022
-0.00017
-0.00014
-9e-05
-5e-05
-1e-05
4e-05
9e-05
0.00013
0.00018
0.00022
0.00028
0.00032
0.00037
0.00041
0.00046
0.0005
0.00055
0.00059
0.00064
0.00068
0.00072
0.00076
0.00081
0.00085
0.00089
0.00092
0.00096
0.001
0.00104
0.00107
0.0011
0.00113
0.00117
0.00119
0.00122
0.00125
0.00127
0.0013
0.00132
0.00134
0.00136
0.00137
0.0014
0.00141
0.00143
0.00144
0.00145
0.00146
0.00147
0.00147
0.00148
0.00148
0.00148
0.00148
0.00148
0.00148
0.00148
0.00146
0.00146
0.00145
0.00145
0.00143
0.00142
0.0014
0.00139
0.00137
0.00135
0.00133
0.00131
0.00129
0.00126
0.00124
0.00122
0.00118
0.00116
0.00113
0.0011
0.00106
0.00103
0.00099
0.00096
0.00092
0.00088
0.00083
0.00079
0.00075
0.0007
0.00066
0.00061
0.00055
0.00051
0.00045
0.0004
0.00034
0.00029
0.00023
0.00018
0.00012
6e-05
-0.0
-6e-05
-0.00012
-0.00017
-0.00023
-0.00028
-0.00035
-0.0004
-0.00045
-0.0005
-0.00055
-0.0006
-0.00065
-0.00069
-0.00073
-0.00077
-0.00081
-0.00085
-0.00088
-0.00091
-0.00093
-0.00095
-0.00098
-0.001
-0.00102
-0.00103
-0.00104
-0.00105
-0.00106
-0.00106
-0.00106
-0.00106
-0.00106
-0.00105
-0.00104
-0.00103
-0.00101
-0.00099
-0.00098
-0.00095
-0.00093
-0.00089
-0.00087
-0.00083
-0.0008
-0.00075
-0.00071
-0.00066
-0.00062
-0.00057
-0.00051
-0.00045
-0.00039
-0.00032
-0.00026
-0.00019
-0.00012
-4e-05
4e-05
0.00012
0.00019
0.00029
0.00037
0.00046
0.00054
0.00063
0.00072
0.00082
0.00091
0.00101
0.0011
0.0012
0.00129
0.00138
0.00147
0.00157
0.00165
0.00175
0.00183
0.00192
0.002
0.00208
0.00216
0.00224
0.00231
0.00238
0.00244
0.00251
0.00257
0.00263
0.00267
0.00273
0.00276
0.00281
0.00285
0.00288
0.00291
0.00294
0.00296
0.00298
0.003
0.00301
0.00301
0.00303
0.00303
0.00304
0.00303
0.00303
0.00301
0.00301
0.003
0.00299
0.00297
0.00295
0.00294
0.00292
0.0029
0.00288
0.00285
0.00283
0.0028
0.00278
0.00274
0.00272
0.00268
0.00265
0.00261
0.00258
0.00254
0.0025
0.00246
0.00243
0.00238
0.00235
0.0023
0.00226
0.00221
0.00217
0.00211
0.00207
0.00202
0.00198
0.00193
0.00188
0.00183
0.00178
0.00174
0.0017
0.00165
0.00161
0.00156
0.00153
0.00148
0.00145
0.00141
0.00137
0.00133
0.00131
0.00127
0.00124
0.00121
0.00118
0.00116
0.00113
0.0011
0.00108
0.00105
0.00104
0.00101
0.00099
0.00096
0.00094
0.00091
0.0009
0.00087
0.00085
0.00082
0.0008
0.00077
0.00075
0.00073
0.00071
0.00068
0.00066
0.00064
0.00062
0.0006
0.00058
0.00056
0.00055
0.00053
0.00051
0.0005
0.00049
0.00048
0.00047
0.00047
0.00047
0.00046
0.00046
0.00046
0.00047
0.00047
0.00048
0.00048
0.0005
0.0005
0.00051
0.00052
0.00053
0.00054
0.00056
0.00057
0.00059
0.00059
0.00061
0.00062
0.00064
0.00065
0.00066
0.00067
0.00069
0.0007
0.00072
0.00073
0.00074
0.00076
0.00078
0.00079
0.00081
0.00083
0.00085
0.00087
0.00089
0.00091
0.00094
0.00096
0.00099
0.00101
0.00104
0.00106
0.00109
0.00112
0.00115
0.00118
0.00121
0.00123
0.00127
0.00129
0.00133
0.00135
0.00138
0.0014
0.00143
0.00145
0.00147
0.00149
0.00151
0.00153
0.00155
0.00157
0.00159
0.00159
0.00161
0.00162
0.00164
0.00165
0.00167
0.00167
0.00169
0.0017
0.00171
0.00173
0.00174
0.00175
0.00177
0.00179
0.0018
0.00181
0.00183
0.00185
0.00187
0.00188
0.0019
0.00192
0.00194
0.00196
0.00197
0.00199
0.002
0.00202
0.00204
0.00206
0.00208
0.00208
0.0021
0.00211
0.00213
0.00213
0.00214
0.00215
0.00216
0.00217
0.00217
0.00218
0.00218
0.00219
0.0022
0.0022
0.00221
0.00221
0.00222
0.00222
0.00223
0.00223
0.00223
0.00223
0.00224
0.00225
0.00225
0.00225
0.00226
0.00226
0.00227
0.00228
0.00228
0.00228
0.00229
0.00228
0.00229
0.00228
0.00229
0.00228
0.00228
0.00228
0.00227
0.00226
0.00225
0.00225
0.00224
0.00223
0.00222
0.00221
0.0022
0.00219
0.00218
0.00216
0.00216
0.00214
0.00214
0.00212
0.00212
0.00211
0.0021
0.0021
0.0021
0.00209
0.0021
0.00209
0.0021
0.0021
0.00211
0.00212
0.00213
0.00213
0.00216
0.00217
0.00218
0.0022
0.00221
0.00223
0.00225
0.00228
0.0023
0.00232
0.00235
0.00236
0.00239
0.00241
0.00244
0.00246
0.00249
0.00251
0.00253
0.00255
0.00258
0.0026
0.00262
0.00264
0.00267
0.00268
0.0027
0.00272
0.00274
0.00275
0.00277
0.00278
0.0028
0.00281
0.00282
0.00283
0.00283
0.00284
0.00285
0.00286
0.00287
0.00287
0.00288
0.00288
0.00289
0.00289
0.00289
0.00289
0.00289
0.00289
0.00289
0.00289
0.00288
0.00288
0.00288
0.00288
0.00288
0.00287
0.00287
0.00287
0.00287
0.00286
0.00286
0.00285
0.00286
0.00285
0.00285
0.00285
0.00285
0.00285
0.00286
0.00286
0.00286
0.00286
0.00287
0.00286
0.00287
0.00287
0.00287
0.00287
0.00288
0.00287
0.00287
0.00287
0.00286
0.00286
0.00286
0.00285
0.00284
0.00282
0.00281
0.00279
0.00278
0.00275
0.00273
0.0027
0.00269
0.00265
0.00262
0.00259
0.00256
0.00252
0.00249
0.00246
0.00242
0.00238
0.00235
0.00231
0.00228
0.00224
0.00221
0.00218
0.00216
0.00212
0.0021
0.00207
0.00204
0.00202
0.00201
0.00199
0.00198
0.00196
0.00195
0.00194
0.00194
0.00192
0.00192
0.00191
0.00191
0.00191
0.0019
0.0019
0.00189
0.00189
0.00189
0.00189
0.00189
0.00188
0.00189
0.00188
0.00189
0.00188
0.00188
0.00187
0.00188
0.00188
0.00188
0.00188
0.00188
0.00189
0.00189
0.0019
0.00192
0.00192
0.00194
0.00195
0.00197
0.00199
0.00201
0.00203
0.00207
0.00209
0.00212
0.00215
0.00219
0.00223
0.00226
0.00231
0.00235
0.00239
0.00244
0.00248
0.00253
0.00257
0.00262
0.00266
0.00272
0.00276
0.00281
0.00286
0.00291
0.00296
0.00301
0.00307
0.00312
0.00317
0.00323
0.00328
0.00334
0.00339
0.00345
0.00351
0.00357
0.00363
0.0037
0.00376
0.00382
0.00389
0.00396
0.00404
0.00411
0.00418
0.00425
0.00433
0.00441
0.00448
0.00456
0.00463
0.00471
0.00478
0.00486
0.00493
0.005
0.00507
0.00514
0.00521
0.00527
0.00532
0.00538
0.00543
0.00549
0.00553
0.00557
0.0056
0.00564
0.00567
0.00569
0.00571
0.00572
0.00573
0.00574
0.00574
0.00574
0.00572
0.00572
0.0057
0.00568
0.00565
0.00563
0.00559
0.00556
0.00552
0.00547
0.00543
0.00538
0.00533
0.00528
0.00522
0.00517
0.0051
0.00505
0.00498
0.00492
0.00485
0.00479
0.00471
0.00465
0.00458
0.00451
0.00444
0.00437
0.00431
0.00424
0.00417
0.00411
0.00404
0.00397
0.00391
0.00385
0.00378
0.00372
0.00365
0.0036
0.00353
0.00347
0.00341
0.00335
0.0033
0.00324
0.00319
0.00313
0.00307
0.00302
0.00296
0.00292
0.00286
0.00281
0.00275
0.0027
0.00265
0.00259
0.00254
0.00249
0.00244
0.00239
0.00234
0.00229
0.00223
0.00219
0.00214
0.0021
0.00205
0.00201
0.00196
0.00192
0.00188
0.00184
0.0018
0.00176
0.00173
0.0017
0.00167
0.00164
0.0016
0.00158
0.00155
0.00153
0.0015
0.00148
0.00145
0.00143
0.00141
0.00138
0.00136
0.00133
0.00131
0.00129
0.00126
0.00125
0.00121
0.0012
0.00117
0.00115
0.00111
0.00109
0.00106
0.00104
0.00101
0.00098
0.00096
0.00093
0.00091
0.00088
0.00086
0.00083
0.0008
0.00079
0.00076
0.00074
0.00071
0.0007
0.00067
0.00066
0.00064
0.00062
0.0006
0.00058
0.00056
0.00055
0.00053
0.00052
0.00049
0.00048
0.00046
0.00045
0.00043
0.00042
0.00039
0.00038
0.00036
0.00034
0.00032
0.0003
0.00028
0.00026
0.00024
0.00022
0.0002
0.00018
0.00016
0.00015
0.00013
0.00011
0.0001
9e-05
8e-05
7e-05
6e-05
5e-05
5e-05
5e-05
5e-05
6e-05
6e-05
7e-05
8e-05
0.0001
0.00011
0.00013
0.00014
0.00017
0.00019
0.00022
0.00025
0.00028
0.00031
0.00034
0.00038
0.00042
0.00045
0.00049
0.00052
0.00057
0.00061
0.00065
0.00069
0.00074
0.00078
0.00082
0.00086
0.00091
0.00095
0.001
0.00105
0.0011
0.00114
0.00119
0.00124
0.00129
0.00134
0.00139
0.00144
0.00149
0.00154
0.00159
0.00164
0.00169
0.00174
0.0018
0.00185
0.0019
0.00195
0.002
0.00204
0.00209
0.00213
0.00217
0.00221
0.00225
0.00228
0.0023
0.00232
0.00234
0.00236
0.00237
0.00237
0.00238
0.00236
0.00236
0.00234
0.00232
0.00229
0.00226
0.00221
0.00218
0.00212
0.00207
0.002
0.00194
0.00187
0.0018
0.00172
0.00164
0.00154
0.00146
0.00136
0.00127
0.00117
0.00107
0.00096
0.00086
0.00075
0.00064
0.00053
0.00042
0.00031
0.0002
8e-05
-3e-05
-0.00015
-0.00026
-0.00038
-0.00049
-0.00061
-0.00072
-0.00084
-0.00094
-0.00106
-0.00118
-0.00129
-0.00141
-0.00152
-0.00163
-0.00174
-0.00184
-0.00195
-0.00205
-0.00216
-0.00225
-0.00236
-0.00245
-0.00254
-0.00262
-0.00271
-0.00279
-0.00287
-0.00294
-0.003
-0.00306
-0.00312
-0.00316
-0.00321
-0.00324
-0.00328
-0.00329
-0.00332
-0.00332
-0.00333
-0.00332
-0.00331
-0.0033
-0.00327
-0.00324
-0.0032
-0.00316
-0.00311
-0.00304
-0.00299
-0.00291
-0.00284
-0.00276
-0.00268
-0.00259
-0.0025
-0.00239
-0.0023
-0.00219
-0.00208
-0.00198
-0.00186
-0.00175
-0.00163
-0.0015
-0.00139
-0.00126
-0.00114
-0.00101
-0.00089
-0.00076
-0.00064
-0.00051
-0.00038
-0.00025
-0.00012
1e-05
0.00014
0.00028
0.00041
0.00055
0.00068
0.00083
0.00096
0.00111
0.00125
0.00139
0.00154
0.00169
0.00183
0.00198
0.00213
0.00227
0.00242
0.00257
0.00272
0.00287
0.003
0.00315
0.00329
0.00343
0.00356
0.00369
0.00381
0.00394
0.00405
0.00416
0.00426
0.00435
0.00445
0.00453
0.00461
0.00468
0.00474
0.0048
0.00485
0.00489
0.00493
0.00496
0.00497
0.005
0.005
0.00501
0.005
0.00499
0.00498
0.00497
0.00495
0.00493
0.00489
0.00486
0.00482
0.00478
0.00473
0.00468
0.00462
0.00458
0.00451
0.00445
0.00438
0.00431
0.00424
0.00417
0.0041
0.00402
0.00393
0.00385
0.00376
0.00368
0.00358
0.00349
0.00339
0.0033
0.0032
0.0031
0.00299
0.00289
0.00279
0.00269
0.00258
0.00248
0.00237
0.00227
0.00217
0.00207
0.00196
0.00187
0.00176
0.00167
0.00157
0.00148
0.00138
0.00129
0.0012
0.00112
0.00103
0.00095
0.00086
0.00079
0.0007
0.00063
0.00055
0.00047
0.00039
0.00032
0.00025
0.00017
0.0001
3e-05
-4e-05
-0.00011
-0.00018
-0.00024
-0.00032
-0.00038
-0.00044
-0.0005
-0.00057
-0.00063
-0.00069
-0.00075
-0.00081
-0.00086
-0.00092
-0.00097
-0.00102
-0.00107
-0.00111
-0.00115
-0.0012
-0.00124
-0.00128
-0.00132
-0.00136
-0.00139
-0.00143
-0.00145
-0.00149
-0.00152
-0.00155
-0.00157
-0.00159
-0.00162
-0.00164
-0.00165
-0.00168
-0.00169
-0.0017
-0.00171
-0.00172
-0.00173
-0.00174
-0.00173
-0.00174
-0.00173
-0.00173
-0.00172
-0.00171
-0.00169
-0.00168
-0.00165
-0.00164
-0.00161
-0.00158
-0.00155
-0.00152
-0.00148
-0.00145
-0.0014
-0.00137
-0.00132
-0.00128
-0.00123
-0.00118
-0.00113
-0.00108
-0.00102
-0.00097
-0.00092
-0.00087
-0.0008
-0.00075
-0.00069
-0.00064
-0.00058
-0.00052
-0.00046
-0.00041
-0.00035
-0.00029
-0.00022
-0.00016
-9e-05
-4e-05
4e-05
0.0001
0.00017
0.00024
0.00031
0.00038
0.00046
0.00054
0.00062
0.0007
0.00077
0.00086
0.00095
0.00104
0.00113
0.00121
0.00131
0.0014
0.0015
0.00158
0.00168
0.00177
0.00187
0.00197
0.00206
0.00216
0.00225
0.00235
0.00244
0.00254
0.00263
0.00272
0.00282
0.00291
0.003
0.00309
0.00318
0.00327
0.00337
0.00345
0.00354
0.00363
0.00372
0.00382
0.00391
0.00401
0.00411
0.0042
0.0043
0.0044
0.00451
0.00461
0.00472
0.00482
0.00494
0.00505
0.00517
0.00528
0.0054
0.00552
0.00565
0.00577
0.00591
0.00603
0.00616
0.00629
0.00643
0.00656
0.0067
0.00683
0.00697
0.0071
0.00724
0.00737
0.0075
0.00764
0.00777
0.00791
0.00804
0.00816
0.0083
0.00842
0.00855
0.00867
0.00879
0.0089
0.00903
0.00914
0.00925
0.00935
0.00946
0.00956
0.00967
0.00976
0.00986
0.00995
0.01004
0.01012
0.01021
0.01029
0.01037
0.01044
0.01051
0.01058
0.01064
0.0107
0.01075
0.01081
0.01086
0.01091
0.01095
0.01099
0.01103
0.01106
0.01109
0.01111
0.01113
0.01115
0.01117
0.01118
0.01118
0.01119
0.01119
0.01118
0.01118
0.01117
0.01116
0.01114
0.01113
0.0111
0.01109
0.01106
0.01103
0.011
0.01097
0.01093
0.0109
0.01086
0.01082
0.01078
0.01074
0.01069
0.01065
0.0106
0.01056
0.01051
0.01047
0.01042
0.01038
0.01033
0.01029
0.01024
0.01019
0.01015
0.01011
0.01007
0.01003
0.00999
0.00996
0.00992
0.00988
0.00985
0.00983
0.0098
0.00978
0.00975
0.00974
0.00972
0.0097
0.00969
0.00968
0.00968
0.00967
0.00967
0.00968
0.00968
0.00969
0.0097
0.00971
0.00972
0.00974
0.00976
0.00979
0.00981
0.00983
0.00985
0.00988
0.00991
0.00994
0.00997
0.01001
0.01004
0.01007
0.0101
0.01014
0.01017
0.0102
0.01023
0.01027
0.0103
0.01034
0.01037
0.0104
0.01043
0.01046
0.0105
0.01053
0.01056
0.01059
0.01062
0.01066
0.01069
0.01073
0.01076
0.0108
0.01084
0.01087
0.01091
0.01095
0.011
0.01105
0.01109
0.01114
0.01119
0.01124
0.01129
0.01135
0.0114
0.01146
0.01151
0.01157
0.01162
0.01168
0.01174
0.01179
0.01185
0.0119
0.01195
0.012
0.01205
0.01209
0.01213
0.01218
0.01221
0.01224
0.01227
0.0123
0.01232
0.01234
0.01235
0.01235
0.01236
0.01237
0.01236
0.01236
0.01235
0.01234
0.01232
0.01231
0.01228
0.01226
0.01223
0.01221
0.01218
0.01214
0.01211
0.01207
0.01204
0.012
0.01196
0.01193
0.01188
0.01184
0.01179
0.01175
0.01169
0.01165
0.01159
0.01155
0.01149
0.01143
0.01137
0.01131
0.01125
0.01119
0.01112
0.01106
0.01098
0.01091
0.01084
0.01076
0.01069
0.01061
0.01053
0.01045
0.01037
0.01029
0.01021
0.01012
0.01004
0.00997
0.00988
0.00981
0.00973
0.00966
0.00958
0.00951
0.00944
0.00937
0.0093
0.00925
0.00918
0.00913
0.00907
0.00901
0.00897
0.00892
0.00887
0.00884
0.00879
0.00875
0.00871
0.00869
0.00865
0.00862
0.00859
0.00857
0.00854
0.00851
0.00849
0.00847
0.00845
0.00843
0.00841
0.0084
0.00838
0.00837
0.00835
0.00835
0.00833
0.00832
0.00831
0.00831
0.0083
0.00829
0.00829
0.00828
0.00828
0.00828
0.00827
0.00827
0.00827
0.00827
0.00826
0.00827
0.00826
0.00826
0.00825
0.00826
0.00825
0.00825
0.00824
0.00823
0.00823
0.00822
0.00821
0.00821
0.00819
0.00819
0.00818
0.00817
0.00816
0.00815
0.00814
0.00813
0.00812
0.00812
0.00811
0.0081
0.0081
0.0081
0.0081
0.0081
0.0081
0.00811
0.00811
0.00812
