1.42056389422808E+03

0.00087
0.00089
0.00092
0.00094
0.00097
0.00099
0.00101
0.00104
0.00106
0.00108
0.0011
0.00111
0.00113
0.00114
0.00116
0.00118
0.00119
0.0012
0.00122
0.00122
0.00124
0.00125
0.00126
0.00127
0.00128
0.0013
0.00131
0.00132
0.00134
0.00135
0.00137
0.00138
0.0014
0.00141
0.00143
0.00144
0.00147
0.00148
0.0015
0.00152
0.00154
0.00156
0.00158
0.0016
0.00162
0.00164
0.00167
0.00168
0.00171
0.00172
0.00175
0.00176
0.00179
0.00181
0.00183
0.00185
0.00187
0.00189
0.00192
0.00194
0.00196
0.00198
0.002
0.00202
0.00205
0.00207
0.00209
0.00211
0.00214
0.00216
0.00218
0.00221
0.00223
0.00225
0.00228
0.0023
0.00233
0.00235
0.00237
0.00239
0.00242
0.00243
0.00245
0.00247
0.00249
0.0025
0.00251
0.00251
0.00252
0.00252
0.00252
0.00252
0.00252
0.0025
0.0025
0.00247
0.00246
0.00243
0.00241
0.00237
0.00234
0.00229
0.00225
0.0022
0.00214
0.00209
0.00204
0.00197
0.00191
0.00183
0.00177
0.00169
0.00162
0.00153
0.00145
0.00136
0.00129
0.00119
0.0011
0.00101
0.00092
0.00083
0.00074
0.00064
0.00055
0.00045
0.00036
0.00027
0.00018
8e-05
-1e-05
-0.0001
-0.00018
-0.00027
-0.00036
-0.00045
-0.00053
-0.00061
-0.00069
-0.00076
-0.00083
-0.00091
-0.00098
-0.00105
-0.00111
-0.00117
-0.00123
-0.00129
-0.00133
-0.00139
-0.00143
-0.00148
-0.00152
-0.00156
-0.00159
-0.00162
-0.00165
-0.00168
-0.00169
-0.00172
-0.00173
-0.00175
-0.00175
-0.00176
-0.00176
-0.00176
-0.00176
-0.00176
-0.00175
-0.00174
-0.00172
-0.0017
-0.00168
-0.00166
-0.00163
-0.00161
-0.00157
-0.00154
-0.0015
-0.00147
-0.00142
-0.00138
-0.00133
-0.00129
-0.00124
-0.00119
-0.00114
-0.00108
-0.00102
-0.00097
-0.00091
-0.00086
-0.00079
-0.00074
-0.00067
-0.00062
-0.00055
-0.0005
-0.00044
-0.00038
-0.00032
-0.00027
-0.00021
-0.00015
-9e-05
-4e-05
2e-05
7e-05
0.00013
0.00017
0.00023
0.00028
0.00034
0.00038
0.00044
0.00048
0.00053
0.00059
0.00064
0.00069
0.00075
0.0008
0.00085
0.0009
0.00096
0.00101
0.00106
0.00111
0.00117
0.00121
0.00126
0.00131
0.00135
0.0014
0.00144
0.00148
0.00152
0.00154
0.00158
0.0016
0.00163
0.00164
0.00166
0.00166
0.00167
0.00166
0.00166
0.00164
0.00163
0.00161
0.00158
0.00156
0.00153
0.00148
0.00144
0.00139
0.00135
0.00129
0.00124
0.00117
0.00112
0.00105
0.00099
0.00092
0.00085
0.00078
0.00071
0.00064
0.00057
0.00049
0.00042
0.00034
0.00027
0.00019
0.00011
3e-05
-4e-05
-0.00013
-0.00021
-0.00029
-0.00038
-0.00046
-0.00055
-0.00063
-0.00072
-0.00082
-0.0009
-0.001
-0.00109
-0.00119
-0.00129
-0.00139
-0.00148
-0.00159
-0.00169
-0.00179
-0.0019
-0.002
-0.00209
-0.00219
-0.00229
-0.0024
-0.00249
-0.00259
-0.00267
-0.00277
-0.00285
-0.00294
-0.00302
-0.0031
-0.00317
-0.00325
-0.00332
-0.00338
-0.00344
-0.00349
-0.00354
-0.00359
-0.00363
-0.00368
-0.00371
-0.00374
-0.00377
-0.0038
-0.00381
-0.00383
-0.00384
-0.00386
-0.00387
-0.00387
-0.00387
-0.00387
-0.00386
-0.00386
-0.00384
-0.00383
-0.00381
-0.0038
-0.00377
-0.00376
-0.00372
-0.0037
-0.00367
-0.00364
-0.00361
-0.00357
-0.00353
-0.00349
-0.00344
-0.0034
-0.00335
-0.0033
-0.00325
-0.0032
-0.00314
-0.00308
-0.00301
-0.00295
-0.00289
-0.00282
-0.00276
-0.00269
-0.00261
-0.00254
-0.00246
-0.00239
-0.00231
-0.00224
-0.00215
-0.00208
-0.002
-0.00193
-0.00184
-0.00177
-0.0017
-0.00163
-0.00156
-0.00149
-0.00142
-0.00136
-0.00129
-0.00124
-0.00118
-0.00113
-0.00108
-0.00104
-0.001
-0.00096
-0.00092
-0.0009
-0.00087
-0.00085
-0.00084
-0.00082
-0.00081
-0.0008
-0.00079
-0.0008
-0.00079
-0.0008
-0.0008
-0.00082
-0.00082
-0.00084
-0.00085
-0.00087
-0.00088
-0.0009
-0.00092
-0.00093
-0.00095
-0.00097
-0.00098
-0.00101
-0.00102
-0.00104
-0.00105
-0.00108
-0.00109
-0.00111
-0.00112
-0.00114
-0.00115
-0.00117
-0.00118
-0.00119
-0.0012
-0.00121
-0.00121
-0.00123
-0.00122
-0.00123
-0.00123
-0.00123
-0.00123
-0.00123
-0.00121
-0.00121
-0.0012
-0.00118
-0.00117
-0.00114
-0.00112
-0.00109
-0.00106
-0.00103
-0.00099
-0.00095
-0.0009
-0.00086
-0.00081
-0.00077
-0.0007
-0.00065
-0.00059
-0.00054
-0.00047
-0.00041
-0.00034
-0.00028
-0.00021
-0.00015
-7e-05
-1e-05
6e-05
0.00013
0.0002
0.00026
0.00033
0.00039
0.00046
0.00052
0.00058
0.00065
0.00071
0.00077
0.00084
0.00089
0.00096
0.00101
0.00108
0.00113
0.0012
0.00125
0.00132
0.00137
0.00143
0.00149
0.00155
0.0016
0.00166
0.00172
0.00178
0.00182
0.00188
0.00193
0.00198
0.00202
0.00207
0.00211
0.00215
0.00218
0.00221
0.00224
0.00226
0.00228
0.0023
0.00231
0.00232
0.00231
0.00232
0.00231
0.0023
0.00229
0.00227
0.00225
0.00223
0.00221
0.00218
0.00215
0.00211
0.00209
0.00206
0.00202
0.00199
0.00195
0.00192
0.00188
0.00186
0.00182
0.0018
0.00176
0.00174
0.00171
0.00168
0.00166
0.00163
0.00161
0.00159
0.00157
0.00156
0.00153
0.00152
0.0015
0.00149
0.00147
0.00145
0.00143
0.00143
0.00141
0.00139
0.00138
0.00136
0.00135
0.00134
0.00133
0.00132
0.0013
0.00129
0.00128
0.00128
0.00126
0.00126
0.00125
0.00125
0.00125
0.00125
0.00125
0.00125
0.00126
0.00127
0.00128
0.00129
0.0013
0.00131
0.00133
0.00135
0.00136
0.00138
0.0014
0.00143
0.00145
0.00148
0.0015
0.00153
0.00155
0.00158
0.00161
0.00164
0.00167
0.0017
0.00173
0.00176
0.00179
0.00182
0.00185
0.00188
0.00191
0.00194
0.00197
0.002
0.00203
0.00207
0.0021
0.00213
0.00216
0.00219
0.00222
0.00225
0.00228
0.00231
0.00234
0.00237
0.0024
0.00243
0.00245
0.00248
0.0025
0.00253
0.00256
0.00258
0.0026
0.00263
0.00264
0.00267
0.00268
0.0027
0.00271
0.00274
0.00274
0.00276
0.00276
0.00277
0.00278
0.00279
0.00279
0.0028
0.00279
0.0028
0.00279
0.00279
0.00278
0.00278
0.00276
0.00276
0.00275
0.00274
0.00272
0.00271
0.0027
0.00269
0.00267
0.00266
0.00264
0.00263
0.00261
0.00261
0.00259
0.00258
0.00256
0.00255
0.00254
0.00252
0.00251
0.0025
0.00249
0.00249
0.00248
0.00247
0.00246
0.00246
0.00245
0.00245
0.00244
0.00244
0.00243
0.00243
0.00242
0.00242
0.00241
0.00241
0.00241
0.00241
0.00241
0.00241
0.0024
0.00241
0.00241
0.00241
0.00241
0.00242
0.00242
0.00243
0.00244
0.00245
0.00245
0.00246
0.00248
0.00249
0.00251
0.00253
0.00254
0.00257
0.00259
0.00261
0.00263
0.00266
0.00268
0.00271
0.00273
0.00276
0.00278
0.00281
0.00284
0.00287
0.00289
0.00292
0.00294
0.00297
0.003
0.00303
0.00305
0.00308
0.0031
0.00313
0.00315
0.00318
0.0032
0.00323
0.00326
0.00329
0.00332
0.00335
0.00337
0.00341
0.00344
0.00347
0.0035
0.00354
0.00356
0.0036
0.00363
0.00367
0.0037
0.00373
0.00376
0.00379
0.00382
0.00384
0.00386
0.00389
0.0039
0.00392
0.00393
0.00394
0.00394
0.00395
0.00394
0.00394
0.00393
0.00391
0.0039
0.00388
0.00386
0.00384
0.00381
0.00379
0.00375
0.00373
0.00369
0.00367
0.00363
0.0036
0.00357
0.00354
0.00351
0.00349
0.00347
0.00345
0.00343
0.00342
0.0034
0.0034
0.00339
0.00339
0.00339
0.0034
0.00341
0.00343
0.00344
0.00346
0.00348
0.0035
0.00353
0.00357
0.0036
0.00364
0.00368
0.00373
0.00378
0.00383
0.00388
0.00394
0.004
0.00407
0.00413
0.00421
0.00428
0.00436
0.00445
0.00454
0.00463
0.00474
0.00483
0.00495
0.00506
0.00518
0.0053
0.00543
0.00556
0.0057
0.00584
0.00599
0.00614
0.0063
0.00646
0.00662
0.00679
0.00696
0.00713
0.00731
0.00749
0.00767
0.00785
0.00804
0.00822
0.00842
0.0086
0.00879
0.00898
0.00918
0.00937
0.00957
0.00976
0.00996
0.01015
0.01036
0.01055
0.01075
0.01095
0.01116
0.01135
0.01156
0.01176
0.01197
0.01218
0.01238
0.01259
0.0128
0.01301
0.01322
0.01343
0.01364
0.01384
0.01406
0.01426
0.01447
0.01467
0.01488
0.01508
0.01528
0.01548
0.01567
0.01587
0.01606
0.01624
0.01643
0.0166
0.01678
0.01694
0.01711
0.01726
0.01742
0.01757
0.01772
0.01785
0.01799
0.01812
0.01824
0.01836
0.01848
0.01859
0.0187
0.01879
0.01889
0.01898
0.01908
0.01916
0.01925
0.01932
0.0194
0.01947
0.01954
0.01961
0.01967
0.01974
0.0198
0.01986
0.01992
0.01997
0.02002
0.02007
0.02013
0.02017
0.02022
0.02026
0.02031
0.02036
0.0204
0.02044
0.02048
0.02052
0.02057
0.0206
0.02065
0.02068
0.02073
0.02076
0.02081
0.02084
0.02088
0.02092
0.02097
0.02101
0.02105
0.02109
0.02114
0.02118
0.02123
0.02128
0.02133
0.02137
0.02143
0.02148
0.02154
0.02159
0.02165
0.0217
0.02176
0.02182
0.02188
0.02194
0.022
0.02207
0.02213
0.02219
0.02226
0.02231
0.02238
0.02244
0.0225
0.02256
0.02262
0.02267
0.02273
0.02278
0.02284
0.02288
0.02293
0.02298
0.02303
0.02307
0.02311
0.02314
0.02318
0.02321
0.02325
0.02327
0.0233
0.02333
0.02336
0.02338
0.0234
0.02342
0.02344
0.02346
0.02347
0.02349
0.02351
0.02352
0.02354
0.02356
0.02358
0.02359
0.02361
0.02362
0.02364
0.02366
0.02368
0.02369
0.02371
0.02373
0.02375
0.02377
0.02379
0.02381
0.02383
0.02384
0.02386
0.02388
0.0239
0.02391
0.02393
0.02395
0.02396
0.02398
0.02399
0.024
0.02401
0.02403
0.02404
0.02404
0.02405
0.02406
0.02406
0.02406
0.02407
0.02407
0.02407
0.02407
0.02407
0.02406
0.02406
0.02405
0.02404
0.02403
0.02402
0.024
0.02399
0.02397
0.02396
0.02394
0.02392
0.02389
0.02387
0.02384
0.02381
0.02377
0.02374
0.0237
0.02367
0.02363
0.02359
0.02354
0.0235
0.02345
0.02341
0.02336
0.02331
0.02326
0.02322
0.02316
0.02311
0.02306
0.023
0.02295
0.0229
0.02285
0.0228
0.02274
0.02269
0.02263
0.02259
0.02253
0.02247
0.02242
0.02236
0.02231
0.02225
0.02219
0.02213
0.02207
0.022
0.02194
0.02187
0.0218
0.02173
0.02165
0.02158
0.0215
0.02142
0.02133
0.02125
0.02116
0.02107
0.02097
0.02087
0.02078
0.02068
0.02058
0.02048
0.02037
0.02027
0.02016
0.02006
0.01995
0.01985
0.01974
0.01964
0.01953
0.01943
0.01932
0.01922
0.01912
0.01902
0.01892
0.01882
0.01872
0.01862
0.01852
0.01843
0.01833
0.01824
0.01813
0.01804
0.01794
0.01784
0.01774
0.01764
0.01754
0.01744
0.01733
0.01723
0.01711
0.01701
0.01689
0.01678
0.01667
0.01655
0.01643
0.01632
0.0162
0.01608
0.01595
0.01583
0.01571
0.01559
0.01548
0.01536
0.01524
0.01512
0.01501
0.0149
0.01478
0.01467
0.01456
0.01446
0.01435
0.01425
0.01415
0.01405
0.01396
0.01386
0.01377
0.01368
0.01359
0.0135
0.01342
0.01333
0.01324
0.01316
0.01307
0.013
0.01291
0.01283
0.01274
0.01266
0.01258
0.0125
0.01242
0.01234
0.01225
0.01218
0.0121
0.01202
0.01194
0.01187
0.01179
0.01171
0.01164
0.01156
0.01149
0.01142
0.01135
0.01128
0.01121
0.01115
0.01108
0.01102
0.01096
0.0109
0.01083
0.01078
0.01071
0.01066
0.0106
0.01055
0.01049
0.01043
0.01037
0.01032
0.01026
0.01021
0.01014
0.01009
0.01003
0.00997
0.00991
0.00985
0.00979
0.00974
0.00968
0.00962
0.00956
0.0095
0.00944
0.00939
0.00933
0.00928
0.00922
0.00918
0.00913
0.00908
0.00904
0.009
0.00896
0.00893
0.00889
0.00886
0.00883
0.00881
0.00879
0.00877
0.00876
0.00875
0.00874
0.00874
0.00873
0.00874
0.00874
0.00875
0.00876
0.00878
0.00879
0.00881
0.00882
0.00884
0.00887
0.00889
0.00892
0.00895
0.00897
0.009
0.00903
0.00907
0.00909
0.00913
0.00916
0.0092
0.00923
0.00926
0.0093
0.00933
0.00937
0.00941
0.00945
0.00949
0.00953
0.00957
0.00961
0.00965
0.00969
0.00973
0.00977
0.00982
0.00986
0.0099
0.00994
0.00998
0.01002
0.01007
0.01011
0.01015
0.01018
0.01022
0.01026
0.0103
0.01033
0.01036
0.01039
0.01042
0.01044
0.01047
0.01049
0.01051
0.01053
0.01054
0.01056
0.01057
0.01057
0.01059
0.01059
0.0106
0.01059
0.0106
0.01059
0.0106
0.01059
0.01058
0.01058
0.01057
0.01056
0.01056
0.01055
0.01055
0.01053
0.01053
0.01051
0.01051
0.0105
0.01049
0.01048
0.01048
0.01047
0.01046
0.01045
0.01044
0.01043
0.01043
0.01042
0.01042
0.0104
0.01039
0.01038
0.01038
0.01036
0.01036
0.01034
0.01034
0.01032
0.01031
0.0103
0.01028
0.01027
0.01026
0.01024
0.01023
0.01021
0.0102
0.01018
0.01017
0.01015
0.01014
0.01012
0.01011
0.01009
0.01007
0.01006
0.01004
0.01002
0.01001
0.01
0.00998
0.00996
0.00995
0.00994
0.00993
0.00991
0.00989
0.00987
0.00986
0.00984
0.00983
0.00981
0.00979
0.00977
0.00975
0.00973
0.00971
0.00968
0.00967
0.00964
0.00961
0.00958
0.00956
0.00952
0.00949
0.00946
0.00942
0.00938
0.00934
0.00931
0.00927
0.00923
0.00919
0.00913
0.00909
0.00904
0.009
0.00895
0.0089
0.00884
0.0088
0.00874
0.00869
0.00863
0.00857
0.00851
0.00846
0.00839
0.00834
0.00826
0.0082
0.00813
0.00807
0.00799
0.00792
0.00783
0.00776
0.00767
0.00759
0.00749
0.0074
0.00731
0.00721
0.00711
0.007
0.00689
0.00678
0.00667
0.00655
0.00643
0.00631
0.00618
0.00605
0.00592
0.00579
0.00565
0.00551
0.00538
0.00524
0.00511
0.00497
0.00483
0.00469
0.00455
0.00442
0.00428
0.00415
0.00401
0.00388
0.00374
0.00361
0.00348
0.00335
0.00323
0.00311
0.00299
0.00287
0.00274
0.00263
0.00251
0.0024
0.00229
0.00218
0.00206
0.00196
0.00186
0.00175
0.00165
0.00155
0.00146
0.00136
0.00128
0.00119
0.0011
0.00102
0.00094
0.00087
0.00079
0.00073
0.00066
0.0006
0.00055
0.00049
0.00045
0.0004
0.00036
0.00033
0.00031
0.00029
0.00026
0.00025
0.00023
0.00023
0.00023
0.00023
0.00024
0.00026
0.00027
0.00029
0.00031
0.00033
0.00037
0.0004
0.00044
0.00048
0.00052
0.00057
0.00061
0.00067
0.00071
0.00077
0.00082
0.00088
0.00094
0.001
0.00106
0.00112
0.00119
0.00125
0.00132
0.00139
0.00146
0.00153
0.0016
0.00168
0.00175
0.00182
0.00189
0.00198
0.00205
0.00213
0.00221
0.00229
0.00237
0.00246
0.00254
0.00263
0.00271
0.0028
0.00288
0.00298
0.00306
0.00315
0.00323
0.00333
0.00342
0.0035
0.00359
0.00368
0.00376
0.00385
0.00394
0.00403
0.0041
0.00419
0.00427
0.00435
0.00442
0.0045
0.00457
0.00464
0.00471
0.00477
0.00483
0.00489
0.00495
0.005
0.00505
0.0051
0.00513
0.00518
0.00521
0.00525
0.00527
0.0053
0.00531
0.00534
0.00535
0.00536
0.00536
0.00536
0.00536
0.00536
0.00535
0.00534
0.00531
0.0053
0.00527
0.00525
0.00521
0.00518
0.00513
0.00509
0.00504
0.00499
0.00494
0.00488
0.00483
0.00477
0.0047
0.00464
0.00457
0.0045
0.00443
0.00436
0.00429
0.00422
0.00414
0.00407
0.00399
0.00392
0.00384
0.00377
0.0037
0.00363
0.00356
0.00349
0.00342
0.00336
0.00329
0.00323
0.00316
0.0031
0.00304
0.00299
0.00293
0.00287
0.00281
0.00276
0.00271
0.00266
0.00261
0.00257
0.00252
0.00248
0.00244
0.0024
0.00235
0.00232
0.00228
0.00225
0.00222
0.00219
0.00216
0.00213
0.00211
0.00209
0.00207
0.00206
0.00203
0.00202
0.00201
0.002
0.00199
0.00199
0.00198
0.00198
0.00197
0.00197
0.00197
0.00197
0.00197
0.00197
0.00198
0.00198
0.00197
0.00198
0.00197
0.00198
0.00197
0.00197
0.00195
0.00195
0.00194
0.00193
0.00192
0.0019
0.00189
0.00187
0.00185
0.00184
0.00181
0.00179
0.00176
0.00174
0.00171
0.00168
0.00164
0.00162
0.00159
0.00156
0.00152
0.00149
0.00146
0.00143
0.00139
0.00136
0.00132
0.00129
0.00125
0.00122
0.00118
0.00115
0.00111
0.00109
0.00105
0.00101
0.00098
0.00094
0.00091
0.00088
0.00084
0.00081
0.00077
0.00075
0.00071
0.00069
0.00065
0.00063
0.0006
0.00058
0.00055
0.00053
0.0005
0.00048
0.00047
0.00045
0.00044
0.00043
0.00042
0.00042
0.00041
0.00042
0.00042
0.00042
0.00043
0.00045
0.00046
0.00048
0.00049
0.00052
0.00055
0.00058
0.00061
0.00065
0.00068
0.00073
0.00076
0.00082
0.00086
0.00091
0.00095
0.00101
0.00106
0.00111
0.00116
0.00121
0.00127
0.00132
0.00138
0.00143
0.00148
0.00154
0.00159
0.00164
0.00169
0.00174
0.00179
0.00185
0.00189
0.00195
0.00199
0.00204
0.0021
0.00215
0.0022
0.00226
0.0023
0.00236
0.00241
0.00248
0.00253
0.00259
0.00264
0.00271
0.00278
0.00284
0.0029
0.00296
0.00303
0.0031
0.00317
0.00324
0.00329
0.00336
0.00343
0.00349
0.00355
0.00361
0.00366
0.00372
0.00377
0.00381
0.00386
0.00389
0.00393
0.00397
0.004
0.00402
0.00404
0.00406
0.00407
0.00408
0.00408
0.00408
0.00407
0.00407
0.00405
0.00403
0.00401
0.00398
0.00395
0.00392
0.00388
0.00385
0.0038
0.00375
0.0037
0.00365
0.00358
0.00352
0.00345
0.00338
0.00331
0.00323
0.00314
0.00305
0.00296
0.00287
0.00278
0.00268
0.00257
0.00247
0.00236
0.00226
0.00214
0.00204
0.00192
0.00182
0.00171
0.0016
0.00149
0.00138
0.00128
0.00118
0.00109
0.001
0.0009
0.00082
0.00074
0.00067
0.00059
0.00053
0.00046
0.00041
0.00035
0.00031
0.00026
0.00021
0.00018
0.00015
0.00012
9e-05
6e-05
4e-05
2e-05
0.0
-2e-05
-3e-05
-5e-05
-6e-05
-8e-05
-9e-05
-0.00011
-0.00012
-0.00013
-0.00014
-0.00015
-0.00015
-0.00017
-0.00017
-0.00018
-0.00017
-0.00018
-0.00018
-0.00018
-0.00017
-0.00017
-0.00016
-0.00015
-0.00014
-0.00012
-0.00011
-9e-05
-6e-05
-5e-05
-2e-05
-1e-05
3e-05
4e-05
7e-05
9e-05
0.00012
0.00014
0.00016
0.00018
0.0002
0.00022
0.00024
0.00025
0.00027
0.00027
0.00029
0.00029
0.0003
0.0003
0.00031
0.0003
0.00031
0.0003
0.00029
0.00028
0.00027
0.00026
0.00026
0.00024
0.00024
0.00022
0.00021
0.00019
0.00018
0.00016
0.00014
0.00012
0.00011
9e-05
6e-05
4e-05
2e-05
-1e-05
-3e-05
-5e-05
-8e-05
-0.00011
-0.00014
-0.00017
-0.0002
-0.00024
-0.00027
-0.00031
-0.00034
-0.00038
-0.00042
-0.00046
-0.0005
-0.00054
-0.00058
-0.00062
-0.00066
-0.00071
-0.00075
-0.00079
-0.00083
-0.00087
-0.00091
-0.00095
-0.00097
-0.00101
-0.00105
-0.00108
-0.00111
-0.00113
-0.00115
-0.00117
-0.00118
-0.00121
-0.00121
-0.00123
-0.00123
-0.00124
-0.00123
-0.00124
-0.00122
-0.00122
-0.00121
-0.00119
-0.00118
-0.00116
-0.00113
-0.00111
-0.00108
-0.00106
-0.00102
-0.00099
-0.00095
-0.00092
-0.00088
-0.00084
-0.0008
-0.00076
-0.00072
-0.00068
-0.00063
-0.00059
-0.00054
-0.00049
-0.00044
-0.0004
-0.00035
-0.0003
-0.00024
-0.0002
-0.00014
-9e-05
-3e-05
2e-05
8e-05
0.00014
0.0002
0.00026
0.00033
0.0004
0.00047
0.00054
0.00061
0.00069
0.00077
0.00084
0.00093
0.001
0.00109
0.00118
0.00126
0.00134
0.00143
0.00152
0.00161
0.00169
0.00178
0.00186
0.00195
0.00202
0.00211
0.00218
0.00226
0.00233
0.00241
0.00247
0.00253
0.00259
0.00264
0.0027
0.00275
0.00279
0.00284
0.00287
0.00291
0.00293
0.00297
0.00298
0.00301
0.00302
0.00305
0.00306
0.00307
0.00308
0.00309
0.00309
0.0031
0.00311
0.00312
0.00312
0.00313
0.00314
0.00315
0.00316
0.00317
0.00317
0.00319
0.0032
0.00322
0.00324
0.00325
0.00328
0.0033
0.00333
0.00335
0.00337
0.00341
0.00344
0.00347
0.0035
0.00354
0.00356
0.00361
0.00364
0.00367
0.0037
0.00374
0.00377
0.00381
0.00384
0.00387
0.00389
0.00393
0.00395
0.00398
0.004
0.00402
0.00403
0.00405
0.00406
0.00407
0.00407
0.00407
0.00407
0.00406
0.00405
0.00404
0.00401
0.00399
0.00396
0.00394
0.0039
0.00386
0.00381
0.00377
0.00371
0.00366
0.00359
0.00353
0.00346
0.00339
0.00332
0.00324
0.00316
0.00308
0.00299
0.00291
0.00281
0.00272
0.00262
0.00254
0.00244
0.00234
0.00225
0.00215
0.00206
0.00197
0.00188
0.00179
0.0017
0.00161
0.00153
0.00145
0.00136
0.00129
0.00121
0.00114
0.00107
0.001
0.00094
0.00087
0.00082
0.00076
0.00071
0.00067
0.00062
0.00058
0.00054
0.00051
0.00047
0.00044
0.00041
0.00039
0.00036
0.00035
0.00033
0.00031
0.0003
0.0003
0.00029
0.00029
0.00028
0.00029
0.00029
0.0003
0.0003
0.00031
0.00032
0.00033
0.00034
0.00036
0.00037
0.00039
0.00041
0.00043
0.00045
0.00048
0.00049
0.00052
0.00054
0.00057
0.00059
0.00061
0.00063
0.00066
0.00067
0.00069
0.00071
0.00073
0.00074
0.00076
0.00077
0.00079
0.0008
0.00081
0.00082
0.00083
0.00082
0.00083
0.00082
0.00083
0.00082
0.00082
0.0008
0.00079
0.00078
0.00076
0.00074
0.00073
0.0007
0.00068
0.00064
0.00062
0.00058
0.00055
0.0005
0.00047
0.00042
0.00038
0.00033
0.00028
0.00023
0.00018
0.00013
8e-05
2e-05
-3e-05
-9e-05
-0.00014
-0.0002
-0.00025
-0.00031
-0.00036
-0.00041
-0.00046
-0.00051
-0.00056
-0.0006
-0.00064
-0.00068
-0.00072
-0.00076
-0.00079
-0.00082
-0.00084
-0.00087
-0.00089
-0.00091
-0.00092
-0.00094
-0.00095
-0.00097
-0.00098
-0.00098
-0.00099
-0.00099
-0.00099
-0.001
-0.001
-0.00101
-0.001
-0.00101
-0.00102
-0.00103
-0.00103
-0.00104
-0.00105
-0.00107
-0.00109
-0.0011
-0.00112
-0.00115
-0.00117
-0.0012
-0.00123
-0.00127
-0.0013
-0.00134
-0.00138
-0.00143
-0.00147
-0.00152
-0.00157
-0.00163
-0.00168
-0.00173
-0.00179
-0.00185
-0.0019
-0.00197
-0.00203
-0.00209
-0.00215
-0.00222
-0.00228
-0.00234
-0.0024
-0.00247
-0.00253
-0.0026
-0.00266
-0.00272
-0.00278
-0.00284
-0.0029
-0.00297
-0.00302
-0.00308
-0.00314
-0.0032
-0.00325
-0.00331
-0.00335
-0.0034
-0.00345
-0.0035
-0.00354
-0.00358
-0.00361
-0.00365
-0.00367
-0.00371
-0.00373
-0.00376
-0.00377
-0.00379
-0.0038
-0.00382
-0.00381
-0.00382
-0.00382
-0.00382
-0.00382
-0.0038
-0.00379
-0.00377
-0.00375
-0.00374
-0.0037
-0.00368
-0.00364
-0.00361
-0.00357
-0.00354
-0.00349
-0.00344
-0.00339
-0.00333
-0.00328
-0.00321
-0.00314
-0.00307
-0.00299
-0.00291
-0.00282
-0.00274
-0.00264
-0.00254
-0.00243
-0.00232
-0.0022
-0.00208
-0.00196
-0.00183
-0.0017
-0.00156
-0.00142
-0.00127
-0.00112
-0.00097
-0.00082
-0.00066
-0.0005
-0.00035
-0.00018
-3e-05
0.00013
0.00029
0.00045
0.0006
0.00076
0.00091
0.00107
0.00122
0.00137
0.0015
0.00165
0.00179
0.00193
0.00206
0.0022
0.00232
0.00246
0.00258
0.0027
0.00282
0.00294
0.00306
0.00318
0.00329
0.00341
0.00351
0.00362
0.00373
0.00384
0.00394
0.00404
0.00413
0.00424
0.00433
0.00442
0.0045
0.00458
0.00466
0.00473
0.0048
0.00487
0.00492
0.00498
0.00502
0.00506
0.00509
0.00512
0.00514
0.00516
0.00517
0.00517
0.00516
0.00515
0.00513
0.00511
0.00509
0.00506
0.00502
0.00498
0.00494
0.00489
0.00484
0.00479
0.00472
0.00467
0.00461
0.00455
0.00448
0.00441
0.00435
0.00428
0.00421
0.00414
0.00406
0.00399
0.00392
0.00385
0.00377
0.00369
0.00361
0.00354
0.00345
0.00337
0.00328
0.0032
0.00311
0.00303
0.00294
0.00285
0.00276
0.00267
0.00258
0.00249
0.0024
0.00232
0.00222
0.00214
0.00205
0.00197
0.00189
0.00181
0.00173
0.00166
0.00159
0.00153
0.00146
0.00141
0.00135
0.00131
0.00126
0.00123
0.00119
0.00117
0.00114
0.00112
0.0011
0.00109
0.00108
0.00108
0.00108
0.00109
0.00109
0.00111
0.00112
0.00114
0.00116
0.00118
0.0012
0.00124
0.00126
0.00129
0.00132
0.00135
0.00139
0.00143
0.00147
0.00151
0.00155
0.00159
0.00163
0.00169
0.00172
0.00178
0.00182
0.00187
0.00192
0.00197
0.00202
0.00207
0.00213
0.00218
0.00223
0.00229
0.00234
0.00239
0.00244
0.00249
0.00254
0.00259
0.00263
0.00268
0.00271
0.00274
0.00278
0.0028
0.00283
0.00285
0.00287
0.00288
0.00288
0.00289
0.00289
0.00289
0.00287
0.00286
0.00284
0.00282
0.00279
0.00276
0.00272
0.00268
0.00264
0.0026
0.00256
0.00251
0.00245
0.0024
0.00234
0.00229
0.00222
0.00217
0.0021
0.00205
0.00198
0.00192
0.00186
0.00179
0.00173
0.00167
0.0016
0.00154
0.00146
0.0014
0.00133
0.00126
0.00119
0.00112
0.00104
0.00097
0.00089
0.00081
0.00073
0.00064
0.00056
0.00048
0.00039
0.00031
0.00021
0.00013
3e-05
-6e-05
-0.00016
-0.00025
-0.00035
-0.00043
-0.00053
-0.00063
-0.00072
-0.00082
-0.00091
-0.001
-0.00108
-0.00117
-0.00127
-0.00134
-0.00143
-0.00151
-0.0016
-0.00168
-0.00176
-0.00183
-0.00191
-0.00199
-0.00207
-0.00215
-0.00222
-0.00229
-0.00237
-0.00244
-0.00252
-0.00259
-0.00267
-0.00274
-0.00282
-0.00289
-0.00297
-0.00304
-0.00311
-0.00319
-0.00326
-0.00334
-0.00341
-0.00347
-0.00354
-0.00361
-0.00368
-0.00374
-0.0038
-0.00386
-0.00392
-0.00396
-0.00402
-0.00406
-0.00411
-0.00415
-0.00419
-0.00422
-0.00425
-0.00428
-0.0043
-0.00432
-0.00434
-0.00435
-0.00437
-0.00437
-0.00439
-0.00439
-0.0044
-0.00439
-0.00439
-0.00439
-0.00439
-0.00438
-0.00437
-0.00436
-0.00435
-0.00433
-0.00433
-0.00431
-0.00429
-0.00427
-0.00425
-0.00422
-0.00421
-0.00417
-0.00415
-0.00411
-0.00408
-0.00405
-0.00401
-0.00396
-0.00392
-0.00387
-0.00383
-0.00377
-0.00373
-0.00367
-0.00362
-0.00356
-0.00351
-0.00345
-0.00339
-0.00334
-0.00328
-0.00323
-0.00317
-0.00312
-0.00307
-0.00301
-0.00297
-0.00292
-0.00288
-0.00283
-0.00279
-0.00275
-0.00272
-0.00267
-0.00264
-0.00261
-0.00258
-0.00255
-0.00251
-0.00248
-0.00245
-0.00241
-0.00239
-0.00235
-0.00232
-0.00228
-0.00225
-0.0022
-0.00217
-0.00212
-0.00207
-0.00202
-0.00198
-0.00192
-0.00187
-0.00181
-0.00175
-0.00168
-0.00163
-0.00156
-0.0015
-0.00143
-0.00137
-0.0013
-0.00124
-0.00116
-0.00109
-0.00103
-0.00096
-0.00089
-0.00082
-0.00076
-0.00069
-0.00062
-0.00055
-0.00048
-0.00042
-0.00034
-0.00028
-0.0002
-0.00014
-6e-05
1e-05
9e-05
0.00016
0.00024
0.00032
0.00041
0.00049
0.00058
0.00066
0.00075
0.00083
0.00093
0.00101
0.00111
0.00119
0.00129
0.00138
0.00146
0.00155
0.00163
0.00172
0.00181
0.00188
0.00197
0.00203
0.00211
0.00217
0.00224
0.0023
0.00236
0.0024
0.00246
0.0025
0.00254
0.00258
0.00261
0.00264
0.00267
0.00269
0.00272
0.00273
0.00274
0.00275
0.00276
0.00276
0.00276
0.00276
0.00276
0.00274
0.00273
0.00272
0.00269
0.00268
0.00265
0.00262
0.00259
0.00255
0.00251
0.00247
0.00243
0.00237
0.00232
0.00225
0.0022
0.00213
0.00207
0.002
0.00193
0.00185
0.00178
0.0017
0.00163
0.00154
0.00147
0.00138
0.00131
0.00122
0.00115
0.00107
0.001
0.00092
0.00084
0.00077
0.0007
0.00063
0.00057
0.00051
0.00045
0.00039
0.00034
0.00029
0.00024
0.00019
0.00016
0.00011
8e-05
5e-05
2e-05
-1e-05
-4e-05
-5e-05
-7e-05
-8e-05
-9e-05
-0.0001
-0.0001
-0.00011
-9e-05
-9e-05
-8e-05
-7e-05
-4e-05
-3e-05
-0.0
3e-05
6e-05
0.0001
0.00014
0.00019
0.00024
0.00028
0.00034
0.00039
0.00046
0.00052
0.00059
0.00065
0.00073
0.0008
0.00087
0.00095
0.00103
0.00111
0.00119
0.00127
0.00136
0.00144
0.00153
0.00161
0.0017
0.00178
0.00187
0.00195
0.00205
0.00213
0.00221
0.0023
0.00237
0.00246
0.00254
0.00261
0.00269
0.00276
0.00284
0.0029
0.00297
0.00302
0.00308
0.00313
0.00319
0.00323
0.00327
0.0033
0.00333
0.00336
0.00338
0.00339
0.0034
0.0034
0.0034
0.00339
0.00338
0.00335
0.00333
0.0033
0.00326
0.00322
0.00317
0.00312
0.00306
0.003
0.00294
0.00287
0.0028
0.00272
0.00265
0.00256
0.00248
0.00239
0.0023
0.00221
0.00212
0.00202
0.00192
0.00182
0.00172
0.00162
0.00152
0.00141
0.00131
0.0012
0.0011
0.00099
0.00088
0.00077
0.00067
0.00055
0.00045
0.00033
0.00022
0.00011
-0.0
-0.00011
-0.00022
-0.00033
-0.00043
-0.00055
-0.00065
-0.00076
-0.00086
-0.00096
-0.00106
-0.00116
-0.00125
-0.00135
-0.00144
-0.00153
-0.00162
-0.0017
-0.00178
-0.00186
-0.00193
-0.00201
-0.00206
-0.00213
-0.00218
-0.00224
-0.00229
-0.00233
-0.00237
-0.00241
-0.00244
-0.00246
-0.00249
-0.0025
-0.00251
-0.00252
-0.00251
-0.00252
-0.0025
-0.0025
-0.00247
-0.00245
-0.00242
-0.0024
-0.00235
-0.00231
-0.00227
-0.00222
-0.00217
-0.00211
-0.00205
-0.00199
-0.00191
-0.00185
-0.00177
-0.0017
-0.00162
-0.00154
-0.00146
-0.00138
-0.00129
-0.00121
-0.00112
-0.00104
-0.00095
-0.00086
-0.00077
-0.00069
-0.0006
-0.00052
-0.00043
-0.00036
-0.00027
-0.0002
-0.00012
-5e-05
3e-05
9e-05
0.00016
0.00022
0.00028
0.00034
0.0004
0.00045
0.00051
0.00055
0.0006
0.00064
0.00068
0.00071
0.00075
0.00078
0.00082
0.00085
0.00087
0.0009
0.00092
0.00094
0.00097
0.00098
0.00101
0.00102
0.00104
0.00105
0.00107
0.00108
0.0011
0.0011
0.00112
0.00113
0.00114
0.00115
0.00116
0.00117
0.00118
0.00119
0.0012
0.0012
0.00122
0.00122
0.00123
0.00123
0.00123
0.00123
0.00123
0.00123
0.00123
0.00122
0.00121
0.00121
0.0012
0.00119
0.00118
0.00116
0.00115
0.00113
0.00112
0.0011
0.00108
0.00105
0.00104
0.00101
0.00099
0.00097
0.00094
0.00092
0.0009
0.00087
0.00085
0.00082
0.00081
0.00078
0.00076
0.00073
0.00072
0.00069
0.00068
0.00065
0.00063
0.00061
0.00058
0.00057
0.00055
0.00053
0.00051
0.00048
0.00047
0.00044
0.00042
0.00039
0.00037
0.00034
0.00033
0.0003
0.00027
0.00024
0.0002
0.00018
0.00015
0.00011
8e-05
4e-05
1e-05
-3e-05
-6e-05
-0.0001
-0.00013
-0.00017
-0.0002
-0.00025
-0.00029
-0.00033
-0.00037
-0.0004
-0.00044
-0.00048
-0.00052
-0.00056
-0.0006
-0.00064
-0.00068
-0.00073
-0.00077
-0.00082
-0.00085
-0.0009
-0.00095
-0.001
-0.00105
-0.0011
-0.00115
-0.0012
-0.00126
-0.00132
-0.00137
-0.00144
-0.0015
-0.00157
-0.00164
-0.00171
-0.00178
-0.00186
-0.00193
-0.00202
-0.0021
-0.00218
-0.00226
-0.00235
-0.00244
-0.00253
-0.00262
-0.00272
-0.00281
-0.00291
-0.003
-0.0031
-0.00319
-0.00329
-0.00339
-0.00349
-0.00358
-0.00368
-0.00377
-0.00387
-0.00395
-0.00405
-0.00413
-0.00422
-0.0043
-0.00439
-0.00446
-0.00454
-0.0046
-0.00467
-0.00474
-0.0048
-0.00486
-0.00491
-0.00495
-0.005
-0.00503
-0.00507
-0.00509
-0.00512
-0.00514
-0.00516
-0.00517
-0.00518
-0.00517
-0.00517
-0.00516
-0.00515
-0.00514
-0.00512
-0.00509
-0.00507
-0.00503
-0.00501
-0.00497
-0.00493
-0.00489
-0.00485
-0.0048
-0.00476
-0.0047
-0.00466
-0.00461
-0.00455
-0.0045
-0.00444
-0.00439
-0.00433
-0.00427
-0.00421
-0.00415
-0.00409
-0.00402
-0.00396
-0.00389
-0.00383
-0.00376
-0.00369
-0.00362
-0.00354
-0.00347
-0.00339
-0.0033
-0.00322
-0.00313
-0.00304
-0.00294
-0.00285
-0.00274
-0.00265
-0.00253
-0.00243
-0.00231
-0.00219
-0.00207
-0.00195
-0.00183
-0.0017
-0.00156
-0.00143
-0.00129
-0.00116
-0.00101
-0.00087
-0.00072
-0.00059
-0.00044
-0.0003
-0.00015
-1e-05
0.00013
0.00028
0.00042
0.00056
0.0007
0.00084
0.00098
0.00111
0.00124
0.00137
0.00151
0.00163
0.00176
0.00188
0.00201
0.00213
0.00225
0.00236
0.00248
0.00259
0.00271
0.00282
0.00294
0.00304
0.00316
0.00326
0.00337
0.00347
0.00358
0.00367
0.00378
0.00387
0.00397
0.00406
0.00415
0.00424
0.00433
0.00441
0.00449
0.00456
0.00464
0.00471
0.00477
0.00483
0.00489
0.00493
0.00499
0.00502
0.00506
0.00509
0.00511
0.00514
0.00515
0.00516
0.00517
0.00516
0.00516
0.00515
0.00514
0.00511
0.00509
0.00506
0.00503
0.00499
0.00495
0.0049
0.00485
0.0048
0.00475
0.00469
0.00464
0.00457
0.00451
0.00445
0.00438
0.00431
0.00425
0.00418
0.00411
0.00404
0.00397
0.00391
0.00384
0.00377
0.00371
0.00364
0.00358
0.00351
0.00346
0.00339
0.00334
0.00328
0.00323
0.00317
0.00313
0.00307
0.00303
0.00298
0.00294
0.0029
0.00287
0.00283
0.0028
0.00276
0.00274
0.00271
0.00269
0.00267
0.00265
0.00263
0.00262
0.0026
0.00259
0.00258
0.00257
0.00257
0.00257
0.00256
0.00257
0.00256
0.00257
0.00257
0.00258
0.00258
0.00259
0.00259
0.00261
0.00262
0.00263
0.00264
0.00266
0.00268
0.00269
0.00271
0.00273
0.00274
0.00276
0.00278
0.0028
0.00281
0.00284
0.00285
0.00287
0.00288
0.0029
0.00291
0.00293
0.00294
0.00295
0.00296
0.00297
0.00297
0.00298
0.00298
0.00299
0.00298
0.00299
0.00298
0.00298
0.00297
0.00296
0.00295
0.00294
0.00292
0.00291
0.00289
0.00288
0.00286
0.00285
0.00282
0.00281
0.00279
0.00277
0.00275
0.00274
0.00271
0.0027
0.00268
0.00266
0.00264
0.00263
0.00262
0.00261
0.00259
0.00258
0.00257
0.00257
0.00256
0.00255
0.00254
0.00254
0.00254
0.00254
0.00253
0.00253
0.00253
0.00254
0.00254
0.00255
0.00254
0.00255
0.00255
0.00257
0.00257
0.00258
0.00258
0.0026
0.0026
0.00261
0.00262
0.00263
0.00264
0.00266
0.00267
0.00269
0.00269
0.00271
0.00271
0.00273
0.00273
0.00274
0.00274
0.00276
0.00276
0.00276
0.00276
0.00275
0.00275
0.00275
0.00274
0.00273
0.00271
0.00269
0.00267
0.00265
0.00262
0.00259
0.00255
0.00252
0.00248
0.00244
0.00239
0.00235
0.0023
0.00225
0.0022
0.00215
0.00208
0.00203
0.00197
0.00191
0.00184
0.00179
0.00172
0.00166
0.00159
0.00153
0.00146
0.00139
0.00133
0.00126
0.00119
0.00113
0.00106
0.00099
0.00092
0.00086
0.00078
0.00072
0.00064
0.00058
0.00051
0.00044
0.00037
0.0003
0.00024
0.00017
0.00011
5e-05
-2e-05
-8e-05
-0.00014
-0.00019
-0.00026
-0.0003
-0.00036
-0.0004
-0.00045
-0.00049
-0.00053
-0.00057
-0.0006
-0.00063
-0.00066
-0.00068
-0.0007
-0.00072
-0.00074
-0.00074
-0.00076
-0.00076
-0.00078
-0.00077
-0.00078
-0.00078
-0.00078
-0.00078
-0.00078
-0.00078
-0.00077
-0.00077
-0.00077
-0.00076
-0.00076
-0.00075
-0.00075
-0.00074
-0.00074
-0.00072
-0.00072
-0.00071
-0.00071
-0.0007
-0.00069
-0.00067
-0.00066
-0.00064
-0.00063
-0.00061
-0.00059
-0.00056
-0.00054
-0.00051
-0.00049
-0.00045
-0.00042
-0.00039
-0.00035
-0.00032
-0.00027
-0.00023
-0.00019
-0.00014
-0.0001
-4e-05
0.0
6e-05
0.00011
0.00017
0.00022
0.00029
0.00034
0.00041
0.00047
0.00053
0.0006
0.00067
0.00073
0.00081
0.00087
0.00095
0.00102
0.0011
0.00117
0.00125
0.00132
0.0014
0.00148
0.00156
0.00163
0.00171
0.00179
0.00187
0.00195
0.00203
0.0021
0.00218
0.00225
0.00233
0.0024
0.00248
0.00254
0.00261
0.00268
0.00274
0.0028
0.00286
0.00292
0.00298
0.00304
0.0031
0.00314
0.0032
0.00324
0.0033
0.00334
0.00338
0.00342
0.00347
0.00351
0.00355
0.00358
0.00361
0.00364
0.00368
0.0037
0.00373
0.00374
0.00377
0.00378
0.00379
0.00379
0.0038
0.00379
0.00379
0.00378
0.00376
0.00374
0.00371
0.00368
0.00364
0.0036
0.00356
0.0035
0.00345
0.00338
0.00332
0.00325
0.00318
0.0031
0.00302
0.00294
0.00285
0.00276
0.00267
0.00258
0.00249
0.0024
0.00231
0.00221
0.00212
0.00202
0.00193
0.00183
0.00174
0.00164
0.00155
0.00145
0.00136
0.00126
0.00117
0.00108
0.00098
0.00089
0.0008
0.00069
0.0006
0.0005
0.00041
0.0003
0.0002
0.0001
0.0
-0.00011
-0.00021
-0.00032
-0.00043
-0.00053
-0.00064
-0.00075
-0.00085
-0.00096
-0.00106
-0.00117
-0.00127
-0.00138
-0.00147
-0.00158
-0.00166
-0.00176
-0.00185
-0.00193
-0.00202
-0.00209
-0.00216
-0.00223
-0.00229
-0.00236
-0.00241
-0.00246
-0.0025
-0.00255
-0.00258
-0.00262
-0.00264
-0.00266
-0.00268
-0.00269
-0.00271
-0.00271
-0.00271
-0.0027
-0.00269
-0.00269
-0.00267
-0.00266
-0.00263
-0.00262
-0.00258
-0.00256
-0.00252
-0.00249
-0.00245
-0.00241
-0.00237
-0.00232
-0.00227
-0.00221
-0.00215
-0.0021
-0.00203
-0.00197
-0.00189
-0.00182
-0.00174
-0.00166
-0.00157
-0.00148
-0.00139
-0.00129
-0.00119
-0.00108
-0.00096
-0.00085
-0.00072
-0.00061
-0.00047
-0.00035
-0.00021
-8e-05
7e-05
0.0002
0.00035
0.0005
0.00064
0.00079
0.00093
0.00108
0.00123
0.00137
0.00152
0.00166
0.0018
0.00193
0.00207
0.0022
0.00233
0.00244
0.00257
0.00267
0.00278
0.00288
0.00297
0.00307
0.00315
0.00323
0.00331
0.00337
0.00344
0.00349
0.00354
0.00358
0.00362
0.00365
0.00369
0.00371
0.00372
0.00373
0.00373
0.00374
0.00374
0.00373
0.00372
0.00369
0.00368
0.00365
0.00362
0.00359
0.00356
0.00351
0.00348
0.00343
0.00338
0.00333
0.00328
0.00323
0.00318
0.00313
0.00308
0.00302
0.00297
0.00291
0.00286
0.00281
0.00276
0.0027
0.00266
0.0026
0.00256
0.00251
0.00246
0.00241
0.00237
0.00232
0.00228
0.00223
0.00219
0.00214
0.0021
0.00205
0.002
0.00195
0.0019
0.00185
0.00179
0.00174
0.00168
0.00162
0.00157
0.00151
0.00145
0.00138
0.00133
0.00126
0.00121
0.00114
0.00108
0.00102
0.00097
0.00091
0.00086
0.00081
0.00076
0.00072
0.00068
0.00065
0.00062
0.00058
0.00057
0.00054
0.00053
0.00051
0.0005
0.00049
0.0005
0.00049
0.00049
0.00049
0.00049
0.00049
0.0005
0.0005
0.0005
0.0005
0.0005
0.00049
0.00049
0.00047
0.00047
0.00045
0.00044
0.00041
0.00038
0.00035
0.00032
0.00029
0.00026
0.00022
0.00019
0.00014
0.0001
6e-05
2e-05
-3e-05
-6e-05
-0.00011
-0.00014
-0.00018
-0.00022
-0.00026
-0.00029
-0.00032
-0.00035
-0.00037
-0.00039
-0.00042
-0.00043
-0.00046
-0.00046
-0.00049
-0.0005
-0.00051
-0.00051
-0.00053
-0.00054
-0.00055
-0.00056
-0.00056
-0.00057
-0.00058
-0.00058
-0.0006
-0.00061
-0.00062
-0.00063
-0.00064
-0.00065
-0.00067
-0.00067
-0.00069
-0.0007
-0.00072
-0.00073
-0.00074
-0.00075
-0.00076
-0.00077
-0.00078
-0.00078
-0.00079
-0.00079
