9.40591521095909E+02

-0.00083
-0.00084
-0.00085
-0.00087
-0.00087
-0.00088
-0.00089
-0.0009
-0.00091
-0.00091
-0.00091
-0.00092
-0.00091
-0.00092
-0.00091
-0.00091
-0.00089
-0.00089
-0.00087
-0.00086
-0.00083
-0.0008
-0.00078
-0.00075
-0.00071
-0.00067
-0.00062
-0.00057
-0.00052
-0.00047
-0.00041
-0.00035
-0.00028
-0.00021
-0.00014
-7e-05
1e-05
8e-05
0.00017
0.00024
0.00033
0.00041
0.0005
0.00059
0.00068
0.00076
0.00086
0.00094
0.00104
0.00112
0.00122
0.0013
0.0014
0.00148
0.00158
0.00166
0.00175
0.00184
0.00193
0.00201
0.0021
0.00218
0.00227
0.00234
0.00243
0.0025
0.00258
0.00264
0.00272
0.00278
0.00284
0.00289
0.00295
0.00299
0.00304
0.00308
0.00312
0.00314
0.00317
0.00318
0.00319
0.00319
0.00319
0.00318
0.00317
0.00314
0.00311
0.00307
0.00303
0.00298
0.00293
0.00287
0.00281
0.00273
0.00267
0.00258
0.0025
0.00241
0.00233
0.00223
0.00214
0.00204
0.00194
0.00184
0.00173
0.00163
0.00153
0.00143
0.00133
0.00122
0.00112
0.00102
0.00093
0.00082
0.00073
0.00063
0.00054
0.00044
0.00035
0.00026
0.00017
8e-05
-1e-05
-9e-05
-0.00017
-0.00027
-0.00035
-0.00044
-0.00052
-0.00061
-0.00069
-0.00078
-0.00086
-0.00095
-0.00104
-0.00113
-0.00121
-0.0013
-0.00138
-0.00146
-0.00154
-0.00163
-0.0017
-0.00178
-0.00185
-0.00193
-0.002
-0.00207
-0.00213
-0.00219
-0.00225
-0.0023
-0.00235
-0.00239
-0.00243
-0.00246
-0.00249
-0.00252
-0.00253
-0.00255
-0.00256
-0.00257
-0.00256
-0.00256
-0.00255
-0.00254
-0.00252
-0.00251
-0.00248
-0.00245
-0.00242
-0.00239
-0.00235
-0.00232
-0.00227
-0.00224
-0.00219
-0.00215
-0.00209
-0.00205
-0.002
-0.00195
-0.00189
-0.00184
-0.00179
-0.00173
-0.00167
-0.00161
-0.00154
-0.00149
-0.00141
-0.00135
-0.00128
-0.00121
-0.00113
-0.00106
-0.00097
-0.0009
-0.00082
-0.00073
-0.00065
-0.00056
-0.00046
-0.00037
-0.00027
-0.00018
-7e-05
3e-05
0.00013
0.00023
0.00034
0.00044
0.00056
0.00066
0.00077
0.00088
0.00098
0.00109
0.0012
0.0013
0.00141
0.0015
0.00161
0.0017
0.0018
0.00189
0.00199
0.00207
0.00216
0.00224
0.00232
0.00239
0.00246
0.00254
0.0026
0.00267
0.00273
0.00279
0.00285
0.0029
0.00296
0.003
0.00305
0.00309
0.00314
0.00317
0.00321
0.00325
0.00328
0.00332
0.00335
0.00338
0.00342
0.00344
0.00347
0.00349
0.00352
0.00354
0.00356
0.00357
0.00359
0.0036
0.00361
0.00362
0.00363
0.00363
0.00364
0.00363
0.00363
0.00362
0.00362
0.0036
0.00359
0.00357
0.00356
0.00353
0.00351
0.00348
0.00345
0.00342
0.00338
0.00335
0.00332
0.00329
0.00325
0.00321
0.00318
0.00313
0.0031
0.00306
0.00303
0.00299
0.00296
0.00292
0.00288
0.00284
0.00281
0.00278
0.00274
0.00271
0.00268
0.00263
0.0026
0.00256
0.00253
0.00249
0.00245
0.0024
0.00237
0.00232
0.00227
0.00222
0.00217
0.00212
0.00207
0.00201
0.00196
0.00189
0.00183
0.00177
0.00171
0.00164
0.00158
0.0015
0.00144
0.00137
0.00131
0.00124
0.00117
0.0011
0.00104
0.00097
0.00091
0.00084
0.00079
0.00072
0.00067
0.0006
0.00055
0.00048
0.00043
0.00037
0.00031
0.00025
0.00019
0.00014
8e-05
2e-05
-4e-05
-0.00011
-0.00016
-0.00023
-0.00029
-0.00036
-0.00042
-0.0005
-0.00056
-0.00063
-0.0007
-0.00077
-0.00084
-0.00092
-0.00099
-0.00106
-0.00113
-0.0012
-0.00127
-0.00134
-0.0014
-0.00147
-0.00154
-0.00161
-0.00166
-0.00172
-0.00178
-0.00184
-0.0019
-0.00195
-0.00201
-0.00205
-0.0021
-0.00216
-0.0022
-0.00225
-0.00229
-0.00234
-0.00238
-0.00242
-0.00246
-0.0025
-0.00254
-0.00258
-0.00262
-0.00265
-0.00268
-0.00272
-0.00275
-0.00278
-0.0028
-0.00283
-0.00284
-0.00287
-0.00288
-0.0029
-0.0029
-0.0029
-0.0029
-0.0029
-0.00289
-0.00287
-0.00285
-0.00282
-0.00279
-0.00277
-0.00272
-0.00268
-0.00263
-0.00258
-0.00253
-0.00248
-0.00241
-0.00235
-0.00228
-0.00222
-0.00216
-0.00209
-0.00202
-0.00195
-0.00188
-0.00183
-0.00176
-0.0017
-0.00164
-0.00159
-0.00153
-0.00149
-0.00143
-0.00139
-0.00135
-0.00131
-0.00128
-0.00125
-0.00121
-0.00118
-0.00115
-0.00114
-0.00111
-0.00109
-0.00106
-0.00105
-0.00102
-0.00101
-0.00098
-0.00096
-0.00093
-0.00091
-0.00089
-0.00086
-0.00083
-0.00079
-0.00076
-0.00073
-0.00068
-0.00065
-0.0006
-0.00056
-0.00051
-0.00047
-0.00041
-0.00036
-0.00031
-0.00026
-0.0002
-0.00014
-8e-05
-2e-05
4e-05
9e-05
0.00016
0.00022
0.00029
0.00035
0.00042
0.00048
0.00055
0.00061
0.00068
0.00075
0.00082
0.00089
0.00096
0.00104
0.00111
0.00118
0.00126
0.00133
0.00142
0.00149
0.00157
0.00165
0.00174
0.00182
0.0019
0.00198
0.00207
0.00215
0.00224
0.00233
0.00242
0.00249
0.00258
0.00267
0.00275
0.00283
0.00292
0.00299
0.00308
0.00315
0.00322
0.0033
0.00337
0.00344
0.0035
0.00357
0.00363
0.00369
0.00375
0.0038
0.00386
0.00391
0.00396
0.004
0.00405
0.00409
0.00413
0.00417
0.0042
0.00424
0.00427
0.0043
0.00433
0.00435
0.00438
0.0044
0.00443
0.00444
0.00446
0.00447
0.00449
0.00449
0.0045
0.0045
0.0045
0.0045
0.0045
0.00449
0.00448
0.00446
0.00445
0.00443
0.00441
0.00438
0.00435
0.00431
0.00429
0.00424
0.0042
0.00416
0.00411
0.00407
0.00402
0.00397
0.00393
0.00387
0.00382
0.00376
0.00372
0.00366
0.00361
0.00355
0.0035
0.00344
0.00339
0.00334
0.00329
0.00324
0.00319
0.00314
0.0031
0.00305
0.00301
0.00296
0.00292
0.00288
0.00284
0.0028
0.00277
0.00273
0.0027
0.00266
0.00263
0.0026
0.00258
0.00255
0.00254
0.00251
0.0025
0.00248
0.00247
0.00245
0.00245
0.00244
0.00245
0.00244
0.00245
0.00245
0.00246
0.00247
0.00249
0.00251
0.00253
0.00254
0.00257
0.00259
0.00262
0.00265
0.00268
0.0027
0.00274
0.00276
0.00279
0.00282
0.00284
0.00287
0.00289
0.00292
0.00294
0.00295
0.00297
0.00298
0.003
0.003
0.00301
0.00301
0.00302
0.00302
0.00301
0.00301
0.003
0.00299
0.00298
0.00297
0.00296
0.00294
0.00293
0.0029
0.00289
0.00286
0.00285
0.00282
0.00281
0.00279
0.00276
0.00274
0.00272
0.0027
0.00268
0.00266
0.00264
0.00262
0.0026
0.00258
0.00257
0.00255
0.00254
0.00251
0.0025
0.00249
0.00247
0.00246
0.00245
0.00244
0.00243
0.00242
0.00241
0.0024
0.0024
0.00239
0.00239
0.00238
0.00238
0.00237
0.00237
0.00237
0.00236
0.00236
0.00236
0.00236
0.00236
0.00236
0.00236
0.00235
0.00236
0.00235
0.00236
0.00235
0.00235
0.00234
0.00234
0.00233
0.00233
0.00232
0.00231
0.0023
0.00229
0.00228
0.00227
0.00225
0.00224
0.00223
0.00222
0.0022
0.00218
0.00216
0.00215
0.00212
0.0021
0.00208
0.00206
0.00204
0.00202
0.00199
0.00197
0.00194
0.00192
0.00189
0.00187
0.00185
0.00182
0.0018
0.00178
0.00175
0.00173
0.00171
0.00169
0.00167
0.00166
0.00164
0.00163
0.00162
0.00162
0.00162
0.00162
0.00163
0.00164
0.00165
0.00167
0.00169
0.00172
0.00175
0.00179
0.00183
0.00188
0.00193
0.00199
0.00205
0.00211
0.00218
0.00226
0.00233
0.00241
0.00249
0.00259
0.00267
0.00276
0.00286
0.00296
0.00306
0.00317
0.00327
0.00338
0.00349
0.00361
0.00372
0.00384
0.00396
0.00409
0.00421
0.00434
0.00447
0.0046
0.00473
0.00487
0.00501
0.00515
0.0053
0.00545
0.00559
0.00575
0.0059
0.00606
0.00621
0.00637
0.00653
0.0067
0.00685
0.00701
0.00718
0.00733
0.0075
0.00766
0.00782
0.00798
0.00813
0.0083
0.00845
0.0086
0.00875
0.00891
0.00905
0.0092
0.00934
0.00948
0.00962
0.00976
0.0099
0.01004
0.01017
0.01031
0.01044
0.01058
0.01071
0.01084
0.01097
0.0111
0.01123
0.01136
0.01149
0.01162
0.01175
0.01187
0.012
0.01213
0.01226
0.01239
0.01251
0.01264
0.01276
0.01288
0.013
0.01312
0.01324
0.01336
0.01348
0.01359
0.0137
0.01381
0.01392
0.01403
0.01413
0.01424
0.01434
0.01444
0.01453
0.01463
0.01472
0.01482
0.01491
0.015
0.01508
0.01517
0.01525
0.01533
0.01541
0.01548
0.01555
0.01563
0.01569
0.01576
0.01582
0.01588
0.01593
0.01599
0.01603
0.01609
0.01612
0.01617
0.0162
0.01623
0.01626
0.01629
0.01631
0.01634
0.01635
0.01637
0.01637
0.01639
0.01639
0.0164
0.0164
0.01641
0.01641
0.01641
0.01641
0.01641
0.01641
0.01641
0.01641
0.01641
0.01641
0.01641
0.01641
0.01641
0.01641
0.01641
0.01641
0.01642
0.01641
0.01641
0.01641
0.01641
0.01641
0.01641
0.01641
0.01641
0.01639
0.01639
0.01638
0.01637
0.01636
0.01634
0.01632
0.01631
0.01629
0.01627
0.01624
0.01622
0.01619
0.01616
0.01613
0.01611
0.01607
0.01604
0.01601
0.01598
0.01594
0.01592
0.01588
0.01586
0.01582
0.0158
0.01577
0.01574
0.01572
0.0157
0.01568
0.01566
0.01563
0.01562
0.0156
0.01559
0.01557
0.01556
0.01555
0.01554
0.01553
0.01551
0.0155
0.01549
0.01547
0.01546
0.01545
0.01543
0.01541
0.01539
0.01537
0.01535
0.01531
0.01529
0.01525
0.01523
0.01519
0.01515
0.01511
0.01506
0.01502
0.01498
0.01493
0.01488
0.01483
0.01478
0.01473
0.01468
0.01462
0.01458
0.01452
0.01448
0.01442
0.01437
0.01433
0.01428
0.01424
0.0142
0.01416
0.01412
0.01409
0.01406
0.01402
0.014
0.01397
0.01395
0.01392
0.01391
0.01389
0.01387
0.01386
0.01384
0.01383
0.01382
0.01381
0.0138
0.01379
0.01378
0.01377
0.01377
0.01375
0.01375
0.01373
0.01373
0.01372
0.01371
0.0137
0.01368
0.01368
0.01367
0.01366
0.01364
0.01363
0.01362
0.01361
0.0136
0.01359
0.01359
0.01357
0.01357
0.01357
0.01356
0.01356
0.01356
0.01356
0.01356
0.01357
0.01357
0.01358
0.01359
0.0136
0.01362
0.01363
0.01365
0.01367
0.0137
0.01372
0.01374
0.01378
0.01381
0.01384
0.01388
0.01392
0.01396
0.014
0.01406
0.0141
0.01416
0.01421
0.01427
0.01432
0.01439
0.01445
0.01452
0.01458
0.01465
0.01473
0.0148
0.01488
0.01496
0.01503
0.01511
0.01519
0.01528
0.01535
0.01544
0.01551
0.0156
0.01568
0.01576
0.01584
0.01591
0.01599
0.01607
0.01614
0.01622
0.01628
0.01635
0.01641
0.01648
0.01653
0.01659
0.01664
0.0167
0.01674
0.01678
0.01682
0.01685
0.01689
0.01692
0.01695
0.01697
0.01698
0.017
0.01701
0.01702
0.01702
0.01703
0.01703
0.01703
0.01702
0.01702
0.01701
0.01699
0.01698
0.01697
0.01696
0.01694
0.01692
0.01691
0.01689
0.01688
0.01686
0.01685
0.01684
0.01683
0.01682
0.01681
0.0168
0.0168
0.0168
0.0168
0.01681
0.01681
0.01682
0.01683
0.01684
0.01686
0.01687
0.0169
0.01691
0.01694
0.01696
0.01699
0.01701
0.01704
0.01707
0.0171
0.01713
0.01716
0.01718
0.01721
0.01723
0.01726
0.01728
0.01731
0.01733
0.01735
0.01736
0.01738
0.01739
0.0174
0.01742
0.01742
0.01743
0.01744
0.01743
0.01744
0.01743
0.01743
0.01742
0.01742
0.01741
0.0174
0.01738
0.01737
0.01735
0.01733
0.01731
0.01729
0.01726
0.01724
0.01721
0.01718
0.01715
0.01712
0.01708
0.01705
0.01701
0.01697
0.01693
0.01689
0.01684
0.0168
0.01675
0.01671
0.01666
0.01662
0.01656
0.01652
0.01647
0.01643
0.01637
0.01633
0.01628
0.01623
0.01618
0.01614
0.01609
0.01604
0.016
0.01595
0.01591
0.01587
0.01582
0.01578
0.01573
0.01569
0.01564
0.0156
0.01555
0.0155
0.01545
0.0154
0.01535
0.0153
0.01524
0.01519
0.01513
0.01508
0.01501
0.01496
0.01489
0.01483
0.01476
0.0147
0.01463
0.01457
0.0145
0.01443
0.01436
0.0143
0.01423
0.01416
0.0141
0.01404
0.01396
0.01391
0.01384
0.01378
0.01371
0.01366
0.01359
0.01354
0.01348
0.01342
0.01336
0.0133
0.01324
0.01319
0.01313
0.01307
0.013
0.01294
0.01288
0.01282
0.01274
0.01268
0.0126
0.01254
0.01246
0.01238
0.0123
0.01221
0.01213
0.01205
0.01196
0.01187
0.01177
0.01169
0.01159
0.0115
0.01139
0.0113
0.0112
0.0111
0.011
0.01091
0.0108
0.0107
0.01061
0.01051
0.01042
0.01032
0.01022
0.01013
0.01004
0.00995
0.00986
0.00977
0.00968
0.0096
0.00952
0.00944
0.00936
0.00929
0.00922
0.00915
0.00909
0.00903
0.00896
0.00891
0.00885
0.00881
0.00876
0.00872
0.00868
0.00866
0.00863
0.0086
0.00858
0.00857
0.00856
0.00856
0.00856
0.00856
0.00856
0.00858
0.00859
0.00862
0.00864
0.00867
0.00869
0.00873
0.00876
0.0088
0.00884
0.00888
0.00892
0.00897
0.00901
0.00906
0.0091
0.00916
0.0092
0.00925
0.00929
0.00934
0.00938
0.00944
0.00948
0.00952
0.00956
0.0096
0.00965
0.00969
0.00973
0.00977
0.0098
0.00984
0.00987
0.00991
0.00994
0.00997
0.00999
0.01003
0.01005
0.01008
0.0101
0.01011
0.01013
0.01015
0.01017
0.01018
0.01018
0.01019
0.0102
0.0102
0.0102
0.0102
0.01018
0.01018
0.01017
0.01015
0.01013
0.01011
0.01009
0.01007
0.01004
0.01001
0.00997
0.00995
0.00991
0.00987
0.00983
0.0098
0.00975
0.00971
0.00967
0.00963
0.00958
0.00954
0.00949
0.00945
0.00941
0.00936
0.00931
0.00927
0.00922
0.00918
0.00913
0.00909
0.00904
0.009
0.00895
0.00891
0.00886
0.00882
0.00877
0.00873
0.00869
0.00865
0.0086
0.00856
0.00851
0.00847
0.00843
0.00839
0.00834
0.00831
0.00827
0.00823
0.00819
0.00816
0.00812
0.00809
0.00806
0.00804
0.008
0.00798
0.00795
0.00793
0.0079
0.00788
0.00786
0.00784
0.00782
0.0078
0.00778
0.00776
0.00775
0.00773
0.00771
0.0077
0.00767
0.00766
0.00763
0.00761
0.00758
0.00756
0.00753
0.0075
0.00747
0.00743
0.00739
0.00735
0.00731
0.00727
0.00722
0.00718
0.00712
0.00707
0.00701
0.00696
0.00689
0.00684
0.00677
0.00671
0.00664
0.00658
0.00651
0.00645
0.00638
0.00632
0.00625
0.0062
0.00612
0.00607
0.00601
0.00596
0.00589
0.00584
0.00579
0.00575
0.0057
0.00565
0.00561
0.00557
0.00553
0.0055
0.00547
0.00544
0.00541
0.00539
0.00536
0.00535
0.00533
0.00531
0.0053
0.00529
0.00528
0.00526
0.00525
0.00525
0.00524
0.00524
0.00523
0.00523
0.00523
0.00523
0.00523
0.00523
0.00523
0.00523
0.00523
0.00524
0.00524
0.00525
0.00526
0.00526
0.00528
0.00529
0.0053
0.00532
0.00533
0.00535
0.00536
0.00539
0.00541
0.00543
0.00545
0.00548
0.0055
0.00553
0.00556
0.00558
0.00561
0.00564
0.00567
0.0057
0.00572
0.00575
0.00578
0.00581
0.00582
0.00585
0.00586
0.00588
0.00589
0.0059
0.00591
0.00591
0.00591
0.00591
0.0059
0.00589
0.00587
0.00585
0.00583
0.0058
0.00576
0.00573
0.00569
0.00565
0.0056
0.00555
0.0055
0.00544
0.00538
0.00533
0.00526
0.00521
0.00513
0.00507
0.005
0.00494
0.00486
0.0048
0.00473
0.00467
0.00459
0.00453
0.00446
0.00439
0.00433
0.00426
0.0042
0.00414
0.00407
0.00401
0.00395
0.00389
0.00382
0.00376
0.0037
0.00364
0.00358
0.00351
0.00345
0.00338
0.00332
0.00326
0.00319
0.00313
0.00305
0.00299
0.00291
0.00285
0.00277
0.0027
0.00262
0.00255
0.00247
0.0024
0.00232
0.00225
0.00218
0.00211
0.00204
0.00197
0.00189
0.00183
0.00176
0.0017
0.00164
0.00158
0.00152
0.00148
0.00143
0.00138
0.00133
0.00129
0.00125
0.00122
0.00118
0.00115
0.00112
0.00109
0.00106
0.00105
0.00101
0.00099
0.00097
0.00095
0.00093
0.0009
0.00088
0.00085
0.00083
0.0008
0.00077
0.00074
0.00071
0.00068
0.00064
0.0006
0.00056
0.00052
0.00047
0.00043
0.00037
0.00032
0.00027
0.00021
0.00016
0.0001
4e-05
-2e-05
-9e-05
-0.00014
-0.00021
-0.00027
-0.00034
-0.0004
-0.00047
-0.00053
-0.0006
-0.00066
-0.00073
-0.0008
-0.00086
-0.00092
-0.00097
-0.00103
-0.00109
-0.00115
-0.0012
-0.00125
-0.00131
-0.00135
-0.0014
-0.00144
-0.00149
-0.00152
-0.00156
-0.0016
-0.00163
-0.00165
-0.00168
-0.0017
-0.00172
-0.00173
-0.00175
-0.00176
-0.00177
-0.00177
-0.00178
-0.00177
-0.00177
-0.00176
-0.00176
-0.00175
-0.00173
-0.00172
-0.0017
-0.00168
-0.00167
-0.00164
-0.00163
-0.0016
-0.00158
-0.00156
-0.00154
-0.00151
-0.00149
-0.00146
-0.00144
-0.00142
-0.00139
-0.00137
-0.00134
-0.00131
-0.0013
-0.00126
-0.00124
-0.00121
-0.00119
-0.00116
-0.00113
-0.0011
-0.00107
-0.00104
-0.00101
-0.00098
-0.00095
-0.00091
-0.00088
-0.00084
-0.00081
-0.00077
-0.00073
-0.00069
-0.00066
-0.00062
-0.00058
-0.00054
-0.00051
-0.00047
-0.00043
-0.0004
-0.00036
-0.00032
-0.00029
-0.00025
-0.00023
-0.00019
-0.00017
-0.00013
-0.00011
-7e-05
-5e-05
-2e-05
0.0
3e-05
5e-05
8e-05
0.0001
0.00013
0.00016
0.00018
0.0002
0.00023
0.00025
0.00029
0.00031
0.00034
0.00036
0.00039
0.00042
0.00044
0.00047
0.00049
0.00052
0.00055
0.00057
0.0006
0.00062
0.00065
0.00067
0.00069
0.00071
0.00073
0.00074
0.00077
0.00078
0.00079
0.0008
0.00081
0.00082
0.00083
0.00084
0.00084
0.00084
0.00085
0.00085
0.00085
0.00085
0.00085
0.00084
0.00085
0.00084
0.00084
0.00084
0.00083
0.00083
0.00083
0.00083
0.00083
0.00082
0.00082
0.00082
0.00082
0.00081
0.00081
0.0008
0.00081
0.0008
0.00079
0.00079
0.00078
0.00077
0.00077
0.00076
0.00076
0.00074
0.00074
0.00073
0.00072
0.00071
0.0007
0.00068
0.00068
0.00066
0.00065
0.00064
0.00062
0.00061
0.0006
0.00059
0.00059
0.00057
0.00057
0.00056
0.00056
0.00055
0.00055
0.00054
0.00054
0.00054
0.00054
0.00054
0.00054
0.00055
0.00056
0.00056
0.00058
0.00058
0.0006
0.0006
0.00062
0.00063
0.00065
0.00066
0.00068
0.0007
0.00071
0.00073
0.00074
0.00076
0.00078
0.0008
0.00082
0.00083
0.00085
0.00087
0.00089
0.0009
0.00092
0.00093
0.00095
0.00096
0.00097
0.00098
0.00099
0.00101
0.00102
0.00103
0.00104
0.00104
0.00106
0.00106
0.00107
0.00107
0.00108
0.00107
0.00108
0.00108
0.00108
0.00108
0.00108
0.00108
0.00108
0.00107
0.00107
0.00106
0.00106
0.00104
0.00104
0.00103
0.00102
0.001
0.00099
0.00097
0.00096
0.00094
0.00092
0.0009
0.00088
0.00086
0.00084
0.00081
0.00079
0.00075
0.00073
0.0007
0.00067
0.00063
0.0006
0.00057
0.00053
0.00049
0.00045
0.00041
0.00037
0.00034
0.0003
0.00025
0.00021
0.00017
0.00013
9e-05
5e-05
1e-05
-2e-05
-6e-05
-0.0001
-0.00014
-0.00017
-0.0002
-0.00022
-0.00025
-0.00027
-0.0003
-0.00032
-0.00034
-0.00035
-0.00037
-0.00037
-0.00039
-0.00038
-0.00039
-0.00039
-0.00039
-0.00039
-0.00039
-0.00038
-0.00037
-0.00036
-0.00036
-0.00034
-0.00033
-0.00031
-0.0003
-0.00029
-0.00028
-0.00026
-0.00025
-0.00024
-0.00023
-0.00022
-0.0002
-0.00019
-0.00018
-0.00017
-0.00017
-0.00015
-0.00015
-0.00013
-0.00013
-0.00012
-0.00011
-0.0001
-9e-05
-8e-05
-7e-05
-6e-05
-4e-05
-2e-05
-0.0
2e-05
3e-05
6e-05
8e-05
0.00012
0.00014
0.00018
0.00021
0.00025
0.00028
0.00032
0.00036
0.0004
0.00044
0.00048
0.00053
0.00057
0.00061
0.00066
0.00069
0.00074
0.00077
0.00081
0.00084
0.00089
0.00092
0.00095
0.00097
0.001
0.00103
0.00105
0.00107
0.0011
0.00111
0.00113
0.00115
0.00117
0.00118
0.0012
0.00121
0.00123
0.00125
0.00126
0.00128
0.0013
0.00132
0.00135
0.00137
0.0014
0.00142
0.00146
0.00149
0.00153
0.00155
0.00159
0.00162
0.00167
0.0017
0.00174
0.00178
0.00181
0.00185
0.00189
0.00192
0.00196
0.00198
0.00201
0.00204
0.00207
0.00208
0.00211
0.00212
0.00213
0.00214
0.00214
0.00214
0.00214
0.00214
0.00213
0.00212
0.00211
0.00208
0.00207
0.00204
0.00201
0.00198
0.00195
0.00191
0.00187
0.00183
0.00178
0.00173
0.00168
0.00162
0.00157
0.00151
0.00145
0.00137
0.00131
0.00123
0.00116
0.00108
0.001
0.00091
0.00083
0.00073
0.00064
0.00054
0.00044
0.00034
0.00024
0.00014
4e-05
-8e-05
-0.00018
-0.00029
-0.0004
-0.00051
-0.00061
-0.00072
-0.00082
-0.00093
-0.00103
-0.00113
-0.00122
-0.00131
-0.0014
-0.00148
-0.00156
-0.00164
-0.00171
-0.00178
-0.00183
-0.0019
-0.00195
-0.002
-0.00204
-0.00208
-0.00211
-0.00214
-0.00217
-0.00219
-0.0022
-0.00222
-0.00222
-0.00224
-0.00224
-0.00224
-0.00223
-0.00223
-0.00222
-0.00222
-0.0022
-0.00219
-0.00218
-0.00217
-0.00215
-0.00213
-0.00212
-0.0021
-0.00207
-0.00206
-0.00204
-0.00202
-0.002
-0.00198
-0.00196
-0.00194
-0.00191
-0.00189
-0.00187
-0.00185
-0.00183
-0.00181
-0.00178
-0.00176
-0.00173
-0.00171
-0.00168
-0.00166
-0.00162
-0.0016
-0.00156
-0.00154
-0.0015
-0.00146
-0.00143
-0.00139
-0.00136
-0.00131
-0.00127
-0.00123
-0.00118
-0.00114
-0.00109
-0.00104
-0.00099
-0.00094
-0.00089
-0.00084
-0.00078
-0.00073
-0.00067
-0.00062
-0.00057
-0.00051
-0.00045
-0.00039
-0.00032
-0.00027
-0.0002
-0.00015
-8e-05
-2e-05
5e-05
0.00011
0.00018
0.00024
0.00032
0.00038
0.00045
0.00053
0.00061
0.00068
0.00076
0.00084
0.00092
0.001
0.00109
0.00117
0.00126
0.00134
0.00144
0.00153
0.00161
0.0017
0.00179
0.00188
0.00197
0.00206
0.00214
0.00222
0.00231
0.00239
0.00247
0.00254
0.00262
0.00269
0.00276
0.00282
0.00288
0.00294
0.00299
0.00305
0.0031
0.00314
0.00319
0.00322
0.00326
0.00329
0.00333
0.00335
0.00337
0.00339
0.00342
0.00343
0.00344
0.00345
0.00346
0.00347
0.00348
0.00348
0.00349
0.00348
0.00348
0.00348
0.00348
0.00346
0.00346
0.00344
0.00344
0.00342
0.0034
0.00338
0.00336
0.00334
0.00332
0.0033
0.00328
0.00324
0.00322
0.00319
0.00316
0.00313
0.0031
0.00306
0.00303
0.00299
0.00296
0.00292
0.00289
0.00285
0.00282
0.00278
0.00275
0.00271
0.00268
0.00264
0.00261
0.00257
0.00254
0.0025
0.00248
0.00244
0.00241
0.00238
0.00235
0.00232
0.00229
0.00226
0.00224
0.0022
0.00218
0.00215
0.00213
0.0021
0.00208
0.00205
0.00204
0.00201
0.00199
0.00196
0.00194
0.00192
0.00191
0.00188
0.00187
0.00184
0.00183
0.00181
0.0018
0.00178
0.00177
0.00175
0.00175
0.00173
0.00172
0.00171
0.00169
0.00169
0.00168
0.00167
0.00167
0.00165
0.00165
0.00164
0.00164
0.00162
0.00162
0.00161
0.00162
0.00161
0.00161
0.0016
0.0016
0.0016
0.0016
0.0016
0.00161
0.0016
0.0016
0.0016
0.00161
0.0016
0.00161
0.0016
0.00161
0.00161
0.00161
0.0016
0.0016
0.0016
0.0016
0.00159
0.00159
0.00157
0.00156
0.00155
0.00154
0.00151
0.0015
0.00147
0.00146
0.00142
0.00139
0.00136
0.00132
0.00129
0.00124
0.0012
0.00116
0.0011
0.00106
0.001
0.00095
0.00088
0.00082
0.00075
0.0007
0.00063
0.00056
0.00049
0.00042
0.00036
0.00029
0.00022
0.00016
8e-05
2e-05
-5e-05
-0.00011
-0.00018
-0.00023
-0.0003
-0.00035
-0.00041
-0.00046
-0.00051
-0.00056
-0.00061
-0.00065
-0.00069
-0.00072
-0.00076
-0.00079
-0.00082
-0.00084
-0.00087
-0.00089
-0.00091
-0.00092
-0.00094
-0.00095
-0.00096
-0.00097
-0.00097
-0.00097
-0.00097
-0.00096
-0.00096
-0.00095
-0.00094
-0.00092
-0.00091
-0.00089
-0.00088
-0.00085
-0.00083
-0.00081
-0.00078
-0.00075
-0.00072
-0.00068
-0.00065
-0.00061
-0.00057
-0.00053
-0.00049
-0.00043
-0.00039
-0.00034
-0.0003
-0.00024
-0.00019
-0.00013
-8e-05
-3e-05
3e-05
9e-05
0.00015
0.00021
0.00026
0.00033
0.00038
0.00045
0.0005
0.00057
0.00062
0.00068
0.00074
0.00079
0.00085
0.0009
0.00096
0.00101
0.00107
0.00112
0.00117
0.00122
0.00127
0.00132
0.00136
0.00142
0.00146
0.00151
0.00155
0.00159
0.00163
0.00167
0.00172
0.00176
0.0018
0.00184
0.00187
0.00191
0.00194
0.00198
0.00201
0.00205
0.00207
0.00211
0.00213
0.00216
0.00219
0.00221
0.00224
0.00227
0.00229
0.00232
0.00233
0.00236
0.00237
0.0024
0.00241
0.00243
0.00244
0.00247
0.00248
0.00249
0.0025
0.00251
0.00253
0.00254
0.00255
0.00257
0.00257
0.00258
0.00258
0.0026
0.0026
0.0026
0.0026
0.00261
0.00261
0.00261
0.0026
0.0026
0.00259
0.00259
0.00258
0.00257
0.00255
0.00255
0.00252
0.00251
0.00249
0.00247
0.00244
0.00242
0.00239
0.00236
0.00232
0.00229
0.00225
0.00221
0.00217
0.00213
0.00208
0.00204
0.00198
0.00193
0.00187
0.00182
0.00175
0.0017
0.00163
0.00156
0.00149
0.00142
0.00135
0.00128
0.0012
0.00113
0.00105
0.00097
0.00089
0.00081
0.00072
0.00064
0.00056
0.00048
0.00039
0.00031
0.00022
0.00014
6e-05
-2e-05
-0.0001
-0.00018
-0.00027
-0.00034
-0.00042
-0.00049
-0.00056
-0.00063
-0.00071
-0.00077
-0.00084
-0.0009
-0.00097
-0.00103
-0.00109
-0.00114
-0.0012
-0.00125
-0.00131
-0.00136
-0.00141
-0.00145
-0.0015
-0.00154
-0.00158
-0.00161
-0.00165
-0.00168
-0.00172
-0.00175
-0.00177
-0.00179
-0.0018
-0.00181
-0.00183
-0.00183
-0.00183
-0.00183
-0.00182
-0.00181
-0.00179
-0.00176
-0.00174
-0.0017
-0.00167
-0.00163
-0.00157
-0.00152
-0.00145
-0.00139
-0.00132
-0.00124
-0.00117
-0.00108
-0.001
-0.0009
-0.00081
-0.0007
-0.00061
-0.0005
-0.0004
-0.00029
-0.00018
-7e-05
4e-05
0.00016
0.00026
0.00038
0.00049
0.0006
0.00071
0.00082
0.00092
0.00104
0.00114
0.00124
0.00134
0.00144
0.00154
0.00163
0.00172
0.00182
0.00189
0.00198
0.00206
0.00214
0.00221
0.00229
0.00235
0.00243
0.00249
0.00255
0.00261
0.00266
0.00272
0.00277
0.00282
0.00287
0.0029
0.00295
0.00298
0.00302
0.00305
0.00308
0.00311
0.00314
0.00316
0.00318
0.0032
0.00322
0.00324
0.00325
0.00326
0.00328
0.00328
0.00329
0.00329
0.00329
0.00329
0.00329
0.00328
0.00327
0.00326
0.00324
0.00323
0.00321
0.00319
0.00317
0.00314
0.00312
0.00308
0.00305
0.00301
0.00298
0.00293
0.00289
0.00284
0.0028
0.00274
0.00269
0.00263
0.00257
0.00251
0.00245
0.00238
0.00232
0.00225
0.00219
0.00211
0.00205
0.00197
0.00189
0.00181
0.00174
0.00166
0.00158
0.0015
0.00142
0.00134
0.00126
0.00118
0.0011
0.001
0.00093
0.00084
0.00076
0.00067
0.00059
0.0005
0.00043
0.00034
0.00026
0.00018
0.0001
2e-05
-5e-05
-0.00013
-0.00019
-0.00027
-0.00034
-0.00041
-0.00046
-0.00053
-0.00059
-0.00065
-0.00069
-0.00075
-0.0008
-0.00084
-0.00088
-0.00092
-0.00095
-0.00099
-0.00101
-0.00104
-0.00106
-0.00108
-0.0011
-0.00112
-0.00113
-0.00114
-0.00115
-0.00116
-0.00116
-0.00117
-0.00117
-0.00117
-0.00117
-0.00116
-0.00116
-0.00116
-0.00115
-0.00114
-0.00113
-0.00113
-0.00111
-0.00111
-0.00108
-0.00107
-0.00106
-0.00104
-0.00102
-0.001
-0.00097
-0.00095
-0.00092
-0.0009
-0.00086
-0.00083
-0.00079
-0.00075
-0.00071
-0.00067
-0.00062
-0.00057
-0.00052
-0.00047
-0.00042
-0.00036
-0.0003
-0.00024
-0.00018
-0.00012
-5e-05
1e-05
8e-05
0.00014
0.00021
0.00026
0.00034
0.0004
0.00047
0.00053
0.00059
0.00066
0.00073
0.0008
0.00086
0.00092
0.00099
0.00106
0.00113
0.00119
0.00126
0.00133
0.00141
0.00148
0.00155
0.00163
0.0017
0.00179
0.00187
0.00195
0.00205
0.00213
0.00223
0.00232
0.00242
0.00252
0.00262
0.00272
0.00284
0.00294
0.00305
0.00316
0.00327
0.00338
0.0035
0.00361
0.00373
0.00383
0.00395
0.00405
0.00416
0.00426
0.00437
0.00446
0.00456
0.00466
0.00474
0.00483
0.00491
0.005
0.00508
0.00515
0.00522
0.00529
0.00535
0.00541
0.00548
0.00553
0.00559
0.00564
0.00569
0.00574
0.00579
0.00583
0.00588
0.00592
0.00597
0.00601
0.00606
0.00609
0.00614
0.00618
0.00622
0.00625
0.0063
0.00633
0.00637
0.00641
0.00644
0.00647
0.0065
0.00653
0.00655
0.00658
0.0066
0.00661
0.00663
0.00663
0.00665
0.00664
0.00665
0.00664
0.00663
0.00662
0.0066
0.00658
0.00655
0.00652
0.00649
0.00645
0.00641
0.00636
0.00632
0.00626
0.00621
0.00614
0.00608
0.00601
0.00595
0.00587
0.0058
0.00572
0.00564
0.00556
0.00548
0.00539
0.00531
0.00521
0.00513
0.00503
0.00494
0.00484
0.00475
0.00465
0.00456
0.00445
0.00435
0.00425
0.00414
0.00404
0.00394
0.00384
0.00373
0.00362
0.00352
0.00341
0.00331
0.0032
0.0031
0.00299
0.00289
0.00279
0.00268
0.00258
0.00248
0.00238
0.00228
0.00219
0.00209
0.00199
0.00191
0.00181
0.00173
0.00163
0.00155
0.00146
0.00139
0.00131
0.00123
0.00116
0.00108
0.00102
0.00095
0.00089
0.00084
0.00077
0.00072
0.00067
0.00063
0.00058
0.00054
0.0005
0.00048
0.00044
0.00042
0.00039
0.00037
0.00036
0.00035
0.00034
0.00034
0.00033
0.00034
0.00034
0.00035
0.00035
0.00037
0.00037
0.0004
0.00041
0.00043
0.00045
0.00047
0.00049
0.00052
0.00054
0.00057
0.00059
0.00062
0.00064
0.00067
0.00069
0.00072
0.00074
0.00077
0.00079
0.00081
0.00084
0.00086
0.00088
0.0009
0.00092
0.00095
0.00096
0.00098
0.001
0.00102
0.00103
0.00105
0.00106
0.00109
0.00109
0.00111
0.00112
0.00112
0.00113
0.00114
0.00114
0.00115
0.00114
0.00114
0.00114
0.00113
0.00112
0.00111
0.00109
0.00108
0.00105
0.00103
0.001
0.00097
0.00094
0.0009
0.00086
0.00083
0.00077
0.00074
0.00069
0.00064
0.00059
0.00054
0.00048
0.00043
0.00037
0.00032
0.00026
0.00021
0.00015
0.0001
4e-05
-1e-05
-7e-05
-0.00012
-0.00017
-0.00021
-0.00027
-0.00031
-0.00037
-0.00041
-0.00045
-0.0005
-0.00054
-0.00058
-0.00062
-0.00065
-0.00069
-0.00072
-0.00076
-0.00078
-0.00081
-0.00083
-0.00086
-0.00088
-0.0009
-0.00091
-0.00093
-0.00094
-0.00096
-0.00096
-0.00097
-0.00096
-0.00096
-0.00095
-0.00095
-0.00093
-0.00092
-0.0009
-0.00088
-0.00085
-0.00083
-0.00079
-0.00076
-0.00072
-0.00068
-0.00063
-0.00058
-0.00053
-0.00048
-0.00042
-0.00038
-0.00031
-0.00026
-0.00019
-0.00014
-7e-05
-1e-05
6e-05
0.00012
0.00018
0.00024
0.0003
0.00036
0.00043
0.00049
0.00055
0.00061
0.00067
0.00072
0.00079
0.00084
0.0009
0.00095
0.00101
0.00106
0.00112
0.00117
0.00122
0.00128
0.00134
0.00139
0.00145
0.00149
0.00156
0.00161
0.00167
0.00172
0.00177
0.00182
0.00188
0.00194
0.00199
0.00204
0.00209
0.00214
0.0022
0.00225
0.0023
0.00234
0.00239
0.00244
0.00249
0.00252
0.00257
0.0026
0.00265
0.00269
0.00272
0.00275
0.00279
0.00282
0.00285
0.00288
0.00291
0.00293
0.00296
0.00298
0.00301
0.00302
0.00305
0.00306
0.00309
0.0031
0.00311
0.00313
0.00314
0.00315
0.00316
0.00317
0.00318
0.00318
0.00319
0.00318
0.00319
0.00318
0.00317
0.00316
0.00316
0.00314
0.00312
0.0031
0.00308
0.00306
0.00304
0.00301
0.00298
0.00294
0.00292
0.00288
0.00285
0.00281
0.00277
0.00273
0.0027
0.00265
0.00261
0.00257
0.00253
0.00249
0.00246
0.00242
0.00239
0.00235
0.00232
0.00228
0.00226
0.00222
0.0022
0.00216
0.00214
0.00211
0.00209
0.00206
0.00204
0.00202
0.002
0.00198
0.00197
0.00195
0.00194
0.00192
0.00191
0.00189
0.00188
0.00186
0.00185
0.00184
0.00183
0.00182
0.00181
0.00181
0.00181
0.00181
0.00181
0.0018
0.00181
0.00182
0.00183
0.00184
0.00185
0.00187
0.00189
0.00191
0.00194
0.00197
0.002
0.00204
0.00207
0.00211
0.00216
0.0022
0.00225
0.0023
0.00235
0.0024
0.00246
0.0025
0.00257
0.00262
0.00268
0.00273
0.00278
0.00284
0.00289
0.00295
0.003
0.00305
0.0031
0.00314
0.0032
0.00324
0.00329
0.00333
0.00338
0.00342
0.00346
0.0035
0.00355
0.00359
0.00364
0.00368
0.00373
0.00377
0.00382
0.00387
0.00392
0.00397
0.00402
0.00407
0.00413
0.00418
0.00424
0.00429
0.00435
0.00441
0.00446
0.00452
0.00458
0.00463
0.00469
0.00473
0.00479
0.00483
0.00487
0.00491
0.00495
0.00498
0.005
0.00503
0.00505
0.00506
0.00507
0.00508
0.00508
0.00507
0.00507
0.00506
0.00505
0.00502
0.005
0.00497
0.00494
0.00491
0.00487
0.00483
0.00478
0.00474
0.00469
0.00464
0.00459
0.00453
0.00448
0.00442
0.00437
0.00431
0.00425
0.00418
0.00412
0.00405
0.00398
0.00391
0.00384
0.00377
0.0037
0.00362
0.00355
0.00346
0.00339
0.0033
0.00323
0.00314
0.00306
0.00297
0.0029
0.00281
0.00273
0.00265
0.00257
0.00249
0.00242
0.00234
0.00227
0.00219
0.00212
0.00205
0.00199
0.00192
0.00186
0.0018
0.00175
0.00169
0.00164
0.00158
0.00153
0.00148
0.00144
0.00139
0.00135
0.00129
0.00125
0.0012
0.00116
0.0011
0.00106
0.001
0.00096
0.00091
0.00085
0.0008
0.00074
0.00069
0.00064
0.00059
0.00054
0.00047
0.00043
0.00037
0.00032
0.00026
0.00022
0.00016
0.00012
8e-05
3e-05
-1e-05
-5e-05
-8e-05
-0.00012
-0.00015
-0.00017
-0.00021
-0.00023
-0.00026
-0.00027
-0.0003
-0.00031
-0.00034
-0.00035
-0.00037
-0.00039
-0.0004
-0.00042
-0.00043
-0.00045
-0.00046
-0.00048
-0.0005
-0.00051
-0.00053
-0.00055
-0.00057
-0.00058
-0.0006
-0.00061
-0.00063
-0.00064
-0.00066
-0.00067
-0.00068
-0.00068
-0.00069
-0.00069
-0.0007
-0.00069
-0.00069
-0.00068
-0.00068
-0.00066
-0.00065
-0.00063
-0.00062
-0.0006
-0.00058
-0.00056
-0.00054
-0.00052
-0.0005
-0.00047
-0.00045
-0.00043
-0.00041
-0.00039
-0.00038
-0.00036
-0.00036
-0.00034
-0.00034
-0.00033
-0.00033
-0.00034
-0.00034
-0.00035
-0.00036
-0.00037
-0.00039
-0.0004
-0.00042
-0.00044
-0.00047
-0.00049
-0.00052
-0.00054
-0.00057
-0.00059
-0.00062
-0.00065
-0.00068
-0.0007
-0.00073
-0.00075
-0.00079
-0.00081
-0.00084
-0.00086
-0.00089
-0.00091
-0.00093
-0.00095
-0.00098
-0.001
-0.00102
-0.00105
-0.00107
-0.00109
-0.00111
-0.00113
-0.00116
-0.00118
-0.0012
-0.00122
-0.00125
-0.00127
-0.0013
-0.00131
-0.00134
-0.00136
-0.00138
-0.0014
-0.00142
-0.00143
-0.00145
-0.00146
-0.00148
-0.00148
-0.00149
-0.00149
-0.0015
-0.0015
-0.0015
-0.00149
-0.00149
-0.00148
-0.00147
-0.00146
-0.00145
-0.00143
-0.00142
-0.0014
-0.00139
-0.00137
-0.00135
-0.00133
-0.00131
-0.00129
-0.00128
-0.00126
-0.00125
-0.00124
-0.00122
-0.00122
-0.00121
-0.0012
-0.00119
-0.00118
-0.00119
-0.00118
-0.00118
-0.00118
-0.00118
-0.00118
-0.00119
-0.00119
-0.0012
-0.0012
-0.00121
-0.00121
-0.00121
-0.00121
-0.00122
-0.00121
-0.00122
-0.00121
-0.00121
-0.0012
-0.0012
-0.00119
-0.00119
-0.00117
-0.00117
-0.00115
-0.00114
-0.00113
-0.00111
-0.00109
-0.00107
-0.00105
-0.00104
-0.00101
-0.00099
-0.00096
-0.00095
-0.00092
-0.00091
-0.00088
-0.00086
-0.00084
-0.00082
-0.0008
-0.00078
-0.00076
-0.00074
-0.00072
-0.00071
-0.00068
-0.00067
-0.00065
-0.00064
-0.00062
-0.0006
-0.00058
-0.00056
-0.00055
-0.00053
-0.00052
-0.0005
-0.00047
-0.00045
-0.00043
-0.00041
-0.00038
-0.00036
-0.00033
-0.00031
-0.00027
-0.00025
-0.00021
-0.00018
-0.00014
-0.0001
-6e-05
-2e-05
3e-05
8e-05
0.00013
0.00018
0.00024
0.0003
0.00036
0.00042
0.00049
0.00055
0.00062
0.00069
0.00076
0.00084
0.00091
0.00099
0.00107
0.00115
0.00123
0.00131
0.00139
0.00147
0.00156
0.00164
0.00172
0.0018
0.00189
0.00196
0.00204
0.00212
0.00219
0.00227
0.00234
0.00241
0.00248
0.00254
0.00261
0.00266
0.00272
0.00277
0.00283
0.00287
0.00292
0.00295
0.00299
0.00301
0.00304
0.00306
0.00308
0.0031
0.00311
0.0031
0.00311
0.0031
0.00309
0.00307
0.00305
0.00302
0.00299
0.00295
0.00291
0.00286
0.00281
0.00275
0.00269
0.00262
0.00255
0.00247
0.00239
0.00231
0.00222
0.00212
0.00204
0.00193
0.00184
0.00173
0.00163
0.00152
0.00141
0.0013
0.0012
0.00108
0.00098
0.00086
0.00076
0.00064
0.00054
0.00043
0.00033
0.00022
0.00012
1e-05
-8e-05
-0.00018
-0.00028
-0.00037
-0.00046
-0.00055
-0.00064
-0.00073
-0.00081
-0.00089
-0.00096
-0.00105
-0.00112
-0.0012
-0.00126
-0.00133
-0.0014
-0.00146
-0.00153
-0.00159
-0.00164
-0.0017
-0.00175
-0.0018
-0.00184
-0.00189
-0.00193
-0.00197
-0.002
-0.00204
-0.00206
-0.00209
-0.00211
-0.00213
-0.00214
-0.00215
-0.00215
-0.00215
-0.00215
-0.00215
-0.00213
-0.00212
-0.0021
-0.00209
-0.00206
-0.00204
-0.002
-0.00198
-0.00194
-0.00191
-0.00188
-0.00183
-0.0018
-0.00176
-0.00171
-0.00168
-0.00164
-0.0016
-0.00156
-0.00153
-0.00149
-0.00145
-0.00141
-0.00138
-0.00135
-0.00132
-0.00129
-0.00126
-0.00123
-0.0012
-0.00117
-0.00115
-0.00111
-0.00109
-0.00105
-0.00103
-0.00099
-0.00096
-0.00092
-0.00089
-0.00085
-0.00081
-0.00077
-0.00072
-0.00067
-0.00063
-0.00057
-0.00053
-0.00047
-0.00042
-0.00036
-0.00031
-0.00025
-0.00019
-0.00013
-7e-05
-2e-05
4e-05
9e-05
0.00014
0.0002
0.00025
0.0003
0.00034
0.00039
0.00044
0.00048
0.00052
0.00056
0.00059
0.00063
0.00067
0.0007
0.00073
0.00076
0.0008
0.00083
0.00086
0.00089
0.00092
0.00096
0.00099
0.00103
0.00105
0.00109
0.00112
0.00116
0.00119
0.00122
0.00125
0.00128
0.00131
0.00134
0.00137
0.0014
0.00141
0.00144
0.00145
0.00147
0.00147
0.00148
0.00147
0.00148
0.00147
0.00145
0.00144
0.00141
0.00139
0.00136
0.00133
0.0013
0.00126
0.00122
0.00117
0.00113
0.00108
0.00103
0.00097
0.00093
0.00087
0.00081
0.00075
0.00069
0.00063
0.00058
0.00052
0.00046
0.00039
0.00033
0.00027
0.00021
0.00014
8e-05
1e-05
-5e-05
-0.00013
-0.00019
-0.00027
-0.00034
-0.00041
-0.00049
-0.00056
-0.00064
-0.00072
-0.00079
-0.00088
-0.00095
-0.00103
-0.00111
-0.00119
-0.00126
-0.00134
-0.00141
-0.00149
-0.00156
-0.00162
-0.00168
-0.00175
-0.0018
-0.00186
-0.00191
-0.00196
-0.002
-0.00204
-0.00207
-0.00211
-0.00214
-0.00217
-0.00219
-0.00221
-0.00223
-0.00225
-0.00226
-0.00227
-0.00228
-0.0023
-0.0023
-0.00231
-0.00231
-0.00233
-0.00233
-0.00234
-0.00234
-0.00236
-0.00236
-0.00237
-0.00238
-0.00239
-0.00239
-0.0024
-0.00241
-0.00242
-0.00242
-0.00244
-0.00244
