1.45562494528998E+03

-0.00301
-0.00299
-0.00295
-0.00292
-0.00287
-0.00283
-0.00278
-0.00274
-0.00269
-0.00263
-0.00257
-0.00251
-0.00244
-0.00238
-0.0023
-0.00223
-0.00215
-0.00208
-0.00199
-0.00192
-0.00182
-0.00174
-0.00166
-0.00157
-0.00148
-0.00139
-0.0013
-0.00121
-0.00112
-0.00104
-0.00094
-0.00086
-0.00077
-0.00069
-0.00061
-0.00053
-0.00044
-0.00037
-0.0003
-0.00023
-0.00016
-9e-05
-3e-05
3e-05
9e-05
0.00014
0.0002
0.00025
0.0003
0.00034
0.00039
0.00043
0.00048
0.00051
0.00055
0.00059
0.00062
0.00066
0.00069
0.00072
0.00075
0.00077
0.00081
0.00083
0.00087
0.00089
0.00092
0.00094
0.00097
0.00099
0.00101
0.00104
0.00106
0.00108
0.00111
0.00113
0.00116
0.00118
0.0012
0.00122
0.00125
0.00127
0.0013
0.00132
0.00135
0.00137
0.0014
0.00143
0.00145
0.00149
0.00152
0.00155
0.00159
0.00162
0.00166
0.00169
0.00174
0.00177
0.00182
0.00186
0.00191
0.00195
0.002
0.00205
0.00209
0.00215
0.0022
0.00225
0.00231
0.00236
0.00242
0.00247
0.00254
0.00259
0.00264
0.0027
0.00276
0.00282
0.00287
0.00293
0.00298
0.00304
0.0031
0.00316
0.00322
0.00326
0.00332
0.00337
0.00343
0.00348
0.00354
0.00358
0.00363
0.00368
0.00373
0.00377
0.00381
0.00385
0.0039
0.00394
0.00398
0.004
0.00405
0.00407
0.00411
0.00413
0.00416
0.00418
0.00421
0.00422
0.00424
0.00425
0.00426
0.00428
0.00429
0.00429
0.0043
0.0043
0.0043
0.00429
0.0043
0.00428
0.00428
0.00426
0.00425
0.00423
0.00422
0.00419
0.00417
0.00415
0.00412
0.00409
0.00406
0.00402
0.00399
0.00395
0.00391
0.00386
0.00382
0.00376
0.00371
0.00366
0.00359
0.00353
0.00346
0.0034
0.00333
0.00325
0.00318
0.00309
0.00301
0.00292
0.00284
0.00274
0.00265
0.00255
0.00246
0.00236
0.00226
0.00215
0.00205
0.00194
0.00184
0.00173
0.00163
0.00152
0.00142
0.00131
0.00121
0.0011
0.00101
0.0009
0.00081
0.00071
0.00061
0.00052
0.00043
0.00034
0.00026
0.00017
0.0001
1e-05
-6e-05
-0.00014
-0.0002
-0.00028
-0.00034
-0.00041
-0.00046
-0.00052
-0.00057
-0.00063
-0.00067
-0.00072
-0.00076
-0.0008
-0.00083
-0.00087
-0.0009
-0.00093
-0.00094
-0.00097
-0.00098
-0.001
-0.001
-0.00101
-0.00102
-0.00102
-0.00101
-0.001
-0.00099
-0.00097
-0.00095
-0.00094
-0.00091
-0.00088
-0.00085
-0.00082
-0.00078
-0.00075
-0.00071
-0.00067
-0.00063
-0.00059
-0.00055
-0.00051
-0.00047
-0.00043
-0.00039
-0.00035
-0.00031
-0.00028
-0.00024
-0.00021
-0.00017
-0.00015
-0.00011
-9e-05
-6e-05
-4e-05
-2e-05
-0.0
2e-05
4e-05
6e-05
6e-05
8e-05
9e-05
0.00011
0.00011
0.00012
0.00013
0.00014
0.00014
0.00015
0.00015
0.00015
0.00016
0.00016
0.00016
0.00016
0.00015
0.00015
0.00014
0.00014
0.00012
0.00012
0.0001
9e-05
7e-05
5e-05
3e-05
1e-05
-1e-05
-4e-05
-6e-05
-8e-05
-0.00012
-0.00014
-0.00018
-0.0002
-0.00024
-0.00027
-0.00031
-0.00033
-0.00037
-0.0004
-0.00044
-0.00047
-0.0005
-0.00053
-0.00057
-0.0006
-0.00064
-0.00067
-0.0007
-0.00073
-0.00077
-0.0008
-0.00085
-0.00088
-0.00092
-0.00096
-0.001
-0.00104
-0.00108
-0.00113
-0.00117
-0.00121
-0.00127
-0.00131
-0.00136
-0.0014
-0.00146
-0.0015
-0.00155
-0.00159
-0.00164
-0.00169
-0.00173
-0.00178
-0.00181
-0.00184
-0.00188
-0.0019
-0.00194
-0.00195
-0.00198
-0.00199
-0.002
-0.00201
-0.00201
-0.00201
-0.00201
-0.002
-0.00199
-0.00198
-0.00196
-0.00194
-0.00192
-0.00189
-0.00187
-0.00184
-0.00182
-0.00178
-0.00176
-0.00173
-0.0017
-0.00167
-0.00164
-0.00161
-0.00158
-0.00155
-0.00152
-0.00149
-0.00146
-0.00143
-0.0014
-0.00137
-0.00134
-0.0013
-0.00127
-0.00124
-0.00121
-0.00116
-0.00113
-0.00109
-0.00106
-0.00102
-0.00097
-0.00093
-0.00089
-0.00084
-0.0008
-0.00075
-0.0007
-0.00065
-0.00061
-0.00056
-0.00052
-0.00046
-0.00042
-0.00038
-0.00034
-0.0003
-0.00026
-0.00021
-0.00018
-0.00014
-0.00011
-7e-05
-5e-05
-1e-05
1e-05
4e-05
6e-05
9e-05
0.00011
0.00013
0.00015
0.00017
0.00019
0.00021
0.00023
0.00025
0.00026
0.00028
0.00029
0.00032
0.00033
0.00034
0.00035
0.00038
0.00039
0.0004
0.00041
0.00042
0.00043
0.00044
0.00044
0.00045
0.00045
0.00045
0.00045
0.00045
0.00044
0.00043
0.00042
0.00041
0.00039
0.00037
0.00036
0.00034
0.00032
0.0003
0.00028
0.00026
0.00023
0.00021
0.00019
0.00017
0.00015
0.00013
0.00011
0.0001
8e-05
7e-05
6e-05
5e-05
4e-05
4e-05
4e-05
4e-05
4e-05
5e-05
5e-05
7e-05
7e-05
9e-05
9e-05
0.00012
0.00013
0.00015
0.00017
0.00018
0.00021
0.00023
0.00025
0.00028
0.0003
0.00033
0.00035
0.00038
0.00041
0.00044
0.00046
0.0005
0.00052
0.00056
0.00059
0.00062
0.00066
0.00069
0.00073
0.00077
0.00081
0.00086
0.0009
0.00095
0.00099
0.00105
0.00109
0.00115
0.0012
0.00126
0.00132
0.00138
0.00144
0.0015
0.00157
0.00164
0.00169
0.00177
0.00183
0.0019
0.00196
0.00204
0.0021
0.00217
0.00223
0.0023
0.00236
0.00242
0.00248
0.00255
0.0026
0.00267
0.00271
0.00277
0.00281
0.00287
0.00291
0.00295
0.00299
0.00303
0.00306
0.00309
0.00312
0.00314
0.00317
0.0032
0.00321
0.00324
0.00324
0.00326
0.00327
0.00329
0.00329
0.00331
0.00331
0.00332
0.00332
0.00333
0.00333
0.00333
0.00334
0.00334
0.00335
0.00335
0.00335
0.00335
0.00335
0.00336
0.00335
0.00335
0.00335
0.00335
0.00334
0.00334
0.00333
0.00332
0.00331
0.0033
0.00328
0.00327
0.00324
0.00322
0.00319
0.00317
0.00313
0.00311
0.00307
0.00304
0.00299
0.00295
0.0029
0.00285
0.00281
0.00276
0.00271
0.00266
0.0026
0.00255
0.00249
0.00244
0.00238
0.00233
0.00227
0.00222
0.00216
0.00211
0.00206
0.002
0.00195
0.00191
0.00186
0.00182
0.00176
0.00173
0.00168
0.00164
0.0016
0.00157
0.00153
0.0015
0.00146
0.00143
0.00139
0.00136
0.00133
0.00131
0.00128
0.00126
0.00123
0.00121
0.00118
0.00117
0.00114
0.00113
0.0011
0.00109
0.00108
0.00106
0.00105
0.00103
0.00103
0.00102
0.00101
0.00101
0.001
0.001
0.00099
0.001
0.001
0.001
0.001
0.00102
0.00102
0.00103
0.00104
0.00105
0.00106
0.00108
0.0011
0.00112
0.00113
0.00115
0.00117
0.00119
0.00121
0.00123
0.00124
0.00127
0.00129
0.00131
0.00133
0.00135
0.00137
0.00139
0.00141
0.00143
0.00143
0.00145
0.00146
0.00148
0.00148
0.00149
0.00149
0.0015
0.00149
0.00149
0.00148
0.00147
0.00146
0.00145
0.00144
0.00142
0.00139
0.00137
0.00134
0.00131
0.00127
0.00124
0.00119
0.00115
0.0011
0.00105
0.00099
0.00093
0.00087
0.00081
0.00075
0.00068
0.0006
0.00054
0.00046
0.00038
0.0003
0.00022
0.00012
4e-05
-5e-05
-0.00015
-0.00024
-0.00034
-0.00044
-0.00053
-0.00064
-0.00073
-0.00084
-0.00093
-0.00104
-0.00113
-0.00124
-0.00133
-0.00144
-0.00153
-0.00163
-0.00172
-0.00181
-0.0019
-0.00198
-0.00205
-0.00213
-0.00219
-0.00226
-0.00232
-0.00238
-0.00242
-0.00247
-0.00251
-0.00254
-0.00257
-0.00259
-0.00261
-0.00262
-0.00263
-0.00263
-0.00263
-0.00262
-0.0026
-0.00259
-0.00256
-0.00254
-0.0025
-0.00248
-0.00244
-0.0024
-0.00236
-0.00231
-0.00227
-0.00222
-0.00217
-0.00211
-0.00205
-0.002
-0.00193
-0.00187
-0.0018
-0.00174
-0.00166
-0.00159
-0.00151
-0.00143
-0.00134
-0.00125
-0.00116
-0.00106
-0.00096
-0.00085
-0.00073
-0.00062
-0.00049
-0.00036
-0.00022
-8e-05
7e-05
0.00022
0.00038
0.00054
0.00072
0.00089
0.00107
0.00126
0.00146
0.00166
0.00187
0.00208
0.0023
0.00251
0.00275
0.00297
0.00322
0.00346
0.00371
0.00396
0.00422
0.00449
0.00476
0.00504
0.00532
0.00562
0.00592
0.00623
0.00655
0.00687
0.00721
0.00755
0.00791
0.00828
0.00866
0.00904
0.00945
0.00986
0.01028
0.01072
0.01117
0.01164
0.01212
0.01261
0.01312
0.01365
0.01419
0.01474
0.01531
0.0159
0.0165
0.01711
0.01775
0.01839
0.01905
0.01973
0.02042
0.02113
0.02186
0.02259
0.02335
0.02412
0.0249
0.02569
0.02651
0.02734
0.02817
0.02902
0.02989
0.03077
0.03166
0.03256
0.03348
0.03441
0.03535
0.0363
0.03727
0.03824
0.03923
0.04022
0.04123
0.04225
0.04327
0.0443
0.04535
0.0464
0.04745
0.04852
0.0496
0.05068
0.05177
0.05286
0.05396
0.05507
0.05618
0.05729
0.05841
0.05954
0.06066
0.0618
0.06293
0.06407
0.06521
0.06635
0.06749
0.06863
0.06977
0.07091
0.07205
0.07319
0.07432
0.07545
0.07658
0.07771
0.07883
0.07994
0.08106
0.08216
0.08326
0.08435
0.08544
0.08651
0.08759
0.08864
0.0897
0.09075
0.09178
0.09281
0.09383
0.09485
0.09585
0.09684
0.09783
0.09882
0.09979
0.10075
0.10171
0.10266
0.1036
0.10453
0.10546
0.10638
0.1073
0.1082
0.1091
0.11
0.11087
0.11175
0.11262
0.11348
0.11433
0.11518
0.11601
0.11683
0.11765
0.11844
0.11923
0.12002
0.12078
0.12153
0.12227
0.123
0.12371
0.12442
0.1251
0.12577
0.12643
0.12708
0.12771
0.12832
0.12893
0.12951
0.13009
0.13066
0.1312
0.13174
0.13226
0.13279
0.13328
0.13378
0.13426
0.13474
0.13521
0.13567
0.13612
0.13655
0.13698
0.1374
0.13781
0.13822
0.13861
0.139
0.13938
0.13975
0.14011
0.14046
0.1408
0.14113
0.14145
0.14175
0.14205
0.14233
0.1426
0.14286
0.1431
0.14334
0.14355
0.14376
0.14395
0.14414
0.14431
0.14447
0.14461
0.14475
0.14487
0.14498
0.14509
0.14518
0.14526
0.14533
0.1454
0.14547
0.14551
0.14556
0.1456
0.14563
0.14566
0.14569
0.1457
0.14571
0.14572
0.14572
0.14572
0.14571
0.1457
0.14567
0.14564
0.14562
0.14557
0.14553
0.14547
0.14541
0.14534
0.14526
0.14517
0.14508
0.14497
0.14486
0.14473
0.14459
0.14444
0.14429
0.14412
0.14394
0.14375
0.14356
0.14335
0.14314
0.14291
0.14269
0.14244
0.1422
0.14195
0.1417
0.14144
0.14117
0.1409
0.14062
0.14034
0.14007
0.13978
0.1395
0.13921
0.13894
0.13865
0.13837
0.13808
0.1378
0.13751
0.13723
0.13695
0.13667
0.13639
0.1361
0.13582
0.13555
0.13526
0.13498
0.1347
0.13442
0.13413
0.13386
0.13357
0.13329
0.13301
0.13272
0.13244
0.13214
0.13185
0.13156
0.13126
0.13098
0.13068
0.13039
0.13008
0.12979
0.12949
0.1292
0.1289
0.1286
0.12831
0.12801
0.12772
0.12742
0.12713
0.12684
0.12654
0.12626
0.12596
0.12568
0.12538
0.1251
0.12482
0.12454
0.12425
0.12397
0.12369
0.1234
0.12312
0.12283
0.12255
0.12226
0.12197
0.12168
0.12138
0.12109
0.12079
0.12049
0.12018
0.11988
0.11957
0.11925
0.11894
0.11862
0.1183
0.11797
0.11764
0.11731
0.11698
0.11664
0.1163
0.11597
0.11562
0.11528
0.11493
0.11459
0.11424
0.1139
0.11356
0.11321
0.11287
0.11253
0.11218
0.11184
0.1115
0.11117
0.11082
0.11049
0.11015
0.10982
0.10949
0.10916
0.10883
0.1085
0.10818
0.10785
0.10752
0.1072
0.10687
0.10655
0.10622
0.1059
0.10557
0.10525
0.10492
0.1046
0.10427
0.10395
0.10362
0.1033
0.10297
0.10264
0.10232
0.10199
0.10166
0.10133
0.101
0.10067
0.10034
0.10001
0.09968
0.09935
0.09901
0.09868
0.09834
0.098
0.09767
0.09733
0.09699
0.09665
0.09631
0.09597
0.09562
0.09528
0.09493
0.09459
0.09423
0.09388
0.09353
0.09318
0.09282
0.09247
0.09212
0.09176
0.09141
0.09105
0.09069
0.09033
0.08997
0.08962
0.08926
0.08891
0.08854
0.08819
0.08783
0.08748
0.08711
0.08676
0.08641
0.08605
0.08569
0.08534
0.08498
0.08463
0.08427
0.08392
0.08356
0.0832
0.08284
0.08249
0.08213
0.08177
0.08141
0.08105
0.08069
0.08033
0.07997
0.07961
0.07925
0.07889
0.07852
0.07816
0.0778
0.07744
0.07708
0.07672
0.07636
0.07601
0.07565
0.0753
0.07495
0.0746
0.07425
0.07391
0.07356
0.07322
0.07288
0.07255
0.07222
0.07189
0.07156
0.07124
0.07092
0.0706
0.07029
0.06998
0.06967
0.06936
0.06906
0.06876
0.06846
0.06817
0.06788
0.06759
0.0673
0.06702
0.06673
0.06645
0.06617
0.06589
0.06562
0.06534
0.06508
0.06481
0.06454
0.06427
0.064
0.06374
0.06348
0.06322
0.06296
0.0627
0.06244
0.06218
0.06193
0.06167
0.06141
0.06116
0.06091
0.06065
0.0604
0.06014
0.05989
0.05963
0.05938
0.05912
0.05887
0.05861
0.05836
0.0581
0.05784
0.05758
0.05732
0.05706
0.0568
0.05654
0.05628
0.05602
0.05575
0.05549
0.05522
0.05496
0.05469
0.05443
0.05416
0.05389
0.05363
0.05336
0.0531
0.05283
0.05256
0.0523
0.05203
0.05177
0.0515
0.05124
0.05098
0.05072
0.05046
0.0502
0.04994
0.04969
0.04943
0.04918
0.04893
0.04868
0.04843
0.04819
0.04794
0.0477
0.04747
0.04723
0.047
0.04677
0.04654
0.04632
0.0461
0.04587
0.04566
0.04545
0.04523
0.04503
0.04482
0.04462
0.04442
0.04422
0.04402
0.04383
0.04364
0.04345
0.04326
0.04307
0.04289
0.0427
0.04253
0.04234
0.04216
0.04198
0.04181
0.04163
0.04146
0.04129
0.04111
0.04094
0.04077
0.0406
0.04044
0.04027
0.04011
0.03995
0.03979
0.03963
0.03948
0.03933
0.03918
0.03904
0.03889
0.03875
0.03862
0.03848
0.03835
0.03823
0.03811
0.03799
0.03787
0.03776
0.03765
0.03754
0.03744
0.03735
0.03725
0.03716
0.03707
0.03699
0.03691
0.03683
0.03675
0.03668
0.03661
0.03654
0.03648
0.03642
0.03636
0.03631
0.03625
0.0362
0.03616
0.03611
0.03607
0.03604
0.036
0.03597
0.03595
0.03592
0.0359
0.03588
0.03587
0.03585
0.03584
0.03583
0.03583
0.03583
0.03583
0.03583
0.03584
0.03585
0.03586
0.03587
0.03588
0.03589
0.0359
0.03592
0.03593
0.03594
0.03596
0.03597
0.03598
0.03599
0.03601
0.03602
0.03603
0.03604
0.03605
0.03606
0.03607
0.03608
0.03609
0.0361
0.03611
0.03611
0.03613
0.03614
0.03615
0.03617
0.03618
0.0362
0.03621
0.03623
0.03625
0.03628
0.0363
0.03633
0.03635
0.03638
0.03641
0.03644
0.03647
0.03649
0.03652
0.03655
0.03658
0.0366
0.03662
0.03664
0.03667
0.03668
0.0367
0.03671
0.03672
0.03672
0.03672
0.03671
0.03671
0.0367
0.03668
0.03666
0.03664
0.03661
0.03658
0.03655
0.03651
0.03647
0.03643
0.03638
0.03634
0.03629
0.03624
0.03618
0.03613
0.03607
0.03601
0.03595
0.03589
0.03583
0.03577
0.0357
0.03564
0.03557
0.03551
0.03544
0.03537
0.0353
0.03523
0.03516
0.03509
0.03501
0.03494
0.03486
0.03478
0.0347
0.03461
0.03453
0.03445
0.03436
0.03427
0.03418
0.03409
0.03399
0.0339
0.0338
0.0337
0.03359
0.03349
0.03339
0.03328
0.03318
0.03307
0.03296
0.03285
0.03273
0.03262
0.0325
0.03239
0.03227
0.03215
0.03202
0.03191
0.03178
0.03166
0.03153
0.0314
0.03127
0.03114
0.03101
0.03088
0.03074
0.03061
0.03047
0.03034
0.0302
0.03006
0.02992
0.02978
0.02964
0.0295
0.02936
0.02922
0.02908
0.02894
0.0288
0.02866
0.02852
0.02839
0.02825
0.02812
0.02799
0.02786
0.02772
0.0276
0.02747
0.02735
0.02722
0.0271
0.02697
0.02685
0.02674
0.02662
0.02651
0.0264
0.02628
0.02617
0.02606
0.02596
0.02585
0.02575
0.02564
0.02555
0.02545
0.02535
0.02525
0.02516
0.02507
0.02498
0.02489
0.0248
0.02471
0.02463
0.02455
0.02448
0.0244
0.02433
0.02426
0.02419
0.02412
0.02406
0.024
0.02394
0.02389
0.02384
0.02379
0.02374
0.02369
0.02365
0.02361
0.02357
0.02353
0.0235
0.02347
0.02344
0.02341
0.02339
0.02336
0.02334
0.02332
0.0233
0.02329
0.02328
0.02325
0.02325
0.02323
0.02323
0.02322
0.02321
0.0232
0.0232
0.02319
0.02319
0.02318
0.02318
0.02318
0.02317
0.02317
0.02317
0.02316
0.02316
0.02314
0.02314
0.02313
0.02312
0.0231
0.02309
0.02307
0.02305
0.02303
0.023
0.02297
0.02294
0.02291
0.02287
0.02282
0.02278
0.02273
0.02268
0.02262
0.02256
0.02249
0.02243
0.02235
0.02227
0.02219
0.02211
0.02202
0.02193
0.02184
0.02174
0.02164
0.02154
0.02144
0.02133
0.02122
0.02111
0.02099
0.02088
0.02077
0.02065
0.02054
0.02042
0.0203
0.02019
0.02007
0.01996
0.01984
0.01973
0.01961
0.0195
0.01939
0.01929
0.01918
0.01908
0.01898
0.01888
0.01878
0.01869
0.0186
0.01852
0.01844
0.01836
0.01827
0.01821
0.01813
0.01807
0.018
0.01795
0.01789
0.01784
0.01779
0.01774
0.01769
0.01765
0.01761
0.01758
0.01755
0.01752
0.01748
0.01746
0.01744
0.01742
0.01739
0.01738
0.01736
0.01735
0.01734
0.01733
0.01732
0.01731
0.0173
0.0173
0.0173
0.01729
0.01729
0.01729
0.01728
0.01728
0.01727
0.01727
0.01727
0.01727
0.01726
0.01725
0.01725
0.01724
0.01723
0.01721
0.0172
0.01719
0.01716
0.01714
0.01711
0.01708
0.01705
0.01701
0.01697
0.01693
0.01687
0.01682
0.01676
0.0167
0.01663
0.01656
0.01648
0.01641
0.01632
0.01623
0.01613
0.01604
0.01594
0.01583
0.01572
0.01561
0.01549
0.01537
0.01524
0.01511
0.01499
0.01485
0.01472
0.01458
0.01444
0.0143
0.01415
0.01401
0.01386
0.01371
0.01356
0.01341
0.01325
0.0131
0.01295
0.01279
0.01264
0.01249
0.01234
0.01219
0.01203
0.01188
0.01173
0.01159
0.01144
0.0113
0.01115
0.01101
0.01087
0.01074
0.01061
0.01048
0.01035
0.01023
0.01011
0.01
0.00989
0.00979
0.00968
0.00959
0.00949
0.00941
0.00932
0.00924
0.00917
0.0091
0.00903
0.00896
0.00891
0.00885
0.0088
0.00876
0.00871
0.00867
0.00863
0.0086
0.00856
0.00853
0.00849
0.00847
0.00844
0.00842
0.00839
0.00837
0.00835
0.00833
0.0083
0.00829
0.00826
0.00824
0.00822
0.0082
0.00817
0.00816
0.00813
0.00811
0.00809
0.00807
0.00805
0.00802
0.00801
0.00799
0.00797
0.00796
0.00794
0.00793
0.00792
0.00791
0.00789
0.00789
0.00788
0.00788
0.00787
0.00787
0.00787
0.00787
0.00787
0.00788
0.00788
0.00789
0.00789
0.00791
0.00791
0.00793
0.00794
0.00795
0.00796
0.00797
0.00798
0.008
0.00801
0.00802
0.00803
0.00805
0.00806
0.00807
0.00808
0.00809
0.0081
0.00811
0.00812
0.00813
0.00813
0.00815
0.00815
0.00816
0.00817
0.00817
0.00818
0.00819
0.0082
0.00821
0.00821
0.00822
0.00822
0.00823
0.00823
0.00824
0.00824
0.00825
0.00825
0.00825
0.00825
0.00825
0.00826
0.00826
0.00826
0.00827
0.00826
0.00827
0.00827
0.00827
0.00827
0.00827
0.00827
0.00828
0.00827
0.00828
0.00828
0.00828
0.00828
0.00829
0.00829
0.0083
0.0083
0.0083
0.0083
0.00831
0.00831
0.00832
0.00832
0.00833
0.00833
0.00833
0.00833
0.00833
0.00833
0.00833
0.00833
0.00832
0.00831
0.00831
0.00829
0.00829
0.00827
0.00826
0.00824
0.00822
0.0082
0.00818
0.00816
0.00813
0.00811
0.00809
0.00807
0.00805
0.00802
0.008
0.00797
0.00796
0.00793
0.00792
0.0079
0.00789
0.00787
0.00786
0.00785
0.00784
0.00784
0.00784
0.00784
0.00785
0.00785
0.00786
0.00786
0.00788
0.00789
0.0079
0.00791
0.00793
0.00794
0.00796
0.00797
0.00799
0.008
0.00802
0.00803
0.00805
0.00806
0.00807
0.00808
0.00809
0.00809
0.0081
0.0081
0.00811
0.00811
0.00811
0.00811
0.00811
0.00811
0.00811
0.0081
0.0081
0.00809
0.00809
0.00808
0.00808
0.00806
0.00806
0.00804
0.00804
0.00802
0.00801
0.00799
0.00798
0.00796
0.00795
0.00793
0.00792
0.00789
0.00788
0.00785
0.00783
0.00781
0.00779
0.00775
0.00773
0.0077
0.00768
0.00764
0.00761
0.00759
0.00756
0.00753
0.0075
0.00747
0.00744
0.00741
0.00739
0.00736
0.00733
0.00731
0.00729
0.00726
0.00724
0.00722
0.00719
0.00718
0.00716
0.00714
0.00712
0.0071
0.00709
0.00707
0.00705
0.00703
0.00701
0.00698
0.00697
0.00694
0.00691
0.00688
0.00684
0.00681
0.00677
0.00673
0.00669
0.00664
0.0066
0.00654
0.00649
0.00643
0.00637
0.0063
0.00624
0.00617
0.0061
0.00603
0.00595
0.00588
0.00581
0.00573
0.00566
0.00557
0.0055
0.00542
0.00535
0.00527
0.0052
0.00512
0.00505
0.00498
0.00491
0.00484
0.00477
0.0047
0.00464
0.00458
0.00452
0.00445
0.00439
0.00433
0.00428
0.00422
0.00416
0.0041
0.00405
0.00399
0.00394
0.00388
0.00383
0.00378
0.00372
0.00367
0.00362
0.00356
0.00351
0.00346
0.00341
0.00336
0.00331
0.00326
0.00322
0.00317
0.00313
0.00308
0.00305
0.00301
0.00298
0.00295
0.00292
0.00289
0.00288
0.00286
0.00285
0.00283
0.00283
0.00283
0.00284
0.00284
0.00285
0.00287
0.00289
0.00292
0.00295
0.00298
0.00302
0.00305
0.0031
0.00314
0.0032
0.00325
0.00331
0.00336
0.00342
0.00348
0.00354
0.00359
0.00365
0.00372
0.00378
0.00384
0.0039
0.00395
0.004
0.00405
0.00411
0.00415
0.0042
0.00423
0.00428
0.00431
0.00434
0.00437
0.00439
0.00442
0.00444
0.00446
0.00448
0.00448
0.0045
0.0045
0.00451
0.0045
0.00451
0.0045
0.0045
0.00449
0.00448
0.00447
0.00446
0.00445
0.00444
0.00442
0.00441
0.00438
0.00437
0.00435
0.00433
0.0043
0.00428
0.00425
0.00423
0.0042
0.00417
0.00414
0.00411
0.00408
0.00405
0.00402
0.00399
0.00396
0.00393
0.00389
0.00387
0.00383
0.0038
0.00377
0.00374
0.00371
0.00368
0.00365
0.00362
0.0036
0.00357
0.00355
0.00353
0.0035
0.00348
0.00345
0.00343
0.00341
0.00338
0.00336
0.00334
0.00331
0.00329
0.00326
0.00323
0.0032
0.00318
0.00315
0.00312
0.00308
0.00306
0.00302
0.00299
0.00295
0.00293
0.00289
0.00286
0.00283
0.0028
0.00276
0.00274
0.00271
0.00269
0.00267
0.00266
0.00264
0.00263
0.00262
0.00262
0.00261
0.00262
0.00262
0.00263
0.00264
0.00266
0.00268
0.00269
0.00272
0.00275
0.00277
0.00281
0.00283
0.00286
0.00289
0.00293
0.00295
0.00299
0.00301
0.00305
0.00307
0.0031
0.00312
0.00314
0.00317
0.00319
0.00321
0.00323
0.00324
0.00326
0.00328
0.0033
0.00331
0.00332
0.00333
0.00335
0.00335
0.00336
0.00337
0.00338
0.0034
0.00341
0.00342
0.00344
0.00344
0.00346
0.00347
0.00348
0.00349
0.0035
0.00351
0.00353
0.00354
0.00354
0.00355
0.00356
0.00357
0.00357
0.00358
0.00358
0.00358
0.00359
0.00358
0.00359
0.00358
0.00358
0.00357
0.00357
0.00357
0.00356
0.00355
0.00355
0.00354
0.00354
0.00354
0.00353
0.00352
0.00352
0.00352
0.00352
0.00352
0.00352
0.00352
0.00353
0.00353
0.00354
0.00355
0.00355
0.00356
0.00358
0.00359
0.00361
0.00362
0.00364
0.00366
0.00369
0.00371
0.00374
0.00376
0.0038
0.00382
0.00385
0.00389
0.00393
0.00397
0.00401
0.00406
0.00411
0.00415
0.00421
0.00426
0.00433
0.00439
0.00446
0.00453
0.00461
0.00468
0.00477
0.00485
0.00494
0.00504
0.00514
0.00524
0.00535
0.00546
0.00558
0.0057
0.00583
0.00596
0.00609
0.00623
0.00637
0.00652
0.00667
0.00682
0.00697
0.00714
0.0073
0.00747
0.00764
0.0078
0.00798
0.00815
0.00833
0.0085
0.00868
0.00885
0.00904
0.00921
0.00939
0.00957
0.00974
0.00992
0.01009
0.01026
0.01044
0.0106
0.01077
0.01094
0.01111
0.01126
0.01142
0.01158
0.01174
0.01188
0.01204
0.01218
0.01232
0.01247
0.01261
0.01275
0.01288
0.01301
0.01314
0.01327
0.0134
0.01351
0.01364
0.01375
0.01387
0.01397
0.01408
0.01418
0.01427
0.01437
0.01446
0.01455
0.01463
0.0147
0.01478
0.01484
0.01491
0.01497
0.01502
0.01506
0.01511
0.01515
0.01518
0.01521
0.01523
0.01525
0.01527
0.01528
0.0153
0.0153
0.01531
0.0153
0.01531
0.0153
0.0153
0.01529
0.01529
0.01528
0.01528
0.01527
0.01526
0.01526
0.01525
0.01525
0.01525
0.01524
0.01524
0.01524
0.01524
0.01524
0.01524
0.01523
0.01524
0.01524
0.01523
0.01523
0.01522
0.01522
0.01522
0.01521
0.0152
0.01518
0.01517
0.01515
0.01514
0.01511
0.01509
0.01506
0.01504
0.015
0.01497
0.01493
0.01489
0.01486
0.01482
0.01477
0.01473
0.01468
0.01464
0.01459
0.01454
0.01449
0.01444
0.01438
0.01433
0.01427
0.01422
0.01416
0.0141
0.01405
0.01399
0.01393
0.01387
0.0138
0.01374
0.01367
0.01361
0.01353
0.01346
0.01338
0.01331
0.01323
0.01314
0.01306
0.01297
0.01288
0.01279
0.01269
0.0126
0.01249
0.01239
0.01229
0.01218
0.01207
0.01196
0.01185
0.01174
0.01162
0.0115
0.01139
0.01127
0.01115
0.01104
0.01092
0.0108
0.01067
0.01056
0.01044
0.01032
0.0102
0.01008
0.00996
0.00985
0.00973
0.00962
0.0095
0.00938
0.00927
0.00916
0.00905
0.00894
0.00883
0.00872
0.00862
0.00852
0.00841
0.00832
0.00821
0.00813
0.00803
0.00794
0.00786
0.00777
0.00769
0.00762
0.00755
0.00749
0.00742
0.00736
0.0073
0.00726
0.00721
0.00717
0.00713
0.0071
0.00707
0.00705
0.00702
0.007
0.00699
0.00699
0.00698
0.00698
0.00698
0.00699
0.00699
0.00701
0.00702
0.00704
0.00705
0.00708
0.00709
0.00712
0.00714
0.00717
0.0072
0.00723
0.00726
0.0073
0.00732
0.00736
0.00739
0.00744
0.00747
0.00751
0.00755
0.00759
0.00763
0.00768
0.00772
0.00776
0.00781
0.00786
0.00791
0.00796
0.00801
0.00807
0.00811
0.00817
0.00822
0.00828
0.00833
0.00839
0.00844
0.0085
0.00856
0.00861
0.00867
0.00873
0.00879
0.00885
0.0089
0.00896
0.00901
0.00907
0.00912
0.00918
0.00923
0.00929
0.00934
0.0094
0.00945
0.00949
0.00955
0.0096
0.00964
0.00969
0.00973
0.00978
0.00981
0.00985
0.00988
0.00992
0.00994
0.00997
0.00999
0.01001
0.01002
0.01003
0.01004
0.01005
0.01005
0.01005
0.01003
0.01003
0.01001
0.00999
0.00997
0.00994
0.00991
0.00988
0.00984
0.0098
0.00975
0.00971
0.00966
0.00961
0.00956
0.00951
0.00944
0.00939
0.00933
0.00927
0.00921
0.00915
0.00908
0.00902
0.00895
0.00889
0.00882
0.00875
0.00869
0.00863
0.00856
0.0085
0.00843
0.00837
0.0083
0.00824
0.00817
0.0081
0.00803
0.00797
0.0079
0.00783
0.00776
0.00769
0.00762
0.00756
0.00749
0.00742
0.00735
0.00728
0.00721
0.00715
0.00708
0.00701
0.00694
0.00688
0.00682
0.00675
0.00669
0.00663
0.00658
0.00653
0.00647
0.00643
0.00637
0.00634
0.00629
0.00626
0.00622
0.00619
0.00615
0.00613
0.00611
0.00609
0.00607
0.00605
0.00604
0.00604
0.00603
0.00603
0.00602
0.00603
0.00603
0.00604
0.00604
0.00605
0.00606
0.00607
0.00608
0.00609
0.0061
0.00611
0.00612
0.00613
0.00614
0.00616
0.00615
0.00616
0.00616
0.00617
0.00616
0.00616
0.00615
0.00614
0.00613
0.00611
0.00609
0.00607
0.00605
0.00602
0.00599
0.00597
0.00592
0.00589
0.00584
0.00581
0.00575
0.00571
0.00565
0.0056
0.00555
0.00549
0.00543
0.00536
0.0053
0.00524
0.00518
0.00512
0.00505
0.00498
0.00492
0.00485
0.00479
0.00472
0.00465
0.0046
0.00453
0.00447
0.00441
0.00435
0.00429
0.00423
0.00418
0.00413
0.00407
0.00402
0.00397
0.00393
0.00387
0.00383
0.00378
0.00374
0.00369
0.00365
0.0036
0.00356
0.00352
0.00348
0.00344
0.0034
0.00335
0.00331
0.00327
0.00323
0.00318
0.00314
0.0031
0.00306
0.00302
0.00298
0.00294
0.0029
0.00287
0.00283
0.0028
0.00278
0.00274
0.00273
0.00271
0.0027
0.00268
0.00268
0.00267
0.00269
0.00269
0.00271
0.00273
0.00275
0.00279
0.00283
0.00287
0.00292
0.00297
0.00303
0.00309
0.00316
0.00322
0.0033
0.00337
0.00345
0.00352
0.00359
0.00366
0.00373
0.0038
0.00387
0.00394
0.004
0.00405
0.0041
0.00414
0.00419
0.00421
0.00424
0.00425
0.00428
0.00428
0.00428
0.00427
0.00426
0.00424
0.00422
0.00419
0.00416
0.00412
0.00408
0.00404
0.00399
0.00394
0.00389
0.00383
0.00378
0.00372
0.00367
0.00361
0.00355
0.0035
0.00344
0.00339
0.00334
0.00328
0.00323
0.00317
0.00313
0.00307
0.00302
0.00297
0.00292
0.00287
0.00281
0.00276
0.00271
0.00265
0.0026
0.00255
0.00249
0.00243
0.00237
0.00231
0.00226
0.00219
0.00214
0.00207
0.00202
0.00196
0.0019
0.00184
0.00178
0.00173
0.00168
0.00163
0.00159
0.00155
0.00151
0.00147
0.00145
0.00142
0.0014
0.00138
0.00138
0.00137
0.00137
0.00137
0.00138
0.00139
0.00142
0.00144
0.00147
0.0015
0.00154
0.00158
0.00163
0.00168
0.00173
0.00178
0.00184
0.0019
0.00196
0.00202
0.00208
0.00215
0.00221
0.00228
0.00234
0.0024
0.00247
0.00253
0.00259
0.00265
0.00271
0.00276
0.00282
0.00286
0.00291
0.00295
0.00299
0.00304
0.00307
0.0031
0.00313
0.00316
0.00318
0.0032
0.00322
0.00322
0.00323
0.00323
0.00324
0.00323
0.00323
0.00322
0.0032
0.00319
0.00318
0.00316
0.00314
0.0031
0.00308
0.00305
0.00302
0.00299
0.00296
0.00291
0.00288
0.00284
0.0028
0.00276
0.00271
0.00267
0.00263
0.00258
0.00254
0.00248
0.00244
0.00239
0.00234
0.00228
0.00223
0.00217
0.00212
0.00205
0.00199
0.00193
0.00186
0.00179
0.00172
0.00165
0.00158
0.0015
0.00143
0.00135
0.00127
0.00119
0.00111
0.00103
0.00095
0.00087
0.00079
0.00071
0.00063
0.00056
0.00049
0.00042
0.00035
0.00029
0.00023
0.00017
0.00013
8e-05
4e-05
-0.0
-3e-05
-6e-05
-7e-05
-9e-05
-0.0001
-0.00011
-0.0001
-9e-05
-8e-05
-7e-05
-5e-05
-3e-05
0.0
3e-05
7e-05
0.0001
0.00014
0.00018
0.00022
0.00026
0.0003
0.00035
0.00039
0.00044
0.00048
0.00052
0.00057
0.00061
0.00066
0.00069
0.00073
0.00077
0.00082
0.00085
0.00089
0.00093
0.00096
0.001
0.00104
0.00108
0.00112
0.00116
0.0012
0.00124
0.00129
0.00133
0.00137
0.00142
0.00147
0.00151
0.00156
0.00161
0.00166
0.00172
0.00178
0.00183
0.00189
0.00194
0.002
0.00206
0.00212
0.00217
0.00223
0.00229
0.00235
0.0024
0.00246
0.00251
0.00256
0.00261
0.00267
0.00271
0.00276
0.0028
0.00285
0.00289
0.00294
0.00297
0.00301
0.00303
0.00307
0.0031
0.00312
0.00315
0.00317
0.00319
0.00321
0.00322
0.00324
0.00324
0.00326
0.00326
0.00327
0.00327
0.00328
0.00327
0.00328
0.00327
0.00326
0.00326
0.00325
0.00324
0.00323
0.00322
0.00321
0.00319
0.00319
0.00317
0.00316
0.00314
0.00312
0.0031
0.00309
0.00307
0.00305
0.00303
0.00301
0.00299
0.00297
0.00295
0.00294
0.00291
0.00289
0.00286
0.00284
0.00281
0.00279
0.00276
0.00274
0.0027
0.00268
0.00264
0.00261
0.00259
0.00256
0.00253
0.0025
0.00246
0.00244
0.00241
0.00239
0.00235
0.00233
0.0023
0.00229
0.00226
0.00224
0.00222
0.0022
0.00219
0.00218
0.00217
0.00217
0.00216
0.00216
0.00215
0.00216
0.00216
0.00216
0.00217
0.00218
0.00218
0.00219
0.0022
0.00221
0.00222
0.00224
0.00225
0.00226
0.00226
0.00228
0.00229
0.0023
0.0023
0.00231
0.00231
0.00231
0.00231
0.00231
0.0023
0.0023
0.00229
0.00228
0.00227
0.00226
0.00224
0.00223
0.00221
0.00219
0.00216
0.00214
0.00211
0.00209
0.00206
0.00202
0.00198
0.00195
0.00191
0.00187
0.00182
0.00178
0.00173
0.00168
0.00163
0.00158
0.00152
0.00146
0.0014
0.00135
0.00128
0.00122
0.00115
0.00108
0.00102
0.00096
0.00089
0.00083
0.00075
0.0007
0.00063
0.00057
0.0005
0.00045
0.00038
0.00033
0.00028
0.00022
0.00017
0.00012
7e-05
3e-05
-2e-05
-5e-05
-0.0001
-0.00014
-0.00018
-0.00021
-0.00025
-0.00028
-0.00032
-0.00035
-0.00039
-0.00042
-0.00046
-0.0005
-0.00053
-0.00056
-0.0006
-0.00064
-0.00068
-0.00072
-0.00077
-0.0008
-0.00085
-0.00089
-0.00095
-0.00099
-0.00104
-0.00109
-0.00114
-0.0012
-0.00125
-0.0013
-0.00135
-0.0014
-0.00146
-0.00151
-0.00157
-0.00162
-0.00168
-0.00173
-0.00179
-0.00184
-0.0019
-0.00196
-0.00201
-0.00207
-0.00212
-0.00217
-0.00223
-0.00228
-0.00234
-0.00239
-0.00244
-0.00249
-0.00255
-0.00259
-0.00265
-0.00269
-0.00275
-0.00279
-0.00284
-0.00289
-0.00293
-0.00298
-0.00302
-0.00306
-0.00311
-0.00314
-0.00318
-0.00321
-0.00325
-0.00328
-0.00332
-0.00334
-0.00337
-0.0034
-0.00342
-0.00345
-0.00346
-0.00348
-0.00349
-0.0035
-0.00352
-0.00352
-0.00352
-0.00352
-0.00352
-0.00351
-0.00351
-0.00349
-0.00348
-0.00346
-0.00343
-0.00341
-0.00338
-0.00334
-0.0033
-0.00326
-0.00322
-0.00316
-0.00311
-0.00305
-0.003
-0.00293
-0.00287
-0.00279
-0.00272
-0.00265
-0.00257
-0.00249
-0.00241
-0.00233
-0.00224
-0.00215
-0.00208
-0.00199
-0.0019
-0.00181
-0.00174
-0.00165
-0.00157
-0.00148
-0.00141
-0.00133
-0.00125
-0.00118
-0.00111
-0.00103
-0.00097
-0.0009
-0.00084
-0.00078
-0.00072
-0.00066
-0.00061
-0.00056
-0.00052
-0.00046
-0.00042
-0.00038
-0.00034
-0.00031
-0.00027
-0.00024
-0.00021
-0.00018
-0.00016
-0.00013
-0.00011
-8e-05
-6e-05
-4e-05
-3e-05
-0.0
1e-05
2e-05
3e-05
4e-05
6e-05
7e-05
8e-05
0.0001
0.0001
0.00011
0.00012
0.00013
0.00014
0.00015
0.00016
0.00017
0.00018
0.00019
0.0002
0.00021
0.00022
0.00024
0.00025
0.00027
0.00028
0.0003
0.00031
0.00033
0.00034
0.00036
0.00037
0.00039
0.00041
0.00043
0.00044
0.00046
0.00048
0.0005
0.00051
0.00054
0.00055
0.00057
0.00059
0.00061
0.00062
0.00065
0.00066
0.00069
0.00071
0.00073
0.00075
0.00077
0.00079
0.00082
0.00084
0.00087
0.00089
0.00092
0.00095
0.00098
0.001
0.00104
0.00107
0.00111
0.00114
0.00118
0.00122
0.00125
0.0013
0.00134
0.00138
0.00143
0.00147
0.00152
0.00156
0.00162
0.00166
0.00172
0.00176
0.00182
0.00187
0.00193
0.00198
0.00203
0.00209
0.00215
0.00221
0.00227
0.00232
0.00238
0.00244
0.0025
0.00256
0.00262
0.00268
0.00274
0.0028
0.00286
0.00292
0.00297
0.00303
0.00309
0.00315
0.00321
0.00326
0.00332
0.00337
0.00343
0.00347
0.00352
0.00357
0.00362
0.00366
0.0037
0.00374
0.00378
0.00381
0.00384
0.00387
0.0039
0.00392
0.00395
0.00396
0.00398
0.00399
0.004
0.004
0.00401
0.004
0.004
0.00399
0.00398
0.00397
0.00396
0.00394
0.00393
0.00389
0.00387
0.00384
0.00382
0.00378
0.00375
0.00371
0.00367
0.00363
0.00358
0.00354
0.00348
0.00343
0.00338
0.00333
0.00327
0.0032
0.00315
0.00308
0.00302
0.00294
0.00287
0.0028
0.00273
0.00265
0.00257
0.00248
0.0024
0.00232
0.00223
0.00214
0.00206
0.00196
0.00188
0.00179
0.0017
0.0016
0.00152
0.00142
0.00134
0.00125
0.00117
0.00109
0.001
0.00093
0.00086
0.00079
0.00072
0.00065
0.0006
0.00054
0.00049
0.00044
0.0004
0.00036
0.00034
0.0003
0.00028
0.00026
0.00025
0.00024
0.00024
0.00024
0.00025
0.00025
0.00027
0.00029
0.00032
0.00034
0.00037
0.0004
0.00045
0.00049
0.00053
0.00058
0.00063
0.00069
0.00075
0.00081
0.00088
0.00094
0.00101
0.00108
0.00116
0.00123
0.00131
0.00139
0.00148
0.00156
0.00164
0.00173
0.00182
0.00191
0.002
0.00209
0.00218
0.00226
0.00236
0.00244
0.00254
0.00261
0.0027
0.00278
0.00287
0.00295
0.00303
0.0031
0.00317
0.00324
0.00331
0.00338
0.00345
0.0035
0.00356
0.00361
0.00366
0.0037
0.00375
0.00378
0.00383
0.00385
0.00388
0.0039
0.00392
0.00394
0.00395
0.00396
0.00397
0.00396
0.00396
0.00394
0.00393
0.00391
0.00389
0.00385
0.00383
0.00378
0.00374
0.00369
0.00363
0.00358
0.00352
0.00346
0.00339
0.00331
0.00324
0.00316
0.00309
0.003
0.00292
0.00283
0.00275
0.00266
0.00257
0.00248
0.00239
0.00231
0.00223
0.00215
0.00207
0.00198
0.00191
0.00183
0.00177
0.00169
0.00163
0.00156
0.0015
0.00144
0.00137
0.00132
0.00126
0.0012
0.00115
0.0011
0.00105
0.00099
0.00094
0.00089
0.00084
0.00079
0.00074
0.00068
0.00064
0.00058
0.00053
0.00048
0.00043
0.00038
0.00033
0.00028
0.00024
0.00019
0.00015
0.0001
7e-05
3e-05
-0.0
-3e-05
-5e-05
-8e-05
-9e-05
-0.00011
-0.00012
-0.00013
-0.00013
-0.00012
-0.00011
-0.00011
-9e-05
-8e-05
-5e-05
-4e-05
-1e-05
1e-05
5e-05
8e-05
0.00011
0.00014
0.00018
0.00021
0.00025
0.00028
0.00032
0.00035
0.00039
0.00042
0.00046
0.00048
0.00052
0.00055
0.00058
0.00061
0.00064
0.00067
0.0007
0.00073
0.00076
0.00079
0.00083
0.00085
0.00089
0.00092
0.00096
0.00098
0.00102
0.00105
0.0011
0.00113
0.00117
0.0012
0.00124
0.00128
0.00132
0.00135
0.00139
0.00142
0.00146
0.00149
0.00154
0.00156
0.0016
0.00162
0.00166
0.00168
0.00171
0.00174
0.00176
0.00178
0.00181
0.00183
0.00185
0.00187
0.00189
0.00191
0.00193
0.00195
0.00197
0.00199
0.00201
0.00203
0.00205
0.00207
0.00209
0.00212
0.00214
0.00217
0.0022
0.00222
0.00225
0.00228
0.00231
0.00233
0.00237
0.00239
0.00243
0.00246
0.00249
0.00252
0.00255
0.00258
0.00261
0.00263
0.00267
0.00269
0.00272
0.00274
0.00278
0.00279
0.00282
0.00284
0.00287
0.00289
0.00291
0.00293
0.00295
0.00297
0.00299
0.00301
0.00304
0.00305
0.00307
0.00309
0.00311
0.00312
0.00314
0.00316
0.00318
0.00319
0.00321
0.00322
0.00323
0.00324
0.00325
0.00326
0.00327
0.00326
0.00328
0.00327
0.00328
0.00326
0.00326
0.00325
0.00324
0.00323
0.00321
0.00319
0.00317
0.00315
0.00313
0.00311
0.00308
0.00305
0.00302
0.00299
0.00297
0.00293
0.0029
0.00287
0.00284
0.00281
0.00278
0.00275
0.00272
0.0027
0.00267
0.00265
0.00263
0.0026
0.00259
0.00257
0.00256
0.00254
0.00252
0.00251
0.0025
0.00249
0.00248
0.00247
0.00246
0.00246
0.00245
0.00245
0.00244
0.00243
0.00243
0.00242
0.00243
