1.43522835039179E+03

-0.00072
-0.00079
-0.00085
-0.00091
-0.00096
-0.00102
-0.00107
-0.00113
-0.00117
-0.00121
-0.00125
-0.00129
-0.00132
-0.00136
-0.00138
-0.0014
-0.00142
-0.00144
-0.00145
-0.00146
-0.00146
-0.00147
-0.00147
-0.00147
-0.00147
-0.00146
-0.00145
-0.00145
-0.00143
-0.00143
-0.00141
-0.0014
-0.00138
-0.00137
-0.00135
-0.00134
-0.00131
-0.0013
-0.00128
-0.00126
-0.00125
-0.00122
-0.0012
-0.00118
-0.00116
-0.00115
-0.00112
-0.00111
-0.00108
-0.00107
-0.00105
-0.00104
-0.00101
-0.001
-0.00098
-0.00097
-0.00095
-0.00094
-0.00092
-0.00091
-0.0009
-0.00089
-0.00088
-0.00088
-0.00086
-0.00086
-0.00086
-0.00086
-0.00085
-0.00085
-0.00085
-0.00086
-0.00086
-0.00086
-0.00086
-0.00087
-0.00087
-0.00088
-0.00088
-0.00088
-0.00088
-0.00089
-0.00089
-0.00089
-0.00088
-0.00088
-0.00088
-0.00087
-0.00086
-0.00085
-0.00083
-0.00081
-0.00079
-0.00078
-0.00074
-0.00072
-0.00068
-0.00065
-0.00061
-0.00058
-0.00053
-0.00049
-0.00044
-0.0004
-0.00035
-0.0003
-0.00024
-0.00019
-0.00013
-8e-05
-2e-05
3e-05
0.0001
0.00015
0.00021
0.00026
0.00032
0.00038
0.00043
0.00049
0.00054
0.00059
0.00065
0.0007
0.00076
0.0008
0.00086
0.00091
0.00096
0.001
0.00106
0.0011
0.00115
0.00119
0.00124
0.00128
0.00132
0.00137
0.00141
0.00145
0.0015
0.00153
0.00158
0.00161
0.00166
0.00169
0.00173
0.00176
0.00181
0.00184
0.00187
0.00191
0.00194
0.00198
0.00201
0.00205
0.00209
0.00211
0.00215
0.00218
0.00222
0.00224
0.00228
0.0023
0.00234
0.00236
0.00239
0.00242
0.00244
0.00246
0.00248
0.0025
0.00252
0.00253
0.00255
0.00255
0.00256
0.00255
0.00255
0.00254
0.00254
0.00252
0.0025
0.00247
0.00245
0.00242
0.00238
0.00234
0.0023
0.00225
0.0022
0.00215
0.0021
0.00203
0.00197
0.0019
0.00184
0.00177
0.0017
0.00163
0.00155
0.00148
0.00141
0.00133
0.00126
0.00118
0.00111
0.00103
0.00096
0.00088
0.00081
0.00073
0.00066
0.00058
0.0005
0.00042
0.00034
0.00027
0.00019
0.00011
4e-05
-5e-05
-0.00013
-0.00021
-0.00029
-0.00038
-0.00046
-0.00056
-0.00064
-0.00073
-0.00082
-0.00091
-0.00101
-0.00109
-0.00118
-0.00128
-0.00137
-0.00146
-0.00155
-0.00165
-0.00173
-0.00182
-0.00191
-0.002
-0.00208
-0.00217
-0.00225
-0.00233
-0.00241
-0.00249
-0.00256
-0.00263
-0.0027
-0.00277
-0.00283
-0.0029
-0.00295
-0.00302
-0.00307
-0.00313
-0.00317
-0.00322
-0.00327
-0.00331
-0.00336
-0.00339
-0.00342
-0.00345
-0.00348
-0.00352
-0.00353
-0.00356
-0.00357
-0.00359
-0.0036
-0.00362
-0.00362
-0.00363
-0.00363
-0.00363
-0.00363
-0.00362
-0.00361
-0.00359
-0.00357
-0.00356
-0.00354
-0.00352
-0.00349
-0.00347
-0.00343
-0.00341
-0.00337
-0.00333
-0.0033
-0.00326
-0.00323
-0.00318
-0.00314
-0.00309
-0.00304
-0.00301
-0.00295
-0.00291
-0.00286
-0.00281
-0.00276
-0.00272
-0.00266
-0.00261
-0.00256
-0.00251
-0.00246
-0.00241
-0.00236
-0.0023
-0.00225
-0.0022
-0.00214
-0.00209
-0.00203
-0.00199
-0.00193
-0.00188
-0.00182
-0.00177
-0.00172
-0.00167
-0.00162
-0.00157
-0.00152
-0.00146
-0.00141
-0.00137
-0.00132
-0.00127
-0.00122
-0.00118
-0.00113
-0.00109
-0.00105
-0.00101
-0.00097
-0.00093
-0.0009
-0.00086
-0.00082
-0.00079
-0.00076
-0.00074
-0.0007
-0.00068
-0.00066
-0.00064
-0.00062
-0.00061
-0.00059
-0.00058
-0.00057
-0.00056
-0.00055
-0.00055
-0.00054
-0.00054
-0.00053
-0.00053
-0.00052
-0.00053
-0.00052
-0.00052
-0.00051
-0.00051
-0.0005
-0.00049
-0.00048
-0.00047
-0.00046
-0.00044
-0.00042
-0.0004
-0.00037
-0.00035
-0.00031
-0.00028
-0.00024
-0.00021
-0.00016
-0.00013
-7e-05
-3e-05
1e-05
6e-05
0.00011
0.00016
0.00021
0.00025
0.0003
0.00034
0.00039
0.00043
0.00047
0.0005
0.00054
0.00056
0.0006
0.00062
0.00064
0.00066
0.00067
0.00069
0.0007
0.00071
0.00073
0.00073
0.00074
0.00074
0.00075
0.00075
0.00077
0.00077
0.00079
0.00079
0.00081
0.00082
0.00083
0.00085
0.00088
0.0009
0.00093
0.00095
0.00099
0.00102
0.00106
0.00109
0.00113
0.00116
0.0012
0.00123
0.00127
0.0013
0.00134
0.00137
0.0014
0.00143
0.00146
0.00147
0.00149
0.0015
0.00152
0.00152
0.00153
0.00153
0.00153
0.00152
0.00151
0.00149
0.00147
0.00145
0.00143
0.00141
0.00138
0.00135
0.00133
0.00129
0.00126
0.00123
0.0012
0.00116
0.00113
0.00109
0.00106
0.00103
0.00099
0.00096
0.00093
0.0009
0.00087
0.00083
0.0008
0.00077
0.00074
0.0007
0.00068
0.00064
0.00061
0.00058
0.00054
0.0005
0.00047
0.00043
0.0004
0.00036
0.00033
0.00029
0.00025
0.00021
0.00018
0.00014
0.00011
7e-05
4e-05
0.0
-3e-05
-6e-05
-9e-05
-0.00012
-0.00014
-0.00016
-0.00018
-0.00021
-0.00022
-0.00023
-0.00024
-0.00025
-0.00025
-0.00026
-0.00025
-0.00025
-0.00025
-0.00024
-0.00023
-0.00022
-0.0002
-0.00019
-0.00017
-0.00016
-0.00013
-0.00011
-8e-05
-6e-05
-4e-05
-2e-05
1e-05
4e-05
7e-05
9e-05
0.00012
0.00015
0.00018
0.00021
0.00024
0.00026
0.0003
0.00032
0.00036
0.00038
0.00042
0.00044
0.00048
0.00051
0.00055
0.00058
0.00061
0.00065
0.00069
0.00072
0.00076
0.00079
0.00084
0.00087
0.00091
0.00095
0.00099
0.00102
0.00106
0.0011
0.00113
0.00116
0.00119
0.00122
0.00125
0.00128
0.0013
0.00132
0.00134
0.00135
0.00136
0.00136
0.00136
0.00136
0.00136
0.00134
0.00133
0.00131
0.00128
0.00125
0.00123
0.00119
0.00116
0.0011
0.00107
0.00101
0.00097
0.00091
0.00086
0.00079
0.00074
0.00068
0.00062
0.00056
0.00049
0.00044
0.00038
0.00032
0.00027
0.00021
0.00016
0.00011
6e-05
1e-05
-3e-05
-8e-05
-0.00011
-0.00015
-0.00018
-0.00022
-0.00025
-0.00027
-0.0003
-0.00032
-0.00033
-0.00036
-0.00037
-0.00039
-0.00039
-0.00041
-0.00042
-0.00043
-0.00043
-0.00043
-0.00044
-0.00044
-0.00044
-0.00044
-0.00044
-0.00043
-0.00043
-0.00043
-0.00042
-0.00041
-0.0004
-0.00039
-0.00037
-0.00037
-0.00034
-0.00033
-0.00031
-0.00029
-0.00027
-0.00024
-0.00021
-0.00018
-0.00015
-0.00013
-9e-05
-6e-05
-2e-05
0.0
5e-05
7e-05
0.00012
0.00015
0.00019
0.00022
0.00025
0.00029
0.00033
0.00036
0.0004
0.00042
0.00046
0.00048
0.00052
0.00054
0.00057
0.00059
0.00063
0.00065
0.00067
0.0007
0.00072
0.00074
0.00077
0.0008
0.00083
0.00085
0.00089
0.00092
0.00096
0.00099
0.00103
0.00107
0.00112
0.00117
0.00122
0.00127
0.00132
0.00138
0.00145
0.00151
0.00158
0.00165
0.00172
0.00179
0.00187
0.00194
0.00202
0.00209
0.00218
0.00225
0.00233
0.0024
0.00247
0.00255
0.00262
0.00269
0.00276
0.00282
0.00289
0.00295
0.00302
0.00307
0.00313
0.00317
0.00323
0.00328
0.00332
0.00337
0.00341
0.00345
0.0035
0.00354
0.00358
0.00361
0.00365
0.00369
0.00373
0.00376
0.00379
0.00382
0.00386
0.00389
0.00392
0.00395
0.00397
0.004
0.00402
0.00405
0.00407
0.00408
0.0041
0.00411
0.00412
0.00412
0.00413
0.00412
0.00412
0.00411
0.0041
0.00408
0.00406
0.00404
0.00401
0.00398
0.00395
0.0039
0.00387
0.00382
0.00378
0.00373
0.00368
0.00362
0.00358
0.00352
0.00346
0.00341
0.00335
0.00329
0.00324
0.00318
0.00313
0.00307
0.00302
0.00297
0.00292
0.00287
0.00282
0.00277
0.00273
0.00269
0.00265
0.00261
0.00258
0.00255
0.00252
0.0025
0.00248
0.00246
0.00245
0.00244
0.00244
0.00244
0.00245
0.00246
0.00249
0.00251
0.00254
0.00258
0.00263
0.00269
0.00276
0.00284
0.00292
0.00302
0.00313
0.00324
0.00337
0.00351
0.00366
0.00382
0.004
0.00419
0.00438
0.0046
0.00482
0.00507
0.00532
0.00559
0.00587
0.00616
0.00647
0.00679
0.00713
0.00747
0.00784
0.00821
0.0086
0.00901
0.00942
0.00985
0.0103
0.01076
0.01123
0.01172
0.01222
0.01273
0.01326
0.0138
0.01435
0.01492
0.0155
0.01609
0.01671
0.01733
0.01796
0.01861
0.01926
0.01994
0.02062
0.02132
0.02203
0.02275
0.02348
0.02422
0.02497
0.02574
0.02651
0.02729
0.02808
0.02888
0.02968
0.0305
0.03132
0.03214
0.03298
0.03382
0.03466
0.03551
0.03636
0.03721
0.03807
0.03893
0.03979
0.04066
0.04152
0.04239
0.04325
0.04412
0.04499
0.04585
0.04672
0.04758
0.04845
0.04931
0.05017
0.05102
0.05187
0.05273
0.05357
0.05442
0.05526
0.0561
0.05694
0.05776
0.05859
0.05942
0.06024
0.06105
0.06186
0.06267
0.06347
0.06426
0.06505
0.06584
0.06661
0.06738
0.06815
0.06891
0.06966
0.07041
0.07115
0.07189
0.07261
0.07333
0.07405
0.07475
0.07545
0.07614
0.07683
0.0775
0.07817
0.07883
0.07949
0.08013
0.08077
0.08139
0.08202
0.08263
0.08323
0.08382
0.08441
0.08499
0.08556
0.08611
0.08666
0.08721
0.08773
0.08825
0.08877
0.08927
0.08976
0.09024
0.09072
0.09118
0.09163
0.09207
0.0925
0.09293
0.09334
0.09375
0.09414
0.09453
0.09491
0.09527
0.09563
0.09599
0.09633
0.09666
0.09699
0.0973
0.09761
0.09791
0.0982
0.09848
0.09876
0.09903
0.09928
0.09954
0.09978
0.10001
0.10024
0.10046
0.10067
0.10087
0.10107
0.10125
0.10143
0.1016
0.10176
0.10191
0.10205
0.10219
0.10232
0.10244
0.10255
0.10266
0.10276
0.10285
0.10293
0.10301
0.10308
0.10314
0.1032
0.10324
0.10329
0.10332
0.10335
0.10337
0.10339
0.10341
0.10341
0.10341
0.1034
0.10339
0.10337
0.10334
0.10331
0.10326
0.10322
0.10316
0.1031
0.10303
0.10295
0.10287
0.10278
0.10268
0.10257
0.10246
0.10234
0.10221
0.10208
0.10194
0.1018
0.10165
0.10149
0.10133
0.10117
0.101
0.10083
0.10066
0.10048
0.1003
0.10012
0.09995
0.09977
0.09959
0.09942
0.09924
0.09907
0.09889
0.09872
0.09855
0.09838
0.09822
0.09805
0.09789
0.09773
0.09757
0.09742
0.09727
0.09711
0.09696
0.09681
0.09667
0.09652
0.09636
0.09622
0.09607
0.09591
0.09576
0.09561
0.09546
0.0953
0.09514
0.09498
0.09482
0.09465
0.09448
0.09432
0.09414
0.09397
0.09379
0.09361
0.09342
0.09324
0.09305
0.09285
0.09266
0.09246
0.09226
0.09206
0.09185
0.09164
0.09143
0.09122
0.091
0.09079
0.09057
0.09034
0.09012
0.08989
0.08966
0.08943
0.0892
0.08896
0.08873
0.08849
0.08826
0.08802
0.08778
0.08754
0.0873
0.08707
0.08682
0.08659
0.08635
0.08611
0.08587
0.08563
0.0854
0.08517
0.08494
0.08471
0.08448
0.08425
0.08403
0.08382
0.0836
0.08338
0.08317
0.08297
0.08276
0.08256
0.08236
0.08217
0.08198
0.08179
0.08161
0.08143
0.08126
0.08109
0.08092
0.08075
0.08059
0.08044
0.08028
0.08013
0.07998
0.07983
0.07969
0.07955
0.07941
0.07927
0.07913
0.079
0.07886
0.07872
0.07859
0.07845
0.07832
0.07818
0.07805
0.07791
0.07777
0.07763
0.07749
0.07734
0.0772
0.07705
0.0769
0.07675
0.0766
0.07645
0.0763
0.07614
0.07598
0.07582
0.07566
0.0755
0.07534
0.07517
0.075
0.07483
0.07467
0.07449
0.07432
0.07414
0.07397
0.07379
0.07361
0.07343
0.07324
0.07306
0.07287
0.07268
0.07248
0.07229
0.07209
0.07189
0.07169
0.07148
0.07127
0.07107
0.07085
0.07064
0.07042
0.07021
0.06999
0.06977
0.06955
0.06933
0.0691
0.06888
0.06866
0.06844
0.06822
0.06799
0.06777
0.06755
0.06733
0.06711
0.06689
0.06667
0.06646
0.06624
0.06602
0.06581
0.06559
0.06538
0.06516
0.06495
0.06474
0.06452
0.06431
0.0641
0.06389
0.06368
0.06348
0.06327
0.06307
0.06286
0.06267
0.06247
0.06228
0.06209
0.06191
0.06173
0.06156
0.06139
0.06123
0.06108
0.06093
0.06079
0.06066
0.06054
0.06042
0.06032
0.06022
0.06012
0.06004
0.05996
0.05989
0.05983
0.05977
0.05972
0.05967
0.05962
0.05958
0.05953
0.05949
0.05945
0.05941
0.05937
0.05933
0.05928
0.05923
0.05918
0.05912
0.05907
0.05901
0.05894
0.05887
0.0588
0.05872
0.05865
0.05857
0.05849
0.05841
0.05833
0.05824
0.05817
0.05809
0.05801
0.05794
0.05787
0.05781
0.05775
0.05769
0.05764
0.0576
0.05756
0.05752
0.05749
0.05746
0.05744
0.05741
0.05739
0.05738
0.05736
0.05734
0.05732
0.0573
0.05727
0.05724
0.0572
0.05716
0.05711
0.05705
0.05698
0.0569
0.05681
0.05671
0.0566
0.05648
0.05635
0.05621
0.05605
0.05589
0.05571
0.05552
0.05533
0.05512
0.05491
0.05469
0.05446
0.05423
0.05399
0.05375
0.05351
0.05326
0.05301
0.05276
0.05251
0.05227
0.05202
0.05177
0.05153
0.05128
0.05104
0.0508
0.05057
0.05033
0.0501
0.04987
0.04965
0.04943
0.0492
0.04898
0.04876
0.04854
0.04832
0.0481
0.04788
0.04766
0.04744
0.04721
0.04698
0.04675
0.04652
0.04628
0.04604
0.0458
0.04555
0.0453
0.04504
0.04478
0.04452
0.04425
0.04398
0.0437
0.04342
0.04314
0.04285
0.04257
0.04228
0.04198
0.04169
0.0414
0.04111
0.04082
0.04054
0.04025
0.03997
0.03969
0.03942
0.03915
0.03889
0.03864
0.03839
0.03816
0.03792
0.0377
0.03749
0.03729
0.03709
0.03691
0.03673
0.03656
0.0364
0.03624
0.0361
0.03596
0.03583
0.0357
0.03558
0.03545
0.03533
0.03522
0.0351
0.03499
0.03488
0.03476
0.03464
0.03452
0.0344
0.03427
0.03414
0.034
0.03387
0.03373
0.03358
0.03343
0.03328
0.03313
0.03297
0.03281
0.03266
0.03249
0.03234
0.03218
0.03202
0.03186
0.03172
0.03157
0.03143
0.03129
0.03115
0.03102
0.0309
0.03078
0.03067
0.03057
0.03047
0.03037
0.03029
0.0302
0.03012
0.03004
0.02997
0.02989
0.02982
0.02975
0.02968
0.02961
0.02954
0.02946
0.02939
0.02931
0.02923
0.02915
0.02907
0.02898
0.02889
0.02879
0.0287
0.02859
0.0285
0.02839
0.02829
0.02818
0.02808
0.02798
0.02787
0.02778
0.02768
0.02758
0.02749
0.0274
0.02731
0.02723
0.02715
0.02708
0.02701
0.02694
0.02688
0.02683
0.02677
0.02672
0.02668
0.02663
0.02659
0.02654
0.02651
0.02647
0.02643
0.02638
0.02635
0.0263
0.02626
0.02622
0.02617
0.02612
0.02607
0.02602
0.02596
0.02591
0.02585
0.02578
0.02572
0.02566
0.02559
0.02552
0.02546
0.02538
0.02532
0.02524
0.02518
0.0251
0.02503
0.02497
0.0249
0.02483
0.02476
0.02469
0.02462
0.02455
0.02448
0.02441
0.02434
0.02426
0.02419
0.0241
0.02402
0.02394
0.02385
0.02375
0.02366
0.02356
0.02346
0.02335
0.02324
0.02312
0.023
0.02287
0.02274
0.02261
0.02248
0.02233
0.02219
0.02205
0.0219
0.02175
0.02161
0.02146
0.02131
0.02115
0.021
0.02085
0.0207
0.02054
0.02039
0.02024
0.02009
0.01994
0.01978
0.01963
0.01948
0.01932
0.01917
0.01901
0.01886
0.0187
0.01854
0.01837
0.01821
0.01804
0.01787
0.0177
0.01753
0.01735
0.01717
0.01699
0.0168
0.01662
0.01644
0.01625
0.01607
0.01588
0.0157
0.01551
0.01533
0.01515
0.01498
0.0148
0.01463
0.01447
0.01431
0.01415
0.014
0.01386
0.01372
0.01359
0.01346
0.01333
0.01322
0.01311
0.01301
0.01291
0.01281
0.01272
0.01264
0.01256
0.01248
0.01241
0.01234
0.01228
0.01222
0.01216
0.01211
0.01205
0.012
0.01195
0.01191
0.01186
0.01182
0.01178
0.01174
0.0117
0.01166
0.01163
0.01159
0.01156
0.01154
0.01151
0.01149
0.01146
0.01144
0.01142
0.01141
0.01139
0.01138
0.01137
0.01137
0.01136
0.01136
0.01136
0.01136
0.01137
0.01137
0.01138
0.0114
0.01141
0.01142
0.01144
0.01146
0.01147
0.0115
0.01152
0.01155
0.01157
0.0116
0.01162
0.01165
0.01168
0.01171
0.01174
0.01178
0.01181
0.01185
0.01188
0.01192
0.01195
0.01199
0.01202
0.01207
0.01211
0.01214
0.01218
0.01222
0.01226
0.01231
0.01235
0.01239
0.01242
0.01247
0.0125
0.01255
0.01258
0.01262
0.01266
0.0127
0.01273
0.01277
0.0128
0.01283
0.01287
0.0129
0.01293
0.01296
0.01298
0.01301
0.01303
0.01305
0.01306
0.01308
0.01308
0.0131
0.0131
0.0131
0.01309
0.01308
0.01307
0.01305
0.01303
0.013
0.01297
0.01293
0.01288
0.01284
0.01278
0.01272
0.01265
0.01258
0.0125
0.01242
0.01233
0.01223
0.01213
0.01203
0.01192
0.01181
0.01169
0.01157
0.01145
0.01132
0.01119
0.01106
0.01092
0.01079
0.01064
0.0105
0.01036
0.01022
0.01008
0.00993
0.00979
0.00965
0.0095
0.00936
0.00922
0.00908
0.00893
0.00879
0.00865
0.00851
0.00837
0.00822
0.00808
0.00794
0.0078
0.00766
0.00752
0.00738
0.00723
0.0071
0.00696
0.00682
0.00668
0.00654
0.0064
0.00627
0.00613
0.00599
0.00586
0.00573
0.0056
0.00548
0.00536
0.00524
0.00512
0.00501
0.0049
0.0048
0.0047
0.00461
0.00451
0.00443
0.00435
0.00427
0.0042
0.00413
0.00407
0.00401
0.00396
0.00392
0.00386
0.00383
0.00378
0.00375
0.00371
0.00368
0.00365
0.00363
0.0036
0.00357
0.00354
0.00351
0.00349
0.00347
0.00345
0.00342
0.00339
0.00337
0.00334
0.00332
0.00329
0.00327
0.00324
0.00323
0.0032
0.00318
0.00315
0.00313
0.00311
0.0031
0.00308
0.00307
0.00305
0.00305
0.00303
0.00303
0.00302
0.00302
0.00301
0.00302
0.00302
0.00302
0.00302
0.00302
0.00303
0.00303
0.00304
0.00304
0.00304
0.00304
0.00304
0.00304
0.00303
0.00302
0.00301
0.003
0.00299
0.00297
0.00295
0.00293
0.00291
0.00289
0.00286
0.00284
0.00281
0.00279
0.00275
0.00273
0.0027
0.00267
0.00264
0.00262
0.00259
0.00257
0.00254
0.00252
0.0025
0.00248
0.00246
0.00245
0.00243
0.00243
0.00241
0.00241
0.00239
0.00239
0.00238
0.00238
0.00237
0.00236
0.00236
0.00235
0.00235
0.00235
0.00235
0.00236
0.00235
0.00236
0.00235
0.00236
0.00236
0.00237
0.00237
0.00239
0.0024
0.00241
0.00242
0.00244
0.00246
0.00249
0.00251
0.00254
0.00257
0.0026
0.00263
0.00268
0.00271
0.00275
0.00279
0.00284
0.00288
0.00292
0.00297
0.00301
0.00305
0.0031
0.00314
0.00319
0.00322
0.00326
0.0033
0.00334
0.00337
0.0034
0.00343
0.00347
0.00349
0.00352
0.00355
0.00357
0.0036
0.00363
0.00365
0.00368
0.0037
0.00374
0.00376
0.0038
0.00383
0.00387
0.0039
0.00395
0.00399
0.00403
0.00408
0.00412
0.00417
0.00423
0.00428
0.00434
0.00438
0.00444
0.0045
0.00456
0.00461
0.00467
0.00472
0.00478
0.00483
0.00488
0.00493
0.00498
0.00503
0.00507
0.00512
0.00516
0.00519
0.00523
0.00526
0.0053
0.00532
0.00535
0.00537
0.00539
0.00541
0.00543
0.00544
0.00545
0.00546
0.00547
0.00547
0.00548
0.00547
0.00547
0.00546
0.00546
0.00544
0.00544
0.00542
0.0054
0.00538
0.00536
0.00533
0.0053
0.00527
0.00524
0.0052
0.00517
0.00512
0.00508
0.00503
0.00499
0.00493
0.00488
0.00482
0.00477
0.00471
0.00465
0.00458
0.00452
0.00445
0.00439
0.00432
0.00426
0.00418
0.00412
0.00405
0.00398
0.00391
0.00384
0.00377
0.00371
0.00364
0.00358
0.00351
0.00345
0.00339
0.00333
0.00327
0.00322
0.00316
0.00311
0.00306
0.00302
0.00297
0.00294
0.00289
0.00286
0.00283
0.0028
0.00277
0.00274
0.00272
0.00271
0.00269
0.00268
0.00266
0.00266
0.00265
0.00265
0.00264
0.00265
0.00264
0.00265
0.00265
0.00266
0.00266
0.00266
0.00267
0.00268
0.00268
0.00269
0.00269
0.0027
0.00271
0.00272
0.00272
0.00272
0.00272
0.00273
0.00273
0.00273
0.00273
0.00273
0.00273
0.00273
0.00273
0.00272
0.00271
0.00271
0.0027
0.0027
0.00268
0.00267
0.00266
0.00265
0.00263
0.00261
0.00259
0.00257
0.00255
0.00253
0.00251
0.00249
0.00245
0.00243
0.00239
0.00237
0.00233
0.00229
0.00225
0.00222
0.00217
0.00213
0.00209
0.00204
0.002
0.00196
0.00191
0.00187
0.00182
0.00178
0.00173
0.00169
0.00164
0.0016
0.00156
0.00153
0.00149
0.00146
0.00143
0.0014
0.00137
0.00135
0.00134
0.00133
0.00131
0.00131
0.0013
0.00131
0.0013
0.00131
0.00132
0.00134
0.00135
0.00136
0.00138
0.0014
0.00143
0.00146
0.00148
0.00151
0.00153
0.00157
0.00159
0.00163
0.00165
0.00168
0.0017
0.00173
0.00175
0.00177
0.00179
0.00181
0.00183
0.00184
0.00186
0.00187
0.00188
0.00189
0.00189
0.0019
0.0019
0.00191
0.0019
0.00191
0.0019
0.0019
0.00189
0.00188
0.00188
0.00187
0.00186
0.00185
0.00184
0.00183
0.00181
0.0018
0.00178
0.00177
0.00174
0.00173
0.00171
0.00169
0.00166
0.00163
0.00161
0.00158
0.00156
0.00153
0.00149
0.00146
0.00143
0.0014
0.00135
0.00132
0.00128
0.00125
0.00121
0.00117
0.00112
0.00108
0.00105
0.00101
0.00097
0.00094
0.00089
0.00086
0.00082
0.00079
0.00075
0.00072
0.00068
0.00066
0.00062
0.0006
0.00057
0.00055
0.00052
0.00051
0.00049
0.00048
0.00046
0.00046
0.00045
0.00045
0.00045
0.00045
0.00046
0.00047
0.00048
0.0005
0.00052
0.00054
0.00057
0.0006
0.00063
0.00067
0.00071
0.00075
0.00079
0.00085
0.00089
0.00095
0.00099
0.00106
0.00111
0.00116
0.00122
0.00128
0.00134
0.0014
0.00145
0.00151
0.00157
0.00163
0.00168
0.00174
0.00179
0.00184
0.00189
0.00195
0.00199
0.00204
0.00208
0.00212
0.00217
0.00221
0.00225
0.0023
0.00233
0.00237
0.0024
0.00244
0.00247
0.0025
0.00252
0.00256
0.00258
0.0026
0.00261
0.00263
0.00264
0.00266
0.00267
0.00267
0.00267
0.00267
0.00266
0.00266
0.00263
0.00262
0.00259
0.00258
0.00255
0.00251
0.00247
0.00243
0.00239
0.00235
0.0023
0.00225
0.00219
0.00214
0.00208
0.00203
0.00197
0.00191
0.00184
0.00179
0.00172
0.00166
0.00159
0.00152
0.00146
0.0014
0.00133
0.00127
0.0012
0.00114
0.00107
0.00101
0.00095
0.00089
0.00082
0.00076
0.0007
0.00063
0.00057
0.00051
0.00045
0.00039
0.00033
0.00028
0.00021
0.00016
0.00011
6e-05
0.0
-4e-05
-9e-05
-0.00013
-0.00017
-0.0002
-0.00024
-0.00028
-0.0003
-0.00032
-0.00035
-0.00037
-0.00039
-0.0004
-0.00041
-0.00042
-0.00043
-0.00043
-0.00044
-0.00044
-0.00044
-0.00044
-0.00044
-0.00044
-0.00044
-0.00044
-0.00043
-0.00043
-0.00043
-0.00042
-0.00042
-0.00042
-0.00042
-0.00041
-0.00042
-0.00041
-0.00041
-0.0004
-0.0004
-0.0004
-0.00039
-0.00038
-0.00037
-0.00036
-0.00035
-0.00033
-0.00032
-0.00029
-0.00028
-0.00025
-0.00023
-0.00019
-0.00017
-0.00014
-0.0001
-7e-05
-3e-05
2e-05
6e-05
0.00011
0.00014
0.00019
0.00024
0.00029
0.00033
0.00038
0.00042
0.00047
0.00051
0.00055
0.00059
0.00063
0.00067
0.00071
0.00074
0.00078
0.0008
0.00083
0.00086
0.00089
0.00091
0.00093
0.00095
0.00097
0.00098
0.001
0.00101
0.00102
0.00103
0.00104
0.00105
0.00106
0.00106
0.00108
0.00108
0.00109
0.00109
0.00109
0.00109
0.0011
0.0011
0.0011
0.0011
0.0011
0.00111
0.00111
0.00111
0.00111
0.00111
0.00111
0.00111
0.00111
0.00111
0.00111
0.0011
0.00111
0.00111
0.00111
0.00111
0.00111
0.00111
0.00111
0.00112
0.00113
0.00113
0.00114
0.00114
0.00116
0.00117
0.00119
0.0012
0.00122
0.00124
0.00126
0.00129
0.00131
0.00134
0.00137
0.00141
0.00144
0.00147
0.00151
0.00155
0.00159
0.00163
0.00167
0.00171
0.00175
0.00179
0.00183
0.00187
0.00191
0.00195
0.00199
0.00202
0.00206
0.00209
0.00212
0.00214
0.00218
0.00219
0.00222
0.00223
0.00225
0.00226
0.00227
0.00228
0.00228
0.00228
0.00228
0.00228
0.00227
0.00225
0.00224
0.00223
0.00221
0.00219
0.00217
0.00213
0.00211
0.00208
0.00205
0.00201
0.00198
0.00194
0.00191
0.00186
0.00183
0.00178
0.00174
0.0017
0.00166
0.00161
0.00157
0.00153
0.00149
0.00145
0.00141
0.00138
0.00134
0.00131
0.00129
0.00126
0.00124
0.00122
0.00121
0.00119
0.00119
0.00118
0.00119
0.00119
0.0012
0.00121
0.00123
0.00125
0.00128
0.00131
0.00134
0.00138
0.00142
0.00146
0.00151
0.00156
0.00162
0.00167
0.00173
0.00179
0.00186
0.00192
0.00198
0.00205
0.00211
0.00219
0.00226
0.00233
0.00241
0.00247
0.00255
0.00262
0.00271
0.00278
0.00286
0.00293
0.00302
0.00309
0.00318
0.00326
0.00334
0.00342
0.00351
0.00359
0.00368
0.00376
0.00385
0.00393
0.00401
0.00409
0.00418
0.00425
0.00434
0.00441
0.00449
0.00456
0.00462
0.00469
0.00475
0.00481
0.00487
0.00491
0.00496
0.005
0.00504
0.00506
0.00509
0.0051
0.00512
0.00512
0.00513
0.00512
0.00511
0.0051
0.00509
0.00507
0.00505
0.00501
0.00498
0.00494
0.00491
0.00486
0.00481
0.00476
0.00472
0.00466
0.00461
0.00455
0.00449
0.00444
0.00438
0.00432
0.00427
0.0042
0.00414
0.00408
0.00402
0.00395
0.00389
0.00382
0.00376
0.00369
0.00362
0.00355
0.00348
0.00341
0.00334
0.00326
0.0032
0.00311
0.00304
0.00296
0.00289
0.00281
0.00274
0.00265
0.00258
0.0025
0.00243
0.00235
0.00227
0.0022
0.00212
0.00205
0.00198
0.00191
0.00184
0.00177
0.00171
0.00164
0.00159
0.00153
0.00148
0.00142
0.00136
0.00131
0.00126
0.00122
0.00117
0.00113
0.00109
0.00105
0.00101
0.00097
0.00094
0.0009
0.00087
0.00083
0.0008
0.00076
0.00073
0.0007
0.00067
0.00064
0.00061
0.00058
0.00056
0.00052
0.00049
0.00046
0.00044
0.0004
0.00037
0.00034
0.00032
0.00028
0.00025
0.00022
0.00019
0.00016
0.00012
9e-05
6e-05
1e-05
-2e-05
-6e-05
-9e-05
-0.00014
-0.00018
-0.00022
-0.00026
-0.00031
-0.00036
-0.00041
-0.00046
-0.00051
-0.00056
-0.00061
-0.00066
-0.00072
-0.00077
-0.00082
-0.00087
-0.00093
-0.00097
-0.00103
-0.00107
-0.00113
-0.00117
-0.00122
-0.00126
-0.0013
-0.00134
-0.00137
-0.0014
-0.00144
-0.00146
-0.00149
-0.0015
-0.00152
-0.00153
-0.00155
-0.00155
-0.00155
-0.00155
-0.00155
-0.00155
-0.00154
-0.00153
-0.00151
-0.00149
-0.00148
-0.00146
-0.00144
-0.00141
-0.00139
-0.00136
-0.00133
-0.0013
-0.00127
-0.00124
-0.0012
-0.00117
-0.00113
-0.00109
-0.00105
-0.001
-0.00096
-0.00092
-0.00087
-0.00082
-0.00077
-0.00072
-0.00067
-0.00061
-0.00055
-0.00049
-0.00043
-0.00036
-0.00029
-0.00022
-0.00015
-7e-05
0.0
9e-05
0.00017
0.00026
0.00034
0.00044
0.00052
0.00062
0.00071
0.00081
0.00091
0.001
0.0011
0.00121
0.00131
0.00141
0.0015
0.00161
0.0017
0.00181
0.0019
0.002
0.00209
0.0022
0.00228
0.00237
0.00246
0.00255
0.00263
0.00272
0.0028
0.00288
0.00295
0.00302
0.00309
0.00317
0.00323
0.00329
0.00335
0.00341
0.00347
0.00352
0.00357
0.00362
0.00367
0.00371
0.00375
0.0038
0.00383
0.00387
0.0039
0.00394
0.00397
0.004
0.00402
0.00406
0.00408
0.0041
0.00412
0.00414
0.00416
0.00417
0.00419
0.0042
0.00421
0.00422
0.00422
0.00423
0.00423
0.00424
0.00423
0.00424
0.00424
0.00424
0.00423
0.00423
0.00422
0.00422
0.00421
0.00421
0.0042
0.0042
0.00419
0.00419
0.00418
0.00418
0.00417
0.00418
0.00417
0.00417
0.00417
0.00417
0.00417
0.00418
0.00418
0.00419
0.00418
0.0042
0.0042
0.00421
0.00421
0.00422
0.00422
0.00423
0.00423
0.00424
0.00424
0.00424
0.00424
0.00424
0.00423
0.00423
0.00421
0.0042
0.00419
0.00418
0.00415
0.00413
0.0041
0.00408
0.00405
0.00401
0.00397
0.00393
0.00389
0.00385
0.00381
0.00376
0.00371
0.00366
0.0036
0.00355
0.00349
0.00343
0.00337
0.00331
0.00324
0.00318
0.00311
0.00304
0.00296
0.00289
0.00282
0.00274
0.00266
0.00258
0.0025
0.00242
0.00232
0.00224
0.00214
0.00206
0.00196
0.00186
0.00176
0.00166
0.00156
0.00146
0.00136
0.00125
0.00114
0.00105
0.00094
0.00084
0.00073
0.00063
0.00053
0.00044
0.00034
0.00024
0.00015
6e-05
-3e-05
-0.00011
-0.00018
-0.00026
-0.00033
-0.0004
-0.00046
-0.00052
-0.00058
-0.00063
-0.00068
-0.00072
-0.00076
-0.0008
-0.00084
-0.00088
-0.00091
-0.00093
-0.00096
-0.00098
-0.00101
-0.00103
-0.00105
-0.00107
-0.00109
-0.00111
-0.00114
-0.00115
-0.00117
-0.00118
-0.0012
-0.00122
-0.00124
-0.00125
-0.00127
-0.00128
-0.0013
-0.00131
-0.00133
-0.00134
-0.00136
-0.00137
-0.00139
-0.00139
-0.00141
-0.00142
-0.00143
-0.00144
-0.00145
-0.00145
-0.00146
-0.00146
-0.00148
-0.00148
-0.00149
-0.0015
-0.00151
-0.00151
-0.00153
-0.00153
-0.00154
-0.00155
-0.00157
-0.00158
-0.00159
-0.00161
-0.00162
-0.00163
-0.00166
-0.00167
-0.00169
-0.0017
-0.00172
-0.00174
-0.00176
-0.00177
-0.00179
-0.0018
-0.00182
-0.00183
-0.00184
-0.00185
-0.00186
-0.00186
-0.00187
-0.00187
-0.00187
-0.00186
-0.00186
-0.00185
-0.00185
-0.00183
-0.00182
-0.0018
-0.00178
-0.00176
-0.00174
-0.00171
-0.00168
-0.00165
-0.00163
-0.00159
-0.00156
-0.00152
-0.00149
-0.00145
-0.00142
-0.00137
-0.00134
-0.0013
-0.00126
-0.00122
-0.00118
-0.00115
-0.00111
-0.00107
-0.00104
-0.001
-0.00096
-0.00092
-0.0009
-0.00086
-0.00083
-0.00079
-0.00076
-0.00073
-0.0007
-0.00067
-0.00064
-0.00061
-0.00058
-0.00054
-0.00052
-0.00048
-0.00045
-0.00041
-0.00038
-0.00034
-0.00031
-0.00027
-0.00023
-0.00019
-0.00014
-0.0001
-5e-05
1e-05
6e-05
0.00013
0.00018
0.00025
0.00031
0.00039
0.00046
0.00054
0.00062
0.00071
0.0008
0.00088
0.00098
0.00107
0.00118
0.00128
0.00139
0.0015
0.00161
0.00172
0.00184
0.00196
0.00207
0.00219
0.00231
0.00244
0.00255
0.00267
0.00279
0.00291
0.00302
0.00314
0.00325
0.00336
0.00346
0.00357
0.00367
0.00377
0.00386
0.00395
0.00403
0.00411
0.00418
0.00425
0.00431
0.00437
0.00442
0.00446
0.0045
0.00454
0.00456
0.00459
0.0046
0.00461
0.00461
0.00461
0.0046
0.0046
0.00458
0.00456
0.00454
0.00451
0.00448
0.00445
0.00441
0.00437
0.00432
0.00429
0.00424
0.00419
0.00414
0.00409
0.00404
0.00399
0.00393
0.00387
0.00382
0.00376
0.0037
0.00364
0.00358
0.00352
0.00345
0.00339
0.00333
0.00326
0.00319
0.00312
0.00304
0.00297
0.00289
0.00282
0.00273
0.00265
0.00257
0.00248
0.00239
0.00231
0.00221
0.00213
0.00203
0.00194
0.00184
0.00175
0.00166
0.00157
0.00148
0.00139
0.0013
0.00121
0.00112
0.00104
0.00096
0.00088
0.0008
0.00073
0.00066
0.0006
0.00053
0.00048
0.00041
0.00037
0.00032
0.00027
0.00022
0.00018
0.00014
0.00011
8e-05
6e-05
2e-05
0.0
-2e-05
-3e-05
-5e-05
-6e-05
-8e-05
-8e-05
-0.0001
-0.0001
-0.00011
-0.00011
-0.00011
-0.0001
-0.0001
-8e-05
-8e-05
-6e-05
-5e-05
-3e-05
-2e-05
1e-05
3e-05
7e-05
9e-05
0.00012
0.00016
0.00019
0.00023
0.00028
0.00032
0.00037
0.00041
0.00046
0.00051
0.00056
0.00061
0.00066
0.00071
0.00076
0.00081
0.00086
0.00091
0.00095
0.001
0.00104
0.00109
0.00113
0.00117
0.00121
0.00124
0.00129
0.00131
0.00135
0.00138
0.00142
0.00144
0.00147
0.00149
0.00152
0.00155
0.00158
0.0016
0.00163
0.00165
0.00168
0.00171
0.00174
0.00176
0.00179
0.00182
0.00185
0.00188
0.00191
0.00194
0.00196
0.002
0.00203
0.00206
0.00209
0.00212
0.00215
0.00218
0.00221
0.00223
0.00226
0.00228
0.00232
0.00234
0.00236
0.00238
0.00239
0.00242
0.00244
0.00245
0.00247
0.00248
0.0025
0.0025
0.00252
0.00252
0.00254
0.00254
0.00255
0.00255
0.00255
0.00255
0.00255
0.00255
0.00255
0.00255
0.00255
0.00253
0.00253
0.00251
0.0025
0.00248
0.00247
0.00244
0.00242
0.00239
0.00236
0.00233
0.00229
0.00226
0.00222
0.00218
0.00213
0.00208
0.00203
0.00197
0.00192
0.00185
0.0018
0.00173
0.00167
0.00159
0.00153
0.00145
0.00138
0.00131
0.00124
0.00116
0.00109
0.00101
0.00094
0.00086
0.0008
0.00072
0.00065
0.00057
0.00051
0.00043
0.00037
0.0003
0.00023
0.00017
0.0001
4e-05
-2e-05
-8e-05
-0.00013
-0.00019
-0.00025
-0.0003
-0.00035
-0.00041
-0.00045
-0.00051
-0.00055
-0.0006
-0.00065
-0.00069
-0.00073
-0.00077
-0.00081
-0.00086
-0.00089
-0.00092
-0.00095
-0.00099
-0.00101
-0.00105
-0.00106
-0.00109
-0.00111
-0.00113
-0.00115
-0.00117
-0.00118
-0.00119
-0.00119
-0.00121
-0.00121
-0.00121
-0.00121
-0.00121
-0.0012
-0.00121
-0.00119
-0.00119
-0.00118
-0.00118
-0.00117
-0.00115
-0.00114
-0.00113
-0.00111
-0.00111
-0.00109
-0.00108
-0.00106
-0.00105
-0.00104
-0.00103
-0.00101
-0.001
-0.00099
-0.00097
-0.00096
-0.00095
-0.00093
-0.00092
-0.0009
-0.00089
-0.00087
-0.00085
-0.00083
-0.00081
-0.00079
-0.00077
-0.00074
-0.00072
-0.00069
-0.00066
-0.00064
-0.00061
-0.00057
-0.00054
-0.0005
-0.00047
-0.00043
-0.0004
-0.00036
-0.00033
-0.00029
-0.00026
-0.00022
-0.00019
-0.00016
-0.00013
-0.0001
-7e-05
-4e-05
-2e-05
1e-05
3e-05
5e-05
7e-05
9e-05
0.0001
0.00011
0.00012
0.00013
0.00014
0.00014
0.00014
0.00014
0.00014
0.00014
0.00014
0.00013
0.00012
0.00012
0.0001
0.0001
8e-05
7e-05
5e-05
5e-05
3e-05
1e-05
-1e-05
-3e-05
-5e-05
-7e-05
-9e-05
-0.0001
-0.00013
-0.00015
-0.00017
-0.00019
-0.00022
-0.00024
-0.00026
-0.00028
-0.0003
-0.00032
-0.00034
-0.00036
-0.00037
-0.00039
-0.0004
-0.00041
-0.00043
-0.00043
-0.00044
-0.00044
-0.00046
-0.00046
-0.00047
-0.00046
-0.00047
-0.00047
-0.00047
-0.00047
-0.00047
-0.00046
-0.00046
-0.00046
-0.00046
-0.00046
-0.00046
-0.00045
-0.00046
-0.00046
-0.00047
-0.00047
-0.00047
-0.00048
-0.00049
-0.0005
-0.00051
-0.00052
-0.00053
-0.00054
-0.00057
-0.00058
-0.0006
-0.00061
-0.00064
-0.00065
-0.00068
-0.00069
-0.00072
-0.00075
-0.00077
-0.0008
-0.00082
-0.00085
-0.00087
-0.0009
-0.00093
-0.00095
-0.00098
-0.001
-0.00103
-0.00105
-0.00108
-0.0011
-0.00113
-0.00114
-0.00116
-0.00118
-0.00119
-0.0012
-0.00121
-0.00121
-0.00122
-0.00121
-0.00121
-0.0012
-0.00119
-0.00117
-0.00116
-0.00113
-0.00111
-0.00108
-0.00106
-0.00103
-0.00099
-0.00095
-0.00092
-0.00087
-0.00084
-0.0008
-0.00076
-0.00072
-0.00069
-0.00064
-0.00061
-0.00057
-0.00054
-0.0005
-0.00047
-0.00043
-0.00039
-0.00036
-0.00032
-0.00027
-0.00024
-0.00018
-0.00013
-7e-05
-2e-05
6e-05
0.00012
0.00021
0.0003
0.00039
0.0005
0.00061
0.00073
0.00086
0.00099
0.00114
0.00128
0.00144
0.0016
0.00177
0.00193
0.0021
0.00226
0.00244
0.00259
0.00275
0.00291
0.00305
0.00319
0.00332
0.00343
0.00354
0.00363
0.00371
0.00378
0.00383
0.00386
0.00389
0.00389
0.00389
0.00387
0.00383
0.00379
0.00373
0.00367
0.0036
0.00352
0.00344
0.00335
0.00326
0.00317
0.00308
0.00299
0.00291
0.00282
0.00275
0.00268
0.00262
0.00257
0.00252
0.00248
0.00246
0.00244
0.00243
0.00242
0.00243
0.00244
0.00246
0.00247
0.0025
0.00252
0.00256
0.00258
0.00261
0.00264
0.00266
0.00269
0.00271
0.00272
0.00273
0.00272
0.00271
0.0027
0.00268
0.00264
0.0026
0.00255
0.0025
0.00244
0.00237
0.00229
0.00221
0.00213
0.00205
0.00195
0.00187
0.00177
0.00168
0.00158
0.0015
0.00141
0.00133
0.00125
0.00119
0.00112
0.00106
0.00101
0.00096
0.00093
0.0009
0.00088
0.00088
0.00087
0.00088
0.00089
0.00091
0.00093
0.00097
0.001
0.00104
0.00108
0.00112
0.00117
0.00121
0.00125
0.00129
0.00133
0.00136
0.00138
0.00141
0.00142
0.00143
0.00142
0.00142
0.00139
0.00137
0.00133
0.00129
0.00123
0.00117
0.0011
0.00103
0.00094
0.00086
0.00076
0.00067
0.00057
0.00047
0.00036
0.00026
0.00016
7e-05
-3e-05
-0.00012
-0.00021
-0.00029
-0.00037
-0.00043
-0.0005
-0.00055
-0.0006
-0.00064
-0.00068
-0.0007
-0.00073
-0.00074
-0.00076
-0.00076
-0.00077
-0.00077
-0.00078
-0.00078
-0.00078
-0.00078
-0.00079
-0.00079
-0.00081
-0.00082
-0.00085
-0.00087
-0.0009
-0.00094
-0.00099
-0.00102
-0.00108
-0.00114
-0.0012
-0.00127
-0.00134
-0.00141
-0.00149
-0.00156
-0.00164
-0.00171
-0.00179
-0.00186
-0.00193
-0.00199
-0.00206
-0.0021
-0.00215
-0.00219
-0.00223
-0.00226
-0.00228
-0.00229
-0.00229
-0.00229
-0.00229
-0.00226
-0.00225
-0.00221
-0.00218
-0.00214
-0.00211
-0.00206
-0.00202
-0.00197
-0.00192
-0.00188
-0.00182
-0.00178
-0.00173
-0.00169
-0.00166
-0.00161
-0.00158
-0.00155
-0.00153
-0.0015
-0.00149
-0.00146
-0.00146
-0.00145
-0.00144
-0.00144
-0.00143
-0.00143
-0.00143
-0.00142
-0.00143
-0.00143
-0.00143
-0.00142
-0.00142
-0.00141
-0.00141
-0.0014
-0.00139
-0.00138
-0.00136
-0.00135
-0.00133
-0.00131
-0.00129
-0.00126
-0.00124
-0.00121
-0.00119
-0.00116
-0.00114
-0.00112
-0.0011
-0.00107
-0.00106
-0.00104
-0.00102
-0.00101
-0.001
-0.00099
-0.00098
-0.00097
-0.00098
-0.00097
-0.00097
-0.00097
-0.00098
-0.00099
-0.001
-0.001
-0.00101
-0.00101
-0.00102
-0.00103
-0.00103
-0.00103
-0.00103
-0.00103
-0.00103
-0.00102
-0.00102
-0.001
-0.00099
-0.00097
-0.00095
-0.00092
-0.0009
-0.00087
-0.00083
-0.0008
-0.00076
-0.00072
-0.00068
-0.00063
-0.00059
-0.00054
-0.00049
-0.00044
-0.00039
-0.00034
-0.00029
-0.00024
-0.00019
-0.00015
-0.0001
-6e-05
-1e-05
3e-05
7e-05
0.00012
0.00014
0.00019
0.00022
0.00025
0.00028
0.00031
0.00033
0.00036
0.00038
0.0004
0.00042
0.00043
0.00045
0.00046
0.00048
0.00049
0.00049
0.0005
0.00051
0.00051
0.00051
0.00051
0.00051
0.00051
0.0005
0.00049
0.00048
0.00047
0.00045
0.00044
0.00042
0.00039
0.00036
0.00034
0.0003
0.00027
0.00023
0.00019
0.00014
0.00011
6e-05
1e-05
-4e-05
-0.0001
-0.00015
-0.0002
-0.00026
-0.00031
-0.00038
-0.00043
-0.00049
-0.00054
-0.0006
-0.00065
-0.00071
-0.00075
-0.0008
-0.00085
-0.0009
-0.00095
-0.00099
-0.00103
-0.00106
-0.00109
-0.00114
-0.00116
-0.0012
-0.00122
-0.00125
-0.00127
-0.0013
-0.00132
-0.00134
-0.00136
-0.00138
-0.00139
-0.0014
-0.00141
-0.00142
-0.00142
-0.00144
-0.00143
-0.00144
-0.00143
-0.00143
-0.00142
-0.00142
-0.0014
-0.00138
-0.00136
-0.00134
-0.00131
-0.00128
-0.00124
-0.00119
-0.00115
-0.0011
-0.00104
-0.00099
-0.00091
