4.43586875311236E+02

-0.00374
-0.00377
-0.00379
-0.00381
-0.00381
-0.00383
-0.00383
-0.00384
-0.00384
-0.00383
-0.00382
-0.00381
-0.00378
-0.00377
-0.00374
-0.00371
-0.00368
-0.00365
-0.0036
-0.00357
-0.00351
-0.00347
-0.00342
-0.00336
-0.00331
-0.00324
-0.00318
-0.00311
-0.00304
-0.00298
-0.0029
-0.00283
-0.00274
-0.00267
-0.00258
-0.0025
-0.0024
-0.00231
-0.00222
-0.00212
-0.00202
-0.00192
-0.00181
-0.00169
-0.00158
-0.00146
-0.00134
-0.00121
-0.00108
-0.00095
-0.00081
-0.00068
-0.00054
-0.0004
-0.00025
-0.00011
4e-05
0.00019
0.00034
0.00049
0.00064
0.00078
0.00093
0.00107
0.00122
0.00135
0.00149
0.00162
0.00176
0.00188
0.002
0.00212
0.00223
0.00234
0.00245
0.00255
0.00265
0.00273
0.00282
0.0029
0.00298
0.00305
0.00312
0.00318
0.00325
0.0033
0.00335
0.0034
0.00345
0.00349
0.00353
0.00357
0.00361
0.00363
0.00366
0.00368
0.00371
0.00372
0.00374
0.00375
0.00377
0.00377
0.00378
0.00378
0.00378
0.00377
0.00377
0.00376
0.00375
0.00373
0.00371
0.00369
0.00367
0.00364
0.00362
0.00358
0.00356
0.00352
0.00349
0.00345
0.00341
0.00337
0.00333
0.00329
0.00325
0.0032
0.00317
0.00312
0.00308
0.00302
0.00298
0.00293
0.00288
0.00283
0.00278
0.00272
0.00267
0.00261
0.00256
0.0025
0.00244
0.00237
0.00232
0.00225
0.00219
0.00212
0.00206
0.00199
0.00193
0.00185
0.00179
0.00172
0.00165
0.00158
0.00152
0.00146
0.00139
0.00133
0.00127
0.00121
0.00116
0.0011
0.00106
0.001
0.00096
0.00092
0.00088
0.00084
0.0008
0.00077
0.00074
0.00072
0.00069
0.00066
0.00065
0.00062
0.00061
0.00059
0.00058
0.00056
0.00056
0.00054
0.00054
0.00052
0.00052
0.00051
0.00051
0.00051
0.00051
0.0005
0.00051
0.00051
0.00052
0.00053
0.00054
0.00055
0.00057
0.00059
0.0006
0.00062
0.00064
0.00067
0.0007
0.00073
0.00076
0.00079
0.00083
0.00085
0.00089
0.00092
0.00096
0.00099
0.00103
0.00105
0.00108
0.00111
0.00113
0.00116
0.00118
0.0012
0.00122
0.00123
0.00124
0.00125
0.00126
0.00126
0.00127
0.00127
0.00128
0.00127
0.00127
0.00127
0.00127
0.00127
0.00127
0.00127
0.00127
0.00126
0.00127
0.00127
0.00128
0.00128
0.00129
0.00129
0.00131
0.00131
0.00132
0.00133
0.00134
0.00135
0.00136
0.00137
0.00139
0.00139
0.0014
0.0014
0.00141
0.00141
0.00141
0.00141
0.00141
0.0014
0.00139
0.00138
0.00137
0.00136
0.00135
0.00134
0.00133
0.00131
0.00131
0.00129
0.00129
0.00127
0.00126
0.00125
0.00125
0.00124
0.00124
0.00124
0.00124
0.00125
0.00125
0.00126
0.00128
0.00128
0.0013
0.00132
0.00134
0.00135
0.00138
0.00139
0.00142
0.00144
0.00146
0.00148
0.0015
0.00153
0.00155
0.00157
0.0016
0.00161
0.00163
0.00164
0.00167
0.00168
0.0017
0.00171
0.00173
0.00174
0.00175
0.00176
0.00178
0.0018
0.00181
0.00183
0.00185
0.00186
0.00189
0.00191
0.00193
0.00195
0.00198
0.002
0.00204
0.00206
0.00209
0.00212
0.00216
0.00219
0.00223
0.00226
0.0023
0.00233
0.00237
0.0024
0.00244
0.00247
0.0025
0.00253
0.00256
0.00259
0.00261
0.00263
0.00265
0.00267
0.00269
0.0027
0.00272
0.00272
0.00273
0.00272
0.00273
0.00272
0.00271
0.0027
0.00269
0.00267
0.00264
0.00262
0.00259
0.00256
0.00253
0.00249
0.00246
0.00241
0.00236
0.00231
0.00227
0.00221
0.00216
0.00209
0.00204
0.00197
0.00191
0.00183
0.00176
0.00169
0.00162
0.00155
0.00147
0.00139
0.00131
0.00123
0.00115
0.00106
0.00098
0.00089
0.00082
0.00073
0.00064
0.00055
0.00046
0.00037
0.00029
0.0002
0.00011
1e-05
-7e-05
-0.00017
-0.00025
-0.00035
-0.00043
-0.00053
-0.00062
-0.00071
-0.0008
-0.00089
-0.00099
-0.00107
-0.00116
-0.00126
-0.00134
-0.00144
-0.00153
-0.00162
-0.0017
-0.0018
-0.00189
-0.00198
-0.00206
-0.00215
-0.00224
-0.00233
-0.00242
-0.0025
-0.00258
-0.00266
-0.00274
-0.00283
-0.0029
-0.00298
-0.00305
-0.00313
-0.00319
-0.00327
-0.00332
-0.00339
-0.00345
-0.00352
-0.00358
-0.00363
-0.00368
-0.00373
-0.00377
-0.00383
-0.00386
-0.00391
-0.00394
-0.00398
-0.00401
-0.00405
-0.00407
-0.00409
-0.00412
-0.00414
-0.00416
-0.00417
-0.00419
-0.0042
-0.0042
-0.00421
-0.00421
-0.00421
-0.0042
-0.0042
-0.00419
-0.00418
-0.00415
-0.00414
-0.00412
-0.00409
-0.00406
-0.00403
-0.00399
-0.00395
-0.0039
-0.00386
-0.0038
-0.00375
-0.00369
-0.00363
-0.00356
-0.0035
-0.00342
-0.00335
-0.00327
-0.00319
-0.00311
-0.00302
-0.00293
-0.00284
-0.00275
-0.00266
-0.00256
-0.00247
-0.00237
-0.00228
-0.00218
-0.00209
-0.00198
-0.00189
-0.00179
-0.0017
-0.00161
-0.00151
-0.00142
-0.00133
-0.00124
-0.00116
-0.00107
-0.00099
-0.0009
-0.00082
-0.00074
-0.00067
-0.00059
-0.00052
-0.00045
-0.00038
-0.00032
-0.00025
-0.00019
-0.00013
-6e-05
-1e-05
5e-05
0.0001
0.00016
0.00021
0.00026
0.0003
0.00036
0.0004
0.00044
0.00048
0.00052
0.00056
0.0006
0.00063
0.00067
0.00069
0.00073
0.00075
0.00078
0.00079
0.00082
0.00083
0.00085
0.00085
0.00086
0.00086
0.00087
0.00087
0.00087
0.00086
0.00085
0.00084
0.00083
0.00081
0.00079
0.00076
0.00074
0.00071
0.00069
0.00065
0.00062
0.00058
0.00054
0.0005
0.00046
0.00042
0.00038
0.00032
0.00028
0.00023
0.00019
0.00013
8e-05
2e-05
-2e-05
-8e-05
-0.00013
-0.00019
-0.00024
-0.0003
-0.00035
-0.0004
-0.00045
-0.00051
-0.00056
-0.00062
-0.00066
-0.00072
-0.00077
-0.00082
-0.00087
-0.00092
-0.00097
-0.00102
-0.00106
-0.00111
-0.00115
-0.00119
-0.00123
-0.00128
-0.00131
-0.00135
-0.00138
-0.00142
-0.00145
-0.00149
-0.00152
-0.00155
-0.00158
-0.00161
-0.00163
-0.00165
-0.00167
-0.00169
-0.0017
-0.00172
-0.00172
-0.00174
-0.00174
-0.00174
-0.00174
-0.00174
-0.00172
-0.00172
-0.0017
-0.00169
-0.00167
-0.00164
-0.00161
-0.00158
-0.00154
-0.00151
-0.00146
-0.00142
-0.00137
-0.00132
-0.00126
-0.00121
-0.00115
-0.00109
-0.00103
-0.00097
-0.0009
-0.00084
-0.00077
-0.0007
-0.00063
-0.00057
-0.0005
-0.00043
-0.00036
-0.0003
-0.00023
-0.00017
-9e-05
-3e-05
3e-05
9e-05
0.00015
0.00021
0.00028
0.00034
0.0004
0.00045
0.00052
0.00057
0.00064
0.00069
0.00075
0.00081
0.00087
0.00093
0.00098
0.00104
0.0011
0.00116
0.00121
0.00127
0.00133
0.00137
0.00143
0.00148
0.00154
0.00158
0.00163
0.00167
0.00171
0.00175
0.00178
0.00181
0.00184
0.00186
0.00189
0.00191
0.00193
0.00193
0.00194
0.00194
0.00195
0.00194
0.00194
0.00192
0.00192
0.0019
0.00188
0.00186
0.00183
0.00181
0.00179
0.00176
0.00173
0.0017
0.00167
0.00164
0.00161
0.00158
0.00155
0.00152
0.00149
0.00146
0.00143
0.0014
0.00137
0.00135
0.00133
0.0013
0.00128
0.00125
0.00123
0.0012
0.00119
0.00116
0.00114
0.00112
0.00111
0.00109
0.00107
0.00105
0.00104
0.00103
0.00102
0.00101
0.00101
0.00101
0.00101
0.00102
0.00103
0.00104
0.00107
0.00108
0.00112
0.00115
0.00119
0.00124
0.00129
0.00134
0.00141
0.00147
0.00155
0.00162
0.0017
0.00178
0.00187
0.00195
0.00204
0.00212
0.00222
0.00231
0.00239
0.00248
0.00256
0.00264
0.00272
0.00279
0.00287
0.00293
0.00299
0.00305
0.00311
0.00315
0.0032
0.00324
0.00329
0.00333
0.00337
0.00341
0.00345
0.0035
0.00356
0.00361
0.00367
0.00373
0.00381
0.00389
0.00399
0.00409
0.0042
0.00432
0.00446
0.0046
0.00475
0.00492
0.00509
0.00528
0.00547
0.00567
0.00589
0.0061
0.00633
0.00655
0.00679
0.00701
0.00725
0.00748
0.00772
0.00795
0.00818
0.00841
0.00863
0.00886
0.00908
0.00929
0.0095
0.0097
0.00991
0.0101
0.01031
0.0105
0.0107
0.01089
0.0111
0.0113
0.0115
0.01171
0.01193
0.01216
0.01239
0.01264
0.0129
0.01317
0.01345
0.01374
0.01406
0.01438
0.01473
0.01508
0.01546
0.01584
0.01624
0.01666
0.01708
0.01752
0.01798
0.01844
0.01892
0.0194
0.01989
0.02038
0.02089
0.02139
0.02191
0.02241
0.02293
0.02344
0.02395
0.02447
0.02497
0.02548
0.02599
0.02649
0.02699
0.02749
0.02798
0.02847
0.02896
0.02945
0.02994
0.03042
0.03091
0.03139
0.03188
0.03236
0.03286
0.03335
0.03385
0.03435
0.03486
0.03537
0.03588
0.0364
0.03694
0.03747
0.03801
0.03855
0.03911
0.03966
0.04022
0.04078
0.04135
0.04192
0.04249
0.04307
0.04364
0.04421
0.04478
0.04535
0.04592
0.04647
0.04703
0.04758
0.04812
0.04866
0.04918
0.0497
0.05021
0.05071
0.05121
0.05169
0.05217
0.05263
0.05309
0.05354
0.05399
0.05442
0.05485
0.05527
0.05569
0.05611
0.05651
0.05692
0.05733
0.05773
0.05813
0.05853
0.05893
0.05933
0.05973
0.06013
0.06053
0.06093
0.06134
0.06174
0.06214
0.06255
0.06295
0.06336
0.06376
0.06416
0.06456
0.06495
0.06534
0.06573
0.06611
0.06649
0.06686
0.06722
0.06758
0.06793
0.06827
0.0686
0.06892
0.06924
0.06955
0.06984
0.07013
0.07041
0.07068
0.07094
0.07119
0.07144
0.07168
0.07191
0.07213
0.07234
0.07256
0.07276
0.07295
0.07314
0.07333
0.07351
0.07369
0.07386
0.07403
0.07419
0.07435
0.0745
0.07465
0.0748
0.07493
0.07507
0.0752
0.07532
0.07544
0.07556
0.07566
0.07576
0.07586
0.07594
0.07602
0.0761
0.07616
0.07622
0.07627
0.07632
0.07635
0.07638
0.07639
0.07641
0.07641
0.0764
0.07639
0.07636
0.07634
0.0763
0.07625
0.0762
0.07614
0.07607
0.076
0.07592
0.07583
0.07574
0.07564
0.07554
0.07543
0.07531
0.07519
0.07507
0.07494
0.07481
0.07468
0.07454
0.07439
0.07425
0.0741
0.07395
0.0738
0.07365
0.07349
0.07334
0.07318
0.07302
0.07285
0.07269
0.07252
0.07235
0.07219
0.07201
0.07184
0.07166
0.07149
0.07131
0.07112
0.07094
0.07076
0.07057
0.07038
0.07018
0.06999
0.06979
0.06959
0.06938
0.06918
0.06897
0.06876
0.06855
0.06833
0.06812
0.0679
0.06768
0.06747
0.06724
0.06703
0.06681
0.06659
0.06637
0.06615
0.06594
0.06572
0.06551
0.0653
0.06509
0.06488
0.06468
0.06447
0.06427
0.06408
0.06388
0.06369
0.0635
0.06332
0.06313
0.06295
0.06277
0.06259
0.06241
0.06224
0.06206
0.06189
0.06172
0.06155
0.06137
0.06121
0.06104
0.06087
0.0607
0.06053
0.06036
0.0602
0.06003
0.05986
0.0597
0.05954
0.05937
0.05921
0.05905
0.0589
0.05874
0.05859
0.05844
0.0583
0.05815
0.05801
0.05788
0.05774
0.05761
0.05749
0.05736
0.05725
0.05713
0.05702
0.05692
0.05681
0.05671
0.05662
0.05652
0.05643
0.05635
0.05626
0.05618
0.0561
0.05602
0.05594
0.05586
0.05579
0.05571
0.05564
0.05557
0.05549
0.05542
0.05534
0.05527
0.05519
0.05512
0.05504
0.05496
0.05488
0.0548
0.05472
0.05464
0.05455
0.05447
0.05438
0.05429
0.05421
0.05412
0.05403
0.05393
0.05384
0.05375
0.05365
0.05356
0.05346
0.05337
0.05327
0.05317
0.05307
0.05297
0.05287
0.05276
0.05267
0.05256
0.05246
0.05235
0.05224
0.05213
0.05202
0.05191
0.0518
0.05168
0.05157
0.05144
0.05133
0.0512
0.05108
0.05095
0.05082
0.05069
0.05056
0.05042
0.05029
0.05014
0.05
0.04985
0.04971
0.04956
0.04941
0.04925
0.0491
0.04894
0.04878
0.04861
0.04845
0.04829
0.04812
0.04795
0.04778
0.04761
0.04744
0.04727
0.0471
0.04692
0.04675
0.04657
0.0464
0.04622
0.04605
0.04587
0.04569
0.04551
0.04534
0.04516
0.04498
0.0448
0.04462
0.04444
0.04426
0.04408
0.04389
0.04371
0.04352
0.04333
0.04315
0.04295
0.04276
0.04257
0.04237
0.04217
0.04197
0.04177
0.04156
0.04135
0.04114
0.04094
0.04072
0.0405
0.04029
0.04006
0.03984
0.03961
0.03939
0.03916
0.03893
0.03869
0.03846
0.03822
0.03799
0.03775
0.03751
0.03728
0.03704
0.03679
0.03655
0.03631
0.03607
0.03583
0.03559
0.03534
0.03511
0.03486
0.03462
0.03438
0.03414
0.03391
0.03367
0.03343
0.03319
0.03295
0.03272
0.03248
0.03225
0.03201
0.03177
0.03154
0.03131
0.03107
0.03084
0.0306
0.03037
0.03014
0.02991
0.02968
0.02945
0.02921
0.02899
0.02876
0.02853
0.0283
0.02807
0.02784
0.02762
0.02739
0.02717
0.02695
0.02673
0.02651
0.02629
0.02608
0.02587
0.02565
0.02545
0.02524
0.02504
0.02484
0.02464
0.02444
0.02425
0.02406
0.02388
0.02369
0.02351
0.02334
0.02317
0.023
0.02284
0.02267
0.02252
0.02236
0.02221
0.02206
0.02192
0.02177
0.02164
0.0215
0.02137
0.02124
0.02112
0.02099
0.02087
0.02076
0.02064
0.02053
0.02042
0.02031
0.02021
0.0201
0.02
0.0199
0.01981
0.01971
0.01962
0.01953
0.01945
0.01936
0.01928
0.01921
0.01913
0.01906
0.01899
0.01893
0.01887
0.01881
0.01875
0.0187
0.01865
0.01861
0.01857
0.01853
0.01849
0.01846
0.01844
0.01842
0.0184
0.01838
0.01837
0.01835
0.01835
0.01834
0.01834
0.01834
0.01834
0.01834
0.01835
0.01835
0.01836
0.01837
0.01837
0.01838
0.01839
0.0184
0.01841
0.01842
0.01843
0.01844
0.01845
0.01845
0.01846
0.01846
0.01847
0.01847
0.01848
0.01848
0.01848
0.01849
0.01849
0.01849
0.0185
0.0185
0.0185
0.0185
0.0185
0.0185
0.01851
0.01851
0.01851
0.01851
0.01851
0.01851
0.01851
0.01851
0.01851
0.0185
0.0185
0.01849
0.01848
0.01847
0.01846
0.01844
0.01843
0.01841
0.01839
0.01837
0.01835
0.01832
0.0183
0.01827
0.01824
0.01821
0.01818
0.01815
0.01812
0.01809
0.01806
0.01802
0.018
0.01797
0.01794
0.01792
0.01789
0.01787
0.01786
0.01784
0.01783
0.01781
0.01781
0.0178
0.0178
0.01779
0.0178
0.01779
0.0178
0.0178
0.0178
0.0178
0.01781
0.01781
0.01781
0.01781
0.01781
0.0178
0.0178
0.01778
0.01777
0.01775
0.01773
0.0177
0.01768
0.01764
0.0176
0.01756
0.01751
0.01747
0.01742
0.01736
0.01731
0.01724
0.01718
0.01711
0.01705
0.01697
0.01691
0.01683
0.01676
0.01669
0.01661
0.01654
0.01646
0.01639
0.01632
0.01624
0.01617
0.01609
0.01602
0.01594
0.01587
0.01579
0.01571
0.01563
0.01556
0.01548
0.0154
0.01532
0.01523
0.01515
0.01506
0.01497
0.01489
0.01479
0.0147
0.01461
0.01451
0.01441
0.01432
0.01421
0.01411
0.01401
0.01391
0.0138
0.01369
0.01359
0.01348
0.01337
0.01327
0.01315
0.01305
0.01294
0.01283
0.01272
0.01261
0.0125
0.01239
0.01228
0.01217
0.01206
0.01194
0.01183
0.01172
0.01161
0.0115
0.01138
0.01128
0.01116
0.01106
0.01094
0.01084
0.01072
0.01062
0.01051
0.0104
0.0103
0.01019
0.01009
0.01
0.0099
0.00981
0.00971
0.00963
0.00954
0.00947
0.00938
0.00931
0.00923
0.00917
0.0091
0.00904
0.00898
0.00893
0.00887
0.00883
0.00878
0.00874
0.0087
0.00866
0.00862
0.0086
0.00856
0.00854
0.0085
0.00849
0.00846
0.00844
0.00841
0.00839
0.00837
0.00836
0.00834
0.00833
0.00831
0.0083
0.00828
0.00827
0.00825
0.00824
0.00822
0.00822
0.0082
0.00819
0.00817
0.00815
0.00814
0.00813
0.00811
0.0081
0.00807
0.00806
0.00804
0.00802
0.00799
0.00797
0.00794
0.00792
0.00788
0.00785
0.00781
0.00777
0.00774
0.0077
0.00766
0.00761
0.00756
0.00751
0.00745
0.0074
0.00734
0.00728
0.00721
0.00715
0.00708
0.00701
0.00693
0.00686
0.00678
0.0067
0.00662
0.00654
0.00645
0.00636
0.00627
0.00618
0.00609
0.00599
0.00589
0.0058
0.0057
0.0056
0.0055
0.0054
0.0053
0.0052
0.0051
0.005
0.0049
0.0048
0.0047
0.00461
0.00451
0.00441
0.00431
0.00423
0.00413
0.00404
0.00395
0.00386
0.00378
0.00369
0.00361
0.00353
0.00344
0.00337
0.00329
0.00321
0.00313
0.00306
0.00298
0.00291
0.00283
0.00275
0.00268
0.0026
0.00252
0.00245
0.00237
0.0023
0.00222
0.00215
0.00208
0.00201
0.00193
0.00187
0.0018
0.00174
0.00167
0.00161
0.00156
0.0015
0.00146
0.00142
0.00138
0.00135
0.00131
0.0013
0.00128
0.00127
0.00126
0.00127
0.00127
0.00129
0.00131
0.00133
0.00136
0.00139
0.00144
0.00148
0.00153
0.00159
0.00163
0.0017
0.00175
0.00182
0.00188
0.00194
0.002
0.00207
0.00213
0.00219
0.00224
0.0023
0.00235
0.00241
0.00246
0.0025
0.00254
0.00259
0.00262
0.00266
0.00269
0.00272
0.00274
0.00277
0.00279
0.0028
0.00282
0.00283
0.00284
0.00285
0.00286
0.00286
0.00286
0.00287
0.00287
0.00288
0.00287
0.00287
0.00287
0.00287
0.00287
0.00287
0.00286
0.00286
0.00286
0.00286
0.00286
0.00287
0.00286
0.00286
0.00286
0.00287
0.00287
0.00287
0.00287
0.00288
0.00289
0.00289
0.0029
0.00291
0.00292
0.00293
0.00294
0.00295
0.00296
0.00297
0.00298
0.003
0.00301
0.00303
0.00304
0.00306
0.00306
0.00308
0.00309
0.0031
0.00311
0.00312
0.00313
0.00315
0.00315
0.00317
0.00317
0.00318
0.00318
0.00319
0.00319
0.00321
0.00321
0.00321
0.00321
0.00322
0.00322
0.00323
0.00324
0.00324
0.00324
0.00325
0.00326
0.00327
0.00327
0.00328
0.00328
0.0033
0.0033
0.00331
0.00331
0.00332
0.00333
0.00334
0.00334
0.00335
0.00335
0.00336
0.00336
0.00336
0.00336
0.00336
0.00336
0.00336
0.00335
0.00335
0.00334
0.00333
0.00332
0.00331
0.0033
0.00329
0.00327
0.00326
0.00324
0.00323
0.00321
0.00319
0.00317
0.00316
0.00313
0.00311
0.00309
0.00307
0.00305
0.00303
0.00301
0.00299
0.00296
0.00294
0.00291
0.00289
0.00285
0.00283
0.0028
0.00278
0.00275
0.00272
0.00269
0.00266
0.00263
0.0026
0.00257
0.00255
0.00251
0.00249
0.00246
0.00244
0.00241
0.00239
0.00236
0.00234
0.00232
0.0023
0.00228
0.00226
0.00224
0.00222
0.00221
0.00219
0.00217
0.00216
0.00214
0.00213
0.0021
0.00209
0.00207
0.00205
0.00203
0.002
0.00198
0.00195
0.00193
0.0019
0.00187
0.00185
0.00181
0.00179
0.00175
0.00173
0.0017
0.00168
0.00164
0.00163
0.0016
0.00159
0.00157
0.00156
0.00156
0.00156
0.00156
0.00157
0.00158
0.00161
0.00163
0.00166
0.00169
0.00173
0.00177
0.00183
0.00188
0.00194
0.00199
0.00206
0.00212
0.0022
0.00226
0.00234
0.00241
0.00248
0.00255
0.00263
0.0027
0.00277
0.00283
0.00291
0.00297
0.00303
0.00309
0.00315
0.00321
0.00326
0.00332
0.00337
0.00342
0.00347
0.00352
0.00357
0.00361
0.00367
0.00371
0.00376
0.0038
0.00385
0.0039
0.00394
0.00399
0.00405
0.00409
0.00414
0.00419
0.00424
0.00428
0.00434
0.00437
0.00442
0.00446
0.0045
0.00454
0.00457
0.0046
0.00463
0.00465
0.00467
0.00469
0.0047
0.00469
0.0047
0.00469
0.00468
0.00466
0.00464
0.00461
0.00458
0.00454
0.00449
0.00444
0.00439
0.00433
0.00427
0.0042
0.00414
0.00406
0.00398
0.0039
0.00382
0.00373
0.00364
0.00355
0.00346
0.00336
0.00327
0.00317
0.00307
0.00297
0.00287
0.00277
0.00268
0.00257
0.00247
0.00237
0.00227
0.00217
0.00207
0.00196
0.00187
0.00177
0.00168
0.00158
0.00148
0.00139
0.0013
0.00121
0.00113
0.00104
0.00096
0.00088
0.0008
0.00072
0.00065
0.00058
0.00052
0.00045
0.00039
0.00033
0.00028
0.00023
0.00018
0.00014
0.0001
6e-05
3e-05
-0.0
-2e-05
-5e-05
-7e-05
-9e-05
-0.0001
-0.00011
-0.00012
-0.00013
-0.00013
-0.00013
-0.00012
-0.00012
-0.00011
-0.00011
-9e-05
-8e-05
-7e-05
-6e-05
-4e-05
-3e-05
-0.0
1e-05
3e-05
5e-05
7e-05
9e-05
0.00011
0.00013
0.00015
0.00016
0.00019
0.0002
0.00023
0.00024
0.00026
0.00027
0.0003
0.00031
0.00032
0.00034
0.00035
0.00036
0.00037
0.00039
0.0004
0.0004
0.00042
0.00042
0.00043
0.00044
0.00044
0.00044
0.00046
0.00046
0.00046
0.00046
0.00046
0.00047
0.00047
0.00047
0.00048
0.00047
0.00048
0.00047
0.00048
0.00047
0.00047
0.00046
0.00047
0.00046
0.00045
0.00044
0.00043
0.00043
0.00042
0.00041
0.00039
0.00037
0.00036
0.00034
0.00032
0.0003
0.00028
0.00024
0.00023
0.0002
0.00017
0.00014
0.00011
8e-05
5e-05
2e-05
-1e-05
-5e-05
-7e-05
-0.0001
-0.00013
-0.00016
-0.00018
-0.00021
-0.00023
-0.00026
-0.00028
-0.0003
-0.00032
-0.00033
-0.00034
-0.00036
-0.00037
-0.00038
-0.00038
-0.00039
-0.00039
-0.0004
-0.00039
-0.0004
-0.00039
-0.00038
-0.00038
-0.00037
-0.00036
-0.00034
-0.00032
-0.00031
-0.00028
-0.00027
-0.00024
-0.00021
-0.00018
-0.00015
-0.00011
-8e-05
-3e-05
1e-05
6e-05
0.00011
0.00016
0.00022
0.00028
0.00034
0.00041
0.00047
0.00054
0.0006
0.00068
0.00074
0.00081
0.00088
0.00095
0.00102
0.00109
0.00115
0.00121
0.00128
0.00134
0.0014
0.00146
0.0015
0.00156
0.0016
0.00164
0.00168
0.00172
0.00174
0.00178
0.0018
0.00182
0.00183
0.00184
0.00185
0.00186
0.00186
0.00186
0.00185
0.00185
0.00183
0.00182
0.0018
0.00178
0.00174
0.00172
0.00168
0.00164
0.0016
0.00156
0.00151
0.00146
0.0014
0.00134
0.00128
0.00121
0.00114
0.00107
0.00099
0.00092
0.00083
0.00075
0.00066
0.00057
0.00048
0.00039
0.0003
0.00021
0.00012
3e-05
-7e-05
-0.00015
-0.00024
-0.00032
-0.00042
-0.0005
-0.00058
-0.00065
-0.00073
-0.00081
-0.00088
-0.00095
-0.00101
-0.00107
-0.00113
-0.00119
-0.00125
-0.0013
-0.00135
-0.00139
-0.00144
-0.00148
-0.00153
-0.00156
-0.00161
-0.00164
-0.00168
-0.00172
-0.00175
-0.00178
-0.00181
-0.00184
-0.00188
-0.0019
-0.00193
-0.00195
-0.00199
-0.00201
-0.00204
-0.00205
-0.00208
-0.0021
-0.00212
-0.00214
-0.00216
-0.00217
-0.00218
-0.00219
-0.00221
-0.00221
-0.00222
-0.00222
-0.00223
-0.00222
-0.00223
-0.00222
-0.00222
-0.00221
-0.0022
-0.00219
-0.00218
-0.00216
-0.00214
-0.00212
-0.0021
-0.00207
-0.00204
-0.00201
-0.00198
-0.00194
-0.00191
-0.00186
-0.00182
-0.00178
-0.00174
-0.00169
-0.00163
-0.00158
-0.00152
-0.00146
-0.0014
-0.00133
-0.00127
-0.0012
-0.00114
-0.00106
-0.001
-0.00091
-0.00084
-0.00076
-0.00068
-0.00061
-0.00052
-0.00044
-0.00035
-0.00026
-0.00018
-9e-05
-0.0
0.0001
0.00018
0.00028
0.00037
0.00047
0.00057
0.00067
0.00076
0.00086
0.00096
0.00107
0.00117
0.00127
0.00137
0.00147
0.00157
0.00168
0.00177
0.00188
0.00197
0.00208
0.00217
0.00226
0.00235
0.00244
0.00253
0.00262
0.0027
0.00279
0.00286
0.00294
0.00301
0.00308
0.00314
0.00321
0.00327
0.00334
0.00339
0.00344
0.00349
0.00354
0.00359
0.00364
0.00369
0.00374
0.00377
0.00382
0.00386
0.00391
0.00394
0.00399
0.00402
0.00407
0.0041
0.00414
0.00418
0.00421
0.00425
0.00429
0.00433
0.00437
0.00439
0.00443
0.00446
0.00449
0.00451
0.00455
0.00456
0.00459
0.00461
0.00462
0.00464
0.00465
0.00466
0.00467
0.00468
0.00468
0.00468
0.00468
0.00467
0.00468
0.00466
0.00466
0.00464
0.00464
0.00463
0.00461
0.0046
0.00459
0.00457
0.00456
0.00455
0.00454
0.00451
0.0045
0.00448
0.00447
0.00445
0.00444
0.00441
0.0044
0.00438
0.00436
0.00433
0.00431
0.00428
0.00425
0.00423
0.0042
0.00416
0.00412
0.00408
0.00405
0.00399
0.00395
0.00389
0.00385
0.00379
0.00373
0.00367
0.0036
0.00354
0.00347
0.00339
0.00332
0.00324
0.00316
0.00308
0.003
0.0029
0.00282
0.00272
0.00263
0.00253
0.00243
0.00233
0.00222
0.00211
0.00201
0.00189
0.00179
0.00166
0.00155
0.00143
0.00131
0.00118
0.00106
0.00092
0.0008
0.00067
0.00053
0.00039
0.00025
0.00012
-2e-05
-0.00016
-0.00029
-0.00044
-0.00057
-0.00071
-0.00085
-0.00099
-0.00112
-0.00126
-0.00139
-0.00152
-0.00165
-0.00178
-0.0019
-0.00202
-0.00214
-0.00225
-0.00235
-0.00246
-0.00256
-0.00266
-0.00274
-0.00283
-0.00291
-0.00299
-0.00306
-0.00313
-0.00319
-0.00324
-0.0033
-0.00334
-0.00338
-0.00341
-0.00343
-0.00346
-0.00347
-0.00349
-0.00349
-0.0035
-0.0035
-0.0035
-0.00347
-0.00346
-0.00344
-0.00342
-0.0034
-0.00336
-0.00333
-0.00329
-0.00324
-0.00321
-0.00315
-0.00311
-0.00305
-0.003
-0.00294
-0.00288
-0.00281
-0.00275
-0.00268
-0.00261
-0.00254
-0.00247
-0.00239
-0.00231
-0.00223
-0.00215
-0.00206
-0.00198
-0.00188
-0.00179
-0.00169
-0.0016
-0.00149
-0.00139
-0.00129
-0.00118
-0.00107
-0.00095
-0.00083
-0.00071
-0.00059
-0.00047
-0.00034
-0.00021
-8e-05
5e-05
0.00018
0.00031
0.00045
0.00058
0.00072
0.00085
0.00098
0.00112
0.00125
0.00138
0.00152
0.00164
0.00177
0.00189
0.00202
0.00213
0.00226
0.00237
0.00249
0.00259
0.0027
0.0028
0.0029
0.003
0.0031
0.00319
0.00329
0.00337
0.00346
0.00354
0.00362
0.0037
0.00378
0.00384
0.00392
0.00398
0.00404
0.0041
0.00416
0.00421
0.00427
0.00432
0.00436
0.00439
0.00444
0.00447
0.0045
0.00452
0.00454
0.00455
0.00457
0.00457
0.00458
0.00457
0.00456
0.00455
0.00454
0.00452
0.00449
0.00446
0.00443
0.00439
0.00436
0.00431
0.00427
0.00422
0.00417
0.00412
0.00407
0.00401
0.00396
0.0039
0.00385
0.0038
0.00374
0.00368
0.00363
0.00358
0.00353
0.00347
0.00343
0.00337
0.00333
0.00328
0.00323
0.00319
0.00314
0.00309
0.00305
0.003
0.00296
0.00291
0.00286
0.00281
0.00276
0.0027
0.00266
0.00259
0.00254
0.00248
0.00242
0.00235
0.00229
0.00223
0.00216
0.00209
0.00202
0.00195
0.00188
0.00181
0.00174
0.00166
0.0016
0.00152
0.00146
0.00138
0.00132
0.00125
0.00118
0.00112
0.00106
0.001
0.00094
0.00088
0.00083
0.00077
0.00073
0.00067
0.00062
0.00057
0.00054
0.00049
0.00044
0.0004
0.00035
0.00032
0.00028
0.00024
0.0002
0.00016
0.00012
9e-05
6e-05
1e-05
-2e-05
-5e-05
-7e-05
-0.00011
-0.00013
-0.00016
-0.00018
-0.0002
-0.00021
-0.00023
-0.00023
-0.00025
-0.00024
-0.00025
-0.00023
-0.00023
-0.00021
-0.0002
-0.00017
-0.00015
-0.00012
-9e-05
-5e-05
-1e-05
3e-05
7e-05
0.00012
0.00016
0.00021
0.00026
0.00031
0.00036
0.00041
0.00045
0.0005
0.00055
0.00059
0.00063
0.00067
0.00071
0.00074
0.00078
0.00081
0.00083
0.00086
0.00088
0.00091
0.00092
0.00094
0.00095
0.00097
0.00097
0.00098
0.00099
0.00099
0.001
0.00101
0.00101
0.00102
0.00102
0.00103
0.00102
0.00103
0.00102
0.00103
0.00102
0.00103
0.00102
0.00101
0.00101
0.001
0.00099
0.00099
0.00098
0.00097
0.00094
0.00093
0.00091
0.00089
0.00086
0.00084
0.00081
0.00078
0.00074
0.00071
0.00067
0.00062
0.00058
0.00054
0.00049
0.00045
0.00039
0.00034
0.00029
0.00024
0.00018
0.00013
7e-05
3e-05
-3e-05
-8e-05
-0.00014
-0.00019
-0.00024
-0.00028
-0.00033
-0.00037
-0.00042
-0.00045
-0.00049
-0.00052
-0.00056
-0.00059
-0.00062
-0.00064
-0.00067
-0.00069
-0.00071
-0.00073
-0.00074
-0.00076
-0.00077
-0.00077
-0.00078
-0.00078
-0.00079
-0.00079
-0.00079
-0.00079
-0.00079
-0.00078
-0.00077
-0.00076
-0.00076
-0.00075
-0.00074
-0.00072
-0.0007
-0.00068
-0.00068
-0.00065
-0.00064
-0.00061
-0.00059
-0.00056
-0.00055
-0.00051
-0.00049
-0.00046
-0.00043
-0.0004
-0.00036
-0.00032
-0.00028
-0.00024
-0.00021
-0.00016
-0.00012
-7e-05
-3e-05
2e-05
6e-05
0.00012
0.00017
0.00022
0.00026
0.00032
0.00037
0.00043
0.00048
0.00054
0.00059
0.00065
0.0007
0.00076
0.00082
0.00088
0.00093
0.00099
0.00105
0.00111
0.00117
0.00122
0.00129
0.00135
0.00141
0.00148
0.00153
0.0016
0.00167
0.00174
0.0018
0.00187
0.00194
0.00202
0.00208
0.00216
0.00223
0.0023
0.00238
0.00245
0.00253
0.00261
0.00268
0.00275
0.00282
0.0029
0.00297
0.00304
0.0031
0.00317
0.00323
0.00329
0.00334
0.00339
0.00345
0.00349
0.00354
0.00358
0.0036
0.00364
0.00366
0.00369
0.0037
0.00372
0.00373
0.00374
0.00374
0.00374
0.00373
0.00373
0.00372
0.00371
0.0037
0.00369
0.00366
0.00365
0.00362
0.0036
0.00358
0.00356
0.00352
0.0035
0.00347
0.00345
0.00341
0.00338
0.00335
0.00332
0.00329
0.00326
0.00322
0.00318
0.00314
0.00311
0.00306
0.00302
0.00297
0.00293
0.00288
0.00283
0.00278
0.00273
0.00268
0.00263
0.00257
0.00252
0.00246
0.00241
0.00235
0.0023
0.00223
0.00218
0.00212
0.00207
0.00201
0.00196
0.00191
0.00185
0.00181
0.00176
0.00171
0.00167
0.00162
0.00158
0.00154
0.0015
0.00145
0.00141
0.00136
0.00133
0.00129
0.00124
0.0012
0.00115
0.00111
0.00107
0.00102
0.00097
0.00092
0.00087
0.00081
0.00076
0.00071
0.00065
0.00059
0.00054
0.00048
0.00042
0.00036
0.0003
0.00024
0.00018
0.00012
7e-05
0.0
-5e-05
-0.00011
-0.00015
-0.00021
-0.00025
-0.00031
-0.00034
-0.00039
-0.00043
-0.00047
-0.00051
-0.00054
-0.00057
-0.00061
-0.00063
-0.00066
-0.00068
-0.0007
-0.00072
-0.00074
-0.00075
-0.00077
-0.00077
-0.00078
-0.00078
-0.00078
-0.00078
-0.00077
-0.00076
-0.00074
-0.00072
-0.0007
-0.00067
-0.00065
-0.00061
-0.00058
-0.00053
-0.0005
-0.00044
-0.00039
-0.00034
-0.00028
-0.00022
-0.00016
-0.0001
-3e-05
4e-05
0.0001
0.00017
0.00023
0.00031
0.00037
0.00044
0.00049
0.00057
0.00062
0.00068
0.00073
0.00079
0.00084
0.00089
0.00093
0.00098
0.00101
0.00106
0.00109
0.00113
0.00116
0.00119
0.00122
0.00125
0.00128
0.00131
0.00133
0.00136
0.00139
0.00142
0.00144
0.00147
0.00149
0.00153
0.00155
0.00158
0.0016
0.00163
0.00165
0.00168
0.0017
0.00172
0.00174
0.00175
0.00177
0.00179
0.0018
0.00181
0.00181
0.00182
0.00182
0.00182
0.00181
0.00181
0.00179
0.00179
0.00177
0.00175
0.00173
0.00171
0.00169
0.00167
0.00165
0.00163
0.0016
0.00158
0.00155
0.00153
0.0015
0.00148
0.00145
0.00144
0.00141
0.00139
0.00137
0.00135
0.00133
0.00131
0.00129
0.00128
0.00125
0.00124
0.00121
0.0012
0.00117
0.00115
0.00112
0.00111
0.00108
0.00105
0.00102
0.00099
0.00096
0.00094
0.00091
0.00087
0.00083
0.00081
0.00077
0.00074
0.0007
0.00067
0.00062
0.0006
0.00056
0.00052
0.00049
0.00046
0.00043
0.0004
0.00037
0.00035
0.00031
0.0003
0.00027
0.00025
0.00023
0.00022
0.00019
0.00019
0.00017
0.00016
0.00015
0.00013
0.00013
0.00012
0.00012
0.00012
0.00011
0.00011
0.0001
0.00011
0.0001
0.0001
0.0001
0.00011
0.0001
0.00011
0.00011
0.00011
0.00011
0.00012
0.00012
0.00013
0.00013
0.00014
0.00015
0.00016
0.00017
0.00018
0.00018
0.0002
0.00021
0.00022
0.00023
0.00025
0.00026
0.00028
0.0003
0.00032
0.00033
0.00036
0.00037
0.0004
0.00042
0.00045
0.00047
0.00051
0.00053
0.00057
0.0006
0.00063
0.00067
0.00071
0.00075
0.0008
0.00084
0.00089
0.00094
0.001
0.00105
0.00112
0.00117
0.00124
0.00131
0.00137
0.00144
0.00151
0.00159
0.00167
0.00175
0.00183
0.0019
0.00198
0.00206
0.00214
0.00222
0.0023
0.00237
0.00245
0.00252
0.00259
0.00266
0.00272
0.00278
0.00284
0.0029
0.00295
0.00299
0.00304
0.00307
0.00311
0.00314
0.00317
0.00318
0.00321
0.00322
0.00322
0.00323
0.00323
0.00323
0.00323
0.00322
0.00321
0.00319
0.00318
0.00316
0.00315
0.00312
0.0031
0.00307
0.00306
0.00303
0.003
0.00297
0.00294
0.00292
0.00289
0.00286
0.00283
0.00279
0.00276
0.00273
0.0027
0.00266
0.00262
0.00258
0.00255
0.0025
0.00246
0.00242
0.00237
0.00233
0.00228
0.00223
0.00219
0.00213
0.00209
0.00204
0.00199
0.00194
0.00189
0.00184
0.0018
0.00175
0.00171
0.00166
0.00162
0.00158
0.00155
0.00152
0.00149
0.00146
0.00144
0.00142
0.00141
0.00138
0.00138
0.00136
0.00136
0.00136
0.00136
0.00135
0.00136
0.00136
0.00137
0.00138
0.00139
0.00139
0.00141
0.00142
0.00144
0.00144
0.00146
0.00147
0.00149
0.0015
0.00151
0.00153
0.00154
0.00156
0.00158
0.0016
0.00162
0.00163
0.00166
0.00168
0.00171
0.00173
0.00176
0.00178
0.00182
0.00185
0.00189
0.00192
0.00196
0.002
0.00205
0.00209
0.00214
0.00218
0.00224
0.00228
0.00233
0.00238
0.00243
0.00247
0.00252
0.00257
0.00261
0.00265
0.00269
0.00273
0.00277
0.0028
0.00284
0.00286
0.00289
0.00291
0.00294
0.00295
0.00297
0.00297
0.00299
0.00299
0.00299
0.00299
0.00299
0.00298
0.00298
0.00297
0.00296
0.00294
0.00293
0.00291
0.0029
0.00287
0.00285
0.00282
0.0028
0.00276
0.00273
0.0027
0.00266
0.00262
0.00258
0.00254
0.00249
0.00243
0.00239
0.00233
0.00228
0.00221
0.00216
0.00209
0.00203
0.00196
0.00189
0.00182
0.00174
0.00167
0.0016
0.00153
0.00146
0.00138
0.00132
0.00124
0.00118
0.0011
0.00104
0.00097
0.00092
0.00085
0.00079
0.00074
0.00068
0.00063
0.00059
0.00055
0.00051
0.00046
0.00044
0.0004
0.00038
0.00035
0.00033
0.00031
0.0003
0.00029
0.00028
0.00027
0.00026
0.00027
0.00027
0.00028
0.00029
0.0003
0.00032
0.00034
0.00036
0.00038
0.00042
0.00044
0.00049
0.00052
0.00056
0.0006
0.00064
0.00069
0.00074
0.00079
0.00085
0.00089
0.00095
0.001
0.00106
0.0011
0.00116
0.0012
0.00126
0.00131
0.00135
0.00139
0.00143
0.00147
0.0015
0.00153
0.00156
0.00158
0.0016
0.00162
0.00163
0.00163
0.00164
0.00164
0.00164
0.00163
0.00162
0.0016
0.00158
0.00156
0.00154
0.00152
0.00149
0.00145
0.00143
0.00139
0.00136
0.00131
0.00128
0.00123
0.00119
0.00114
0.0011
0.00105
0.001
0.00095
0.00091
0.00085
0.00081
0.00075
0.0007
0.00064
0.0006
0.00054
0.00049
0.00043
0.00039
0.00033
0.00028
0.00023
0.00018
0.00013
9e-05
4e-05
0.0
-5e-05
-8e-05
-0.00012
-0.00015
-0.00019
-0.00021
-0.00025
-0.00026
-0.00029
-0.00031
-0.00033
-0.00034
-0.00035
-0.00036
-0.00037
-0.00037
-0.00038
-0.00038
-0.00038
-0.00037
-0.00037
-0.00036
-0.00036
-0.00034
-0.00033
-0.00032
-0.0003
-0.00029
-0.00027
-0.00025
-0.00022
-0.00019
-0.00017
-0.00014
-0.00011
-7e-05
-4e-05
0.0
4e-05
9e-05
0.00013
0.00018
0.00023
0.00028
0.00033
0.00039
0.00045
0.00051
0.00056
0.00062
0.00068
0.00074
0.0008
0.00086
0.00091
0.00097
0.00102
0.00107
0.00112
0.00117
0.00121
0.00126
0.0013
0.00133
0.00136
0.00139
0.00141
0.00144
0.00145
0.00147
0.00147
0.00149
0.00148
0.00148
0.00148
0.00147
0.00146
0.00145
0.00143
0.00141
0.00138
0.00136
0.00133
0.0013
0.00126
0.00123
0.00118
0.00115
0.0011
0.00106
0.00101
0.00095
0.0009
0.00085
0.00079
0.00074
0.00067
0.00061
0.00055
0.00048
0.00041
0.00035
0.00027
0.00021
0.00013
6e-05
-2e-05
-9e-05
-0.00017
-0.00024
-0.00031
-0.00038
-0.00046
-0.00053
-0.00061
-0.00068
-0.00076
-0.00082
-0.0009
-0.00096
-0.00103
-0.00109
-0.00116
-0.00122
-0.00128
-0.00134
-0.0014
-0.00145
-0.00151
-0.00155
-0.00161
-0.00165
-0.0017
-0.00174
-0.00179
-0.00182
-0.00186
-0.0019
-0.00193
-0.00196
-0.00199
-0.00201
-0.00204
-0.00205
-0.00208
-0.00209
-0.00211
-0.00211
-0.00213
-0.00213
-0.00214
-0.00213
-0.00214
-0.00213
-0.00213
-0.00212
-0.00211
-0.00209
-0.00207
-0.00205
-0.00204
-0.00201
-0.00199
-0.00196
-0.00193
-0.0019
-0.00187
-0.00183
-0.00179
-0.00176
-0.00171
-0.00168
-0.00163
-0.00158
-0.00154
-0.00148
-0.00144
-0.00138
-0.00133
-0.00128
-0.00123
-0.00117
-0.00112
-0.00105
-0.001
-0.00094
-0.00088
-0.00082
-0.00076
-0.00069
-0.00063
-0.00057
-0.00051
-0.00044
-0.00038
-0.00031
-0.00026
-0.00019
-0.00013
-6e-05
-0.0
6e-05
0.00012
0.00018
0.00024
0.00031
0.00037
0.00043
0.00049
0.00055
0.00061
0.00067
0.00072
0.00079
0.00083
0.0009
0.00095
0.001
0.00105
0.0011
0.00115
0.0012
0.00124
0.00129
0.00132
0.00137
0.0014
0.00144
0.00147
0.0015
0.00152
0.00156
0.00158
0.0016
0.00161
0.00162
0.00164
0.00165
0.00166
0.00167
0.00167
0.00167
0.00167
0.00167
0.00165
0.00165
0.00163
0.00162
0.0016
0.00158
0.00156
0.00153
0.0015
0.00147
0.00143
0.0014
0.00135
0.00131
0.00126
0.00121
0.00115
0.0011
0.00103
0.00097
0.0009
0.00083
0.00075
0.00067
0.00059
0.00051
0.00042
0.00034
0.00024
0.00016
6e-05
-3e-05
-0.00013
-0.00022
-0.00032
-0.00041
-0.00051
-0.0006
-0.0007
-0.00079
-0.00088
-0.00096
-0.00105
-0.00113
-0.00122
-0.0013
-0.00138
-0.00145
-0.00153
-0.00159
-0.00167
-0.00173
-0.0018
-0.00186
-0.00192
-0.00199
-0.00204
-0.00209
-0.00215
-0.0022
-0.00226
-0.0023
-0.00235
-0.00239
-0.00244
-0.00248
-0.00253
-0.00256
-0.0026
-0.00264
-0.00267
-0.0027
-0.00272
-0.00275
-0.00277
-0.00278
-0.00281
-0.00281
-0.00283
-0.00283
-0.00283
-0.00283
-0.00283
-0.00282
-0.00281
-0.00279
-0.00278
-0.00276
-0.00274
-0.00271
-0.00268
-0.00265
-0.00262
-0.00258
-0.00255
-0.00251
-0.00248
-0.00243
-0.00239
-0.00234
-0.0023
-0.00226
-0.00221
-0.00217
-0.00212
-0.00206
-0.00201
-0.00196
-0.00191
-0.00185
-0.0018
-0.00174
-0.00168
-0.00162
-0.00156
-0.00149
-0.00142
-0.00136
-0.00129
-0.00122
-0.00114
-0.00106
-0.00099
-0.00091
-0.00083
-0.00075
-0.00067
-0.00058
-0.00051
-0.00042
-0.00034
-0.00025
-0.00018
-0.0001
-2e-05
5e-05
0.00013
0.00021
0.00028
0.00035
0.00041
0.00047
0.00053
0.00059
0.00063
0.00069
0.00073
0.00078
0.00081
0.00085
0.00088
0.00091
0.00094
0.00096
0.00098
0.00101
0.00102
0.00104
0.00106
0.00108
0.00108
0.0011
0.00111
0.00113
0.00113
0.00115
0.00116
0.00117
0.00119
0.00121
0.00122
0.00124
0.00125
0.00128
0.00129
0.00132
0.00134
0.00136
0.00138
0.00141
0.00144
0.00146
0.00149
0.00151
0.00155
0.00158
0.00161
0.00164
0.00167
0.0017
0.00173
0.00177
0.0018
0.00184
0.00187
0.00192
0.00195
0.00199
0.00203
0.00207
0.00212
0.00217
0.00222
0.00228
0.00233
0.00239
0.00245
0.00251
