7.18821447722536E+02

-0.0003
-0.00038
-0.00045
-0.00053
-0.00059
-0.00066
-0.00072
-0.00078
-0.00084
-0.00089
-0.00094
-0.00099
-0.00103
-0.00107
-0.00111
-0.00114
-0.00117
-0.0012
-0.00122
-0.00125
-0.00126
-0.00128
-0.00129
-0.00131
-0.00132
-0.00132
-0.00133
-0.00133
-0.00133
-0.00133
-0.00133
-0.00133
-0.00131
-0.00131
-0.0013
-0.00129
-0.00127
-0.00126
-0.00125
-0.00123
-0.00121
-0.00118
-0.00116
-0.00113
-0.00109
-0.00107
-0.00103
-0.00099
-0.00095
-0.00091
-0.00086
-0.00081
-0.00075
-0.0007
-0.00064
-0.00059
-0.00053
-0.00046
-0.00039
-0.00032
-0.00025
-0.00018
-0.0001
-3e-05
5e-05
0.00013
0.00021
0.00028
0.00037
0.00045
0.00053
0.00061
0.00069
0.00078
0.00086
0.00095
0.00103
0.00111
0.0012
0.00127
0.00136
0.00144
0.00152
0.0016
0.00168
0.00176
0.00184
0.00191
0.00199
0.00206
0.00214
0.00221
0.00228
0.00234
0.00242
0.00248
0.00255
0.0026
0.00266
0.00271
0.00277
0.00282
0.00287
0.00291
0.00295
0.003
0.00304
0.00307
0.00311
0.00313
0.00317
0.00319
0.00321
0.00323
0.00325
0.00326
0.00329
0.00329
0.0033
0.00331
0.00331
0.00332
0.00332
0.00332
0.00332
0.00331
0.00331
0.0033
0.00329
0.00327
0.00325
0.00323
0.00321
0.00318
0.00316
0.00312
0.00309
0.00305
0.00301
0.00297
0.00293
0.00287
0.00283
0.00277
0.00272
0.00266
0.0026
0.00254
0.00248
0.00242
0.00236
0.00229
0.00223
0.00217
0.00211
0.00205
0.00199
0.00193
0.00188
0.00183
0.00178
0.00173
0.00168
0.00163
0.0016
0.00156
0.00152
0.00149
0.00145
0.00143
0.0014
0.00138
0.00136
0.00133
0.00132
0.00129
0.00128
0.00126
0.00125
0.00123
0.00122
0.00121
0.0012
0.00119
0.00118
0.00117
0.00117
0.00116
0.00117
0.00116
0.00117
0.00116
0.00118
0.00118
0.00119
0.0012
0.00122
0.00124
0.00126
0.00129
0.00131
0.00134
0.00138
0.00142
0.00146
0.00149
0.00154
0.00158
0.00163
0.00167
0.00172
0.00176
0.00181
0.00185
0.0019
0.00194
0.00198
0.00202
0.00206
0.00209
0.00213
0.00215
0.00218
0.0022
0.00223
0.00224
0.00225
0.00226
0.00228
0.00228
0.00228
0.00228
0.00228
0.00228
0.00227
0.00227
0.00227
0.00225
0.00225
0.00224
0.00224
0.00224
0.00224
0.00223
0.00223
0.00223
0.00223
0.00223
0.00223
0.00223
0.00224
0.00224
0.00225
0.00224
0.00225
0.00225
0.00225
0.00224
0.00224
0.00223
0.00223
0.00221
0.00219
0.00217
0.00214
0.00212
0.00209
0.00206
0.00202
0.00198
0.00194
0.00189
0.00184
0.00179
0.00174
0.00168
0.00162
0.00156
0.0015
0.00144
0.00138
0.00133
0.00127
0.00122
0.00117
0.00111
0.00107
0.00102
0.00098
0.00093
0.0009
0.00086
0.00084
0.00081
0.00078
0.00076
0.00074
0.00073
0.00072
0.00071
0.00071
0.0007
0.0007
0.0007
0.00071
0.00071
0.00072
0.00073
0.00075
0.00076
0.00078
0.00079
0.00081
0.00084
0.00086
0.00089
0.00092
0.00095
0.00098
0.00101
0.00106
0.00109
0.00114
0.00118
0.00124
0.00128
0.00134
0.00139
0.00145
0.00151
0.00157
0.00163
0.0017
0.00176
0.00183
0.00189
0.00197
0.00203
0.0021
0.00216
0.00223
0.00229
0.00236
0.00242
0.00248
0.00254
0.00259
0.00265
0.0027
0.00274
0.00279
0.00283
0.00287
0.00291
0.00294
0.00297
0.003
0.00302
0.00305
0.00306
0.00308
0.0031
0.00311
0.00312
0.00313
0.00313
0.00314
0.00314
0.00315
0.00315
0.00315
0.00314
0.00315
0.00314
0.00314
0.00313
0.00312
0.00312
0.00312
0.00311
0.0031
0.00309
0.00309
0.00307
0.00307
0.00305
0.00305
0.00303
0.00302
0.00301
0.003
0.00298
0.00296
0.00295
0.00293
0.00292
0.0029
0.00287
0.00286
0.00283
0.00282
0.00279
0.00277
0.00273
0.00271
0.00268
0.00265
0.00262
0.00259
0.00256
0.00252
0.00249
0.00246
0.00242
0.00238
0.00234
0.00231
0.00227
0.00223
0.00219
0.00216
0.00212
0.00208
0.00204
0.002
0.00197
0.00194
0.00191
0.00188
0.00184
0.00182
0.00179
0.00177
0.00174
0.00173
0.0017
0.0017
0.00168
0.00167
0.00166
0.00164
0.00164
0.00164
0.00163
0.00163
0.00163
0.00163
0.00163
0.00163
0.00163
0.00164
0.00163
0.00164
0.00164
0.00164
0.00163
0.00163
0.00163
0.00163
0.00162
0.00162
0.0016
0.0016
0.00158
0.00158
0.00156
0.00155
0.00153
0.00151
0.0015
0.00148
0.00146
0.00144
0.00143
0.00142
0.0014
0.00139
0.00137
0.00136
0.00135
0.00135
0.00134
0.00134
0.00133
0.00134
0.00134
0.00135
0.00135
0.00136
0.00137
0.00139
0.0014
0.00142
0.00143
0.00146
0.00147
0.0015
0.00151
0.00154
0.00155
0.00158
0.0016
0.00162
0.00163
0.00165
0.00167
0.00169
0.0017
0.00172
0.00172
0.00174
0.00175
0.00176
0.00176
0.00177
0.00177
0.00178
0.00178
0.00178
0.00178
0.00178
0.00178
0.00178
0.00178
0.00178
0.00176
0.00176
0.00175
0.00175
0.00174
0.00174
0.00172
0.00172
0.00171
0.00169
0.00168
0.00167
0.00165
0.00164
0.00162
0.00161
0.00158
0.00157
0.00155
0.00153
0.0015
0.00148
0.00145
0.00143
0.0014
0.00138
0.00135
0.00132
0.00129
0.00127
0.00124
0.00121
0.00118
0.00116
0.00112
0.0011
0.00107
0.00105
0.00101
0.001
0.00097
0.00095
0.00092
0.0009
0.00088
0.00086
0.00085
0.00083
0.00081
0.0008
0.00078
0.00078
0.00076
0.00075
0.00074
0.00074
0.00073
0.00073
0.00072
0.00072
0.00072
0.00072
0.00072
0.00073
0.00073
0.00074
0.00074
0.00075
0.00075
0.00076
0.00077
0.00078
0.00079
0.0008
0.0008
0.00081
0.00082
0.00083
0.00084
0.00085
0.00085
0.00086
0.00086
0.00087
0.00087
0.00087
0.00086
0.00087
0.00086
0.00086
0.00085
0.00084
0.00084
0.00083
0.00082
0.00081
0.00079
0.00078
0.00076
0.00075
0.00073
0.00071
0.00069
0.00067
0.00065
0.00063
0.00061
0.00059
0.00057
0.00055
0.00054
0.00052
0.0005
0.0005
0.00048
0.00048
0.00047
0.00047
0.00046
0.00047
0.00048
0.00049
0.0005
0.00052
0.00054
0.00057
0.0006
0.00064
0.00068
0.00073
0.00077
0.00083
0.00089
0.00095
0.00101
0.00109
0.00117
0.00124
0.00133
0.00141
0.0015
0.00159
0.00169
0.00179
0.00188
0.00198
0.00208
0.00219
0.00229
0.00239
0.00249
0.00261
0.00271
0.00282
0.00292
0.00302
0.00313
0.00324
0.00335
0.00346
0.00356
0.00368
0.00378
0.00389
0.004
0.00411
0.00422
0.00434
0.00445
0.00456
0.00468
0.00479
0.00491
0.00503
0.00514
0.00527
0.00538
0.0055
0.00562
0.00574
0.00585
0.00597
0.00608
0.0062
0.0063
0.00641
0.00651
0.00662
0.00672
0.00682
0.00691
0.007
0.00708
0.00716
0.00723
0.00731
0.00737
0.00744
0.00749
0.00755
0.0076
0.00764
0.00768
0.00771
0.00775
0.00777
0.0078
0.00782
0.00783
0.00785
0.00786
0.00787
0.00787
0.00788
0.00787
0.00788
0.00787
0.00786
0.00785
0.00784
0.00783
0.00781
0.0078
0.00778
0.00775
0.00774
0.00771
0.00769
0.00766
0.00763
0.0076
0.00757
0.00754
0.0075
0.00746
0.00742
0.00738
0.00734
0.0073
0.00726
0.00721
0.00717
0.00712
0.00707
0.00702
0.00698
0.00692
0.00688
0.00683
0.00678
0.00673
0.00668
0.00664
0.0066
0.00656
0.00652
0.00647
0.00644
0.0064
0.00637
0.00634
0.00631
0.00628
0.00627
0.00625
0.00623
0.00622
0.00621
0.00621
0.00621
0.00622
0.00623
0.00624
0.00626
0.00628
0.00631
0.00634
0.00638
0.00642
0.00647
0.00652
0.00658
0.00664
0.0067
0.00678
0.00686
0.00694
0.00703
0.00712
0.00722
0.00732
0.00743
0.00754
0.00766
0.00777
0.0079
0.00803
0.00816
0.0083
0.00843
0.00858
0.00873
0.00887
0.00903
0.00918
0.00934
0.00949
0.00966
0.00982
0.00998
0.01014
0.01031
0.01048
0.01064
0.0108
0.01097
0.01113
0.0113
0.01146
0.01162
0.01177
0.01193
0.01208
0.01223
0.01238
0.01253
0.01266
0.01281
0.01294
0.01307
0.0132
0.01332
0.01345
0.01357
0.01368
0.01379
0.01389
0.014
0.01409
0.01419
0.01428
0.01437
0.01445
0.01454
0.01462
0.01469
0.01476
0.01483
0.01489
0.01496
0.01501
0.01507
0.01512
0.01517
0.01521
0.01526
0.01529
0.01533
0.01535
0.01539
0.01541
0.01543
0.01544
0.01545
0.01545
0.01545
0.01545
0.01545
0.01543
0.01541
0.01539
0.01536
0.01533
0.0153
0.01525
0.01521
0.01516
0.01511
0.01505
0.01498
0.01492
0.01486
0.01479
0.01471
0.01463
0.01456
0.01447
0.01439
0.0143
0.01421
0.01412
0.01403
0.01393
0.01384
0.01374
0.01364
0.01354
0.01344
0.01334
0.01324
0.01313
0.01304
0.01293
0.01283
0.01272
0.01262
0.01251
0.01242
0.01231
0.01221
0.01211
0.01201
0.01191
0.01182
0.01172
0.01164
0.01154
0.01146
0.01137
0.0113
0.01122
0.01115
0.01108
0.01101
0.01095
0.01089
0.01083
0.01078
0.01073
0.01069
0.01065
0.01061
0.01057
0.01054
0.0105
0.01047
0.01043
0.01041
0.01037
0.01035
0.01031
0.01028
0.01025
0.01022
0.01018
0.01015
0.01011
0.01008
0.01004
0.01
0.00995
0.00992
0.00987
0.00983
0.00978
0.00973
0.00968
0.00963
0.00958
0.00953
0.00948
0.00944
0.00938
0.00934
0.00928
0.00923
0.00917
0.00912
0.00906
0.00901
0.00894
0.00889
0.00882
0.00876
0.00869
0.00861
0.00854
0.00846
0.00838
0.0083
0.00821
0.00812
0.00802
0.00793
0.00783
0.00773
0.00763
0.00753
0.00743
0.00732
0.00722
0.00712
0.00702
0.00693
0.00684
0.00676
0.00667
0.0066
0.00653
0.00647
0.00641
0.00636
0.00631
0.00628
0.00624
0.00621
0.00618
0.00616
0.00614
0.00613
0.00612
0.00611
0.00609
0.00607
0.00605
0.00604
0.00601
0.00598
0.00594
0.00591
0.00585
0.0058
0.00573
0.00566
0.00558
0.0055
0.00541
0.00532
0.00521
0.00511
0.005
0.00489
0.00477
0.00467
0.00455
0.00445
0.00434
0.00424
0.00415
0.00406
0.00398
0.00392
0.00386
0.00381
0.00377
0.00374
0.00372
0.00372
0.00372
0.00373
0.00375
0.00378
0.00381
0.00385
0.00389
0.00394
0.00399
0.00404
0.00409
0.00414
0.00418
0.00422
0.00425
0.00428
0.0043
0.00431
0.00431
0.00432
0.0043
0.00429
0.00426
0.00423
0.00419
0.00415
0.0041
0.00406
0.004
0.00395
0.0039
0.00385
0.0038
0.00377
0.00373
0.00371
0.00369
0.00368
0.00368
0.00369
0.00372
0.00376
0.00381
0.00387
0.00394
0.00402
0.00411
0.00423
0.00434
0.00446
0.00459
0.00473
0.00487
0.00501
0.00516
0.00531
0.00545
0.0056
0.00574
0.00589
0.00601
0.00614
0.00626
0.00637
0.00647
0.00657
0.00664
0.00672
0.00678
0.00683
0.00687
0.0069
0.00693
0.00694
0.00695
0.00695
0.00694
0.00693
0.0069
0.00688
0.00685
0.00682
0.00679
0.00676
0.00672
0.00668
0.00665
0.00661
0.00658
0.00656
0.00653
0.0065
0.00647
0.00646
0.00644
0.00642
0.0064
0.00639
0.00637
0.00637
0.00635
0.00634
0.00632
0.00631
0.0063
0.00628
0.00626
0.00624
0.00621
0.00618
0.00615
0.00611
0.00607
0.00603
0.00597
0.00593
0.00587
0.00581
0.00574
0.00567
0.0056
0.00554
0.00546
0.00539
0.0053
0.00523
0.00514
0.00507
0.00499
0.00492
0.00483
0.00477
0.00469
0.00462
0.00455
0.00449
0.00443
0.00437
0.00432
0.00428
0.00422
0.00418
0.00414
0.00411
0.00407
0.00405
0.00401
0.00399
0.00397
0.00395
0.00393
0.00391
0.00389
0.00388
0.00386
0.00385
0.00383
0.00382
0.0038
0.00378
0.00376
0.00374
0.00372
0.00371
0.00368
0.00366
0.00363
0.00361
0.00359
0.00357
0.00355
0.00353
0.0035
0.00348
0.00346
0.00345
0.00343
0.00342
0.00341
0.00341
0.00339
0.00339
0.00339
0.00339
0.0034
0.00341
0.00342
0.00343
0.00344
0.00346
0.00348
0.00351
0.00352
0.00355
0.00357
0.0036
0.00363
0.00365
0.00368
0.0037
0.00372
0.00375
0.00377
0.0038
0.00381
0.00383
0.00384
0.00385
0.00386
0.00387
0.00387
0.00389
0.00389
0.00389
0.00389
0.00389
0.00389
0.00389
0.00389
0.00389
0.00389
0.00389
0.00389
0.0039
0.0039
0.00391
0.00391
0.00393
0.00394
0.00395
0.00396
0.00398
0.004
0.00402
0.00404
0.00406
0.00408
0.00411
0.00413
0.00416
0.00418
0.00421
0.00423
0.00426
0.00428
0.0043
0.00432
0.00434
0.00436
0.00438
0.00441
0.00443
0.00444
0.00446
0.00447
0.00449
0.0045
0.00452
0.00453
0.00455
0.00456
0.00458
0.00459
0.00461
0.00463
0.00465
0.00467
0.00469
0.0047
0.00472
0.00474
0.00477
0.00478
0.0048
0.00482
0.00484
0.00485
0.00487
0.00487
0.00488
0.00489
0.00489
0.00489
0.00489
0.00488
0.00487
0.00485
0.00484
0.00481
0.00478
0.00474
0.00471
0.00466
0.00461
0.00456
0.0045
0.00445
0.00438
0.00432
0.00425
0.00418
0.00411
0.00403
0.00396
0.00388
0.00381
0.00373
0.00366
0.00357
0.0035
0.00342
0.00334
0.00327
0.00319
0.00312
0.00305
0.00298
0.00291
0.00284
0.00278
0.00271
0.00265
0.00259
0.00253
0.00247
0.00242
0.00236
0.00231
0.00225
0.00221
0.00216
0.00212
0.00207
0.00204
0.00199
0.00196
0.00192
0.00189
0.00186
0.00184
0.00181
0.00179
0.00177
0.00175
0.00174
0.00173
0.00172
0.00172
0.00171
0.00171
0.00171
0.00171
0.00171
0.00172
0.00172
0.00174
0.00175
0.00176
0.00177
0.00179
0.00181
0.00183
0.00184
0.00187
0.00188
0.00191
0.00193
0.00196
0.00198
0.00201
0.00203
0.00206
0.00208
0.00211
0.00213
0.00216
0.00219
0.00222
0.00225
0.00228
0.0023
0.00233
0.00235
0.00238
0.00239
0.00242
0.00244
0.00246
0.00247
0.00249
0.0025
0.00251
0.00252
0.00254
0.00254
0.00255
0.00255
0.00255
0.00255
0.00255
0.00255
0.00255
0.00254
0.00254
0.00252
0.00252
0.00251
0.0025
0.00249
0.00248
0.00247
0.00247
0.00245
0.00244
0.00243
0.00242
0.00239
0.00238
0.00236
0.00235
0.00232
0.0023
0.00227
0.00224
0.00221
0.00218
0.00214
0.00211
0.00206
0.00202
0.00197
0.00192
0.00186
0.00181
0.00175
0.00169
0.00162
0.00156
0.00149
0.00142
0.00135
0.00129
0.00121
0.00115
0.00107
0.001
0.00093
0.00086
0.00079
0.00072
0.00065
0.00059
0.00052
0.00046
0.0004
0.00034
0.00028
0.00022
0.00017
0.00012
6e-05
1e-05
-5e-05
-9e-05
-0.00015
-0.00019
-0.00025
-0.00029
-0.00034
-0.00038
-0.00043
-0.00047
-0.00051
-0.00055
-0.00059
-0.00062
-0.00066
-0.00068
-0.00072
-0.00074
-0.00077
-0.00078
-0.0008
-0.00081
-0.00082
-0.00083
-0.00083
-0.00084
-0.00083
-0.00082
-0.00081
-0.0008
-0.00079
-0.00077
-0.00075
-0.00072
-0.0007
-0.00067
-0.00065
-0.00062
-0.00059
-0.00056
-0.00053
-0.0005
-0.00046
-0.00043
-0.0004
-0.00036
-0.00034
-0.0003
-0.00027
-0.00023
-0.0002
-0.00017
-0.00014
-0.0001
-7e-05
-4e-05
-0.0
3e-05
7e-05
0.00011
0.00015
0.00019
0.00023
0.00028
0.00032
0.00037
0.00041
0.00046
0.0005
0.00056
0.0006
0.00065
0.0007
0.00075
0.0008
0.00085
0.0009
0.00096
0.001
0.00105
0.0011
0.00115
0.00119
0.00124
0.00128
0.00133
0.00137
0.00141
0.00145
0.00149
0.00153
0.00157
0.00161
0.00165
0.00168
0.00172
0.00176
0.0018
0.00183
0.00187
0.0019
0.00195
0.00198
0.00202
0.00206
0.0021
0.00214
0.00218
0.00222
0.00227
0.0023
0.00235
0.00239
0.00244
0.00248
0.00253
0.00257
0.00262
0.00266
0.00271
0.00275
0.0028
0.00284
0.00289
0.00294
0.00299
0.00303
0.00308
0.00312
0.00317
0.00321
0.00326
0.00331
0.00336
0.0034
0.00345
0.00349
0.00354
0.00359
0.00364
0.00369
0.00374
0.00379
0.00384
0.00389
0.00394
0.00399
0.00405
0.00409
0.00415
0.0042
0.00425
0.0043
0.00435
0.00441
0.00446
0.00451
0.00456
0.0046
0.00466
0.0047
0.00475
0.00479
0.00483
0.00486
0.0049
0.00493
0.00496
0.00498
0.005
0.00502
0.00504
0.00505
0.00506
0.00505
0.00506
0.00505
0.00505
0.00503
0.00502
0.005
0.00498
0.00496
0.00493
0.0049
0.00487
0.00484
0.00481
0.00477
0.00474
0.00469
0.00466
0.00461
0.00458
0.00453
0.00449
0.00445
0.00441
0.00436
0.00432
0.00427
0.00423
0.00418
0.00414
0.00409
0.00404
0.00398
0.00394
0.00388
0.00383
0.00376
0.0037
0.00363
0.00357
0.00349
0.00342
0.00334
0.00325
0.00317
0.00308
0.00299
0.00289
0.00279
0.00269
0.00258
0.00247
0.00235
0.00224
0.00212
0.00201
0.00188
0.00176
0.00163
0.00151
0.00139
0.00126
0.00114
0.00102
0.00088
0.00077
0.00064
0.00053
0.0004
0.00029
0.00017
6e-05
-5e-05
-0.00016
-0.00027
-0.00038
-0.00048
-0.00058
-0.00068
-0.00077
-0.00087
-0.00096
-0.00105
-0.00113
-0.00122
-0.0013
-0.00139
-0.00146
-0.00154
-0.00161
-0.00168
-0.00175
-0.00181
-0.00187
-0.00193
-0.00198
-0.00204
-0.00208
-0.00212
-0.00215
-0.00219
-0.00222
-0.00225
-0.00226
-0.00228
-0.00229
-0.00229
-0.00229
-0.00229
-0.00227
-0.00226
-0.00224
-0.00222
-0.00219
-0.00216
-0.00212
-0.00209
-0.00204
-0.00201
-0.00195
-0.0019
-0.00185
-0.0018
-0.00175
-0.00169
-0.00163
-0.00157
-0.0015
-0.00145
-0.00138
-0.00132
-0.00126
-0.0012
-0.00113
-0.00107
-0.001
-0.00094
-0.00087
-0.00081
-0.00075
-0.00068
-0.00061
-0.00054
-0.00047
-0.00041
-0.00034
-0.00028
-0.00021
-0.00015
-8e-05
-2e-05
6e-05
0.00012
0.00018
0.00024
0.00031
0.00037
0.00043
0.00049
0.00055
0.0006
0.00066
0.00071
0.00077
0.00081
0.00086
0.00091
0.00096
0.001
0.00104
0.00108
0.00111
0.00115
0.00119
0.00122
0.00126
0.00128
0.00132
0.00134
0.00137
0.00139
0.00142
0.00143
0.00146
0.00147
0.00149
0.0015
0.00151
0.00153
0.00154
0.00154
0.00155
0.00155
0.00156
0.00156
0.00156
0.00155
0.00156
0.00155
0.00155
0.00154
0.00154
0.00154
0.00153
0.00153
0.00154
0.00154
0.00155
0.00155
0.00156
0.00157
0.00159
0.00161
0.00163
0.00166
0.00169
0.00172
0.00176
0.0018
0.00185
0.0019
0.00195
0.002
0.00207
0.00212
0.00219
0.00224
0.00231
0.00237
0.00244
0.0025
0.00257
0.00263
0.00269
0.00274
0.0028
0.00286
0.00291
0.00296
0.00301
0.00305
0.00309
0.00312
0.00317
0.00319
0.00322
0.00324
0.00327
0.00329
0.00331
0.00332
0.00334
0.00335
0.00336
0.00337
0.00339
0.00339
0.0034
0.0034
0.00342
0.00342
0.00343
0.00342
0.00344
0.00344
0.00344
0.00344
0.00344
0.00345
0.00345
0.00345
0.00346
0.00345
0.00345
0.00345
0.00345
0.00344
0.00344
0.00343
0.00343
0.00341
0.0034
0.00339
0.00337
0.00336
0.00335
0.00334
0.00333
0.00331
0.0033
0.00328
0.00327
0.00325
0.00324
0.00322
0.00321
0.00319
0.00318
0.00317
0.00316
0.00315
0.00314
0.00314
0.00313
0.00312
0.00312
0.00312
0.00312
0.00311
0.00312
0.00311
0.00312
0.00311
0.00311
0.00311
0.0031
0.0031
0.0031
0.00309
0.00309
0.00307
0.00306
0.00305
0.00303
0.00301
0.00299
0.00296
0.00294
0.00291
0.00288
0.00285
0.00281
0.00277
0.00273
0.00269
0.00265
0.0026
0.00256
0.00251
0.00246
0.00241
0.00236
0.00231
0.00226
0.00221
0.00217
0.00211
0.00207
0.00202
0.00198
0.00194
0.0019
0.00185
0.00182
0.00178
0.00175
0.00171
0.00168
0.00164
0.00162
0.00159
0.00156
0.00153
0.0015
0.00147
0.00145
0.00142
0.0014
0.00136
0.00134
0.00131
0.00129
0.00126
0.00123
0.0012
0.00118
0.00115
0.00112
0.00109
0.00106
0.00103
0.00101
0.00098
0.00096
0.00093
0.00091
0.00088
0.00086
0.00083
0.00082
0.0008
0.00079
0.00077
0.00075
0.00074
0.00073
0.00072
0.00072
0.00071
0.00071
0.0007
0.0007
0.0007
0.0007
0.00069
0.0007
0.00069
0.0007
0.0007
0.0007
0.0007
0.0007
0.00071
0.00071
0.00071
0.00072
0.00071
0.00072
0.00072
0.00072
0.00072
0.00072
0.00072
0.00073
0.00073
0.00073
0.00073
0.00073
0.00074
0.00074
0.00075
0.00076
0.00076
0.00077
0.00077
0.00079
0.00079
0.00081
0.00081
0.00083
0.00084
0.00085
0.00086
0.00087
0.00089
0.00091
0.00092
0.00094
0.00095
0.00098
0.00099
0.00101
0.00103
0.00105
0.00107
0.0011
0.00112
0.00114
0.00117
0.00119
0.00122
0.00125
0.00129
0.00132
0.00135
0.00139
0.00143
0.00147
0.00151
0.00156
0.0016
0.00165
0.0017
0.00175
0.00181
0.00186
0.00192
0.00198
0.00205
0.00212
0.00218
0.00225
0.00232
0.00239
0.00246
0.00254
0.00261
0.0027
0.00278
0.00285
0.00293
0.00301
0.00309
0.00318
0.00326
0.00335
0.00342
0.00351
0.00359
0.00368
0.00375
0.00384
0.00391
0.00399
0.00407
0.00414
0.00422
0.00429
0.00436
0.00443
0.00449
0.00456
0.00461
0.00468
0.00473
0.00479
0.00483
0.00488
0.00492
0.00497
0.005
0.00503
0.00506
0.00509
0.00511
0.00513
0.00515
0.00517
0.00517
0.00519
0.00519
0.0052
0.00519
0.00519
0.00518
0.00518
0.00516
0.00515
0.00513
0.00511
0.0051
0.00508
0.00505
0.00503
0.00499
0.00497
0.00493
0.0049
0.00485
0.00482
0.00476
0.00472
0.00467
0.00462
0.00456
0.00449
0.00443
0.00436
0.00429
0.00422
0.00413
0.00405
0.00396
0.00387
0.00377
0.00368
0.00357
0.00347
0.00335
0.00324
0.00312
0.003
0.00288
0.00276
0.00263
0.00251
0.00237
0.00224
0.00211
0.00198
0.00184
0.00171
0.00158
0.00145
0.00132
0.00118
0.00105
0.00092
0.0008
0.00068
0.00056
0.00044
0.00032
0.00021
0.0001
0.0
-0.0001
-0.00019
-0.00029
-0.00037
-0.00046
-0.00054
-0.00061
-0.00068
-0.00074
-0.0008
-0.00085
-0.00089
-0.00093
-0.00096
-0.00099
-0.001
-0.00102
-0.00103
-0.00103
-0.00102
-0.00101
-0.00099
-0.00097
-0.00094
-0.0009
-0.00085
-0.0008
-0.00074
-0.00069
-0.00062
-0.00055
-0.00047
-0.00039
-0.0003
-0.00022
-0.00012
-3e-05
7e-05
0.00017
0.00027
0.00038
0.00049
0.0006
0.00071
0.00081
0.00093
0.00103
0.00115
0.00125
0.00136
0.00146
0.00157
0.00167
0.00176
0.00186
0.00195
0.00204
0.00212
0.00221
0.00229
0.00235
0.00243
0.00249
0.00256
0.0026
0.00266
0.0027
0.00275
0.00278
0.00282
0.00284
0.00286
0.00288
0.0029
0.00291
0.00292
0.00291
0.00291
0.0029
0.00289
0.00287
0.00285
0.00283
0.00281
0.00277
0.00274
0.0027
0.00266
0.00262
0.00258
0.00253
0.00248
0.00243
0.00238
0.00232
0.00227
0.00221
0.00215
0.00209
0.00204
0.00197
0.00191
0.00185
0.00179
0.00173
0.00168
0.00162
0.00157
0.0015
0.00146
0.0014
0.00136
0.0013
0.00126
0.00121
0.00118
0.00113
0.0011
0.00106
0.00103
0.001
0.00098
0.00095
0.00093
0.00091
0.00089
0.00088
0.00087
0.00085
0.00085
0.00083
0.00084
0.00083
0.00082
0.00082
0.00081
0.00081
0.00081
0.0008
0.0008
0.00079
0.00079
0.00077
0.00077
0.00075
0.00073
0.00071
0.0007
0.00067
0.00064
0.00061
0.00057
0.00053
0.00049
0.00045
0.0004
0.00034
0.00029
0.00022
0.00016
8e-05
1e-05
-6e-05
-0.00014
-0.00022
-0.00031
-0.0004
-0.00049
-0.00057
-0.00067
-0.00076
-0.00085
-0.00096
-0.00105
-0.00115
-0.00125
-0.00135
-0.00145
-0.00155
-0.00165
-0.00175
-0.00185
-0.00195
-0.00205
-0.00215
-0.00225
-0.00235
-0.00244
-0.00255
-0.00264
-0.00274
-0.00283
-0.00293
-0.00303
-0.00313
-0.00321
-0.0033
-0.00339
-0.00348
-0.00357
-0.00365
-0.00373
-0.00381
-0.00388
-0.00396
-0.00402
-0.00409
-0.00414
-0.0042
-0.00425
-0.0043
-0.00434
-0.00438
-0.00441
-0.00444
-0.00446
-0.00447
-0.00448
-0.00448
-0.00447
-0.00447
-0.00445
-0.00444
-0.00441
-0.00438
-0.00434
-0.00431
-0.00426
-0.00421
-0.00415
-0.0041
-0.00404
-0.00396
-0.00389
-0.00381
-0.00373
-0.00365
-0.00356
-0.00347
-0.00336
-0.00327
-0.00316
-0.00306
-0.00294
-0.00282
-0.0027
-0.00258
-0.00246
-0.00233
-0.0022
-0.00206
-0.00192
-0.00179
-0.00165
-0.00151
-0.00136
-0.00122
-0.00108
-0.00094
-0.00079
-0.00065
-0.00051
-0.00037
-0.00023
-9e-05
5e-05
0.00018
0.00031
0.00043
0.00056
0.00068
0.0008
0.00091
0.00102
0.00112
0.00124
0.00133
0.00143
0.00152
0.00161
0.0017
0.00179
0.00188
0.00196
0.00203
0.00211
0.00218
0.00226
0.00232
0.00239
0.00245
0.00252
0.00257
0.00263
0.00268
0.00272
0.00277
0.00282
0.00286
0.0029
0.00292
0.00296
0.00298
0.00301
0.00302
0.00304
0.00305
0.00306
0.00306
0.00307
0.00306
0.00306
0.00306
0.00305
0.00305
0.00304
0.00302
0.00302
0.003
0.003
0.00299
0.00298
0.00297
0.00297
0.00296
0.00296
0.00296
0.00296
0.00297
0.00298
0.00299
0.003
0.00301
0.00304
0.00305
0.00307
0.00309
0.00312
0.00313
0.00317
0.00319
0.00322
0.00324
0.00326
0.00329
0.00332
0.00334
0.00337
0.00338
0.00341
0.00342
0.00345
0.00345
0.00347
0.00348
0.0035
0.0035
0.00351
0.00351
0.00351
0.00352
0.00352
0.00352
0.00352
0.00351
0.00351
0.0035
0.0035
0.00348
0.00348
0.00346
0.00345
0.00343
0.00342
0.00339
0.00337
0.00335
0.00333
0.0033
0.00328
0.00324
0.00321
0.00317
0.00313
0.00309
0.00305
0.00299
0.00295
0.00289
0.00284
0.00278
0.00272
0.00265
0.00259
0.00252
0.00245
0.00237
0.00231
0.00223
0.00215
0.00207
0.00199
0.00191
0.00184
0.00175
0.00167
0.00159
0.00151
0.00144
0.00136
0.00129
0.00121
0.00113
0.00107
0.00099
0.00093
0.00086
0.0008
0.00073
0.00068
0.00062
0.00056
0.0005
0.00045
0.0004
0.00035
0.00031
0.00026
0.00021
0.00018
0.00013
0.0001
6e-05
2e-05
-2e-05
-4e-05
-8e-05
-0.00011
-0.00014
-0.00017
-0.0002
-0.00022
-0.00025
-0.00026
-0.00029
-0.00031
-0.00033
-0.00034
-0.00036
-0.00037
-0.00039
-0.0004
-0.00041
-0.00042
-0.00043
-0.00044
-0.00045
-0.00045
-0.00046
-0.00046
-0.00047
-0.00047
-0.00047
-0.00047
-0.00048
-0.00048
-0.00049
-0.00049
-0.00049
-0.00049
-0.0005
-0.0005
-0.0005
-0.0005
-0.0005
-0.00049
-0.0005
-0.00049
-0.00049
-0.00048
-0.00048
-0.00047
-0.00046
-0.00044
-0.00043
-0.00042
-0.00041
-0.00039
-0.00037
-0.00034
-0.00032
-0.00029
-0.00028
-0.00024
-0.00022
-0.00019
-0.00016
-0.00013
-0.00011
-7e-05
-5e-05
-2e-05
1e-05
3e-05
6e-05
9e-05
0.00011
0.00013
0.00015
0.00017
0.00019
0.00021
0.00022
0.00023
0.00024
0.00026
0.00026
0.00028
0.00028
0.00029
0.0003
0.00031
0.00032
0.00034
0.00034
0.00036
0.00037
0.00039
0.0004
0.00042
0.00043
0.00046
0.00048
0.0005
0.00052
0.00055
0.00058
0.00061
0.00064
0.00067
0.0007
0.00074
0.00077
0.00081
0.00084
0.00087
0.0009
0.00095
0.00098
0.00101
0.00104
0.00107
0.00111
0.00114
0.00117
0.0012
0.00122
0.00126
0.00128
0.00131
0.00133
0.00136
0.00137
0.0014
0.00142
0.00144
0.00145
0.00147
0.00148
0.0015
0.00151
0.00153
0.00154
0.00155
0.00156
0.00157
0.00158
0.00159
0.00159
0.0016
0.0016
0.00161
0.00161
0.00161
0.00161
0.00162
0.00162
0.00162
0.00161
0.00161
0.00161
0.00161
0.0016
0.00159
0.00158
0.00158
0.00157
0.00156
0.00154
0.00153
0.00152
0.00151
0.00149
0.00148
0.00146
0.00145
0.00143
0.00142
0.00139
0.00138
0.00136
0.00135
0.00132
0.00131
0.00128
0.00126
0.00124
0.00122
0.0012
0.00118
0.00114
0.00113
0.0011
0.00107
0.00104
0.00101
0.00097
0.00095
0.00091
0.00087
0.00082
0.00078
0.00073
0.00069
0.00064
0.00059
0.00053
0.00047
0.00041
0.00035
0.00028
0.00022
0.00015
8e-05
1e-05
-6e-05
-0.00014
-0.00022
-0.00029
-0.00037
-0.00044
-0.00052
-0.0006
-0.00067
-0.00075
-0.00082
-0.00089
-0.00096
-0.00104
-0.00109
-0.00116
-0.00123
-0.00129
-0.00135
-0.00141
-0.00146
-0.00151
-0.00156
-0.00162
-0.00166
-0.0017
-0.00174
-0.00179
-0.00182
-0.00186
-0.00189
-0.00193
-0.00196
-0.00199
-0.00202
-0.00204
-0.00206
-0.00209
-0.0021
-0.00213
-0.00214
-0.00216
-0.00216
-0.00218
-0.00218
-0.00219
-0.00218
-0.00218
-0.00218
-0.00217
-0.00216
-0.00215
-0.00213
-0.00211
-0.00208
-0.00206
-0.00202
-0.00199
-0.00195
-0.00192
-0.00188
-0.00184
-0.00179
-0.00174
-0.00169
-0.00165
-0.0016
-0.00154
-0.00149
-0.00143
-0.00138
-0.00133
-0.00127
-0.00121
-0.00115
-0.0011
-0.00104
-0.00099
-0.00093
-0.00088
-0.00082
-0.00077
-0.00071
-0.00065
-0.00059
-0.00054
-0.00048
-0.00043
-0.00037
-0.00032
-0.00025
-0.0002
-0.00014
-9e-05
-2e-05
3e-05
9e-05
0.00014
0.0002
0.00025
0.00031
0.00037
0.00043
0.00047
0.00053
0.00058
0.00064
0.00068
0.00073
0.00077
0.00082
0.00086
0.0009
0.00093
0.00097
0.001
0.00104
0.00107
0.0011
0.00111
0.00114
0.00116
0.00119
0.0012
0.00122
0.00122
0.00124
0.00125
0.00126
0.00127
0.00128
0.00129
0.00129
0.0013
0.00131
0.00131
0.00132
0.00132
0.00133
0.00132
0.00133
0.00133
0.00133
0.00133
0.00133
0.00133
0.00133
0.00133
0.00133
0.00133
0.00132
0.00131
0.00131
0.0013
0.00129
0.00128
0.00127
0.00124
0.00123
0.00121
0.00119
0.00117
0.00114
0.00111
0.00108
0.00105
0.00102
0.00097
0.00094
0.00089
0.00086
0.00081
0.00077
0.00071
0.00067
0.00062
0.00057
0.00052
0.00047
0.00042
0.00037
0.00032
0.00027
0.00021
0.00017
0.00011
7e-05
2e-05
-3e-05
-8e-05
-0.00011
-0.00016
-0.0002
-0.00025
-0.00029
-0.00032
-0.00036
-0.00039
-0.00042
-0.00046
-0.00048
-0.00051
-0.00054
-0.00057
-0.00059
-0.00062
-0.00063
-0.00065
-0.00067
-0.00068
-0.0007
-0.00071
-0.00071
-0.00072
-0.00072
-0.00074
-0.00073
-0.00073
-0.00072
-0.00072
-0.00071
-0.00071
-0.00069
-0.00067
-0.00066
-0.00064
-0.00062
-0.00059
-0.00057
-0.00054
-0.00051
-0.00049
-0.00045
-0.00043
-0.00039
-0.00036
-0.00033
-0.0003
-0.00026
-0.00023
-0.0002
-0.00017
-0.00015
-0.00012
-9e-05
-7e-05
-4e-05
-3e-05
0.0
2e-05
4e-05
5e-05
7e-05
8e-05
0.0001
0.0001
0.00011
0.00012
0.00013
0.00014
0.00016
0.00016
0.00018
0.00018
0.0002
0.00021
0.00023
0.00024
0.00026
0.00027
0.0003
0.00031
0.00034
0.00036
0.00038
0.00041
0.00044
0.00047
0.0005
0.00052
0.00056
0.00059
0.00062
0.00065
0.00069
0.00071
0.00075
0.00078
0.00081
0.00084
0.00086
0.00089
0.00092
0.00095
0.00098
0.001
0.00103
0.00105
0.00108
0.0011
0.00112
0.00114
0.00117
0.00119
0.00122
0.00124
0.00126
0.00129
0.00132
0.00134
0.00138
0.0014
0.00143
0.00146
0.00149
0.00152
0.00156
0.00158
0.00162
0.00166
0.00169
0.00172
0.00175
0.00179
0.00182
0.00185
0.00189
0.00191
0.00195
0.00197
0.002
0.00202
0.00205
0.00206
0.00209
0.0021
0.00211
0.00212
0.00213
0.00214
0.00214
0.00215
0.00215
0.00214
0.00214
0.00213
0.00213
0.00211
0.00211
0.00209
0.00208
0.00206
0.00204
0.00201
0.00199
0.00197
0.00194
0.00191
0.00189
0.00185
0.00182
0.00179
0.00176
0.00172
0.00168
0.00164
0.00161
0.00156
0.00152
0.00148
0.00143
0.00139
0.00135
0.0013
0.00126
0.00121
0.00117
0.00112
0.00108
0.00103
0.00099
0.00094
0.00091
0.00086
0.00082
0.00078
0.00074
0.00071
0.00068
0.00066
0.00063
0.0006
0.00058
0.00056
0.00055
0.00053
0.00052
0.00051
0.00051
0.00051
0.00051
0.00051
0.00052
0.00053
0.00055
0.00056
0.00058
0.00059
0.00062
0.00064
0.00068
0.0007
0.00073
0.00075
0.0008
0.00082
0.00086
0.00089
0.00092
0.00096
0.001
0.00103
0.00107
0.0011
0.00113
0.00116
0.0012
0.00122
0.00124
0.00126
0.00129
0.00131
0.00132
0.00133
0.00134
0.00134
0.00135
0.00135
0.00134
0.00133
0.00132
0.0013
0.00129
0.00126
0.00123
0.0012
0.00117
0.00113
0.00109
0.00105
0.001
0.00096
0.00091
0.00086
0.00082
0.00076
0.00071
0.00065
0.0006
0.00054
0.00049
0.00043
0.00038
0.00032
0.00027
0.00021
0.00016
0.0001
5e-05
0.0
-5e-05
-0.00011
-0.00015
-0.0002
-0.00025
-0.0003
-0.00035
-0.0004
-0.00044
-0.0005
-0.00054
-0.00059
-0.00064
-0.00068
-0.00073
-0.00077
-0.00081
-0.00086
-0.00089
-0.00093
-0.00096
-0.001
-0.00103
-0.00107
-0.00109
-0.00112
-0.00114
-0.00116
-0.00118
-0.00119
-0.0012
-0.0012
-0.00121
-0.00122
-0.00121
-0.00121
-0.0012
-0.0012
-0.00119
-0.00118
-0.00116
-0.00115
-0.00114
-0.00112
-0.00111
-0.00109
-0.00107
-0.00105
-0.00102
-0.00101
-0.00097
-0.00095
-0.00092
-0.0009
-0.00086
-0.00083
-0.00079
-0.00076
-0.00071
-0.00067
-0.00062
-0.00057
-0.00051
-0.00045
-0.00038
-0.00032
-0.00024
-0.00017
-8e-05
-1e-05
8e-05
0.00017
0.00026
0.00035
0.00044
0.00053
0.00062
0.00071
0.0008
0.00088
0.00097
0.00104
0.00111
0.00117
0.00124
0.00129
0.00134
0.00137
0.00141
0.00144
0.00146
0.00147
0.00148
0.00149
0.00149
0.00149
0.00149
0.00148
0.00149
0.00148
0.00149
0.00148
0.0015
0.0015
0.00153
0.00155
0.00158
0.00162
0.00167
0.00173
0.0018
0.00187
0.00195
0.00203
0.00213
0.00223
0.00234
0.00244
0.00255
0.00266
0.00277
0.00287
0.00298
0.00307
0.00316
0.00324
0.00332
0.00338
0.00343
0.00346
0.00349
0.0035
0.0035
0.00347
0.00344
0.00339
0.00334
0.00326
0.00318
0.00308
0.00297
0.00286
0.00274
0.00262
0.00249
0.00235
0.00222
0.00209
0.00197
0.00183
0.00172
0.0016
0.0015
0.00139
0.00131
0.00122
0.00114
0.00108
0.00103
0.00098
0.00095
0.00091
0.00089
0.00086
0.00085
0.00083
0.00082
0.0008
0.00079
0.00077
0.00075
0.00072
0.00069
0.00065
0.00061
0.00055
0.00049
0.00041
0.00034
0.00024
0.00015
4e-05
-7e-05
-0.0002
-0.00032
-0.00045
-0.00058
-0.00072
-0.00086
-0.00099
-0.00112
-0.00125
-0.00136
-0.00148
-0.00158
-0.00168
-0.00177
-0.00184
-0.0019
-0.00196
-0.00199
-0.00202
-0.00203
-0.00203
-0.00202
-0.002
-0.00196
-0.00191
-0.00186
-0.0018
-0.00172
-0.00165
-0.00157
-0.00149
-0.0014
-0.00132
-0.00123
-0.00115
-0.00106
-0.00099
-0.00092
-0.00085
-0.00078
-0.00073
-0.00067
-0.00064
-0.00059
-0.00056
-0.00053
-0.00052
-0.0005
-0.0005
-0.00048
-0.00048
-0.00048
-0.00048
-0.00049
-0.00049
-0.00049
-0.00049
-0.00048
-0.00048
-0.00046
-0.00046
-0.00044
-0.00042
-0.00039
-0.00037
-0.00033
-0.0003
-0.00026
-0.00021
-0.00017
-0.00012
-6e-05
-1e-05
5e-05
0.0001
0.00016
0.00021
0.00026
0.00031
0.00036
0.0004
0.00045
0.00049
0.00052
0.00055
0.00058
0.0006
0.00062
0.00063
0.00064
0.00064
0.00065
0.00064
0.00064
0.00062
0.00061
0.00059
0.00059
0.00056
0.00054
0.00052
0.0005
0.00048
0.00046
0.00044
0.00043
0.00041
0.00039
0.00038
0.00037
0.00036
0.00035
0.00034
0.00035
0.00034
0.00035
0.00035
0.00035
0.00036
0.00038
0.00039
0.00041
0.00042
0.00044
0.00045
0.00048
0.00049
0.00052
0.00054
0.00057
0.00059
0.00061
0.00064
0.00066
0.00069
0.00072
0.00074
0.00077
0.00079
0.00082
0.00085
0.00088
0.0009
0.00093
0.00096
0.00099
0.00102
0.00105
0.00108
0.00111
0.00114
0.00118
0.00121
0.00125
0.00128
0.00132
0.00136
0.0014
0.00144
0.00148
0.00152
0.00157
0.00161
0.00166
0.0017
0.00175
0.0018
0.00185
0.0019
0.00195
0.00199
0.00205
0.00209
0.00215
0.00219
0.00224
0.00228
0.00234
0.00238
0.00242
0.00246
0.0025
0.00254
0.00258
0.00261
0.00265
0.00267
0.00271
0.00273
0.00276
0.00277
0.00279
0.0028
0.00282
0.00283
0.00283
0.00284
0.00283
0.00283
0.00283
0.00282
0.00282
0.0028
0.00279
0.00277
0.00276
0.00273
0.00272
0.00269
0.00267
0.00264
0.00262
0.00259
0.00256
0.00253
0.00251
0.00248
0.00246
0.00242
0.0024
0.00237
0.00236
0.00233
0.00231
0.00228
0.00227
0.00225
0.00223
0.00222
0.0022
0.00219
0.00219
0.00218
0.00218
0.00217
0.00217
0.00217
0.00218
0.00218
0.00219
0.00219
0.00221
0.00221
0.00223
0.00224
0.00226
0.00228
0.00231
0.00233
0.00236
0.00238
0.00242
0.00245
0.00248
0.00251
0.00255
0.00258
0.00263
0.00267
0.00271
0.00274
0.00279
0.00283
0.00287
0.00292
0.00296
0.003
0.00305
0.00309
0.00313
0.00317
0.00321
0.00325
0.00329
0.00332
0.00336
0.00339
0.00342
0.00345
0.00347
0.0035
0.00352
0.00354
0.00356
0.00357
0.00359
0.00359
0.0036
0.00359
0.0036
0.00359
0.00359
0.00358
0.00356
0.00355
0.00353
0.0035
0.00348
0.00344
0.00342
0.00337
0.00334
0.00329
0.00325
0.00319
0.00314
0.00308
0.00302
0.00295
0.00288
0.00281
0.00273
0.00265
0.00257
0.00247
0.00239
0.00229
0.0022
0.00209
0.00199
0.00188
0.00178
0.00167
0.00155
0.00144
0.00132
0.0012
0.00108
0.00096
0.00085
0.00072
0.0006
0.00047
0.00036
0.00023
0.00012
-1e-05
-0.00012
-0.00024
-0.00035
-0.00046
-0.00058
-0.00068
-0.00078
-0.00088
-0.00097
-0.00108
-0.00116
-0.00125
-0.00133
-0.00141
-0.00148
-0.00156
-0.00162
-0.00168
-0.00174
-0.0018
-0.00185
-0.0019
-0.00194
-0.00198
-0.00201
-0.00205
-0.00207
-0.0021
-0.00212
-0.00215
-0.00216
-0.00218
-0.00218
-0.0022
-0.0022
-0.00221
-0.00221
-0.00221
-0.00221
-0.0022
-0.00219
-0.00219
-0.00218
-0.00217
-0.00215
-0.00214
-0.00211
-0.0021
-0.00207
-0.00205
-0.00202
-0.002
-0.00197
-0.00194
-0.0019
-0.00187
-0.00183
-0.0018
-0.00176
-0.00173
-0.00168
-0.00165
-0.00161
-0.00158
-0.00153
-0.0015
-0.00146
-0.00143
-0.0014
-0.00136
-0.00133
-0.0013
-0.00126
-0.00124
-0.00121
-0.00118
-0.00115
-0.00114
-0.00111
-0.00109
-0.00107
-0.00105
-0.00103
-0.00102
-0.001
-0.00099
-0.00097
-0.00095
-0.00093
-0.00092
-0.0009
-0.00089
-0.00087
-0.00086
-0.00084
-0.00083
-0.0008
-0.00079
-0.00077
-0.00076
-0.00074
-0.00072
-0.0007
-0.00069
-0.00067
-0.00066
-0.00064
-0.00064
-0.00062
-0.00061
-0.0006
-0.0006
-0.00058
-0.00058
-0.00058
-0.00058
-0.00058
-0.00058
-0.00058
-0.00058
-0.00058
-0.0006
-0.0006
-0.00061
-0.00061
-0.00063
-0.00063
-0.00065
-0.00065
-0.00066
-0.00067
-0.00068
-0.00069
-0.0007
-0.0007
-0.00071
-0.00071
-0.00073
-0.00073
-0.00074
-0.00074
