4.81588131165972E+02

0.00395
0.00401
0.00408
0.00414
0.0042
0.00425
0.00431
0.00435
0.0044
0.00444
0.00448
0.00452
0.00455
0.00458
0.00461
0.00462
0.00465
0.00466
0.00467
0.00467
0.00468
0.00468
0.00467
0.00466
0.00464
0.00463
0.00461
0.00459
0.00456
0.00452
0.00449
0.00445
0.00441
0.00435
0.00431
0.00425
0.0042
0.00413
0.00407
0.004
0.00393
0.00386
0.00379
0.00372
0.00364
0.00356
0.00349
0.00341
0.00333
0.00325
0.00317
0.00309
0.00301
0.00293
0.00285
0.00277
0.00269
0.00261
0.00254
0.00246
0.00239
0.00231
0.00224
0.00216
0.00209
0.00202
0.00195
0.00187
0.00181
0.00174
0.00167
0.00161
0.00154
0.00148
0.00142
0.00136
0.00131
0.00124
0.00119
0.00114
0.00109
0.00104
0.001
0.00095
0.00092
0.00088
0.00084
0.00081
0.00078
0.00075
0.00073
0.00071
0.00069
0.00066
0.00065
0.00063
0.00062
0.00059
0.00058
0.00056
0.00055
0.00054
0.00052
0.0005
0.00048
0.00047
0.00045
0.00043
0.00041
0.00038
0.00036
0.00033
0.00031
0.00028
0.00026
0.00022
0.0002
0.00017
0.00013
0.0001
7e-05
4e-05
1e-05
-2e-05
-4e-05
-8e-05
-0.0001
-0.00013
-0.00015
-0.00018
-0.0002
-0.00022
-0.00024
-0.00026
-0.00027
-0.00029
-0.00031
-0.00032
-0.00032
-0.00033
-0.00034
-0.00035
-0.00036
-0.00036
-0.00036
-0.00037
-0.00037
-0.00037
-0.00037
-0.00037
-0.00037
-0.00036
-0.00036
-0.00035
-0.00034
-0.00034
-0.00033
-0.00032
-0.00031
-0.0003
-0.00029
-0.00028
-0.00026
-0.00025
-0.00023
-0.00022
-0.0002
-0.00019
-0.00018
-0.00016
-0.00014
-0.00013
-0.00011
-0.0001
-8e-05
-7e-05
-5e-05
-4e-05
-2e-05
-2e-05
-0.0
0.0
1e-05
1e-05
1e-05
2e-05
2e-05
2e-05
3e-05
1e-05
1e-05
0.0
0.0
-1e-05
-2e-05
-4e-05
-4e-05
-6e-05
-8e-05
-0.0001
-0.00012
-0.00014
-0.00016
-0.00018
-0.0002
-0.00023
-0.00025
-0.00028
-0.0003
-0.00033
-0.00035
-0.00038
-0.00039
-0.00042
-0.00044
-0.00046
-0.00049
-0.0005
-0.00052
-0.00053
-0.00054
-0.00055
-0.00055
-0.00056
-0.00055
-0.00055
-0.00054
-0.00053
-0.00051
-0.0005
-0.00047
-0.00045
-0.00042
-0.00038
-0.00034
-0.0003
-0.00026
-0.00022
-0.00017
-0.00012
-6e-05
-2e-05
4e-05
9e-05
0.00016
0.00021
0.00026
0.00032
0.00037
0.00043
0.00049
0.00054
0.0006
0.00064
0.0007
0.00074
0.0008
0.00084
0.00089
0.00093
0.00098
0.00102
0.00106
0.0011
0.00114
0.00119
0.00123
0.00127
0.00131
0.00134
0.00138
0.00142
0.00146
0.00149
0.00154
0.00157
0.00161
0.00164
0.00167
0.0017
0.00173
0.00176
0.00179
0.00182
0.00184
0.00185
0.00187
0.00188
0.0019
0.0019
0.00191
0.00191
0.00191
0.0019
0.00189
0.00187
0.00186
0.00184
0.00182
0.00179
0.00176
0.00172
0.0017
0.00166
0.00162
0.00157
0.00153
0.00148
0.00144
0.00138
0.00133
0.00127
0.00121
0.00116
0.0011
0.00104
0.00098
0.00091
0.00085
0.00077
0.00071
0.00064
0.00057
0.00049
0.00043
0.00035
0.00027
0.00019
0.00011
4e-05
-4e-05
-0.00012
-0.00019
-0.00028
-0.00035
-0.00043
-0.0005
-0.00058
-0.00064
-0.00072
-0.00077
-0.00084
-0.0009
-0.00095
-0.001
-0.00104
-0.00108
-0.00111
-0.00113
-0.00116
-0.00117
-0.00119
-0.00118
-0.00118
-0.00117
-0.00116
-0.00113
-0.00111
-0.00107
-0.00104
-0.00099
-0.00094
-0.00089
-0.00083
-0.00076
-0.0007
-0.00063
-0.00055
-0.00047
-0.0004
-0.00031
-0.00024
-0.00015
-6e-05
2e-05
0.00011
0.00019
0.00029
0.00038
0.00047
0.00056
0.00064
0.00074
0.00082
0.00092
0.00101
0.0011
0.00119
0.00129
0.00137
0.00147
0.00156
0.00165
0.00175
0.00184
0.00194
0.00204
0.00212
0.00222
0.00231
0.00241
0.0025
0.0026
0.00268
0.00278
0.00286
0.00295
0.00303
0.00311
0.00318
0.00326
0.00333
0.0034
0.00345
0.00351
0.00356
0.00362
0.00365
0.0037
0.00372
0.00376
0.00378
0.00379
0.0038
0.00381
0.00381
0.00381
0.0038
0.00379
0.00377
0.00375
0.00373
0.0037
0.00367
0.00363
0.00359
0.00356
0.00351
0.00346
0.00341
0.00336
0.00331
0.00325
0.0032
0.00314
0.00308
0.00302
0.00296
0.0029
0.00283
0.00277
0.0027
0.00264
0.00257
0.00251
0.00244
0.00237
0.00231
0.00224
0.00218
0.00212
0.00205
0.00199
0.00193
0.00187
0.0018
0.00175
0.00169
0.00163
0.00158
0.00152
0.00147
0.00142
0.00137
0.00132
0.00127
0.00123
0.00118
0.00114
0.00109
0.00106
0.00101
0.00097
0.00093
0.00089
0.00085
0.00082
0.00077
0.00074
0.0007
0.00067
0.00063
0.0006
0.00056
0.00054
0.0005
0.00047
0.00044
0.00042
0.00038
0.00037
0.00034
0.00032
0.0003
0.00028
0.00026
0.00025
0.00024
0.00024
0.00022
0.00022
0.00021
0.00021
0.00021
0.00021
0.00021
0.00021
0.00021
0.00021
0.00022
0.00022
0.00022
0.00022
0.00022
0.00022
0.00021
0.00021
0.0002
0.0002
0.00019
0.00018
0.00016
0.00015
0.00013
0.00011
9e-05
6e-05
4e-05
1e-05
-2e-05
-4e-05
-8e-05
-0.00011
-0.00014
-0.00017
-0.00021
-0.00024
-0.00028
-0.00031
-0.00034
-0.00038
-0.00041
-0.00044
-0.00047
-0.0005
-0.00053
-0.00055
-0.00058
-0.0006
-0.00063
-0.00065
-0.00067
-0.00069
-0.00071
-0.00072
-0.00074
-0.00076
-0.00077
-0.00078
-0.00079
-0.00079
-0.0008
-0.0008
-0.00081
-0.00081
-0.00081
-0.0008
-0.0008
-0.00079
-0.00079
-0.00077
-0.00076
-0.00075
-0.00073
-0.00071
-0.00069
-0.00067
-0.00064
-0.00062
-0.00059
-0.00056
-0.00053
-0.0005
-0.00047
-0.00043
-0.0004
-0.00036
-0.00033
-0.00029
-0.00025
-0.00022
-0.00018
-0.00014
-0.0001
-6e-05
-3e-05
1e-05
4e-05
8e-05
0.00011
0.00015
0.00018
0.00022
0.00024
0.00028
0.00031
0.00034
0.00037
0.00041
0.00044
0.00048
0.0005
0.00054
0.00057
0.00062
0.00065
0.00069
0.00073
0.00078
0.00082
0.00086
0.00091
0.00096
0.00101
0.00107
0.00113
0.00119
0.00124
0.00131
0.00137
0.00145
0.00151
0.00159
0.00165
0.00173
0.00181
0.00188
0.00196
0.00203
0.00211
0.00219
0.00227
0.00235
0.00242
0.00249
0.00256
0.00264
0.0027
0.00277
0.00283
0.0029
0.00296
0.00301
0.00306
0.00311
0.00316
0.0032
0.00324
0.00328
0.0033
0.00333
0.00335
0.00337
0.00338
0.0034
0.00341
0.00342
0.00342
0.00342
0.00341
0.0034
0.00339
0.00338
0.00337
0.00336
0.00334
0.00332
0.0033
0.00328
0.00325
0.00323
0.0032
0.00318
0.00315
0.00312
0.00309
0.00306
0.00303
0.003
0.00296
0.00293
0.00289
0.00285
0.00281
0.00278
0.00272
0.00268
0.00263
0.00259
0.00253
0.00248
0.00242
0.00236
0.0023
0.00224
0.00218
0.00212
0.00204
0.00198
0.00191
0.00184
0.00176
0.00169
0.00161
0.00154
0.00146
0.00138
0.00131
0.00123
0.00116
0.00108
0.00101
0.00094
0.00086
0.00079
0.00072
0.00065
0.00058
0.00051
0.00044
0.00038
0.00032
0.00025
0.00019
0.00012
7e-05
1e-05
-4e-05
-9e-05
-0.00015
-0.0002
-0.00025
-0.0003
-0.00035
-0.00039
-0.00044
-0.00048
-0.00052
-0.00056
-0.00059
-0.00063
-0.00066
-0.00068
-0.00071
-0.00073
-0.00076
-0.00077
-0.00079
-0.00079
-0.00081
-0.00081
-0.00082
-0.00081
-0.00081
-0.00081
-0.0008
-0.00079
-0.00077
-0.00076
-0.00074
-0.00071
-0.00069
-0.00065
-0.00062
-0.00058
-0.00055
-0.00051
-0.00047
-0.00042
-0.00037
-0.00032
-0.00026
-0.00021
-0.00015
-8e-05
-1e-05
6e-05
0.00013
0.00021
0.00029
0.00037
0.00045
0.00054
0.00063
0.00073
0.00083
0.00092
0.00102
0.00112
0.00123
0.00135
0.00146
0.00157
0.00169
0.00181
0.00193
0.00205
0.00218
0.00231
0.00243
0.00257
0.00271
0.00284
0.00299
0.00313
0.00329
0.00344
0.00361
0.00378
0.00395
0.00413
0.00432
0.00452
0.00472
0.00494
0.00516
0.00539
0.00563
0.00588
0.00615
0.00642
0.00671
0.00701
0.00732
0.00765
0.00798
0.00834
0.00869
0.00907
0.00946
0.00985
0.01026
0.01069
0.01112
0.01157
0.01203
0.0125
0.01299
0.01348
0.01399
0.01451
0.01505
0.01559
0.01614
0.01672
0.0173
0.01789
0.0185
0.01912
0.01975
0.0204
0.02106
0.02173
0.02242
0.02312
0.02383
0.02456
0.0253
0.02605
0.02681
0.0276
0.02839
0.0292
0.03001
0.03085
0.03169
0.03254
0.03341
0.03428
0.03517
0.03606
0.03696
0.03788
0.0388
0.03973
0.04066
0.04161
0.04256
0.04351
0.04448
0.04545
0.04642
0.0474
0.04838
0.04937
0.05037
0.05136
0.05236
0.05337
0.05438
0.05539
0.0564
0.05742
0.05845
0.05946
0.06049
0.06152
0.06254
0.06357
0.06459
0.06562
0.06664
0.06767
0.06869
0.0697
0.07072
0.07173
0.07273
0.07373
0.07473
0.07571
0.07669
0.07766
0.07862
0.07958
0.08052
0.08146
0.08239
0.08331
0.08421
0.08511
0.086
0.08688
0.08774
0.0886
0.08946
0.09029
0.09112
0.09195
0.09276
0.09357
0.09436
0.09515
0.09593
0.0967
0.09746
0.09822
0.09897
0.0997
0.10043
0.10116
0.10187
0.10257
0.10327
0.10396
0.10464
0.1053
0.10596
0.10661
0.10725
0.10787
0.10848
0.10909
0.10968
0.11026
0.11083
0.11138
0.11193
0.11246
0.11298
0.11348
0.11398
0.11446
0.11493
0.11538
0.11582
0.11625
0.11667
0.11707
0.11747
0.11785
0.11822
0.11857
0.11892
0.11925
0.11958
0.11989
0.12019
0.12048
0.12075
0.12102
0.12127
0.12152
0.12174
0.12197
0.12218
0.12237
0.12256
0.12273
0.1229
0.12304
0.12319
0.12332
0.12344
0.12354
0.12364
0.12373
0.1238
0.12386
0.12392
0.12396
0.12399
0.12401
0.12403
0.12404
0.12404
0.12402
0.124
0.12397
0.12394
0.12389
0.12384
0.12379
0.12372
0.12365
0.12356
0.12348
0.12339
0.12329
0.12318
0.12307
0.12295
0.12283
0.12271
0.12257
0.12243
0.12229
0.12214
0.12198
0.12182
0.12166
0.12148
0.1213
0.12112
0.12093
0.12075
0.12055
0.12035
0.12014
0.11994
0.11972
0.1195
0.11928
0.11905
0.11882
0.11859
0.11835
0.11811
0.11786
0.11762
0.11736
0.11711
0.11685
0.1166
0.11634
0.11608
0.11582
0.11556
0.11529
0.11503
0.11476
0.11449
0.11423
0.11396
0.11369
0.11343
0.11316
0.1129
0.11263
0.11237
0.11211
0.11186
0.1116
0.11134
0.11109
0.11083
0.11058
0.11033
0.11008
0.10983
0.10958
0.10933
0.10908
0.10884
0.10859
0.10835
0.10811
0.10787
0.10763
0.10738
0.10715
0.10691
0.10667
0.10643
0.10619
0.10595
0.10571
0.10547
0.10523
0.10499
0.10475
0.10452
0.10428
0.10405
0.10381
0.10358
0.10335
0.10311
0.10289
0.10266
0.10243
0.1022
0.10197
0.10175
0.10153
0.10131
0.10109
0.10087
0.10066
0.10045
0.10023
0.10002
0.09982
0.09961
0.09941
0.0992
0.09899
0.0988
0.09859
0.0984
0.0982
0.098
0.09781
0.09761
0.09742
0.09723
0.09704
0.09685
0.09667
0.09648
0.09629
0.0961
0.09592
0.09573
0.09554
0.09536
0.09517
0.09498
0.09479
0.0946
0.09441
0.09422
0.09402
0.09383
0.09363
0.09343
0.09322
0.09301
0.0928
0.09259
0.09237
0.09215
0.09192
0.09169
0.09145
0.09121
0.09097
0.09072
0.09047
0.09021
0.08995
0.08968
0.08941
0.08914
0.08886
0.08858
0.08829
0.088
0.08771
0.08741
0.08711
0.08681
0.0865
0.0862
0.08588
0.08557
0.08525
0.08493
0.08461
0.08428
0.08395
0.08362
0.08328
0.08294
0.0826
0.08226
0.08191
0.08156
0.08121
0.08086
0.0805
0.08014
0.07977
0.07941
0.07905
0.07868
0.07831
0.07794
0.07756
0.07719
0.07682
0.07645
0.07608
0.07571
0.07534
0.07498
0.07461
0.07425
0.0739
0.07355
0.0732
0.07286
0.07252
0.07219
0.07187
0.07155
0.07123
0.07093
0.07063
0.07034
0.07005
0.06977
0.0695
0.06923
0.06897
0.06872
0.06847
0.06822
0.06799
0.06776
0.06753
0.06731
0.06709
0.06687
0.06666
0.06645
0.06625
0.06605
0.06585
0.06566
0.06546
0.06527
0.06508
0.06489
0.06471
0.06453
0.06434
0.06417
0.06398
0.06381
0.06363
0.06346
0.06329
0.06311
0.06294
0.06277
0.0626
0.06244
0.06227
0.0621
0.06194
0.06177
0.06161
0.06144
0.06127
0.06111
0.06094
0.06077
0.0606
0.06043
0.06026
0.06008
0.0599
0.05972
0.05954
0.05935
0.05916
0.05896
0.05876
0.05856
0.05835
0.05814
0.05793
0.05771
0.05748
0.05726
0.05703
0.0568
0.05656
0.05632
0.05608
0.05584
0.05559
0.05535
0.0551
0.05485
0.0546
0.05435
0.0541
0.05385
0.0536
0.05335
0.05311
0.05286
0.05262
0.05237
0.05213
0.05189
0.05165
0.05141
0.05117
0.05093
0.0507
0.05046
0.05023
0.04999
0.04976
0.04952
0.04929
0.04905
0.04881
0.04857
0.04834
0.0481
0.04786
0.04762
0.04738
0.04713
0.04689
0.04665
0.04641
0.04616
0.04592
0.04567
0.04543
0.04518
0.04494
0.04469
0.04444
0.0442
0.04395
0.04371
0.04347
0.04322
0.04297
0.04273
0.04249
0.04224
0.042
0.04175
0.0415
0.04126
0.04101
0.04076
0.04051
0.04026
0.04001
0.03976
0.03951
0.03925
0.039
0.03875
0.03849
0.03823
0.03798
0.03772
0.03746
0.03721
0.03695
0.0367
0.03644
0.03619
0.03594
0.0357
0.03545
0.03521
0.03497
0.03474
0.03451
0.03428
0.03407
0.03385
0.03363
0.03343
0.03322
0.03302
0.03283
0.03264
0.03246
0.03228
0.03211
0.03193
0.03177
0.0316
0.03144
0.03128
0.03113
0.03097
0.03082
0.03067
0.03052
0.03037
0.03023
0.03008
0.02994
0.02979
0.02965
0.0295
0.02935
0.0292
0.02906
0.02891
0.02876
0.02861
0.02846
0.02831
0.02816
0.028
0.02785
0.0277
0.02755
0.02739
0.02724
0.02709
0.02694
0.02679
0.02663
0.02648
0.02634
0.02619
0.02604
0.02589
0.02575
0.0256
0.02546
0.02532
0.02519
0.02505
0.02492
0.02478
0.02465
0.02452
0.02439
0.02427
0.02414
0.02402
0.0239
0.02378
0.02367
0.02355
0.02344
0.02333
0.02322
0.02311
0.023
0.0229
0.0228
0.02269
0.0226
0.02249
0.0224
0.0223
0.02221
0.02211
0.02201
0.02192
0.02183
0.02174
0.02165
0.02156
0.02147
0.02137
0.02129
0.0212
0.02111
0.02102
0.02093
0.02084
0.02075
0.02066
0.02057
0.02048
0.02039
0.0203
0.0202
0.02011
0.02002
0.01992
0.01983
0.01973
0.01964
0.01954
0.01944
0.01934
0.01924
0.01914
0.01904
0.01894
0.01884
0.01874
0.01864
0.01854
0.01844
0.01833
0.01823
0.01813
0.01803
0.01792
0.01783
0.01772
0.01762
0.01752
0.01742
0.01732
0.01722
0.01712
0.01702
0.01692
0.01682
0.01672
0.01662
0.01653
0.01643
0.01633
0.01623
0.01613
0.01604
0.01594
0.01584
0.01574
0.01564
0.01554
0.01545
0.01535
0.01525
0.01515
0.01505
0.01495
0.01485
0.01475
0.01465
0.01455
0.01445
0.01435
0.01424
0.01414
0.01404
0.01394
0.01384
0.01374
0.01364
0.01354
0.01345
0.01335
0.01326
0.01316
0.01307
0.01298
0.01289
0.0128
0.01272
0.01264
0.01256
0.01248
0.01241
0.01234
0.01228
0.01221
0.01215
0.01209
0.01205
0.01199
0.01195
0.01191
0.01187
0.01183
0.0118
0.01178
0.01175
0.01173
0.01171
0.0117
0.01169
0.01167
0.01167
0.01167
0.01167
0.01167
0.01167
0.01168
0.01169
0.0117
0.01171
0.01173
0.01174
0.01177
0.01179
0.01182
0.01185
0.01187
0.01191
0.01194
0.01198
0.01202
0.01207
0.01211
0.01216
0.01221
0.01226
0.01231
0.01237
0.01243
0.01249
0.01255
0.01261
0.01267
0.01274
0.0128
0.01287
0.01293
0.013
0.01306
0.01312
0.01318
0.01324
0.01329
0.01334
0.01339
0.01344
0.01348
0.01352
0.01355
0.01358
0.01361
0.01363
0.01364
0.01366
0.01366
0.01366
0.01365
0.01364
0.01363
0.01361
0.01358
0.01356
0.01352
0.01349
0.01344
0.0134
0.01334
0.0133
0.01323
0.01318
0.01311
0.01305
0.01298
0.01291
0.01283
0.01276
0.01268
0.01261
0.01252
0.01245
0.01236
0.01227
0.01219
0.0121
0.01201
0.01192
0.01182
0.01173
0.01163
0.01154
0.01144
0.01133
0.01123
0.01113
0.01103
0.01093
0.01081
0.01071
0.0106
0.01049
0.01038
0.01027
0.01015
0.01005
0.00993
0.00982
0.00971
0.0096
0.00949
0.00939
0.00928
0.00918
0.00908
0.00898
0.00889
0.0088
0.00871
0.00862
0.00854
0.00847
0.00839
0.00832
0.00825
0.00819
0.00813
0.00808
0.00804
0.00799
0.00794
0.00791
0.00787
0.00784
0.00781
0.00779
0.00776
0.00774
0.00772
0.00771
0.00769
0.00767
0.00766
0.00765
0.00764
0.00763
0.00761
0.00761
0.0076
0.0076
0.00758
0.00758
0.00757
0.00757
0.00756
0.00755
0.00754
0.00754
0.00753
0.00753
0.00752
0.00752
0.00751
0.00752
0.00751
0.00751
0.00751
0.00751
0.0075
0.0075
0.0075
0.0075
0.00749
0.00748
0.00748
0.00747
0.00747
0.00746
0.00744
0.00744
0.00742
0.00741
0.00739
0.00737
0.00735
0.00733
0.00731
0.00729
0.00726
0.00723
0.00721
0.00718
0.00715
0.00713
0.00709
0.00707
0.00704
0.00702
0.00699
0.00696
0.00694
0.00692
0.00689
0.00687
0.00685
0.00684
0.00682
0.00681
0.0068
0.00679
0.00677
0.00677
0.00676
0.00675
0.00674
0.00674
0.00673
0.00673
0.00672
0.00672
0.00671
0.0067
0.0067
0.00669
0.00669
0.00668
0.00667
0.00667
0.00666
0.00666
0.00664
0.00664
0.00663
0.00663
0.00662
0.00662
0.00661
0.00661
0.0066
0.0066
0.0066
0.0066
0.0066
0.0066
0.0066
0.00661
0.00661
0.00662
0.00662
0.00663
0.00664
0.00664
0.00665
0.00666
0.00666
0.00667
0.00668
0.00669
0.00669
0.0067
0.0067
0.00671
0.00671
0.00671
0.0067
0.00671
0.0067
0.0067
0.00669
0.00668
0.00668
0.00667
0.00666
0.00665
0.00662
0.00661
0.00659
0.00658
0.00655
0.00654
0.00651
0.00649
0.00646
0.00644
0.00641
0.00638
0.00636
0.00633
0.0063
0.00628
0.00624
0.00622
0.00619
0.00617
0.00613
0.00611
0.00608
0.00606
0.00602
0.006
0.00597
0.00595
0.00592
0.0059
0.00588
0.00586
0.00583
0.00581
0.00579
0.00577
0.00574
0.00572
0.00569
0.00568
0.00565
0.00563
0.0056
0.00558
0.00556
0.00554
0.00551
0.00549
0.00546
0.00544
0.00542
0.00539
0.00537
0.00535
0.00532
0.0053
0.00528
0.00526
0.00523
0.00521
0.0052
0.00518
0.00517
0.00515
0.00513
0.00512
0.00511
0.0051
0.00509
0.00509
0.00508
0.00508
0.00507
0.00507
0.00507
0.00507
0.00507
0.00507
0.00508
0.00508
0.00508
0.00509
0.0051
0.00511
0.00511
0.00513
0.00513
0.00515
0.00516
0.00517
0.00518
0.00519
0.0052
0.00522
0.00523
0.00524
0.00524
0.00526
0.00526
0.00528
0.00528
0.00529
0.00528
0.00529
0.00529
0.00528
0.00528
0.00526
0.00526
0.00525
0.00523
0.00522
0.00519
0.00518
0.00516
0.00514
0.00511
0.00509
0.00506
0.00505
0.00502
0.005
0.00498
0.00497
0.00496
0.00495
0.00494
0.00494
0.00493
0.00494
0.00494
0.00495
0.00496
0.00498
0.00498
0.00501
0.00502
0.00504
0.00505
0.00507
0.00508
0.00509
0.0051
0.0051
0.00509
0.00508
0.00506
0.00504
0.005
0.00496
0.0049
0.00485
0.00478
0.0047
0.00461
0.00452
0.00442
0.00432
0.00421
0.0041
0.00397
0.00386
0.00373
0.00362
0.00349
0.00338
0.00326
0.00316
0.00306
0.00296
0.00287
0.0028
0.00273
0.00267
0.00262
0.00259
0.00255
0.00253
0.00251
0.00251
0.00251
0.00252
0.00252
0.00254
0.00256
0.00257
0.00259
0.0026
0.00262
0.00263
0.00263
0.00264
0.00262
0.00261
0.00258
0.00256
0.00251
0.00247
0.00241
0.00235
0.00227
0.00219
0.0021
0.00201
0.00192
0.00182
0.00173
0.00163
0.00153
0.00144
0.00134
0.00125
0.00117
0.00109
0.00102
0.00096
0.00091
0.00086
0.00082
0.0008
0.00078
0.00077
0.00077
0.00078
0.00079
0.00082
0.00084
0.00087
0.0009
0.00094
0.00097
0.00101
0.00104
0.00107
0.0011
0.00112
0.00114
0.00116
0.00116
0.00117
0.00115
0.00114
0.00111
0.00108
0.00104
0.001
0.00094
0.00088
0.00082
0.00074
0.00067
0.00059
0.00051
0.00043
0.00034
0.00026
0.00017
9e-05
1e-05
-6e-05
-0.00014
-0.0002
-0.00027
-0.00032
-0.00038
-0.00043
-0.00047
-0.0005
-0.00053
-0.00055
-0.00056
-0.00056
-0.00057
-0.00056
-0.00055
-0.00053
-0.00052
-0.00049
-0.00046
-0.00042
-0.00039
-0.00034
-0.0003
-0.00026
-0.0002
-0.00015
-9e-05
-3e-05
2e-05
9e-05
0.00015
0.00022
0.00028
0.00035
0.00041
0.00048
0.00055
0.00062
0.00069
0.00076
0.00083
0.0009
0.00098
0.00105
0.00112
0.00119
0.00126
0.00134
0.0014
0.00148
0.00154
0.00162
0.00168
0.00175
0.00181
0.00188
0.00194
0.00201
0.00207
0.00213
0.00218
0.00225
0.0023
0.00236
0.00241
0.00247
0.00251
0.00257
0.00262
0.00267
0.00272
0.00276
0.00281
0.00285
0.0029
0.00294
0.00298
0.00302
0.00306
0.0031
0.00313
0.00317
0.00319
0.00323
0.00326
0.00329
0.00331
0.00333
0.00336
0.00338
0.00341
0.00343
0.00345
0.00347
0.00348
0.00351
0.00352
0.00354
0.00356
0.00358
0.0036
0.00361
0.00363
0.00365
0.00367
0.00369
0.00371
0.00374
0.00375
0.00378
0.0038
0.00382
0.00384
0.00386
0.00387
0.0039
0.00391
0.00393
0.00393
0.00394
0.00395
0.00395
0.00395
0.00395
0.00394
0.00393
0.00391
0.00389
0.00386
0.00384
0.0038
0.00377
0.00373
0.00369
0.00364
0.00359
0.00354
0.00349
0.00344
0.00338
0.00332
0.00327
0.00321
0.00316
0.0031
0.00305
0.003
0.00295
0.0029
0.00286
0.00281
0.00277
0.00273
0.0027
0.00267
0.00264
0.0026
0.00258
0.00255
0.00254
0.00251
0.00249
0.00247
0.00246
0.00244
0.00242
0.00241
0.00239
0.00237
0.00236
0.00235
0.00234
0.00231
0.00231
0.00229
0.00228
0.00226
0.00225
0.00223
0.00223
0.00221
0.0022
0.00219
0.00218
0.00218
0.00218
0.00218
0.00218
0.00218
0.00219
0.00219
0.0022
0.00221
0.00223
0.00224
0.00226
0.00228
0.0023
0.00232
0.00234
0.00237
0.0024
0.00243
0.00246
0.00248
0.00252
0.00255
0.00258
0.00261
0.00264
0.00267
0.0027
0.00272
0.00275
0.00278
0.0028
0.00282
0.00285
0.00287
0.00289
0.0029
0.00292
0.00293
0.00295
0.00295
0.00296
0.00296
0.00297
0.00297
0.00297
0.00296
0.00295
0.00294
0.00293
0.00292
0.00291
0.00288
0.00286
0.00283
0.0028
0.00276
0.00273
0.00268
0.00264
0.00259
0.00254
0.00248
0.00242
0.00235
0.00229
0.00221
0.00214
0.00205
0.00198
0.00188
0.0018
0.0017
0.00161
0.0015
0.00141
0.0013
0.0012
0.00109
0.00098
0.00087
0.00076
0.00066
0.00055
0.00043
0.00033
0.00021
0.00011
-0.0
-0.0001
-0.00021
-0.0003
-0.00041
-0.0005
-0.0006
-0.00069
-0.00078
-0.00086
-0.00095
-0.00102
-0.00111
-0.00118
-0.00126
-0.00132
-0.00139
-0.00145
-0.00152
-0.00157
-0.00163
-0.00168
-0.00174
-0.00179
-0.00183
-0.00187
-0.00191
-0.00195
-0.00199
-0.00202
-0.00205
-0.00208
-0.00211
-0.00213
-0.00215
-0.00216
-0.00218
-0.00218
-0.00219
-0.0022
-0.0022
-0.00219
-0.00218
-0.00217
-0.00216
-0.00214
-0.00213
-0.00209
-0.00207
-0.00204
-0.00202
-0.00198
-0.00194
-0.00191
-0.00187
-0.00183
-0.00179
-0.00174
-0.0017
-0.00165
-0.00161
-0.00156
-0.00152
-0.00148
-0.00144
-0.0014
-0.00136
-0.00132
-0.00129
-0.00125
-0.00122
-0.00119
-0.00116
-0.00114
-0.00111
-0.00109
-0.00107
-0.00105
-0.00104
-0.00102
-0.00101
-0.00099
-0.00099
-0.00097
-0.00097
-0.00096
-0.00096
-0.00095
-0.00094
-0.00094
-0.00093
-0.00092
-0.00092
-0.00091
-0.00091
-0.00089
-0.00089
-0.00088
-0.00087
-0.00085
-0.00084
-0.00083
-0.00081
-0.0008
-0.00078
-0.00075
-0.00073
-0.0007
-0.00068
-0.00064
-0.00062
-0.00057
-0.00054
-0.0005
-0.00047
-0.00042
-0.00038
-0.00033
-0.00028
-0.00023
-0.00017
-0.00011
-5e-05
1e-05
7e-05
0.00014
0.0002
0.00028
0.00034
0.00042
0.00049
0.00057
0.00065
0.00073
0.00081
0.00089
0.00098
0.00107
0.00116
0.00125
0.00133
0.00143
0.00152
0.00161
0.0017
0.0018
0.00188
0.00198
0.00207
0.00216
0.00225
0.00233
0.00242
0.00251
0.00259
0.00268
0.00274
0.00282
0.00289
0.00296
0.00302
0.00309
0.00314
0.0032
0.00324
0.00328
0.00332
0.00335
0.00338
0.00341
0.00343
0.00345
0.00345
0.00346
0.00346
0.00346
0.00345
0.00344
0.00342
0.00341
0.00338
0.00336
0.00333
0.00329
0.00326
0.00322
0.00319
0.00314
0.00309
0.00305
0.003
0.00295
0.00289
0.00284
0.00278
0.00273
0.00267
0.0026
0.00254
0.00247
0.00241
0.00235
0.00228
0.00222
0.00214
0.00208
0.00201
0.00195
0.00188
0.00182
0.00174
0.00169
0.00162
0.00156
0.00149
0.00143
0.00137
0.00132
0.00126
0.00121
0.00115
0.00111
0.00106
0.00101
0.00096
0.00092
0.00087
0.00083
0.00079
0.00074
0.0007
0.00066
0.00062
0.00058
0.00054
0.0005
0.00045
0.00041
0.00036
0.00032
0.00027
0.00023
0.00017
0.00013
8e-05
3e-05
-2e-05
-7e-05
-0.00012
-0.00016
-0.00021
-0.00025
-0.0003
-0.00034
-0.00038
-0.00042
-0.00046
-0.00049
-0.00053
-0.00056
-0.00059
-0.00062
-0.00064
-0.00066
-0.00068
-0.0007
-0.00071
-0.00072
-0.00074
-0.00075
-0.00076
-0.00076
-0.00077
-0.00077
-0.00078
-0.00078
-0.00078
-0.00078
-0.00079
-0.00079
-0.00079
-0.00078
-0.00078
-0.00077
-0.00077
-0.00076
-0.00075
-0.00074
-0.00072
-0.0007
-0.00069
-0.00066
-0.00064
-0.0006
-0.00057
-0.00053
-0.00049
-0.00044
-0.00039
-0.00032
-0.00027
-0.0002
-0.00014
-6e-05
1e-05
0.0001
0.00017
0.00026
0.00034
0.00043
0.00052
0.0006
0.0007
0.00079
0.00087
0.00096
0.00104
0.00113
0.0012
0.00129
0.00135
0.00143
0.00149
0.00156
0.00162
0.00168
0.00173
0.00178
0.00183
0.00187
0.00192
0.00196
0.00198
0.00202
0.00205
0.00208
0.0021
0.00212
0.00214
0.00216
0.00218
0.00219
0.0022
0.00221
0.00222
0.00223
0.00223
0.00224
0.00223
0.00224
0.00223
0.00223
0.00221
0.00221
0.00219
0.00218
0.00216
0.00213
0.0021
0.00207
0.00205
0.00201
0.00198
0.00194
0.0019
0.00186
0.00182
0.00178
0.00173
0.00168
0.00163
0.00159
0.00155
0.0015
0.00145
0.00141
0.00137
0.00133
0.00129
0.00126
0.00121
0.00119
0.00115
0.00113
0.00109
0.00107
0.00104
0.00102
0.001
0.00097
0.00095
0.00093
0.00091
0.00089
0.00087
0.00085
0.00082
0.0008
0.00077
0.00075
0.00072
0.0007
0.00066
0.00063
0.0006
0.00057
0.00053
0.00049
0.00046
0.00042
0.00038
0.00035
0.0003
0.00027
0.00023
0.0002
0.00016
0.00012
8e-05
6e-05
3e-05
-0.0
-3e-05
-6e-05
-8e-05
-0.0001
-0.00012
-0.00013
-0.00016
-0.00016
-0.00018
-0.00018
-0.0002
-0.0002
-0.00021
-0.00021
-0.00022
-0.00022
-0.00022
-0.00023
-0.00022
-0.00022
-0.00022
-0.00021
-0.00022
-0.00021
-0.00021
-0.0002
-0.0002
-0.00019
-0.00018
-0.00017
-0.00016
-0.00015
-0.00014
-0.00013
-0.00011
-9e-05
-7e-05
-4e-05
-3e-05
-0.0
2e-05
5e-05
7e-05
0.0001
0.00012
0.00016
0.00019
0.00022
0.00025
0.00028
0.00031
0.00034
0.00037
0.00041
0.00043
0.00047
0.00049
0.00053
0.00055
0.00058
0.0006
0.00063
0.00066
0.00068
0.0007
0.00072
0.00074
0.00076
0.00078
0.0008
0.00081
0.00084
0.00085
0.00087
0.00089
0.00091
0.00092
0.00095
0.00096
0.00098
0.00099
0.00101
0.00104
0.00106
0.00108
0.0011
0.00112
0.00114
0.00117
0.00119
0.00121
0.00124
0.00126
0.00129
0.00131
0.00134
0.00136
0.00138
0.00141
0.00144
0.00146
0.00149
0.00151
0.00154
0.00156
0.00158
0.0016
0.00163
0.00164
0.00167
0.00169
0.00171
0.00173
0.00175
0.00177
0.00179
0.00181
0.00183
0.00185
0.00187
0.00189
0.00191
0.00193
0.00195
0.00197
0.00199
0.00201
0.00203
0.00205
0.00207
0.00209
0.00211
0.00213
0.00215
0.00216
0.00218
0.0022
0.00222
0.00223
0.00224
0.00225
0.00227
0.00228
0.00228
0.00229
0.00229
0.00229
0.0023
0.0023
0.0023
0.00228
0.00228
0.00227
0.00227
0.00225
0.00224
0.00222
0.00221
0.00219
0.00218
0.00216
0.00214
0.00212
0.0021
0.00208
0.00206
0.00203
0.00202
0.00199
0.00197
0.00194
0.00193
0.00189
0.00188
0.00185
0.00183
0.0018
0.00177
0.00174
0.00172
0.00169
0.00167
0.00163
0.0016
0.00156
0.00154
0.00149
0.00146
0.00142
0.00139
0.00134
0.0013
0.00126
0.00122
0.00118
0.00113
0.00109
0.00105
0.00099
0.00095
0.0009
0.00086
0.00081
0.00077
0.00072
0.00068
0.00062
0.00058
0.00053
0.00048
0.00043
0.00038
0.00034
0.00029
0.00023
0.00019
0.00013
8e-05
2e-05
-3e-05
-9e-05
-0.00014
-0.0002
-0.00026
-0.00032
-0.00039
-0.00045
-0.00051
-0.00057
-0.00063
-0.0007
-0.00076
-0.00083
-0.00089
-0.00096
-0.00102
-0.00109
-0.00114
-0.0012
-0.00126
-0.00132
-0.00138
-0.00142
-0.00147
-0.00152
-0.00156
-0.00161
-0.00164
-0.00168
-0.00171
-0.00174
-0.00177
-0.0018
-0.00181
-0.00183
-0.00185
-0.00187
-0.00188
-0.00189
-0.00189
-0.0019
-0.0019
-0.00191
-0.0019
-0.0019
-0.00189
-0.00189
-0.00188
-0.00188
-0.00186
-0.00186
-0.00184
-0.00183
-0.00182
-0.0018
-0.00178
-0.00177
-0.00174
-0.00173
-0.0017
-0.00169
-0.00166
-0.00165
-0.00162
-0.0016
-0.00157
-0.00155
-0.00153
-0.00151
-0.00149
-0.00147
-0.00145
-0.00143
-0.00141
-0.0014
-0.00137
-0.00136
-0.00134
-0.00133
-0.00131
-0.00131
-0.00129
-0.00128
-0.00127
-0.00127
-0.00126
-0.00125
-0.00124
-0.00123
-0.00121
-0.00121
-0.00119
-0.00118
-0.00117
-0.00116
-0.00114
-0.00113
-0.0011
-0.00108
-0.00105
-0.00103
-0.001
-0.00097
-0.00093
-0.0009
-0.00085
-0.00082
-0.00077
-0.00072
-0.00067
-0.00062
-0.00057
-0.00052
-0.00045
-0.00039
-0.00033
-0.00027
-0.0002
-0.00013
-6e-05
1e-05
9e-05
0.00016
0.00024
0.00032
0.00041
0.00048
0.00057
0.00064
0.00074
0.00082
0.00091
0.00099
0.00108
0.00118
0.00127
0.00137
0.00147
0.00156
0.00166
0.00175
0.00186
0.00195
0.00206
0.00216
0.00226
0.00236
0.00246
0.00256
0.00266
0.00276
0.00286
0.00295
0.00305
0.00313
0.00323
0.00331
0.0034
0.00347
0.00355
0.00362
0.0037
0.00376
0.00382
0.00387
0.00392
0.00397
0.00401
0.00405
0.00408
0.0041
0.00413
0.00414
0.00416
0.00416
0.00417
0.00416
0.00416
0.00414
0.00413
0.00411
0.00408
0.00406
0.00403
0.00399
0.00396
0.00391
0.00387
0.00382
0.00377
0.00371
0.00365
0.00359
0.00353
0.00345
0.00338
0.0033
0.00322
0.00314
0.00306
0.00297
0.00289
0.00279
0.0027
0.0026
0.0025
0.0024
0.0023
0.00219
0.0021
0.00199
0.00189
0.00178
0.00168
0.00158
0.00148
0.00138
0.00129
0.00119
0.0011
0.001
0.00092
0.00083
0.00076
0.00067
0.00061
0.00053
0.00046
0.00039
0.00033
0.00027
0.00022
0.00016
0.00011
6e-05
1e-05
-4e-05
-8e-05
-0.00013
-0.00017
-0.00022
-0.00026
-0.0003
-0.00035
-0.00039
-0.00044
-0.00048
-0.00052
-0.00056
-0.0006
-0.00065
-0.00068
-0.00072
-0.00076
-0.0008
-0.00083
-0.00088
-0.0009
-0.00093
-0.00096
-0.00099
-0.00102
-0.00104
-0.00105
-0.00107
-0.00108
-0.0011
-0.0011
-0.00111
-0.00111
-0.00112
-0.00111
-0.00111
-0.0011
-0.00109
-0.00109
-0.00108
-0.00107
-0.00106
-0.00104
-0.00103
-0.00101
-0.001
-0.00098
-0.00097
-0.00095
-0.00094
-0.00092
-0.0009
-0.00088
-0.00087
-0.00085
-0.00083
-0.00081
-0.00079
-0.00077
-0.00075
-0.00072
-0.0007
-0.00067
-0.00065
-0.00061
-0.00059
-0.00055
-0.00053
-0.00049
-0.00045
-0.00042
-0.00039
-0.00036
-0.00032
-0.00028
-0.00025
-0.00021
-0.00018
-0.00014
-0.00012
-8e-05
-6e-05
-3e-05
-1e-05
2e-05
4e-05
5e-05
7e-05
8e-05
9e-05
0.0001
0.00011
0.00012
0.00012
0.00013
0.00013
0.00013
0.00013
0.00013
0.00013
0.00013
0.00013
0.00013
0.00012
0.00012
0.00012
0.00012
0.00012
0.00013
0.00012
0.00012
0.00012
0.00012
0.00012
0.00012
0.0001
0.00011
9e-05
8e-05
7e-05
5e-05
3e-05
1e-05
-1e-05
-3e-05
-7e-05
-0.0001
-0.00014
-0.00018
-0.00023
-0.00027
-0.00033
-0.00037
-0.00043
-0.00049
-0.00055
-0.00061
-0.00067
-0.00072
-0.00079
-0.00084
-0.00091
-0.00096
-0.00102
-0.00106
-0.00112
-0.00116
-0.00121
-0.00124
-0.00128
-0.00131
-0.00134
-0.00136
-0.00137
-0.00138
-0.00139
-0.00138
-0.00139
-0.00137
-0.00136
-0.00134
-0.00132
-0.00129
-0.00127
-0.00122
-0.00119
-0.00115
-0.00111
-0.00107
-0.00102
-0.00097
-0.00092
-0.00086
-0.00081
-0.00075
-0.0007
-0.00064
-0.00058
-0.00052
-0.00047
-0.0004
-0.00035
-0.00029
-0.00023
-0.00017
-0.00011
-4e-05
2e-05
8e-05
0.00014
0.00021
0.00027
0.00034
0.00041
0.00048
0.00054
0.00061
0.00068
0.00075
0.00082
0.00089
0.00097
0.00105
0.00113
0.00121
0.00128
0.00137
0.00145
0.00154
0.00162
0.00171
0.0018
0.00189
0.00198
0.00208
0.00217
0.00227
0.00237
0.00247
0.00258
0.00268
0.00278
0.00289
0.00299
0.00311
0.00321
0.00332
0.00342
0.00354
0.00364
0.00374
0.00385
0.00395
0.00405
0.00415
0.00424
0.00434
0.00442
0.00451
0.00459
0.00467
0.00474
0.00481
0.00487
0.00494
0.00499
0.00504
0.00509
0.00513
0.00517
0.00521
0.00524
0.00527
0.00528
0.00531
0.00532
0.00534
0.00535
0.00536
0.00536
0.00538
0.00538
0.00538
0.00538
0.00538
0.00539
0.00539
0.00539
0.00539
0.00538
0.00538
0.00537
0.00537
0.00536
0.00536
0.00534
0.00534
0.00533
0.00531
0.0053
0.00528
0.00526
0.00524
0.00522
0.0052
0.00517
0.00515
0.00511
0.00509
0.00505
0.00502
0.00498
0.00495
0.00491
0.00487
0.00483
0.00479
0.00475
0.00471
0.00467
0.00464
0.00459
0.00456
0.00451
0.00448
0.00444
0.00441
0.00437
0.00434
0.0043
0.00427
0.00424
0.00421
0.00418
0.00416
0.00414
0.00412
0.00409
0.00408
0.00406
0.00405
0.00404
0.00403
0.00402
0.00402
0.00402
0.00402
0.00402
0.00403
0.00404
0.00406
0.00408
0.0041
0.00412
0.00415
0.00418
0.00422
0.00425
0.00429
0.00433
0.00438
0.00442
0.00447
0.00452
0.00457
0.00462
0.00468
0.00473
0.00479
0.00484
0.00489
0.00494
0.005
0.00505
0.0051
0.00514
0.00519
0.00523
0.00527
0.00531
0.00534
0.00538
0.00541
0.00544
0.00547
0.00548
0.00551
0.00553
0.00555
0.00556
0.00557
0.00558
0.00559
0.00559
0.0056
0.0056
0.0056
0.0056
0.0056
0.00559
0.00559
0.00557
0.00557
0.00556
0.00555
0.00553
0.00551
0.00549
0.00547
0.00545
0.00542
0.00539
0.00536
0.00534
0.00531
0.00527
0.00524
0.00519
0.00516
0.00511
0.00508
0.00502
0.00498
0.00493
0.00489
0.00484
0.00479
0.00473
0.00468
0.00463
0.00458
0.00453
0.00448
0.00442
0.00437
0.00431
0.00426
0.00419
0.00414
0.00408
0.00403
0.00397
0.00391
0.00384
0.00378
0.00372
0.00366
0.0036
0.00354
0.00347
0.00341
0.00334
0.00328
0.00321
0.00315
0.00308
0.00302
0.00295
0.00288
0.00282
0.00275
0.0027
0.00264
0.00258
0.00252
0.00246
0.00241
0.00235
0.00231
0.00225
0.00221
0.00216
0.00212
0.00208
0.00204
0.00199
0.00195
0.00192
0.00188
0.00184
0.00181
0.00177
0.00174
0.0017
0.00167
0.00162
0.00159
0.00154
0.0015
0.00146
0.00142
0.00137
0.00132
0.00127
0.00122
0.00117
0.00112
0.00106
0.00101
0.00095
0.0009
0.00083
0.00078
0.00072
0.00067
0.0006
0.00055
0.00049
0.00043
0.00037
0.00032
0.00027
0.00022
0.00017
0.00012
8e-05
4e-05
-1e-05
-4e-05
-8e-05
-0.00011
-0.00014
-0.00017
-0.0002
-0.00022
-0.00024
-0.00026
-0.00027
-0.00028
-0.0003
-0.00031
-0.00032
-0.00032
-0.00033
-0.00033
-0.00035
-0.00034
-0.00035
-0.00036
-0.00036
-0.00037
-0.00037
-0.00038
-0.00039
-0.00039
-0.00041
-0.00041
-0.00043
-0.00043
-0.00045
-0.00047
-0.00049
-0.0005
-0.00052
-0.00054
-0.00057
-0.00059
-0.00061
-0.00063
-0.00065
-0.00067
-0.0007
-0.00071
-0.00074
-0.00075
-0.00077
-0.00078
-0.0008
-0.0008
-0.00081
-0.00082
-0.00082
-0.00083
-0.00083
-0.00082
-0.00082
-0.00081
-0.0008
-0.00079
-0.00078
-0.00076
-0.00075
-0.00073
-0.00071
-0.00069
-0.00067
-0.00065
-0.00064
-0.00062
-0.0006
-0.00058
-0.00056
-0.00054
-0.00053
-0.00051
-0.00049
-0.00047
-0.00046
-0.00045
-0.00044
-0.00042
-0.00041
-0.0004
-0.00039
-0.00038
-0.00036
-0.00035
-0.00033
-0.00032
-0.00031
-0.00029
-0.00028
-0.00026
-0.00024
-0.00022
-0.00021
-0.00018
-0.00016
-0.00014
-0.00012
-0.0001
-7e-05
-4e-05
-2e-05
1e-05
3e-05
6e-05
9e-05
0.00012
0.00014
0.00018
0.0002
0.00023
0.00026
0.00029
0.00032
0.00034
0.00038
0.00041
0.00044
0.00048
0.0005
0.00055
0.00058
0.00062
0.00065
0.0007
0.00073
0.00078
0.00082
0.00086
0.00091
0.00095
0.001
0.00105
0.0011
0.00116
0.0012
0.00126
0.00131
0.00136
0.00141
0.00147
0.00152
0.00158
0.00163
0.00169
0.00174
0.00179
0.00184
0.0019
0.00195
0.002
0.00205
0.0021
0.00215
0.0022
0.00224
0.00229
0.00233
0.00239
0.00243
0.00247
0.00251
0.00256
0.0026
0.00264
0.00268
0.00273
0.00276
0.00281
0.00284
0.00288
0.00292
0.00295
0.00298
0.00302
0.00306
0.00309
0.00312
0.00314
0.00317
0.0032
0.00322
0.00325
0.00326
0.00329
0.0033
0.00332
0.00333
0.00334
0.00334
0.00336
0.00336
0.00336
0.00335
0.00335
0.00334
0.00334
0.00332
0.00331
0.00329
0.00328
0.00325
0.00324
0.00321
0.00319
0.00316
0.00313
0.0031
0.00307
0.00304
0.00301
0.00298
0.00295
0.00292
0.00288
0.00285
0.00282
0.00278
0.00276
0.00272
0.00269
0.00266
0.00263
0.0026
0.00258
0.00255
0.00252
0.00249
0.00247
0.00245
0.00243
0.00239
0.00238
0.00235
0.00234
0.00231
0.0023
0.00227
0.00226
0.00224
0.00222
0.0022
0.00218
0.00217
0.00215
0.00214
0.00213
0.0021
0.0021
0.00208
0.00207
0.00206
0.00205
0.00204
0.00204
0.00202
0.00202
0.00201
0.00201
0.00201
0.00201
0.00201
0.00201
0.00201
0.00202
0.00202
0.00203
0.00204
0.00205
0.00206
0.00208
0.00208
0.0021
0.00211
0.00213
0.00215
0.00217
0.00219
0.00222
0.00223
0.00226
0.00229
0.00232
