8.31587815716627E+02

0.00328
0.0033
0.00332
0.00333
0.00335
0.00336
0.00338
0.00339
0.0034
0.00342
0.00343
0.00344
0.00346
0.00346
0.00348
0.00349
0.00351
0.00351
0.00353
0.00353
0.00355
0.00355
0.00356
0.00356
0.00357
0.00357
0.00357
0.00357
0.00357
0.00356
0.00355
0.00353
0.00352
0.0035
0.00348
0.00344
0.00342
0.00338
0.00334
0.0033
0.00325
0.0032
0.00315
0.00309
0.00303
0.00296
0.00289
0.00282
0.00275
0.00266
0.00258
0.00249
0.00241
0.00232
0.00223
0.00213
0.00203
0.00194
0.00184
0.00174
0.00164
0.00153
0.00144
0.00133
0.00123
0.00112
0.00102
0.00092
0.00082
0.00072
0.00062
0.00051
0.00042
0.00032
0.00023
0.00013
5e-05
-5e-05
-0.00014
-0.00022
-0.0003
-0.00039
-0.00047
-0.00055
-0.00062
-0.0007
-0.00077
-0.00084
-0.00091
-0.00098
-0.00104
-0.0011
-0.00116
-0.00122
-0.00127
-0.00133
-0.00137
-0.00143
-0.00147
-0.00152
-0.00156
-0.0016
-0.00164
-0.00168
-0.00171
-0.00174
-0.00177
-0.00179
-0.00181
-0.00184
-0.00185
-0.00187
-0.00187
-0.00189
-0.00189
-0.0019
-0.00189
-0.00189
-0.00188
-0.00187
-0.00186
-0.00184
-0.00181
-0.00179
-0.00176
-0.00174
-0.00171
-0.00168
-0.00164
-0.00161
-0.00157
-0.00153
-0.00149
-0.00145
-0.00141
-0.00137
-0.00133
-0.00128
-0.00124
-0.0012
-0.00115
-0.00112
-0.00107
-0.00104
-0.00099
-0.00096
-0.00092
-0.00089
-0.00084
-0.00081
-0.00078
-0.00075
-0.00071
-0.00068
-0.00064
-0.00061
-0.00057
-0.00054
-0.00051
-0.00047
-0.00043
-0.0004
-0.00037
-0.00033
-0.00029
-0.00026
-0.00022
-0.00019
-0.00015
-0.00011
-7e-05
-4e-05
-0.0
3e-05
7e-05
9e-05
0.00013
0.00015
0.00019
0.0002
0.00023
0.00025
0.00027
0.00029
0.0003
0.00031
0.00032
0.00032
0.00032
0.00031
0.00032
0.0003
0.0003
0.00028
0.00026
0.00023
0.00022
0.00019
0.00016
0.00012
9e-05
5e-05
2e-05
-2e-05
-6e-05
-0.00011
-0.00015
-0.0002
-0.00025
-0.0003
-0.00035
-0.0004
-0.00045
-0.00051
-0.00056
-0.00062
-0.00067
-0.00072
-0.00078
-0.00083
-0.00089
-0.00095
-0.001
-0.00106
-0.00111
-0.00118
-0.00123
-0.0013
-0.00134
-0.00141
-0.00146
-0.00153
-0.00158
-0.00164
-0.0017
-0.00175
-0.00181
-0.00187
-0.00192
-0.00198
-0.00202
-0.00208
-0.00213
-0.00218
-0.00222
-0.00227
-0.00231
-0.00236
-0.0024
-0.00243
-0.00246
-0.00249
-0.00252
-0.00255
-0.00256
-0.00259
-0.00259
-0.00261
-0.00262
-0.00263
-0.00263
-0.00263
-0.00263
-0.00262
-0.00261
-0.0026
-0.00258
-0.00256
-0.00254
-0.00253
-0.0025
-0.00248
-0.00244
-0.00242
-0.00239
-0.00237
-0.00233
-0.0023
-0.00227
-0.00224
-0.00221
-0.00217
-0.00214
-0.00211
-0.00207
-0.00204
-0.002
-0.00198
-0.00193
-0.00191
-0.00187
-0.00184
-0.0018
-0.00177
-0.00173
-0.00169
-0.00166
-0.00162
-0.00158
-0.00154
-0.00149
-0.00145
-0.0014
-0.00136
-0.00131
-0.00126
-0.00121
-0.00116
-0.0011
-0.00105
-0.00099
-0.00093
-0.00088
-0.00081
-0.00075
-0.00069
-0.00062
-0.00056
-0.00049
-0.00043
-0.00036
-0.00031
-0.00024
-0.00018
-0.00011
-6e-05
0.0
6e-05
0.00011
0.00017
0.00022
0.00027
0.00032
0.00035
0.0004
0.00043
0.00047
0.0005
0.00053
0.00055
0.00058
0.0006
0.00062
0.00063
0.00064
0.00065
0.00066
0.00066
0.00067
0.00066
0.00066
0.00066
0.00066
0.00064
0.00064
0.00063
0.00063
0.00061
0.00061
0.0006
0.00059
0.00058
0.00058
0.00057
0.00057
0.00056
0.00056
0.00056
0.00057
0.00056
0.00057
0.00057
0.00059
0.00059
0.00061
0.00062
0.00063
0.00065
0.00067
0.00069
0.00072
0.00074
0.00077
0.00079
0.00083
0.00085
0.00088
0.00091
0.00095
0.00099
0.00102
0.00106
0.0011
0.00114
0.00119
0.00123
0.00128
0.00132
0.00137
0.00142
0.00147
0.00152
0.00158
0.00162
0.00169
0.00174
0.0018
0.00185
0.00191
0.00196
0.00202
0.00208
0.00214
0.00219
0.00224
0.00229
0.00235
0.00239
0.00244
0.00248
0.00254
0.00257
0.00261
0.00264
0.00267
0.0027
0.00273
0.00275
0.00278
0.00279
0.00281
0.00282
0.00284
0.00284
0.00285
0.00286
0.00287
0.00287
0.00288
0.00288
0.00289
0.0029
0.00291
0.00292
0.00293
0.00294
0.00296
0.00297
0.00299
0.003
0.00303
0.00305
0.00308
0.0031
0.00312
0.00315
0.00318
0.00321
0.00324
0.00328
0.00331
0.00334
0.00338
0.00341
0.00345
0.00347
0.00351
0.00354
0.00358
0.00361
0.00364
0.00367
0.0037
0.00373
0.00377
0.0038
0.00384
0.00386
0.00391
0.00394
0.00398
0.00401
0.00405
0.00409
0.00413
0.00417
0.00421
0.00425
0.0043
0.00435
0.00439
0.00444
0.00449
0.00453
0.00458
0.00463
0.00468
0.00472
0.00477
0.00481
0.00486
0.00489
0.00493
0.00497
0.005
0.00504
0.00507
0.00509
0.00512
0.00513
0.00515
0.00516
0.00518
0.00518
0.00518
0.00517
0.00517
0.00516
0.00514
0.00511
0.00509
0.00506
0.00502
0.00499
0.00494
0.00489
0.00484
0.00477
0.00472
0.00464
0.00457
0.00449
0.00442
0.00433
0.00423
0.00414
0.00404
0.00394
0.00384
0.00373
0.00363
0.00351
0.0034
0.00329
0.00318
0.00306
0.00294
0.00282
0.00271
0.00259
0.00248
0.00236
0.00224
0.00213
0.00202
0.00191
0.0018
0.00168
0.00158
0.00146
0.00135
0.00124
0.00113
0.00101
0.0009
0.00078
0.00067
0.00055
0.00042
0.0003
0.00018
5e-05
-7e-05
-0.00021
-0.00034
-0.00048
-0.00061
-0.00075
-0.00089
-0.00103
-0.00116
-0.0013
-0.00144
-0.00158
-0.00171
-0.00184
-0.00197
-0.00209
-0.00221
-0.00233
-0.00243
-0.00254
-0.00264
-0.00274
-0.00282
-0.00291
-0.00298
-0.00305
-0.00311
-0.00316
-0.00321
-0.00325
-0.00329
-0.00331
-0.00333
-0.00336
-0.00336
-0.00337
-0.00336
-0.00336
-0.00335
-0.00334
-0.00331
-0.00329
-0.00326
-0.00323
-0.00319
-0.00314
-0.00309
-0.00304
-0.00298
-0.00293
-0.00286
-0.0028
-0.00272
-0.00265
-0.00256
-0.00249
-0.00239
-0.0023
-0.00221
-0.00211
-0.00201
-0.00191
-0.0018
-0.00169
-0.00158
-0.00147
-0.00136
-0.00125
-0.00113
-0.00103
-0.00091
-0.0008
-0.00069
-0.00058
-0.00047
-0.00037
-0.00027
-0.00017
-7e-05
3e-05
0.00013
0.00021
0.00031
0.00039
0.00048
0.00055
0.00064
0.00071
0.0008
0.00087
0.00094
0.00101
0.00108
0.00116
0.00123
0.0013
0.00137
0.00144
0.00151
0.00158
0.00165
0.00171
0.00179
0.00185
0.00192
0.00198
0.00205
0.00211
0.00217
0.00223
0.00229
0.00234
0.0024
0.00244
0.00249
0.00254
0.00259
0.00262
0.00266
0.00269
0.00273
0.00275
0.00278
0.0028
0.00282
0.00284
0.00286
0.00288
0.0029
0.0029
0.00292
0.00293
0.00294
0.00295
0.00296
0.00296
0.00298
0.00298
0.00299
0.00299
0.003
0.00301
0.00302
0.00302
0.00304
0.00304
0.00305
0.00305
0.00306
0.00306
0.00307
0.00307
0.00308
0.00308
0.00309
0.00309
0.00309
0.00309
0.00309
0.00309
0.0031
0.00309
0.0031
0.00309
0.0031
0.00309
0.0031
0.00309
0.0031
0.0031
0.00311
0.00311
0.00312
0.00313
0.00314
0.00315
0.00317
0.00318
0.0032
0.00322
0.00324
0.00326
0.00329
0.00331
0.00335
0.00338
0.00341
0.00344
0.00347
0.00351
0.00355
0.00359
0.00363
0.00366
0.00371
0.00375
0.00379
0.00383
0.00387
0.00391
0.00396
0.004
0.00405
0.00409
0.00413
0.00418
0.00422
0.00426
0.00431
0.00435
0.0044
0.00444
0.00449
0.00454
0.00459
0.00463
0.00469
0.00473
0.00478
0.00483
0.00488
0.00493
0.00499
0.00504
0.0051
0.00515
0.00521
0.00526
0.00533
0.00538
0.00545
0.00551
0.00558
0.00565
0.00572
0.00579
0.00586
0.00595
0.00603
0.00611
0.00621
0.00629
0.00639
0.00649
0.0066
0.0067
0.00682
0.00693
0.00706
0.00719
0.00732
0.00745
0.00759
0.00774
0.0079
0.00806
0.00822
0.00838
0.00856
0.00874
0.00893
0.00911
0.00931
0.0095
0.00971
0.00992
0.01013
0.01035
0.01058
0.01081
0.01105
0.01129
0.01154
0.01179
0.01205
0.01231
0.01258
0.01285
0.01313
0.01341
0.01371
0.014
0.01429
0.01459
0.0149
0.01521
0.01553
0.01584
0.01617
0.01648
0.01682
0.01714
0.01747
0.0178
0.01813
0.01846
0.01881
0.01914
0.01947
0.0198
0.02013
0.02047
0.0208
0.02113
0.02146
0.02179
0.02212
0.02244
0.02277
0.02309
0.02341
0.02372
0.02405
0.02436
0.02467
0.02498
0.02529
0.0256
0.02591
0.02622
0.02652
0.02682
0.02712
0.02742
0.02772
0.02801
0.0283
0.02859
0.02888
0.02916
0.02944
0.02971
0.02999
0.03026
0.03053
0.03079
0.03105
0.0313
0.03156
0.0318
0.03205
0.03229
0.03252
0.03276
0.03299
0.03322
0.03344
0.03366
0.03387
0.03409
0.0343
0.03451
0.03472
0.03492
0.03513
0.03533
0.03553
0.03572
0.03592
0.03611
0.0363
0.03649
0.03668
0.03686
0.03704
0.03722
0.0374
0.03757
0.03774
0.03791
0.03807
0.03823
0.03839
0.03854
0.03869
0.03883
0.03897
0.0391
0.03923
0.03936
0.03948
0.0396
0.03971
0.03981
0.03992
0.04001
0.0401
0.04019
0.04027
0.04035
0.04043
0.04049
0.04056
0.04061
0.04067
0.04072
0.04076
0.04081
0.04084
0.04087
0.0409
0.04092
0.04094
0.04095
0.04096
0.04097
0.04097
0.04096
0.04095
0.04094
0.04092
0.04089
0.04086
0.04083
0.0408
0.04076
0.04072
0.04067
0.04062
0.04056
0.04051
0.04045
0.04039
0.04032
0.04026
0.04019
0.04013
0.04006
0.03999
0.03992
0.03985
0.03977
0.0397
0.03963
0.03956
0.03948
0.03942
0.03934
0.03927
0.0392
0.03913
0.03905
0.03898
0.03891
0.03883
0.03876
0.03869
0.03861
0.03854
0.03846
0.03838
0.0383
0.03823
0.03814
0.03807
0.03798
0.03791
0.03782
0.03774
0.03766
0.03757
0.03749
0.03741
0.03732
0.03724
0.03716
0.03708
0.03699
0.03692
0.03683
0.03675
0.03667
0.0366
0.03652
0.03644
0.03636
0.03628
0.03621
0.03613
0.03605
0.03597
0.03589
0.03581
0.03572
0.03564
0.03555
0.03546
0.03536
0.03527
0.03517
0.03506
0.03495
0.03484
0.03473
0.03461
0.03449
0.03436
0.03423
0.0341
0.03396
0.03382
0.03368
0.03354
0.03339
0.03325
0.0331
0.03295
0.0328
0.03264
0.0325
0.03235
0.0322
0.03206
0.03191
0.03177
0.03163
0.0315
0.03136
0.03124
0.03111
0.03099
0.03087
0.03075
0.03064
0.03053
0.03042
0.03032
0.03022
0.03012
0.03002
0.02993
0.02984
0.02976
0.02967
0.02959
0.0295
0.02943
0.02935
0.02927
0.0292
0.02912
0.02905
0.02898
0.02892
0.02885
0.02878
0.02872
0.02866
0.02861
0.02855
0.0285
0.02844
0.0284
0.02835
0.02831
0.02826
0.02822
0.02819
0.02815
0.02812
0.02809
0.02806
0.02804
0.02801
0.02799
0.02796
0.02794
0.02791
0.02789
0.02787
0.02785
0.02783
0.0278
0.02778
0.02775
0.02773
0.0277
0.02767
0.02764
0.0276
0.02757
0.02753
0.02749
0.02744
0.0274
0.02735
0.0273
0.02725
0.02719
0.02714
0.02708
0.02702
0.02695
0.02688
0.02682
0.02674
0.02667
0.02659
0.02651
0.02643
0.02635
0.02626
0.02617
0.02607
0.02598
0.02588
0.02578
0.02568
0.02558
0.02546
0.02535
0.02524
0.02512
0.025
0.02488
0.02476
0.02463
0.0245
0.02437
0.02424
0.0241
0.02397
0.02383
0.02369
0.02355
0.0234
0.02326
0.02312
0.02297
0.02282
0.02268
0.02253
0.02238
0.02223
0.02209
0.02194
0.02179
0.02164
0.0215
0.02135
0.02121
0.02106
0.02092
0.02077
0.02064
0.02049
0.02036
0.02022
0.02009
0.01995
0.01982
0.01969
0.01957
0.01944
0.01932
0.0192
0.01909
0.01897
0.01886
0.01875
0.01864
0.01853
0.01843
0.01833
0.01823
0.01813
0.01804
0.01795
0.01786
0.01777
0.01769
0.0176
0.01752
0.01744
0.01737
0.01729
0.01722
0.01714
0.01708
0.017
0.01694
0.01687
0.01681
0.01675
0.01669
0.01663
0.01658
0.01653
0.01648
0.01642
0.01638
0.01633
0.01629
0.01624
0.0162
0.01616
0.01612
0.01608
0.01604
0.016
0.01596
0.01593
0.01589
0.01586
0.01582
0.01578
0.01575
0.01571
0.01567
0.01562
0.01559
0.01554
0.0155
0.01545
0.01539
0.01534
0.01529
0.01523
0.01518
0.01512
0.01506
0.01499
0.01493
0.01486
0.0148
0.01472
0.01466
0.01458
0.01451
0.01443
0.01436
0.01428
0.0142
0.01412
0.01404
0.01396
0.01388
0.01379
0.01371
0.01362
0.01353
0.01344
0.01335
0.01325
0.01316
0.01305
0.01295
0.01284
0.01274
0.01263
0.01251
0.0124
0.01229
0.01216
0.01204
0.01191
0.01179
0.01165
0.01152
0.01138
0.01125
0.01111
0.01097
0.01083
0.01069
0.01056
0.01042
0.01028
0.01015
0.01001
0.00988
0.00974
0.00962
0.00949
0.00937
0.00924
0.00913
0.00901
0.0089
0.00879
0.00868
0.00858
0.00848
0.00838
0.00829
0.00819
0.0081
0.00801
0.00793
0.00785
0.00777
0.00769
0.00761
0.00754
0.00746
0.00739
0.00732
0.00726
0.00719
0.00713
0.00707
0.00701
0.00696
0.00691
0.00686
0.00681
0.00677
0.00672
0.0067
0.00666
0.00663
0.00661
0.00659
0.00658
0.00657
0.00656
0.00656
0.00656
0.00657
0.00658
0.0066
0.00662
0.00664
0.00667
0.0067
0.00673
0.00677
0.0068
0.00684
0.00688
0.00692
0.00697
0.00701
0.00705
0.00709
0.00713
0.00717
0.0072
0.00724
0.00727
0.00731
0.00734
0.00737
0.00739
0.00742
0.00744
0.00746
0.00748
0.0075
0.00751
0.00754
0.00755
0.00757
0.00757
0.00759
0.0076
0.00762
0.00762
0.00764
0.00764
0.00766
0.00767
0.00768
0.0077
0.00771
0.00772
0.00774
0.00775
0.00777
0.00777
0.00779
0.0078
0.00782
0.00783
0.00784
0.00785
0.00786
0.00788
0.00789
0.0079
0.00791
0.00791
0.00792
0.00793
0.00794
0.00793
0.00794
0.00794
0.00794
0.00794
0.00794
0.00793
0.00793
0.00793
0.00792
0.00791
0.00791
0.00789
0.00788
0.00786
0.00785
0.00783
0.00781
0.00778
0.00776
0.00772
0.00769
0.00765
0.0076
0.00756
0.00751
0.00745
0.0074
0.00733
0.00726
0.00719
0.00711
0.00702
0.00694
0.00684
0.00675
0.00665
0.00655
0.00644
0.00633
0.00622
0.00611
0.006
0.00589
0.00577
0.00566
0.00554
0.00544
0.00532
0.00522
0.00511
0.00501
0.00491
0.00481
0.00472
0.00463
0.00455
0.00447
0.0044
0.00433
0.00426
0.0042
0.00414
0.00409
0.00403
0.00399
0.00394
0.0039
0.00385
0.00382
0.00378
0.00374
0.00371
0.00368
0.00365
0.00362
0.00358
0.00356
0.00353
0.0035
0.00347
0.00345
0.00342
0.00339
0.00337
0.00334
0.00332
0.0033
0.00328
0.00327
0.00325
0.00324
0.00323
0.00323
0.00322
0.00322
0.00322
0.00323
0.00323
0.00325
0.00326
0.00327
0.00329
0.00331
0.00333
0.00336
0.00339
0.00342
0.00344
0.00347
0.0035
0.00353
0.00356
0.00359
0.00361
0.00364
0.00366
0.00368
0.0037
0.00371
0.00373
0.00374
0.00374
0.00375
0.00375
0.00375
0.00374
0.00373
0.00372
0.0037
0.00368
0.00367
0.00363
0.00361
0.00358
0.00354
0.00351
0.00347
0.00343
0.00339
0.00334
0.0033
0.00325
0.00321
0.00316
0.00311
0.00306
0.00301
0.00296
0.00291
0.00286
0.00281
0.00276
0.00272
0.00267
0.00263
0.00258
0.00254
0.0025
0.00246
0.00242
0.00239
0.00235
0.00233
0.0023
0.00227
0.00224
0.00222
0.0022
0.00219
0.00217
0.00216
0.00214
0.00214
0.00213
0.00213
0.00213
0.00213
0.00213
0.00214
0.00214
0.00215
0.00216
0.00217
0.00218
0.0022
0.00221
0.00223
0.00224
0.00226
0.00228
0.0023
0.00231
0.00233
0.00235
0.00237
0.00238
0.00241
0.00242
0.00244
0.00246
0.00248
0.0025
0.00252
0.00253
0.00255
0.00257
0.00259
0.00261
0.00263
0.00265
0.00268
0.0027
0.00272
0.00275
0.00278
0.00281
0.00284
0.00287
0.00291
0.00294
0.00299
0.00302
0.00307
0.00312
0.00317
0.00322
0.00328
0.00334
0.0034
0.00346
0.00353
0.0036
0.00368
0.00376
0.00384
0.00392
0.00401
0.0041
0.0042
0.00429
0.00439
0.00448
0.00459
0.0047
0.00481
0.00492
0.00503
0.00514
0.00526
0.00538
0.00551
0.00562
0.00575
0.00587
0.006
0.00612
0.00625
0.00638
0.00651
0.00663
0.00676
0.00688
0.007
0.00712
0.00725
0.00736
0.00748
0.00758
0.0077
0.0078
0.00791
0.00799
0.00809
0.00817
0.00826
0.00833
0.0084
0.00846
0.00852
0.00857
0.00862
0.00866
0.00869
0.00871
0.00873
0.00874
0.00875
0.00874
0.00873
0.00871
0.0087
0.00867
0.00864
0.0086
0.00855
0.0085
0.00845
0.00839
0.00834
0.00826
0.0082
0.00812
0.00805
0.00796
0.00788
0.00779
0.0077
0.0076
0.00751
0.00741
0.0073
0.00719
0.00708
0.00697
0.00685
0.00672
0.0066
0.00647
0.00635
0.0062
0.00607
0.00592
0.00577
0.00562
0.00547
0.00531
0.00514
0.00498
0.00481
0.00464
0.00448
0.0043
0.00413
0.00395
0.00378
0.0036
0.00343
0.00325
0.00309
0.00292
0.00275
0.00258
0.00242
0.00227
0.00212
0.00197
0.00184
0.00169
0.00157
0.00144
0.00132
0.0012
0.0011
0.00099
0.0009
0.0008
0.00072
0.00063
0.00055
0.00048
0.00042
0.00035
0.0003
0.00023
0.00018
0.00013
9e-05
4e-05
-0.0
-5e-05
-8e-05
-0.00012
-0.00016
-0.00019
-0.00023
-0.00026
-0.00029
-0.00031
-0.00034
-0.00037
-0.00039
-0.00042
-0.00044
-0.00047
-0.00049
-0.00051
-0.00053
-0.00055
-0.00056
-0.00058
-0.0006
-0.00061
-0.00062
-0.00063
-0.00063
-0.00065
-0.00065
-0.00066
-0.00065
-0.00066
-0.00066
-0.00067
-0.00066
-0.00066
-0.00066
-0.00065
-0.00065
-0.00065
-0.00064
-0.00063
-0.00062
-0.00062
-0.00061
-0.00061
-0.00059
-0.00059
-0.00058
-0.00058
-0.00056
-0.00056
-0.00055
-0.00055
-0.00054
-0.00054
-0.00053
-0.00053
-0.00052
-0.00053
-0.00052
-0.00052
-0.00052
-0.00053
-0.00052
-0.00053
-0.00053
-0.00054
-0.00055
-0.00055
-0.00056
-0.00057
-0.00058
-0.00059
-0.00059
-0.00061
-0.00062
-0.00063
-0.00064
-0.00065
-0.00066
-0.00067
-0.00068
-0.00069
-0.0007
-0.00071
-0.00072
-0.00072
-0.00073
-0.00074
-0.00074
-0.00075
-0.00074
-0.00075
-0.00074
-0.00075
-0.00074
-0.00075
-0.00074
-0.00073
-0.00073
-0.00072
-0.00071
-0.0007
-0.00069
-0.00068
-0.00066
-0.00065
-0.00063
-0.00061
-0.00058
-0.00057
-0.00054
-0.00053
-0.00049
-0.00047
-0.00044
-0.00042
-0.00039
-0.00036
-0.00032
-0.00029
-0.00026
-0.00023
-0.00019
-0.00016
-0.00012
-9e-05
-6e-05
-3e-05
1e-05
4e-05
7e-05
0.0001
0.00013
0.00017
0.0002
0.00023
0.00026
0.00028
0.00031
0.00034
0.00037
0.00039
0.00042
0.00043
0.00046
0.00048
0.0005
0.00052
0.00054
0.00056
0.00058
0.00059
0.00061
0.00062
0.00064
0.00064
0.00066
0.00067
0.00068
0.00068
0.00069
0.00069
0.00069
0.00068
0.00068
0.00068
0.00067
0.00066
0.00065
0.00063
0.00062
0.0006
0.00059
0.00056
0.00055
0.00052
0.0005
0.00047
0.00045
0.00042
0.00039
0.00036
0.00033
0.0003
0.00028
0.00024
0.00022
0.00019
0.00016
0.00013
0.0001
7e-05
5e-05
2e-05
-1e-05
-3e-05
-6e-05
-8e-05
-0.00011
-0.00013
-0.00015
-0.00018
-0.00019
-0.00022
-0.00023
-0.00026
-0.00027
-0.0003
-0.00031
-0.00032
-0.00034
-0.00036
-0.00037
-0.00038
-0.00038
-0.00039
-0.00039
-0.0004
-0.00039
-0.00039
-0.00038
-0.00038
-0.00036
-0.00035
-0.00033
-0.00031
-0.00028
-0.00026
-0.00023
-0.00019
-0.00016
-0.00012
-7e-05
-3e-05
3e-05
7e-05
0.00013
0.00018
0.00024
0.0003
0.00037
0.00043
0.0005
0.00056
0.00063
0.00071
0.00078
0.00085
0.00093
0.001
0.00109
0.00116
0.00125
0.00133
0.00141
0.00149
0.00158
0.00167
0.00175
0.00184
0.00193
0.00202
0.00211
0.0022
0.0023
0.00238
0.00248
0.00257
0.00267
0.00276
0.00286
0.00294
0.00304
0.00313
0.00322
0.00331
0.00339
0.00348
0.00356
0.00364
0.00372
0.00379
0.00387
0.00393
0.004
0.00406
0.00412
0.00417
0.00422
0.00427
0.00431
0.00434
0.00438
0.00441
0.00444
0.00446
0.00448
0.00449
0.0045
0.0045
0.00451
0.00451
0.00451
0.0045
0.00449
0.00448
0.00446
0.00444
0.00442
0.0044
0.00438
0.00435
0.00432
0.00429
0.00426
0.00422
0.00419
0.00414
0.0041
0.00406
0.00402
0.00397
0.00392
0.00387
0.00382
0.00377
0.00372
0.00366
0.00361
0.00354
0.00349
0.00342
0.00337
0.0033
0.00324
0.00317
0.00311
0.00304
0.00297
0.0029
0.00283
0.00277
0.0027
0.00264
0.00258
0.0025
0.00245
0.00238
0.00232
0.00226
0.0022
0.00214
0.00209
0.00204
0.00198
0.00193
0.00188
0.00184
0.0018
0.00176
0.00172
0.00168
0.00164
0.00161
0.00158
0.00154
0.00152
0.00148
0.00146
0.00143
0.00141
0.00138
0.00135
0.00133
0.00131
0.00129
0.00126
0.00124
0.00122
0.0012
0.00118
0.00115
0.00114
0.00111
0.0011
0.00108
0.00107
0.00105
0.00103
0.00102
0.00101
0.001
0.00099
0.00097
0.00097
0.00096
0.00096
0.00095
0.00095
0.00094
0.00095
0.00094
0.00094
0.00093
0.00093
0.00093
0.00093
0.00093
0.00093
0.00092
0.00092
0.00092
0.00092
0.0009
0.0009
0.00088
0.00088
0.00087
0.00086
0.00085
0.00083
0.00082
0.00081
0.0008
0.00079
0.00076
0.00076
0.00074
0.00073
0.00071
0.0007
0.00068
0.00068
0.00067
0.00065
0.00064
0.00063
0.00062
0.00061
0.0006
0.0006
0.00058
0.00058
0.00056
0.00056
0.00054
0.00053
0.00051
0.0005
0.00048
0.00046
0.00044
0.00042
0.0004
0.00038
0.00035
0.00033
0.00029
0.00027
0.00023
0.0002
0.00017
0.00013
9e-05
6e-05
2e-05
-2e-05
-5e-05
-9e-05
-0.00013
-0.00016
-0.0002
-0.00023
-0.00027
-0.0003
-0.00033
-0.00036
-0.0004
-0.00042
-0.00045
-0.00047
-0.00051
-0.00053
-0.00056
-0.00058
-0.0006
-0.00062
-0.00064
-0.00065
-0.00068
-0.00069
-0.00071
-0.00072
-0.00075
-0.00076
-0.00078
-0.00079
-0.0008
-0.00082
-0.00083
-0.00085
-0.00086
-0.00087
-0.00089
-0.0009
-0.00092
-0.00093
-0.00095
-0.00096
-0.00098
-0.001
-0.00102
-0.00103
-0.00105
-0.00108
-0.0011
-0.00113
-0.00115
-0.00117
-0.0012
-0.00122
-0.00126
-0.00129
-0.00132
-0.00135
-0.00139
-0.00142
-0.00146
-0.00149
-0.00153
-0.00157
-0.00161
-0.00165
-0.00168
-0.00172
-0.00175
-0.00179
-0.00183
-0.00186
-0.00189
-0.00192
-0.00195
-0.00198
-0.00202
-0.00203
-0.00206
-0.00209
-0.00212
-0.00214
-0.00217
-0.00219
-0.00221
-0.00223
-0.00226
-0.00227
-0.0023
-0.00232
-0.00234
-0.00236
-0.00239
-0.00241
-0.00243
-0.00246
-0.00248
-0.00251
-0.00253
-0.00255
-0.00257
-0.00258
-0.00261
-0.00262
-0.00264
-0.00264
-0.00265
-0.00266
-0.00266
-0.00266
-0.00265
-0.00265
-0.00264
-0.00262
-0.0026
-0.00257
-0.00254
-0.0025
-0.00247
-0.00242
-0.00238
-0.00232
-0.00228
-0.00221
-0.00216
-0.00209
-0.00203
-0.00196
-0.00189
-0.00182
-0.00175
-0.00168
-0.00161
-0.00153
-0.00146
-0.00138
-0.00131
-0.00124
-0.00117
-0.0011
-0.00104
-0.00096
-0.0009
-0.00083
-0.00077
-0.00071
-0.00064
-0.00058
-0.00052
-0.00046
-0.00041
-0.00034
-0.00029
-0.00023
-0.00018
-0.00012
-7e-05
-1e-05
4e-05
9e-05
0.00015
0.0002
0.00025
0.00031
0.00036
0.00042
0.00046
0.00052
0.00057
0.00063
0.00067
0.00073
0.00077
0.00083
0.00088
0.00093
0.00097
0.00102
0.00107
0.00112
0.00117
0.00122
0.00127
0.00132
0.00136
0.00142
0.00146
0.00151
0.00156
0.00162
0.00166
0.00171
0.00176
0.0018
0.00185
0.00191
0.00195
0.00201
0.00205
0.0021
0.00214
0.00219
0.00223
0.00228
0.00232
0.00237
0.00241
0.00245
0.00248
0.00252
0.00256
0.0026
0.00263
0.00266
0.00268
0.00272
0.00274
0.00277
0.00278
0.0028
0.00281
0.00283
0.00284
0.00285
0.00285
0.00285
0.00285
0.00285
0.00284
0.00283
0.00281
0.00279
0.00277
0.00275
0.00271
0.00268
0.00263
0.0026
0.00255
0.0025
0.00244
0.00238
0.00232
0.00226
0.00219
0.00212
0.00204
0.00197
0.00188
0.00181
0.00172
0.00163
0.00154
0.00146
0.00137
0.00128
0.00119
0.0011
0.00101
0.00093
0.00084
0.00076
0.00067
0.00059
0.00051
0.00043
0.00035
0.00028
0.0002
0.00013
6e-05
-1e-05
-8e-05
-0.00014
-0.0002
-0.00026
-0.00032
-0.00038
-0.00044
-0.00049
-0.00054
-0.00059
-0.00064
-0.00068
-0.00073
-0.00076
-0.00081
-0.00084
-0.00088
-0.00091
-0.00094
-0.00096
-0.00099
-0.001
-0.00102
-0.00103
-0.00105
-0.00105
-0.00106
-0.00105
-0.00106
-0.00104
-0.00104
-0.00103
-0.00101
-0.001
-0.00098
-0.00095
-0.00093
-0.0009
-0.00089
-0.00085
-0.00083
-0.00079
-0.00077
-0.00073
-0.00071
-0.00067
-0.00064
-0.00061
-0.00058
-0.00056
-0.00053
-0.00049
-0.00046
-0.00043
-0.00041
-0.00038
-0.00035
-0.00032
-0.00029
-0.00026
-0.00024
-0.0002
-0.00017
-0.00014
-0.0001
-7e-05
-3e-05
1e-05
5e-05
9e-05
0.00012
0.00017
0.00021
0.00026
0.0003
0.00035
0.00039
0.00044
0.00048
0.00053
0.00057
0.00061
0.00066
0.0007
0.00074
0.00079
0.00082
0.00086
0.00089
0.00093
0.00096
0.00099
0.00101
0.00105
0.00107
0.0011
0.00112
0.00114
0.00117
0.00119
0.00121
0.00124
0.00125
0.00129
0.00131
0.00134
0.00136
0.00139
0.00142
0.00146
0.00149
0.00153
0.00157
0.00161
0.00166
0.00171
0.00176
0.00182
0.00187
0.00193
0.00199
0.00206
0.00212
0.00219
0.00225
0.00233
0.0024
0.00247
0.00254
0.00261
0.00268
0.00275
0.00282
0.00289
0.00296
0.00303
0.00309
0.00315
0.00321
0.00326
0.00331
0.00337
0.00341
0.00346
0.00349
0.00353
0.00357
0.0036
0.00363
0.00366
0.00367
0.0037
0.00371
0.00373
0.00373
0.00374
0.00374
0.00375
0.00375
0.00375
0.00374
0.00374
0.00373
0.00373
0.00372
0.00371
0.0037
0.00369
0.00367
0.00366
0.00364
0.00362
0.0036
0.00359
0.00356
0.00354
0.00351
0.00348
0.00345
0.00342
0.00338
0.00334
0.0033
0.00326
0.00321
0.00316
0.0031
0.00305
0.00298
0.00293
0.00286
0.00279
0.00272
0.00264
0.00256
0.00249
0.00241
0.00233
0.00224
0.00216
0.00207
0.00198
0.00189
0.00181
0.00172
0.00164
0.00156
0.00147
0.00139
0.00131
0.00124
0.00117
0.0011
0.00104
0.00097
0.00091
0.00085
0.00081
0.00075
0.00071
0.00066
0.00063
0.00059
0.00056
0.00053
0.0005
0.00048
0.00047
0.00045
0.00044
0.00043
0.00043
0.00042
0.00042
0.00042
0.00043
0.00043
0.00045
0.00046
0.00048
0.0005
0.00052
0.00056
0.00059
0.00063
0.00067
0.00071
0.00076
0.00081
0.00087
0.00093
0.001
0.00107
0.00115
0.00122
0.00131
0.00139
0.00148
0.00157
0.00167
0.00176
0.00187
0.00196
0.00206
0.00216
0.00227
0.00236
0.00246
0.00256
0.00266
0.00275
0.00284
0.00292
0.003
0.00308
0.00316
0.00323
0.0033
0.00335
0.00341
0.00346
0.00351
0.00354
0.00358
0.00361
0.00364
0.00366
0.00368
0.0037
0.00371
0.00372
0.00372
0.00373
0.00373
0.00372
0.00372
0.00371
0.00371
0.00369
0.00368
0.00366
0.00366
0.00363
0.00361
0.00359
0.00357
0.00354
0.00352
0.00349
0.00346
0.00342
0.00339
0.00335
0.00331
0.00326
0.00322
0.00317
0.00313
0.00308
0.00303
0.00297
0.00292
0.00286
0.00281
0.00275
0.0027
0.00264
0.00259
0.00253
0.00249
0.00243
0.00238
0.00233
0.0023
0.00225
0.00221
0.00218
0.00214
0.00211
0.00209
0.00207
0.00205
0.00202
0.00201
0.002
0.00199
0.00198
0.00198
0.00197
0.00197
0.00196
0.00196
0.00195
0.00195
0.00195
0.00194
0.00194
0.00194
0.00192
0.00191
0.0019
0.00189
0.00187
0.00185
0.00183
0.00181
0.00179
0.00176
0.00173
0.0017
0.00167
0.00164
0.00161
0.00158
0.00154
0.00151
0.00147
0.00144
0.00139
0.00136
0.00132
0.00129
0.00124
0.00121
0.00117
0.00112
0.00109
0.00105
0.00101
0.00097
0.00093
0.00089
0.00084
0.00081
0.00076
0.00072
0.00067
0.00063
0.00058
0.00053
0.00048
0.00043
0.00038
0.00033
0.00028
0.00023
0.00017
0.00012
6e-05
2e-05
-4e-05
-9e-05
-0.00015
-0.00019
-0.00025
-0.00029
-0.00034
-0.00039
-0.00043
-0.00047
-0.00051
-0.00055
-0.00059
-0.00062
-0.00066
-0.00068
-0.00072
-0.00074
-0.00077
-0.00078
-0.0008
-0.00082
-0.00084
-0.00085
-0.00086
-0.00087
-0.00087
-0.00087
-0.00088
-0.00088
-0.00088
-0.00087
-0.00087
-0.00087
-0.00086
-0.00085
-0.00084
-0.00083
-0.00082
-0.00081
-0.00079
-0.00078
-0.00076
-0.00074
-0.00073
-0.00071
-0.00069
-0.00067
-0.00066
-0.00064
-0.00063
-0.00061
-0.00059
-0.00058
-0.00056
-0.00055
-0.00054
-0.00053
-0.00052
-0.0005
-0.0005
-0.00049
-0.00049
-0.00048
-0.00049
-0.00048
-0.00049
-0.00048
-0.00049
-0.0005
-0.00051
-0.00052
-0.00053
-0.00054
-0.00055
-0.00056
-0.00058
-0.00059
-0.00061
-0.00062
-0.00064
-0.00066
-0.00068
-0.00069
-0.00071
-0.00073
-0.00075
-0.00077
-0.00079
-0.0008
-0.00082
-0.00083
-0.00085
-0.00086
-0.00087
-0.00088
-0.0009
-0.0009
-0.00092
-0.00092
-0.00093
-0.00093
-0.00094
-0.00094
-0.00094
-0.00094
-0.00094
-0.00093
-0.00093
-0.00092
-0.00092
-0.00091
-0.00091
-0.00089
-0.00089
-0.00087
-0.00086
-0.00085
-0.00084
-0.00082
-0.00081
-0.00079
-0.00077
-0.00075
-0.00074
-0.00072
-0.0007
-0.00068
-0.00067
-0.00065
-0.00063
-0.00061
-0.00059
-0.00058
-0.00056
-0.00055
-0.00053
-0.00051
-0.0005
-0.00048
-0.00048
-0.00046
-0.00045
-0.00044
-0.00044
-0.00043
-0.00043
-0.00042
-0.00042
-0.00042
-0.00043
-0.00043
-0.00044
-0.00044
-0.00045
-0.00045
-0.00047
-0.00047
-0.00049
-0.00049
-0.00051
-0.00052
-0.00054
-0.00055
-0.00056
-0.00058
-0.00059
-0.00061
-0.00062
-0.00063
-0.00064
-0.00064
-0.00066
-0.00066
-0.00067
-0.00067
-0.00068
-0.00068
-0.00068
-0.00067
-0.00067
-0.00067
-0.00066
-0.00065
-0.00064
-0.00063
-0.00061
-0.00059
-0.00058
-0.00055
-0.00053
-0.00051
-0.00049
-0.00045
-0.00043
-0.00039
-0.00036
-0.00033
-0.0003
-0.00026
-0.00022
-0.00018
-0.00014
-0.0001
-6e-05
-1e-05
3e-05
8e-05
0.00012
0.00018
0.00022
0.00028
0.00032
0.00037
0.00042
0.00047
0.00053
0.00059
0.00064
0.0007
0.00075
0.00081
0.00086
0.00093
0.00098
0.00104
0.00109
0.00116
0.00121
0.00127
0.00133
0.00138
0.00144
0.0015
0.00156
0.00162
0.00167
0.00173
0.00179
0.00185
0.0019
0.00196
0.00201
0.00207
0.00212
0.00217
0.00222
0.00227
0.00232
0.00237
0.00242
0.00247
0.00251
0.00256
0.0026
0.00264
0.00268
0.00272
0.00275
0.0028
0.00283
0.00286
0.0029
0.00293
0.00296
0.00299
0.00302
0.00306
0.00308
0.00311
0.00313
0.00317
0.00319
0.00322
0.00324
0.00327
0.00329
0.00332
0.00334
0.00336
0.00338
0.00341
0.00343
0.00346
0.00347
0.0035
0.00351
0.00354
0.00355
0.00357
0.00358
0.0036
0.0036
0.00361
0.00362
0.00362
0.00363
0.00363
0.00363
0.00363
0.00362
0.00362
0.00361
0.0036
0.00358
0.00357
0.00355
0.00354
0.00352
0.0035
0.00347
0.00345
0.00343
0.00341
0.00338
0.00336
0.00333
0.00331
0.00329
0.00327
0.00324
0.00322
0.00319
0.00318
0.00315
0.00313
0.00311
0.00308
0.00306
0.00305
0.00302
0.003
0.00297
0.00296
0.00293
0.00291
0.00288
0.00285
0.00282
0.0028
0.00276
0.00273
0.00269
0.00265
0.00261
0.00257
0.00253
0.00249
0.00244
0.00239
0.00234
0.0023
0.00224
0.00219
0.00213
0.00209
0.00204
0.00199
0.00193
0.00188
0.00184
0.0018
0.00175
0.00171
0.00167
0.00164
0.0016
0.00158
0.00155
0.00153
0.00151
0.0015
0.00148
0.00148
0.00147
0.00147
0.00147
0.00148
0.00149
0.00151
0.00151
0.00154
0.00155
0.00158
0.0016
0.00162
0.00164
0.00167
0.00169
0.00172
0.00174
0.00176
0.00178
0.0018
0.00182
0.00184
0.00184
0.00186
0.00187
0.00188
0.00187
0.00188
0.00187
0.00187
0.00186
0.00185
0.00184
0.00182
0.0018
0.00179
0.00176
0.00174
0.00171
0.00168
0.00165
0.00162
0.00158
0.00155
0.0015
0.00147
0.00143
0.00139
0.00134
0.0013
0.00125
0.00121
0.00116
0.00112
0.00106
0.00102
0.00096
0.00092
0.00086
0.00081
0.00075
0.0007
0.00064
0.00059
0.00053
0.00047
0.00041
0.00035
0.00029
0.00023
0.00017
0.00011
5e-05
-1e-05
-8e-05
-0.00014
-0.0002
-0.00026
-0.00032
-0.00038
-0.00045
-0.00051
-0.00057
-0.00063
-0.00068
-0.00074
-0.00081
-0.00086
-0.00092
-0.00097
-0.00103
-0.00108
-0.00114
-0.00118
-0.00124
-0.00128
-0.00133
-0.00138
-0.00142
-0.00146
-0.00151
-0.00154
-0.00159
-0.00162
-0.00165
-0.00168
-0.00171
-0.00174
-0.00177
-0.00178
-0.0018
-0.00182
-0.00183
-0.00184
-0.00185
-0.00185
-0.00185
-0.00184
-0.00185
-0.00184
-0.00183
-0.00181
-0.0018
-0.00178
-0.00177
-0.00174
-0.00172
-0.00169
-0.00167
-0.00164
-0.00161
-0.00158
-0.00154
-0.00151
-0.00148
-0.00143
-0.0014
-0.00136
-0.00132
-0.00128
-0.00124
-0.00119
-0.00115
-0.00111
-0.00106
-0.00101
-0.00096
-0.00091
-0.00086
-0.0008
-0.00075
-0.00069
-0.00064
-0.00057
-0.00051
-0.00044
-0.00039
-0.00031
-0.00024
-0.00017
-0.0001
-3e-05
5e-05
0.00013
0.00021
0.00029
0.00037
0.00045
0.00053
0.00062
0.00069
0.00078
0.00085
0.00094
0.00101
0.00109
0.00117
0.00124
0.00131
0.00139
0.00146
0.00153
0.00159
0.00166
0.00171
0.00178
0.00183
0.00189
0.00194
0.002
0.00205
0.0021
0.00215
0.00219
0.00224
0.00229
0.00234
0.00238
0.00242
0.00247
0.0025
0.00255
0.00259
0.00263
0.00266
0.00271
0.00274
0.00277
0.00281
0.00284
0.00287
0.0029
0.00293
0.00296
0.00297
0.003
0.00302
0.00304
0.00305
0.00307
0.00308
0.00309
0.0031
0.00311
0.00311
0.00311
0.00311
0.00312
0.00312
0.00312
0.00311
0.00312
0.00311
0.00312
0.00311
0.00311
0.0031
0.00311
0.00311
0.00311
0.00311
0.0031
0.00311
0.00311
0.00311
0.00312
0.00311
0.00312
0.00312
0.00313
0.00312
0.00313
0.00312
0.00313
0.00313
0.00312
0.00312
0.00311
0.00311
0.00311
0.0031
0.00309
0.00308
0.00307
0.00305
0.00305
0.00302
0.00301
0.00299
0.00298
0.00296
0.00294
0.00291
0.00289
0.00287
0.00284
0.00282
0.0028
0.00276
0.00274
0.0027
0.00268
0.00263
0.0026
0.00256
0.00253
0.00248
0.00244
0.00239
0.00234
0.00229
0.00224
0.00219
0.00213
0.00207
0.00201
0.00195
0.00189
0.00182
0.00176
0.00169
0.00163
0.00156
0.00149
0.00142
0.00135
0.00129
0.00122
0.00116
0.0011
0.00103
0.00098
0.00092
0.00086
0.0008
0.00075
0.0007
0.00066
0.0006
0.00056
0.00051
0.00046
0.00042
0.00038
0.00034
0.0003
0.00025
0.00021
0.00017
0.00013
8e-05
4e-05
-1e-05
-4e-05
-9e-05
-0.00014
-0.00018
-0.00023
-0.00028
-0.00032
-0.00037
-0.00041
-0.00047
-0.00051
-0.00056
-0.0006
-0.00065
-0.00069
-0.00075
-0.00078
-0.00083
-0.00087
-0.00091
-0.00095
-0.00099
-0.00103
-0.00106
-0.0011
-0.00114
-0.00117
-0.00121
-0.00124
-0.00128
-0.00131
-0.00134
-0.00137
-0.00141
-0.00144
-0.00148
-0.00152
-0.00155
-0.00158
-0.00162
-0.00165
-0.00169
-0.00172
-0.00176
-0.00179
-0.00183
-0.00187
-0.00191
-0.00194
-0.00197
-0.00201
-0.00204
-0.00207
-0.0021
-0.00213
-0.00216
-0.00218
-0.00221
-0.00222
-0.00225
-0.00226
-0.00228
-0.00229
-0.0023
-0.0023
-0.00231
-0.00231
-0.00231
-0.00231
-0.0023
-0.00229
-0.00228
-0.00226
-0.00226
-0.00223
-0.00221
-0.00218
-0.00216
-0.00212
-0.00209
-0.00204
-0.00201
-0.00196
-0.00192
-0.00187
-0.00181
-0.00175
-0.00169
-0.00163
-0.00157
-0.00149
-0.00143
-0.00134
-0.00127
-0.00119
-0.00111
-0.00102
-0.00094
-0.00085
-0.00076
-0.00067
-0.00057
-0.00047
-0.00037
-0.00027
-0.00018
-7e-05
3e-05
0.00014
0.00024
0.00035
0.00045
0.00056
0.00067
0.00077
0.00088
0.00098
0.00109
0.0012
0.00131
0.00142
0.00152
0.00163
0.00173
0.00183
0.00193
0.00203
0.00212
0.00223
0.00232
0.00241
0.00249
0.00258
0.00266
0.00274
0.00282
0.0029
0.00296
0.00304
0.0031
0.00316
0.00321
0.00327
0.00331
0.00336
0.0034
0.00344
0.00347
0.0035
0.00352
0.00355
0.00357
0.00359
0.0036
0.00361
0.00362
0.00363
0.00363
0.00363
0.00362
0.00363
0.00361
0.00361
0.00359
0.00358
0.00356
0.00354
0.00352
0.0035
0.00347
0.00344
0.00341
0.00338
0.00333
0.0033
0.00325
0.00321
0.00316
0.0031
0.00305
0.00299
0.00293
0.00287
0.0028
0.00274
0.00267
0.0026
0.00252
0.00246
0.00238
0.00231
0.00223
0.00216
0.00209
0.00201
0.00194
0.00187
0.0018
0.00173
0.00167
0.0016
0.00154
0.00148
0.00142
0.00137
0.00131
0.00126
0.0012
0.00117
0.00111
0.00107
0.00103
0.00098
0.00094
0.00091
0.00086
0.00083
0.00078
0.00075
0.0007
0.00067
0.00062
0.00058
0.00053
0.00049
0.00044
0.00039
0.00034
0.00029
0.00024
0.00019
0.00013
8e-05
1e-05
-4e-05
-0.00011
-0.00016
-0.00022
-0.00028
-0.00035
-0.0004
-0.00047
-0.00053
-0.00059
-0.00065
-0.0007
-0.00076
-0.00081
-0.00086
-0.00091
-0.00096
-0.00101
-0.00105
-0.00109
-0.00113
-0.00118
-0.00121
-0.00125
-0.00128
-0.00131
-0.00134
-0.00137
-0.0014
-0.00142
-0.00144
-0.00147
-0.00149
-0.00151
-0.00153
-0.00155
-0.00156
-0.00158
-0.00158
-0.00159
-0.0016
-0.00161
-0.00161
-0.00161
-0.00161
-0.0016
-0.00158
-0.00158
-0.00156
-0.00154
-0.00151
-0.00149
-0.00146
-0.00143
-0.00138
-0.00134
-0.0013
-0.00125
-0.0012
-0.00114
-0.00107
-0.00101
-0.00094
-0.00088
-0.0008
-0.00073
-0.00065
-0.00058
-0.0005
-0.00042
-0.00034
-0.00026
-0.00018
-0.00011
-4e-05
4e-05
0.00011
0.00018
0.00025
0.00031
0.00038
0.00044
0.0005
0.00055
0.0006
0.00064
0.00069
0.00073
0.00076
0.0008
0.00083
0.00086
0.00089
0.00091
0.00094
0.00095
0.00097
0.00098
0.001
0.00101
0.00103
0.00103
0.00105
0.00105
0.00106
0.00106
0.00106
0.00107
0.00107
0.00107
0.00107
0.00107
0.00107
0.00106
0.00107
0.00106
0.00106
0.00104
0.00104
0.00103
0.00102
0.00101
0.00099
0.00098
0.00097
0.00095
0.00094
0.00092
0.0009
0.00088
0.00086
0.00083
0.00081
0.00078
0.00076
0.00073
0.0007
0.00067
0.00063
0.0006
0.00057
0.00053
0.00049
0.00044
0.00041
0.00036
0.00032
0.00026
0.00021
0.00015
0.0001
4e-05
-2e-05
-9e-05
-0.00016
-0.00022
-0.00029
-0.00036
-0.00043
-0.00051
-0.00058
-0.00066
-0.00074
