4.67188611660711E+02

0.00195
0.0019
0.00185
0.0018
0.00176
0.00171
0.00166
0.00162
0.00157
0.00153
0.0015
0.00146
0.00143
0.00139
0.00137
0.00133
0.00131
0.00129
0.00127
0.00124
0.00123
0.00121
0.0012
0.00119
0.00117
0.00117
0.00117
0.00116
0.00117
0.00116
0.00117
0.00117
0.00118
0.00118
0.0012
0.0012
0.00123
0.00124
0.00126
0.00128
0.0013
0.00132
0.00135
0.00138
0.00141
0.00144
0.00147
0.0015
0.00155
0.00158
0.00162
0.00165
0.0017
0.00174
0.00178
0.00182
0.00186
0.00191
0.00196
0.002
0.00205
0.00209
0.00214
0.00218
0.00223
0.00227
0.00232
0.00236
0.00242
0.00246
0.0025
0.00255
0.00259
0.00263
0.00268
0.00273
0.00277
0.00281
0.00286
0.00289
0.00294
0.00298
0.00302
0.00305
0.0031
0.00313
0.00317
0.0032
0.00322
0.00325
0.00329
0.00331
0.00333
0.00335
0.00337
0.00338
0.0034
0.0034
0.00341
0.00341
0.00341
0.0034
0.0034
0.00338
0.00337
0.00336
0.00334
0.00332
0.0033
0.00326
0.00324
0.00321
0.00318
0.00314
0.00311
0.00307
0.00304
0.003
0.00296
0.00292
0.00287
0.00283
0.00279
0.00274
0.0027
0.00265
0.0026
0.00255
0.00251
0.00245
0.00241
0.00235
0.0023
0.00224
0.00219
0.00213
0.00207
0.00201
0.00196
0.0019
0.00184
0.00177
0.00171
0.00165
0.00159
0.00152
0.00146
0.00139
0.00133
0.00126
0.0012
0.00114
0.00108
0.00102
0.00096
0.00091
0.00085
0.00079
0.00075
0.00069
0.00065
0.0006
0.00056
0.00051
0.00048
0.00043
0.00039
0.00036
0.00032
0.00029
0.00026
0.00023
0.00021
0.00017
0.00014
0.00011
9e-05
6e-05
4e-05
-0.0
-2e-05
-5e-05
-8e-05
-0.00012
-0.00015
-0.00018
-0.00022
-0.00025
-0.00029
-0.00034
-0.00037
-0.00042
-0.00046
-0.00051
-0.00055
-0.00061
-0.00065
-0.00071
-0.00076
-0.00082
-0.00088
-0.00093
-0.00099
-0.00104
-0.00109
-0.00116
-0.00121
-0.00127
-0.00132
-0.00138
-0.00143
-0.00149
-0.00153
-0.00158
-0.00162
-0.00166
-0.0017
-0.00174
-0.00177
-0.00179
-0.00181
-0.00184
-0.00185
-0.00187
-0.00188
-0.00189
-0.00189
-0.00189
-0.00188
-0.00187
-0.00186
-0.00185
-0.00184
-0.00182
-0.00179
-0.00177
-0.00174
-0.00172
-0.00169
-0.00167
-0.00164
-0.00161
-0.00158
-0.00155
-0.00152
-0.00149
-0.00146
-0.00143
-0.0014
-0.00137
-0.00134
-0.00131
-0.00127
-0.00125
-0.00121
-0.00118
-0.00115
-0.00112
-0.00108
-0.00106
-0.00102
-0.00099
-0.00095
-0.00092
-0.00088
-0.00084
-0.0008
-0.00076
-0.00072
-0.00068
-0.00064
-0.00059
-0.00055
-0.00051
-0.00045
-0.00041
-0.00036
-0.00031
-0.00026
-0.00021
-0.00017
-0.00011
-6e-05
-1e-05
5e-05
0.0001
0.00016
0.00021
0.00027
0.00032
0.00038
0.00043
0.00049
0.00054
0.0006
0.00065
0.00071
0.00076
0.00082
0.00088
0.00094
0.00098
0.00104
0.00109
0.00114
0.00119
0.00124
0.00128
0.00133
0.00137
0.00141
0.00145
0.00148
0.00152
0.00155
0.00158
0.00161
0.00163
0.00166
0.00167
0.0017
0.0017
0.00172
0.00172
0.00174
0.00174
0.00174
0.00174
0.00174
0.00174
0.00174
0.00174
0.00174
0.00173
0.00173
0.00172
0.00172
0.00171
0.0017
0.00169
0.00169
0.00168
0.00168
0.00167
0.00167
0.00167
0.00166
0.00166
0.00166
0.00165
0.00165
0.00165
0.00165
0.00164
0.00164
0.00163
0.00163
0.00162
0.00162
0.0016
0.00159
0.00158
0.00157
0.00155
0.00153
0.0015
0.00148
0.00145
0.00143
0.00138
0.00135
0.0013
0.00126
0.00121
0.00116
0.0011
0.00104
0.00098
0.00091
0.00084
0.00078
0.00069
0.00062
0.00054
0.00046
0.00037
0.00029
0.00019
0.00011
1e-05
-8e-05
-0.00017
-0.00027
-0.00036
-0.00046
-0.00055
-0.00064
-0.00075
-0.00083
-0.00093
-0.00102
-0.00112
-0.0012
-0.0013
-0.00138
-0.00147
-0.00155
-0.00164
-0.00172
-0.0018
-0.00188
-0.00195
-0.00202
-0.00209
-0.00215
-0.00222
-0.00228
-0.00234
-0.00239
-0.00244
-0.00248
-0.00253
-0.00257
-0.00261
-0.00264
-0.00266
-0.00268
-0.0027
-0.00271
-0.00272
-0.00272
-0.00273
-0.00272
-0.00271
-0.0027
-0.00268
-0.00265
-0.00263
-0.0026
-0.00257
-0.00253
-0.00249
-0.00244
-0.0024
-0.00234
-0.00229
-0.00223
-0.00218
-0.00212
-0.00206
-0.00199
-0.00193
-0.00186
-0.0018
-0.00173
-0.00167
-0.0016
-0.00153
-0.00146
-0.0014
-0.00133
-0.00127
-0.0012
-0.00114
-0.00106
-0.001
-0.00093
-0.00087
-0.0008
-0.00074
-0.00067
-0.00061
-0.00054
-0.00047
-0.00039
-0.00032
-0.00025
-0.00018
-0.0001
-2e-05
6e-05
0.00014
0.00023
0.00031
0.0004
0.00049
0.00058
0.00067
0.00076
0.00085
0.00095
0.00105
0.00114
0.00123
0.00133
0.00143
0.00153
0.00161
0.0017
0.00179
0.00188
0.00196
0.00204
0.00211
0.00218
0.00225
0.00231
0.00237
0.00243
0.00247
0.00252
0.00256
0.0026
0.00263
0.00267
0.00268
0.00271
0.00273
0.00274
0.00275
0.00276
0.00277
0.00278
0.00278
0.00278
0.00278
0.00278
0.00278
0.00278
0.00278
0.00278
0.00277
0.00278
0.00277
0.00277
0.00276
0.00276
0.00276
0.00276
0.00276
0.00276
0.00276
0.00276
0.00275
0.00276
0.00275
0.00275
0.00274
0.00274
0.00273
0.00272
0.00271
0.00271
0.0027
0.0027
0.00269
0.00269
0.00267
0.00267
0.00266
0.00267
0.00266
0.00267
0.00266
0.00268
0.00268
0.00269
0.0027
0.00271
0.00273
0.00276
0.00279
0.00282
0.00284
0.00288
0.00291
0.00295
0.00299
0.00303
0.00307
0.00312
0.00316
0.00321
0.00325
0.00329
0.00334
0.00338
0.00343
0.00347
0.0035
0.00355
0.00358
0.00362
0.00364
0.00368
0.0037
0.00373
0.00375
0.00377
0.00379
0.00381
0.00382
0.00384
0.00385
0.00386
0.00386
0.00388
0.00388
0.00389
0.00389
0.0039
0.0039
0.00391
0.00391
0.00391
0.00391
0.00392
0.00392
0.00392
0.00392
0.00393
0.00392
0.00393
0.00392
0.00393
0.00392
0.00392
0.00391
0.00391
0.00389
0.00388
0.00387
0.00386
0.00384
0.00383
0.00381
0.0038
0.00377
0.00376
0.00373
0.00371
0.00369
0.00367
0.00363
0.00362
0.00359
0.00356
0.00353
0.0035
0.00348
0.00345
0.00343
0.00341
0.00337
0.00336
0.00333
0.00331
0.00329
0.00327
0.00324
0.00323
0.00321
0.00319
0.00317
0.00316
0.00314
0.00313
0.00311
0.0031
0.00308
0.00307
0.00305
0.00304
0.00301
0.003
0.00297
0.00296
0.00294
0.00291
0.00288
0.00286
0.00283
0.0028
0.00277
0.00274
0.00269
0.00266
0.00261
0.00257
0.00252
0.00247
0.00241
0.00236
0.0023
0.00224
0.00217
0.0021
0.00204
0.00197
0.0019
0.00183
0.00174
0.00167
0.00159
0.00152
0.00143
0.00135
0.00126
0.00119
0.0011
0.00102
0.00094
0.00086
0.00078
0.0007
0.00063
0.00056
0.00048
0.00041
0.00034
0.00028
0.00021
0.00015
8e-05
3e-05
-2e-05
-7e-05
-0.00012
-0.00017
-0.00021
-0.00024
-0.00028
-0.00031
-0.00034
-0.00036
-0.00038
-0.00039
-0.00041
-0.00042
-0.00043
-0.00043
-0.00043
-0.00042
-0.00042
-0.00041
-0.00039
-0.00037
-0.00035
-0.00032
-0.0003
-0.00026
-0.00024
-0.00019
-0.00016
-0.00012
-8e-05
-3e-05
2e-05
6e-05
0.00011
0.00016
0.00022
0.00027
0.00032
0.00038
0.00043
0.00048
0.00053
0.00059
0.00063
0.00068
0.00072
0.00077
0.00082
0.00086
0.00089
0.00093
0.00097
0.001
0.00104
0.00107
0.00109
0.00112
0.00114
0.00117
0.00119
0.00121
0.00123
0.00125
0.00127
0.00128
0.0013
0.00132
0.00134
0.00136
0.00138
0.0014
0.00142
0.00145
0.00147
0.00151
0.00154
0.00157
0.00161
0.00165
0.0017
0.00174
0.0018
0.00186
0.00192
0.00199
0.00207
0.00215
0.00223
0.00233
0.00243
0.00254
0.00266
0.00278
0.00291
0.00306
0.0032
0.00336
0.00353
0.0037
0.00389
0.00409
0.0043
0.00452
0.00475
0.00499
0.00524
0.0055
0.00577
0.00605
0.00634
0.00665
0.00696
0.00728
0.00762
0.00796
0.00831
0.00868
0.00905
0.00943
0.00981
0.01021
0.01061
0.01103
0.01144
0.01187
0.0123
0.01275
0.01319
0.01364
0.0141
0.01457
0.01504
0.01552
0.016
0.01649
0.01699
0.01749
0.01799
0.01851
0.01902
0.01954
0.02007
0.0206
0.02114
0.02168
0.02222
0.02277
0.02332
0.02388
0.02444
0.02501
0.02558
0.02615
0.02672
0.0273
0.02787
0.02845
0.02903
0.02962
0.03021
0.03079
0.03138
0.03197
0.03256
0.03315
0.03374
0.03433
0.03492
0.03551
0.0361
0.0367
0.03729
0.03788
0.03846
0.03906
0.03965
0.04024
0.04083
0.04141
0.042
0.04259
0.04317
0.04376
0.04434
0.04492
0.04549
0.04607
0.04664
0.04721
0.04778
0.04835
0.04891
0.04946
0.05001
0.05057
0.05111
0.05166
0.05219
0.05272
0.05325
0.05378
0.05429
0.05481
0.05532
0.05583
0.05633
0.05683
0.05733
0.05782
0.05831
0.05879
0.05927
0.05975
0.06023
0.0607
0.06118
0.06164
0.06211
0.06258
0.06304
0.0635
0.06396
0.06442
0.06488
0.06533
0.06578
0.06623
0.06667
0.06712
0.06755
0.06799
0.06842
0.06885
0.06928
0.0697
0.07011
0.07052
0.07093
0.07133
0.07172
0.07211
0.07249
0.07286
0.07323
0.0736
0.07395
0.0743
0.07464
0.07498
0.07531
0.07563
0.07594
0.07625
0.07655
0.07685
0.07713
0.07741
0.07769
0.07795
0.07821
0.07847
0.07871
0.07895
0.07919
0.07942
0.07963
0.07985
0.08006
0.08026
0.08046
0.08066
0.08084
0.08102
0.0812
0.08137
0.08153
0.08169
0.08185
0.082
0.08214
0.08229
0.08242
0.08256
0.08269
0.08282
0.08294
0.08306
0.08318
0.08329
0.0834
0.08351
0.08361
0.08371
0.08381
0.08391
0.08399
0.08408
0.08417
0.08425
0.08433
0.08441
0.08448
0.08455
0.08462
0.08468
0.08474
0.08479
0.08484
0.08489
0.08493
0.08497
0.08501
0.08504
0.08506
0.08508
0.0851
0.08511
0.08512
0.08513
0.08513
0.08512
0.08511
0.08509
0.08507
0.08505
0.08501
0.08497
0.08493
0.08488
0.08483
0.08477
0.08471
0.08463
0.08456
0.08448
0.08439
0.0843
0.0842
0.0841
0.08399
0.08388
0.08376
0.08363
0.08351
0.08337
0.08324
0.0831
0.08295
0.0828
0.08265
0.08249
0.08234
0.08218
0.08201
0.08184
0.08167
0.08149
0.08132
0.08114
0.08095
0.08077
0.08058
0.08039
0.08019
0.08
0.0798
0.07959
0.07938
0.07917
0.07896
0.07874
0.07851
0.07828
0.07805
0.07781
0.07757
0.07732
0.07707
0.07682
0.07656
0.0763
0.07603
0.07576
0.07549
0.07521
0.07493
0.07465
0.07437
0.07408
0.0738
0.07351
0.07322
0.07294
0.07265
0.07236
0.07208
0.0718
0.07151
0.07123
0.07095
0.07068
0.0704
0.07012
0.06985
0.06958
0.06931
0.06905
0.06878
0.06852
0.06826
0.068
0.06774
0.06748
0.06723
0.06697
0.06672
0.06647
0.06622
0.06597
0.06572
0.06547
0.06523
0.06499
0.06475
0.06451
0.06427
0.06404
0.06381
0.06358
0.06336
0.06314
0.06293
0.06271
0.0625
0.0623
0.0621
0.06191
0.06172
0.06153
0.06135
0.06117
0.061
0.06084
0.06067
0.06052
0.06036
0.06022
0.06007
0.05993
0.0598
0.05967
0.05954
0.05941
0.05929
0.05917
0.05906
0.05894
0.05884
0.05873
0.05862
0.05852
0.05842
0.05833
0.05823
0.05814
0.05805
0.05796
0.05787
0.05778
0.0577
0.05761
0.05753
0.05744
0.05736
0.05728
0.0572
0.05712
0.05704
0.05696
0.05687
0.05679
0.05671
0.05663
0.05654
0.05646
0.05637
0.05628
0.05619
0.0561
0.056
0.05591
0.05581
0.05571
0.05561
0.05551
0.05541
0.0553
0.05519
0.05508
0.05497
0.05486
0.05474
0.05463
0.05451
0.05439
0.05427
0.05414
0.05402
0.05389
0.05376
0.05363
0.0535
0.05337
0.05323
0.05309
0.05295
0.05281
0.05267
0.05252
0.05237
0.05222
0.05206
0.05191
0.05174
0.05158
0.05141
0.05124
0.05107
0.05089
0.05071
0.05053
0.05035
0.05016
0.04997
0.04978
0.04958
0.04938
0.04918
0.04898
0.04877
0.04856
0.04835
0.04813
0.04792
0.0477
0.04747
0.04725
0.04702
0.0468
0.04657
0.04634
0.0461
0.04587
0.04563
0.04539
0.04515
0.04491
0.04466
0.04442
0.04417
0.04392
0.04367
0.04342
0.04317
0.04292
0.04267
0.04242
0.04217
0.04192
0.04167
0.04143
0.04118
0.04093
0.04069
0.04045
0.04021
0.03997
0.03973
0.0395
0.03927
0.03904
0.03882
0.0386
0.03838
0.03816
0.03795
0.03774
0.03754
0.03734
0.03714
0.03694
0.03675
0.03656
0.03637
0.03619
0.03601
0.03584
0.03567
0.03549
0.03532
0.03516
0.035
0.03484
0.03468
0.03452
0.03437
0.03422
0.03407
0.03392
0.03377
0.03363
0.03349
0.03335
0.03321
0.03307
0.03293
0.0328
0.03267
0.03254
0.0324
0.03227
0.03214
0.03201
0.03188
0.03176
0.03163
0.0315
0.03138
0.03126
0.03113
0.03101
0.03088
0.03076
0.03064
0.03052
0.03039
0.03027
0.03015
0.03003
0.02991
0.02979
0.02967
0.02955
0.02943
0.02931
0.02919
0.02908
0.02895
0.02884
0.02872
0.0286
0.02848
0.02837
0.02825
0.02814
0.02802
0.02791
0.02779
0.02767
0.02756
0.02745
0.02733
0.02722
0.0271
0.02699
0.02688
0.02677
0.02666
0.02655
0.02644
0.02633
0.02622
0.02612
0.02601
0.02591
0.02581
0.02571
0.02561
0.02551
0.02541
0.02532
0.02523
0.02514
0.02504
0.02496
0.02487
0.02479
0.0247
0.02461
0.02453
0.02445
0.02436
0.02428
0.0242
0.02412
0.02403
0.02395
0.02386
0.02378
0.02368
0.02359
0.02349
0.0234
0.02329
0.02319
0.02308
0.02297
0.02285
0.02274
0.02261
0.02249
0.02235
0.02222
0.02208
0.02195
0.0218
0.02165
0.02149
0.02134
0.02118
0.02101
0.02085
0.02068
0.0205
0.02033
0.02016
0.01998
0.01979
0.01961
0.01943
0.01925
0.01906
0.01887
0.01868
0.01849
0.0183
0.01811
0.01792
0.01772
0.01754
0.01734
0.01716
0.01696
0.01677
0.01658
0.01639
0.0162
0.01601
0.01583
0.01564
0.01546
0.01527
0.01509
0.01491
0.01473
0.01455
0.01438
0.01421
0.01404
0.01386
0.0137
0.01354
0.01338
0.01322
0.01307
0.01292
0.01278
0.01263
0.0125
0.01236
0.01223
0.0121
0.01198
0.01186
0.01175
0.01164
0.01154
0.01143
0.01134
0.01124
0.01116
0.01107
0.011
0.01093
0.01086
0.01079
0.01073
0.01068
0.01063
0.01059
0.01056
0.01052
0.0105
0.01047
0.01046
0.01044
0.01044
0.01043
0.01044
0.01044
0.01046
0.01047
0.01049
0.01052
0.01055
0.01059
0.01063
0.01067
0.01071
0.01076
0.01082
0.01086
0.01093
0.01098
0.01105
0.0111
0.01117
0.01123
0.01129
0.01136
0.01143
0.01149
0.01156
0.01161
0.01168
0.01173
0.0118
0.01185
0.0119
0.01195
0.012
0.01204
0.01208
0.01211
0.01214
0.01217
0.01219
0.01221
0.01223
0.01223
0.01224
0.01224
0.01224
0.01223
0.01223
0.01221
0.01219
0.01217
0.01214
0.01211
0.01208
0.01205
0.01201
0.01197
0.01193
0.01188
0.01184
0.01178
0.01174
0.01168
0.01163
0.01157
0.01152
0.01145
0.01139
0.01133
0.01127
0.0112
0.01114
0.01107
0.011
0.01093
0.01086
0.01078
0.01071
0.01063
0.01055
0.01046
0.01038
0.01029
0.0102
0.01011
0.01001
0.00992
0.00982
0.00972
0.00963
0.00952
0.00942
0.00931
0.00922
0.00911
0.00901
0.0089
0.0088
0.0087
0.0086
0.0085
0.00841
0.00832
0.00823
0.00815
0.00807
0.00798
0.00792
0.00785
0.00779
0.00772
0.00767
0.00762
0.00758
0.00754
0.0075
0.00746
0.00744
0.00742
0.0074
0.00738
0.00737
0.00736
0.00736
0.00735
0.00735
0.00735
0.00736
0.00736
0.00737
0.00738
0.00739
0.0074
0.00741
0.00743
0.00744
0.00746
0.00747
0.00748
0.00751
0.00752
0.00754
0.00756
0.00758
0.00759
0.00762
0.00764
0.00766
0.00768
0.0077
0.00772
0.00775
0.00777
0.0078
0.00782
0.00785
0.00787
0.0079
0.00792
0.00795
0.00797
0.008
0.00803
0.00805
0.00808
0.0081
0.00813
0.00815
0.00818
0.0082
0.00822
0.00825
0.00826
0.00829
0.00831
0.00833
0.00834
0.00836
0.00838
0.00839
0.00841
0.00842
0.00843
0.00845
0.00846
0.00847
0.00847
0.00849
0.00849
0.0085
0.0085
0.00851
0.00851
0.00852
0.00852
0.00852
0.00852
0.00852
0.00853
0.00853
0.00853
0.00854
0.00853
0.00854
0.00854
0.00854
0.00854
0.00855
0.00854
0.00855
0.00855
0.00856
0.00856
0.00857
0.00858
0.00858
0.00859
0.0086
0.0086
0.00861
0.00862
0.00863
0.00862
0.00863
0.00863
0.00863
0.00863
0.00863
0.00862
0.00861
0.0086
0.00859
0.00857
0.00855
0.00852
0.0085
0.00847
0.00844
0.0084
0.00837
0.00832
0.00829
0.00824
0.00819
0.00814
0.00809
0.00804
0.00799
0.00794
0.00789
0.00783
0.00778
0.00772
0.00767
0.00761
0.00757
0.00751
0.00746
0.00741
0.00736
0.00731
0.00725
0.0072
0.00716
0.0071
0.00706
0.00699
0.00695
0.00689
0.00684
0.00677
0.00672
0.00665
0.00659
0.00652
0.00646
0.00638
0.00631
0.00623
0.00616
0.00608
0.006
0.00591
0.00582
0.00573
0.00565
0.00555
0.00547
0.00537
0.00529
0.00519
0.0051
0.00501
0.00492
0.00483
0.00475
0.00466
0.00458
0.00449
0.00442
0.00434
0.00427
0.00419
0.00412
0.00405
0.00399
0.00392
0.00385
0.00379
0.00372
0.00366
0.00359
0.00353
0.00347
0.00339
0.00333
0.00325
0.00319
0.00311
0.00303
0.00295
0.00287
0.00278
0.00269
0.0026
0.0025
0.0024
0.0023
0.00219
0.00208
0.00196
0.00185
0.00173
0.00161
0.00148
0.00136
0.00123
0.00111
0.00098
0.00085
0.00072
0.00059
0.00047
0.00034
0.00022
0.0001
-2e-05
-0.00013
-0.00025
-0.00035
-0.00046
-0.00056
-0.00066
-0.00075
-0.00084
-0.00092
-0.001
-0.00108
-0.00115
-0.00121
-0.00127
-0.00132
-0.00138
-0.00143
-0.00147
-0.00151
-0.00155
-0.00158
-0.00162
-0.00164
-0.00167
-0.0017
-0.00172
-0.00174
-0.00176
-0.00178
-0.00179
-0.0018
-0.00183
-0.00183
-0.00185
-0.00186
-0.00188
-0.00189
-0.00191
-0.00192
-0.00194
-0.00195
-0.00197
-0.00199
-0.00201
-0.00202
-0.00204
-0.00206
-0.00208
-0.0021
-0.00212
-0.00214
-0.00216
-0.00218
-0.0022
-0.00221
-0.00223
-0.00225
-0.00226
-0.00228
-0.00229
-0.0023
-0.0023
-0.0023
-0.00231
-0.0023
-0.0023
-0.00229
-0.00229
-0.00227
-0.00226
-0.00223
-0.00221
-0.00218
-0.00215
-0.00212
-0.00207
-0.00203
-0.00198
-0.00192
-0.00188
-0.00181
-0.00176
-0.00168
-0.00162
-0.00155
-0.00148
-0.0014
-0.00132
-0.00124
-0.00115
-0.00107
-0.00098
-0.00089
-0.00079
-0.00069
-0.00061
-0.0005
-0.00041
-0.0003
-0.0002
-9e-05
0.0
0.00012
0.00022
0.00033
0.00043
0.00054
0.00064
0.00075
0.00086
0.00098
0.00108
0.00119
0.00129
0.00141
0.00151
0.00161
0.00171
0.00182
0.00192
0.00202
0.00212
0.00221
0.00231
0.0024
0.00249
0.00258
0.00266
0.00275
0.00282
0.00291
0.00297
0.00305
0.00311
0.00318
0.00324
0.0033
0.00335
0.0034
0.00345
0.0035
0.00354
0.00358
0.00361
0.00364
0.00367
0.0037
0.00371
0.00373
0.00374
0.00376
0.00376
0.00376
0.00376
0.00375
0.00375
0.00374
0.00373
0.00372
0.00369
0.00367
0.00364
0.00362
0.00358
0.00355
0.00351
0.00348
0.00344
0.00339
0.00335
0.0033
0.00325
0.0032
0.00315
0.0031
0.00303
0.00298
0.00292
0.00286
0.0028
0.00274
0.00267
0.00262
0.00255
0.00249
0.00243
0.00236
0.0023
0.00224
0.00218
0.00213
0.00206
0.00201
0.00195
0.0019
0.00184
0.0018
0.00175
0.00171
0.00166
0.00162
0.00158
0.00155
0.00151
0.00149
0.00146
0.00144
0.00141
0.0014
0.00138
0.00137
0.00136
0.00135
0.00134
0.00135
0.00134
0.00134
0.00134
0.00135
0.00136
0.00136
0.00137
0.00139
0.00139
0.00141
0.00141
0.00143
0.00144
0.00146
0.00146
0.00148
0.00149
0.0015
0.00151
0.00153
0.00154
0.00155
0.00156
0.00158
0.00158
0.00159
0.0016
0.00161
0.00162
0.00163
0.00163
0.00164
0.00164
0.00165
0.00166
0.00166
0.00166
0.00167
0.00167
0.00168
0.00167
0.00168
0.00167
0.00168
0.00167
0.00167
0.00166
0.00167
0.00166
0.00165
0.00164
0.00164
0.00163
0.00162
0.00162
0.00161
0.00159
0.00159
0.00157
0.00156
0.00154
0.00153
0.00151
0.0015
0.00147
0.00145
0.00143
0.00141
0.00139
0.00137
0.00135
0.00133
0.0013
0.00128
0.00125
0.00123
0.0012
0.00118
0.00115
0.00113
0.00111
0.00109
0.00107
0.00104
0.00103
0.00101
0.00099
0.00098
0.00096
0.00096
0.00094
0.00094
0.00093
0.00093
0.00092
0.00092
0.00091
0.00091
0.00091
0.00091
0.00091
0.00091
0.00091
0.00092
0.00091
0.00091
0.00091
0.00091
0.0009
0.00089
0.00088
0.00088
0.00086
0.00085
0.00083
0.00081
0.00079
0.00077
0.00074
0.00072
0.00068
0.00066
0.00062
0.00059
0.00054
0.00051
0.00046
0.00042
0.00038
0.00033
0.00028
0.00023
0.00019
0.00014
0.0001
5e-05
-0.0
-5e-05
-0.0001
-0.00014
-0.00019
-0.00023
-0.00028
-0.00032
-0.00037
-0.00041
-0.00045
-0.0005
-0.00053
-0.00057
-0.00061
-0.00064
-0.00068
-0.00071
-0.00074
-0.00077
-0.0008
-0.00082
-0.00086
-0.00087
-0.0009
-0.00092
-0.00094
-0.00096
-0.00097
-0.00099
-0.001
-0.00101
-0.00102
-0.00102
-0.00104
-0.00103
-0.00104
-0.00104
-0.00105
-0.00104
-0.00104
-0.00104
-0.00104
-0.00103
-0.00102
-0.00101
-0.001
-0.00097
-0.00097
-0.00094
-0.00092
-0.00089
-0.00087
-0.00084
-0.00081
-0.00077
-0.00073
-0.00068
-0.00064
-0.00059
-0.00053
-0.00047
-0.00041
-0.00034
-0.00028
-0.0002
-0.00013
-4e-05
4e-05
0.00013
0.00021
0.00031
0.0004
0.0005
0.00059
0.00069
0.00079
0.00089
0.00099
0.00109
0.00118
0.00129
0.00138
0.00148
0.00157
0.00166
0.00174
0.00184
0.00192
0.002
0.00208
0.00215
0.00223
0.0023
0.00237
0.00244
0.0025
0.00256
0.00262
0.00268
0.00273
0.00278
0.00283
0.00288
0.00292
0.00296
0.003
0.00303
0.00307
0.0031
0.00313
0.00316
0.00317
0.0032
0.00321
0.00323
0.00323
0.00324
0.00324
0.00324
0.00323
0.00323
0.00321
0.00319
0.00318
0.00315
0.00312
0.0031
0.00306
0.00302
0.00298
0.00294
0.00289
0.00284
0.00279
0.00274
0.00268
0.00263
0.00257
0.00251
0.00246
0.0024
0.00234
0.00229
0.00222
0.00218
0.00211
0.00207
0.00201
0.00196
0.0019
0.00186
0.00181
0.00176
0.00171
0.00166
0.00162
0.00157
0.00153
0.00149
0.00143
0.00139
0.00134
0.0013
0.00125
0.0012
0.00114
0.0011
0.00105
0.00099
0.00093
0.00087
0.00081
0.00075
0.00069
0.00063
0.00055
0.00049
0.00041
0.00035
0.00027
0.0002
0.00012
5e-05
-3e-05
-0.0001
-0.00018
-0.00026
-0.00033
-0.0004
-0.00048
-0.00055
-0.00063
-0.00069
-0.00076
-0.00082
-0.00089
-0.00095
-0.00102
-0.00107
-0.00114
-0.00119
-0.00125
-0.0013
-0.00135
-0.00139
-0.00143
-0.00147
-0.00152
-0.00155
-0.00158
-0.00161
-0.00164
-0.00166
-0.00168
-0.00169
-0.0017
-0.00171
-0.00171
-0.00171
-0.0017
-0.00169
-0.00168
-0.00165
-0.00164
-0.0016
-0.00157
-0.00152
-0.00148
-0.00143
-0.00138
-0.00131
-0.00126
-0.00119
-0.00112
-0.00104
-0.00096
-0.00088
-0.00079
-0.0007
-0.00062
-0.00052
-0.00042
-0.00032
-0.00023
-0.00013
-3e-05
8e-05
0.00018
0.00028
0.00038
0.00048
0.00059
0.00069
0.00079
0.0009
0.00099
0.0011
0.0012
0.0013
0.0014
0.0015
0.00159
0.0017
0.00179
0.00189
0.00198
0.00207
0.00217
0.00226
0.00235
0.00245
0.00253
0.00262
0.0027
0.00279
0.00287
0.00295
0.00302
0.00311
0.00318
0.00324
0.00331
0.00337
0.00343
0.00348
0.00353
0.00358
0.00362
0.00366
0.00369
0.00373
0.00375
0.00377
0.00379
0.00381
0.00381
0.00382
0.00382
0.00382
0.00381
0.00381
0.00379
0.00378
0.00376
0.00374
0.00372
0.0037
0.00367
0.00364
0.0036
0.00358
0.00354
0.00351
0.00347
0.00343
0.00339
0.00336
0.00332
0.00328
0.00324
0.0032
0.00316
0.00312
0.00308
0.00304
0.003
0.00296
0.00292
0.00288
0.00284
0.00281
0.00277
0.00274
0.0027
0.00267
0.00263
0.00261
0.00257
0.00255
0.00251
0.00248
0.00245
0.00243
0.0024
0.00237
0.00234
0.00231
0.00229
0.00226
0.00223
0.00221
0.00218
0.00216
0.00212
0.0021
0.00207
0.00205
0.00201
0.00199
0.00196
0.00194
0.00191
0.00188
0.00186
0.00183
0.00181
0.00179
0.00176
0.00175
0.00173
0.00172
0.0017
0.00169
0.00167
0.00167
0.00166
0.00165
0.00165
0.00165
0.00165
0.00166
0.00166
0.00167
0.00167
0.00168
0.00169
0.00171
0.00171
0.00173
0.00173
0.00175
0.00176
0.00177
0.00178
0.00178
0.00179
0.0018
0.0018
0.0018
0.00179
0.00179
0.00178
0.00178
0.00175
0.00174
0.00172
0.0017
0.00167
0.00164
0.00161
0.00157
0.00154
0.0015
0.00146
0.00141
0.00136
0.00131
0.00125
0.0012
0.00114
0.00108
0.00101
0.00095
0.00088
0.00081
0.00074
0.00066
0.00059
0.00051
0.00043
0.00036
0.00027
0.00019
0.0001
3e-05
-7e-05
-0.00015
-0.00024
-0.00032
-0.00041
-0.0005
-0.00059
-0.00068
-0.00077
-0.00085
-0.00094
-0.00102
-0.00111
-0.00119
-0.00127
-0.00135
-0.00143
-0.0015
-0.00158
-0.00165
-0.00172
-0.00179
-0.00185
-0.00191
-0.00197
-0.00202
-0.00207
-0.00212
-0.00217
-0.0022
-0.00224
-0.00227
-0.0023
-0.00233
-0.00236
-0.00237
-0.00238
-0.00239
-0.0024
-0.00241
-0.00241
-0.0024
-0.00239
-0.00238
-0.00237
-0.00234
-0.00233
-0.0023
-0.00227
-0.00224
-0.00221
-0.00216
-0.00213
-0.00208
-0.00204
-0.00199
-0.00194
-0.00188
-0.00183
-0.00176
-0.00171
-0.00164
-0.00158
-0.00151
-0.00144
-0.00137
-0.0013
-0.00122
-0.00115
-0.00107
-0.00099
-0.00091
-0.00083
-0.00074
-0.00066
-0.00057
-0.00049
-0.0004
-0.00031
-0.00022
-0.00014
-4e-05
4e-05
0.00013
0.00022
0.0003
0.00038
0.00046
0.00055
0.00063
0.0007
0.00078
0.00084
0.00092
0.00098
0.00104
0.00109
0.00115
0.00119
0.00125
0.00129
0.00132
0.00136
0.00138
0.00142
0.00144
0.00146
0.00148
0.00149
0.00151
0.00152
0.00153
0.00153
0.00154
0.00154
0.00156
0.00156
0.00156
0.00156
0.00157
0.00157
0.00158
0.00159
0.0016
0.0016
0.00162
0.00163
0.00165
0.00166
0.00168
0.00169
0.00171
0.00172
0.00174
0.00175
0.00177
0.00179
0.00181
0.00182
0.00184
0.00185
0.00187
0.00187
0.00189
0.00189
0.0019
0.0019
0.00191
0.0019
0.0019
0.00189
0.00188
0.00187
0.00186
0.00185
0.00183
0.00181
0.00179
0.00177
0.00175
0.00172
0.0017
0.00167
0.00164
0.00161
0.00158
0.00155
0.00152
0.00149
0.00146
0.00143
0.0014
0.00136
0.00133
0.0013
0.00127
0.00123
0.0012
0.00116
0.00113
0.0011
0.00106
0.00103
0.00099
0.00096
0.00093
0.00089
0.00086
0.00082
0.00079
0.00075
0.00073
0.00069
0.00066
0.00061
0.00059
0.00055
0.00051
0.00048
0.00044
0.00041
0.00038
0.00034
0.00031
0.00027
0.00024
0.00021
0.00018
0.00014
0.00011
7e-05
5e-05
1e-05
-2e-05
-6e-05
-9e-05
-0.00012
-0.00015
-0.00018
-0.00021
-0.00025
-0.00028
-0.00031
-0.00034
-0.00038
-0.0004
-0.00043
-0.00045
-0.00048
-0.00051
-0.00053
-0.00055
-0.00057
-0.00058
-0.0006
-0.00061
-0.00062
-0.00062
-0.00063
-0.00063
-0.00063
-0.00062
-0.00061
-0.00059
-0.00058
-0.00056
-0.00054
-0.00052
-0.00049
-0.00045
-0.00042
-0.00038
-0.00035
-0.00031
-0.00027
-0.00022
-0.00019
-0.00014
-0.00011
-5e-05
-2e-05
3e-05
7e-05
0.00011
0.00015
0.00019
0.00023
0.00027
0.0003
0.00034
0.00037
0.00041
0.00044
0.00047
0.0005
0.00054
0.00056
0.00059
0.00062
0.00065
0.00068
0.00071
0.00074
0.00078
0.00081
0.00085
0.00088
0.00093
0.00096
0.00101
0.00105
0.0011
0.00114
0.00119
0.00124
0.0013
0.00135
0.00142
0.00147
0.00154
0.0016
0.00167
0.00173
0.00181
0.00188
0.00195
0.00202
0.0021
0.00218
0.00225
0.00233
0.00241
0.00248
0.00256
0.00264
0.00272
0.00279
0.00287
0.00295
0.00302
0.00309
0.00317
0.00323
0.00331
0.00337
0.00344
0.0035
0.00356
0.00362
0.00368
0.00373
0.00379
0.00383
0.00388
0.00393
0.00398
0.00401
0.00406
0.00409
0.00414
0.00417
0.0042
0.00423
0.00426
0.0043
0.00432
0.00435
0.00438
0.00439
0.00442
0.00443
0.00446
0.00446
0.00448
0.00449
0.0045
0.0045
0.0045
0.0045
0.0045
0.00449
0.00448
0.00447
0.00445
0.00443
0.00441
0.00437
0.00435
0.0043
0.00426
0.00422
0.00418
0.00412
0.00406
0.004
0.00394
0.00388
0.00381
0.00374
0.00368
0.0036
0.00353
0.00345
0.00338
0.0033
0.00323
0.00314
0.00308
0.00299
0.00292
0.00284
0.00277
0.0027
0.00263
0.00256
0.0025
0.00242
0.00236
0.0023
0.00224
0.00217
0.00211
0.00205
0.002
0.00194
0.00189
0.00183
0.00178
0.00173
0.00168
0.00163
0.00158
0.00153
0.00148
0.00143
0.00139
0.00134
0.0013
0.00125
0.00122
0.00118
0.00113
0.0011
0.00106
0.00103
0.001
0.00097
0.00095
0.00092
0.00091
0.00088
0.00088
0.00086
0.00086
0.00085
0.00086
0.00086
0.00087
0.00088
0.0009
0.00092
0.00095
0.00098
0.00101
0.00104
0.00109
0.00113
0.00118
0.00123
0.00128
0.00133
0.00139
0.00145
0.00151
0.00157
0.00163
0.0017
0.00176
0.00183
0.0019
0.00195
0.00202
0.00208
0.00215
0.00221
0.00227
0.00232
0.00239
0.00244
0.0025
0.00255
0.0026
0.00265
0.0027
0.00275
0.00281
0.00284
0.00289
0.00294
0.00299
0.00302
0.00307
0.00311
0.00316
0.0032
0.00324
0.00328
0.00331
0.00335
0.00339
0.00343
0.00347
0.00349
0.00353
0.00356
0.00359
0.00361
0.00364
0.00366
0.00368
0.00369
0.0037
0.0037
0.0037
0.0037
0.0037
0.00369
0.00367
0.00364
0.00363
0.00359
0.00357
0.00352
0.00348
0.00343
0.00339
0.00333
0.00327
0.00321
0.00314
0.00308
0.00301
0.00294
0.00287
0.00279
0.00272
0.00263
0.00256
0.00247
0.00239
0.0023
0.00223
0.00214
0.00205
0.00196
0.00187
0.00179
0.0017
0.00161
0.00152
0.00142
0.00133
0.00124
0.00115
0.00105
0.00096
0.00086
0.00077
0.00067
0.00058
0.00048
0.00038
0.00029
0.0002
0.00011
2e-05
-8e-05
-0.00016
-0.00025
-0.00033
-0.00042
-0.0005
-0.00058
-0.00065
-0.00072
-0.00079
-0.00086
-0.00092
-0.00098
-0.00103
-0.00108
-0.00113
-0.00118
-0.00121
-0.00125
-0.00128
-0.00132
-0.00134
-0.00137
-0.00139
-0.00141
-0.00142
-0.00144
-0.00145
-0.00146
-0.00146
-0.00146
-0.00146
-0.00146
-0.00146
-0.00145
-0.00144
-0.00143
-0.00142
-0.00141
-0.00139
-0.00137
-0.00135
-0.00133
-0.00131
-0.00128
-0.00125
-0.00122
-0.00118
-0.00116
-0.00112
-0.00108
-0.00104
-0.00101
-0.00096
-0.00093
-0.00088
-0.00085
-0.00081
-0.00077
-0.00073
-0.00069
-0.00065
-0.00061
-0.00057
-0.00054
-0.0005
-0.00047
-0.00043
-0.00041
-0.00037
-0.00035
-0.00031
-0.00029
-0.00027
-0.00025
-0.00023
-0.0002
-0.00018
-0.00016
-0.00014
-0.00013
-0.0001
-8e-05
-6e-05
-4e-05
-2e-05
-0.0
3e-05
5e-05
7e-05
0.0001
0.00012
0.00015
0.00019
0.00022
0.00025
0.00028
0.00032
0.00035
0.00039
0.00043
0.00047
0.0005
0.00054
0.00058
0.00061
0.00065
0.00069
0.00072
0.00076
0.0008
0.00084
0.00086
0.0009
0.00093
0.00096
0.00099
0.00102
0.00105
0.00108
0.0011
0.00113
0.00115
0.00118
0.0012
0.00123
0.00125
0.00128
0.0013
0.00133
0.00135
0.00138
0.0014
0.00143
0.00145
0.00148
0.00151
0.00153
0.00156
0.00158
0.00161
0.00164
0.00167
0.00169
0.00171
0.00174
0.00176
0.00179
0.00181
0.00183
0.00185
0.00187
0.00189
0.00191
0.00192
0.00193
0.00195
0.00196
0.00197
0.00198
0.00199
0.002
0.002
0.00202
0.00202
0.00203
0.00203
0.00204
0.00205
0.00205
0.00206
0.00207
0.00208
0.00209
0.0021
0.00212
0.00212
0.00214
0.00216
0.00218
0.00219
0.00222
0.00224
0.00227
0.00229
0.00232
0.00234
0.00237
0.0024
0.00244
0.00247
0.00251
0.00253
0.00257
0.00261
0.00265
0.00268
0.00272
0.00275
0.00279
0.00283
0.00286
0.0029
0.00293
0.00297
0.003
0.00304
0.00308
0.0031
0.00314
0.00317
0.0032
0.00323
0.00326
0.00328
0.00331
0.00334
0.00336
0.00338
0.0034
0.00342
0.00344
0.00345
0.00347
0.00347
0.00348
0.00348
0.00349
0.00349
0.00349
0.00348
0.00347
0.00346
0.00344
0.00342
0.0034
0.00337
0.00335
0.00331
0.00328
0.00323
0.0032
0.00314
0.0031
0.00304
0.00299
0.00293
0.00287
0.00281
0.00274
0.00267
0.0026
0.00253
0.00245
0.00238
0.00231
0.00222
0.00215
0.00206
0.00199
0.0019
0.00183
0.00174
0.00167
0.00158
0.0015
0.00142
0.00134
0.00126
0.00118
0.00111
0.00104
0.00095
0.00088
0.00081
0.00074
0.00067
0.0006
0.00053
0.00048
0.00041
0.00035
0.0003
0.00024
0.00019
0.00015
0.0001
7e-05
2e-05
-1e-05
-4e-05
-7e-05
-9e-05
-0.00011
-0.00013
-0.00014
-0.00015
-0.00016
-0.00016
-0.00017
-0.00016
-0.00015
-0.00014
-0.00013
-0.00012
-9e-05
-8e-05
-5e-05
-4e-05
-1e-05
1e-05
4e-05
7e-05
9e-05
0.00012
0.00014
0.00017
0.0002
0.00022
0.00025
0.00026
0.00029
0.0003
0.00032
0.00033
0.00035
0.00036
0.00037
0.00038
0.00038
0.00038
0.00038
0.00038
0.00038
0.00038
0.00038
0.00036
0.00036
0.00034
0.00034
0.00032
0.00031
0.00029
0.00028
0.00026
0.00025
0.00023
0.00021
0.0002
0.00019
0.00017
0.00016
0.00014
0.00013
0.00011
0.00011
9e-05
9e-05
8e-05
8e-05
7e-05
7e-05
6e-05
6e-05
6e-05
7e-05
7e-05
8e-05
8e-05
9e-05
0.0001
0.00011
0.00012
0.00014
0.00015
0.00017
0.00019
0.00021
0.00023
0.00025
0.00028
0.00031
0.00034
0.00037
0.0004
0.00044
0.00047
0.00052
0.00056
0.0006
0.00064
0.0007
0.00074
0.0008
0.00085
0.00091
0.00097
0.00103
0.00109
0.00116
0.00122
0.0013
0.00136
0.00144
0.0015
0.00158
0.00165
0.00173
0.0018
0.00187
0.00194
0.00201
0.00209
0.00216
0.00223
0.0023
0.00236
0.00243
0.00249
0.00256
0.00261
0.00266
0.00271
0.00276
0.0028
0.00284
0.00287
0.0029
0.00293
0.00296
0.00298
0.00299
0.00299
0.00301
0.003
0.003
0.00299
0.00298
0.00296
0.00294
0.00291
0.00288
0.00284
0.0028
0.00276
0.00272
0.00267
0.00261
0.00255
0.00249
0.00242
0.00236
0.00228
0.00221
0.00212
0.00205
0.00196
0.00187
0.00178
0.00169
0.0016
0.0015
0.00141
0.00132
0.00121
0.00112
0.00102
0.00093
0.00082
0.00073
0.00063
0.00054
0.00044
0.00035
0.00026
0.00017
9e-05
1e-05
-7e-05
-0.00014
-0.00022
-0.00028
-0.00035
-0.0004
-0.00046
-0.00051
-0.00056
-0.0006
-0.00065
-0.00068
-0.00071
-0.00075
-0.00077
-0.00079
-0.00081
-0.00082
-0.00084
-0.00084
-0.00085
-0.00085
-0.00086
-0.00086
-0.00086
-0.00085
-0.00084
-0.00084
-0.00083
-0.00082
-0.00081
-0.00079
-0.00077
-0.00075
-0.00074
-0.00071
-0.0007
-0.00067
-0.00065
-0.00062
-0.00059
-0.00056
-0.00053
-0.0005
-0.00046
-0.00043
-0.00039
-0.00034
-0.00031
-0.00026
-0.00022
-0.00018
-0.00014
-9e-05
-5e-05
0.0
4e-05
9e-05
0.00013
0.00018
0.00022
0.00026
0.0003
0.00035
0.00039
0.00043
0.00046
0.0005
0.00054
0.00058
0.00061
0.00064
0.00067
0.00071
0.00074
0.00078
0.00081
0.00084
0.00087
0.00091
0.00095
0.00098
0.00101
0.00105
0.00108
0.00113
0.00116
0.0012
0.00123
0.00128
0.00131
0.00135
0.00138
0.00142
0.00145
0.00149
0.00152
0.00156
0.00158
0.00162
0.00164
0.00167
0.00169
0.00171
0.00173
0.00175
0.00176
0.00178
0.00179
0.00179
0.0018
0.0018
0.00181
0.00181
0.0018
0.0018
0.00179
0.00178
0.00177
0.00176
0.00174
0.00173
0.00171
0.0017
0.00168
0.00166
0.00164
0.00162
0.00159
0.00158
0.00154
0.00153
0.00149
0.00147
0.00144
0.00142
0.00139
0.00136
0.00133
0.00131
0.00127
0.00124
0.00122
0.00119
0.00116
0.00113
0.0011
0.00107
0.00104
0.00102
0.00099
0.00096
0.00093
0.00092
0.00089
0.00087
0.00084
0.00082
0.0008
0.00079
0.00077
0.00076
0.00074
0.00073
0.00072
0.00071
0.0007
0.0007
0.00069
0.00069
0.00069
0.00069
0.00069
0.00069
0.0007
0.0007
0.00071
0.00073
0.00073
0.00075
0.00076
0.00079
0.0008
0.00082
0.00084
0.00086
0.00088
0.00091
0.00093
0.00095
0.00098
0.00101
0.00103
0.00106
0.00108
0.00111
0.00112
0.00115
0.00117
0.00119
0.0012
0.00122
0.00122
0.00123
0.00124
0.00124
0.00124
0.00124
0.00123
0.00123
0.00121
0.0012
0.00118
0.00116
0.00113
0.00111
0.00107
0.00105
0.00101
0.00097
0.00093
0.00089
0.00085
0.0008
0.00076
0.00071
0.00066
0.00061
0.00056
0.00051
0.00045
0.0004
0.00034
0.0003
0.00024
0.00018
0.00012
7e-05
1e-05
-4e-05
-9e-05
-0.00015
-0.00021
-0.00026
-0.00032
-0.00037
-0.00042
-0.00047
-0.00053
-0.00057
-0.00063
-0.00068
-0.00073
-0.00078
-0.00082
-0.00087
-0.00091
-0.00095
-0.001
-0.00103
-0.00107
-0.00111
-0.00115
-0.00118
-0.00121
-0.00124
-0.00127
-0.0013
-0.00132
-0.00135
-0.00137
-0.0014
-0.00142
-0.00143
-0.00146
-0.00147
-0.0015
-0.00151
-0.00153
-0.00155
-0.00157
-0.00158
-0.00161
-0.00162
-0.00164
-0.00166
-0.00168
-0.0017
-0.00172
-0.00174
-0.00177
-0.00178
-0.00181
-0.00183
-0.00186
-0.00188
-0.00191
-0.00192
-0.00195
-0.00197
-0.002
-0.00202
-0.00204
-0.00206
-0.00208
-0.0021
-0.00213
-0.00214
-0.00216
-0.00216
-0.00218
-0.00219
-0.0022
-0.0022
-0.00221
-0.00221
-0.00221
-0.00221
-0.0022
-0.0022
-0.00219
-0.00217
-0.00216
-0.00214
-0.00213
-0.0021
-0.00208
-0.00205
-0.00203
-0.00199
-0.00196
-0.00192
-0.00189
-0.00185
-0.0018
-0.00176
-0.00171
-0.00166
-0.00162
-0.00156
-0.00151
-0.00144
-0.00139
-0.00132
-0.00127
-0.00119
-0.00113
-0.00106
-0.00099
-0.00091
-0.00083
-0.00075
-0.00067
-0.00058
-0.0005
-0.00041
-0.00032
-0.00022
-0.00014
-4e-05
5e-05
0.00016
0.00025
0.00035
0.00045
0.00055
0.00066
0.00076
0.00086
0.00096
0.00105
0.00115
0.00124
0.00134
0.00143
0.00152
0.0016
0.00169
0.00177
0.00185
0.00192
0.00199
0.00206
0.00213
0.00219
0.00226
0.00231
0.00237
0.00242
0.00248
