4.2851168638183E+01

0.00063
0.00064
0.00067
0.00068
0.0007
0.00072
0.00074
0.00075
0.00077
0.0008
0.00082
0.00084
0.00086
0.00087
0.00089
0.00091
0.00093
0.00094
0.00096
0.00096
0.00098
0.00099
0.00099
0.00099
0.00099
0.00099
0.00099
0.00098
0.00097
0.00095
0.00094
0.00091
0.00089
0.00086
0.00083
0.00079
0.00076
0.00072
0.00068
0.00063
0.00059
0.00054
0.00049
0.00044
0.0004
0.00034
0.00029
0.00023
0.00019
0.00013
8e-05
2e-05
-2e-05
-7e-05
-0.00012
-0.00017
-0.00022
-0.00026
-0.0003
-0.00034
-0.00038
-0.00042
-0.00045
-0.00048
-0.00051
-0.00054
-0.00056
-0.00059
-0.00061
-0.00063
-0.00065
-0.00067
-0.00068
-0.00069
-0.0007
-0.00071
-0.00071
-0.00071
-0.00071
-0.00071
-0.0007
-0.00069
-0.00068
-0.00067
-0.00064
-0.00062
-0.0006
-0.00057
-0.00054
-0.0005
-0.00046
-0.00042
-0.00037
-0.00033
-0.00027
-0.00022
-0.00015
-0.0001
-3e-05
3e-05
0.00011
0.00018
0.00025
0.00033
0.0004
0.00048
0.00056
0.00064
0.00073
0.0008
0.00089
0.00097
0.00105
0.00112
0.00121
0.00128
0.00136
0.00143
0.0015
0.00156
0.00163
0.00169
0.00176
0.00182
0.00187
0.00192
0.00197
0.00201
0.00207
0.0021
0.00214
0.00217
0.00221
0.00223
0.00226
0.00228
0.00229
0.00231
0.00233
0.00234
0.00235
0.00234
0.00235
0.00234
0.00234
0.00233
0.00232
0.00231
0.0023
0.00228
0.00225
0.00223
0.0022
0.00218
0.00215
0.00212
0.00209
0.00205
0.00201
0.00197
0.00194
0.00189
0.00186
0.00181
0.00178
0.00173
0.00169
0.00164
0.0016
0.00156
0.00151
0.00147
0.00144
0.00139
0.00135
0.00131
0.00128
0.00124
0.00121
0.00117
0.00114
0.0011
0.00107
0.00104
0.001
0.00097
0.00095
0.00092
0.00089
0.00086
0.00083
0.0008
0.00078
0.00075
0.00072
0.00069
0.00068
0.00064
0.00062
0.00059
0.00057
0.00055
0.00053
0.00051
0.00049
0.00047
0.00046
0.00044
0.00043
0.00042
0.00041
0.0004
0.00041
0.0004
0.0004
0.00041
0.00041
0.00042
0.00043
0.00045
0.00047
0.00048
0.0005
0.00052
0.00056
0.00058
0.00061
0.00064
0.00068
0.00071
0.00075
0.00078
0.00082
0.00086
0.00091
0.00095
0.001
0.00104
0.00109
0.00113
0.00119
0.00123
0.00129
0.00133
0.00139
0.00144
0.00149
0.00154
0.0016
0.00165
0.00171
0.00177
0.00183
0.00188
0.00194
0.00199
0.00205
0.00211
0.00217
0.00222
0.00228
0.00233
0.00239
0.00244
0.00249
0.00255
0.0026
0.00266
0.00271
0.00275
0.00281
0.00285
0.00291
0.00295
0.003
0.00305
0.0031
0.00314
0.00319
0.00324
0.00328
0.00333
0.00338
0.00342
0.00347
0.00351
0.00356
0.0036
0.00366
0.00369
0.00374
0.00378
0.00383
0.00386
0.0039
0.00393
0.00397
0.004
0.00403
0.00406
0.00408
0.0041
0.00412
0.00413
0.00414
0.00414
0.00415
0.00414
0.00414
0.00413
0.00411
0.00409
0.00407
0.00405
0.00402
0.00398
0.00395
0.0039
0.00386
0.00381
0.00377
0.00371
0.00366
0.0036
0.00354
0.00348
0.00341
0.00334
0.00327
0.0032
0.00313
0.00305
0.00298
0.00289
0.00281
0.00272
0.00264
0.00255
0.00246
0.00236
0.00227
0.00217
0.00207
0.00197
0.00186
0.00176
0.00166
0.00155
0.00145
0.00134
0.00123
0.00112
0.00102
0.00091
0.00081
0.0007
0.00061
0.00051
0.00041
0.00032
0.00022
0.00014
6e-05
-3e-05
-0.0001
-0.00018
-0.00024
-0.00031
-0.00037
-0.00043
-0.00049
-0.00054
-0.00058
-0.00063
-0.00067
-0.00071
-0.00076
-0.00079
-0.00082
-0.00085
-0.00088
-0.00091
-0.00093
-0.00096
-0.00098
-0.00101
-0.00103
-0.00105
-0.00106
-0.00109
-0.0011
-0.00112
-0.00114
-0.00115
-0.00115
-0.00116
-0.00116
-0.00117
-0.00117
-0.00117
-0.00116
-0.00116
-0.00114
-0.00113
-0.0011
-0.00108
-0.00106
-0.00103
-0.001
-0.00096
-0.00092
-0.00088
-0.00083
-0.00079
-0.00074
-0.00068
-0.00062
-0.00057
-0.00051
-0.00045
-0.00039
-0.00033
-0.00027
-0.0002
-0.00014
-8e-05
-1e-05
5e-05
0.00012
0.00017
0.00024
0.00029
0.00036
0.00041
0.00047
0.00052
0.00058
0.00063
0.00068
0.00073
0.00078
0.00083
0.00088
0.00093
0.00098
0.00103
0.00108
0.00112
0.00118
0.00122
0.00127
0.00131
0.00136
0.00141
0.00145
0.0015
0.00154
0.00159
0.00164
0.00168
0.00173
0.00176
0.00181
0.00185
0.00189
0.00193
0.00197
0.00199
0.00203
0.00206
0.00208
0.0021
0.00212
0.00213
0.00214
0.00215
0.00216
0.00215
0.00215
0.00214
0.00213
0.0021
0.00209
0.00205
0.00203
0.00199
0.00195
0.00191
0.00186
0.00182
0.00176
0.00171
0.00166
0.00159
0.00153
0.00146
0.00139
0.00131
0.00124
0.00116
0.00109
0.001
0.00092
0.00084
0.00075
0.00066
0.00057
0.00048
0.00039
0.00029
0.0002
0.0001
1e-05
-9e-05
-0.00018
-0.00028
-0.00037
-0.00047
-0.00056
-0.00066
-0.00075
-0.00083
-0.00091
-0.00099
-0.00107
-0.00115
-0.00121
-0.00128
-0.00133
-0.00139
-0.00144
-0.00149
-0.00152
-0.00156
-0.00159
-0.00163
-0.00165
-0.00167
-0.00169
-0.00171
-0.00172
-0.00174
-0.00175
-0.00177
-0.00178
-0.0018
-0.00181
-0.00183
-0.00184
-0.00187
-0.00189
-0.00192
-0.00195
-0.00198
-0.002
-0.00203
-0.00206
-0.00209
-0.00212
-0.00215
-0.00217
-0.00219
-0.00221
-0.00223
-0.00222
-0.00223
-0.00222
-0.00221
-0.00219
-0.00216
-0.00211
-0.00206
-0.002
-0.00194
-0.00186
-0.00178
-0.00169
-0.00159
-0.00149
-0.00139
-0.00127
-0.00116
-0.00105
-0.00093
-0.00082
-0.00071
-0.0006
-0.0005
-0.00039
-0.00031
-0.00022
-0.00015
-8e-05
-2e-05
3e-05
6e-05
0.0001
0.00012
0.00014
0.00014
0.00014
0.00013
0.00013
0.00011
0.0001
7e-05
6e-05
3e-05
2e-05
-0.0
-1e-05
-2e-05
-1e-05
-1e-05
0.0
2e-05
5e-05
8e-05
0.00013
0.00018
0.00024
0.0003
0.00037
0.00045
0.00054
0.00062
0.00071
0.0008
0.00091
0.001
0.0011
0.00119
0.00128
0.00138
0.00147
0.00155
0.00164
0.0017
0.00178
0.00184
0.00191
0.00195
0.002
0.00203
0.00207
0.0021
0.00212
0.00213
0.00214
0.00215
0.00216
0.00216
0.00215
0.00214
0.00214
0.00212
0.00212
0.0021
0.00209
0.00207
0.00207
0.00206
0.00205
0.00204
0.00204
0.00204
0.00204
0.00204
0.00206
0.00206
0.00208
0.00209
0.00211
0.00213
0.00216
0.00217
0.0022
0.00223
0.00225
0.00228
0.0023
0.00232
0.00234
0.00235
0.00236
0.00236
0.00236
0.00235
0.00234
0.00231
0.00228
0.00224
0.00219
0.00213
0.00206
0.00197
0.00188
0.00178
0.00167
0.00155
0.00142
0.00128
0.00114
0.00099
0.00084
0.00067
0.00051
0.00034
0.00018
1e-05
-0.00015
-0.00032
-0.00047
-0.00062
-0.00077
-0.0009
-0.00103
-0.00116
-0.00126
-0.00136
-0.00145
-0.00153
-0.0016
-0.00166
-0.0017
-0.00175
-0.00178
-0.0018
-0.00182
-0.00182
-0.00182
-0.00182
-0.00181
-0.0018
-0.00178
-0.00178
-0.00176
-0.00175
-0.00174
-0.00174
-0.00173
-0.00173
-0.00174
-0.00175
-0.00176
-0.00178
-0.0018
-0.00182
-0.00185
-0.00189
-0.00192
-0.00197
-0.002
-0.00205
-0.00209
-0.00214
-0.00218
-0.00222
-0.00226
-0.0023
-0.00233
-0.00236
-0.00238
-0.0024
-0.00241
-0.00242
-0.00242
-0.00242
-0.00241
-0.0024
-0.00238
-0.00236
-0.00233
-0.0023
-0.00227
-0.00224
-0.0022
-0.00216
-0.00212
-0.00208
-0.00204
-0.00201
-0.00196
-0.00193
-0.00189
-0.00186
-0.00183
-0.00181
-0.00177
-0.00175
-0.00172
-0.0017
-0.00168
-0.00165
-0.00163
-0.0016
-0.00157
-0.00154
-0.00151
-0.00147
-0.00143
-0.00138
-0.00132
-0.00127
-0.00119
-0.00112
-0.00104
-0.00094
-0.00084
-0.00072
-0.0006
-0.00046
-0.00031
-0.00016
1e-05
0.00019
0.00038
0.00058
0.00079
0.00101
0.00125
0.00149
0.00174
0.00201
0.00228
0.00257
0.00286
0.00316
0.00347
0.00379
0.00412
0.00446
0.00481
0.00517
0.00553
0.0059
0.00629
0.00668
0.00708
0.0075
0.00792
0.00835
0.0088
0.00925
0.00972
0.0102
0.01069
0.01118
0.0117
0.01222
0.01276
0.0133
0.01387
0.01444
0.01501
0.01561
0.01621
0.01683
0.01746
0.01809
0.01874
0.01939
0.02006
0.02073
0.02142
0.02211
0.0228
0.0235
0.02422
0.02493
0.02565
0.02638
0.02711
0.02785
0.02859
0.02934
0.03009
0.03084
0.0316
0.03235
0.03312
0.03388
0.03465
0.03542
0.0362
0.03697
0.03774
0.03852
0.03931
0.04009
0.04088
0.04167
0.04246
0.04324
0.04404
0.04482
0.04562
0.04641
0.0472
0.04799
0.04879
0.04958
0.05036
0.05114
0.05193
0.05271
0.05348
0.05425
0.05502
0.05578
0.05654
0.05729
0.05804
0.05878
0.0595
0.06023
0.06095
0.06166
0.06236
0.06305
0.06373
0.06441
0.06507
0.06573
0.06638
0.06702
0.06765
0.06826
0.06888
0.06948
0.07007
0.07065
0.07123
0.07179
0.07234
0.07288
0.07342
0.07395
0.07446
0.07497
0.07547
0.07596
0.07643
0.0769
0.07736
0.07781
0.07825
0.07869
0.07911
0.07952
0.07992
0.08031
0.0807
0.08107
0.08143
0.08178
0.08212
0.08245
0.08277
0.08307
0.08337
0.08365
0.08392
0.08418
0.08443
0.08467
0.08489
0.0851
0.0853
0.08549
0.08567
0.08583
0.08598
0.08612
0.08625
0.08636
0.08647
0.08656
0.08664
0.08672
0.08678
0.08683
0.08687
0.08691
0.08694
0.08695
0.08696
0.08695
0.08695
0.08693
0.08691
0.08687
0.08684
0.0868
0.08674
0.08669
0.08663
0.08656
0.08649
0.08641
0.08633
0.08624
0.08615
0.08605
0.08595
0.08585
0.08574
0.08562
0.08551
0.08539
0.08526
0.08514
0.08501
0.08488
0.08474
0.08461
0.08447
0.08433
0.08419
0.08404
0.0839
0.08375
0.08361
0.08346
0.08331
0.08317
0.08302
0.08287
0.08273
0.08258
0.08244
0.08229
0.08215
0.082
0.08186
0.08172
0.08158
0.08144
0.08129
0.08115
0.08101
0.08087
0.08073
0.0806
0.08046
0.08032
0.08018
0.08004
0.0799
0.07976
0.07962
0.07948
0.07934
0.0792
0.07906
0.07892
0.07877
0.07863
0.07849
0.07835
0.07821
0.07807
0.07792
0.07778
0.07763
0.07749
0.07735
0.0772
0.07706
0.07691
0.07677
0.07663
0.07648
0.07634
0.0762
0.07606
0.07592
0.07579
0.07565
0.07551
0.07538
0.07525
0.07512
0.07499
0.07487
0.07475
0.07463
0.07452
0.07441
0.0743
0.0742
0.0741
0.074
0.07391
0.07383
0.07374
0.07366
0.07358
0.07351
0.07344
0.07338
0.07331
0.07325
0.0732
0.07314
0.07309
0.07304
0.07299
0.07294
0.0729
0.07285
0.07281
0.07276
0.07272
0.07268
0.07263
0.07258
0.07254
0.07249
0.07245
0.0724
0.07236
0.07231
0.07226
0.07222
0.07217
0.07212
0.07208
0.07203
0.07199
0.07194
0.0719
0.07186
0.07182
0.07178
0.07175
0.07171
0.07168
0.07164
0.07162
0.07159
0.07156
0.07153
0.07151
0.07148
0.07146
0.07144
0.07141
0.07139
0.07136
0.07133
0.07131
0.07128
0.07125
0.07122
0.07118
0.07114
0.0711
0.07106
0.07101
0.07096
0.0709
0.07084
0.07078
0.07071
0.07064
0.07057
0.07049
0.07041
0.07032
0.07023
0.07014
0.07004
0.06994
0.06984
0.06973
0.06962
0.06951
0.0694
0.06929
0.06917
0.06905
0.06893
0.06881
0.06869
0.06856
0.06844
0.06831
0.06818
0.06805
0.06792
0.06778
0.06764
0.0675
0.06737
0.06722
0.06708
0.06693
0.06679
0.06663
0.06648
0.06632
0.06617
0.066
0.06584
0.06567
0.0655
0.06533
0.06515
0.06497
0.06479
0.0646
0.06442
0.06423
0.06404
0.06384
0.06364
0.06345
0.06325
0.06306
0.06286
0.06266
0.06246
0.06226
0.06207
0.06187
0.06168
0.06149
0.0613
0.06111
0.06092
0.06074
0.06056
0.06038
0.06021
0.06004
0.05987
0.05971
0.05955
0.05939
0.05923
0.05908
0.05893
0.05878
0.05863
0.05848
0.05834
0.0582
0.05806
0.05792
0.05778
0.05764
0.05751
0.05737
0.05724
0.0571
0.05697
0.05683
0.0567
0.05656
0.05643
0.05629
0.05616
0.05602
0.05589
0.05576
0.05562
0.05549
0.05536
0.05522
0.05509
0.05496
0.05482
0.05469
0.05456
0.05442
0.05429
0.05415
0.05402
0.05388
0.05374
0.0536
0.05346
0.05332
0.05318
0.05303
0.05288
0.05273
0.05257
0.05242
0.05226
0.0521
0.05193
0.05176
0.0516
0.05143
0.05125
0.05107
0.05089
0.05071
0.05053
0.05034
0.05016
0.04997
0.04978
0.04959
0.0494
0.04921
0.04901
0.04882
0.04863
0.04844
0.04825
0.04806
0.04787
0.04768
0.04749
0.0473
0.04711
0.04692
0.04673
0.04655
0.04636
0.04617
0.04599
0.0458
0.04561
0.04543
0.04524
0.04505
0.04486
0.04467
0.04448
0.04429
0.04409
0.0439
0.0437
0.0435
0.04331
0.0431
0.0429
0.0427
0.04249
0.04229
0.04208
0.04187
0.04166
0.04145
0.04124
0.04102
0.04081
0.04059
0.04038
0.04017
0.03995
0.03974
0.03952
0.03931
0.03909
0.03888
0.03867
0.03845
0.03824
0.03803
0.03782
0.03761
0.0374
0.03719
0.03699
0.03678
0.03658
0.03637
0.03617
0.03596
0.03576
0.03556
0.03536
0.03516
0.03497
0.03476
0.03457
0.03437
0.03418
0.03398
0.03379
0.0336
0.03341
0.03322
0.03303
0.03284
0.03265
0.03246
0.03228
0.03209
0.03191
0.03172
0.03154
0.03135
0.03117
0.03098
0.0308
0.03061
0.03043
0.03025
0.03007
0.02989
0.02971
0.02952
0.02935
0.02916
0.02898
0.0288
0.02862
0.02844
0.02827
0.02809
0.02791
0.02773
0.02756
0.02739
0.02722
0.02704
0.02688
0.02671
0.02655
0.02638
0.02623
0.02607
0.02592
0.02576
0.02561
0.02547
0.02532
0.02519
0.02505
0.02492
0.0248
0.02467
0.02455
0.02443
0.02432
0.02421
0.0241
0.024
0.02391
0.02381
0.02372
0.02363
0.02355
0.02347
0.0234
0.02333
0.02326
0.02319
0.02314
0.02308
0.02303
0.02298
0.02294
0.0229
0.02286
0.02283
0.0228
0.02278
0.02275
0.02274
0.02273
0.02272
0.02272
0.02271
0.02271
0.02272
0.02273
0.02274
0.02276
0.02277
0.0228
0.02282
0.02284
0.02287
0.02289
0.02293
0.02296
0.02299
0.02303
0.02305
0.02309
0.02312
0.02315
0.02318
0.02321
0.02324
0.02326
0.02329
0.02331
0.02333
0.02334
0.02336
0.02337
0.02338
0.02338
0.02338
0.02338
0.02337
0.02337
0.02335
0.02334
0.02332
0.0233
0.02328
0.02325
0.02322
0.02319
0.02316
0.02312
0.02308
0.02305
0.023
0.02296
0.02291
0.02287
0.02282
0.02277
0.02271
0.02267
0.02261
0.02255
0.02249
0.02244
0.02237
0.02232
0.02225
0.02219
0.02212
0.02205
0.02198
0.02192
0.02184
0.02177
0.02169
0.02161
0.02153
0.02145
0.02137
0.02128
0.0212
0.02111
0.02103
0.02094
0.02085
0.02076
0.02067
0.02059
0.02049
0.0204
0.02031
0.02022
0.02012
0.02003
0.01994
0.01984
0.01975
0.01966
0.01957
0.01948
0.01938
0.01929
0.01919
0.0191
0.019
0.01891
0.01881
0.01871
0.01861
0.01851
0.01841
0.01831
0.01821
0.01811
0.018
0.0179
0.01778
0.01768
0.01756
0.01746
0.01734
0.01722
0.0171
0.01699
0.01686
0.01674
0.01661
0.01649
0.01636
0.01623
0.0161
0.01597
0.01584
0.0157
0.01557
0.01543
0.01529
0.01515
0.015
0.01487
0.01472
0.01458
0.01443
0.01428
0.01414
0.01399
0.01385
0.0137
0.01355
0.01341
0.01326
0.01312
0.01297
0.01283
0.01268
0.01255
0.01241
0.01227
0.01214
0.012
0.01188
0.01176
0.01164
0.01153
0.01141
0.0113
0.01119
0.0111
0.011
0.01091
0.01082
0.01074
0.01066
0.01059
0.01052
0.01046
0.0104
0.01035
0.0103
0.01026
0.01021
0.01018
0.01014
0.01012
0.01009
0.01008
0.01006
0.01006
0.01005
0.01004
0.01004
0.01005
0.01005
0.01007
0.01008
0.0101
0.01012
0.01015
0.01017
0.01021
0.01023
0.01027
0.01031
0.01035
0.01039
0.01043
0.01048
0.01052
0.01057
0.01062
0.01067
0.01072
0.01076
0.01082
0.01087
0.01092
0.01097
0.01102
0.01106
0.01112
0.01116
0.01121
0.01125
0.01129
0.01133
0.01137
0.01142
0.01145
0.01148
0.01152
0.01155
0.01159
0.01161
0.01164
0.01166
0.01169
0.0117
0.01172
0.01173
0.01174
0.01174
0.01175
0.01175
0.01175
0.01174
0.01173
0.01171
0.0117
0.01167
0.01164
0.0116
0.01157
0.01153
0.01148
0.01142
0.01136
0.0113
0.01123
0.01116
0.01108
0.01099
0.01091
0.01081
0.01072
0.01061
0.01051
0.0104
0.0103
0.01018
0.01006
0.00994
0.00982
0.0097
0.00957
0.00945
0.00932
0.00919
0.00906
0.00893
0.0088
0.00867
0.00854
0.0084
0.00827
0.00814
0.00801
0.00787
0.00774
0.00761
0.00748
0.00736
0.00723
0.0071
0.00698
0.00685
0.00673
0.00661
0.00649
0.00637
0.00626
0.00615
0.00604
0.00593
0.00583
0.00573
0.00564
0.00554
0.00546
0.00536
0.00529
0.00521
0.00513
0.00506
0.00499
0.00492
0.00487
0.00481
0.00475
0.0047
0.00464
0.0046
0.00456
0.00452
0.00448
0.00444
0.00441
0.00437
0.00434
0.00431
0.00428
0.00425
0.00423
0.00421
0.00419
0.00417
0.00415
0.00414
0.00413
0.00412
0.00412
0.00411
0.00412
0.00412
0.00413
0.00414
0.00416
0.00418
0.00421
0.00424
0.00427
0.00431
0.00435
0.0044
0.00446
0.00451
0.00458
0.00463
0.00471
0.00477
0.00485
0.00492
0.005
0.00508
0.00517
0.00524
0.00532
0.0054
0.00548
0.00556
0.00564
0.00572
0.0058
0.00586
0.00593
0.00599
0.00606
0.00611
0.00617
0.00622
0.00628
0.00632
0.00636
0.00639
0.00642
0.00645
0.00648
0.0065
0.00653
0.00654
0.00656
0.00656
0.00658
0.00658
0.00659
0.00658
0.00659
0.00659
0.00659
0.00658
0.00657
0.00657
0.00657
0.00656
0.00655
0.00654
0.00653
0.00652
0.00651
0.00649
0.00648
0.00647
0.00646
0.00644
0.00642
0.0064
0.00638
0.00636
0.00635
0.00633
0.00631
0.00628
0.00627
0.00624
0.00623
0.0062
0.00619
0.00617
0.00616
0.00613
0.00612
0.00611
0.00609
0.00609
0.00608
0.00608
0.00608
0.00608
0.00608
0.00609
0.0061
0.0061
0.00612
0.00612
0.00614
0.00616
0.00617
0.00619
0.0062
0.00622
0.00623
0.00624
0.00626
0.00626
0.00627
0.00627
0.00627
0.00626
0.00626
0.00624
0.00623
0.00621
0.00619
0.00616
0.00613
0.0061
0.00606
0.00602
0.00598
0.00593
0.00589
0.00584
0.0058
0.00575
0.0057
0.00565
0.00561
0.00557
0.00552
0.00548
0.00544
0.00541
0.00538
0.00535
0.00532
0.00529
0.00527
0.00524
0.00522
0.0052
0.00518
0.00516
0.00514
0.00511
0.00509
0.00506
0.00502
0.00499
0.00496
0.00492
0.00488
0.00482
0.00477
0.00471
0.00465
0.00457
0.0045
0.00442
0.00435
0.00426
0.00417
0.00408
0.00399
0.00389
0.0038
0.00371
0.00362
0.00352
0.00344
0.00334
0.00326
0.00318
0.0031
0.00302
0.00296
0.00289
0.00283
0.00278
0.00272
0.00268
0.00264
0.0026
0.00257
0.00254
0.00252
0.00249
0.00248
0.00246
0.00245
0.00243
0.00242
0.00241
0.0024
0.00239
0.00238
0.00238
0.00238
0.00237
0.00237
0.00236
0.00236
0.00235
0.00235
0.00234
0.00234
0.00234
0.00234
0.00234
0.00234
0.00234
0.00234
0.00235
0.00236
0.00237
0.00238
0.00238
0.0024
0.00241
0.00243
0.00244
0.00246
0.00247
0.00249
0.0025
0.00252
0.00254
0.00255
0.00257
0.00258
0.0026
0.00261
0.00262
0.00263
0.00264
0.00265
0.00265
0.00266
0.00266
0.00267
0.00266
0.00266
0.00266
0.00265
0.00265
0.00264
0.00263
0.00263
0.00261
0.0026
0.00258
0.00257
0.00255
0.00254
0.00251
0.00249
0.00246
0.00244
0.00241
0.00237
0.00234
0.00231
0.00227
0.00223
0.00218
0.00214
0.00209
0.00204
0.00198
0.00193
0.00186
0.00181
0.00174
0.00167
0.0016
0.00153
0.00146
0.00139
0.00132
0.00125
0.00117
0.0011
0.00102
0.00095
0.00087
0.00081
0.00073
0.00067
0.0006
0.00053
0.00047
0.0004
0.00035
0.00029
0.00023
0.00019
0.00013
9e-05
4e-05
-0.0
-5e-05
-9e-05
-0.00013
-0.00016
-0.0002
-0.00023
-0.00026
-0.00029
-0.00032
-0.00034
-0.00037
-0.00039
-0.00042
-0.00043
-0.00045
-0.00046
-0.00049
-0.0005
-0.00051
-0.00051
-0.00052
-0.00053
-0.00053
-0.00054
-0.00053
-0.00052
-0.00052
-0.0005
-0.0005
-0.00047
-0.00046
-0.00043
-0.00041
-0.00038
-0.00035
-0.00031
-0.00028
-0.00024
-0.00019
-0.00015
-0.0001
-5e-05
0.0
6e-05
0.00011
0.00017
0.00023
0.00029
0.00034
0.00041
0.00046
0.00053
0.00059
0.00065
0.0007
0.00076
0.00082
0.00088
0.00094
0.001
0.00104
0.0011
0.00115
0.00121
0.00125
0.00131
0.00135
0.00141
0.00145
0.0015
0.00154
0.00159
0.00163
0.00168
0.00173
0.00178
0.00182
0.00187
0.00191
0.00196
0.002
0.00205
0.00209
0.00214
0.00218
0.00223
0.00227
0.00231
0.00235
0.00239
0.00243
0.00247
0.00249
0.00252
0.00255
0.00258
0.00259
0.00261
0.00262
0.00264
0.00264
0.00265
0.00265
0.00264
0.00264
0.00263
0.00261
0.0026
0.00257
0.00256
0.00253
0.0025
0.00247
0.00244
0.0024
0.00237
0.00233
0.00229
0.00225
0.00221
0.00217
0.00213
0.00209
0.00205
0.00199
0.00196
0.00191
0.00187
0.00182
0.00178
0.00173
0.00169
0.00164
0.0016
0.00155
0.0015
0.00146
0.00141
0.00137
0.00133
0.00127
0.00123
0.00118
0.00114
0.00109
0.00105
0.00101
0.00097
0.00093
0.00089
0.00086
0.00082
0.0008
0.00077
0.00074
0.00073
0.0007
0.0007
0.00068
0.00069
0.00068
0.00069
0.00069
0.00071
0.00072
0.00074
0.00077
0.0008
0.00083
0.00087
0.00092
0.00097
0.00101
0.00107
0.00112
0.00118
0.00123
0.0013
0.00135
0.00142
0.00148
0.00155
0.00161
0.00167
0.00174
0.0018
0.00186
0.00193
0.00198
0.00204
0.00209
0.00215
0.00219
0.00224
0.00228
0.00233
0.00237
0.0024
0.00244
0.00246
0.00249
0.00252
0.00254
0.00257
0.00258
0.0026
0.0026
0.00262
0.00262
0.00263
0.00262
0.00263
0.00262
0.00262
0.00261
0.0026
0.00259
0.00258
0.00256
0.00255
0.00252
0.0025
0.00247
0.00245
0.00242
0.00239
0.00236
0.00233
0.0023
0.00226
0.00222
0.00218
0.00214
0.00211
0.00206
0.00202
0.00197
0.00193
0.00188
0.00184
0.00179
0.00174
0.00169
0.00165
0.0016
0.00155
0.00149
0.00144
0.00139
0.00135
0.0013
0.00125
0.00119
0.00115
0.0011
0.00106
0.00101
0.00097
0.00092
0.00088
0.00084
0.0008
0.00076
0.00073
0.0007
0.00067
0.00063
0.00061
0.00058
0.00056
0.00054
0.00052
0.0005
0.00049
0.00047
0.00047
0.00046
0.00046
0.00045
0.00045
0.00046
0.00046
0.00047
0.00048
0.00048
0.0005
0.00051
0.00054
0.00055
0.00057
0.00058
0.00061
0.00063
0.00066
0.00068
0.00071
0.00074
0.00077
0.0008
0.00084
0.00086
0.00089
0.00093
0.00096
0.00099
0.00102
0.00105
0.00109
0.00111
0.00114
0.00117
0.0012
0.00122
0.00125
0.00128
0.0013
0.00131
0.00134
0.00135
0.00137
0.00137
0.00139
0.00139
0.00141
0.00141
0.00141
0.0014
0.0014
0.00139
0.00139
0.00138
0.00137
0.00136
0.00135
0.00133
0.00132
0.0013
0.00129
0.00126
0.00125
0.00123
0.00121
0.00119
0.00117
0.00116
0.00114
0.00113
0.00112
0.00109
0.00109
0.00107
0.00106
0.00105
0.00104
0.00103
0.00103
0.00101
0.00101
0.001
0.00099
0.00099
0.00099
0.00099
0.00099
0.00098
0.00099
0.00098
0.00099
0.00098
0.00098
0.00098
0.00098
0.00098
0.00098
0.00098
0.00097
0.00097
0.00097
0.00097
0.00097
0.00096
0.00097
0.00096
0.00096
0.00095
0.00095
0.00094
0.00095
0.00094
0.00093
0.00092
0.00091
0.0009
0.00089
0.00088
0.00087
0.00085
0.00085
0.00083
0.00082
0.00079
0.00077
0.00075
0.00073
0.00071
0.00068
0.00065
0.00062
0.00059
0.00056
0.00052
0.00049
0.00044
0.00041
0.00036
0.00032
0.00027
0.00023
0.00018
0.00014
8e-05
3e-05
-2e-05
-7e-05
-0.00012
-0.00017
-0.00022
-0.00027
-0.00033
-0.00038
-0.00043
-0.00047
-0.00053
-0.00057
-0.00062
-0.00066
-0.0007
-0.00074
-0.00078
-0.00081
-0.00084
-0.00087
-0.0009
-0.00091
-0.00094
-0.00095
-0.00097
-0.00097
-0.00099
-0.00099
-0.00099
-0.00098
-0.00098
-0.00097
-0.00096
-0.00095
-0.00093
-0.00091
-0.00089
-0.00086
-0.00084
-0.0008
-0.00078
-0.00074
-0.00071
-0.00068
-0.00065
-0.00061
-0.00058
-0.00054
-0.00051
-0.00048
-0.00044
-0.00041
-0.00038
-0.00034
-0.00032
-0.00029
-0.00027
-0.00024
-0.00022
-0.0002
-0.00019
-0.00017
-0.00016
-0.00015
-0.00014
-0.00013
-0.00013
-0.00012
-0.00012
-0.00012
-0.00013
-0.00013
-0.00014
-0.00014
-0.00015
-0.00016
-0.00018
-0.00018
-0.0002
-0.00021
-0.00023
-0.00025
-0.00026
-0.00028
-0.00029
-0.00031
-0.00033
-0.00034
-0.00036
-0.00038
-0.0004
-0.00041
-0.00043
-0.00043
-0.00045
-0.00046
-0.00047
-0.00049
-0.00049
-0.00049
-0.0005
-0.0005
-0.0005
-0.00049
-0.00049
-0.00048
-0.00047
-0.00045
-0.00044
-0.00041
-0.00039
-0.00037
-0.00034
-0.00031
-0.00027
-0.00023
-0.00018
-0.00014
-9e-05
-4e-05
1e-05
8e-05
0.00013
0.0002
0.00025
0.00033
0.00039
0.00046
0.00052
0.00059
0.00066
0.00073
0.00081
0.00088
0.00094
0.00101
0.00108
0.00115
0.00121
0.00127
0.00133
0.0014
0.00145
0.00151
0.00156
0.00161
0.00166
0.00171
0.00176
0.00181
0.00185
0.00189
0.00193
0.00198
0.00201
0.00205
0.00208
0.00212
0.00215
0.00218
0.00221
0.00224
0.00227
0.0023
0.00232
0.00235
0.00237
0.0024
0.00242
0.00244
0.00246
0.00248
0.00249
0.00251
0.00252
0.00253
0.00254
0.00255
0.00256
0.00256
0.00257
0.00257
0.00257
0.00257
0.00257
0.00257
0.00256
0.00256
0.00254
0.00254
0.00253
0.00252
0.00251
0.0025
0.00249
0.00248
0.00247
0.00247
0.00245
0.00245
0.00244
0.00244
0.00243
0.00243
0.00243
0.00243
0.00243
0.00243
0.00244
0.00244
0.00245
0.00246
0.00247
0.00248
0.00249
0.0025
0.00251
0.00253
0.00254
0.00256
0.00257
0.00259
0.0026
0.00261
0.00262
0.00263
0.00264
0.00266
0.00267
0.00268
0.00268
0.00269
0.00269
0.0027
0.0027
0.0027
0.0027
0.00271
0.0027
0.0027
0.0027
0.0027
0.0027
0.0027
0.0027
0.0027
0.00269
0.00269
0.00269
0.0027
0.00269
0.00269
0.00269
0.0027
0.00269
0.0027
0.0027
0.0027
0.0027
0.0027
0.00271
0.00271
0.00271
0.00271
0.00271
0.00272
0.00271
0.00272
0.00271
0.00272
0.00272
0.00272
0.00271
0.00271
0.00272
0.00272
0.00272
0.00272
0.00272
0.00273
0.00273
0.00274
0.00274
0.00275
0.00275
0.00277
0.00278
0.00279
0.00281
0.00282
0.00284
0.00286
0.00288
0.00291
0.00293
0.00295
0.00298
0.00301
0.00303
0.00306
0.00308
0.00311
0.00313
0.00316
0.00318
0.0032
0.00323
0.00325
0.00327
0.00329
0.0033
0.00332
0.00333
0.00334
0.00335
0.00336
0.00336
0.00337
0.00336
0.00336
0.00336
0.00335
0.00335
0.00334
0.00334
0.00333
0.00332
0.00331
0.0033
0.00329
0.00327
0.00326
0.00325
0.00324
0.00322
0.00321
0.0032
0.00318
0.00317
0.00316
0.00314
0.00313
0.00311
0.0031
0.00308
0.00306
0.00304
0.00303
0.003
0.00299
0.00296
0.00294
0.00292
0.00289
0.00287
0.00285
0.00282
0.0028
0.00276
0.00274
0.0027
0.00268
0.00264
0.00261
0.00257
0.00254
0.0025
0.00247
0.00243
0.00239
0.00236
0.00232
0.00228
0.00225
0.0022
0.00216
0.00212
0.00208
0.00203
0.00199
0.00194
0.0019
0.00185
0.0018
0.00174
0.00169
0.00164
0.00158
0.00153
0.00147
0.00141
0.00135
0.00129
0.00123
0.00116
0.0011
0.00102
0.00096
0.00089
0.00082
0.00075
0.00068
0.00061
0.00055
0.00048
0.00042
0.00034
0.00028
0.00021
0.00015
8e-05
3e-05
-4e-05
-9e-05
-0.00015
-0.0002
-0.00026
-0.00031
-0.00035
-0.0004
-0.00044
-0.00048
-0.00053
-0.00056
-0.0006
-0.00063
-0.00067
-0.0007
-0.00074
-0.00076
-0.00079
-0.00081
-0.00084
-0.00087
-0.00088
-0.0009
-0.00092
-0.00093
-0.00096
-0.00097
-0.00098
-0.00099
-0.001
-0.00101
-0.00102
-0.00101
-0.00102
-0.00102
-0.00102
-0.00101
-0.001
-0.00099
-0.00097
-0.00095
-0.00094
-0.00091
-0.00089
-0.00086
-0.00083
-0.0008
-0.00077
-0.00072
-0.00068
-0.00064
-0.00059
-0.00055
-0.0005
-0.00045
-0.00039
-0.00034
-0.00029
-0.00023
-0.00018
-0.00012
-7e-05
-1e-05
4e-05
0.00011
0.00016
0.00021
0.00026
0.00032
0.00037
0.00043
0.00048
0.00053
0.00057
0.00063
0.00068
0.00073
0.00077
0.00082
0.00086
0.00092
0.00096
0.00101
0.00106
0.0011
0.00115
0.0012
0.00125
0.0013
0.00134
0.00139
0.00143
0.00148
0.00152
0.00157
0.0016
0.00165
0.00168
0.00172
0.00175
0.00178
0.00181
0.00183
0.00186
0.00188
0.00188
0.0019
0.0019
0.00191
0.00191
0.00191
0.00189
0.00188
0.00187
0.00185
0.00183
0.0018
0.00177
0.00175
0.00172
0.00169
0.00164
0.00161
0.00157
0.00154
0.0015
0.00147
0.00142
0.00139
0.00135
0.00131
0.00128
0.00124
0.0012
0.00117
0.00113
0.0011
0.00105
0.00102
0.00098
0.00094
0.0009
0.00086
0.00081
0.00077
0.00072
0.00068
0.00062
0.00057
0.00052
0.00046
0.00041
0.00035
0.00028
0.00022
0.00016
0.0001
2e-05
-4e-05
-0.00012
-0.00018
-0.00025
-0.00032
-0.00039
-0.00045
-0.00052
-0.00058
-0.00065
-0.0007
-0.00077
-0.00082
-0.00089
-0.00093
-0.00099
-0.00104
-0.00109
-0.00113
-0.00118
-0.00122
-0.00126
-0.0013
-0.00133
-0.00137
-0.0014
-0.00142
-0.00146
-0.00148
-0.00151
-0.00153
-0.00155
-0.00157
-0.00159
-0.0016
-0.00162
-0.00163
-0.00164
-0.00165
-0.00165
-0.00165
-0.00165
-0.00164
-0.00164
-0.00162
-0.00161
-0.00158
-0.00157
-0.00154
-0.00152
-0.00147
-0.00144
-0.00141
-0.00137
-0.00132
-0.00127
-0.00122
-0.00117
-0.00111
-0.00106
-0.00099
-0.00093
-0.00086
-0.0008
-0.00073
-0.00067
-0.00059
-0.00052
-0.00045
-0.00038
-0.0003
-0.00022
-0.00015
-7e-05
2e-05
9e-05
0.00018
0.00025
0.00035
0.00043
0.00051
0.0006
0.00069
0.00077
0.00086
0.00095
0.00104
0.00114
0.00123
0.00132
0.00142
0.0015
0.0016
0.00169
0.00179
0.00187
0.00196
0.00205
0.00214
0.00222
0.0023
0.00238
0.00246
0.00254
0.00261
0.00269
0.00276
0.00282
0.00289
0.00295
0.00302
0.00307
0.00313
0.00318
0.00324
0.00329
0.00334
0.00338
0.00343
0.00348
0.00352
0.00356
0.00361
0.00364
0.00368
0.00371
0.00375
0.00378
0.00381
0.00383
0.00386
0.00387
0.00389
0.0039
0.00391
0.00392
0.00392
0.00391
0.00391
0.00388
0.00387
0.00384
0.00381
0.00377
0.00373
0.00368
0.00363
0.00356
0.00349
0.00342
0.00334
0.00326
0.00317
0.00308
0.00298
0.00287
0.00278
0.00266
0.00256
0.00244
0.00233
0.00221
0.0021
0.00198
0.00186
0.00174
0.00162
0.00151
0.0014
0.00129
0.00118
0.00106
0.00096
0.00085
0.00076
0.00065
0.00056
0.00046
0.00037
0.00028
0.00019
0.0001
1e-05
-7e-05
-0.00015
-0.00022
-0.0003
-0.00038
-0.00044
-0.00052
-0.00057
-0.00065
-0.0007
-0.00077
-0.00081
-0.00087
-0.00092
-0.00096
-0.00101
-0.00105
-0.00108
-0.00111
-0.00113
-0.00116
-0.00117
-0.00119
-0.00119
-0.0012
-0.00119
-0.00119
-0.00117
-0.00115
-0.00113
-0.00111
-0.00108
-0.00104
-0.00099
-0.00095
-0.00089
-0.00085
-0.00078
-0.00073
-0.00066
-0.00059
-0.00052
-0.00045
-0.00037
-0.00029
-0.00021
-0.00014
-5e-05
3e-05
0.00012
0.00021
0.0003
0.00038
0.00047
0.00056
0.00065
0.00073
0.00083
0.00091
0.001
0.00109
0.00118
0.00126
0.00135
0.00144
0.00153
0.00161
0.0017
0.00178
0.00187
0.00195
0.00204
0.00212
0.00221
0.00229
0.00237
0.00245
0.00254
0.00261
0.00269
0.00277
0.00285
0.00293
0.00301
0.00308
0.00316
0.00323
0.00331
0.00337
0.00344
0.0035
0.00358
0.00364
0.0037
0.00376
0.00381
0.00387
0.00392
0.00397
0.00402
0.00406
0.00411
0.00415
0.00419
0.00422
0.00425
0.00428
0.00431
0.00433
0.00435
0.00436
0.00437
0.00439
0.0044
0.00441
0.00441
0.00441
0.00441
0.0044
0.0044
0.00439
0.00438
0.00436
0.00435
0.00433
0.00431
0.00429
0.00426
0.00423
0.00421
0.00418
0.00414
0.0041
0.00407
0.00402
0.00399
0.00394
0.0039
0.00384
0.0038
0.00374
0.00369
0.00363
0.00357
0.00351
0.00345
0.00338
0.00332
0.00324
0.00317
0.0031
0.00303
0.00295
0.00287
0.00279
0.00271
0.00263
0.00255
0.00246
0.00238
0.0023
0.00222
0.00213
0.00206
0.00197
0.00189
0.00181
0.00173
0.00165
0.00158
0.0015
0.00144
0.00136
0.0013
0.00123
0.00117
0.00111
0.00106
0.001
0.00096
0.0009
0.00086
0.00082
0.00078
0.00074
0.00071
0.00067
0.00065
0.00061
0.00059
0.00056
0.00054
0.00052
0.0005
0.00048
0.00046
0.00044
0.00043
0.00041
0.00039
0.00037
0.00036
0.00034
0.00033
0.00032
0.0003
0.00029
0.00027
0.00026
0.00025
0.00024
0.00023
0.00021
0.00021
0.00019
0.00019
0.00018
0.00018
0.00016
0.00017
0.00016
0.00016
0.00015
0.00015
0.00015
0.00016
0.00016
0.00016
0.00016
0.00017
0.00017
0.00017
0.00017
0.00018
0.00018
0.00019
0.00019
0.00019
0.00019
0.00019
0.00019
0.00019
0.0002
0.0002
0.00019
0.0002
0.00019
0.0002
0.00019
0.0002
0.00019
0.0002
0.0002
0.0002
0.0002
0.00019
0.0002
0.0002
0.0002
0.00021
0.0002
0.00021
0.00021
0.00021
0.00021
0.00021
0.0002
0.00021
0.0002
0.0002
0.00019
0.00019
0.00018
0.00017
0.00016
0.00016
0.00014
0.00013
0.00011
0.0001
8e-05
7e-05
4e-05
3e-05
1e-05
-1e-05
-3e-05
-5e-05
-6e-05
-8e-05
-9e-05
-0.00011
-0.00013
-0.00013
-0.00015
-0.00015
-0.00017
-0.00017
-0.00018
-0.00017
-0.00018
-0.00018
-0.00018
-0.00018
-0.00017
-0.00016
-0.00015
-0.00014
-0.00013
-0.00012
-0.00011
-9e-05
-8e-05
-6e-05
-5e-05
-2e-05
-1e-05
1e-05
3e-05
4e-05
6e-05
9e-05
0.00011
0.00013
0.00014
0.00017
0.00019
0.00022
0.00023
0.00026
0.00028
0.00031
0.00033
0.00035
0.00038
0.0004
0.00043
0.00046
0.00049
0.00052
0.00054
0.00058
0.00061
0.00064
0.00067
0.00071
0.00073
0.00077
0.0008
0.00084
0.00087
0.0009
0.00094
0.00097
0.00101
0.00105
0.00107
0.00111
0.00114
0.00117
0.0012
0.00123
0.00125
0.00129
0.00131
0.00134
0.00136
0.00138
0.0014
0.00142
0.00144
0.00146
0.00147
0.00149
0.0015
0.00152
0.00152
0.00154
0.00154
0.00155
0.00156
0.00156
0.00157
0.00157
0.00158
0.00158
0.00159
0.00159
0.00159
0.00159
0.00159
0.0016
0.00159
0.00159
0.00159
0.00159
0.00158
0.00158
0.00157
0.00156
0.00155
0.00155
0.00154
0.00153
0.0015
0.00149
0.00147
0.00146
0.00144
0.00142
0.00139
0.00137
0.00135
0.00132
0.0013
0.00127
0.00124
0.00122
0.0012
0.00118
0.00115
0.00113
0.00111
0.00109
0.00107
0.00106
0.00104
0.00104
0.00103
0.00102
0.00101
0.00101
0.00101
0.00102
0.00103
0.00104
0.00104
0.00105
0.00106
0.00108
0.00109
0.00111
0.00112
0.00114
0.00116
0.00117
0.00119
0.0012
0.00122
0.00124
0.00125
0.00127
0.00128
0.0013
0.00131
0.00133
0.00133
0.00135
0.00135
0.00137
0.00138
0.00139
0.00139
0.0014
0.00141
0.00142
0.00143
0.00144
0.00144
0.00146
0.00146
0.00147
0.00148
0.00149
0.00149
0.0015
0.0015
0.00151
0.00151
0.00152
0.00152
0.00153
0.00153
0.00154
0.00153
0.00154
0.00154
0.00154
0.00153
0.00154
0.00153
0.00153
0.00153
0.00152
0.00151
0.0015
0.0015
0.00149
0.00149
0.00148
0.00146
0.00146
0.00144
0.00144
0.00142
0.00141
0.00139
0.00138
0.00137
0.00135
0.00133
0.00131
0.0013
0.00128
0.00126
0.00125
0.00122
0.00121
0.00119
0.00118
0.00116
0.00114
0.00112
0.00112
0.00111
0.0011
0.00109
0.00108
0.00108
0.00108
0.00109
0.0011
0.0011
0.00112
0.00114
0.00116
0.00118
0.00122
0.00124
0.00129
0.00133
0.00137
0.00142
0.00146
0.00152
0.00158
0.00163
0.0017
0.00175
0.00182
0.00188
0.00196
0.00202
0.00209
0.00215
0.00223
0.00229
0.00236
0.00242
0.00248
0.00255
0.00261
0.00268
0.00274
0.00279
0.00286
0.00291
0.00297
0.00302
0.00308
0.00313
0.00319
0.00323
0.00329
0.00333
0.00338
0.00343
0.00348
0.00353
0.00358
0.00362
0.00367
0.00371
0.00376
0.0038
0.00385
0.00388
0.00393
0.00397
0.004
0.00404
0.00407
0.0041
0.00413
0.00416
0.00419
0.00421
0.00423
0.00425
0.00427
0.00427
0.00429
0.00429
0.0043
0.00429
0.00429
0.00429
0.00428
0.00427
0.00426
0.00424
0.00423
0.00421
0.00419
0.00417
0.00416
0.00413
0.00411
0.00408
0.00407
0.00404
0.00402
0.004
0.00398
0.00396
0.00394
0.00393
0.00391
0.00389
0.00388
0.00386
0.00386
0.00384
0.00383
0.00382
0.00381
0.0038
0.00379
0.00378
0.00377
0.00376
0.00375
0.00374
0.00373
0.00371
0.0037
0.00368
0.00366
0.00363
0.00361
0.00358
0.00356
0.00352
0.00348
0.00345
0.0034
0.00336
0.00331
0.00326
0.00321
0.00315
0.0031
0.00303
0.00297
0.0029
0.00284
0.00276
0.0027
0.00262
0.00254
0.00247
0.00239
0.00231
0.00223
0.00216
0.00208
0.00199
0.00192
0.00183
0.00175
0.00167
0.00159
0.0015
0.00143
0.00134
0.00126
0.00118
0.00109
0.00101
0.00093
0.00084
0.00076
0.00066
0.00058
0.00049
0.00041
0.00031
0.00022
0.00012
4e-05
-5e-05
-0.00015
-0.00024
-0.00033
-0.00042
-0.00051
-0.00059
-0.00067
-0.00077
-0.00084
-0.00092
-0.00099
-0.00106
-0.00113
-0.00119
-0.00124
-0.0013
-0.00134
-0.00139
-0.00143
-0.00145
-0.00148
-0.0015
-0.00151
-0.00152
-0.00152
-0.00152
-0.00151
-0.00151
-0.00149
-0.00147
-0.00144
-0.00142
-0.00139
-0.00135
-0.00132
-0.00127
-0.00123
-0.00118
-0.00113
-0.00109
-0.00103
-0.00098
-0.00092
-0.00087
-0.00081
-0.00075
-0.00068
-0.00062
-0.00055
-0.00048
-0.00041
-0.00034
-0.00026
-0.00018
-0.0001
-3e-05
6e-05
0.00014
0.00024
0.00032
0.00042
0.0005
0.00061
0.0007
0.00079
0.00089
0.00098
0.00108
0.00118
0.00127
0.00136
0.00145
0.00154
0.00162
0.00171
0.00179
0.00187
0.00194
0.00201
0.00208
0.00214
0.00219
0.00224
0.00229
0.00234
0.00238
0.00241
0.00244
0.00247
0.00248
0.0025
