5.22036335431987E+02

-0.0019
-0.00192
-0.00194
-0.00196
-0.00196
-0.00198
-0.00199
-0.00199
-0.002
-0.002
-0.002
-0.002
-0.00199
-0.00199
-0.00198
-0.00197
-0.00195
-0.00194
-0.00192
-0.00191
-0.00189
-0.00187
-0.00185
-0.00183
-0.0018
-0.00178
-0.00175
-0.00171
-0.00168
-0.00165
-0.00161
-0.00158
-0.00153
-0.0015
-0.00145
-0.00141
-0.00135
-0.00131
-0.00126
-0.00121
-0.00116
-0.0011
-0.00104
-0.00099
-0.00093
-0.00088
-0.00081
-0.00076
-0.00069
-0.00064
-0.00058
-0.00053
-0.00046
-0.00041
-0.00036
-0.0003
-0.00026
-0.0002
-0.00015
-0.00011
-6e-05
-3e-05
1e-05
4e-05
8e-05
0.0001
0.00013
0.00014
0.00017
0.00018
0.00019
0.00019
0.00019
0.00019
0.00019
0.00018
0.00017
0.00015
0.00013
0.0001
8e-05
5e-05
1e-05
-3e-05
-7e-05
-0.00012
-0.00018
-0.00024
-0.0003
-0.00036
-0.00043
-0.00051
-0.00058
-0.00067
-0.00075
-0.00084
-0.00093
-0.00104
-0.00113
-0.00124
-0.00134
-0.00145
-0.00156
-0.00168
-0.00179
-0.00191
-0.00202
-0.00213
-0.00224
-0.00236
-0.00247
-0.00258
-0.00268
-0.00279
-0.00289
-0.003
-0.00308
-0.00317
-0.00326
-0.00333
-0.00341
-0.00347
-0.00353
-0.00359
-0.00363
-0.00368
-0.00371
-0.00375
-0.00376
-0.00378
-0.00379
-0.0038
-0.00379
-0.00378
-0.00377
-0.00375
-0.00373
-0.00369
-0.00366
-0.00362
-0.00356
-0.00352
-0.00346
-0.0034
-0.00333
-0.00327
-0.00319
-0.00312
-0.00303
-0.00294
-0.00285
-0.00276
-0.00267
-0.00256
-0.00245
-0.00235
-0.00223
-0.00212
-0.002
-0.00188
-0.00175
-0.00163
-0.0015
-0.00138
-0.00124
-0.00111
-0.00097
-0.00084
-0.0007
-0.00056
-0.00043
-0.00029
-0.00015
-3e-05
0.00011
0.00024
0.00037
0.00049
0.00061
0.00072
0.00085
0.00095
0.00106
0.00116
0.00126
0.00135
0.00145
0.00153
0.00162
0.00169
0.00176
0.00183
0.0019
0.00196
0.00202
0.00207
0.00213
0.00217
0.00222
0.00226
0.0023
0.00234
0.00238
0.00242
0.00245
0.00248
0.00251
0.00254
0.00258
0.0026
0.00263
0.00264
0.00268
0.0027
0.00272
0.00273
0.00275
0.00277
0.00279
0.0028
0.00282
0.00282
0.00283
0.00283
0.00284
0.00284
0.00284
0.00283
0.00283
0.00282
0.00281
0.0028
0.00278
0.00277
0.00275
0.00273
0.00271
0.00268
0.00267
0.00263
0.00261
0.00258
0.00255
0.00251
0.00249
0.00245
0.00242
0.00238
0.00234
0.0023
0.00227
0.00223
0.0022
0.00215
0.00211
0.00207
0.00204
0.00199
0.00195
0.0019
0.00187
0.00182
0.00178
0.00173
0.00169
0.00164
0.0016
0.00155
0.00151
0.00145
0.00141
0.00136
0.00132
0.00126
0.00122
0.00117
0.00113
0.00108
0.00103
0.00098
0.00094
0.0009
0.00086
0.00081
0.00078
0.00073
0.0007
0.00066
0.00063
0.0006
0.00057
0.00054
0.00052
0.0005
0.00048
0.00046
0.00044
0.00043
0.00042
0.00042
0.00042
0.00041
0.00041
0.00041
0.00042
0.00042
0.00043
0.00044
0.00046
0.00047
0.00048
0.0005
0.00051
0.00053
0.00055
0.00057
0.00059
0.0006
0.00063
0.00064
0.00067
0.00068
0.0007
0.00071
0.00073
0.00074
0.00075
0.00076
0.00077
0.00079
0.0008
0.00081
0.00082
0.00082
0.00084
0.00084
0.00085
0.00085
0.00087
0.00087
0.00088
0.00089
0.0009
0.00091
0.00092
0.00094
0.00095
0.00097
0.00099
0.001
0.00103
0.00105
0.00107
0.00109
0.00112
0.00113
0.00117
0.00119
0.00121
0.00124
0.00126
0.00129
0.00131
0.00134
0.00136
0.00138
0.00141
0.00142
0.00144
0.00146
0.00147
0.00148
0.0015
0.00151
0.00153
0.00153
0.00154
0.00155
0.00156
0.00157
0.00158
0.00158
0.00159
0.0016
0.00161
0.00162
0.00163
0.00164
0.00166
0.00168
0.0017
0.00171
0.00174
0.00176
0.00179
0.00182
0.00186
0.00189
0.00193
0.00197
0.00201
0.00205
0.0021
0.00214
0.0022
0.00225
0.0023
0.00235
0.0024
0.00245
0.0025
0.00256
0.00261
0.00266
0.00271
0.00275
0.00281
0.00284
0.00289
0.00292
0.00297
0.003
0.00303
0.00306
0.00309
0.00311
0.00314
0.00316
0.00318
0.00318
0.0032
0.0032
0.00322
0.00321
0.00322
0.00321
0.00321
0.00321
0.0032
0.00319
0.00317
0.00316
0.00314
0.00313
0.00311
0.00308
0.00307
0.00304
0.00301
0.00298
0.00295
0.00291
0.00288
0.00284
0.00281
0.00276
0.00272
0.00267
0.00263
0.00258
0.00253
0.00247
0.00242
0.00236
0.0023
0.00223
0.00218
0.0021
0.00204
0.00197
0.0019
0.00182
0.00175
0.00167
0.0016
0.00152
0.00144
0.00135
0.00128
0.00119
0.00111
0.00102
0.00094
0.00084
0.00076
0.00067
0.00058
0.00049
0.0004
0.00031
0.00023
0.00014
5e-05
-4e-05
-0.00013
-0.00021
-0.0003
-0.00039
-0.00047
-0.00056
-0.00063
-0.00071
-0.00079
-0.00087
-0.00095
-0.00102
-0.00109
-0.00116
-0.00122
-0.0013
-0.00135
-0.00142
-0.00147
-0.00153
-0.00158
-0.00163
-0.00167
-0.00172
-0.00176
-0.0018
-0.00184
-0.00187
-0.0019
-0.00193
-0.00195
-0.00199
-0.002
-0.00203
-0.00204
-0.00206
-0.00207
-0.00208
-0.00208
-0.00209
-0.00209
-0.0021
-0.0021
-0.00209
-0.00208
-0.00207
-0.00206
-0.00205
-0.00203
-0.00201
-0.00198
-0.00196
-0.00193
-0.00191
-0.00187
-0.00184
-0.0018
-0.00177
-0.00173
-0.00168
-0.00164
-0.00159
-0.00154
-0.0015
-0.00145
-0.0014
-0.00134
-0.00129
-0.00124
-0.00119
-0.00112
-0.00107
-0.00101
-0.00095
-0.0009
-0.00083
-0.00077
-0.0007
-0.00064
-0.00058
-0.00051
-0.00045
-0.00037
-0.00031
-0.00024
-0.00017
-9e-05
-2e-05
5e-05
0.00012
0.00019
0.00027
0.00035
0.00042
0.0005
0.00057
0.00064
0.00071
0.00079
0.00085
0.00093
0.00099
0.00106
0.00112
0.00119
0.00124
0.0013
0.00136
0.00142
0.00147
0.00153
0.00157
0.00163
0.00168
0.00173
0.00177
0.00182
0.00186
0.00192
0.00196
0.00201
0.00206
0.00211
0.00216
0.00221
0.00227
0.00233
0.00238
0.00244
0.0025
0.00257
0.00262
0.0027
0.00275
0.00283
0.0029
0.00297
0.00304
0.0031
0.00318
0.00325
0.00332
0.00339
0.00345
0.00352
0.00358
0.00366
0.00371
0.00378
0.00383
0.00389
0.00394
0.004
0.00405
0.00409
0.00414
0.00419
0.00424
0.00429
0.00432
0.00437
0.00441
0.00445
0.00448
0.00453
0.00456
0.0046
0.00463
0.00467
0.00471
0.00474
0.00478
0.00481
0.00485
0.00488
0.00491
0.00494
0.00497
0.005
0.00502
0.00505
0.00506
0.00509
0.0051
0.00511
0.00512
0.00513
0.00513
0.00513
0.00513
0.00513
0.00511
0.0051
0.00508
0.00507
0.00504
0.00501
0.00498
0.00495
0.00491
0.00487
0.00482
0.00477
0.00473
0.00468
0.00462
0.00457
0.0045
0.00445
0.00438
0.00432
0.00424
0.00418
0.0041
0.00403
0.00395
0.00387
0.00378
0.0037
0.00361
0.00352
0.00343
0.00334
0.00324
0.00315
0.00305
0.00296
0.00285
0.00276
0.00265
0.00256
0.00245
0.00235
0.00225
0.00214
0.00204
0.00195
0.00185
0.00175
0.00165
0.00156
0.00146
0.00137
0.00128
0.00119
0.0011
0.00102
0.00093
0.00085
0.00076
0.00068
0.00061
0.00053
0.00046
0.00038
0.00031
0.00024
0.00017
0.0001
3e-05
-3e-05
-0.0001
-0.00016
-0.00022
-0.00028
-0.00033
-0.00039
-0.00043
-0.00048
-0.00052
-0.00056
-0.0006
-0.00062
-0.00065
-0.00066
-0.00068
-0.00069
-0.00069
-0.00068
-0.00067
-0.00065
-0.00062
-0.00059
-0.00055
-0.0005
-0.00044
-0.00037
-0.0003
-0.00021
-0.00013
-3e-05
7e-05
0.00019
0.0003
0.00044
0.00057
0.0007
0.00085
0.001
0.00116
0.00133
0.0015
0.00169
0.00186
0.00206
0.00225
0.00245
0.00266
0.00287
0.00308
0.0033
0.00352
0.00375
0.00398
0.00421
0.00445
0.00469
0.00493
0.00518
0.00542
0.00567
0.00592
0.00617
0.00642
0.00667
0.00691
0.00717
0.00741
0.00766
0.0079
0.00814
0.00838
0.00862
0.00885
0.00909
0.00931
0.00954
0.00976
0.00999
0.0102
0.01042
0.01063
0.01085
0.01106
0.01126
0.01147
0.01167
0.01188
0.01208
0.01228
0.01249
0.01269
0.01289
0.01309
0.0133
0.01349
0.0137
0.0139
0.01411
0.01431
0.01452
0.01472
0.01493
0.01513
0.01534
0.01555
0.01576
0.01596
0.01618
0.01638
0.01659
0.0168
0.01701
0.01722
0.01743
0.01764
0.01785
0.01806
0.01827
0.01848
0.01869
0.01891
0.01912
0.01933
0.01955
0.01976
0.01998
0.0202
0.02042
0.02063
0.02085
0.02107
0.02129
0.0215
0.02171
0.02193
0.02214
0.02235
0.02256
0.02275
0.02295
0.02314
0.02334
0.02352
0.0237
0.02387
0.02404
0.0242
0.02435
0.0245
0.02464
0.02478
0.02491
0.02503
0.02514
0.02525
0.02536
0.02545
0.02555
0.02563
0.02571
0.02579
0.02587
0.02593
0.026
0.02606
0.02612
0.02618
0.02624
0.0263
0.02635
0.0264
0.02645
0.0265
0.02655
0.02659
0.02664
0.02668
0.02672
0.02676
0.02679
0.02682
0.02685
0.02688
0.02691
0.02693
0.02695
0.02696
0.02698
0.02698
0.02699
0.02698
0.02698
0.02697
0.02697
0.02695
0.02693
0.02691
0.02688
0.02686
0.02683
0.0268
0.02677
0.02673
0.0267
0.02667
0.02664
0.0266
0.02656
0.02652
0.0265
0.02646
0.02643
0.02639
0.02636
0.02633
0.02631
0.02627
0.02625
0.02622
0.0262
0.02617
0.02614
0.02611
0.02609
0.02606
0.02604
0.026
0.02597
0.02594
0.0259
0.02586
0.02582
0.02578
0.02574
0.02568
0.02563
0.02558
0.02552
0.02545
0.02539
0.02532
0.02525
0.02517
0.02509
0.02501
0.02492
0.02484
0.02475
0.02466
0.02456
0.02446
0.02436
0.02426
0.02416
0.02406
0.02396
0.02385
0.02375
0.02364
0.02354
0.02343
0.02333
0.02322
0.02312
0.02302
0.02292
0.02281
0.02271
0.02261
0.02251
0.02241
0.02231
0.0222
0.02211
0.022
0.0219
0.0218
0.02169
0.02159
0.02149
0.02138
0.02128
0.02116
0.02106
0.02095
0.02084
0.02072
0.02061
0.02049
0.02038
0.02027
0.02015
0.02003
0.01992
0.0198
0.01968
0.01957
0.01945
0.01933
0.01922
0.01911
0.019
0.01888
0.01878
0.01867
0.01857
0.01847
0.01837
0.01827
0.01817
0.01808
0.018
0.01791
0.01783
0.01774
0.01767
0.01759
0.01753
0.01745
0.01739
0.01732
0.01727
0.01721
0.01716
0.0171
0.01705
0.017
0.01696
0.01692
0.01688
0.01683
0.0168
0.01676
0.01673
0.0167
0.01667
0.01664
0.01662
0.0166
0.01658
0.01656
0.01654
0.01653
0.01651
0.0165
0.0165
0.01648
0.01648
0.01648
0.01648
0.01647
0.01648
0.01648
0.01649
0.01649
0.01649
0.0165
0.01651
0.01652
0.01653
0.01654
0.01655
0.01656
0.01657
0.01658
0.01659
0.0166
0.01661
0.01661
0.01662
0.01663
0.01663
0.01663
0.01663
0.01663
0.01663
0.01663
0.01662
0.01661
0.0166
0.01659
0.01658
0.01655
0.01654
0.01651
0.01649
0.01647
0.01644
0.01641
0.01638
0.01635
0.01632
0.01628
0.01625
0.01621
0.01618
0.01613
0.0161
0.01606
0.01602
0.01598
0.01594
0.0159
0.01586
0.01582
0.01578
0.01574
0.0157
0.01566
0.01562
0.01558
0.01554
0.0155
0.01546
0.01542
0.01538
0.01534
0.01531
0.01527
0.01523
0.0152
0.01516
0.01512
0.01509
0.01506
0.01503
0.015
0.01497
0.01494
0.01492
0.01489
0.01487
0.01485
0.01483
0.01481
0.0148
0.01478
0.01477
0.01476
0.01475
0.01474
0.01473
0.01472
0.01471
0.0147
0.0147
0.01469
0.01468
0.01467
0.01467
0.01465
0.01464
0.01462
0.0146
0.01459
0.01457
0.01455
0.01453
0.0145
0.01447
0.01444
0.01441
0.01437
0.01434
0.01429
0.01426
0.01421
0.01417
0.01412
0.01407
0.01403
0.01398
0.01393
0.01388
0.01382
0.01378
0.01372
0.01367
0.01361
0.01356
0.0135
0.01345
0.01339
0.01333
0.01327
0.01321
0.01315
0.01309
0.01303
0.01297
0.01289
0.01283
0.01276
0.0127
0.01262
0.01255
0.01247
0.01241
0.01233
0.01225
0.01217
0.0121
0.01202
0.01195
0.01187
0.0118
0.01172
0.01165
0.01157
0.01151
0.01144
0.01137
0.0113
0.01125
0.01118
0.01113
0.01107
0.01102
0.01097
0.01092
0.01088
0.01084
0.01079
0.01076
0.01072
0.01069
0.01065
0.01062
0.01058
0.01055
0.01052
0.01049
0.01045
0.01042
0.01039
0.01035
0.01032
0.01029
0.01024
0.01021
0.01016
0.01012
0.01008
0.01003
0.00998
0.00994
0.00988
0.00983
0.00977
0.00971
0.00965
0.00959
0.00953
0.00946
0.00938
0.00932
0.00924
0.00917
0.00909
0.00901
0.00893
0.00885
0.00876
0.00868
0.00859
0.00849
0.00841
0.00832
0.00822
0.00813
0.00803
0.00795
0.00785
0.00776
0.00766
0.00757
0.00748
0.00739
0.00731
0.00722
0.00713
0.00705
0.00698
0.0069
0.00683
0.00676
0.00669
0.00663
0.00657
0.00651
0.00646
0.00641
0.00636
0.00632
0.00628
0.00624
0.00621
0.00618
0.00616
0.00613
0.00611
0.0061
0.00608
0.00607
0.00606
0.00606
0.00605
0.00606
0.00605
0.00607
0.00607
0.00608
0.0061
0.00611
0.00613
0.00616
0.00618
0.00621
0.00623
0.00627
0.0063
0.00634
0.00637
0.00642
0.00645
0.00649
0.00653
0.00657
0.00661
0.00664
0.00669
0.00672
0.00676
0.00679
0.00681
0.00684
0.00686
0.00689
0.0069
0.00692
0.00692
0.00693
0.00692
0.00692
0.00691
0.00689
0.00688
0.00686
0.00684
0.00682
0.00678
0.00675
0.00672
0.00669
0.00664
0.00661
0.00656
0.00653
0.00648
0.00644
0.00639
0.00635
0.00631
0.00626
0.00622
0.00618
0.00613
0.00609
0.00604
0.006
0.00595
0.0059
0.00585
0.0058
0.00575
0.0057
0.00564
0.00558
0.00552
0.00546
0.0054
0.00534
0.00527
0.00521
0.00514
0.00508
0.005
0.00494
0.00487
0.00481
0.00474
0.00467
0.00461
0.00455
0.00449
0.00444
0.00439
0.00435
0.0043
0.00427
0.00423
0.00421
0.00418
0.00417
0.00414
0.00414
0.00414
0.00414
0.00414
0.00415
0.00416
0.00418
0.0042
0.00422
0.00424
0.00427
0.0043
0.00433
0.00436
0.00439
0.00442
0.00445
0.00448
0.00451
0.00454
0.00457
0.0046
0.00463
0.00466
0.00469
0.00471
0.00475
0.00477
0.0048
0.00483
0.00486
0.00488
0.00492
0.00495
0.00498
0.00501
0.00504
0.00508
0.00512
0.00516
0.0052
0.00524
0.00529
0.00533
0.00538
0.00543
0.00548
0.00553
0.00559
0.00564
0.00569
0.00575
0.0058
0.00585
0.00591
0.00596
0.00601
0.00606
0.00611
0.00615
0.00619
0.00623
0.00626
0.00629
0.00633
0.00635
0.00637
0.00638
0.00639
0.0064
0.0064
0.0064
0.00639
0.00637
0.00636
0.00634
0.00632
0.00629
0.00625
0.00621
0.00618
0.00613
0.00608
0.00603
0.00597
0.00592
0.00586
0.0058
0.00574
0.00568
0.00562
0.00555
0.00549
0.00542
0.00536
0.00529
0.00524
0.00517
0.00511
0.00505
0.00499
0.00493
0.00488
0.00483
0.00478
0.00472
0.00468
0.00463
0.00459
0.00454
0.0045
0.00445
0.00442
0.00438
0.00434
0.0043
0.00426
0.00423
0.0042
0.00416
0.00413
0.00409
0.00407
0.00403
0.00401
0.00397
0.00394
0.00391
0.00388
0.00385
0.00382
0.00378
0.00375
0.00372
0.00369
0.00366
0.00363
0.00359
0.00356
0.00352
0.00349
0.00345
0.00342
0.00337
0.00334
0.0033
0.00326
0.00322
0.00317
0.00313
0.00308
0.00304
0.00299
0.00293
0.00288
0.00283
0.00278
0.00271
0.00266
0.00259
0.00254
0.00247
0.0024
0.00234
0.00227
0.0022
0.00213
0.00206
0.00199
0.00191
0.00184
0.00176
0.00169
0.00161
0.00154
0.00145
0.00138
0.0013
0.00122
0.00113
0.00105
0.00097
0.00089
0.00081
0.00073
0.00064
0.00056
0.00047
0.00039
0.00031
0.00022
0.00014
6e-05
-3e-05
-0.00011
-0.00019
-0.00028
-0.00036
-0.00043
-0.00051
-0.00058
-0.00067
-0.00074
-0.00082
-0.00089
-0.00096
-0.00103
-0.00111
-0.00117
-0.00124
-0.0013
-0.00137
-0.00143
-0.00149
-0.00155
-0.00161
-0.00166
-0.00172
-0.00177
-0.00182
-0.00186
-0.00191
-0.00195
-0.002
-0.00203
-0.00207
-0.00211
-0.00214
-0.00217
-0.00219
-0.00221
-0.00223
-0.00224
-0.00226
-0.00225
-0.00226
-0.00225
-0.00224
-0.00222
-0.00221
-0.00218
-0.00215
-0.00212
-0.00208
-0.00203
-0.00198
-0.00192
-0.00187
-0.0018
-0.00174
-0.00166
-0.00158
-0.0015
-0.00142
-0.00132
-0.00124
-0.00114
-0.00105
-0.00095
-0.00085
-0.00075
-0.00064
-0.00054
-0.00043
-0.00032
-0.00022
-0.0001
1e-05
0.00012
0.00023
0.00035
0.00046
0.00058
0.00069
0.00081
0.00092
0.00104
0.00116
0.00128
0.0014
0.00152
0.00164
0.00176
0.00188
0.00201
0.00213
0.00225
0.00237
0.0025
0.00262
0.00275
0.00287
0.00299
0.00311
0.00324
0.00336
0.00348
0.00359
0.00371
0.00382
0.00394
0.00404
0.00415
0.00425
0.00436
0.00446
0.00456
0.00465
0.00474
0.00483
0.00491
0.00499
0.00507
0.00514
0.00522
0.00528
0.00535
0.00541
0.00547
0.00551
0.00557
0.00561
0.00566
0.00569
0.00572
0.00575
0.00578
0.00581
0.00583
0.00583
0.00585
0.00585
0.00586
0.00586
0.00586
0.00585
0.00584
0.00583
0.00581
0.00579
0.00577
0.00575
0.00572
0.00569
0.00567
0.00563
0.0056
0.00556
0.00553
0.00549
0.00545
0.00541
0.00538
0.00533
0.00529
0.00525
0.00521
0.00517
0.00513
0.00508
0.00504
0.00499
0.00495
0.00491
0.00486
0.00481
0.00477
0.00471
0.00467
0.00461
0.00456
0.0045
0.00444
0.00438
0.00433
0.00426
0.0042
0.00413
0.00406
0.00399
0.00392
0.00384
0.00376
0.00368
0.00361
0.00352
0.00343
0.00334
0.00325
0.00317
0.00308
0.00298
0.00289
0.00279
0.0027
0.0026
0.00251
0.0024
0.00231
0.0022
0.00211
0.00201
0.00191
0.00181
0.0017
0.00161
0.00151
0.00141
0.00131
0.00121
0.00111
0.00101
0.00092
0.00082
0.00073
0.00063
0.00055
0.00046
0.00037
0.00028
0.0002
0.00011
4e-05
-4e-05
-0.00011
-0.00019
-0.00025
-0.00032
-0.00038
-0.00044
-0.00049
-0.00055
-0.00059
-0.00063
-0.00067
-0.00071
-0.00075
-0.00077
-0.0008
-0.00082
-0.00084
-0.00086
-0.00087
-0.00088
-0.00089
-0.0009
-0.0009
-0.00091
-0.0009
-0.0009
-0.0009
-0.0009
-0.0009
-0.0009
-0.0009
-0.0009
-0.00089
-0.0009
-0.0009
-0.00091
-0.00091
-0.00092
-0.00093
-0.00094
-0.00095
-0.00097
-0.00099
-0.00101
-0.00103
-0.00106
-0.00108
-0.00111
-0.00114
-0.00118
-0.00121
-0.00125
-0.00128
-0.00132
-0.00136
-0.00141
-0.00144
-0.00149
-0.00153
-0.00158
-0.00163
-0.00167
-0.00171
-0.00176
-0.0018
-0.00186
-0.0019
-0.00195
-0.00199
-0.00204
-0.00208
-0.00213
-0.00217
-0.00222
-0.00226
-0.00231
-0.00235
-0.00239
-0.00243
-0.00247
-0.0025
-0.00255
-0.00257
-0.00261
-0.00264
-0.00267
-0.00269
-0.00272
-0.00274
-0.00276
-0.00277
-0.00279
-0.0028
-0.0028
-0.0028
-0.00279
-0.00278
-0.00278
-0.00275
-0.00274
-0.0027
-0.00268
-0.00264
-0.00261
-0.00256
-0.00252
-0.00247
-0.00241
-0.00236
-0.00229
-0.00222
-0.00215
-0.00207
-0.002
-0.00191
-0.00183
-0.00174
-0.00165
-0.00155
-0.00146
-0.00136
-0.00126
-0.00116
-0.00105
-0.00095
-0.00084
-0.00073
-0.00062
-0.0005
-0.0004
-0.00028
-0.00017
-5e-05
6e-05
0.00018
0.00029
0.00041
0.00051
0.00062
0.00072
0.00083
0.00093
0.00103
0.00113
0.00122
0.00131
0.0014
0.00148
0.00156
0.00163
0.0017
0.00176
0.00184
0.00189
0.00195
0.00199
0.00204
0.00209
0.00213
0.00217
0.0022
0.00223
0.00226
0.00229
0.00232
0.00233
0.00236
0.00237
0.0024
0.00242
0.00244
0.00245
0.00247
0.00248
0.0025
0.00252
0.00254
0.00254
0.00256
0.00257
0.00259
0.00259
0.00261
0.00261
0.00262
0.00263
0.00263
0.00263
0.00263
0.00263
0.00263
0.00262
0.00262
0.0026
0.0026
0.00258
0.00257
0.00254
0.00253
0.0025
0.00248
0.00245
0.00243
0.00239
0.00236
0.00233
0.0023
0.00227
0.00224
0.00219
0.00216
0.00212
0.00209
0.00204
0.00201
0.00196
0.00193
0.00188
0.00184
0.00179
0.00175
0.0017
0.00166
0.00161
0.00157
0.00151
0.00147
0.00142
0.00137
0.00132
0.00127
0.00121
0.00117
0.00111
0.00106
0.001
0.00095
0.0009
0.00085
0.0008
0.00075
0.00069
0.00065
0.0006
0.00055
0.0005
0.00046
0.00041
0.00037
0.00033
0.00029
0.00025
0.00021
0.00017
0.00014
0.00011
8e-05
5e-05
2e-05
-1e-05
-2e-05
-5e-05
-6e-05
-9e-05
-9e-05
-0.00011
-0.00012
-0.00013
-0.00014
-0.00014
-0.00014
-0.00013
-0.00012
-0.00013
-0.00011
-0.0001
-8e-05
-7e-05
-5e-05
-3e-05
-0.0
2e-05
5e-05
7e-05
0.0001
0.00013
0.00016
0.00019
0.00022
0.00024
0.00028
0.0003
0.00033
0.00036
0.00038
0.0004
0.00043
0.00045
0.00047
0.00049
0.0005
0.00052
0.00053
0.00055
0.00056
0.00056
0.00058
0.00058
0.00059
0.0006
0.00061
0.00061
0.00062
0.00062
0.00063
0.00063
0.00064
0.00065
0.00066
0.00067
0.00069
0.00069
0.00071
0.00072
0.00074
0.00075
0.00077
0.00079
0.00081
0.00083
0.00085
0.00087
0.00089
0.00092
0.00095
0.00097
0.001
0.00102
0.00106
0.00108
0.00111
0.00114
0.00117
0.0012
0.00123
0.00126
0.00129
0.00132
0.00135
0.00138
0.00142
0.00145
0.00148
0.00151
0.00155
0.00157
0.00161
0.00164
0.00167
0.0017
0.00174
0.00177
0.0018
0.00183
0.00185
0.00188
0.00192
0.00194
0.00197
0.00199
0.00202
0.00204
0.00207
0.00208
0.00211
0.00212
0.00214
0.00215
0.00216
0.00217
0.00218
0.00218
0.00219
0.00219
0.00219
0.00218
0.00218
0.00217
0.00216
0.00214
0.00213
0.0021
0.00209
0.00206
0.00204
0.002
0.00197
0.00193
0.0019
0.00186
0.00182
0.00176
0.00172
0.00166
0.00161
0.00155
0.00149
0.00142
0.00136
0.00129
0.00122
0.00114
0.00106
0.00098
0.00091
0.00082
0.00074
0.00064
0.00056
0.00046
0.00037
0.00026
0.00017
6e-05
-4e-05
-0.00015
-0.00026
-0.00037
-0.00049
-0.0006
-0.00071
-0.00083
-0.00094
-0.00106
-0.00117
-0.00129
-0.0014
-0.00152
-0.00163
-0.00174
-0.00184
-0.00195
-0.00205
-0.00215
-0.00225
-0.00233
-0.00241
-0.00249
-0.00256
-0.00264
-0.00269
-0.00275
-0.0028
-0.00284
-0.00287
-0.00291
-0.00292
-0.00294
-0.00295
-0.00295
-0.00295
-0.00293
-0.00291
-0.00289
-0.00286
-0.00283
-0.00278
-0.00275
-0.00269
-0.00264
-0.00258
-0.00253
-0.00246
-0.0024
-0.00233
-0.00226
-0.00219
-0.00212
-0.00204
-0.00196
-0.00188
-0.00181
-0.00172
-0.00165
-0.00156
-0.00148
-0.00139
-0.00131
-0.00122
-0.00114
-0.00105
-0.00097
-0.00088
-0.00079
-0.0007
-0.00061
-0.00052
-0.00044
-0.00035
-0.00027
-0.00018
-0.0001
-1e-05
6e-05
0.00015
0.00022
0.0003
0.00037
0.00044
0.00051
0.00058
0.00064
0.0007
0.00075
0.00081
0.00085
0.00091
0.00095
0.00099
0.00103
0.00107
0.0011
0.00113
0.00116
0.00118
0.00121
0.00124
0.00126
0.00129
0.0013
0.00132
0.00133
0.00136
0.00137
0.00138
0.00139
0.00141
0.00142
0.00143
0.00143
0.00144
0.00145
0.00145
0.00145
0.00146
0.00145
0.00145
0.00144
0.00144
0.00142
0.00141
0.00139
0.00138
0.00135
0.00133
0.0013
0.00128
0.00125
0.00122
0.00119
0.00116
0.00112
0.0011
0.00106
0.00103
0.00099
0.00096
0.00092
0.0009
0.00086
0.00083
0.0008
0.00077
0.00075
0.00072
0.0007
0.00068
0.00065
0.00064
0.00062
0.00061
0.00058
0.00057
0.00056
0.00055
0.00054
0.00052
0.00051
0.0005
0.00049
0.00048
0.00047
0.00047
0.00045
0.00045
0.00044
0.00043
0.00042
0.00041
0.0004
0.00039
0.00038
0.00037
0.00036
0.00035
0.00034
0.00033
0.00032
0.00032
0.0003
0.00029
0.00028
0.00028
0.00026
0.00026
0.00024
0.00024
0.00023
0.00022
0.00021
0.0002
0.0002
0.00019
0.00019
0.00019
0.00017
0.00017
0.00017
0.00017
0.00016
0.00016
0.00015
0.00016
0.00016
0.00016
0.00016
0.00016
0.00016
0.00017
0.00017
0.00018
0.00017
0.00018
0.00018
0.0002
0.00019
0.0002
0.0002
0.00022
0.00022
0.00022
0.00022
0.00023
0.00023
0.00024
0.00024
0.00024
0.00023
0.00024
0.00023
0.00024
0.00023
0.00023
0.00022
0.00022
0.00021
0.0002
0.0002
0.00019
0.00018
0.00018
0.00017
0.00016
0.00015
0.00015
0.00014
0.00014
0.00013
0.00013
0.00012
0.00012
0.00012
0.00012
0.00012
0.00012
0.00013
0.00014
0.00015
0.00017
0.00017
0.00019
0.00021
0.00023
0.00025
0.00028
0.0003
0.00034
0.00037
0.0004
0.00044
0.00047
0.00051
0.00056
0.0006
0.00065
0.00069
0.00074
0.00079
0.00084
0.00088
0.00094
0.00098
0.00104
0.00108
0.00112
0.00117
0.00121
0.00125
0.0013
0.00133
0.00137
0.0014
0.00144
0.00146
0.00149
0.00151
0.00154
0.00155
0.00157
0.00158
0.00159
0.0016
0.00161
0.00161
0.00162
0.00162
0.00162
0.00161
0.00161
0.00161
0.00161
0.00159
0.00159
0.00158
0.00158
0.00156
0.00155
0.00154
0.00153
0.00152
0.00151
0.00149
0.00148
0.00146
0.00145
0.00143
0.00142
0.00139
0.00137
0.00134
0.00132
0.00129
0.00126
0.00122
0.00119
0.00115
0.00111
0.00107
0.00103
0.00097
0.00093
0.00087
0.00082
0.00076
0.00071
0.00064
0.00059
0.00052
0.00045
0.00039
0.00032
0.00025
0.00019
0.00012
6e-05
-2e-05
-8e-05
-0.00015
-0.00021
-0.00029
-0.00035
-0.00042
-0.00047
-0.00054
-0.0006
-0.00066
-0.00072
-0.00078
-0.00083
-0.00089
-0.00094
-0.001
-0.00105
-0.0011
-0.00114
-0.00119
-0.00124
-0.00129
-0.00132
-0.00137
-0.00141
-0.00145
-0.00149
-0.00152
-0.00155
-0.00158
-0.00161
-0.00164
-0.00166
-0.00168
-0.0017
-0.00172
-0.00174
-0.00175
-0.00175
-0.00177
-0.00177
-0.00177
-0.00177
-0.00176
-0.00175
-0.00174
-0.00172
-0.00171
-0.00169
-0.00167
-0.00164
-0.00162
-0.00158
-0.00155
-0.00151
-0.00148
-0.00144
-0.0014
-0.00136
-0.00132
-0.00127
-0.00122
-0.00118
-0.00114
-0.00108
-0.00104
-0.00099
-0.00095
-0.0009
-0.00086
-0.00081
-0.00077
-0.00072
-0.00068
-0.00064
-0.0006
-0.00055
-0.00051
-0.00047
-0.00044
-0.00039
-0.00036
-0.00031
-0.00028
-0.00024
-0.0002
-0.00016
-0.00012
-8e-05
-5e-05
-1e-05
3e-05
7e-05
0.00011
0.00015
0.00018
0.00022
0.00025
0.00029
0.00032
0.00035
0.00038
0.00042
0.00044
0.00047
0.00049
0.00051
0.00053
0.00055
0.00057
0.00059
0.0006
0.00061
0.00062
0.00064
0.00064
0.00065
0.00065
0.00066
0.00066
0.00067
0.00067
0.00067
0.00068
0.00069
0.00069
0.0007
0.0007
0.00072
0.00073
0.00074
0.00075
0.00077
0.00078
0.00081
0.00082
0.00084
0.00086
0.00088
0.00091
0.00093
0.00096
0.00098
0.001
0.00103
0.00105
0.00108
0.00109
0.00111
0.00113
0.00115
0.00116
0.00118
0.00119
0.0012
0.00121
0.00122
0.00123
0.00124
0.00123
0.00124
0.00125
0.00126
0.00125
0.00126
0.00126
0.00128
0.00128
0.00129
0.0013
0.00131
0.00133
0.00134
0.00136
0.00138
0.0014
0.00143
0.00145
0.00148
0.00151
0.00154
0.00157
0.00161
0.00163
0.00167
0.0017
0.00173
0.00176
0.0018
0.00183
0.00186
0.00188
0.00191
0.00193
0.00195
0.00197
0.00198
0.00199
0.00201
0.00202
0.00203
0.00203
0.00204
0.00204
0.00204
0.00204
0.00205
0.00204
0.00204
0.00204
0.00204
0.00203
0.00203
0.00202
0.00203
0.00202
0.00202
0.00202
0.00202
0.00202
0.00203
0.00203
0.00203
0.00203
0.00203
0.00203
0.00204
0.00203
0.00203
0.00202
0.00202
0.00202
0.00201
0.002
0.00199
0.00198
0.00197
0.00196
0.00195
0.00192
0.00191
0.00189
0.00188
0.00185
0.00184
0.00182
0.00181
0.00179
0.00177
0.00175
0.00174
0.00173
0.00172
0.00171
0.0017
0.00169
0.00169
0.00169
0.00169
0.00169
0.0017
0.0017
0.00171
0.00171
0.00172
0.00173
0.00173
0.00174
0.00176
0.00176
0.00178
0.00178
0.00179
0.00179
0.00181
0.0018
0.00181
0.00181
0.00181
0.00181
0.0018
0.0018
0.00179
0.00178
0.00177
0.00176
0.00175
0.00173
0.00172
0.0017
0.00169
0.00167
0.00165
0.00162
0.00161
0.00158
0.00156
0.00153
0.0015
0.00148
0.00146
0.00143
0.0014
0.00136
0.00134
0.0013
0.00128
0.00124
0.00121
0.00117
0.00114
0.0011
0.00107
0.00103
0.00099
0.00096
0.00093
0.00089
0.00087
0.00083
0.00081
0.00077
0.00075
0.00072
0.00071
0.00068
0.00067
0.00066
0.00065
0.00064
0.00063
0.00063
0.00064
0.00064
0.00066
0.00066
0.00068
0.00069
0.00072
0.00074
0.00076
0.00079
0.00082
0.00085
0.00088
0.00091
0.00095
0.00099
0.00103
0.00106
0.00111
0.00114
0.00118
0.00122
0.00127
0.0013
0.00135
0.00139
0.00144
0.00148
0.00152
0.00156
0.00161
0.00166
0.0017
0.00175
0.0018
0.00184
0.00189
0.00194
0.00199
0.00204
0.00209
0.00213
0.00219
0.00223
0.00228
0.00233
0.00237
0.00242
0.00246
0.00251
0.00255
0.00259
0.00263
0.00266
0.0027
0.00273
0.00277
0.00279
0.00283
0.00285
0.00287
0.00289
0.00291
0.00293
0.00295
0.00297
0.00299
0.003
0.00302
0.00303
0.00305
0.00305
0.00307
0.00307
0.00309
0.0031
0.00311
0.00312
0.00313
0.00314
0.00316
0.00317
0.00318
0.00318
0.0032
0.0032
0.00321
0.00321
0.00322
0.00322
0.00324
0.00324
0.00324
0.00324
0.00323
0.00323
0.00323
0.00323
0.00322
0.00321
0.0032
0.00319
0.00318
0.00316
0.00314
0.00312
0.00311
0.00308
0.00306
0.00304
0.00301
0.00298
0.00296
0.00293
0.0029
0.00286
0.00284
0.0028
0.00278
0.00273
0.0027
0.00267
0.00264
0.0026
0.00256
0.00252
0.00249
0.00245
0.00242
0.00238
0.00235
0.00231
0.00229
0.00225
0.00222
0.00219
0.00216
0.00213
0.00211
0.00208
0.00206
0.00203
0.00201
0.00199
0.00197
0.00195
0.00194
0.00192
0.00191
0.00189
0.00188
0.00186
0.00185
0.00184
0.00183
0.00182
0.00181
0.00179
0.00178
0.00177
0.00176
0.00175
0.00174
0.00172
0.00171
0.00169
0.00168
0.00166
0.00165
0.00163
0.00162
0.0016
0.00159
0.00157
0.00155
0.00154
0.00152
0.00151
0.00149
0.00147
0.00146
0.00144
0.00143
0.00141
0.00139
0.00137
0.00136
0.00134
0.00132
0.0013
0.00128
0.00126
0.00124
0.00122
0.0012
0.00117
0.00115
0.00112
0.00111
0.00108
0.00105
0.00102
0.001
0.00097
0.00094
0.00091
0.00087
0.00085
0.00082
0.00079
0.00076
0.00073
0.00071
0.00068
0.00065
0.00062
0.0006
0.00057
0.00056
0.00053
0.00051
0.00049
0.00047
0.00045
0.00044
0.00043
0.00042
0.0004
0.00039
0.00038
0.00038
0.00037
0.00037
0.00036
0.00036
0.00035
0.00035
0.00034
0.00034
0.00034
0.00033
0.00033
0.00033
0.00032
0.00032
0.00031
0.00031
0.0003
0.00029
0.00028
0.00027
0.00026
0.00024
0.00023
0.00021
0.0002
0.00019
0.00017
0.00016
0.00013
0.00012
9e-05
8e-05
6e-05
4e-05
1e-05
-0.0
-2e-05
-4e-05
-6e-05
-8e-05
-0.0001
-0.00012
-0.00014
-0.00015
-0.00017
-0.00018
-0.0002
-0.00021
-0.00024
-0.00025
-0.00027
-0.00028
-0.0003
-0.00031
-0.00033
-0.00035
-0.00037
-0.00039
-0.00041
-0.00042
-0.00045
-0.00047
-0.0005
-0.00051
-0.00054
-0.00057
-0.0006
-0.00062
-0.00065
-0.00067
-0.0007
-0.00073
-0.00075
-0.00078
-0.0008
-0.00082
-0.00084
-0.00086
-0.00088
-0.00089
-0.0009
-0.00091
-0.00092
-0.00091
-0.00091
-0.00091
-0.0009
-0.00089
-0.00087
-0.00084
-0.00082
-0.00079
-0.00076
-0.00072
-0.00068
-0.00063
-0.00059
-0.00053
-0.00048
-0.00041
-0.00036
-0.00029
-0.00022
-0.00015
-7e-05
1e-05
9e-05
0.00018
0.00026
0.00036
0.00045
0.00055
0.00064
0.00074
0.00084
0.00095
0.00105
0.00116
0.00126
0.00137
0.00148
0.0016
0.00171
0.00182
0.00193
0.00205
0.00215
0.00227
0.00237
0.00249
0.00259
0.0027
0.0028
0.0029
0.003
0.0031
0.00319
0.00329
0.00338
0.00347
0.00355
0.00364
0.00371
0.0038
0.00387
0.00394
0.00401
0.00408
0.00414
0.00421
0.00427
0.00432
0.00438
0.00444
0.00449
0.00455
0.00459
0.00464
0.00469
0.00474
0.00477
0.00482
0.00486
0.0049
0.00494
0.00498
0.00501
0.00504
0.00508
0.00511
0.00514
0.00518
0.0052
0.00523
0.00525
0.00529
0.0053
0.00533
0.00534
0.00537
0.00538
0.00539
0.0054
0.00541
0.00542
0.00543
0.00543
0.00543
0.00542
0.00542
0.00541
0.0054
0.00537
0.00536
0.00533
0.00531
0.00528
0.00524
0.0052
0.00516
0.00511
0.00507
0.00501
0.00496
0.00489
0.00484
0.00477
0.00471
0.00463
0.00456
0.00447
0.0044
0.00431
0.00423
0.00414
0.00405
0.00396
0.00387
0.00378
0.00368
0.00358
0.00348
0.00337
0.00328
0.00317
0.00306
0.00295
0.00284
0.00272
0.00261
0.00249
0.00237
0.00225
0.00213
0.002
0.00188
0.00175
0.00162
0.00149
0.00136
0.00122
0.0011
0.00096
0.00083
0.00069
0.00056
0.00043
0.0003
0.00017
4e-05
-8e-05
-0.0002
-0.00033
-0.00044
-0.00056
-0.00067
-0.00078
-0.00089
-0.00099
-0.00108
-0.00118
-0.00127
-0.00136
-0.00144
-0.00152
-0.0016
-0.00167
-0.00174
-0.00181
-0.00187
-0.00193
-0.00198
-0.00204
-0.00208
-0.00213
-0.00217
-0.00221
-0.00225
-0.00228
-0.00232
-0.00234
-0.00236
-0.00238
-0.0024
-0.00242
-0.00242
-0.00243
-0.00243
-0.00243
-0.00242
-0.00242
-0.0024
-0.00238
-0.00236
-0.00234
-0.00231
-0.00228
-0.00225
-0.00221
-0.00217
-0.00213
-0.00208
-0.00204
-0.00199
-0.00195
-0.00189
-0.00185
-0.00179
-0.00174
-0.00169
-0.00164
-0.00159
-0.00153
-0.00148
-0.00143
-0.00137
-0.00133
-0.00127
-0.00122
-0.00117
-0.00113
-0.00107
-0.00103
-0.00097
-0.00093
-0.00088
-0.00084
-0.00079
-0.00074
-0.00069
-0.00065
-0.0006
-0.00056
-0.0005
-0.00046
-0.00041
-0.00037
-0.00031
-0.00027
-0.00022
-0.00018
-0.00013
-9e-05
-4e-05
0.0
5e-05
9e-05
0.00014
0.00018
0.00022
0.00026
0.00031
0.00034
0.00038
0.00042
0.00046
0.0005
0.00053
0.00057
0.0006
0.00064
0.00068
0.00072
0.00075
0.00078
0.00082
0.00086
0.0009
0.00093
0.00097
0.001
0.00104
0.00107
0.00111
0.00114
0.00118
0.00121
0.00125
0.00129
0.00133
0.00135
0.00139
0.00142
0.00146
0.00149
0.00153
0.00155
0.00159
0.00161
0.00164
0.00167
0.00169
0.00172
0.00175
0.00177
0.0018
0.00181
0.00184
0.00185
0.00187
0.00188
0.0019
0.00191
0.00193
0.00193
0.00194
0.00194
0.00195
0.00195
0.00196
0.00196
0.00196
0.00195
0.00195
0.00194
0.00194
0.00193
0.00193
0.00191
0.00191
0.0019
0.00189
0.00187
0.00186
0.00185
0.00185
0.00184
0.00183
0.00182
0.00182
0.0018
0.0018
0.00179
0.00179
0.00178
0.00179
0.00178
0.00178
0.00178
0.00178
0.00178
0.00178
0.00179
0.00179
0.00179
0.00179
0.00179
0.0018
0.00179
0.0018
0.00179
0.00179
0.00179
0.00179
0.00178
0.00177
0.00176
0.00176
0.00175
0.00174
0.00173
0.00172
0.0017
0.0017
0.00168
0.00167
0.00164
0.00164
0.00162
0.0016
0.00158
0.00156
0.00155
0.00154
0.00152
0.00151
0.00148
0.00147
0.00146
0.00145
0.00142
0.00141
0.00139
0.00138
0.00136
0.00134
0.00132
0.0013
0.00128
0.00126
0.00124
0.00122
0.00118
0.00116
0.00112
0.0011
0.00105
0.00102
0.00097
0.00094
0.00089
0.00084
0.00079
0.00074
0.00068
0.00063
0.00057
0.00052
0.00045
0.00039
0.00032
0.00026
0.0002
0.00013
6e-05
0.0
-7e-05
-0.00013
-0.0002
-0.00027
-0.00033
-0.00039
-0.00045
-0.00051
-0.00058
-0.00063
-0.00069
-0.00075
-0.00081
-0.00086
-0.00093
-0.00097
-0.00103
-0.00109
-0.00114
-0.0012
-0.00125
-0.0013
-0.00136
-0.00141
-0.00147
-0.00152
-0.00158
-0.00164
-0.0017
-0.00175
-0.00181
-0.00186
-0.00192
-0.00198
-0.00203
-0.00209
-0.00214
-0.00219
-0.00224
-0.00229
-0.00234
-0.00238
-0.00242
-0.00246
-0.0025
-0.00252
-0.00256
-0.00257
-0.00259
-0.00261
-0.00262
-0.00262
-0.00262
-0.00261
-0.0026
-0.00258
-0.00256
-0.00253
-0.0025
-0.00246
-0.00243
-0.00238
-0.00234
-0.00228
-0.00222
-0.00217
-0.00211
-0.00204
-0.00198
-0.0019
-0.00183
-0.00176
-0.00169
-0.00161
-0.00153
-0.00145
-0.00138
-0.00129
-0.00122
-0.00113
-0.00106
-0.00097
-0.0009
-0.00082
-0.00074
-0.00065
-0.00057
-0.00048
-0.00041
-0.00032
-0.00024
-0.00015
-6e-05
3e-05
0.00011
0.0002
0.00029
0.00038
0.00047
0.00056
0.00065
0.00075
0.00084
0.00094
0.00103
0.00113
0.00123
0.00133
0.00143
0.00153
0.00162
0.00173
0.00182
0.00192
0.00201
0.00211
0.0022
0.0023
0.00239
0.00248
0.00256
0.00265
0.00273
0.00282
0.00289
0.00296
0.00303
0.0031
0.00316
0.00322
0.00328
0.00333
0.00338
0.00343
0.00347
0.00351
0.00353
0.00357
0.00359
0.00362
0.00363
0.00364
0.00365
0.00366
0.00366
0.00366
0.00365
0.00364
0.00363
0.00362
0.0036
0.00358
0.00355
0.00352
0.00349
0.00346
0.00341
0.00337
0.00331
0.00327
0.00321
0.00315
0.00308
0.00301
0.00294
0.00286
0.00278
0.0027
0.0026
0.00251
0.00242
0.00232
0.00221
0.0021
0.00198
0.00187
0.00175
0.00163
0.00151
0.00138
0.00125
0.00112
0.00099
0.00087
0.00073
0.0006
0.00046
0.00034
0.0002
7e-05
-6e-05
-0.00019
-0.00032
-0.00044
-0.00057
-0.0007
-0.00082
-0.00093
-0.00105
-0.00116
-0.00128
-0.00138
-0.0015
-0.00159
-0.0017
-0.0018
-0.0019
-0.00199
-0.00209
-0.00218
-0.00227
-0.00236
-0.00244
-0.00252
-0.00259
-0.00267
-0.00275
-0.00281
-0.00288
-0.00293
-0.003
-0.00305
-0.00311
-0.00315
-0.0032
-0.00324
-0.00328
-0.00332
-0.00335
-0.00338
-0.0034
-0.00342
-0.00345
-0.00345
-0.00347
-0.00347
-0.00349
-0.00349
-0.00349
-0.00348
-0.00348
-0.00347
-0.00346
-0.00345
-0.00343
-0.00341
-0.00339
-0.00336
-0.00334
-0.00331
-0.00328
-0.00324
-0.00321
-0.00317
-0.00313
-0.00308
-0.00304
-0.00299
-0.00295
-0.0029
-0.00284
-0.00278
-0.00272
-0.00266
-0.00261
-0.00254
-0.00248
-0.00241
-0.00235
-0.00228
-0.00222
-0.00215
-0.00208
-0.00202
-0.00196
-0.00191
-0.00184
-0.00179
-0.00174
-0.00168
-0.00164
-0.00159
-0.00155
-0.00151
-0.00147
-0.00144
-0.00142
-0.00138
-0.00136
-0.00134
-0.00133
-0.00131
-0.0013
-0.00128
-0.00127
-0.00126
-0.00126
-0.00125
-0.00125
-0.00123
-0.00123
-0.00122
-0.00122
-0.0012
-0.0012
-0.00119
-0.00118
-0.00117
-0.00115
-0.00114
-0.00112
-0.0011
-0.00108
-0.00105
-0.00103
-0.001
-0.00098
-0.00095
-0.00092
-0.00088
-0.00085
-0.00081
-0.00078
-0.00074
-0.00069
-0.00064
-0.00059
-0.00054
-0.0005
-0.00043
-0.00038
-0.0003
