1.98958902045034E+02

0.00108
0.00109
0.00112
0.00114
0.00117
0.00118
0.0012
0.00121
0.00123
0.00124
0.00125
0.00126
0.00128
0.00128
0.00129
0.00129
0.0013
0.0013
0.00131
0.00131
0.00132
0.00132
0.00132
0.00132
0.00133
0.00133
0.00134
0.00135
0.00136
0.00136
0.00138
0.00139
0.00141
0.00141
0.00143
0.00144
0.00146
0.00147
0.00148
0.00149
0.0015
0.00152
0.00153
0.00154
0.00156
0.00156
0.00157
0.00157
0.00158
0.00157
0.00158
0.00157
0.00158
0.00157
0.00157
0.00156
0.00155
0.00155
0.00155
0.00154
0.00154
0.00153
0.00153
0.00153
0.00153
0.00152
0.00153
0.00153
0.00154
0.00154
0.00154
0.00155
0.00155
0.00156
0.00157
0.00158
0.00159
0.00159
0.0016
0.0016
0.00161
0.00161
0.00161
0.0016
0.0016
0.00159
0.00158
0.00156
0.00154
0.00152
0.00149
0.00146
0.00143
0.00139
0.00136
0.00131
0.00127
0.00122
0.00117
0.00111
0.00107
0.00101
0.00095
0.0009
0.00084
0.00078
0.00073
0.00067
0.00062
0.00056
0.0005
0.00045
0.0004
0.00034
0.00029
0.00022
0.00018
0.00012
6e-05
-0.0
-6e-05
-0.00012
-0.00018
-0.00025
-0.00031
-0.00039
-0.00046
-0.00054
-0.00062
-0.0007
-0.00079
-0.00088
-0.00097
-0.00107
-0.00117
-0.00127
-0.00138
-0.00148
-0.00158
-0.00169
-0.00179
-0.00191
-0.00201
-0.00212
-0.00222
-0.00232
-0.00242
-0.00252
-0.00261
-0.00271
-0.00279
-0.00288
-0.00296
-0.00304
-0.00311
-0.00317
-0.00323
-0.0033
-0.00335
-0.0034
-0.00345
-0.0035
-0.00353
-0.00358
-0.0036
-0.00364
-0.00367
-0.0037
-0.00373
-0.00375
-0.00377
-0.00379
-0.0038
-0.00383
-0.00384
-0.00386
-0.00387
-0.00388
-0.00389
-0.00391
-0.00391
-0.00392
-0.00392
-0.00393
-0.00393
-0.00393
-0.00392
-0.00392
-0.0039
-0.0039
-0.00388
-0.00387
-0.00384
-0.00382
-0.0038
-0.00378
-0.00374
-0.00371
-0.00367
-0.00364
-0.0036
-0.00356
-0.00352
-0.00347
-0.00342
-0.00338
-0.00333
-0.00329
-0.00323
-0.00319
-0.00313
-0.00309
-0.00303
-0.00298
-0.00293
-0.00288
-0.00283
-0.00278
-0.00272
-0.00267
-0.00261
-0.00256
-0.0025
-0.00245
-0.00239
-0.00234
-0.00228
-0.00222
-0.00215
-0.0021
-0.00204
-0.00198
-0.00191
-0.00185
-0.00178
-0.00171
-0.00165
-0.00159
-0.00152
-0.00145
-0.00138
-0.00132
-0.00125
-0.00119
-0.00112
-0.00106
-0.001
-0.00093
-0.00088
-0.00081
-0.00075
-0.00069
-0.00063
-0.00058
-0.00052
-0.00046
-0.0004
-0.00035
-0.0003
-0.00025
-0.00018
-0.00014
-8e-05
-3e-05
2e-05
8e-05
0.00013
0.00019
0.00025
0.0003
0.00036
0.00041
0.00047
0.00052
0.00058
0.00063
0.0007
0.00075
0.00081
0.00086
0.00091
0.00097
0.00103
0.00108
0.00113
0.00118
0.00123
0.00127
0.00133
0.00136
0.00141
0.00145
0.00149
0.00153
0.00156
0.00159
0.00162
0.00166
0.00169
0.00171
0.00174
0.00176
0.00179
0.0018
0.00183
0.00184
0.00186
0.00187
0.00189
0.0019
0.00191
0.00192
0.00192
0.00193
0.00194
0.00195
0.00195
0.00195
0.00196
0.00195
0.00196
0.00195
0.00195
0.00194
0.00195
0.00194
0.00193
0.00192
0.00192
0.00191
0.00191
0.0019
0.00189
0.00188
0.00188
0.00187
0.00187
0.00186
0.00186
0.00186
0.00187
0.00187
0.00187
0.00188
0.00189
0.0019
0.00192
0.00193
0.00196
0.00197
0.002
0.00202
0.00206
0.00209
0.00212
0.00215
0.0022
0.00223
0.00227
0.00231
0.00235
0.00239
0.00244
0.00249
0.00254
0.00257
0.00262
0.00266
0.00271
0.00275
0.0028
0.00284
0.00289
0.00293
0.00297
0.00301
0.00305
0.00309
0.00313
0.00317
0.00322
0.00325
0.00329
0.00333
0.00337
0.0034
0.00344
0.00347
0.00351
0.00355
0.00358
0.00361
0.00364
0.00367
0.0037
0.00373
0.00376
0.00378
0.00381
0.00382
0.00384
0.00385
0.00387
0.00387
0.00388
0.00388
0.00387
0.00386
0.00385
0.00384
0.00382
0.0038
0.00377
0.00373
0.0037
0.00366
0.00362
0.00356
0.00351
0.00345
0.0034
0.00333
0.00326
0.00319
0.00312
0.00304
0.00297
0.00288
0.00281
0.00271
0.00263
0.00254
0.00246
0.00236
0.00228
0.00218
0.0021
0.002
0.00191
0.00182
0.00173
0.00164
0.00155
0.00146
0.00138
0.00129
0.00121
0.00112
0.00105
0.00097
0.0009
0.00082
0.00076
0.00069
0.00063
0.00057
0.00051
0.00046
0.00041
0.00037
0.00033
0.00029
0.00026
0.00023
0.00021
0.00019
0.00018
0.00017
0.00017
0.00016
0.00016
0.00017
0.00018
0.0002
0.00022
0.00024
0.00028
0.0003
0.00034
0.00038
0.00043
0.00047
0.00052
0.00057
0.00064
0.00069
0.00076
0.00082
0.00089
0.00096
0.00104
0.00111
0.00119
0.00126
0.00135
0.00142
0.00151
0.00159
0.00167
0.00175
0.00184
0.00191
0.00199
0.00207
0.00214
0.00222
0.00229
0.00236
0.00243
0.00249
0.00256
0.00261
0.00267
0.00271
0.00275
0.00279
0.00283
0.00286
0.00289
0.00291
0.00292
0.00294
0.00295
0.00295
0.00296
0.00294
0.00294
0.00293
0.00292
0.00289
0.00287
0.00285
0.00283
0.00279
0.00276
0.00272
0.00269
0.00265
0.00261
0.00257
0.00254
0.00249
0.00245
0.0024
0.00236
0.00231
0.00227
0.00222
0.00218
0.00213
0.00208
0.00203
0.00198
0.00194
0.0019
0.00185
0.00181
0.00176
0.00172
0.00168
0.00164
0.0016
0.00157
0.00152
0.0015
0.00146
0.00143
0.0014
0.00137
0.00135
0.00132
0.0013
0.00129
0.00127
0.00126
0.00124
0.00124
0.00123
0.00123
0.00122
0.00123
0.00123
0.00123
0.00123
0.00124
0.00125
0.00126
0.00128
0.0013
0.00131
0.00133
0.00134
0.00137
0.00138
0.00141
0.00142
0.00145
0.00147
0.00149
0.00152
0.00154
0.00157
0.0016
0.00163
0.00166
0.00168
0.00172
0.00175
0.00179
0.00182
0.00185
0.00188
0.00193
0.00196
0.002
0.00204
0.00208
0.00212
0.00217
0.00221
0.00226
0.0023
0.00235
0.00239
0.00245
0.00249
0.00255
0.00259
0.00265
0.0027
0.00275
0.0028
0.00284
0.0029
0.00295
0.003
0.00306
0.0031
0.00316
0.00321
0.00326
0.00331
0.00336
0.00341
0.00347
0.00351
0.00356
0.00361
0.00366
0.00371
0.00376
0.00381
0.00386
0.00389
0.00395
0.00399
0.00404
0.00408
0.00412
0.00416
0.00421
0.00424
0.00428
0.00432
0.00435
0.00438
0.00442
0.00445
0.00449
0.00451
0.00454
0.00456
0.00459
0.00461
0.00463
0.00464
0.00467
0.00468
0.00469
0.0047
0.00471
0.00472
0.00472
0.00473
0.00473
0.00473
0.00473
0.00472
0.00473
0.00471
0.00471
0.00469
0.00469
0.00467
0.00466
0.00464
0.00462
0.0046
0.00459
0.00456
0.00454
0.00451
0.00449
0.00446
0.00444
0.0044
0.00437
0.00433
0.00431
0.00427
0.00423
0.00419
0.00415
0.00411
0.00407
0.00402
0.00398
0.00393
0.00388
0.00383
0.00379
0.00373
0.00368
0.00362
0.00357
0.00351
0.00346
0.0034
0.00334
0.00329
0.00323
0.00317
0.00312
0.00306
0.00301
0.00295
0.0029
0.00285
0.0028
0.00275
0.00271
0.00267
0.00263
0.00259
0.00256
0.00253
0.0025
0.00248
0.00247
0.00245
0.00244
0.00243
0.00243
0.00243
0.00244
0.00244
0.00246
0.00247
0.00248
0.0025
0.00253
0.00256
0.00259
0.00262
0.00266
0.00269
0.00274
0.00278
0.00284
0.00288
0.00294
0.00299
0.00306
0.00311
0.00318
0.00325
0.00332
0.0034
0.00348
0.00357
0.00366
0.00375
0.00386
0.00396
0.00407
0.00418
0.0043
0.00442
0.00455
0.00468
0.00482
0.00496
0.0051
0.00525
0.00541
0.00557
0.00573
0.00589
0.00606
0.00622
0.0064
0.00657
0.00675
0.00692
0.0071
0.00728
0.00745
0.00763
0.00781
0.00798
0.00816
0.00834
0.00851
0.00868
0.00886
0.00903
0.0092
0.00936
0.00953
0.00968
0.00985
0.01
0.01015
0.0103
0.01044
0.01059
0.01073
0.01086
0.011
0.01112
0.01125
0.01137
0.01149
0.0116
0.01171
0.01181
0.01192
0.01201
0.0121
0.01218
0.01226
0.01235
0.01242
0.01249
0.01257
0.01262
0.01269
0.01274
0.0128
0.01285
0.0129
0.01295
0.013
0.01304
0.01308
0.01312
0.01316
0.0132
0.01324
0.01328
0.01332
0.01335
0.01338
0.01342
0.01345
0.01348
0.01352
0.01354
0.01358
0.0136
0.01363
0.01365
0.01367
0.01369
0.01371
0.01372
0.01374
0.01374
0.01375
0.01375
0.01375
0.01374
0.01374
0.01372
0.01371
0.01369
0.01366
0.01363
0.0136
0.01357
0.01354
0.0135
0.01346
0.01341
0.01337
0.01332
0.01328
0.01322
0.01318
0.01312
0.01308
0.01303
0.01298
0.01293
0.01288
0.01283
0.01279
0.01275
0.01271
0.01267
0.01263
0.01259
0.01256
0.01252
0.01249
0.01246
0.01243
0.01239
0.01236
0.01233
0.01229
0.01226
0.01223
0.01219
0.01215
0.0121
0.01207
0.01202
0.01197
0.01192
0.01186
0.0118
0.01174
0.01168
0.01161
0.01154
0.01146
0.01139
0.01131
0.01123
0.01116
0.01106
0.01098
0.01089
0.01081
0.01072
0.01063
0.01054
0.01046
0.01037
0.01028
0.01019
0.0101
0.01002
0.00993
0.00985
0.00977
0.00968
0.0096
0.00952
0.00945
0.00936
0.00929
0.00921
0.00914
0.00906
0.00899
0.00891
0.00884
0.00877
0.0087
0.00863
0.00857
0.00849
0.00843
0.00837
0.00831
0.00825
0.00819
0.00813
0.00809
0.00803
0.00799
0.00794
0.0079
0.00787
0.00783
0.00781
0.00779
0.00776
0.00774
0.00773
0.00772
0.00771
0.00771
0.00771
0.00772
0.00773
0.00774
0.00775
0.00776
0.00779
0.00781
0.00783
0.00786
0.00788
0.00791
0.00794
0.00798
0.008
0.00804
0.00807
0.0081
0.00813
0.00817
0.0082
0.00823
0.00827
0.0083
0.00833
0.00837
0.00839
0.00843
0.00845
0.00848
0.0085
0.00853
0.00855
0.00858
0.00859
0.00861
0.00862
0.00864
0.00865
0.00866
0.00866
0.00867
0.00866
0.00867
0.00866
0.00865
0.00864
0.00863
0.00861
0.0086
0.00857
0.00855
0.00853
0.0085
0.00848
0.00846
0.00843
0.00841
0.00838
0.00836
0.00833
0.00831
0.00829
0.00827
0.00825
0.00824
0.00822
0.00821
0.0082
0.00819
0.00818
0.00818
0.00818
0.00819
0.00819
0.0082
0.0082
0.00822
0.00823
0.00824
0.00826
0.00828
0.0083
0.00832
0.00835
0.00837
0.0084
0.00844
0.00847
0.00851
0.00854
0.00859
0.00863
0.00868
0.00872
0.00878
0.00883
0.00889
0.00895
0.00901
0.00908
0.00915
0.00922
0.0093
0.00937
0.00946
0.00954
0.00962
0.00971
0.0098
0.00988
0.00997
0.01006
0.01015
0.01023
0.01032
0.01041
0.01049
0.01057
0.01065
0.01073
0.01081
0.01087
0.01095
0.01101
0.01107
0.01113
0.01119
0.01123
0.01129
0.01132
0.01136
0.0114
0.01143
0.01146
0.01148
0.0115
0.01153
0.01153
0.01155
0.01155
0.01156
0.01155
0.01155
0.01154
0.01154
0.01152
0.0115
0.01147
0.01145
0.01142
0.01138
0.01134
0.0113
0.01124
0.01119
0.01112
0.01106
0.01098
0.01091
0.01082
0.01074
0.01064
0.01054
0.01043
0.01032
0.0102
0.01008
0.00995
0.00982
0.00968
0.00954
0.00939
0.00924
0.00908
0.00893
0.00876
0.00861
0.00844
0.00828
0.00811
0.00794
0.00777
0.0076
0.00744
0.00727
0.0071
0.00694
0.00677
0.00661
0.00645
0.0063
0.00614
0.006
0.00585
0.00571
0.00557
0.00543
0.0053
0.00518
0.00506
0.00495
0.00483
0.00472
0.00462
0.00452
0.00442
0.00434
0.00424
0.00417
0.00408
0.004
0.00393
0.00385
0.00379
0.00372
0.00366
0.00359
0.00352
0.00347
0.00341
0.00335
0.00329
0.00323
0.00317
0.00312
0.00306
0.003
0.00294
0.00288
0.00283
0.00278
0.00273
0.00268
0.00262
0.00258
0.00253
0.00249
0.00245
0.00242
0.00237
0.00235
0.00232
0.00229
0.00226
0.00224
0.00223
0.00222
0.00221
0.0022
0.00219
0.00219
0.00218
0.00219
0.00218
0.00219
0.00218
0.00219
0.00219
0.00219
0.00218
0.00218
0.00217
0.00216
0.00215
0.00213
0.00211
0.00209
0.00205
0.00202
0.00198
0.00194
0.00189
0.00184
0.00178
0.00172
0.00165
0.00158
0.00151
0.00143
0.00136
0.00128
0.00119
0.0011
0.00101
0.00093
0.00083
0.00075
0.00065
0.00057
0.00047
0.00038
0.00029
0.0002
0.00011
3e-05
-6e-05
-0.00014
-0.00023
-0.00031
-0.00039
-0.00047
-0.00055
-0.00063
-0.00071
-0.00078
-0.00086
-0.00094
-0.00101
-0.00109
-0.00116
-0.00124
-0.00131
-0.00138
-0.00146
-0.00153
-0.00161
-0.00168
-0.00175
-0.00182
-0.0019
-0.00196
-0.00203
-0.0021
-0.00217
-0.00224
-0.0023
-0.00236
-0.00241
-0.00246
-0.00252
-0.00256
-0.00261
-0.00265
-0.00269
-0.00272
-0.00275
-0.00277
-0.00279
-0.00281
-0.00282
-0.00282
-0.00282
-0.00282
-0.0028
-0.00279
-0.00277
-0.00274
-0.00271
-0.00267
-0.00264
-0.00259
-0.00254
-0.00248
-0.00243
-0.00237
-0.0023
-0.00224
-0.00216
-0.00208
-0.00201
-0.00192
-0.00184
-0.00175
-0.00166
-0.00157
-0.00148
-0.00138
-0.00129
-0.00118
-0.00108
-0.00097
-0.00087
-0.00076
-0.00065
-0.00054
-0.00042
-0.0003
-0.00019
-6e-05
6e-05
0.00019
0.00031
0.00045
0.00057
0.00071
0.00085
0.00098
0.00112
0.00126
0.0014
0.00155
0.00169
0.00183
0.00197
0.00211
0.00225
0.00239
0.00252
0.00267
0.00279
0.00293
0.00306
0.00318
0.0033
0.00342
0.00353
0.00364
0.00375
0.00386
0.00395
0.00405
0.00413
0.00422
0.0043
0.00438
0.00445
0.00453
0.00459
0.00466
0.00472
0.00477
0.00483
0.00489
0.00494
0.00499
0.00504
0.00509
0.00513
0.00518
0.00522
0.00526
0.00529
0.00534
0.00537
0.00541
0.00544
0.00546
0.00549
0.00552
0.00554
0.00556
0.00557
0.00558
0.00559
0.00559
0.00559
0.00559
0.00557
0.00556
0.00554
0.00551
0.00548
0.00544
0.00541
0.00536
0.00531
0.00526
0.0052
0.00514
0.00508
0.00501
0.00494
0.00487
0.00479
0.00472
0.00464
0.00456
0.00448
0.00439
0.00432
0.00424
0.00416
0.00409
0.00401
0.00394
0.00386
0.0038
0.00373
0.00367
0.0036
0.00355
0.00349
0.00344
0.00338
0.00333
0.00329
0.00325
0.00321
0.00318
0.00314
0.00311
0.00308
0.00306
0.00302
0.003
0.00298
0.00296
0.00294
0.00292
0.0029
0.00288
0.00287
0.00286
0.00285
0.00284
0.00282
0.00281
0.0028
0.00279
0.00277
0.00276
0.00275
0.00274
0.00273
0.00272
0.0027
0.00269
0.00268
0.00267
0.00266
0.00265
0.00263
0.00262
0.0026
0.0026
0.00258
0.00257
0.00255
0.00254
0.00252
0.00251
0.00249
0.00248
0.00247
0.00246
0.00244
0.00243
0.00241
0.0024
0.00238
0.00238
0.00236
0.00235
0.00233
0.00232
0.0023
0.00228
0.00226
0.00225
0.00223
0.00221
0.0022
0.00218
0.00215
0.00213
0.00211
0.00209
0.00206
0.00204
0.00201
0.00199
0.00196
0.00194
0.00191
0.00188
0.00185
0.00183
0.0018
0.00178
0.00174
0.00172
0.00169
0.00167
0.00164
0.00162
0.00159
0.00158
0.00155
0.00154
0.00151
0.0015
0.00149
0.00148
0.00147
0.00146
0.00145
0.00145
0.00145
0.00145
0.00145
0.00145
0.00145
0.00147
0.00147
0.00148
0.00149
0.0015
0.00151
0.00153
0.00155
0.00156
0.00157
0.0016
0.00161
0.00163
0.00164
0.00167
0.00168
0.00171
0.00172
0.00174
0.00175
0.00177
0.00179
0.00181
0.00183
0.00184
0.00185
0.00187
0.00188
0.0019
0.00191
0.00192
0.00193
0.00194
0.00195
0.00195
0.00195
0.00195
0.00196
0.00196
0.00195
0.00195
0.00194
0.00193
0.00192
0.00191
0.00188
0.00187
0.00184
0.00182
0.00179
0.00175
0.00172
0.00168
0.00164
0.0016
0.00156
0.00151
0.00145
0.00141
0.00134
0.00129
0.00123
0.00117
0.0011
0.00104
0.00097
0.00091
0.00084
0.00077
0.0007
0.00063
0.00056
0.0005
0.00042
0.00036
0.00029
0.00023
0.00016
0.0001
3e-05
-3e-05
-9e-05
-0.00015
-0.0002
-0.00026
-0.00031
-0.00036
-0.0004
-0.00044
-0.00049
-0.00052
-0.00056
-0.00059
-0.00063
-0.00065
-0.00068
-0.0007
-0.00072
-0.00074
-0.00076
-0.00077
-0.00078
-0.00079
-0.0008
-0.0008
-0.00081
-0.0008
-0.00081
-0.0008
-0.0008
-0.00079
-0.00079
-0.00078
-0.00078
-0.00077
-0.00076
-0.00075
-0.00074
-0.00072
-0.00071
-0.00069
-0.00069
-0.00067
-0.00066
-0.00064
-0.00064
-0.00062
-0.00062
-0.0006
-0.00059
-0.00058
-0.00057
-0.00057
-0.00056
-0.00055
-0.00054
-0.00053
-0.00054
-0.00053
-0.00053
-0.00052
-0.00053
-0.00052
-0.00053
-0.00052
-0.00053
-0.00053
-0.00053
-0.00053
-0.00053
-0.00052
-0.00052
-0.00051
-0.00052
-0.0005
-0.0005
-0.00048
-0.00047
-0.00045
-0.00044
-0.00042
-0.0004
-0.00037
-0.00035
-0.00032
-0.00028
-0.00025
-0.00021
-0.00017
-0.00014
-9e-05
-5e-05
0.0
4e-05
9e-05
0.00013
0.00019
0.00023
0.00027
0.00032
0.00036
0.00041
0.00045
0.00049
0.00054
0.00057
0.00061
0.00064
0.00069
0.00072
0.00076
0.00079
0.00083
0.00086
0.00089
0.00093
0.00096
0.001
0.00104
0.00108
0.00112
0.00116
0.00121
0.00125
0.0013
0.00134
0.00139
0.00144
0.0015
0.00154
0.0016
0.00164
0.0017
0.00175
0.0018
0.00185
0.0019
0.00194
0.00199
0.00202
0.00207
0.0021
0.00213
0.00216
0.00219
0.0022
0.00222
0.00223
0.00224
0.00225
0.00225
0.00225
0.00224
0.00223
0.00222
0.0022
0.00219
0.00217
0.00214
0.00212
0.0021
0.00207
0.00204
0.00201
0.00197
0.00195
0.00192
0.00188
0.00185
0.00181
0.00178
0.00174
0.00171
0.00167
0.00163
0.00159
0.00156
0.00151
0.00147
0.00143
0.00138
0.00134
0.0013
0.00125
0.0012
0.00114
0.0011
0.00105
0.001
0.00094
0.00089
0.00084
0.00079
0.00074
0.00069
0.00064
0.00059
0.00055
0.0005
0.00046
0.00042
0.00038
0.00035
0.00032
0.00029
0.00026
0.00024
0.00021
0.00021
0.00019
0.00018
0.00017
0.00016
0.00016
0.00016
0.00016
0.00016
0.00016
0.00016
0.00016
0.00017
0.00017
0.00018
0.00018
0.00019
0.00019
0.00019
0.00019
0.00018
0.00018
0.00018
0.00017
0.00017
0.00015
0.00015
0.00013
0.00012
0.0001
9e-05
8e-05
7e-05
5e-05
4e-05
2e-05
1e-05
-0.0
-1e-05
-2e-05
-2e-05
-3e-05
-3e-05
-3e-05
-2e-05
-2e-05
-0.0
0.0
3e-05
4e-05
7e-05
9e-05
0.00011
0.00014
0.00017
0.00021
0.00024
0.00027
0.00031
0.00034
0.00038
0.00041
0.00045
0.00048
0.00052
0.00055
0.00058
0.00061
0.00063
0.00066
0.00069
0.00071
0.00073
0.00074
0.00076
0.00077
0.00079
0.0008
0.00081
0.00081
0.00082
0.00083
0.00083
0.00083
0.00083
0.00083
0.00083
0.00083
0.00084
0.00083
0.00083
0.00082
0.00082
0.00081
0.00081
0.0008
0.0008
0.00079
0.00078
0.00076
0.00075
0.00074
0.00073
0.00071
0.0007
0.00067
0.00066
0.00063
0.00062
0.00059
0.00057
0.00054
0.00052
0.00049
0.00047
0.00044
0.00042
0.0004
0.00038
0.00036
0.00035
0.00033
0.00033
0.00031
0.00032
0.00031
0.00032
0.00032
0.00034
0.00035
0.00037
0.0004
0.00043
0.00046
0.0005
0.00055
0.0006
0.00064
0.0007
0.00075
0.00082
0.00087
0.00095
0.00101
0.00108
0.00115
0.00122
0.0013
0.00137
0.00144
0.00152
0.00159
0.00167
0.00173
0.0018
0.00187
0.00194
0.002
0.00207
0.00212
0.00218
0.00223
0.00229
0.00233
0.00237
0.00242
0.00246
0.0025
0.00253
0.00255
0.00258
0.0026
0.00263
0.00264
0.00265
0.00266
0.00267
0.00267
0.00267
0.00266
0.00265
0.00264
0.00263
0.00262
0.0026
0.00258
0.00256
0.00254
0.00252
0.00249
0.00247
0.00244
0.00242
0.00239
0.00236
0.00233
0.0023
0.00228
0.00225
0.00223
0.00221
0.00217
0.00216
0.00213
0.00211
0.00209
0.00207
0.00205
0.00204
0.00201
0.002
0.00198
0.00196
0.00195
0.00194
0.00192
0.00191
0.00188
0.00187
0.00185
0.00184
0.00182
0.0018
0.00178
0.00176
0.00174
0.00172
0.00169
0.00166
0.00164
0.00161
0.00158
0.00156
0.00152
0.00149
0.00146
0.00143
0.00139
0.00136
0.00132
0.00129
0.00125
0.00121
0.00117
0.00113
0.0011
0.00106
0.00103
0.001
0.00095
0.00092
0.00088
0.00086
0.00082
0.00079
0.00075
0.00072
0.00069
0.00066
0.00062
0.00059
0.00056
0.00053
0.0005
0.00048
0.00044
0.00042
0.00039
0.00037
0.00034
0.00032
0.00029
0.00027
0.00024
0.00022
0.0002
0.00017
0.00016
0.00014
0.00012
0.00011
9e-05
8e-05
6e-05
6e-05
4e-05
4e-05
2e-05
3e-05
1e-05
1e-05
1e-05
0.0
1e-05
1e-05
1e-05
2e-05
1e-05
3e-05
3e-05
4e-05
4e-05
5e-05
5e-05
6e-05
7e-05
7e-05
8e-05
8e-05
9e-05
0.0001
0.00011
0.00012
0.00012
0.00013
0.00013
0.00014
0.00014
0.00015
0.00015
0.00016
0.00016
0.00016
0.00016
0.00016
0.00016
0.00016
0.00016
0.00016
0.00015
0.00015
0.00014
0.00014
0.00013
0.00013
0.00012
0.00012
0.0001
0.0001
8e-05
7e-05
6e-05
6e-05
5e-05
4e-05
2e-05
2e-05
1e-05
0.0
-1e-05
-1e-05
-2e-05
-1e-05
-1e-05
-1e-05
-0.0
0.0
1e-05
3e-05
4e-05
6e-05
8e-05
0.0001
0.00012
0.00015
0.00018
0.00021
0.00023
0.00027
0.0003
0.00033
0.00036
0.0004
0.00043
0.00047
0.0005
0.00054
0.00056
0.0006
0.00063
0.00066
0.00068
0.00071
0.00073
0.00076
0.00079
0.00081
0.00083
0.00084
0.00086
0.00088
0.00091
0.00093
0.00094
0.00096
0.00098
0.001
0.00101
0.00104
0.00105
0.00108
0.0011
0.00112
0.00114
0.00116
0.00119
0.00122
0.00124
0.00127
0.00129
0.00132
0.00134
0.00137
0.00138
0.00141
0.00143
0.00145
0.00147
0.00149
0.0015
0.00151
0.00153
0.00154
0.00154
0.00155
0.00155
0.00155
0.00155
0.00155
0.00154
0.00153
0.00151
0.00151
0.00149
0.00147
0.00145
0.00143
0.00141
0.00139
0.00137
0.00134
0.00131
0.00129
0.00126
0.00124
0.0012
0.00118
0.00114
0.00112
0.00109
0.00106
0.00103
0.001
0.00098
0.00096
0.00093
0.00091
0.00088
0.00087
0.00085
0.00083
0.00081
0.0008
0.00078
0.00078
0.00076
0.00076
0.00075
0.00074
0.00074
0.00074
0.00074
0.00074
0.00073
0.00074
0.00074
0.00075
0.00075
0.00076
0.00076
0.00078
0.00079
0.00079
0.0008
0.00081
0.00082
0.00084
0.00085
0.00086
0.00087
0.00089
0.0009
0.00092
0.00094
0.00096
0.00097
0.00099
0.00101
0.00103
0.00105
0.00108
0.0011
0.00113
0.00116
0.00119
0.00121
0.00124
0.00127
0.00131
0.00133
0.00136
0.00139
0.00143
0.00146
0.00149
0.00152
0.00155
0.00158
0.00161
0.00164
0.00167
0.00169
0.00172
0.00174
0.00178
0.00179
0.00182
0.00184
0.00186
0.00188
0.0019
0.00192
0.00194
0.00196
0.00198
0.00199
0.00201
0.00202
0.00205
0.00206
0.00208
0.00209
0.00211
0.00211
0.00213
0.00214
0.00216
0.00216
0.00217
0.00218
0.00219
0.0022
0.0022
0.0022
0.0022
0.0022
0.0022
0.00219
0.00219
0.00218
0.00218
0.00217
0.00216
0.00214
0.00212
0.00211
0.0021
0.00208
0.00207
0.00204
0.00203
0.00201
0.002
0.00197
0.00196
0.00194
0.00193
0.00191
0.00189
0.00187
0.00185
0.00183
0.00182
0.0018
0.00179
0.00176
0.00175
0.00173
0.00172
0.00169
0.00168
0.00165
0.00164
0.00161
0.00159
0.00157
0.00154
0.00152
0.0015
0.00147
0.00146
0.00142
0.00141
0.00138
0.00136
0.00133
0.00131
0.00129
0.00127
0.00125
0.00123
0.00121
0.00119
0.00118
0.00116
0.00115
0.00113
0.00111
0.00111
0.00109
0.00108
0.00106
0.00106
0.00104
0.00103
0.00101
0.001
0.00098
0.00096
0.00094
0.00093
0.00091
0.00089
0.00086
0.00084
0.00081
0.00078
0.00075
0.00072
0.00068
0.00065
0.00061
0.00058
0.00054
0.00049
0.00045
0.00041
0.00037
0.00033
0.00028
0.00023
0.00018
0.00014
8e-05
4e-05
-2e-05
-6e-05
-0.00012
-0.00018
-0.00024
-0.00029
-0.00035
-0.00041
-0.00046
-0.00052
-0.00059
-0.00065
-0.00071
-0.00077
-0.00084
-0.0009
-0.00097
-0.00103
-0.0011
-0.00117
-0.00123
-0.0013
-0.00136
-0.00142
-0.00148
-0.00154
-0.00161
-0.00166
-0.00172
-0.00177
-0.00182
-0.00187
-0.00192
-0.00196
-0.00201
-0.00205
-0.00209
-0.00213
-0.00216
-0.00219
-0.00222
-0.00224
-0.00228
-0.00229
-0.00232
-0.00233
-0.00235
-0.00236
-0.00238
-0.00238
-0.00239
-0.0024
-0.00241
-0.00241
-0.00241
-0.00241
-0.00241
-0.0024
-0.00241
-0.0024
-0.00239
-0.00238
-0.00238
-0.00236
-0.00236
-0.00234
-0.00233
-0.00231
-0.0023
-0.00228
-0.00226
-0.00224
-0.00222
-0.0022
-0.00219
-0.00216
-0.00214
-0.00211
-0.00209
-0.00206
-0.00204
-0.00201
-0.00198
-0.00195
-0.00192
-0.00189
-0.00186
-0.00182
-0.00179
-0.00175
-0.00171
-0.00167
-0.00163
-0.00158
-0.00154
-0.00149
-0.00145
-0.00139
-0.00135
-0.0013
-0.00125
-0.00119
-0.00114
-0.00108
-0.00103
-0.00097
-0.00092
-0.00086
-0.00081
-0.00074
-0.00069
-0.00064
-0.00059
-0.00053
-0.00047
-0.00042
-0.00037
-0.00032
-0.00027
-0.00022
-0.00017
-0.00011
-7e-05
-2e-05
3e-05
9e-05
0.00013
0.00019
0.00023
0.0003
0.00035
0.0004
0.00045
0.00051
0.00057
0.00063
0.00069
0.00075
0.0008
0.00086
0.00092
0.00098
0.00103
0.00109
0.00113
0.00119
0.00123
0.00128
0.00132
0.00136
0.00139
0.00143
0.00145
0.00148
0.00149
0.00151
0.00151
0.00152
0.00152
0.00152
0.0015
0.0015
0.00148
0.00147
0.00145
0.00142
0.0014
0.00138
0.00135
0.00133
0.0013
0.00128
0.00126
0.00124
0.00121
0.0012
0.00118
0.00117
0.00116
0.00115
0.00114
0.00113
0.00113
0.00113
0.00114
0.00114
0.00114
0.00116
0.00116
0.00118
0.00118
0.0012
0.0012
0.00123
0.00123
0.00125
0.00126
0.00128
0.00129
0.00131
0.00132
0.00134
0.00135
0.00138
0.00139
0.00142
0.00144
0.00146
0.00148
0.00152
0.00155
0.00158
0.00161
0.00165
0.00169
0.00174
0.00179
0.00184
0.00188
0.00195
0.002
0.00206
0.00212
0.00218
0.00224
0.00231
0.00237
0.00243
0.00249
0.00255
0.00262
0.00268
0.00273
0.00279
0.00283
0.00289
0.00293
0.00298
0.00301
0.00305
0.00307
0.00311
0.00313
0.00315
0.00317
0.00319
0.0032
0.00322
0.00323
0.00324
0.00324
0.00325
0.00325
0.00326
0.00326
0.00326
0.00326
0.00328
0.00328
0.00328
0.00328
0.00328
0.00329
0.00329
0.0033
0.0033
0.0033
0.00331
0.0033
0.00331
0.0033
0.0033
0.00329
0.00329
0.00327
0.00326
0.00324
0.00321
0.00319
0.00317
0.00314
0.00311
0.00307
0.00303
0.00299
0.00295
0.00289
0.00285
0.00279
0.00274
0.00268
0.00263
0.00257
0.0025
0.00245
0.00239
0.00233
0.00227
0.0022
0.00214
0.00208
0.00203
0.00196
0.00191
0.00185
0.0018
0.00174
0.00168
0.00163
0.00157
0.00152
0.00147
0.00142
0.00138
0.00132
0.00128
0.00122
0.00118
0.00112
0.00108
0.00102
0.00098
0.00093
0.00088
0.00083
0.00078
0.00073
0.00069
0.00064
0.0006
0.00055
0.00051
0.00046
0.00042
0.00037
0.00034
0.00029
0.00026
0.00022
0.00019
0.00015
0.00011
8e-05
6e-05
3e-05
0.0
-3e-05
-5e-05
-7e-05
-9e-05
-0.00011
-0.00013
-0.00015
-0.00015
-0.00017
-0.00018
-0.00019
-0.00019
-0.00019
-0.00019
-0.00019
-0.00018
-0.00018
-0.00017
-0.00016
-0.00013
-0.00012
-9e-05
-7e-05
-3e-05
-0.0
4e-05
7e-05
0.00011
0.00016
0.00021
0.00027
0.00033
0.00038
0.00044
0.0005
0.00057
0.00063
0.0007
0.00076
0.00083
0.0009
0.00096
0.00103
0.0011
0.00116
0.00123
0.0013
0.00136
0.00142
0.00148
0.00154
0.0016
0.00166
0.00171
0.00176
0.00182
0.00187
0.00192
0.00196
0.00201
0.00206
0.0021
0.00214
0.00219
0.00222
0.00227
0.0023
0.00234
0.00237
0.00241
0.00243
0.00246
0.00248
0.00251
0.00252
0.00254
0.00256
0.00257
0.00258
0.00258
0.00257
0.00258
0.00256
0.00256
0.00254
0.00252
0.00249
0.00247
0.00243
0.0024
0.00236
0.00231
0.00227
0.00223
0.00218
0.00213
0.00207
0.00202
0.00196
0.00191
0.00184
0.00179
0.00173
0.00168
0.00162
0.00156
0.0015
0.00145
0.0014
0.00135
0.0013
0.00126
0.0012
0.00117
0.00112
0.00109
0.00104
0.00101
0.00097
0.00094
0.00091
0.00087
0.00084
0.00081
0.00079
0.00076
0.00073
0.00071
0.00068
0.00067
0.00064
0.00062
0.00059
0.00058
0.00055
0.00054
0.00051
0.00049
0.00047
0.00046
0.00044
0.00043
0.00041
0.0004
0.00037
0.00037
0.00035
0.00034
0.00033
0.00032
0.0003
0.0003
0.00029
0.00028
0.00027
0.00026
0.00026
0.00025
0.00025
0.00025
0.00023
0.00023
0.00022
0.00023
0.00021
0.00021
0.0002
0.0002
0.00019
0.00018
0.00017
0.00015
0.00014
0.00013
0.00011
0.0001
7e-05
5e-05
3e-05
0.0
-3e-05
-5e-05
-9e-05
-0.00012
-0.00016
-0.0002
-0.00024
-0.00028
-0.00032
-0.00036
-0.00041
-0.00045
-0.00051
-0.00055
-0.00061
-0.00065
-0.00071
-0.00076
-0.00081
-0.00086
-0.00092
-0.00097
-0.00103
-0.00108
-0.00114
-0.00119
-0.00124
-0.00129
-0.00136
-0.00141
-0.00147
-0.00152
-0.00158
-0.00164
-0.0017
-0.00176
-0.00182
-0.00189
-0.00195
-0.00202
-0.00208
-0.00215
-0.00222
-0.00228
-0.00237
-0.00243
-0.00251
-0.00258
-0.00266
-0.00273
-0.00282
-0.00289
-0.00297
-0.00305
-0.00313
-0.00321
-0.00328
-0.00336
-0.00343
-0.00351
-0.00359
-0.00365
-0.00373
-0.00379
-0.00387
-0.00392
-0.00399
-0.00404
-0.00411
-0.00416
-0.00421
-0.00426
-0.00431
-0.00435
-0.00439
-0.00442
-0.00446
-0.00449
-0.00452
-0.00453
-0.00456
-0.00457
-0.00459
-0.00459
-0.00461
-0.00461
-0.00462
-0.00462
-0.00461
-0.0046
-0.00459
-0.00458
-0.00457
-0.00455
-0.00453
-0.0045
-0.00448
-0.00445
-0.00442
-0.00438
-0.00435
-0.00431
-0.00427
-0.00423
-0.00418
-0.00413
-0.00408
-0.00403
-0.00398
-0.00391
-0.00386
-0.00379
-0.00373
-0.00366
-0.0036
-0.00353
-0.00346
-0.00339
-0.00331
-0.00324
-0.00316
-0.00307
-0.00299
-0.00291
-0.00283
-0.00274
-0.00266
-0.00256
-0.00248
-0.00239
-0.0023
-0.0022
-0.00211
-0.00202
-0.00193
-0.00183
-0.00174
-0.00164
-0.00154
-0.00144
-0.00136
-0.00125
-0.00116
-0.00106
-0.00097
-0.00087
-0.00079
-0.00068
-0.0006
-0.00051
-0.00042
-0.00033
-0.00025
-0.00016
-8e-05
0.0
7e-05
0.00015
0.00022
0.0003
0.00036
0.00042
0.00048
0.00055
0.0006
0.00065
0.0007
0.00074
0.00079
0.00083
0.00086
0.0009
0.00093
0.00096
0.00098
0.00101
0.00103
0.00105
0.00107
0.00109
0.0011
0.00111
0.00112
0.00113
0.00114
0.00114
0.00115
0.00116
0.00116
0.00117
0.00117
0.00118
0.00118
0.00118
0.00118
0.00119
0.00119
0.0012
0.0012
0.0012
0.00121
0.00121
0.00122
0.00123
0.00123
0.00124
0.00124
0.00125
0.00126
0.00127
0.00127
0.00129
0.00129
0.0013
0.00131
0.00132
0.00133
0.00134
0.00134
0.00136
0.00136
0.00137
0.00137
0.00138
0.00138
0.00139
0.00139
0.00141
0.00141
0.00141
0.00141
0.00141
0.00141
0.00141
0.00141
0.00141
0.0014
0.0014
0.00139
0.00139
0.00138
0.00137
0.00136
0.00136
0.00135
0.00134
0.00133
0.00132
0.00131
0.0013
0.00129
0.00129
0.00127
0.00127
0.00126
0.00126
0.00124
0.00124
0.00123
0.00123
0.00123
0.00123
0.00122
0.00122
0.00122
0.00123
0.00123
0.00124
0.00124
0.00125
0.00126
0.00127
0.00128
0.00129
0.0013
0.00132
0.00133
0.00134
0.00135
0.00137
0.00139
0.00141
0.00142
0.00145
0.00146
0.00148
0.00149
0.00152
0.00153
0.00156
0.00157
0.0016
0.00161
0.00163
0.00165
0.00167
0.00169
0.00171
0.00173
0.00175
0.00176
0.00178
0.0018
0.00182
0.00183
0.00185
0.00186
0.00189
0.0019
0.00192
0.00193
0.00195
0.00196
0.00198
0.002
0.00202
0.00203
0.00205
0.00207
0.00209
0.0021
0.00212
0.00213
0.00216
0.00217
0.00219
0.0022
0.00222
0.00223
0.00225
0.00227
0.00229
0.0023
0.00231
0.00232
0.00234
0.00235
0.00236
0.00236
0.00238
0.00238
0.00238
0.00238
0.00238
0.00238
0.00238
0.00237
0.00237
0.00235
0.00234
0.00232
0.00231
0.00229
0.00227
0.00224
0.00222
0.00218
0.00215
0.00211
0.00207
0.00203
0.00199
0.00194
0.0019
0.00184
0.00179
0.00173
0.00168
0.00161
0.00156
0.00149
0.00143
0.00136
0.00129
0.00122
0.00114
0.00108
0.001
0.00093
0.00086
0.00078
0.00071
0.00063
0.00057
0.00049
0.00042
0.00034
0.00028
0.0002
0.00013
7e-05
-0.0
-6e-05
-0.00012
-0.00018
-0.00023
-0.00029
-0.00034
-0.00039
-0.00044
-0.00049
-0.00052
-0.00057
-0.00059
-0.00063
-0.00066
-0.00069
-0.00072
-0.00074
-0.00075
-0.00077
-0.00078
-0.0008
-0.0008
-0.00081
-0.00081
-0.00081
-0.00081
-0.00081
-0.0008
-0.0008
-0.00079
-0.00078
-0.00077
-0.00076
-0.00075
-0.00073
-0.00072
-0.00071
-0.00069
-0.00068
-0.00066
-0.00066
-0.00064
-0.00063
-0.00062
-0.00061
-0.0006
-0.0006
-0.00059
-0.00059
-0.00059
-0.00059
-0.00059
-0.0006
-0.0006
-0.00061
-0.00062
-0.00063
-0.00064
-0.00066
-0.00067
-0.0007
-0.00072
-0.00074
-0.00077
-0.00079
-0.00081
-0.00084
-0.00086
-0.0009
-0.00092
-0.00096
-0.00098
-0.00102
-0.00104
-0.00108
-0.0011
-0.00114
-0.00117
-0.0012
-0.00123
-0.00126
-0.00129
-0.00132
-0.00134
-0.00138
-0.00141
-0.00144
-0.00147
-0.00151
-0.00153
-0.00157
-0.0016
-0.00164
-0.00167
-0.00171
-0.00174
-0.00178
-0.00181
-0.00184
-0.00187
-0.00192
-0.00194
-0.00198
-0.00201
-0.00204
-0.00207
-0.0021
-0.00212
-0.00214
-0.00216
-0.00218
-0.00219
-0.0022
-0.0022
-0.0022
-0.0022
-0.0022
-0.00218
-0.00217
-0.00215
-0.00213
-0.0021
-0.00208
-0.00204
-0.002
-0.00196
-0.00192
-0.00188
-0.00183
-0.00178
-0.00173
-0.00167
-0.00163
-0.00156
-0.00151
-0.00145
-0.0014
-0.00134
-0.00129
-0.00123
-0.00118
-0.00113
-0.00107
-0.00102
-0.00097
-0.00091
-0.00086
-0.00081
-0.00076
-0.0007
-0.00066
-0.0006
-0.00055
-0.0005
-0.00045
-0.00039
-0.00034
-0.00028
-0.00022
-0.00017
-0.00011
-5e-05
1e-05
8e-05
0.00014
0.00021
0.00027
0.00034
0.00039
0.00046
0.00052
0.0006
0.00066
0.00072
0.00078
0.00084
0.0009
0.00096
0.00102
0.00108
0.00113
0.00119
0.00124
0.0013
0.00134
0.00139
0.00143
0.00148
0.00153
0.00157
0.00161
0.00164
0.00168
0.00172
0.00176
0.0018
0.00182
0.00186
0.00188
0.00192
0.00194
0.00197
0.00199
0.00202
0.00204
0.00206
0.00207
0.00208
0.0021
0.00211
0.00212
0.00213
0.00212
0.00213
0.00212
0.00212
0.00211
0.0021
0.00208
0.00207
0.00205
0.00203
0.002
0.00197
0.00194
0.00191
0.00187
0.00184
0.00179
0.00175
0.00171
0.00167
0.00161
0.00157
0.00151
0.00147
0.00141
0.00136
0.0013
0.00125
0.00119
0.00114
0.00108
0.00103
0.00096
0.00091
0.00085
0.0008
0.00073
0.00068
0.00061
0.00056
0.0005
0.00044
0.00038
0.00033
0.00027
0.00022
0.00017
0.00012
6e-05
1e-05
-4e-05
-9e-05
-0.00014
-0.00018
-0.00023
-0.00026
-0.00031
-0.00034
-0.00038
-0.00041
-0.00044
-0.00046
-0.00049
-0.00051
-0.00053
-0.00054
-0.00055
-0.00055
-0.00056
-0.00056
-0.00056
-0.00054
-0.00053
-0.00052
-0.0005
-0.00048
-0.00045
-0.00042
-0.00039
-0.00034
-0.00031
-0.00026
-0.00022
-0.00017
-0.00012
-7e-05
-2e-05
5e-05
0.0001
0.00016
0.00022
0.00028
0.00034
0.00041
0.00047
0.00054
0.00059
0.00066
0.00072
0.00079
0.00085
0.00092
0.00097
0.00104
0.0011
0.00116
0.00121
0.00127
0.00133
0.00138
0.00144
0.00149
0.00154
0.00159
0.00163
0.00168
0.00172
0.00177
0.00181
0.00185
0.00188
0.00192
0.00195
0.00198
0.00201
0.00204
0.00206
0.00208
0.00209
0.00211
0.00212
0.00214
0.00214
0.00215
0.00215
0.00216
0.00216
0.00215
0.00214
0.00213
0.00212
0.00211
0.0021
0.00209
0.00207
0.00205
0.00203
0.00202
0.00199
0.00197
0.00195
0.00193
0.00191
0.00188
0.00186
0.00184
0.00182
0.0018
0.00178
0.00177
0.00174
0.00173
0.00171
0.0017
0.00168
0.00167
0.00165
0.00165
0.00163
0.00162
0.00161
0.0016
0.0016
0.0016
0.00159
0.00159
0.00158
0.00159
0.00159
0.00159
0.00159
0.00159
0.00159
0.0016
0.0016
0.00161
0.00161
0.00161
0.00162
0.00163
0.00163
0.00164
0.00164
0.00165
0.00164
0.00165
0.00165
0.00165
0.00164
0.00164
0.00163
0.00163
0.00161
0.0016
0.00159
0.00157
0.00155
0.00153
0.00149
0.00147
0.00143
0.0014
0.00136
0.00132
0.00127
0.00123
0.00117
0.00112
0.00106
0.001
0.00094
0.00088
0.00081
0.00075
0.00068
0.00061
0.00054
0.00047
0.00039
0.00032
0.00024
0.00018
0.0001
3e-05
-5e-05
-0.00012
-0.00019
-0.00027
-0.00034
-0.00041
-0.00049
-0.00055
-0.00063
-0.0007
-0.00077
-0.00084
-0.00092
-0.00099
-0.00106
-0.00113
-0.0012
-0.00128
-0.00135
-0.00142
-0.00149
-0.00156
-0.00164
-0.0017
-0.00178
-0.00184
-0.00191
-0.00198
-0.00205
-0.0021
-0.00216
-0.00222
-0.00228
-0.00233
-0.00238
-0.00242
-0.00245
-0.00249
-0.00253
-0.00255
-0.00257
-0.00258
-0.0026
-0.0026
-0.00261
-0.00259
-0.00259
-0.00258
-0.00256
-0.00254
-0.00251
-0.00248
-0.00245
-0.00241
-0.00238
-0.00233
-0.00229
-0.00223
-0.00219
-0.00214
-0.00209
-0.00203
-0.00198
-0.00193
-0.00188
-0.00182
-0.00177
-0.00171
-0.00166
-0.0016
-0.00156
-0.0015
-0.00145
-0.00139
-0.00135
-0.00129
-0.00125
-0.00118
-0.00114
-0.00108
-0.00103
-0.00098
-0.00092
-0.00086
-0.0008
-0.00074
-0.00068
-0.00062
-0.00055
-0.00048
-0.00042
-0.00035
-0.00028
-0.0002
-0.00014
-6e-05
1e-05
9e-05
0.00017
0.00024
0.00032
0.0004
0.00047
0.00056
0.00063
0.00072
0.00079
0.00087
0.00094
0.00102
0.00109
0.00116
0.00123
0.00129
0.00136
0.00143
0.00149
0.00156
0.00161
0.00167
0.00172
0.00178
0.00183
0.00188
0.00192
0.00197
0.00201
0.00206
0.00209
0.00213
0.00217
0.0022
0.00224
0.00227
0.0023
0.00233
0.00235
0.00238
0.0024
0.00242
0.00244
0.00246
0.00248
0.00249
0.0025
0.00251
0.00253
0.00254
0.00255
0.00256
0.00256
0.00257
0.00257
0.00258
0.00258
0.00259
0.00258
0.00259
0.00259
0.00259
0.00258
0.00258
0.00258
0.00258
0.00258
0.00258
0.00257
0.00258
0.00257
0.00257
0.00257
0.00257
0.00256
0.00256
0.00256
0.00255
0.00255
0.00254
0.00254
0.00254
0.00253
0.00252
0.00251
0.0025
0.00249
0.00248
