9.40591607235839E+02

0.00166
0.00168
0.00172
0.00174
0.00178
0.0018
0.00183
0.00185
0.00187
0.0019
0.00192
0.00194
0.00196
0.00196
0.00198
0.00198
0.00199
0.00199
0.00199
0.00199
0.00199
0.00198
0.00197
0.00195
0.00193
0.00192
0.0019
0.00187
0.00185
0.00182
0.00179
0.00175
0.00172
0.00168
0.00164
0.00159
0.00155
0.0015
0.00145
0.00139
0.00134
0.00128
0.00122
0.00116
0.0011
0.00103
0.00096
0.00089
0.00082
0.00074
0.00067
0.00059
0.00052
0.00043
0.00035
0.00027
0.00019
0.0001
2e-05
-6e-05
-0.00014
-0.00023
-0.0003
-0.00039
-0.00046
-0.00055
-0.00062
-0.0007
-0.00077
-0.00084
-0.00092
-0.00099
-0.00105
-0.00112
-0.00117
-0.00123
-0.00128
-0.00134
-0.00139
-0.00144
-0.00148
-0.00153
-0.00157
-0.00161
-0.00164
-0.00167
-0.0017
-0.00173
-0.00176
-0.00178
-0.0018
-0.00181
-0.00182
-0.00184
-0.00185
-0.00186
-0.00186
-0.00187
-0.00187
-0.00187
-0.00186
-0.00186
-0.00185
-0.00184
-0.00184
-0.00182
-0.00181
-0.00179
-0.00177
-0.00177
-0.00174
-0.00173
-0.0017
-0.00169
-0.00166
-0.00165
-0.00162
-0.00161
-0.00159
-0.00157
-0.00155
-0.00153
-0.00151
-0.00149
-0.00147
-0.00146
-0.00144
-0.00143
-0.00141
-0.0014
-0.00138
-0.00138
-0.00136
-0.00135
-0.00134
-0.00133
-0.00132
-0.00131
-0.0013
-0.0013
-0.00129
-0.00129
-0.00128
-0.00128
-0.00127
-0.00127
-0.00127
-0.00127
-0.00126
-0.00127
-0.00127
-0.00127
-0.00128
-0.00128
-0.00128
-0.00128
-0.00128
-0.0013
-0.0013
-0.0013
-0.0013
-0.00132
-0.00132
-0.00133
-0.00132
-0.00133
-0.00134
-0.00134
-0.00134
-0.00134
-0.00134
-0.00134
-0.00134
-0.00134
-0.00133
-0.00133
-0.00132
-0.00131
-0.0013
-0.0013
-0.00128
-0.00127
-0.00126
-0.00125
-0.00124
-0.00122
-0.0012
-0.00119
-0.00117
-0.00117
-0.00115
-0.00114
-0.00112
-0.00112
-0.0011
-0.0011
-0.00108
-0.00107
-0.00107
-0.00106
-0.00106
-0.00105
-0.00104
-0.00103
-0.00102
-0.00102
-0.00101
-0.00101
-0.00099
-0.00099
-0.00098
-0.00097
-0.00095
-0.00094
-0.00093
-0.00092
-0.0009
-0.00089
-0.00087
-0.00084
-0.00082
-0.00081
-0.00078
-0.00076
-0.00073
-0.00071
-0.00068
-0.00066
-0.00063
-0.0006
-0.00058
-0.00055
-0.00053
-0.0005
-0.00047
-0.00045
-0.00042
-0.0004
-0.00038
-0.00036
-0.00033
-0.00031
-0.00028
-0.00027
-0.00024
-0.00022
-0.0002
-0.00018
-0.00015
-0.00013
-0.0001
-7e-05
-4e-05
-2e-05
1e-05
4e-05
8e-05
0.0001
0.00014
0.00018
0.00022
0.00026
0.00031
0.00035
0.0004
0.00045
0.00051
0.00056
0.00062
0.00068
0.00074
0.0008
0.00087
0.00093
0.001
0.00107
0.00115
0.00122
0.00129
0.00136
0.00143
0.00151
0.00159
0.00166
0.00174
0.00181
0.00188
0.00195
0.00203
0.00209
0.00216
0.00222
0.00229
0.00235
0.00241
0.00246
0.00251
0.00256
0.0026
0.00264
0.00269
0.00271
0.00275
0.00277
0.0028
0.00282
0.00284
0.00284
0.00286
0.00286
0.00286
0.00286
0.00285
0.00284
0.00283
0.00281
0.0028
0.00276
0.00274
0.00271
0.00268
0.00263
0.0026
0.00255
0.00251
0.00245
0.0024
0.00234
0.00228
0.00221
0.00215
0.00208
0.002
0.00192
0.00185
0.00176
0.00168
0.00159
0.0015
0.00141
0.00132
0.00122
0.00113
0.00103
0.00093
0.00084
0.00074
0.00064
0.00055
0.00045
0.00035
0.00026
0.00017
7e-05
-1e-05
-0.00011
-0.00018
-0.00027
-0.00035
-0.00043
-0.00051
-0.00058
-0.00066
-0.00073
-0.00079
-0.00087
-0.00092
-0.00099
-0.00104
-0.00111
-0.00116
-0.00122
-0.00127
-0.00133
-0.00138
-0.00143
-0.00148
-0.00152
-0.00157
-0.00161
-0.00165
-0.00169
-0.00173
-0.00177
-0.00179
-0.00183
-0.00185
-0.00188
-0.0019
-0.00192
-0.00194
-0.00195
-0.00196
-0.00196
-0.00196
-0.00196
-0.00195
-0.00195
-0.00193
-0.00192
-0.0019
-0.00188
-0.00185
-0.00183
-0.00179
-0.00176
-0.00172
-0.00169
-0.00165
-0.00161
-0.00156
-0.00152
-0.00147
-0.00144
-0.00139
-0.00135
-0.0013
-0.00126
-0.00122
-0.00118
-0.00113
-0.00109
-0.00105
-0.00101
-0.00097
-0.00092
-0.00088
-0.00084
-0.00079
-0.00076
-0.0007
-0.00066
-0.00061
-0.00057
-0.00052
-0.00047
-0.00042
-0.00037
-0.00031
-0.00026
-0.0002
-0.00014
-8e-05
-2e-05
5e-05
0.0001
0.00018
0.00024
0.00031
0.00038
0.00045
0.00051
0.00059
0.00066
0.00073
0.00079
0.00086
0.00093
0.001
0.00107
0.00114
0.00119
0.00126
0.00132
0.00138
0.00144
0.00149
0.00154
0.0016
0.00164
0.00169
0.00173
0.00177
0.00181
0.00184
0.00187
0.00191
0.00192
0.00195
0.00196
0.00198
0.00198
0.00199
0.00198
0.00199
0.00198
0.00197
0.00195
0.00193
0.00191
0.00188
0.00185
0.00182
0.00178
0.00174
0.00169
0.00165
0.0016
0.00155
0.00149
0.00145
0.00139
0.00133
0.00127
0.00121
0.00115
0.00109
0.00103
0.00098
0.00091
0.00086
0.00079
0.00074
0.00068
0.00062
0.00056
0.00051
0.00045
0.0004
0.00034
0.00029
0.00024
0.00019
0.00014
0.0001
5e-05
1e-05
-4e-05
-8e-05
-0.00012
-0.00016
-0.0002
-0.00023
-0.00027
-0.0003
-0.00033
-0.00036
-0.00038
-0.0004
-0.00042
-0.00043
-0.00045
-0.00045
-0.00046
-0.00045
-0.00046
-0.00045
-0.00044
-0.00042
-0.00041
-0.00039
-0.00037
-0.00034
-0.00031
-0.00028
-0.00025
-0.0002
-0.00017
-0.00013
-9e-05
-4e-05
0.0
5e-05
9e-05
0.00014
0.00019
0.00023
0.00028
0.00032
0.00036
0.0004
0.00044
0.00049
0.00051
0.00056
0.00059
0.00062
0.00065
0.00068
0.0007
0.00073
0.00075
0.00077
0.00079
0.00081
0.00083
0.00085
0.00087
0.00088
0.00089
0.00091
0.00092
0.00094
0.00095
0.00096
0.00097
0.00098
0.00099
0.001
0.001
0.00101
0.00102
0.00103
0.00103
0.00104
0.00103
0.00104
0.00103
0.00104
0.00103
0.00102
0.00101
0.001
0.00099
0.00097
0.00095
0.00093
0.0009
0.00088
0.00085
0.00082
0.00078
0.00075
0.00071
0.00067
0.00062
0.00058
0.00053
0.00049
0.00043
0.00038
0.00033
0.00027
0.00022
0.00017
0.00011
6e-05
0.0
-5e-05
-0.00011
-0.00015
-0.00021
-0.00026
-0.00031
-0.00036
-0.00041
-0.00046
-0.00051
-0.00056
-0.0006
-0.00065
-0.00069
-0.00073
-0.00078
-0.00081
-0.00086
-0.00089
-0.00094
-0.00097
-0.00101
-0.00104
-0.00108
-0.00112
-0.00115
-0.00119
-0.00122
-0.00125
-0.00127
-0.0013
-0.00133
-0.00135
-0.00138
-0.00139
-0.00142
-0.00143
-0.00145
-0.00145
-0.00147
-0.00148
-0.00149
-0.0015
-0.0015
-0.0015
-0.0015
-0.00149
-0.0015
-0.00149
-0.00149
-0.00148
-0.00148
-0.00147
-0.00146
-0.00145
-0.00145
-0.00144
-0.00144
-0.00143
-0.00143
-0.00142
-0.00141
-0.00141
-0.00141
-0.0014
-0.0014
-0.00139
-0.0014
-0.00139
-0.00139
-0.00138
-0.00138
-0.00138
-0.00138
-0.00137
-0.00136
-0.00135
-0.00134
-0.00132
-0.00132
-0.00129
-0.00128
-0.00125
-0.00124
-0.00121
-0.00119
-0.00115
-0.00113
-0.00109
-0.00106
-0.00103
-0.00099
-0.00095
-0.00091
-0.00087
-0.00084
-0.00079
-0.00076
-0.00071
-0.00067
-0.00063
-0.00059
-0.00055
-0.00051
-0.00047
-0.00043
-0.00039
-0.00035
-0.0003
-0.00026
-0.00022
-0.00018
-0.00013
-9e-05
-4e-05
1e-05
6e-05
0.00011
0.00017
0.00022
0.00028
0.00034
0.00041
0.00048
0.00055
0.00063
0.00071
0.00079
0.00088
0.00097
0.00106
0.00116
0.00126
0.00135
0.00147
0.00157
0.00169
0.0018
0.00192
0.00204
0.00216
0.00229
0.00242
0.00255
0.00268
0.00282
0.00296
0.0031
0.00324
0.00338
0.00354
0.00368
0.00384
0.00399
0.00415
0.00431
0.00447
0.00464
0.00481
0.00497
0.00515
0.00532
0.00551
0.00568
0.00587
0.00605
0.00624
0.00643
0.00661
0.0068
0.00699
0.00719
0.00738
0.00758
0.00777
0.00796
0.00816
0.00834
0.00854
0.00872
0.00891
0.00909
0.00928
0.00946
0.00963
0.00981
0.00997
0.01014
0.0103
0.01046
0.01062
0.01076
0.01091
0.01105
0.01119
0.01132
0.01145
0.01157
0.0117
0.01182
0.01193
0.01204
0.01214
0.01225
0.01235
0.01245
0.01255
0.01264
0.01273
0.01282
0.01291
0.01299
0.01308
0.01315
0.01324
0.01331
0.01339
0.01347
0.01354
0.01362
0.01369
0.01376
0.01384
0.01391
0.01398
0.01405
0.01412
0.01418
0.01425
0.01432
0.01439
0.01445
0.01452
0.01459
0.01465
0.01472
0.01478
0.01485
0.01492
0.01497
0.01504
0.0151
0.01517
0.01523
0.0153
0.01536
0.01543
0.01549
0.01555
0.01561
0.01567
0.01573
0.0158
0.01586
0.01592
0.01598
0.01604
0.0161
0.01616
0.01622
0.01628
0.01633
0.0164
0.01646
0.01652
0.01658
0.01664
0.0167
0.01677
0.01684
0.01691
0.01697
0.01705
0.01712
0.01721
0.01728
0.01737
0.01745
0.01755
0.01765
0.01775
0.01785
0.01796
0.01807
0.01819
0.01831
0.01843
0.01855
0.01869
0.01882
0.01896
0.01909
0.01924
0.01938
0.01953
0.01968
0.01983
0.01997
0.02012
0.02028
0.02043
0.02058
0.02073
0.02088
0.02103
0.02118
0.02133
0.02147
0.02162
0.02176
0.02191
0.02205
0.02219
0.02233
0.02247
0.02261
0.02275
0.02288
0.02302
0.02315
0.02329
0.02342
0.02355
0.02368
0.02381
0.02393
0.02407
0.02419
0.02432
0.02444
0.02456
0.02469
0.02481
0.02493
0.02505
0.02516
0.02527
0.02538
0.02549
0.0256
0.0257
0.0258
0.0259
0.02599
0.02608
0.02616
0.02624
0.02632
0.0264
0.02647
0.02654
0.0266
0.02666
0.02671
0.02676
0.02681
0.02685
0.02688
0.02692
0.02694
0.02696
0.02698
0.02699
0.027
0.027
0.027
0.02699
0.02698
0.02696
0.02694
0.02692
0.02688
0.02684
0.0268
0.02675
0.0267
0.02664
0.02657
0.0265
0.02643
0.02635
0.02627
0.02618
0.02608
0.02599
0.02588
0.02578
0.02567
0.02555
0.02543
0.02531
0.02518
0.02505
0.02491
0.02477
0.02463
0.02448
0.02433
0.02418
0.02402
0.02386
0.0237
0.02354
0.02337
0.0232
0.02303
0.02286
0.02269
0.02251
0.02234
0.02216
0.02199
0.02182
0.02164
0.02147
0.0213
0.02113
0.02096
0.02079
0.02062
0.02046
0.0203
0.02014
0.01998
0.01983
0.01968
0.01953
0.01938
0.01924
0.01909
0.01896
0.01881
0.01868
0.01855
0.01842
0.01829
0.01816
0.01803
0.01791
0.01778
0.01766
0.01754
0.01742
0.0173
0.01719
0.01708
0.01697
0.01685
0.01675
0.01664
0.01654
0.01644
0.01634
0.01625
0.01616
0.01608
0.016
0.01592
0.01585
0.01578
0.01572
0.01566
0.01561
0.01556
0.01553
0.01548
0.01546
0.01543
0.01541
0.01538
0.01538
0.01536
0.01536
0.01535
0.01535
0.01536
0.01536
0.01537
0.01538
0.01539
0.01541
0.01542
0.01544
0.01545
0.01547
0.01548
0.0155
0.01552
0.01554
0.01556
0.01558
0.0156
0.01563
0.01566
0.01569
0.01571
0.01574
0.01578
0.01582
0.01585
0.0159
0.01594
0.01599
0.01604
0.01609
0.01615
0.01621
0.01627
0.01634
0.01641
0.01648
0.01655
0.01662
0.0167
0.01678
0.01685
0.01694
0.01701
0.0171
0.01717
0.01725
0.01732
0.0174
0.01747
0.01755
0.01761
0.01768
0.01774
0.01781
0.01786
0.01792
0.01797
0.01802
0.01806
0.01811
0.01814
0.01818
0.01821
0.01823
0.01826
0.01828
0.0183
0.01832
0.01833
0.01834
0.01835
0.01835
0.01835
0.01836
0.01835
0.01835
0.01834
0.01833
0.01832
0.01831
0.0183
0.01829
0.01827
0.01825
0.01823
0.01821
0.01819
0.01817
0.01814
0.01812
0.01809
0.01807
0.01804
0.01801
0.01797
0.01794
0.0179
0.01787
0.01783
0.01779
0.01774
0.01769
0.01764
0.01759
0.01753
0.01747
0.01741
0.01734
0.01727
0.01719
0.01711
0.01702
0.01694
0.01684
0.01675
0.01665
0.01653
0.01643
0.01631
0.01619
0.01606
0.01594
0.0158
0.01567
0.01553
0.01539
0.01525
0.0151
0.01496
0.01481
0.01467
0.01452
0.01437
0.01423
0.01408
0.01394
0.01379
0.01365
0.01351
0.01338
0.01324
0.01311
0.01298
0.01286
0.01274
0.01262
0.01251
0.0124
0.01229
0.01219
0.01209
0.01199
0.01189
0.01181
0.01171
0.01163
0.01155
0.01147
0.01139
0.01132
0.01125
0.01118
0.01112
0.01106
0.01099
0.01094
0.01088
0.01084
0.01078
0.01074
0.0107
0.01067
0.01063
0.0106
0.01057
0.01055
0.01053
0.01052
0.01051
0.01051
0.01051
0.01052
0.01052
0.01055
0.01056
0.01059
0.01061
0.01065
0.01069
0.01073
0.01077
0.01082
0.01088
0.01093
0.01099
0.01106
0.01111
0.01118
0.01124
0.01132
0.01138
0.01145
0.01151
0.01158
0.01164
0.0117
0.01176
0.01182
0.01187
0.01193
0.01198
0.01203
0.01207
0.01211
0.01214
0.01218
0.01221
0.01223
0.01225
0.01227
0.01228
0.01229
0.0123
0.0123
0.0123
0.01229
0.01228
0.01227
0.01225
0.01223
0.01221
0.01219
0.01215
0.01212
0.01208
0.01205
0.01201
0.01197
0.01192
0.01187
0.01182
0.01176
0.0117
0.01164
0.01157
0.01151
0.01144
0.01137
0.01129
0.01121
0.01112
0.01104
0.01095
0.01086
0.01076
0.01066
0.01055
0.01044
0.01033
0.01022
0.01009
0.00998
0.00985
0.00972
0.00958
0.00945
0.0093
0.00917
0.00902
0.00887
0.00872
0.00856
0.00841
0.00825
0.0081
0.00794
0.00777
0.00762
0.00746
0.0073
0.00714
0.00699
0.00683
0.00668
0.00653
0.00638
0.00623
0.00609
0.00595
0.00582
0.00569
0.00556
0.00543
0.00532
0.0052
0.00509
0.00498
0.00488
0.00477
0.00468
0.00458
0.00449
0.00439
0.00431
0.00422
0.00414
0.00406
0.00398
0.00389
0.00381
0.00372
0.00365
0.00356
0.00348
0.00339
0.00332
0.00323
0.00314
0.00306
0.00297
0.00288
0.0028
0.00272
0.00263
0.00255
0.00247
0.00239
0.00231
0.00223
0.00217
0.00209
0.00203
0.00197
0.00191
0.00185
0.0018
0.00176
0.00172
0.00168
0.00165
0.00162
0.0016
0.00158
0.00157
0.00156
0.00155
0.00154
0.00155
0.00155
0.00155
0.00156
0.00157
0.00158
0.00159
0.0016
0.00162
0.00162
0.00164
0.00165
0.00166
0.00167
0.00168
0.00169
0.0017
0.0017
0.00171
0.00171
0.00171
0.00171
0.00171
0.00171
0.00171
0.0017
0.0017
0.00169
0.00168
0.00166
0.00166
0.00163
0.00162
0.0016
0.00159
0.00156
0.00154
0.00151
0.00149
0.00146
0.00144
0.0014
0.00137
0.00133
0.0013
0.00125
0.00122
0.00117
0.00113
0.00108
0.00104
0.00099
0.00094
0.00089
0.00085
0.0008
0.00075
0.0007
0.00066
0.00061
0.00057
0.00052
0.00048
0.00043
0.0004
0.00036
0.00032
0.00029
0.00026
0.00023
0.00021
0.00019
0.00018
0.00016
0.00015
0.00014
0.00014
0.00013
0.00014
0.00014
0.00016
0.00017
0.00018
0.0002
0.00022
0.00025
0.00028
0.00032
0.00036
0.00039
0.00044
0.00048
0.00054
0.00058
0.00064
0.00069
0.00076
0.00082
0.00088
0.00094
0.00101
0.00108
0.00115
0.00123
0.0013
0.00137
0.00145
0.00152
0.0016
0.00166
0.00174
0.0018
0.00188
0.00194
0.00201
0.00207
0.00213
0.00219
0.00225
0.0023
0.00235
0.00239
0.00243
0.00247
0.00251
0.00253
0.00256
0.00258
0.0026
0.00261
0.00262
0.00263
0.00263
0.00264
0.00263
0.00263
0.00262
0.00261
0.0026
0.00258
0.00257
0.00254
0.00253
0.0025
0.00248
0.00245
0.00243
0.0024
0.00237
0.00235
0.00232
0.00229
0.00227
0.00223
0.00221
0.00218
0.00216
0.00212
0.0021
0.00207
0.00205
0.00202
0.00199
0.00196
0.00194
0.00191
0.00188
0.00186
0.00183
0.0018
0.00178
0.00174
0.00172
0.00169
0.00166
0.00162
0.0016
0.00157
0.00153
0.0015
0.00146
0.00143
0.0014
0.00137
0.00134
0.0013
0.00127
0.00123
0.00121
0.00117
0.00115
0.00111
0.0011
0.00107
0.00105
0.00103
0.00101
0.001
0.00099
0.00098
0.00099
0.00098
0.00099
0.00099
0.00101
0.00102
0.00105
0.00107
0.0011
0.00113
0.00117
0.00121
0.00125
0.0013
0.00135
0.0014
0.00146
0.00151
0.00158
0.00163
0.0017
0.00176
0.00183
0.00189
0.00196
0.00202
0.00209
0.00215
0.00221
0.00228
0.00234
0.0024
0.00246
0.00251
0.00257
0.00262
0.00267
0.00272
0.00276
0.0028
0.00285
0.00289
0.00292
0.00296
0.00299
0.00302
0.00305
0.00308
0.0031
0.00312
0.00314
0.00316
0.00318
0.00319
0.00321
0.00322
0.00324
0.00325
0.00326
0.00326
0.00327
0.00328
0.00329
0.0033
0.00331
0.00331
0.00332
0.00332
0.00334
0.00334
0.00335
0.00335
0.00336
0.00337
0.00337
0.00338
0.00339
0.0034
0.00341
0.00342
0.00343
0.00344
0.00345
0.00346
0.00347
0.00348
0.00349
0.0035
0.00351
0.00352
0.00353
0.00353
0.00354
0.00355
0.00356
0.00356
0.00357
0.00356
0.00357
0.00357
0.00357
0.00357
0.00357
0.00356
0.00357
0.00356
0.00355
0.00354
0.00354
0.00353
0.00352
0.00351
0.00351
0.00349
0.00349
0.00347
0.00347
0.00345
0.00344
0.00342
0.00342
0.0034
0.00338
0.00336
0.00334
0.00332
0.0033
0.00328
0.00326
0.00322
0.0032
0.00316
0.00313
0.00308
0.00305
0.00299
0.00295
0.00289
0.00284
0.00278
0.00271
0.00264
0.00257
0.00249
0.00242
0.00232
0.00224
0.00214
0.00206
0.00195
0.00186
0.00175
0.00166
0.00155
0.00144
0.00133
0.00122
0.00111
0.001
0.0009
0.00079
0.00068
0.00058
0.00048
0.00038
0.00028
0.00019
9e-05
0.0
-9e-05
-0.00017
-0.00025
-0.00033
-0.00041
-0.00047
-0.00054
-0.00061
-0.00067
-0.00073
-0.00079
-0.00083
-0.00089
-0.00093
-0.00098
-0.00102
-0.00106
-0.0011
-0.00114
-0.00117
-0.0012
-0.00122
-0.00125
-0.00127
-0.00129
-0.0013
-0.00132
-0.00133
-0.00134
-0.00135
-0.00136
-0.00135
-0.00135
-0.00134
-0.00133
-0.00132
-0.0013
-0.00128
-0.00126
-0.00122
-0.0012
-0.00116
-0.00113
-0.00108
-0.00104
-0.00099
-0.00094
-0.00088
-0.00083
-0.00077
-0.00071
-0.00065
-0.00058
-0.00052
-0.00045
-0.00038
-0.00032
-0.00025
-0.00018
-0.00011
-5e-05
2e-05
8e-05
0.00015
0.00021
0.00026
0.00032
0.00037
0.00043
0.00048
0.00053
0.00058
0.00061
0.00066
0.0007
0.00074
0.00077
0.0008
0.00083
0.00086
0.00088
0.00091
0.00093
0.00095
0.00098
0.001
0.00102
0.00104
0.00106
0.00108
0.00109
0.00112
0.00113
0.00116
0.00117
0.0012
0.00122
0.00124
0.00126
0.00128
0.00131
0.00133
0.00136
0.00139
0.00141
0.00144
0.00147
0.0015
0.00153
0.00156
0.00159
0.00163
0.00166
0.00169
0.00172
0.00175
0.00179
0.00182
0.00185
0.00189
0.00192
0.00196
0.00199
0.00203
0.00205
0.00209
0.00212
0.00216
0.00219
0.00222
0.00225
0.00228
0.00231
0.00234
0.00237
0.00241
0.00243
0.00246
0.00249
0.00252
0.00255
0.00258
0.0026
0.00264
0.00266
0.00269
0.00271
0.00274
0.00276
0.00279
0.00281
0.00284
0.00286
0.00288
0.0029
0.00293
0.00294
0.00296
0.00298
0.003
0.00301
0.00302
0.00304
0.00305
0.00306
0.00307
0.00308
0.00309
0.00309
0.0031
0.0031
0.0031
0.0031
0.0031
0.00309
0.0031
0.00309
0.00309
0.00308
0.00307
0.00306
0.00305
0.00304
0.00303
0.00301
0.003
0.00297
0.00296
0.00293
0.00292
0.00288
0.00287
0.00283
0.00281
0.00277
0.00274
0.0027
0.00267
0.00263
0.00259
0.00254
0.0025
0.00245
0.00241
0.00236
0.00231
0.00226
0.00221
0.00216
0.00211
0.00205
0.002
0.00195
0.00189
0.00184
0.0018
0.00174
0.00169
0.00164
0.00159
0.00154
0.0015
0.00145
0.00141
0.00136
0.00132
0.00128
0.00124
0.0012
0.00116
0.00112
0.00109
0.00105
0.00102
0.00098
0.00095
0.00091
0.00088
0.00084
0.00082
0.00078
0.00075
0.00072
0.00069
0.00066
0.00063
0.0006
0.00058
0.00054
0.00052
0.0005
0.00048
0.00045
0.00044
0.00042
0.00041
0.00039
0.00038
0.00037
0.00037
0.00037
0.00037
0.00037
0.00038
0.00038
0.00039
0.0004
0.00042
0.00043
0.00045
0.00047
0.0005
0.00052
0.00054
0.00056
0.00059
0.00062
0.00065
0.00068
0.00071
0.00073
0.00077
0.0008
0.00083
0.00086
0.00089
0.00092
0.00096
0.00098
0.00101
0.00105
0.00107
0.00111
0.00114
0.00117
0.0012
0.00122
0.00125
0.00128
0.00131
0.00133
0.00136
0.00137
0.0014
0.00142
0.00143
0.00145
0.00146
0.00147
0.00148
0.00148
0.00149
0.00148
0.00148
0.00147
0.00147
0.00145
0.00144
0.00142
0.00141
0.00138
0.00135
0.00132
0.00129
0.00126
0.00123
0.0012
0.00117
0.00113
0.0011
0.00106
0.00103
0.00099
0.00096
0.00092
0.00089
0.00086
0.00083
0.0008
0.00077
0.00074
0.00072
0.0007
0.00068
0.00066
0.00064
0.00062
0.00062
0.0006
0.00059
0.00057
0.00057
0.00056
0.00055
0.00054
0.00053
0.00053
0.00052
0.00051
0.00051
0.0005
0.0005
0.00049
0.00049
0.00047
0.00047
0.00046
0.00046
0.00044
0.00043
0.00042
0.00041
0.0004
0.00039
0.00038
0.00038
0.00036
0.00036
0.00035
0.00034
0.00033
0.00033
0.00031
0.00032
0.00031
0.00031
0.0003
0.0003
0.00031
0.00031
0.00032
0.00033
0.00033
0.00035
0.00036
0.00038
0.0004
0.00042
0.00044
0.00047
0.0005
0.00053
0.00056
0.00059
0.00062
0.00066
0.0007
0.00074
0.00076
0.00081
0.00084
0.00088
0.00091
0.00095
0.00097
0.00101
0.00103
0.00106
0.00108
0.0011
0.00112
0.00113
0.00114
0.00116
0.00115
0.00116
0.00116
0.00116
0.00114
0.00114
0.00112
0.00111
0.00109
0.00107
0.00105
0.00103
0.00101
0.00099
0.00096
0.00095
0.00092
0.0009
0.00087
0.00086
0.00084
0.00083
0.00081
0.0008
0.00079
0.00079
0.00078
0.00078
0.00079
0.00079
0.0008
0.00082
0.00083
0.00085
0.00087
0.0009
0.00093
0.00096
0.00099
0.00103
0.00107
0.00111
0.00115
0.00119
0.00124
0.00129
0.00134
0.00139
0.00143
0.00149
0.00153
0.00159
0.00163
0.00168
0.00172
0.00178
0.00182
0.00186
0.0019
0.00193
0.00197
0.00201
0.00204
0.00207
0.00209
0.00212
0.00214
0.00217
0.00218
0.0022
0.0022
0.00222
0.00223
0.00223
0.00224
0.00224
0.00224
0.00224
0.00224
0.00224
0.00223
0.00223
0.00222
0.00222
0.00221
0.0022
0.00219
0.00219
0.00217
0.00216
0.00214
0.00212
0.00211
0.00209
0.00207
0.00205
0.00202
0.002
0.00197
0.00194
0.0019
0.00186
0.00182
0.00178
0.00173
0.00167
0.00162
0.00156
0.0015
0.00143
0.00137
0.0013
0.00122
0.00115
0.00107
0.001
0.00092
0.00084
0.00076
0.00068
0.0006
0.00052
0.00044
0.00036
0.00029
0.00022
0.00015
8e-05
1e-05
-5e-05
-0.00011
-0.00017
-0.00023
-0.00028
-0.00034
-0.00038
-0.00043
-0.00048
-0.00053
-0.00057
-0.00061
-0.00065
-0.00069
-0.00072
-0.00077
-0.00079
-0.00083
-0.00086
-0.0009
-0.00092
-0.00096
-0.00097
-0.00101
-0.00103
-0.00105
-0.00107
-0.00109
-0.0011
-0.00111
-0.00111
-0.00112
-0.00112
-0.00112
-0.0011
-0.00109
-0.00108
-0.00106
-0.00103
-0.00101
-0.00098
-0.00094
-0.00091
-0.00087
-0.00082
-0.00077
-0.00072
-0.00068
-0.00062
-0.00057
-0.00051
-0.00046
-0.00041
-0.00036
-0.00029
-0.00024
-0.00018
-0.00013
-8e-05
-2e-05
3e-05
9e-05
0.00014
0.00019
0.00025
0.00031
0.00037
0.00042
0.00048
0.00053
0.0006
0.00066
0.00072
0.00079
0.00085
0.00092
0.00099
0.00106
0.00114
0.0012
0.00128
0.00135
0.00143
0.0015
0.00158
0.00164
0.00172
0.00178
0.00185
0.00191
0.00197
0.00202
0.00208
0.00213
0.00218
0.00221
0.00225
0.00228
0.00231
0.00233
0.00235
0.00236
0.00238
0.00238
0.00239
0.00239
0.00238
0.00238
0.00238
0.00237
0.00237
0.00235
0.00235
0.00234
0.00233
0.00232
0.00231
0.00229
0.00229
0.00228
0.00226
0.00225
0.00223
0.00222
0.0022
0.00219
0.00217
0.00214
0.00212
0.00209
0.00206
0.00202
0.00199
0.00194
0.0019
0.00185
0.0018
0.00174
0.00167
0.00161
0.00154
0.00147
0.0014
0.00131
0.00124
0.00116
0.00108
0.00099
0.00091
0.00082
0.00075
0.00066
0.00058
0.0005
0.00042
0.00035
0.00028
0.00021
0.00015
8e-05
3e-05
-3e-05
-7e-05
-0.00012
-0.00016
-0.00021
-0.00024
-0.00027
-0.0003
-0.00033
-0.00035
-0.00037
-0.00038
-0.00039
-0.0004
-0.00041
-0.00041
-0.00042
-0.00041
-0.00041
-0.0004
-0.00039
-0.00037
-0.00035
-0.00033
-0.00031
-0.00028
-0.00025
-0.00021
-0.00018
-0.00013
-9e-05
-4e-05
1e-05
7e-05
0.00012
0.00019
0.00024
0.00032
0.00038
0.00046
0.00053
0.0006
0.00068
0.00075
0.00083
0.00091
0.00098
0.00107
0.00114
0.00122
0.00129
0.00136
0.00142
0.0015
0.00156
0.00162
0.00168
0.00173
0.00179
0.00183
0.00188
0.00192
0.00195
0.00199
0.00201
0.00204
0.00206
0.00208
0.00208
0.0021
0.0021
0.0021
0.00209
0.00208
0.00207
0.00206
0.00204
0.00202
0.00198
0.00196
0.00193
0.0019
0.00185
0.00182
0.00177
0.00173
0.00168
0.00163
0.00158
0.00153
0.00148
0.00143
0.00138
0.00133
0.00126
0.00122
0.00116
0.00111
0.00105
0.001
0.00094
0.0009
0.00084
0.00079
0.00074
0.00069
0.00064
0.00059
0.00055
0.0005
0.00045
0.00041
0.00036
0.00032
0.00028
0.00024
0.00019
0.00016
0.00011
8e-05
4e-05
-0.0
-4e-05
-7e-05
-0.00011
-0.00014
-0.00018
-0.0002
-0.00024
-0.00026
-0.0003
-0.00032
-0.00036
-0.00037
-0.0004
-0.00042
-0.00044
-0.00046
-0.00048
-0.00049
-0.00051
-0.00052
-0.00054
-0.00054
-0.00055
-0.00055
-0.00057
-0.00057
-0.00058
-0.00057
-0.00058
-0.00058
-0.00058
-0.00058
-0.00058
-0.00057
-0.00057
-0.00056
-0.00056
-0.00055
-0.00055
-0.00054
-0.00054
-0.00053
-0.00053
-0.00051
-0.00051
-0.0005
-0.00049
-0.00048
-0.00047
-0.00045
-0.00044
-0.00042
-0.00041
-0.00039
-0.00038
-0.00036
-0.00034
-0.00032
-0.0003
-0.00027
-0.00025
-0.00023
-0.00021
-0.00018
-0.00016
-0.00013
-0.0001
-7e-05
-5e-05
-2e-05
-0.0
3e-05
5e-05
8e-05
9e-05
0.00012
0.00014
0.00017
0.00018
0.0002
0.00022
0.00024
0.00026
0.00028
0.00029
0.00032
0.00033
0.00035
0.00037
0.00039
0.00041
0.00044
0.00047
0.00049
0.00052
0.00055
0.00059
0.00063
0.00067
0.00072
0.00076
0.00082
0.00086
0.00093
0.00098
0.00104
0.0011
0.00117
0.00123
0.00129
0.00135
0.00142
0.00148
0.00155
0.00161
0.00168
0.00173
0.00179
0.00184
0.00189
0.00194
0.00198
0.00202
0.00206
0.00209
0.00211
0.00214
0.00216
0.00217
0.00218
0.00219
0.0022
0.00219
0.00219
0.00218
0.00218
0.00216
0.00215
0.00212
0.00211
0.00208
0.00206
0.00203
0.002
0.00197
0.00194
0.00191
0.00187
0.00183
0.0018
0.00175
0.00172
0.00167
0.00163
0.00158
0.00154
0.00149
0.00144
0.00139
0.00134
0.00129
0.00124
0.00119
0.00114
0.00108
0.00104
0.00098
0.00094
0.00089
0.00085
0.0008
0.00077
0.00073
0.00069
0.00066
0.00063
0.00061
0.0006
0.00058
0.00058
0.00057
0.00057
0.00057
0.00059
0.0006
0.00062
0.00064
0.00067
0.0007
0.00074
0.00077
0.00082
0.00086
0.00092
0.00096
0.00102
0.00107
0.00113
0.00118
0.00124
0.00129
0.00135
0.0014
0.00146
0.00151
0.00156
0.00161
0.00165
0.0017
0.00174
0.00178
0.00183
0.00185
0.00189
0.00192
0.00195
0.00197
0.00199
0.00201
0.00203
0.00204
0.00205
0.00206
0.00206
0.00207
0.00207
0.00207
0.00207
0.00206
0.00206
0.00205
0.00205
0.00203
0.00202
0.002
0.00199
0.00197
0.00195
0.00193
0.00191
0.00188
0.00186
0.00184
0.00181
0.00178
0.00175
0.00172
0.00169
0.00165
0.00162
0.00158
0.00156
0.00151
0.00148
0.00144
0.00141
0.00137
0.00134
0.00131
0.00128
0.00124
0.00121
0.00118
0.00117
0.00114
0.00112
0.0011
0.0011
0.00108
0.00108
0.00108
0.00108
0.00109
0.0011
0.00111
0.00113
0.00115
0.00118
0.00121
0.00125
0.00128
0.00132
0.00136
0.00141
0.00145
0.0015
0.00155
0.0016
0.00166
0.00171
0.00176
0.00182
0.00187
0.00193
0.00197
0.00203
0.00207
0.00213
0.00217
0.00222
0.00226
0.00231
0.00234
0.00238
0.00242
0.00246
0.00249
0.00252
0.00254
0.00258
0.00259
0.00262
0.00263
0.00265
0.00266
0.00268
0.00268
0.00268
0.00268
0.00268
0.00267
0.00267
0.00265
0.00264
0.00261
0.00259
0.00256
0.00253
0.00249
0.00245
0.0024
0.00236
0.00231
0.00225
0.00219
0.00213
0.00206
0.002
0.00193
0.00186
0.00178
0.00171
0.00163
0.00156
0.00147
0.00139
0.00131
0.00123
0.00114
0.00106
0.00097
0.00088
0.0008
0.00072
0.00063
0.00055
0.00045
0.00037
0.00028
0.0002
0.0001
2e-05
-8e-05
-0.00016
-0.00025
-0.00034
-0.00044
-0.00053
-0.00062
-0.00071
-0.0008
-0.00089
-0.00099
-0.00108
-0.00117
-0.00126
-0.00136
-0.00144
-0.00154
-0.00162
-0.00171
-0.0018
-0.00189
-0.00198
-0.00206
-0.00214
-0.00222
-0.0023
-0.00238
-0.00245
-0.00253
-0.0026
-0.00268
-0.00274
-0.00282
-0.00288
-0.00295
-0.00301
-0.00307
-0.00314
-0.0032
-0.00325
-0.00331
-0.00336
-0.00342
-0.00346
-0.00352
-0.00356
-0.00361
-0.00365
-0.00369
-0.00373
-0.00376
-0.0038
-0.00383
-0.00385
-0.00387
-0.00389
-0.00391
-0.00391
-0.00393
-0.00393
-0.00393
-0.00392
-0.00391
-0.0039
-0.00388
-0.00386
-0.00383
-0.0038
-0.00377
-0.00373
-0.00368
-0.00363
-0.00358
-0.00352
-0.00347
-0.0034
-0.00333
-0.00326
-0.00319
-0.00311
-0.00303
-0.00294
-0.00286
-0.00278
-0.00269
-0.0026
-0.0025
-0.00241
-0.00231
-0.00221
-0.00212
-0.00202
-0.00193
-0.00182
-0.00174
-0.00164
-0.00155
-0.00145
-0.00136
-0.00128
-0.00119
-0.00111
-0.00103
-0.00095
-0.00088
-0.0008
-0.00075
-0.00068
-0.00062
-0.00056
-0.00052
-0.00047
-0.00043
-0.00039
-0.00036
-0.00033
-0.00031
-0.00029
-0.00027
-0.00025
-0.00024
-0.00023
-0.00024
-0.00023
-0.00023
-0.00023
-0.00024
-0.00025
-0.00027
-0.00027
-0.00029
-0.0003
-0.00032
-0.00034
-0.00036
-0.00037
-0.00039
-0.0004
-0.00043
-0.00044
-0.00047
-0.00048
-0.0005
-0.00052
-0.00054
-0.00055
-0.00057
-0.00059
-0.00061
-0.00062
-0.00063
-0.00065
-0.00066
-0.00067
-0.00068
-0.00069
-0.0007
-0.0007
-0.00071
-0.00072
-0.00073
-0.00072
-0.00073
-0.00073
-0.00074
-0.00074
-0.00074
-0.00073
-0.00073
-0.00072
-0.00072
-0.00071
-0.00071
-0.0007
-0.0007
-0.00068
-0.00068
-0.00066
-0.00065
-0.00064
-0.00063
-0.00062
-0.0006
-0.00058
-0.00056
-0.00053
-0.00052
-0.00049
-0.00047
-0.00044
-0.00042
-0.00038
-0.00036
-0.00032
-0.00028
-0.00025
-0.00021
-0.00017
-0.00013
-8e-05
-4e-05
1e-05
5e-05
0.00011
0.00015
0.00021
0.00026
0.00031
0.00036
0.00042
0.00047
0.00053
0.00058
0.00063
0.00069
0.00074
0.00079
0.00085
0.00089
0.00094
0.00098
0.00103
0.00107
0.00111
0.00114
0.00119
0.00122
0.00125
0.00128
0.00131
0.00134
0.00136
0.00139
0.00141
0.00142
0.00145
0.00146
0.00148
0.00149
0.0015
0.00151
0.00153
0.00154
0.00155
0.00155
0.00156
0.00157
0.00157
0.00158
0.00159
0.00159
0.0016
0.0016
0.00161
0.0016
0.00161
0.0016
0.00161
0.00161
0.00161
0.0016
0.0016
0.00159
0.00159
0.00158
0.00158
0.00156
0.00156
0.00154
0.00153
0.00151
0.0015
0.00148
0.00147
0.00145
0.00143
0.0014
0.00138
0.00136
0.00134
0.00132
0.0013
0.00127
0.00125
0.00123
0.00121
0.00119
0.00117
0.00115
0.00113
0.00111
0.0011
0.00108
0.00106
0.00105
0.00103
0.00102
0.00101
0.00098
0.00097
0.00096
0.00095
0.00092
0.00091
0.00089
0.00087
0.00085
0.00083
0.00081
0.00078
0.00076
0.00073
0.0007
0.00068
0.00064
0.00061
0.00057
0.00054
0.0005
0.00046
0.00042
0.00039
0.00034
0.0003
0.00026
0.00022
0.00018
0.00013
9e-05
6e-05
1e-05
-3e-05
-7e-05
-0.00011
-0.00015
-0.00019
-0.00023
-0.00026
-0.0003
-0.00034
-0.00038
-0.00042
-0.00045
-0.00049
-0.00053
-0.00056
-0.00061
-0.00064
-0.00068
-0.00071
-0.00075
-0.00079
-0.00083
-0.00086
-0.00089
-0.00093
-0.00096
-0.001
-0.00103
-0.00105
-0.00108
-0.00111
-0.00114
-0.00115
-0.00117
-0.00118
-0.0012
-0.00121
-0.00122
-0.00122
-0.00122
-0.00122
-0.00121
-0.00121
-0.00119
-0.00117
-0.00116
-0.00113
-0.00111
-0.00108
-0.00105
-0.00102
-0.00099
-0.00095
-0.00092
-0.00087
-0.00084
-0.0008
-0.00076
-0.00072
-0.00068
-0.00063
-0.00059
-0.00055
-0.00051
-0.00047
-0.00043
-0.00039
-0.00036
-0.00031
-0.00029
-0.00024
-0.00021
-0.00018
-0.00015
-0.00013
-0.0001
-7e-05
-5e-05
-2e-05
-1e-05
2e-05
3e-05
5e-05
6e-05
7e-05
7e-05
8e-05
8e-05
8e-05
8e-05
7e-05
7e-05
6e-05
5e-05
4e-05
1e-05
0.0
-2e-05
-4e-05
-7e-05
-9e-05
-0.00012
-0.00014
-0.00018
-0.00021
-0.00024
-0.00027
-0.0003
-0.00033
-0.00036
-0.00039
-0.00042
-0.00045
-0.00048
-0.0005
-0.00053
-0.00055
-0.00057
-0.00059
-0.00061
-0.00063
-0.00064
-0.00065
-0.00066
-0.00067
-0.00068
-0.00068
-0.00068
-0.00068
-0.00068
-0.00067
-0.00067
-0.00066
-0.00066
-0.00064
-0.00063
-0.00061
-0.0006
-0.00058
-0.00056
-0.00053
-0.00051
-0.00047
-0.00045
-0.00042
-0.00039
-0.00035
-0.00032
-0.00028
-0.00025
-0.0002
-0.00016
-0.00012
-7e-05
-3e-05
2e-05
7e-05
0.00012
0.00018
0.00022
0.00028
0.00033
0.00039
0.00044
0.0005
0.00055
0.00062
0.00067
0.00073
0.00078
0.00084
0.00089
0.00095
0.001
0.00106
0.00111
0.00117
0.00122
0.00127
0.00132
0.00137
0.00141
0.00146
0.0015
0.00155
0.00159
0.00163
0.00167
0.00171
0.00175
0.00179
0.00182
0.00186
0.00189
0.00193
0.00195
0.00198
0.00201
0.00204
0.00207
0.00209
0.00212
0.00214
0.00217
0.0022
0.00222
0.00225
0.00227
0.0023
0.00232
0.00235
0.00237
0.0024
0.00242
0.00246
0.00248
0.00251
0.00253
0.00256
0.00259
0.00262
0.00265
0.00268
0.0027
0.00273
0.00276
0.00279
0.00281
0.00284
0.00286
0.00289
0.00291
0.00293
0.00295
0.00297
0.00299
0.00301
0.00302
0.00305
0.00305
0.00307
0.00308
0.0031
0.00311
0.00313
0.00314
0.00316
0.00317
0.00318
0.00319
0.00321
0.00322
0.00324
0.00326
0.00328
0.00329
0.00331
0.00333
0.00335
0.00336
0.00339
0.0034
0.00343
0.00344
0.00346
0.00347
0.00349
0.0035
0.00352
0.00353
0.00354
0.00354
0.00355
0.00354
0.00355
0.00353
0.00353
0.00351
0.0035
0.00348
0.00346
0.00343
0.0034
0.00337
0.00334
0.00331
0.00328
0.00323
0.0032
0.00315
0.00312
0.00307
0.00303
0.00298
0.00295
0.0029
0.00286
0.00282
0.00278
0.00274
0.00271
0.00268
0.00264
0.00261
0.00258
0.00255
0.00253
0.0025
0.00248
0.00246
0.00244
0.00242
0.0024
0.00238
0.00236
0.00235
0.00234
0.00232
0.00232
0.0023
0.00229
0.00227
0.00226
0.00225
0.00224
0.00223
0.00223
0.00221
0.00221
0.0022
0.00219
0.00219
0.00219
0.00218
0.00219
0.00218
0.00219
0.00219
0.0022
0.00221
0.00222
0.00223
0.00225
0.00226
0.00228
0.0023
0.00232
0.00235
0.00238
0.0024
0.00244
0.00246
0.0025
0.00253
0.00257
0.00259
0.00263
0.00267
0.00271
0.00274
0.00278
0.00281
0.00284
0.00288
0.00292
0.00295
0.00298
0.00301
0.00304
0.00307
0.0031
0.00312
0.00314
0.00316
0.00319
0.0032
0.00322
0.00323
0.00324
0.00325
0.00327
0.00328
0.00328
0.00328
0.00329
0.00329
0.00329
0.00329
0.00329
0.00328
0.00329
0.00328
0.00327
0.00326
0.00326
0.00325
0.00325
0.00324
0.00324
0.00323
0.00323
0.00322
0.00322
0.00321
0.00321
0.0032
0.0032
0.00319
0.00319
0.00318
0.00317
0.00317
0.00317
0.00316
0.00316
0.00314
0.00314
0.00312
0.00312
0.0031
0.0031
0.00308
0.00307
0.00305
0.00304
0.00302
0.003
0.00298
0.00296
0.00294
0.00292
0.00289
0.00287
0.00285
0.00283
0.0028
0.00277
0.00274
0.00272
0.00269
0.00267
0.00264
0.00261
0.00259
0.00257
0.00254
0.00252
0.00249
0.00247
0.00244
0.00243
0.0024
0.00238
0.00235
0.00234
0.00232
0.0023
0.00228
0.00225
0.00224
0.00222
0.0022
0.00219
0.00217
0.00216
0.00214
0.00213
0.00211
0.0021
0.00209
0.00209
0.00208
0.00207
0.00206
0.00206
0.00206
0.00206
0.00207
0.00207
0.00207
0.00209
0.0021
0.00212
0.00213
0.00215
0.00216
0.00219
0.00221
0.00224
0.00226
0.00229
0.00232
0.00234
0.00237
0.00241
0.00243
0.00246
0.00248
0.00252
0.00254
0.00257
0.00259
0.00262
0.00263
0.00265
0.00267
0.00269
0.0027
0.00272
0.00273
0.00274
0.00275
0.00276
0.00277
0.00278
0.00278
0.00279
0.00279
0.0028
0.0028
0.00281
0.00281
0.00281
0.00282
0.00283
0.00283
0.00284
0.00284
0.00285
0.00285
0.00286
0.00286
0.00287
0.00287
0.00288
0.00288
0.00288
0.00287
0.00287
0.00287
0.00286
0.00285
0.00284
0.00282
0.0028
0.00278
0.00276
0.00272
0.0027
0.00266
0.00263
0.00258
0.00254
0.00249
0.00244
0.00239
0.00234
0.00229
0.00224
0.00217
0.00212
0.00206
0.002
0.00193
0.00187
0.00181
0.00175
0.00169
0.00163
0.00157
0.0015
0.00145
0.00139
0.00133
0.00128
0.00121
0.00116
0.0011
0.00105
0.00098
0.00093
0.00087
0.00082
0.00076
0.00071
0.00066
0.0006
0.00055
0.00049
0.00044
0.00039
0.00033
0.00029
0.00023
0.00019
0.00014
0.0001
5e-05
2e-05
-3e-05
-6e-05
-9e-05
-0.00013
-0.00015
-0.00017
-0.00019
-0.0002
-0.00021
-0.00021
-0.00022
-0.00021
-0.0002
-0.00019
-0.00018
-0.00015
-0.00012
-9e-05
-6e-05
-2e-05
2e-05
7e-05
0.00012
0.00018
0.00023
0.00029
0.00035
0.00042
0.00048
0.00056
0.00062
0.0007
0.00077
0.00085
0.00093
0.001
0.00108
0.00117
0.00125
0.00133
0.00141
0.0015
0.00158
0.00167
0.00175
0.00184
0.00192
0.002
0.00209
0.00217
0.00225
0.00233
0.00241
0.00249
0.00257
0.00265
0.00271
0.00279
0.00286
0.00293
0.00299
0.00305
0.0031
0.00317
0.00321
0.00326
0.0033
0.00334
0.00338
0.00342
0.00345
0.00348
0.00349
0.00352
0.00353
0.00355
0.00355
0.00356
0.00356
0.00357
0.00356
0.00356
0.00355
0.00354
0.00353
0.00352
0.0035
0.00349
0.00347
0.00345
0.00343
0.00342
0.00339
0.00337
0.00334
0.00332
0.0033
0.00327
0.00324
0.00321
0.00319
0.00317
0.00314
0.00312
0.00308
0.00306
0.00304
0.00301
0.00298
0.00296
0.00294
0.00292
0.00289
0.00287
0.00285
0.00283
0.00282
0.0028
0.00279
0.00277
0.00275
0.00274
0.00273
0.00272
