7.96459164747005E+02

0.00176
0.00192
0.00208
0.00223
0.00239
0.00254
0.00268
0.00282
0.00295
0.00309
0.00321
0.00334
0.00346
0.00357
0.00368
0.00378
0.00389
0.00398
0.00407
0.00416
0.00425
0.00432
0.0044
0.00447
0.00453
0.0046
0.00466
0.00472
0.00477
0.00481
0.00486
0.0049
0.00495
0.00497
0.00501
0.00503
0.00506
0.00507
0.00509
0.00509
0.0051
0.0051
0.0051
0.00509
0.00509
0.00507
0.00505
0.00502
0.005
0.00496
0.00493
0.00488
0.00484
0.00478
0.00473
0.00467
0.0046
0.00453
0.00446
0.00438
0.00431
0.00421
0.00413
0.00403
0.00394
0.00384
0.00374
0.00363
0.00352
0.00341
0.0033
0.00318
0.00306
0.00294
0.00283
0.0027
0.00259
0.00246
0.00234
0.00221
0.0021
0.00197
0.00185
0.00172
0.00161
0.00149
0.00138
0.00126
0.00115
0.00105
0.00094
0.00084
0.00075
0.00064
0.00056
0.00047
0.00039
0.0003
0.00023
0.00015
9e-05
3e-05
-3e-05
-9e-05
-0.00014
-0.00018
-0.00022
-0.00025
-0.00028
-0.00031
-0.00032
-0.00034
-0.00034
-0.00036
-0.00035
-0.00035
-0.00033
-0.00032
-0.0003
-0.00028
-0.00026
-0.00022
-0.00019
-0.00015
-0.0001
-6e-05
-1e-05
4e-05
0.0001
0.00015
0.00021
0.00026
0.00033
0.00039
0.00045
0.00051
0.00057
0.00063
0.00069
0.00075
0.00081
0.00086
0.00092
0.00097
0.00102
0.00106
0.00111
0.00115
0.0012
0.00123
0.00127
0.0013
0.00133
0.00136
0.00139
0.00141
0.00144
0.00145
0.00147
0.00148
0.0015
0.0015
0.00151
0.00151
0.00151
0.00151
0.0015
0.00149
0.00148
0.00147
0.00145
0.00143
0.00141
0.00137
0.00135
0.00131
0.00128
0.00123
0.00119
0.00113
0.00109
0.00103
0.00097
0.00091
0.00084
0.00077
0.00071
0.00064
0.00057
0.00049
0.00043
0.00035
0.00028
0.0002
0.00013
6e-05
-1e-05
-8e-05
-0.00014
-0.00021
-0.00027
-0.00032
-0.00038
-0.00043
-0.00047
-0.00053
-0.00056
-0.0006
-0.00063
-0.00067
-0.00069
-0.00072
-0.00073
-0.00075
-0.00077
-0.00078
-0.00079
-0.00079
-0.00079
-0.00079
-0.00079
-0.00079
-0.00077
-0.00077
-0.00075
-0.00074
-0.00072
-0.0007
-0.00067
-0.00065
-0.00063
-0.0006
-0.00057
-0.00054
-0.0005
-0.00046
-0.00042
-0.00039
-0.00034
-0.0003
-0.00025
-0.00021
-0.00015
-0.00011
-5e-05
-0.0
5e-05
0.0001
0.00016
0.00022
0.00028
0.00033
0.00039
0.00045
0.00051
0.00057
0.00063
0.00069
0.00075
0.0008
0.00087
0.00093
0.00098
0.00104
0.0011
0.00116
0.00121
0.00127
0.00133
0.00137
0.00143
0.00148
0.00153
0.00157
0.00162
0.00166
0.00171
0.00175
0.00179
0.00182
0.00185
0.00188
0.00191
0.00194
0.00196
0.00197
0.002
0.002
0.00202
0.00202
0.00203
0.00202
0.00202
0.00201
0.002
0.00199
0.00197
0.00196
0.00194
0.00192
0.0019
0.00187
0.00185
0.00181
0.00179
0.00175
0.00172
0.00168
0.00166
0.00162
0.00159
0.00155
0.00151
0.00148
0.00145
0.00142
0.00139
0.00135
0.00132
0.00129
0.00126
0.00123
0.00121
0.00118
0.00116
0.00113
0.00111
0.00109
0.00107
0.00105
0.00103
0.00102
0.00101
0.00099
0.00098
0.00097
0.00096
0.00095
0.00095
0.00094
0.00094
0.00093
0.00093
0.00092
0.00092
0.00092
0.00093
0.00093
0.00093
0.00093
0.00094
0.00094
0.00095
0.00095
0.00096
0.00096
0.00097
0.00098
0.00098
0.00099
0.001
0.00101
0.00102
0.00103
0.00104
0.00104
0.00106
0.00106
0.00108
0.00108
0.00109
0.00109
0.00111
0.00111
0.00111
0.00111
0.00111
0.00112
0.00112
0.00112
0.00112
0.00111
0.0011
0.00109
0.00109
0.00108
0.00107
0.00105
0.00104
0.00103
0.00101
0.00099
0.00097
0.00096
0.00095
0.00093
0.00092
0.00089
0.00088
0.00086
0.00086
0.00084
0.00083
0.00081
0.00081
0.0008
0.00079
0.00078
0.00078
0.00077
0.00077
0.00077
0.00077
0.00076
0.00077
0.00076
0.00077
0.00076
0.00076
0.00075
0.00076
0.00075
0.00075
0.00074
0.00073
0.00072
0.00072
0.0007
0.0007
0.00067
0.00066
0.00064
0.00063
0.0006
0.00058
0.00055
0.00054
0.0005
0.00048
0.00045
0.00041
0.00038
0.00035
0.00032
0.00029
0.00025
0.00022
0.00019
0.00016
0.00012
9e-05
5e-05
3e-05
-1e-05
-4e-05
-8e-05
-0.00011
-0.00014
-0.00016
-0.00019
-0.00021
-0.00024
-0.00026
-0.00028
-0.0003
-0.00032
-0.00033
-0.00034
-0.00034
-0.00035
-0.00036
-0.00036
-0.00036
-0.00035
-0.00034
-0.00033
-0.00031
-0.0003
-0.00028
-0.00026
-0.00023
-0.00021
-0.00018
-0.00016
-0.00012
-9e-05
-6e-05
-2e-05
1e-05
5e-05
9e-05
0.00012
0.00016
0.00019
0.00023
0.00026
0.0003
0.00033
0.00036
0.00039
0.00043
0.00045
0.00048
0.0005
0.00052
0.00055
0.00057
0.00059
0.00061
0.00062
0.00064
0.00065
0.00067
0.00068
0.0007
0.0007
0.00072
0.00073
0.00074
0.00075
0.00076
0.00077
0.00078
0.00079
0.0008
0.0008
0.00082
0.00082
0.00084
0.00084
0.00085
0.00085
0.00087
0.00087
0.00088
0.00088
0.00089
0.0009
0.00091
0.00091
0.00092
0.00092
0.00093
0.00093
0.00094
0.00094
0.00095
0.00094
0.00095
0.00095
0.00095
0.00095
0.00095
0.00095
0.00095
0.00095
0.00095
0.00094
0.00094
0.00094
0.00094
0.00093
0.00093
0.00092
0.00092
0.00091
0.0009
0.00089
0.00088
0.00087
0.00087
0.00086
0.00085
0.00083
0.00083
0.00081
0.0008
0.00078
0.00077
0.00074
0.00073
0.00071
0.00069
0.00067
0.00064
0.00062
0.0006
0.00057
0.00055
0.00051
0.00049
0.00045
0.00043
0.00039
0.00036
0.00032
0.00029
0.00025
0.00022
0.00018
0.00014
0.00011
8e-05
4e-05
1e-05
-3e-05
-5e-05
-9e-05
-0.00012
-0.00015
-0.00018
-0.00021
-0.00023
-0.00026
-0.00029
-0.00032
-0.00034
-0.00037
-0.00039
-0.00042
-0.00044
-0.00047
-0.00049
-0.00052
-0.00053
-0.00056
-0.00059
-0.00062
-0.00064
-0.00067
-0.0007
-0.00072
-0.00076
-0.00078
-0.00081
-0.00084
-0.00086
-0.0009
-0.00092
-0.00095
-0.00097
-0.001
-0.00102
-0.00105
-0.00106
-0.00108
-0.0011
-0.00112
-0.00113
-0.00114
-0.00115
-0.00115
-0.00115
-0.00116
-0.00115
-0.00115
-0.00114
-0.00114
-0.00112
-0.00111
-0.00109
-0.00108
-0.00106
-0.00104
-0.00102
-0.001
-0.00097
-0.00095
-0.00092
-0.0009
-0.00086
-0.00083
-0.0008
-0.00077
-0.00072
-0.00069
-0.00064
-0.0006
-0.00055
-0.00051
-0.00045
-0.00039
-0.00033
-0.00026
-0.00019
-0.00012
-3e-05
5e-05
0.00015
0.00024
0.00035
0.00045
0.00057
0.00069
0.00081
0.00094
0.00107
0.00121
0.00136
0.0015
0.00166
0.0018
0.00196
0.00212
0.00229
0.00244
0.00261
0.00277
0.00294
0.0031
0.00327
0.00343
0.0036
0.00377
0.00394
0.0041
0.00427
0.00443
0.0046
0.00476
0.00493
0.00509
0.00526
0.00542
0.00559
0.00575
0.00592
0.00608
0.00624
0.00642
0.00658
0.00675
0.00692
0.00709
0.00726
0.00742
0.0076
0.00776
0.00793
0.00809
0.00826
0.00842
0.00857
0.00873
0.00888
0.00904
0.00918
0.00933
0.00947
0.0096
0.00974
0.00986
0.00999
0.01011
0.01023
0.01033
0.01045
0.01055
0.01064
0.01073
0.01082
0.01091
0.01099
0.01107
0.01115
0.01122
0.01129
0.01135
0.01142
0.01147
0.01154
0.01158
0.01164
0.01169
0.01173
0.01178
0.01182
0.01186
0.01189
0.01193
0.01196
0.01198
0.01201
0.01203
0.01206
0.01207
0.01208
0.01209
0.0121
0.01211
0.01211
0.0121
0.0121
0.01209
0.01209
0.01208
0.01207
0.01204
0.01203
0.012
0.01199
0.01196
0.01194
0.01191
0.01188
0.01185
0.01182
0.01179
0.01175
0.01172
0.01169
0.01166
0.01163
0.01159
0.01156
0.01153
0.0115
0.01147
0.01144
0.01141
0.01138
0.01136
0.01133
0.01131
0.01129
0.01127
0.01126
0.01125
0.01124
0.01123
0.01124
0.01124
0.01125
0.01126
0.01128
0.0113
0.01133
0.01136
0.0114
0.01144
0.01149
0.01155
0.01161
0.01167
0.01174
0.01181
0.01189
0.01198
0.01207
0.01215
0.01225
0.01234
0.01245
0.01254
0.01264
0.01274
0.01285
0.01295
0.01306
0.01316
0.01326
0.01335
0.01345
0.01354
0.01364
0.01372
0.01381
0.01389
0.01397
0.01405
0.01412
0.01418
0.01425
0.01431
0.01437
0.01442
0.01448
0.01452
0.01457
0.01461
0.01466
0.01469
0.01473
0.01476
0.0148
0.01483
0.01486
0.01488
0.01491
0.01494
0.01497
0.01499
0.01501
0.01503
0.01506
0.01507
0.01509
0.0151
0.01512
0.01513
0.01514
0.01514
0.01515
0.01515
0.01515
0.01514
0.01514
0.01513
0.01512
0.0151
0.01508
0.01506
0.01504
0.01501
0.01498
0.01494
0.01491
0.01487
0.01484
0.01479
0.01475
0.01471
0.01467
0.01462
0.01458
0.01453
0.01448
0.01444
0.01439
0.01434
0.0143
0.01425
0.01421
0.01416
0.01412
0.01407
0.01402
0.01398
0.01394
0.01389
0.01385
0.01379
0.01375
0.0137
0.01365
0.01359
0.01355
0.01348
0.01344
0.01337
0.01331
0.01325
0.01318
0.01312
0.01306
0.01299
0.01292
0.01284
0.01277
0.0127
0.01263
0.01255
0.01248
0.0124
0.01233
0.01225
0.01218
0.0121
0.01203
0.01196
0.01189
0.01182
0.01176
0.01169
0.01163
0.01157
0.01151
0.01145
0.01139
0.01133
0.01129
0.01123
0.01118
0.01112
0.01107
0.01103
0.01098
0.01093
0.01088
0.01083
0.01079
0.01073
0.01069
0.01063
0.01058
0.01052
0.01048
0.01042
0.01036
0.0103
0.01024
0.01018
0.01012
0.01005
0.00999
0.00992
0.00985
0.00978
0.00971
0.00963
0.00956
0.00948
0.00942
0.00934
0.00926
0.00919
0.00911
0.00904
0.00896
0.00889
0.00882
0.00874
0.00868
0.00861
0.00855
0.00848
0.00842
0.00835
0.0083
0.00824
0.00819
0.00814
0.00809
0.00805
0.00801
0.00797
0.00793
0.00789
0.00787
0.00783
0.00781
0.00778
0.00776
0.00773
0.00772
0.0077
0.00768
0.00767
0.00765
0.00764
0.00763
0.00761
0.00761
0.00759
0.00758
0.00757
0.00756
0.00754
0.00753
0.00751
0.00751
0.00749
0.00747
0.00745
0.00744
0.00742
0.0074
0.00738
0.00736
0.00733
0.00732
0.00729
0.00726
0.00723
0.00721
0.00718
0.00715
0.00712
0.00709
0.00705
0.00701
0.00698
0.00695
0.00691
0.00687
0.00683
0.00679
0.00675
0.00671
0.00666
0.00662
0.00656
0.00652
0.00647
0.00642
0.00636
0.00631
0.00625
0.0062
0.00614
0.00608
0.00601
0.00596
0.00589
0.00583
0.00576
0.0057
0.00563
0.00557
0.00549
0.00543
0.00536
0.00529
0.00522
0.00516
0.00509
0.00503
0.00496
0.0049
0.00484
0.00478
0.00472
0.00467
0.00461
0.00457
0.00453
0.00448
0.00444
0.0044
0.00437
0.00434
0.00431
0.00429
0.00425
0.00424
0.00422
0.0042
0.00418
0.00417
0.00415
0.00414
0.00413
0.00412
0.00411
0.00409
0.00409
0.00408
0.00407
0.00406
0.00404
0.00403
0.00401
0.004
0.00399
0.00398
0.00396
0.00395
0.00393
0.00392
0.00391
0.00389
0.00389
0.00388
0.00388
0.00387
0.00387
0.00387
0.00387
0.00388
0.00388
0.0039
0.0039
0.00393
0.00394
0.00396
0.00398
0.004
0.00402
0.00405
0.00408
0.00411
0.00413
0.00416
0.00419
0.00422
0.00424
0.00427
0.00429
0.00432
0.00434
0.00435
0.00437
0.00438
0.0044
0.00442
0.00443
0.00444
0.00444
0.00445
0.00445
0.00445
0.00445
0.00445
0.00445
0.00445
0.00445
0.00444
0.00444
0.00443
0.00443
0.00443
0.00443
0.00443
0.00442
0.00442
0.00441
0.00441
0.00441
0.00441
0.00439
0.0044
0.00439
0.00439
0.00438
0.00437
0.00437
0.00436
0.00436
0.00435
0.00434
0.00434
0.00433
0.00432
0.00431
0.0043
0.00429
0.00429
0.00427
0.00426
0.00425
0.00424
0.00423
0.00422
0.00421
0.00421
0.00419
0.00419
0.00417
0.00417
0.00415
0.00415
0.00413
0.00413
0.00411
0.0041
0.00409
0.00408
0.00407
0.00406
0.00405
0.00404
0.00402
0.00402
0.00401
0.004
0.00399
0.00398
0.00397
0.00397
0.00396
0.00396
0.00396
0.00395
0.00396
0.00396
0.00396
0.00397
0.00397
0.00398
0.00399
0.004
0.00401
0.00402
0.00402
0.00404
0.00405
0.00406
0.00406
0.00407
0.00407
0.00407
0.00407
0.00407
0.00406
0.00406
0.00404
0.00404
0.00401
0.004
0.00397
0.00395
0.00393
0.0039
0.00387
0.00383
0.00381
0.00378
0.00374
0.00372
0.00368
0.00366
0.00363
0.00361
0.00359
0.00357
0.00355
0.00355
0.00354
0.00354
0.00354
0.00354
0.00355
0.00357
0.00359
0.00361
0.00363
0.00366
0.00369
0.00373
0.00376
0.0038
0.00383
0.00388
0.00392
0.00396
0.004
0.00404
0.00408
0.00412
0.00415
0.00419
0.00422
0.00425
0.00428
0.00431
0.00432
0.00435
0.00436
0.00438
0.00439
0.0044
0.0044
0.00441
0.00441
0.00441
0.00441
0.00441
0.00439
0.00439
0.00438
0.00438
0.00436
0.00435
0.00434
0.00433
0.00432
0.00431
0.00429
0.00428
0.00427
0.00426
0.00425
0.00425
0.00423
0.00423
0.00422
0.00422
0.00421
0.00421
0.00421
0.00421
0.00421
0.00421
0.0042
0.0042
0.0042
0.00421
0.0042
0.00421
0.0042
0.0042
0.00419
0.00419
0.00417
0.00417
0.00415
0.00414
0.00412
0.0041
0.00407
0.00404
0.00401
0.00398
0.00395
0.00391
0.00386
0.00382
0.00377
0.00373
0.00367
0.00361
0.00355
0.00349
0.00343
0.00336
0.00329
0.00321
0.00314
0.00307
0.00299
0.00292
0.00283
0.00275
0.00267
0.00259
0.0025
0.00242
0.00232
0.00224
0.00215
0.00206
0.00197
0.00187
0.00179
0.0017
0.0016
0.00151
0.00142
0.00133
0.00124
0.00115
0.00106
0.00097
0.00088
0.00081
0.00072
0.00064
0.00056
0.00048
0.00041
0.00034
0.00027
0.00021
0.00014
9e-05
3e-05
-1e-05
-7e-05
-0.00011
-0.00015
-0.00018
-0.00022
-0.00025
-0.00028
-0.0003
-0.00032
-0.00033
-0.00034
-0.00034
-0.00036
-0.00035
-0.00036
-0.00034
-0.00034
-0.00032
-0.00031
-0.00029
-0.00027
-0.00024
-0.00021
-0.00018
-0.00015
-0.00011
-6e-05
-1e-05
4e-05
0.0001
0.00015
0.00022
0.00028
0.00035
0.00042
0.00051
0.00058
0.00067
0.00075
0.00084
0.00093
0.00103
0.00112
0.00122
0.00131
0.00142
0.00151
0.00162
0.00172
0.00182
0.00192
0.00202
0.00212
0.00221
0.00231
0.0024
0.00249
0.00259
0.00268
0.00277
0.00285
0.00293
0.00301
0.0031
0.00317
0.00325
0.00332
0.00339
0.00346
0.00353
0.00359
0.00365
0.00372
0.00378
0.00384
0.0039
0.00395
0.004
0.00405
0.00411
0.00415
0.0042
0.00423
0.00428
0.00431
0.00434
0.00437
0.00439
0.00442
0.00444
0.00446
0.00447
0.00448
0.00449
0.00448
0.00449
0.00448
0.00447
0.00445
0.00444
0.00442
0.00439
0.00436
0.00433
0.0043
0.00427
0.00423
0.00419
0.00414
0.0041
0.00406
0.00401
0.00396
0.00391
0.00385
0.00381
0.00375
0.00369
0.00363
0.00358
0.00352
0.00346
0.0034
0.00335
0.00328
0.00322
0.00315
0.00309
0.00302
0.00296
0.00289
0.00283
0.00276
0.00269
0.00262
0.00254
0.00247
0.00241
0.00233
0.00226
0.00218
0.00212
0.00204
0.00197
0.00189
0.00182
0.00175
0.00168
0.00161
0.00154
0.00146
0.00139
0.00132
0.00125
0.00119
0.00112
0.00105
0.00099
0.00093
0.00087
0.0008
0.00074
0.00068
0.00063
0.00057
0.00052
0.00046
0.00041
0.00036
0.00032
0.00028
0.00024
0.00019
0.00016
0.00013
0.0001
7e-05
5e-05
3e-05
2e-05
0.0
-1e-05
-1e-05
-2e-05
-1e-05
-0.0
0.0
2e-05
3e-05
6e-05
8e-05
0.00011
0.00013
0.00017
0.00019
0.00024
0.00027
0.00031
0.00035
0.00038
0.00043
0.00047
0.00051
0.00056
0.0006
0.00064
0.00068
0.00073
0.00076
0.00081
0.00084
0.00089
0.00092
0.00095
0.00099
0.00102
0.00105
0.00108
0.00111
0.00114
0.00116
0.00119
0.00121
0.00124
0.00125
0.00128
0.00129
0.00131
0.00132
0.00133
0.00134
0.00135
0.00136
0.00137
0.00137
0.00138
0.00137
0.00138
0.00137
0.00137
0.00136
0.00136
0.00134
0.00134
0.00132
0.00131
0.00129
0.00127
0.00126
0.00124
0.00122
0.00121
0.00118
0.00117
0.00114
0.00113
0.00111
0.0011
0.00107
0.00107
0.00105
0.00103
0.00102
0.00101
0.001
0.00099
0.00099
0.00098
0.00097
0.00097
0.00097
0.00097
0.00097
0.00097
0.00096
0.00097
0.00097
0.00097
0.00097
0.00097
0.00097
0.00097
0.00097
0.00097
0.00096
0.00096
0.00095
0.00095
0.00093
0.00093
0.00091
0.00091
0.00089
0.00088
0.00086
0.00085
0.00084
0.00082
0.00081
0.0008
0.00078
0.00077
0.00076
0.00075
0.00074
0.00074
0.00073
0.00073
0.00073
0.00073
0.00073
0.00073
0.00074
0.00076
0.00077
0.00079
0.0008
0.00083
0.00084
0.00087
0.00089
0.00093
0.00095
0.00099
0.00102
0.00105
0.00108
0.00112
0.00116
0.00119
0.00123
0.00128
0.00131
0.00135
0.00139
0.00144
0.00147
0.00152
0.00156
0.00161
0.00166
0.0017
0.00175
0.0018
0.00185
0.00191
0.00197
0.00203
0.00208
0.00215
0.00221
0.00228
0.00235
0.00242
0.00249
0.00257
0.00264
0.00272
0.0028
0.00288
0.00296
0.00304
0.00312
0.00321
0.00328
0.00337
0.00345
0.00353
0.0036
0.00368
0.00375
0.00383
0.0039
0.00397
0.00403
0.0041
0.00416
0.00422
0.00428
0.00433
0.00438
0.00444
0.00448
0.00453
0.00457
0.00461
0.00464
0.00469
0.00472
0.00475
0.00479
0.00481
0.00484
0.00487
0.00489
0.00492
0.00493
0.00495
0.00496
0.00498
0.00498
0.00499
0.00499
0.00499
0.00498
0.00497
0.00496
0.00494
0.00492
0.0049
0.00487
0.00484
0.00479
0.00475
0.00471
0.00466
0.0046
0.00455
0.00448
0.00442
0.00435
0.00428
0.0042
0.00413
0.00405
0.00397
0.00389
0.00381
0.00371
0.00363
0.00354
0.00346
0.00336
0.00327
0.00318
0.00309
0.00299
0.0029
0.0028
0.00271
0.00261
0.00252
0.00243
0.00233
0.00223
0.00214
0.00204
0.00195
0.00185
0.00175
0.00165
0.00156
0.00146
0.00137
0.00127
0.00118
0.00108
0.00099
0.00091
0.00082
0.00073
0.00065
0.00056
0.00049
0.00041
0.00034
0.00026
0.0002
0.00013
7e-05
1e-05
-4e-05
-9e-05
-0.00013
-0.00017
-0.0002
-0.00025
-0.00027
-0.0003
-0.00032
-0.00034
-0.00036
-0.00038
-0.00038
-0.00039
-0.0004
-0.0004
-0.0004
-0.0004
-0.00039
-0.00039
-0.00037
-0.00037
-0.00035
-0.00034
-0.00032
-0.0003
-0.00028
-0.00027
-0.00023
-0.00021
-0.00018
-0.00016
-0.00013
-9e-05
-6e-05
-3e-05
1e-05
5e-05
9e-05
0.00013
0.00018
0.00021
0.00026
0.0003
0.00036
0.0004
0.00045
0.00049
0.00054
0.00058
0.00063
0.00068
0.00072
0.00076
0.0008
0.00084
0.00088
0.00091
0.00095
0.00098
0.00101
0.00103
0.00106
0.00108
0.00109
0.00111
0.00112
0.00113
0.00115
0.00114
0.00116
0.00115
0.00116
0.00115
0.00115
0.00114
0.00114
0.00113
0.00113
0.00112
0.00111
0.0011
0.00109
0.00109
0.00108
0.00107
0.00106
0.00105
0.00105
0.00104
0.00104
0.00103
0.00103
0.00102
0.00102
0.00101
0.00101
0.001
0.001
0.001
0.001
0.00099
0.00099
0.00098
0.00099
0.00098
0.00098
0.00097
0.00097
0.00096
0.00096
0.00095
0.00094
0.00094
0.00094
0.00093
0.00093
0.00092
0.00092
0.00091
0.00091
0.00089
0.00089
0.00088
0.00088
0.00087
0.00087
0.00086
0.00085
0.00084
0.00084
0.00083
0.00082
0.00081
0.0008
0.00079
0.00078
0.00076
0.00075
0.00074
0.00073
0.00071
0.0007
0.00068
0.00067
0.00066
0.00064
0.00063
0.00062
0.00059
0.00059
0.00057
0.00056
0.00054
0.00054
0.00052
0.00052
0.0005
0.00049
0.00048
0.00047
0.00047
0.00046
0.00046
0.00046
0.00044
0.00044
0.00044
0.00044
0.00043
0.00042
0.00041
0.00041
0.0004
0.0004
0.00039
0.00038
0.00037
0.00037
0.00036
0.00035
0.00034
0.00033
0.00032
0.00032
0.0003
0.0003
0.00028
0.00028
0.00026
0.00026
0.00024
0.00023
0.00023
0.00022
0.00021
0.0002
0.00019
0.00018
0.00017
0.00016
0.00015
0.00014
0.00012
0.00011
0.0001
8e-05
6e-05
4e-05
2e-05
0.0
-2e-05
-4e-05
-8e-05
-0.0001
-0.00013
-0.00016
-0.0002
-0.00023
-0.00027
-0.0003
-0.00034
-0.00038
-0.00042
-0.00047
-0.00051
-0.00055
-0.00059
-0.00063
-0.00068
-0.00072
-0.00076
-0.0008
-0.00085
-0.00089
-0.00093
-0.00097
-0.00101
-0.00105
-0.00109
-0.00113
-0.00116
-0.00119
-0.00123
-0.00126
-0.00129
-0.00132
-0.00135
-0.00137
-0.0014
-0.00141
-0.00144
-0.00145
-0.00147
-0.00148
-0.0015
-0.00151
-0.00151
-0.00151
-0.00151
-0.00151
-0.00151
-0.00149
-0.00149
-0.00146
-0.00145
-0.00143
-0.00141
-0.00138
-0.00135
-0.00132
-0.00129
-0.00125
-0.00121
-0.00117
-0.00113
-0.00108
-0.00104
-0.00099
-0.00095
-0.0009
-0.00086
-0.00081
-0.00077
-0.00071
-0.00067
-0.00063
-0.00059
-0.00055
-0.0005
-0.00046
-0.00042
-0.00038
-0.00036
-0.00032
-0.00029
-0.00025
-0.00023
-0.0002
-0.00018
-0.00015
-0.00013
-0.00011
-9e-05
-7e-05
-6e-05
-4e-05
-3e-05
-1e-05
-1e-05
1e-05
1e-05
2e-05
2e-05
3e-05
2e-05
3e-05
2e-05
1e-05
0.0
-1e-05
-2e-05
-3e-05
-5e-05
-7e-05
-0.0001
-0.00012
-0.00015
-0.00018
-0.00021
-0.00025
-0.00029
-0.00032
-0.00037
-0.00041
-0.00046
-0.00051
-0.00056
-0.00061
-0.00066
-0.00071
-0.00078
-0.00083
-0.00089
-0.00095
-0.00101
-0.00107
-0.00114
-0.00119
-0.00126
-0.00132
-0.00139
-0.00145
-0.00152
-0.00158
-0.00164
-0.0017
-0.00177
-0.00183
-0.00189
-0.00195
-0.00201
-0.00207
-0.00213
-0.00218
-0.00223
-0.00228
-0.00233
-0.00238
-0.00243
-0.00246
-0.0025
-0.00254
-0.00257
-0.0026
-0.00263
-0.00264
-0.00267
-0.00268
-0.00269
-0.00269
-0.0027
-0.0027
-0.0027
-0.00269
-0.00268
-0.00266
-0.00265
-0.00262
-0.00261
-0.00257
-0.00254
-0.00251
-0.00248
-0.00243
-0.0024
-0.00235
-0.00231
-0.00226
-0.00221
-0.00216
-0.0021
-0.00204
-0.00198
-0.00191
-0.00186
-0.00178
-0.00171
-0.00163
-0.00156
-0.00147
-0.00139
-0.00129
-0.0012
-0.00111
-0.00101
-0.0009
-0.00079
-0.00068
-0.00056
-0.00043
-0.00032
-0.00019
-6e-05
8e-05
0.0002
0.00034
0.00047
0.00062
0.00075
0.00089
0.00103
0.00116
0.0013
0.00144
0.00157
0.0017
0.00182
0.00195
0.00207
0.00219
0.0023
0.00241
0.00251
0.00262
0.00271
0.0028
0.00288
0.00296
0.00304
0.00311
0.00317
0.00323
0.00328
0.00334
0.00338
0.00342
0.00345
0.00349
0.00351
0.00354
0.00355
0.00356
0.00357
0.00357
0.00357
0.00356
0.00355
0.00354
0.00352
0.0035
0.00347
0.00344
0.0034
0.00337
0.00332
0.00328
0.00322
0.00317
0.00311
0.00304
0.00298
0.00291
0.00284
0.00277
0.00269
0.00261
0.00253
0.00245
0.00236
0.00228
0.00218
0.0021
0.00201
0.00192
0.00183
0.00174
0.00165
0.00156
0.00147
0.00139
0.00129
0.00121
0.00112
0.00104
0.00095
0.00088
0.00079
0.00072
0.00064
0.00056
0.00048
0.00041
0.00034
0.00027
0.0002
0.00014
7e-05
0.0
-6e-05
-0.00012
-0.00019
-0.00024
-0.00031
-0.00036
-0.00042
-0.00048
-0.00054
-0.00059
-0.00065
-0.0007
-0.00075
-0.0008
-0.00086
-0.0009
-0.00096
-0.001
-0.00106
-0.00111
-0.00116
-0.0012
-0.00125
-0.0013
-0.00134
-0.00139
-0.00143
-0.00147
-0.00152
-0.00155
-0.0016
-0.00164
-0.00168
-0.00171
-0.00175
-0.00178
-0.00181
-0.00184
-0.00187
-0.0019
-0.00192
-0.00195
-0.00197
-0.00198
-0.002
-0.00201
-0.00203
-0.00203
-0.00205
-0.00205
-0.00205
-0.00205
-0.00206
-0.00205
-0.00205
-0.00204
-0.00203
-0.00202
-0.00201
-0.00199
-0.00198
-0.00195
-0.00194
-0.00191
-0.0019
-0.00187
-0.00185
-0.00182
-0.0018
-0.00176
-0.00174
-0.00171
-0.00168
-0.00165
-0.00162
-0.00159
-0.00156
-0.00152
-0.0015
-0.00146
-0.00143
-0.0014
-0.00137
-0.00133
-0.00131
-0.00127
-0.00124
-0.00121
-0.00118
-0.00115
-0.00111
-0.00108
-0.00104
-0.00101
-0.00099
-0.00095
-0.00092
-0.00088
-0.00086
-0.00082
-0.0008
-0.00076
-0.00073
-0.0007
-0.00068
-0.00065
-0.00062
-0.00059
-0.00056
-0.00053
-0.00052
-0.00048
-0.00046
-0.00043
-0.00041
-0.00038
-0.00037
-0.00033
-0.00031
-0.00029
-0.00026
-0.00024
-0.00021
-0.00018
-0.00015
-0.00011
-8e-05
-4e-05
-1e-05
4e-05
8e-05
0.00012
0.00017
0.00023
0.00028
0.00033
0.00039
0.00045
0.00052
0.00059
0.00066
0.00074
0.00081
0.0009
0.00097
0.00107
0.00115
0.00124
0.00132
0.00142
0.00151
0.00161
0.0017
0.00179
0.00189
0.00199
0.00208
0.00219
0.00227
0.00237
0.00247
0.00257
0.00265
0.00275
0.00284
0.00293
0.00302
0.00311
0.00319
0.00328
0.00336
0.00344
0.00352
0.0036
0.00368
0.00375
0.00382
0.0039
0.00396
0.00403
0.00408
0.00415
0.0042
0.00426
0.00431
0.00435
0.00439
0.00444
0.00447
0.0045
0.00453
0.00455
0.00457
0.00459
0.00459
0.00461
0.0046
0.00461
0.0046
0.00459
0.00458
0.00456
0.00454
0.00452
0.00449
0.00447
0.00443
0.00441
0.00436
0.00433
0.00429
0.00425
0.00421
0.00417
0.00413
0.00408
0.00404
0.00399
0.00395
0.00391
0.00386
0.00382
0.00376
0.00372
0.00367
0.00363
0.00357
0.00353
0.00347
0.00343
0.00337
0.00331
0.00326
0.0032
0.00314
0.00308
0.00301
0.00295
0.00288
0.00281
0.00274
0.00267
0.00258
0.0025
0.00242
0.00234
0.00225
0.00216
0.00206
0.00197
0.00187
0.00178
0.00167
0.00158
0.00146
0.00136
0.00125
0.00115
0.00104
0.00093
0.00082
0.00071
0.0006
0.00049
0.00038
0.00026
0.00016
5e-05
-6e-05
-0.00017
-0.00029
-0.00039
-0.0005
-0.0006
-0.00071
-0.00081
-0.00092
-0.00101
-0.00111
-0.00121
-0.0013
-0.0014
-0.00148
-0.00157
-0.00165
-0.00173
-0.00182
-0.00189
-0.00196
-0.00203
-0.0021
-0.00216
-0.00222
-0.00227
-0.00232
-0.00237
-0.00241
-0.00245
-0.00249
-0.00251
-0.00254
-0.00256
-0.00258
-0.00259
-0.00261
-0.00261
-0.00261
-0.00261
-0.00261
-0.00259
-0.00258
-0.00256
-0.00254
-0.00252
-0.0025
-0.00247
-0.00243
-0.0024
-0.00237
-0.00232
-0.00229
-0.00224
-0.0022
-0.00215
-0.00211
-0.00206
-0.00201
-0.00196
-0.00191
-0.00186
-0.00181
-0.00175
-0.00169
-0.00164
-0.00159
-0.00153
-0.00147
-0.00141
-0.00136
-0.0013
-0.00125
-0.00118
-0.00112
-0.00106
-0.001
-0.00094
-0.00088
-0.00082
-0.00076
-0.00069
-0.00064
-0.00057
-0.00051
-0.00044
-0.00038
-0.00031
-0.00026
-0.00019
-0.00013
-6e-05
-0.0
6e-05
0.00012
0.00018
0.00024
0.00031
0.00036
0.00042
0.00048
0.00054
0.00059
0.00064
0.00069
0.00075
0.00079
0.00084
0.00088
0.00092
0.00097
0.00101
0.00105
0.00109
0.00112
0.00116
0.00119
0.00123
0.00125
0.00129
0.00131
0.00135
0.00137
0.00139
0.00142
0.00144
0.00146
0.00148
0.0015
0.00153
0.00154
0.00156
0.00158
0.0016
0.00161
0.00163
0.00164
0.00166
0.00167
0.00168
0.00169
0.0017
0.00172
0.00173
0.00174
0.00175
0.00175
0.00177
0.00178
0.00179
0.00179
0.0018
0.0018
0.00182
0.00182
0.00182
0.00183
0.00183
0.00183
0.00184
0.00184
0.00185
0.00184
0.00184
0.00184
0.00184
0.00184
0.00184
0.00183
0.00183
0.00182
0.00181
0.0018
0.00179
0.00178
0.00177
0.00176
0.00175
0.00173
0.00172
0.0017
0.0017
0.00167
0.00166
0.00164
0.00163
0.00161
0.00159
0.00157
0.00155
0.00154
0.00152
0.0015
0.00149
0.00147
0.00145
0.00143
0.00142
0.0014
0.00138
0.00136
0.00135
0.00133
0.00131
0.00129
0.00127
0.00125
0.00123
0.00121
0.00119
0.00116
0.00113
0.0011
0.00108
0.00105
0.00102
0.00098
0.00096
0.00092
0.00089
0.00085
0.00081
0.00078
0.00074
0.00071
0.00067
0.00063
0.0006
0.00056
0.00053
0.00049
0.00047
0.00043
0.00042
0.00039
0.00037
0.00035
0.00033
0.00032
0.00031
0.00031
0.00031
0.00031
0.00032
0.00032
0.00034
0.00036
0.00038
0.0004
0.00044
0.00047
0.0005
0.00054
0.00058
0.00063
0.00068
0.00072
0.00078
0.00082
0.00088
0.00093
0.00099
0.00104
0.00109
0.00114
0.0012
0.00124
0.00129
0.00134
0.00138
0.00143
0.00147
0.00151
0.00156
0.00158
0.00162
0.00165
0.00168
0.0017
0.00173
0.00175
0.00177
0.00179
0.0018
0.00181
0.00182
0.00183
0.00184
0.00184
0.00185
0.00184
0.00185
0.00184
0.00184
0.00183
0.00183
0.00181
0.00181
0.00179
0.00178
0.00175
0.00173
0.00171
0.00169
0.00166
0.00163
0.00159
0.00156
0.00151
0.00148
0.00143
0.00138
0.00132
0.00128
0.00122
0.00116
0.00109
0.00103
0.00096
0.00089
0.00083
0.00076
0.00068
0.00062
0.00054
0.00048
0.00041
0.00034
0.00027
0.00022
0.00016
0.0001
4e-05
-1e-05
-5e-05
-9e-05
-0.00013
-0.00016
-0.0002
-0.00022
-0.00024
-0.00025
-0.00027
-0.00027
-0.00028
-0.00027
-0.00027
-0.00026
-0.00026
-0.00025
-0.00023
-0.00021
-0.00019
-0.00016
-0.00015
-0.00012
-9e-05
-6e-05
-4e-05
-1e-05
1e-05
5e-05
7e-05
0.0001
0.00013
0.00016
0.00019
0.00022
0.00025
0.00028
0.0003
0.00034
0.00036
0.0004
0.00043
0.00046
0.00049
0.00053
0.00056
0.00059
0.00063
0.00066
0.0007
0.00073
0.00076
0.0008
0.00083
0.00086
0.00089
0.00093
0.00095
0.00098
0.001
0.00103
0.00105
0.00107
0.00109
0.0011
0.00111
0.00113
0.00114
0.00115
0.00114
0.00115
0.00115
0.00115
0.00114
0.00114
0.00113
0.00113
0.00112
0.00111
0.0011
0.00109
0.00108
0.00107
0.00107
0.00106
0.00105
0.00105
0.00104
0.00104
0.00103
0.00103
0.00102
0.00103
0.00103
0.00103
0.00103
0.00103
0.00104
0.00105
0.00105
0.00106
0.00106
0.00108
0.00108
0.0011
0.0011
0.00111
0.00112
0.00114
0.00115
0.00116
0.00117
0.00118
0.00119
0.00121
0.00122
0.00124
0.00125
0.00127
0.00128
0.0013
0.00131
0.00133
0.00134
0.00137
0.00138
0.0014
0.00142
0.00144
0.00146
0.00148
0.0015
0.00153
0.00154
0.00157
0.00159
0.00162
0.00163
0.00166
0.00168
0.00171
0.00173
0.00176
0.00178
0.00181
0.00184
0.00187
0.00189
0.00193
0.00195
0.00199
0.00202
0.00206
0.00209
0.00213
0.00216
0.00221
0.00224
0.00229
0.00232
0.00236
0.00241
0.00245
0.00249
0.00254
0.00258
0.00262
0.00266
0.00271
0.00274
0.00279
0.00282
0.00286
0.0029
0.00293
0.00296
0.00299
0.00302
0.00305
0.00308
0.00311
0.00312
0.00315
0.00316
0.00318
0.00319
0.00321
0.00321
0.00322
0.00323
0.00323
0.00323
0.00323
0.00323
0.00322
0.00322
0.00321
0.00319
0.00318
0.00317
0.00315
0.00313
0.00311
0.00308
0.00306
0.00303
0.003
0.00296
0.00293
0.00289
0.00285
0.00281
0.00277
0.00272
0.00268
0.00263
0.00259
0.00253
0.00248
0.00243
0.00238
0.00233
0.00227
0.00222
0.00216
0.00211
0.00206
0.00201
0.00196
0.0019
0.00185
0.0018
0.00175
0.0017
0.00166
0.0016
0.00157
0.00152
0.00147
0.00143
0.00139
0.00135
0.00131
0.00128
0.00124
0.0012
0.00118
0.00114
0.00112
0.00109
0.00107
0.00104
0.00103
0.00101
0.001
0.00098
0.00098
0.00098
0.00098
0.00098
0.00099
0.001
0.00102
0.00103
0.00106
0.00108
0.00111
0.00114
0.00118
0.00122
0.00125
0.00129
0.00134
0.00138
0.00143
0.00147
0.00153
0.00156
0.00161
0.00166
0.00171
0.00174
0.00179
0.00182
0.00187
0.0019
0.00194
0.00197
0.002
0.00203
0.00206
0.00209
0.00211
0.00213
0.00216
0.00218
0.00221
0.00222
0.00225
0.00226
0.00229
0.00231
0.00233
0.00235
0.00237
0.0024
0.00243
0.00245
0.00248
0.00249
0.00252
0.00254
0.00257
0.00258
0.0026
0.00262
0.00264
0.00265
0.00266
0.00267
0.00267
0.00267
0.00267
0.00266
0.00266
0.00263
0.00262
0.00259
0.00257
0.00254
0.0025
0.00246
0.00243
0.00238
0.00233
0.00228
0.00222
0.00217
0.00211
0.00205
0.00199
0.00192
0.00186
0.0018
0.00174
0.00167
0.0016
0.00153
0.00147
0.0014
0.00134
0.00127
0.0012
0.00113
0.00107
0.001
0.00094
0.00087
0.0008
0.00073
0.00067
0.00059
0.00053
0.00045
0.00039
0.00031
0.00024
0.00017
9e-05
2e-05
-5e-05
-0.00013
-0.00019
-0.00028
-0.00034
-0.00042
-0.00048
-0.00056
-0.00062
-0.00069
-0.00074
-0.00081
-0.00087
-0.00092
-0.00097
-0.00102
-0.00106
-0.0011
-0.00113
-0.00117
-0.00119
-0.00122
-0.00123
-0.00125
-0.00126
-0.00127
-0.00126
-0.00126
-0.00126
-0.00125
-0.00123
-0.00121
-0.00119
-0.00116
-0.00113
-0.00111
-0.00107
-0.00103
-0.00099
-0.00095
-0.00091
-0.00087
-0.00081
-0.00077
-0.00072
-0.00067
-0.00062
-0.00057
-0.00051
-0.00046
-0.0004
-0.00035
-0.00029
-0.00024
-0.00017
-0.00012
-6e-05
-0.0
7e-05
0.00013
0.00019
0.00026
0.00032
0.00039
0.00046
0.00054
0.00061
0.00068
0.00075
0.00083
0.00091
0.00098
0.00106
0.00113
0.00122
0.00129
0.00137
0.00144
0.00151
0.00159
0.00166
0.00173
0.0018
0.00186
0.00192
0.00198
0.00204
0.00208
0.00213
0.00216
0.00221
0.00223
0.00226
0.00228
0.0023
0.00231
0.00232
0.00232
0.00232
0.0023
0.00229
0.00227
0.00225
0.00222
0.00219
0.00216
0.00212
0.00208
0.00204
0.00199
0.00194
0.00189
0.00185
0.0018
0.00175
0.00169
0.00164
0.00158
0.00154
0.00148
0.00144
0.00138
0.00134
0.00129
0.00125
0.0012
0.00116
0.00113
0.00109
0.00106
0.00103
0.001
0.00098
0.00095
0.00093
0.00091
0.0009
0.00088
0.00087
0.00086
0.00085
0.00085
0.00084
0.00084
0.00084
0.00085
0.00086
0.00085
0.00087
0.00087
0.00089
0.00089
0.00091
0.00092
0.00094
0.00096
0.00097
0.00099
0.00101
0.00103
0.00105
0.00107
0.00109
0.00111
0.00113
0.00115
0.00117
0.00119
0.00121
0.00122
0.00125
0.00126
0.00128
0.00129
0.0013
0.00131
0.00132
0.00132
0.00133
0.00132
0.00132
0.00131
0.00131
0.00129
0.00128
0.00125
0.00124
0.00121
0.00118
0.00114
0.0011
0.00106
0.00101
0.00097
0.00092
0.00085
0.0008
0.00074
0.00068
0.00061
0.00054
0.00046
0.0004
0.00032
0.00024
0.00016
8e-05
0.0
-7e-05
-0.00016
-0.00024
-0.00032
-0.0004
-0.00049
-0.00057
-0.00066
-0.00074
-0.00083
-0.00091
-0.001
-0.00108
-0.00117
-0.00126
-0.00134
-0.00142
-0.00151
-0.00158
-0.00167
-0.00175
-0.00184
-0.00191
-0.002
-0.00207
-0.00215
-0.00222
-0.0023
-0.00237
-0.00244
-0.00251
-0.00257
-0.00263
-0.00269
-0.00274
-0.00279
-0.00283
-0.00288
-0.00291
-0.00295
-0.00297
-0.003
-0.00301
-0.00303
-0.00304
-0.00305
-0.00305
-0.00304
-0.00303
-0.00301
-0.00299
-0.00298
-0.00294
-0.00291
-0.00287
-0.00284
-0.00279
-0.00275
-0.00269
-0.00264
-0.00259
-0.00253
-0.00247
-0.00241
-0.00234
-0.00227
-0.0022
-0.00214
-0.00206
-0.002
-0.00192
-0.00186
-0.00178
-0.00171
-0.00163
-0.00157
-0.0015
-0.00143
-0.00136
-0.00129
-0.00122
-0.00116
-0.00109
-0.00103
-0.00097
-0.00091
-0.00085
-0.0008
-0.00075
-0.00071
-0.00065
-0.00062
-0.00058
-0.00054
-0.00051
-0.00047
-0.00044
-0.00042
-0.0004
-0.00038
-0.00036
-0.00035
-0.00034
-0.00033
-0.00033
-0.00033
-0.00032
-0.00033
-0.00034
-0.00035
-0.00036
-0.00037
-0.00038
-0.00039
-0.0004
-0.00043
-0.00044
-0.00046
-0.00047
-0.00049
-0.0005
-0.00052
-0.00053
-0.00055
-0.00056
-0.00058
-0.00059
-0.00059
-0.0006
-0.0006
-0.0006
-0.00061
-0.0006
-0.0006
-0.00058
-0.00058
-0.00056
-0.00056
-0.00053
-0.00052
-0.0005
-0.00047
-0.00045
-0.00042
-0.00039
-0.00036
-0.00033
-0.0003
-0.00026
-0.00023
-0.00019
-0.00016
-0.00011
-8e-05
-3e-05
1e-05
5e-05
9e-05
0.00013
0.00018
0.00023
0.00028
0.00033
0.00037
0.00043
0.00047
0.00053
0.00058
0.00064
0.0007
0.00076
0.00082
0.00089
0.00095
0.00102
0.00109
0.00116
0.00123
0.00131
0.00137
0.00145
0.00152
0.0016
0.00167
0.00175
0.00182
0.0019
0.00197
0.00204
0.0021
0.00217
0.00223
0.00229
0.00235
0.00241
0.00246
0.00251
0.00256
0.00261
0.00264
0.00268
0.00271
0.00275
0.00278
0.0028
0.00283
0.00285
0.00287
0.00289
0.0029
0.00292
0.00293
0.00294
0.00295
0.00297
0.00297
0.00298
0.00298
0.003
0.003
0.00301
0.00301
0.00302
0.00302
0.00303
0.00303
0.00304
0.00303
0.00304
0.00303
0.00303
0.00302
0.00302
0.003
0.003
0.00298
0.00297
0.00295
0.00293
0.00291
0.00288
0.00286
0.00283
0.00279
0.00277
0.00273
0.0027
0.00266
0.00263
0.00259
0.00256
0.00251
0.00248
0.00244
0.0024
0.00237
0.00234
0.00231
0.00228
0.00224
0.00222
0.00219
0.00217
0.00214
0.00213
0.0021
0.00209
0.00207
0.00206
0.00204
0.00203
0.00202
0.00201
0.002
0.00199
0.00197
0.00197
0.00196
0.00195
0.00193
0.00193
0.00191
0.0019
0.00188
0.00187
0.00185
0.00184
0.00182
0.00181
0.00179
0.00178
0.00175
0.00174
0.00172
0.00171
0.00169
0.00168
0.00166
0.00166
0.00164
0.00163
0.00161
0.0016
0.0016
0.00159
0.00159
0.00159
0.00158
0.00158
0.00157
0.00158
0.00157
0.00157
0.00157
0.00157
0.00157
0.00157
0.00156
0.00156
0.00156
0.00156
0.00156
0.00156
0.00154
0.00154
0.00153
0.00153
0.00152
0.00152
0.0015
0.0015
0.00149
0.00148
0.00147
0.00146
0.00146
0.00145
0.00144
0.00144
0.00142
0.00142
0.00141
0.00141
0.00139
0.00139
0.00137
0.00137
0.00136
0.00135
0.00134
0.00132
0.00131
0.0013
0.00129
0.00128
0.00125
0.00124
0.00121
0.0012
0.00117
0.00115
0.00112
0.0011
0.00107
0.00104
0.001
0.00097
0.00094
0.00091
0.00087
0.00085
0.00081
0.00078
0.00074
0.00071
0.00068
0.00065
0.00061
0.00059
0.00056
0.00053
0.0005
0.00047
0.00045
0.00042
0.0004
0.00038
0.00035
0.00034
0.00031
0.0003
0.00027
0.00025
0.00022
0.00021
0.00019
0.00017
0.00014
0.00012
0.0001
8e-05
6e-05
4e-05
1e-05
-1e-05
-3e-05
-5e-05
-8e-05
-9e-05
-0.00012
-0.00013
-0.00016
-0.00018
-0.00019
-0.00021
-0.00023
-0.00024
-0.00025
-0.00026
-0.00028
-0.00028
-0.00029
-0.00029
-0.0003
-0.00029
-0.0003
-0.00029
-0.00029
-0.00029
-0.00028
-0.00028
-0.00027
-0.00026
-0.00025
-0.00024
-0.00023
-0.00021
-0.0002
-0.00019
-0.00018
-0.00016
-0.00015
-0.00013
-0.00012
-0.0001
-8e-05
-7e-05
-5e-05
-3e-05
-1e-05
1e-05
2e-05
5e-05
6e-05
9e-05
