1.23671910369835E+03

-0.0019
-0.00182
-0.00173
-0.00165
-0.00156
-0.00147
-0.00139
-0.0013
-0.00121
-0.00112
-0.00103
-0.00094
-0.00085
-0.00077
-0.00067
-0.00059
-0.0005
-0.00042
-0.00034
-0.00026
-0.00017
-0.0001
-2e-05
5e-05
0.00012
0.00019
0.00026
0.00033
0.00039
0.00044
0.00051
0.00056
0.00061
0.00066
0.00071
0.00074
0.00079
0.00082
0.00085
0.00088
0.00091
0.00093
0.00095
0.00097
0.00098
0.00099
0.001
0.001
0.001
0.001
0.001
0.00098
0.00098
0.00096
0.00095
0.00093
0.00091
0.00089
0.00086
0.00084
0.00081
0.00077
0.00075
0.00071
0.00068
0.00063
0.0006
0.00055
0.00051
0.00046
0.00042
0.00036
0.00031
0.00026
0.00021
0.00016
0.0001
4e-05
-1e-05
-8e-05
-0.00013
-0.0002
-0.00026
-0.00032
-0.00038
-0.00044
-0.00051
-0.00057
-0.00063
-0.00069
-0.00075
-0.00081
-0.00086
-0.00093
-0.00097
-0.00103
-0.00108
-0.00113
-0.00118
-0.00123
-0.00126
-0.00131
-0.00135
-0.00139
-0.00142
-0.00145
-0.00149
-0.00151
-0.00154
-0.00157
-0.00159
-0.00161
-0.00163
-0.00165
-0.00166
-0.00168
-0.00169
-0.0017
-0.00172
-0.00173
-0.00174
-0.00175
-0.00175
-0.00176
-0.00176
-0.00177
-0.00177
-0.00177
-0.00177
-0.00178
-0.00177
-0.00178
-0.00177
-0.00177
-0.00176
-0.00176
-0.00176
-0.00175
-0.00173
-0.00172
-0.00171
-0.0017
-0.00168
-0.00167
-0.00164
-0.00163
-0.0016
-0.00158
-0.00155
-0.00153
-0.0015
-0.00147
-0.00144
-0.0014
-0.00137
-0.00133
-0.00128
-0.00125
-0.0012
-0.00116
-0.00111
-0.00106
-0.00101
-0.00096
-0.0009
-0.00085
-0.00079
-0.00074
-0.00068
-0.00062
-0.00056
-0.0005
-0.00043
-0.00037
-0.0003
-0.00025
-0.00017
-0.00012
-5e-05
1e-05
8e-05
0.00014
0.0002
0.00026
0.00032
0.00038
0.00044
0.0005
0.00056
0.0006
0.00066
0.00071
0.00076
0.0008
0.00085
0.00088
0.00093
0.00096
0.001
0.00103
0.00106
0.00108
0.00111
0.00113
0.00116
0.00117
0.00119
0.00119
0.00121
0.00121
0.00122
0.00122
0.00123
0.00122
0.00122
0.00121
0.0012
0.0012
0.00119
0.00118
0.00117
0.00114
0.00113
0.00111
0.00109
0.00106
0.00104
0.00101
0.00099
0.00096
0.00092
0.00089
0.00085
0.00082
0.00078
0.00074
0.0007
0.00064
0.0006
0.00055
0.0005
0.00044
0.00039
0.00032
0.00027
0.0002
0.00014
7e-05
0.0
-6e-05
-0.00013
-0.0002
-0.00027
-0.00035
-0.00041
-0.00049
-0.00056
-0.00063
-0.0007
-0.00078
-0.00083
-0.0009
-0.00097
-0.00103
-0.00109
-0.00115
-0.0012
-0.00125
-0.00129
-0.00134
-0.00137
-0.00141
-0.00143
-0.00146
-0.00147
-0.0015
-0.0015
-0.00151
-0.00151
-0.00151
-0.00151
-0.00149
-0.00147
-0.00145
-0.00143
-0.00141
-0.00137
-0.00134
-0.00129
-0.00126
-0.00121
-0.00117
-0.00111
-0.00106
-0.00101
-0.00095
-0.0009
-0.00083
-0.00077
-0.00071
-0.00064
-0.00058
-0.00051
-0.00045
-0.00038
-0.00031
-0.00024
-0.00018
-0.0001
-4e-05
4e-05
0.0001
0.00017
0.00024
0.00032
0.00039
0.00046
0.00053
0.00061
0.00068
0.00076
0.00083
0.0009
0.00097
0.00105
0.00112
0.0012
0.00128
0.00135
0.00143
0.0015
0.00158
0.00166
0.00173
0.00181
0.00188
0.00196
0.00203
0.00211
0.00218
0.00226
0.00233
0.0024
0.00247
0.00254
0.00261
0.00268
0.00274
0.00281
0.00287
0.00294
0.00299
0.00306
0.00311
0.00317
0.00322
0.00329
0.00333
0.00338
0.00343
0.00348
0.00352
0.00357
0.00361
0.00366
0.00369
0.00373
0.00375
0.00379
0.00381
0.00384
0.00386
0.00388
0.0039
0.00391
0.00392
0.00393
0.00393
0.00393
0.00393
0.00393
0.00391
0.00391
0.00388
0.00387
0.00385
0.00383
0.00379
0.00377
0.00373
0.0037
0.00366
0.00362
0.00358
0.00354
0.0035
0.00345
0.0034
0.00336
0.0033
0.00326
0.0032
0.00315
0.00309
0.00305
0.00298
0.00293
0.00287
0.00281
0.00275
0.00269
0.00262
0.00256
0.00248
0.00242
0.00235
0.00228
0.0022
0.00213
0.00204
0.00197
0.00188
0.0018
0.00171
0.00162
0.00154
0.00145
0.00136
0.00127
0.00117
0.00108
0.00098
0.00089
0.00079
0.0007
0.0006
0.00052
0.00043
0.00033
0.00024
0.00016
7e-05
-1e-05
-8e-05
-0.00016
-0.00024
-0.0003
-0.00038
-0.00044
-0.0005
-0.00056
-0.00062
-0.00067
-0.00072
-0.00077
-0.00081
-0.00085
-0.00089
-0.00092
-0.00095
-0.00098
-0.00102
-0.00104
-0.00106
-0.00108
-0.0011
-0.00112
-0.00114
-0.00114
-0.00116
-0.00117
-0.00118
-0.00118
-0.00119
-0.00119
-0.00119
-0.00119
-0.0012
-0.00119
-0.0012
-0.00119
-0.00119
-0.00118
-0.00118
-0.00117
-0.00116
-0.00115
-0.00114
-0.00113
-0.00112
-0.00111
-0.00109
-0.00107
-0.00106
-0.00104
-0.00103
-0.00101
-0.001
-0.00097
-0.00096
-0.00093
-0.00092
-0.0009
-0.00088
-0.00087
-0.00085
-0.00083
-0.00081
-0.00079
-0.00078
-0.00076
-0.00075
-0.00073
-0.00072
-0.00071
-0.0007
-0.00068
-0.00068
-0.00067
-0.00066
-0.00065
-0.00064
-0.00062
-0.00061
-0.00059
-0.00059
-0.00057
-0.00056
-0.00054
-0.00053
-0.0005
-0.00049
-0.00046
-0.00044
-0.00041
-0.00039
-0.00036
-0.00033
-0.00029
-0.00026
-0.00022
-0.00019
-0.00015
-0.00011
-7e-05
-3e-05
1e-05
5e-05
9e-05
0.00013
0.00017
0.00021
0.00024
0.00028
0.00032
0.00036
0.0004
0.00043
0.00047
0.0005
0.00054
0.00057
0.00061
0.00064
0.00068
0.00071
0.00075
0.00079
0.00083
0.00088
0.00093
0.00098
0.00104
0.00108
0.00115
0.00121
0.00128
0.00134
0.00142
0.00148
0.00157
0.00165
0.00173
0.00181
0.0019
0.00199
0.00208
0.00218
0.00227
0.00236
0.00246
0.00254
0.00264
0.00272
0.00282
0.00289
0.00299
0.00306
0.00314
0.00322
0.00329
0.00336
0.00343
0.00349
0.00355
0.0036
0.00366
0.0037
0.00375
0.00378
0.00382
0.00385
0.00389
0.00392
0.00394
0.00396
0.00397
0.00399
0.004
0.00401
0.00402
0.00401
0.00401
0.004
0.004
0.00398
0.00397
0.00394
0.00392
0.00389
0.00385
0.00382
0.00377
0.00373
0.00368
0.00362
0.00357
0.0035
0.00344
0.00337
0.0033
0.00322
0.00314
0.00305
0.00297
0.00288
0.00279
0.0027
0.0026
0.00251
0.00241
0.00232
0.00222
0.00212
0.00202
0.00192
0.00183
0.00173
0.00164
0.00154
0.00146
0.00136
0.00127
0.00118
0.00109
0.00101
0.00093
0.00085
0.00077
0.00069
0.00062
0.00054
0.00047
0.0004
0.00033
0.00026
0.0002
0.00013
7e-05
0.0
-6e-05
-0.00012
-0.00017
-0.00022
-0.00028
-0.00033
-0.00038
-0.00043
-0.00047
-0.00052
-0.00056
-0.00061
-0.00064
-0.00068
-0.00072
-0.00075
-0.00079
-0.00082
-0.00084
-0.00087
-0.00089
-0.00092
-0.00093
-0.00096
-0.00097
-0.00099
-0.001
-0.00102
-0.00103
-0.00105
-0.00106
-0.00107
-0.00108
-0.00109
-0.0011
-0.00111
-0.00111
-0.00112
-0.00112
-0.00113
-0.00113
-0.00114
-0.00114
-0.00115
-0.00114
-0.00115
-0.00115
-0.00115
-0.00115
-0.00115
-0.00114
-0.00114
-0.00113
-0.00113
-0.00111
-0.00111
-0.00109
-0.00108
-0.00107
-0.00106
-0.00104
-0.00102
-0.00101
-0.00099
-0.00098
-0.00096
-0.00093
-0.00091
-0.00089
-0.00088
-0.00085
-0.00083
-0.0008
-0.00079
-0.00076
-0.00074
-0.00072
-0.00069
-0.00067
-0.00065
-0.00063
-0.0006
-0.00057
-0.00054
-0.00052
-0.00049
-0.00045
-0.00043
-0.00039
-0.00036
-0.00032
-0.00029
-0.00025
-0.00021
-0.00018
-0.00013
-9e-05
-5e-05
-1e-05
4e-05
8e-05
0.00012
0.00018
0.00022
0.00026
0.00031
0.00035
0.00039
0.00044
0.00048
0.00051
0.00056
0.00059
0.00064
0.00068
0.00072
0.00075
0.00079
0.00084
0.00087
0.00092
0.00096
0.001
0.00104
0.00109
0.00114
0.00119
0.00125
0.00131
0.00138
0.00145
0.00152
0.0016
0.00169
0.00179
0.00188
0.002
0.00211
0.00224
0.00237
0.00251
0.00267
0.00282
0.003
0.00318
0.00338
0.00358
0.0038
0.00403
0.00427
0.00453
0.00479
0.00507
0.00536
0.00567
0.00598
0.00632
0.00666
0.00701
0.00739
0.00777
0.00818
0.0086
0.00903
0.00948
0.00994
0.01042
0.01091
0.01143
0.01196
0.0125
0.01307
0.01365
0.01426
0.01487
0.01552
0.01618
0.01686
0.01757
0.0183
0.01905
0.01982
0.02061
0.02142
0.02226
0.02313
0.02401
0.02491
0.02585
0.0268
0.02776
0.02876
0.02977
0.0308
0.03185
0.03292
0.034
0.03511
0.03623
0.03735
0.0385
0.03967
0.04084
0.04202
0.04323
0.04444
0.04566
0.04689
0.04814
0.04939
0.05066
0.05194
0.05323
0.05453
0.05584
0.05716
0.05849
0.05984
0.06119
0.06255
0.06393
0.06531
0.0667
0.06811
0.06952
0.07094
0.07236
0.07378
0.07521
0.07666
0.07809
0.07952
0.08095
0.08239
0.08381
0.08522
0.08664
0.08804
0.08943
0.09082
0.09219
0.09355
0.0949
0.09624
0.09757
0.09889
0.10019
0.10148
0.10277
0.10406
0.10532
0.10659
0.10785
0.10911
0.11036
0.11162
0.11288
0.11413
0.11538
0.11663
0.11789
0.11915
0.1204
0.12164
0.12289
0.12414
0.12537
0.12659
0.1278
0.129
0.13017
0.13132
0.13245
0.13354
0.1346
0.13562
0.13661
0.13756
0.13845
0.13929
0.14009
0.14084
0.14153
0.14216
0.14274
0.14327
0.14374
0.14416
0.14452
0.14484
0.1451
0.14532
0.1455
0.14564
0.14574
0.14575
0.14575
0.14575
0.14575
0.14575
0.14575
0.14575
0.14571
0.14565
0.14559
0.14553
0.14548
0.14543
0.14538
0.14535
0.14532
0.1453
0.14529
0.14529
0.14529
0.14531
0.14532
0.14535
0.14538
0.14541
0.14545
0.14548
0.14552
0.14555
0.14558
0.14562
0.14564
0.14567
0.14568
0.1457
0.14571
0.14572
0.14572
0.14571
0.14571
0.1457
0.14569
0.14567
0.14565
0.14562
0.1456
0.14559
0.14556
0.14555
0.14553
0.14552
0.1455
0.1455
0.14549
0.14549
0.14549
0.14549
0.1455
0.1455
0.14551
0.14552
0.14553
0.14555
0.14555
0.14557
0.14558
0.1456
0.1456
0.14562
0.14563
0.14564
0.14564
0.14565
0.14566
0.14565
0.14565
0.14564
0.14564
0.14563
0.14562
0.14562
0.1456
0.1456
0.14558
0.14558
0.14557
0.14556
0.14556
0.14555
0.14555
0.14555
0.14554
0.14554
0.14554
0.14555
0.14555
0.14556
0.14556
0.14558
0.14558
0.1456
0.1456
0.14562
0.14563
0.14564
0.14566
0.14566
0.14567
0.14567
0.14568
0.14569
0.14568
0.14569
0.14568
0.14568
0.14567
0.14567
0.14566
0.14565
0.14564
0.14564
0.14563
0.14562
0.14561
0.1456
0.14559
0.14559
0.14558
0.14559
0.14558
0.14559
0.1456
0.14562
0.14562
0.14564
0.14566
0.14568
0.1457
0.14571
0.14573
0.14574
0.14575
0.14575
0.14575
0.14575
0.14575
0.14574
0.14572
0.14569
0.14563
0.14557
0.1455
0.14541
0.14531
0.14518
0.14504
0.14489
0.14471
0.14453
0.14432
0.1441
0.14386
0.14361
0.14334
0.14306
0.14276
0.14245
0.14214
0.14181
0.14148
0.14113
0.14078
0.14042
0.14006
0.13971
0.13934
0.13898
0.13861
0.13825
0.13788
0.13753
0.13717
0.13681
0.13646
0.13611
0.13577
0.13543
0.13508
0.13474
0.1344
0.13407
0.13373
0.13341
0.13307
0.13274
0.1324
0.13208
0.13173
0.1314
0.13107
0.13073
0.13039
0.13005
0.1297
0.12936
0.12901
0.12867
0.12832
0.12797
0.12761
0.12727
0.12691
0.12657
0.1262
0.12585
0.1255
0.12514
0.12479
0.12442
0.12406
0.1237
0.12333
0.12297
0.1226
0.12223
0.12185
0.12148
0.1211
0.12072
0.12032
0.11994
0.11955
0.11915
0.11875
0.11834
0.11793
0.11752
0.1171
0.11669
0.11626
0.11585
0.11542
0.115
0.11457
0.11416
0.11372
0.1133
0.11288
0.11246
0.11205
0.11163
0.11121
0.1108
0.11039
0.10998
0.10957
0.10918
0.10877
0.10837
0.10798
0.10759
0.10719
0.1068
0.10641
0.10602
0.10563
0.10524
0.10484
0.10445
0.10406
0.10367
0.10327
0.10288
0.10247
0.10208
0.10168
0.10128
0.10087
0.10047
0.10008
0.09968
0.09928
0.09887
0.09847
0.09808
0.09768
0.09728
0.09689
0.0965
0.09611
0.09573
0.09534
0.09497
0.09459
0.09421
0.09384
0.09348
0.09311
0.09275
0.09238
0.09203
0.09167
0.09132
0.09096
0.09061
0.09025
0.0899
0.08955
0.08919
0.08883
0.08848
0.08812
0.08777
0.08741
0.08705
0.08668
0.08632
0.08595
0.08558
0.08521
0.08484
0.08446
0.08409
0.08371
0.08334
0.08295
0.08257
0.08219
0.08181
0.08142
0.08104
0.08065
0.08027
0.07988
0.0795
0.07911
0.07873
0.07834
0.07796
0.07758
0.0772
0.07682
0.07644
0.07606
0.07569
0.07531
0.07494
0.07456
0.07419
0.07382
0.07345
0.07308
0.07272
0.07235
0.07198
0.07162
0.07126
0.07089
0.07053
0.07017
0.0698
0.06944
0.06908
0.06871
0.06835
0.06798
0.06762
0.06726
0.06689
0.06653
0.06616
0.0658
0.06544
0.06507
0.06471
0.06435
0.06399
0.06363
0.06327
0.06292
0.06257
0.06221
0.06186
0.06152
0.06118
0.06084
0.06051
0.06018
0.05985
0.05953
0.05921
0.05891
0.0586
0.0583
0.058
0.0577
0.05742
0.05713
0.05686
0.05658
0.05631
0.05605
0.05578
0.05552
0.05527
0.05501
0.05476
0.05452
0.05427
0.05403
0.05379
0.05355
0.05331
0.05308
0.05284
0.05261
0.05238
0.05215
0.05192
0.0517
0.05147
0.05124
0.05102
0.0508
0.05058
0.05036
0.05014
0.04993
0.04971
0.0495
0.04929
0.04908
0.04887
0.04867
0.04846
0.04826
0.04806
0.04786
0.04766
0.04746
0.04726
0.04706
0.04686
0.04667
0.04648
0.04628
0.04608
0.04589
0.0457
0.0455
0.04531
0.04512
0.04493
0.04473
0.04454
0.04435
0.04416
0.04397
0.04378
0.04359
0.0434
0.04322
0.04303
0.04284
0.04266
0.04248
0.0423
0.04212
0.04194
0.04176
0.04158
0.04141
0.04123
0.04106
0.04088
0.04071
0.04054
0.04037
0.04019
0.04002
0.03985
0.03968
0.0395
0.03933
0.03915
0.03897
0.03879
0.03861
0.03843
0.03824
0.03806
0.03787
0.03768
0.03749
0.0373
0.0371
0.03691
0.03671
0.03651
0.03631
0.0361
0.03591
0.0357
0.03549
0.03529
0.03508
0.03488
0.03467
0.03447
0.03426
0.03405
0.03385
0.03364
0.03344
0.03324
0.03304
0.03283
0.03263
0.03243
0.03223
0.03204
0.03184
0.03164
0.03145
0.03125
0.03106
0.03087
0.03068
0.03049
0.0303
0.03011
0.02993
0.02974
0.02956
0.02938
0.0292
0.02902
0.02885
0.02868
0.0285
0.02834
0.02818
0.02801
0.02786
0.0277
0.02755
0.0274
0.02726
0.02712
0.02699
0.02685
0.02673
0.02661
0.02649
0.02638
0.02627
0.02617
0.02607
0.02598
0.02589
0.02581
0.02573
0.02566
0.02559
0.02552
0.02547
0.02541
0.02536
0.02532
0.02527
0.02524
0.0252
0.02517
0.02515
0.02512
0.0251
0.02508
0.02507
0.02505
0.02504
0.02503
0.02503
0.02502
0.02502
0.02501
0.02501
0.02501
0.02501
0.02502
0.02502
0.02502
0.02502
0.02503
0.02503
0.02503
0.02503
0.02503
0.02503
0.02503
0.02502
0.02502
0.02501
0.025
0.02499
0.02498
0.02497
0.02495
0.02493
0.02491
0.02488
0.02485
0.02482
0.02479
0.02475
0.02471
0.02467
0.02462
0.02457
0.02451
0.02446
0.0244
0.02434
0.02427
0.0242
0.02412
0.02405
0.02397
0.02388
0.02379
0.02371
0.02361
0.02351
0.02341
0.0233
0.02319
0.02308
0.02297
0.02285
0.02272
0.0226
0.02247
0.02234
0.0222
0.02206
0.02192
0.02178
0.02163
0.02148
0.02133
0.02117
0.02101
0.02086
0.0207
0.02054
0.02037
0.02021
0.02004
0.01988
0.01971
0.01954
0.01937
0.01921
0.01904
0.01887
0.0187
0.01854
0.01837
0.01821
0.01805
0.01789
0.01772
0.01757
0.01741
0.01726
0.0171
0.01695
0.0168
0.01666
0.0165
0.01636
0.01622
0.01608
0.01594
0.01581
0.01567
0.01555
0.01541
0.01529
0.01516
0.01504
0.01492
0.01481
0.01469
0.01458
0.01446
0.01436
0.01425
0.01414
0.01405
0.01395
0.01385
0.01376
0.01367
0.01358
0.01349
0.01341
0.01332
0.01324
0.01316
0.01309
0.01301
0.01294
0.01286
0.0128
0.01273
0.01267
0.01261
0.01255
0.01249
0.01244
0.01239
0.01235
0.0123
0.01226
0.01222
0.01219
0.01216
0.01213
0.01211
0.01209
0.01208
0.01207
0.01207
0.01207
0.01206
0.01208
0.01208
0.0121
0.01212
0.01214
0.01216
0.0122
0.01222
0.01226
0.01229
0.01232
0.01236
0.0124
0.01244
0.01248
0.01251
0.01255
0.01258
0.01262
0.01264
0.01268
0.0127
0.01272
0.01274
0.01275
0.01276
0.01277
0.01278
0.01278
0.01278
0.01277
0.01276
0.01275
0.01273
0.01272
0.01269
0.01266
0.01263
0.0126
0.01256
0.01252
0.01248
0.01243
0.01239
0.01234
0.01229
0.01223
0.01217
0.01211
0.01205
0.01198
0.01191
0.01183
0.01175
0.01168
0.01159
0.0115
0.0114
0.0113
0.0112
0.0111
0.01098
0.01087
0.01075
0.01063
0.0105
0.01037
0.01023
0.01009
0.00995
0.00981
0.00966
0.00951
0.00936
0.00921
0.00906
0.00891
0.00876
0.00862
0.00846
0.00832
0.00817
0.00803
0.00789
0.00775
0.00762
0.00749
0.00736
0.00724
0.00711
0.00699
0.00688
0.00677
0.00667
0.00656
0.00645
0.00636
0.00626
0.00617
0.00607
0.00598
0.00589
0.00581
0.00572
0.00563
0.00554
0.00546
0.00538
0.0053
0.00522
0.00514
0.00506
0.00498
0.00491
0.00484
0.00476
0.0047
0.00463
0.00457
0.00451
0.00445
0.00439
0.00434
0.0043
0.00426
0.00422
0.00419
0.00415
0.00413
0.0041
0.00409
0.00406
0.00405
0.00404
0.00404
0.00403
0.00402
0.00402
0.00402
0.00402
0.00403
0.00403
0.00404
0.00403
0.00404
0.00404
0.00404
0.00404
0.00404
0.00403
0.00404
0.00403
0.00402
0.00401
0.004
0.004
0.00399
0.00398
0.00398
0.00396
0.00396
0.00395
0.00395
0.00394
0.00394
0.00394
0.00395
0.00395
0.00396
0.00397
0.00398
0.004
0.00402
0.00405
0.00408
0.00411
0.00414
0.00418
0.00423
0.00427
0.00432
0.00436
0.00442
0.00447
0.00453
0.00458
0.00463
0.0047
0.00475
0.00481
0.00488
0.00493
0.00499
0.00504
0.0051
0.00514
0.0052
0.00524
0.00529
0.00533
0.00537
0.0054
0.00543
0.00546
0.00549
0.00551
0.00553
0.00554
0.00555
0.00556
0.00557
0.00556
0.00556
0.00555
0.00555
0.00554
0.00553
0.00551
0.0055
0.00549
0.00547
0.00545
0.00544
0.00542
0.0054
0.00538
0.00537
0.00535
0.00534
0.00532
0.00531
0.00529
0.00528
0.00527
0.00525
0.00525
0.00524
0.00523
0.00523
0.00521
0.00521
0.0052
0.0052
0.00518
0.00518
0.00517
0.00517
0.00516
0.00515
0.00514
0.00513
0.00512
0.00511
0.0051
0.0051
0.00508
0.00508
0.00507
0.00507
0.00505
0.00505
0.00504
0.00504
0.00504
0.00504
0.00503
0.00503
0.00503
0.00503
0.00504
0.00504
0.00504
0.00504
0.00504
0.00505
0.00504
0.00504
0.00503
0.00503
0.00502
0.00501
0.00499
0.00497
0.00495
0.00493
0.0049
0.00487
0.00483
0.0048
0.00475
0.00471
0.00466
0.00461
0.00455
0.0045
0.00444
0.00438
0.00433
0.00426
0.00421
0.00416
0.0041
0.00405
0.00399
0.00395
0.0039
0.00386
0.00382
0.00378
0.00374
0.00372
0.00369
0.00367
0.00365
0.00363
0.00362
0.00361
0.0036
0.00359
0.00357
0.00357
0.00355
0.00355
0.00353
0.00352
0.0035
0.00348
0.00346
0.00343
0.0034
0.00336
0.00333
0.00329
0.00325
0.0032
0.00314
0.0031
0.00304
0.00299
0.00292
0.00286
0.0028
0.00274
0.00268
0.00262
0.00256
0.0025
0.00245
0.0024
0.00235
0.00231
0.00226
0.00223
0.00219
0.00217
0.00214
0.00213
0.00211
0.00211
0.0021
0.0021
0.0021
0.0021
0.00212
0.00213
0.00215
0.00217
0.00218
0.00221
0.00223
0.00226
0.00228
0.00231
0.00233
0.00236
0.00238
0.0024
0.00242
0.00244
0.00246
0.00248
0.00249
0.00251
0.00251
0.00252
0.00253
0.00254
0.00254
0.00254
0.00253
0.00254
0.00252
0.00252
0.0025
0.00249
0.00248
0.00246
0.00245
0.00243
0.0024
0.00239
0.00236
0.00234
0.00231
0.00228
0.00225
0.00222
0.00219
0.00216
0.00212
0.00209
0.00206
0.00202
0.00199
0.00196
0.00192
0.00189
0.00185
0.00183
0.00179
0.00176
0.00173
0.00171
0.00168
0.00165
0.00162
0.00159
0.00157
0.00155
0.00153
0.00152
0.00149
0.00148
0.00146
0.00146
0.00144
0.00143
0.00142
0.00141
0.0014
0.00139
0.00138
0.00137
0.00137
0.00137
0.00136
0.00136
0.00135
0.00135
0.00135
0.00135
0.00134
0.00135
0.00134
0.00135
0.00135
0.00135
0.00135
0.00135
0.00135
0.00135
0.00136
0.00137
0.00136
0.00137
0.00138
0.00139
0.00139
0.0014
0.0014
0.00142
0.00142
0.00143
0.00144
0.00145
0.00146
0.00147
0.00148
0.00149
0.00149
0.0015
0.00151
0.00152
0.00152
0.00153
0.00154
0.00155
0.00155
0.00156
0.00156
0.00157
0.00157
0.00158
0.00159
0.00159
0.00159
0.0016
0.00161
0.00162
0.00162
0.00163
0.00163
0.00164
0.00165
0.00166
0.00166
0.00167
0.00168
0.0017
0.00171
0.00172
0.00173
0.00175
0.00176
0.00178
0.00179
0.00181
0.00183
0.00185
0.00187
0.00189
0.00192
0.00194
0.00196
0.00199
0.00202
0.00205
0.00207
0.00211
0.00213
0.00217
0.0022
0.00223
0.00226
0.0023
0.00232
0.00235
0.00238
0.00241
0.00245
0.00248
0.00251
0.00254
0.00256
0.00259
0.00261
0.00264
0.00266
0.00269
0.00271
0.00274
0.00275
0.00278
0.00279
0.00281
0.00283
0.00286
0.00288
0.0029
0.00292
0.00294
0.00296
0.00299
0.00301
0.00304
0.00306
0.00309
0.00311
0.00314
0.00317
0.0032
0.00323
0.00326
0.00329
0.00332
0.00334
0.00337
0.00339
0.00343
0.00344
0.00347
0.00348
0.0035
0.00351
0.00352
0.00352
0.00353
0.00353
0.00352
0.00352
0.00351
0.00348
0.00347
0.00344
0.00342
0.00338
0.00335
0.0033
0.00326
0.00321
0.00316
0.00311
0.00305
0.00299
0.00292
0.00285
0.00279
0.00271
0.00263
0.00255
0.00247
0.00238
0.0023
0.0022
0.00212
0.00202
0.00192
0.00181
0.00171
0.0016
0.0015
0.00138
0.00128
0.00115
0.00104
0.00091
0.0008
0.00067
0.00054
0.00041
0.00029
0.00016
3e-05
-0.00011
-0.00024
-0.00037
-0.0005
-0.00063
-0.00076
-0.00089
-0.00102
-0.00115
-0.00127
-0.00139
-0.00151
-0.00163
-0.00174
-0.00186
-0.00196
-0.00207
-0.00217
-0.00227
-0.00236
-0.00245
-0.00254
-0.00263
-0.0027
-0.00278
-0.00284
-0.00291
-0.00297
-0.00303
-0.00307
-0.00312
-0.00316
-0.0032
-0.00324
-0.00326
-0.00328
-0.0033
-0.0033
-0.00332
-0.00331
-0.00332
-0.0033
-0.0033
-0.00328
-0.00326
-0.00323
-0.0032
-0.00317
-0.00313
-0.00309
-0.00305
-0.003
-0.00294
-0.00288
-0.00283
-0.00277
-0.00271
-0.00263
-0.00257
-0.0025
-0.00243
-0.00235
-0.00227
-0.00219
-0.00212
-0.00204
-0.00195
-0.00186
-0.00178
-0.00169
-0.00161
-0.00151
-0.00142
-0.00132
-0.00124
-0.00114
-0.00105
-0.00095
-0.00086
-0.00076
-0.00067
-0.00057
-0.00047
-0.00038
-0.00028
-0.00018
-9e-05
1e-05
0.00011
0.00021
0.0003
0.0004
0.00049
0.00059
0.00068
0.00077
0.00086
0.00094
0.00103
0.00111
0.0012
0.00128
0.00135
0.00143
0.0015
0.00158
0.00164
0.00171
0.00176
0.00183
0.00188
0.00193
0.00197
0.00201
0.00206
0.0021
0.00213
0.00217
0.00219
0.00222
0.00223
0.00226
0.00227
0.00229
0.00229
0.0023
0.0023
0.00231
0.00231
0.0023
0.0023
0.0023
0.00229
0.00228
0.00226
0.00226
0.00224
0.00223
0.00221
0.00219
0.00217
0.00215
0.00213
0.0021
0.00207
0.00204
0.00201
0.00198
0.00195
0.00191
0.00186
0.00183
0.00178
0.00174
0.00168
0.00163
0.00157
0.00153
0.00146
0.0014
0.00133
0.00127
0.0012
0.00113
0.00107
0.001
0.00092
0.00085
0.00077
0.00071
0.00063
0.00056
0.00049
0.00043
0.00035
0.00029
0.00022
0.00016
0.0001
4e-05
-1e-05
-6e-05
-0.00012
-0.00015
-0.0002
-0.00023
-0.00027
-0.0003
-0.00033
-0.00035
-0.00037
-0.00039
-0.0004
-0.00041
-0.00041
-0.0004
-0.00039
-0.00038
-0.00037
-0.00034
-0.00031
-0.00028
-0.00024
-0.0002
-0.00015
-9e-05
-4e-05
3e-05
0.0001
0.00017
0.00025
0.00034
0.00043
0.00052
0.00061
0.00072
0.00082
0.00094
0.00104
0.00116
0.00127
0.00139
0.00151
0.00163
0.00175
0.00186
0.00199
0.00211
0.00222
0.00234
0.00245
0.00256
0.00267
0.00278
0.00287
0.00297
0.00306
0.00316
0.00324
0.00332
0.00339
0.00346
0.00353
0.00359
0.00365
0.0037
0.00374
0.00379
0.00382
0.00386
0.00388
0.00391
0.00393
0.00395
0.00395
0.00396
0.00396
0.00396
0.00396
0.00396
0.00395
0.00394
0.00392
0.0039
0.00388
0.00386
0.00384
0.00382
0.00378
0.00376
0.00373
0.0037
0.00367
0.00364
0.00361
0.00358
0.00355
0.00352
0.00348
0.00346
0.00342
0.0034
0.00336
0.00333
0.0033
0.00328
0.00324
0.00322
0.00319
0.00316
0.00313
0.00311
0.00308
0.00306
0.00303
0.00301
0.00299
0.00297
0.00294
0.00293
0.0029
0.00289
0.00287
0.00285
0.00283
0.00281
0.0028
0.00278
0.00277
0.00276
0.00274
0.00273
0.00271
0.0027
0.00268
0.00267
0.00264
0.00263
0.00261
0.00259
0.00257
0.00254
0.00251
0.00249
0.00246
0.00243
0.00238
0.00235
0.0023
0.00226
0.00221
0.00216
0.0021
0.00205
0.00199
0.00193
0.00187
0.00181
0.00174
0.00168
0.00162
0.00155
0.00148
0.00142
0.00136
0.0013
0.00123
0.00118
0.00111
0.00106
0.001
0.00095
0.0009
0.00085
0.00081
0.00076
0.00072
0.00068
0.00063
0.0006
0.00056
0.00053
0.00049
0.00046
0.00042
0.00039
0.00035
0.00032
0.00028
0.00024
0.00021
0.00018
0.00014
0.00011
7e-05
4e-05
-0.0
-3e-05
-7e-05
-9e-05
-0.00013
-0.00015
-0.00018
-0.0002
-0.00022
-0.00024
-0.00025
-0.00025
-0.00026
-0.00025
-0.00026
-0.00025
-0.00024
-0.00022
-0.0002
-0.00018
-0.00015
-0.00012
-8e-05
-5e-05
-1e-05
3e-05
8e-05
0.00013
0.00018
0.00023
0.00028
0.00033
0.00038
0.00045
0.0005
0.00056
0.00061
0.00068
0.00073
0.00079
0.00085
0.00091
0.00097
0.00104
0.0011
0.00117
0.00123
0.0013
0.00137
0.00145
0.00152
0.0016
0.00167
0.00175
0.00183
0.00192
0.002
0.00208
0.00217
0.00226
0.00235
0.00245
0.00253
0.00263
0.00272
0.00281
0.0029
0.00299
0.00307
0.00316
0.00324
0.00333
0.0034
0.00348
0.00355
0.00362
0.00369
0.00376
0.00381
0.00387
0.00392
0.00398
0.00402
0.00407
0.0041
0.00415
0.00418
0.00421
0.00424
0.00426
0.00429
0.00431
0.00433
0.00435
0.00436
0.00438
0.00439
0.00441
0.00442
0.00443
0.00444
0.00445
0.00446
0.00447
0.00447
0.00447
0.00448
0.00449
0.00449
0.0045
0.00449
0.00449
0.00449
0.00449
0.00448
0.00448
0.00447
0.00447
0.00446
0.00445
0.00444
0.00443
0.00441
0.0044
0.00438
0.00437
0.00434
0.00433
0.0043
0.00429
0.00426
0.00424
0.0042
0.00419
0.00416
0.00412
0.00409
0.00406
0.00403
0.004
0.00397
0.00394
0.00389
0.00387
0.00383
0.00379
0.00375
0.00371
0.00366
0.00362
0.00358
0.00353
0.00348
0.00342
0.00337
0.00332
0.00326
0.0032
0.00313
0.00306
0.00299
0.00292
0.00283
0.00275
0.00266
0.00258
0.00248
0.00238
0.00228
0.00217
0.00206
0.00194
0.00182
0.0017
0.00156
0.00144
0.0013
0.00116
0.00101
0.00087
0.00072
0.00058
0.00042
0.00027
0.00011
-5e-05
-0.0002
-0.00036
-0.00051
-0.00066
-0.00082
-0.00097
-0.00112
-0.00126
-0.00141
-0.00155
-0.00169
-0.00182
-0.00195
-0.00207
-0.00219
-0.00231
-0.00242
-0.00252
-0.00262
-0.00271
-0.0028
-0.00288
-0.00296
-0.00302
-0.00309
-0.00315
-0.00321
-0.00325
-0.00329
-0.00333
-0.00337
-0.0034
-0.00342
-0.00344
-0.00345
-0.00346
-0.00347
-0.00347
-0.00347
-0.00346
-0.00346
-0.00344
-0.00343
-0.0034
-0.00338
-0.00335
-0.00332
-0.00329
-0.00324
-0.0032
-0.00315
-0.00309
-0.00304
-0.00298
-0.00291
-0.00284
-0.00277
-0.00269
-0.00261
-0.00252
-0.00243
-0.00233
-0.00224
-0.00214
-0.00203
-0.00192
-0.00181
-0.00169
-0.00158
-0.00145
-0.00134
-0.00121
-0.00109
-0.00096
-0.00084
-0.00071
-0.00059
-0.00046
-0.00034
-0.00022
-9e-05
3e-05
0.00015
0.00027
0.00038
0.0005
0.0006
0.00072
0.00082
0.00093
0.00103
0.00113
0.00123
0.00133
0.00142
0.00151
0.0016
0.00169
0.00178
0.00187
0.00194
0.00203
0.00211
0.00219
0.00226
0.00234
0.00241
0.00249
0.00256
0.00263
0.0027
0.00276
0.00283
0.0029
0.00296
0.00302
0.00307
0.00313
0.00318
0.00323
0.00328
0.00333
0.00336
0.00341
0.00344
0.00347
0.0035
0.00353
0.00356
0.00358
0.00361
0.00363
0.00364
0.00366
0.00367
0.00369
0.0037
0.00371
0.00371
0.00373
0.00373
0.00374
0.00374
0.00375
0.00375
0.00376
0.00376
0.00377
0.00376
0.00377
0.00377
0.00378
0.00377
0.00377
0.00376
0.00376
0.00376
0.00375
0.00374
0.00373
0.00372
0.00371
0.0037
0.00369
0.00367
0.00366
0.00363
0.00362
0.00359
0.00357
0.00355
0.00353
0.0035
0.00348
0.00345
0.00343
0.00341
0.00338
0.00336
0.00334
0.00331
0.00329
0.00326
0.00325
0.00322
0.00321
0.00318
0.00317
0.00315
0.00314
0.00312
0.0031
0.00309
0.00308
0.00307
0.00306
0.00304
0.00303
0.00301
0.003
0.00298
0.00297
0.00295
0.00295
0.00293
0.00291
0.00289
0.00288
0.00286
0.00284
0.00283
0.00281
0.00278
0.00277
0.00275
0.00273
0.00271
0.00269
0.00267
0.00266
0.00264
0.00262
0.0026
0.00258
0.00257
0.00256
0.00255
0.00254
0.00252
0.00252
0.00251
0.00251
0.0025
0.0025
0.00249
0.00249
0.00249
0.00249
0.00249
0.00249
0.00249
0.0025
0.0025
0.0025
0.0025
0.0025
0.0025
0.00251
0.0025
0.0025
0.0025
0.0025
0.00249
0.00249
0.00248
0.00247
0.00246
0.00245
0.00244
0.00243
0.00241
0.0024
0.00238
0.00237
0.00234
0.00233
0.0023
0.00229
0.00226
0.00224
0.00221
0.00218
0.00216
0.00213
0.0021
0.00208
0.00204
0.00201
0.00198
0.00195
0.00192
0.00188
0.00185
0.00182
0.00178
0.00174
0.0017
0.00166
0.00162
0.00158
0.00154
0.00149
0.00144
0.0014
0.00135
0.00131
0.00125
0.00121
0.00115
0.00111
0.00105
0.001
0.00095
0.00089
0.00084
0.00079
0.00073
0.00068
0.00062
0.00057
0.00051
0.00047
0.00041
0.00036
0.0003
0.00026
0.0002
0.00015
0.0001
5e-05
-0.0
-5e-05
-9e-05
-0.00014
-0.00019
-0.00023
-0.00028
-0.00031
-0.00036
-0.00039
-0.00044
-0.00046
-0.0005
-0.00054
-0.00057
-0.00059
-0.00062
-0.00064
-0.00066
-0.00067
-0.00069
-0.0007
-0.00071
-0.00071
-0.00071
-0.00071
-0.00071
-0.00069
-0.00068
-0.00067
-0.00065
-0.00063
-0.00061
-0.00057
-0.00055
-0.00051
-0.00048
-0.00044
-0.00041
-0.00036
-0.00033
-0.00028
-0.00024
-0.00019
-0.00015
-0.00011
-6e-05
-2e-05
3e-05
8e-05
0.00012
0.00017
0.00021
0.00026
0.0003
0.00035
0.00039
0.00044
0.00048
0.00054
0.00058
0.00063
0.00067
0.00072
0.00077
0.00082
0.00087
0.00092
0.00097
0.00103
0.00107
0.00113
0.00118
0.00124
0.00129
0.00135
0.00141
0.00146
0.00152
0.00157
0.00163
0.00169
0.00175
0.00181
0.00186
0.00193
0.00198
0.00204
0.00209
0.00215
0.0022
0.00226
0.00231
0.00236
0.00242
0.00246
0.00251
0.00256
0.00261
0.00266
0.00269
0.00274
0.00277
0.00281
0.00284
0.00287
0.00289
0.00292
0.00294
0.00295
0.00296
0.00297
0.00297
0.00297
0.00297
0.00296
0.00294
0.00293
0.0029
0.00288
0.00284
0.00281
0.00277
0.00273
0.00268
0.00263
0.00257
0.00251
0.00245
0.00239
0.00233
0.00227
0.00219
0.00213
0.00206
0.00199
0.00192
0.00185
0.00178
0.00172
0.00165
0.00158
0.00151
0.00145
0.00139
0.00133
0.00127
0.00122
0.00116
0.00111
0.00105
0.00101
0.00096
0.00092
0.00087
0.00083
0.00079
0.00075
0.00072
0.00068
0.00065
0.00062
0.0006
0.00058
0.00055
0.00053
0.00051
0.0005
0.00048
0.00047
0.00046
0.00046
0.00045
0.00045
0.00045
0.00045
0.00046
0.00046
0.00047
0.00049
0.00049
0.00051
0.00052
0.00055
0.00056
0.00058
0.0006
0.00062
0.00064
0.00066
0.00068
0.0007
0.00072
0.00074
0.00076
0.00079
0.0008
0.00083
0.00084
0.00086
0.00088
0.0009
0.00091
0.00093
0.00094
0.00096
0.00097
0.00098
0.00099
0.00101
0.00102
0.00104
0.00104
0.00106
0.00106
0.00108
0.00108
0.0011
0.0011
0.00111
0.00112
0.00112
0.00113
0.00113
0.00113
0.00114
0.00114
0.00114
0.00113
0.00113
0.00112
0.00112
0.0011
0.00109
0.00108
0.00107
0.00105
0.00103
0.00101
0.00098
0.00096
0.00094
0.00092
0.0009
0.00086
0.00084
0.00081
0.00079
0.00075
0.00073
0.0007
0.00068
0.00064
0.00061
0.00059
0.00056
0.00053
0.00051
0.00048
0.00046
0.00043
0.00041
0.00038
0.00037
0.00034
0.00032
0.00029
0.00028
0.00025
0.00023
0.00021
0.00019
0.00017
0.00016
0.00014
0.00012
0.0001
9e-05
7e-05
6e-05
4e-05
3e-05
0.0
-0.0
-2e-05
-3e-05
-4e-05
-5e-05
-6e-05
-7e-05
-7e-05
-7e-05
-8e-05
-8e-05
-8e-05
-8e-05
-8e-05
-8e-05
-8e-05
-6e-05
-6e-05
-5e-05
-4e-05
-3e-05
-2e-05
-0.0
1e-05
4e-05
5e-05
7e-05
9e-05
0.00012
0.00013
0.00016
0.00018
0.00022
0.00024
0.00026
0.00029
0.00032
0.00035
0.00038
0.00042
0.00045
0.00048
0.00052
0.00055
0.00059
0.00062
0.00067
0.0007
0.00074
0.00078
0.00082
0.00085
0.00089
0.00094
0.00098
0.00102
0.00107
0.0011
0.00115
0.00119
0.00123
0.00127
0.00132
0.00135
0.0014
0.00144
0.00148
0.00151
0.00155
0.00159
0.00163
0.00166
0.0017
0.00173
0.00176
0.00179
0.00183
0.00185
0.00188
0.0019
0.00193
0.00195
0.00197
0.00199
0.002
0.00202
0.00204
0.00206
0.00207
0.00208
0.00209
0.0021
0.00211
0.00211
0.00212
0.00212
0.00213
0.00213
0.00213
0.00213
0.00213
0.00213
0.00213
0.00212
0.00212
0.00211
0.00211
0.0021
0.00209
0.00208
0.00207
0.00206
0.00206
0.00204
0.00203
0.00202
0.00201
0.002
0.00199
0.00199
0.00198
0.00197
0.00197
0.00197
0.00197
0.00197
0.00198
0.00198
0.00199
0.002
0.00201
0.00203
0.00204
0.00206
0.00209
0.00211
0.00214
0.00216
0.00219
0.00221
0.00225
0.00228
0.00231
0.00233
0.00237
0.0024
0.00243
0.00246
0.00248
0.00251
0.00254
0.00256
0.00259
0.0026
0.00263
0.00264
0.00266
0.00267
0.00269
0.00269
0.00271
0.00271
0.00272
0.00273
0.00273
0.00274
0.00274
0.00274
0.00275
0.00274
0.00275
0.00275
0.00275
0.00275
0.00275
0.00274
0.00275
0.00274
0.00274
0.00273
0.00273
0.00272
0.00272
0.00271
0.0027
0.00268
0.00267
0.00265
0.00264
0.00261
0.00259
0.00256
0.00254
0.00251
0.00248
0.00244
0.00241
0.00237
0.00234
0.0023
0.00226
0.00221
0.00217
0.00213
0.00209
0.00204
0.002
0.00195
0.00192
0.00188
0.00184
0.0018
0.00176
0.00173
0.0017
0.00167
0.00165
0.00161
0.0016
0.00157
0.00156
0.00153
0.00152
0.0015
0.00149
0.00147
0.00146
0.00145
0.00143
0.00142
0.00141
0.0014
0.00139
0.00138
0.00137
0.00135
0.00135
0.00133
0.00132
0.0013
0.00129
0.00127
0.00125
0.00124
0.00122
0.0012
0.00119
0.00117
0.00116
0.00114
0.00113
0.00111
0.0011
0.00109
0.00108
0.00106
0.00106
0.00105
0.00104
0.00104
0.00103
0.00103
0.00103
0.00102
0.00103
0.00101
0.00102
0.00101
0.00102
0.00101
0.00101
0.001
0.00101
0.001
0.00099
0.00099
0.00098
0.00097
0.00096
0.00095
0.00094
0.00092
0.00092
0.0009
0.00089
0.00087
0.00086
0.00084
0.00083
0.00081
0.0008
0.00079
0.00077
0.00076
0.00076
0.00076
0.00076
0.00075
0.00076
0.00076
0.00077
0.00077
0.00079
0.00079
0.00082
0.00083
0.00085
0.00087
0.00089
0.00091
0.00094
0.00096
0.00099
0.001
0.00103
0.00105
0.00107
0.00109
0.0011
0.00111
0.00113
0.00114
0.00114
0.00114
0.00114
0.00114
0.00113
0.00112
0.00111
0.00109
0.00107
0.00105
0.00103
0.00099
0.00096
0.00092
0.00089
0.00084
0.0008
0.00075
0.0007
0.00066
0.00061
0.00056
0.00051
0.00045
0.0004
0.00034
0.00029
0.00023
0.00018
0.00011
6e-05
0.0
-5e-05
-0.00011
-0.00017
-0.00022
-0.00028
-0.00033
-0.00038
-0.00044
-0.00048
-0.00053
-0.00057
-0.00062
-0.00066
-0.00071
-0.00074
-0.00078
-0.00081
-0.00084
-0.00088
-0.0009
-0.00092
-0.00094
-0.00095
-0.00097
-0.00097
-0.00098
-0.00098
-0.00098
-0.00097
-0.00097
-0.00096
-0.00095
-0.00094
-0.00092
-0.00091
-0.00088
-0.00086
-0.00083
-0.00081
-0.00079
-0.00076
-0.00073
-0.0007
-0.00068
-0.00065
-0.00063
-0.00059
-0.00057
-0.00054
-0.00052
-0.0005
-0.00047
-0.00044
-0.00042
-0.0004
-0.00039
-0.00036
-0.00034
-0.00032
-0.00031
-0.00029
-0.00028
-0.00026
-0.00025
-0.00023
-0.00022
-0.0002
-0.00019
-0.00017
-0.00016
-0.00014
-0.00013
-0.00011
-0.0001
-8e-05
-7e-05
-5e-05
-4e-05
-2e-05
-1e-05
0.0
2e-05
3e-05
5e-05
7e-05
8e-05
0.0001
0.0001
0.00012
0.00013
0.00015
0.00016
0.00018
0.00018
0.0002
0.00021
0.00022
0.00023
0.00024
0.00025
0.00027
0.00028
0.0003
0.0003
0.00032
0.00033
0.00035
0.00036
0.00038
0.0004
0.00043
0.00045
0.00047
0.00049
0.00052
0.00055
0.00058
0.00062
0.00066
0.00069
0.00073
0.00077
0.00082
0.00086
0.00092
0.00096
0.00103
0.00108
0.00113
0.00119
0.00125
0.00132
0.00139
0.00146
0.00153
0.0016
0.00168
0.00174
0.00183
0.0019
0.00198
0.00206
0.00215
0.00223
0.00231
0.00239
0.00248
0.00257
0.00266
0.00275
0.00284
0.00292
0.00302
0.0031
0.0032
0.00328
0.00337
0.00346
0.00355
0.00363
0.00372
0.0038
0.00388
0.00396
0.00403
0.0041
0.00418
0.00423
0.0043
0.00435
0.00441
0.00446
0.0045
0.00454
0.00457
0.0046
0.00462
0.00463
0.00464
0.00465
0.00465
0.00464
0.00463
0.00461
0.00459
0.00456
0.00454
0.00449
0.00446
0.00441
0.00436
0.00431
0.00425
0.00419
0.00412
0.00406
0.00399
0.00392
0.00385
0.00377
0.00369
0.00361
0.00353
0.00344
0.00335
0.00325
0.00317
0.00307
0.00297
0.00286
0.00275
0.00264
0.00254
0.00242
0.00231
0.00218
0.00207
0.00194
0.00182
