6.96329513386319E+02

0.00013
8e-05
4e-05
-1e-05
-4e-05
-9e-05
-0.00013
-0.00017
-0.00021
-0.00024
-0.00028
-0.00031
-0.00034
-0.00039
-0.00042
-0.00045
-0.00048
-0.00052
-0.00055
-0.00059
-0.00062
-0.00066
-0.00069
-0.00072
-0.00076
-0.00079
-0.00082
-0.00085
-0.00088
-0.00091
-0.00094
-0.00097
-0.001
-0.00104
-0.00106
-0.0011
-0.00112
-0.00116
-0.00119
-0.00122
-0.00125
-0.00128
-0.00131
-0.00134
-0.00137
-0.00141
-0.00144
-0.00147
-0.0015
-0.00154
-0.00156
-0.0016
-0.00162
-0.00165
-0.00168
-0.00171
-0.00173
-0.00175
-0.00177
-0.00179
-0.0018
-0.00182
-0.00183
-0.00184
-0.00184
-0.00185
-0.00184
-0.00184
-0.00183
-0.00182
-0.00181
-0.00179
-0.00177
-0.00175
-0.00171
-0.00168
-0.00165
-0.00162
-0.00157
-0.00153
-0.00148
-0.00144
-0.00139
-0.00134
-0.00129
-0.00124
-0.00118
-0.00113
-0.00108
-0.00102
-0.00097
-0.00091
-0.00086
-0.00081
-0.00076
-0.00071
-0.00066
-0.00062
-0.00056
-0.00053
-0.00048
-0.00044
-0.0004
-0.00037
-0.00034
-0.0003
-0.00027
-0.00024
-0.00021
-0.00019
-0.00016
-0.00014
-0.00011
-0.0001
-7e-05
-6e-05
-4e-05
-2e-05
-1e-05
1e-05
2e-05
4e-05
5e-05
6e-05
8e-05
8e-05
0.0001
0.0001
0.00011
0.00011
0.00012
0.00012
0.00013
0.00013
0.00013
0.00012
0.00012
0.00011
0.00011
0.0001
9e-05
7e-05
5e-05
3e-05
1e-05
-1e-05
-3e-05
-7e-05
-9e-05
-0.00012
-0.00015
-0.00018
-0.00022
-0.00025
-0.00028
-0.00031
-0.00034
-0.00038
-0.0004
-0.00043
-0.00045
-0.00048
-0.00049
-0.00052
-0.00053
-0.00054
-0.00055
-0.00056
-0.00056
-0.00056
-0.00056
-0.00055
-0.00054
-0.00053
-0.00051
-0.00049
-0.00046
-0.00044
-0.00041
-0.00039
-0.00035
-0.00032
-0.00029
-0.00025
-0.00021
-0.00017
-0.00013
-9e-05
-5e-05
-2e-05
3e-05
7e-05
0.00011
0.00014
0.00019
0.00022
0.00026
0.00029
0.00032
0.00035
0.00038
0.00042
0.00045
0.00047
0.0005
0.00051
0.00054
0.00056
0.00058
0.00059
0.0006
0.00061
0.00062
0.00062
0.00063
0.00063
0.00063
0.00063
0.00062
0.00062
0.00061
0.00059
0.00059
0.00057
0.00056
0.00053
0.00052
0.00049
0.00048
0.00046
0.00043
0.00041
0.00038
0.00036
0.00034
0.00032
0.00031
0.00028
0.00026
0.00024
0.00023
0.00021
0.00019
0.00017
0.00017
0.00015
0.00014
0.00013
0.00012
0.00011
0.00011
0.0001
0.0001
9e-05
9e-05
9e-05
9e-05
9e-05
9e-05
9e-05
0.0001
0.0001
0.0001
0.0001
0.00011
0.00012
0.00013
0.00015
0.00017
0.00018
0.0002
0.00022
0.00025
0.00028
0.00032
0.00035
0.00041
0.00045
0.0005
0.00056
0.00062
0.0007
0.00077
0.00085
0.00094
0.00103
0.00113
0.00122
0.00134
0.00144
0.00156
0.00167
0.0018
0.00191
0.00204
0.00216
0.00229
0.00242
0.00255
0.00268
0.00281
0.00293
0.00306
0.00318
0.00331
0.00342
0.00355
0.00366
0.00378
0.00388
0.00399
0.00409
0.00419
0.00429
0.00439
0.00448
0.00458
0.00466
0.00475
0.00483
0.00493
0.005
0.00509
0.00516
0.00525
0.00533
0.0054
0.00548
0.00555
0.00563
0.0057
0.00577
0.00585
0.00591
0.00598
0.00604
0.00611
0.00616
0.00622
0.00626
0.00632
0.00636
0.00641
0.00644
0.00647
0.0065
0.00653
0.00655
0.00657
0.00657
0.00659
0.00659
0.00659
0.00658
0.00658
0.00656
0.00655
0.00653
0.00651
0.00648
0.00645
0.00642
0.00638
0.00635
0.00631
0.00626
0.00622
0.00616
0.00611
0.00605
0.006
0.00593
0.00587
0.00579
0.00572
0.00563
0.00555
0.00546
0.00537
0.00527
0.00517
0.00505
0.00495
0.00483
0.00471
0.00458
0.00445
0.00431
0.00418
0.00404
0.0039
0.00375
0.0036
0.00345
0.00331
0.00316
0.00301
0.00285
0.00271
0.00256
0.00242
0.00228
0.00214
0.00199
0.00187
0.00173
0.0016
0.00148
0.00135
0.00124
0.00112
0.00101
0.00091
0.0008
0.0007
0.0006
0.0005
0.0004
0.00031
0.00021
0.00013
4e-05
-5e-05
-0.00014
-0.00022
-0.0003
-0.00039
-0.00047
-0.00054
-0.00063
-0.0007
-0.00078
-0.00085
-0.00093
-0.001
-0.00107
-0.00113
-0.0012
-0.00126
-0.00132
-0.00138
-0.00144
-0.00149
-0.00153
-0.00157
-0.00163
-0.00166
-0.0017
-0.00173
-0.00176
-0.00179
-0.00182
-0.00184
-0.00186
-0.00188
-0.0019
-0.00192
-0.00193
-0.00194
-0.00195
-0.00196
-0.00198
-0.00198
-0.00199
-0.002
-0.00201
-0.00201
-0.00201
-0.00201
-0.00201
-0.00201
-0.00201
-0.00201
-0.002
-0.00198
-0.00197
-0.00195
-0.00194
-0.00191
-0.00189
-0.00186
-0.00183
-0.0018
-0.00176
-0.00171
-0.00168
-0.00163
-0.00158
-0.00153
-0.00147
-0.00141
-0.00136
-0.00129
-0.00124
-0.00116
-0.0011
-0.00103
-0.00097
-0.0009
-0.00084
-0.00077
-0.00071
-0.00064
-0.00058
-0.00052
-0.00046
-0.0004
-0.00034
-0.00028
-0.00024
-0.00018
-0.00013
-8e-05
-4e-05
1e-05
5e-05
0.0001
0.00014
0.00018
0.00022
0.00025
0.00029
0.00033
0.00037
0.00041
0.00043
0.00047
0.0005
0.00054
0.00056
0.0006
0.00062
0.00066
0.00068
0.00071
0.00073
0.00076
0.00078
0.00081
0.00083
0.00085
0.00086
0.00089
0.0009
0.00092
0.00093
0.00095
0.00095
0.00097
0.00098
0.00099
0.001
0.001
0.00102
0.00103
0.00104
0.00106
0.00106
0.00108
0.00109
0.00111
0.00112
0.00114
0.00116
0.00119
0.00121
0.00123
0.00125
0.00128
0.0013
0.00133
0.00136
0.00139
0.00141
0.00145
0.00147
0.0015
0.00152
0.00155
0.00156
0.00159
0.00161
0.00162
0.00163
0.00164
0.00165
0.00166
0.00166
0.00166
0.00165
0.00165
0.00163
0.00162
0.0016
0.00158
0.00156
0.00154
0.0015
0.00147
0.00144
0.0014
0.00137
0.00133
0.0013
0.00126
0.00121
0.00118
0.00113
0.0011
0.00105
0.00102
0.00097
0.00095
0.00091
0.00087
0.00084
0.00081
0.00078
0.00075
0.00073
0.00071
0.00068
0.00067
0.00066
0.00065
0.00063
0.00063
0.00063
0.00063
0.00063
0.00064
0.00065
0.00066
0.00068
0.0007
0.00072
0.00075
0.00077
0.00081
0.00083
0.00087
0.00091
0.00095
0.00098
0.00103
0.00107
0.00112
0.00116
0.00121
0.00126
0.00131
0.00135
0.00141
0.00145
0.0015
0.00155
0.0016
0.00164
0.00169
0.00173
0.00178
0.00182
0.00186
0.0019
0.00194
0.00198
0.00202
0.00206
0.0021
0.00212
0.00217
0.0022
0.00224
0.00226
0.0023
0.00233
0.00237
0.00239
0.00242
0.00245
0.00248
0.00251
0.00254
0.00256
0.00259
0.0026
0.00263
0.00265
0.00267
0.00268
0.0027
0.00271
0.00273
0.00273
0.00274
0.00274
0.00274
0.00275
0.00275
0.00274
0.00274
0.00272
0.00271
0.0027
0.00269
0.00266
0.00265
0.00262
0.0026
0.00258
0.00255
0.00252
0.00249
0.00246
0.00243
0.0024
0.00237
0.00234
0.00231
0.00227
0.00224
0.00221
0.00218
0.00214
0.00211
0.00208
0.00205
0.00202
0.00199
0.00196
0.00193
0.00191
0.00188
0.00185
0.00184
0.00181
0.0018
0.00177
0.00176
0.00174
0.00173
0.00171
0.0017
0.00169
0.00168
0.00168
0.00168
0.00168
0.00168
0.00168
0.00169
0.00169
0.00171
0.00171
0.00173
0.00174
0.00177
0.00179
0.00181
0.00183
0.00186
0.0019
0.00193
0.00197
0.00202
0.00206
0.00211
0.00216
0.00222
0.00227
0.00234
0.0024
0.00248
0.00256
0.00264
0.00272
0.00281
0.00291
0.00301
0.00311
0.00322
0.00333
0.00345
0.00357
0.0037
0.00383
0.00396
0.00409
0.00424
0.00437
0.00452
0.00466
0.00481
0.00495
0.0051
0.00525
0.00541
0.00555
0.0057
0.00584
0.00599
0.00613
0.00628
0.00642
0.00656
0.0067
0.00683
0.00696
0.00709
0.00722
0.00735
0.00748
0.0076
0.00772
0.00785
0.00797
0.00809
0.00821
0.00833
0.00845
0.00857
0.00869
0.00882
0.00894
0.00906
0.00919
0.00932
0.00944
0.00958
0.0097
0.00984
0.00997
0.01011
0.01024
0.01039
0.01052
0.01067
0.0108
0.01094
0.01108
0.01122
0.01136
0.0115
0.01163
0.01177
0.01189
0.01203
0.01216
0.01229
0.0124
0.01252
0.01263
0.01275
0.01286
0.01296
0.01306
0.01316
0.01325
0.01335
0.01343
0.01352
0.01359
0.01367
0.01373
0.0138
0.01386
0.01392
0.01397
0.01403
0.01407
0.01411
0.01415
0.01418
0.01421
0.01424
0.01426
0.01429
0.01429
0.01431
0.01431
0.01432
0.01431
0.0143
0.01429
0.01428
0.01425
0.01423
0.0142
0.01416
0.01412
0.01408
0.01403
0.01398
0.01392
0.01387
0.0138
0.01374
0.01367
0.0136
0.01352
0.01345
0.01337
0.01329
0.01321
0.01314
0.01306
0.01299
0.01291
0.01285
0.01277
0.01271
0.01264
0.01259
0.01254
0.01249
0.01244
0.01241
0.01237
0.01235
0.01232
0.01231
0.0123
0.0123
0.0123
0.01231
0.01232
0.01234
0.01237
0.0124
0.01243
0.01247
0.01251
0.01257
0.01262
0.01267
0.01273
0.01279
0.01286
0.01293
0.013
0.01308
0.01314
0.01323
0.0133
0.01339
0.01347
0.01356
0.01364
0.01373
0.01382
0.01391
0.014
0.01409
0.01419
0.01429
0.01439
0.01449
0.01458
0.01469
0.01479
0.01489
0.01499
0.0151
0.0152
0.0153
0.0154
0.0155
0.0156
0.01569
0.01579
0.01588
0.01597
0.01606
0.01614
0.01623
0.0163
0.01638
0.01644
0.01651
0.01657
0.01663
0.01668
0.01673
0.01677
0.01681
0.01685
0.01688
0.01691
0.01694
0.01696
0.01698
0.01699
0.01701
0.01702
0.01703
0.01703
0.01704
0.01704
0.01703
0.01703
0.01702
0.01701
0.017
0.01699
0.01698
0.01695
0.01694
0.01691
0.01689
0.01685
0.01683
0.01679
0.01676
0.01671
0.01667
0.01662
0.01657
0.01652
0.01646
0.01641
0.01635
0.01628
0.01621
0.01614
0.01607
0.01599
0.01592
0.01584
0.01576
0.01568
0.0156
0.01551
0.01543
0.01534
0.01526
0.01517
0.01509
0.015
0.01491
0.01482
0.01474
0.01465
0.01457
0.01448
0.01439
0.01431
0.01422
0.01413
0.01405
0.01396
0.01388
0.01379
0.01371
0.01362
0.01354
0.01346
0.01338
0.01329
0.01321
0.01313
0.01305
0.01297
0.0129
0.01282
0.01274
0.01268
0.01261
0.01254
0.01248
0.01241
0.01236
0.0123
0.01225
0.0122
0.01216
0.01211
0.01208
0.01204
0.012
0.01197
0.01194
0.01192
0.0119
0.01188
0.01187
0.01185
0.01184
0.01183
0.01182
0.01181
0.01181
0.0118
0.01181
0.0118
0.0118
0.0118
0.0118
0.0118
0.01181
0.01181
0.01181
0.01181
0.01182
0.01182
0.01182
0.01182
0.01182
0.01182
0.01182
0.01182
0.01182
0.01182
0.01181
0.01181
0.01181
0.0118
0.0118
0.01178
0.01178
0.01176
0.01176
0.01174
0.01173
0.01171
0.01169
0.01167
0.01165
0.01162
0.01159
0.01157
0.01154
0.0115
0.01147
0.01143
0.01139
0.01135
0.01131
0.01126
0.01121
0.01116
0.01111
0.01105
0.011
0.01094
0.01087
0.01081
0.01075
0.01068
0.01062
0.01054
0.01048
0.0104
0.01033
0.01025
0.01018
0.01009
0.01002
0.00994
0.00986
0.00978
0.00969
0.00961
0.00953
0.00945
0.00937
0.00928
0.0092
0.00912
0.00905
0.00896
0.00889
0.00881
0.00874
0.00867
0.0086
0.00853
0.00846
0.0084
0.00834
0.00828
0.00823
0.00817
0.00812
0.00807
0.00803
0.00798
0.00794
0.00789
0.00786
0.00782
0.00778
0.00774
0.00771
0.00767
0.00764
0.00761
0.00758
0.00754
0.0075
0.00746
0.00743
0.00739
0.00735
0.00731
0.00728
0.00723
0.00719
0.00714
0.00709
0.00705
0.007
0.00695
0.0069
0.00684
0.0068
0.00674
0.0067
0.00664
0.00659
0.00653
0.00649
0.00643
0.00638
0.00633
0.00628
0.00623
0.00619
0.00614
0.0061
0.00605
0.00601
0.00597
0.00594
0.00589
0.00586
0.00582
0.00579
0.00575
0.00572
0.00569
0.00565
0.00562
0.00559
0.00556
0.00553
0.00548
0.00545
0.00541
0.00538
0.00534
0.0053
0.00525
0.00522
0.00517
0.00512
0.00508
0.00502
0.00498
0.00493
0.00488
0.00483
0.00477
0.00473
0.00468
0.00463
0.00458
0.00454
0.00449
0.00445
0.00441
0.00437
0.00433
0.0043
0.00427
0.00425
0.00423
0.00421
0.00419
0.00418
0.00417
0.00417
0.00417
0.00417
0.00417
0.00418
0.00419
0.0042
0.00421
0.00421
0.00423
0.00424
0.00425
0.00426
0.00426
0.00428
0.00428
0.00429
0.00428
0.00428
0.00427
0.00427
0.00425
0.00424
0.00422
0.0042
0.00418
0.00416
0.00413
0.00411
0.00408
0.00405
0.00402
0.00399
0.00396
0.00394
0.0039
0.00388
0.00385
0.00383
0.00381
0.00379
0.00378
0.00376
0.00375
0.00374
0.00373
0.00373
0.00373
0.00373
0.00373
0.00374
0.00374
0.00376
0.00376
0.00377
0.00378
0.00379
0.0038
0.00382
0.00383
0.00384
0.00384
0.00386
0.00386
0.00387
0.00387
0.00388
0.00388
0.00389
0.00388
0.00388
0.00388
0.00388
0.00388
0.00387
0.00387
0.00387
0.00386
0.00386
0.00385
0.00385
0.00384
0.00384
0.00383
0.00383
0.00383
0.00382
0.00382
0.00382
0.00382
0.00382
0.00382
0.00383
0.00382
0.00383
0.00383
0.00384
0.00384
0.00385
0.00385
0.00386
0.00387
0.00388
0.00388
0.00389
0.0039
0.00391
0.00392
0.00393
0.00393
0.00394
0.00394
0.00395
0.00395
0.00396
0.00396
0.00397
0.00397
0.00397
0.00396
0.00396
0.00396
0.00395
0.00395
0.00394
0.00392
0.00392
0.0039
0.00389
0.00386
0.00385
0.00382
0.0038
0.00378
0.00375
0.00372
0.00369
0.00366
0.00363
0.0036
0.00357
0.00353
0.0035
0.00347
0.00344
0.0034
0.00337
0.00333
0.00331
0.00328
0.00324
0.00321
0.00318
0.00316
0.00313
0.00311
0.00309
0.00306
0.00304
0.00302
0.003
0.00298
0.00297
0.00294
0.00293
0.00291
0.00289
0.00287
0.00285
0.00284
0.00282
0.0028
0.00278
0.00275
0.00274
0.00271
0.0027
0.00267
0.00264
0.00261
0.00259
0.00256
0.00254
0.0025
0.00248
0.00245
0.00242
0.00239
0.00237
0.00233
0.00231
0.00228
0.00226
0.00223
0.0022
0.00218
0.00216
0.00213
0.00211
0.00209
0.00207
0.00206
0.00204
0.00202
0.00201
0.00199
0.00198
0.00196
0.00195
0.00193
0.00192
0.0019
0.00189
0.00187
0.00185
0.00183
0.0018
0.00178
0.00176
0.00173
0.00171
0.00167
0.00165
0.00161
0.00158
0.00154
0.00151
0.00146
0.00143
0.00138
0.00134
0.0013
0.00125
0.0012
0.00116
0.00111
0.00107
0.00101
0.00097
0.00092
0.00087
0.00082
0.00077
0.00072
0.00068
0.00063
0.00058
0.00053
0.00048
0.00043
0.00039
0.00034
0.0003
0.00024
0.0002
0.00015
0.00011
6e-05
2e-05
-3e-05
-7e-05
-0.00012
-0.00016
-0.0002
-0.00024
-0.00027
-0.00031
-0.00034
-0.00037
-0.00041
-0.00043
-0.00046
-0.00048
-0.00051
-0.00052
-0.00054
-0.00055
-0.00056
-0.00057
-0.00058
-0.00059
-0.00059
-0.00059
-0.00058
-0.00058
-0.00058
-0.00056
-0.00056
-0.00054
-0.00054
-0.00052
-0.00051
-0.00049
-0.00047
-0.00046
-0.00044
-0.00043
-0.00041
-0.00039
-0.00037
-0.00035
-0.00034
-0.00032
-0.0003
-0.00028
-0.00027
-0.00026
-0.00025
-0.00023
-0.00022
-0.00021
-0.00021
-0.0002
-0.00019
-0.00019
-0.00019
-0.00018
-0.00019
-0.00019
-0.00019
-0.00019
-0.0002
-0.00021
-0.00023
-0.00023
-0.00025
-0.00027
-0.00029
-0.00031
-0.00033
-0.00035
-0.00037
-0.0004
-0.00043
-0.00045
-0.00049
-0.00051
-0.00054
-0.00057
-0.00061
-0.00063
-0.00066
-0.00069
-0.00071
-0.00074
-0.00077
-0.00078
-0.0008
-0.00082
-0.00084
-0.00085
-0.00086
-0.00086
-0.00087
-0.00086
-0.00087
-0.00085
-0.00084
-0.00082
-0.0008
-0.00078
-0.00075
-0.00071
-0.00067
-0.00062
-0.00058
-0.00052
-0.00047
-0.0004
-0.00034
-0.00027
-0.0002
-0.00012
-4e-05
5e-05
0.00014
0.00023
0.00033
0.00043
0.00053
0.00064
0.00074
0.00086
0.00097
0.00108
0.00119
0.00131
0.00142
0.00155
0.00166
0.00178
0.00189
0.002
0.00212
0.00223
0.00234
0.00245
0.00255
0.00266
0.00275
0.00285
0.00294
0.00303
0.00311
0.0032
0.00327
0.00334
0.0034
0.00346
0.00352
0.00357
0.00362
0.00366
0.00369
0.00373
0.00375
0.00379
0.0038
0.00382
0.00382
0.00383
0.00383
0.00383
0.00382
0.00381
0.0038
0.00378
0.00376
0.00374
0.0037
0.00367
0.00363
0.00359
0.00354
0.00349
0.00343
0.00338
0.00332
0.00325
0.00318
0.0031
0.00303
0.00295
0.00287
0.00279
0.00269
0.0026
0.00251
0.00242
0.00231
0.00222
0.00211
0.00202
0.00192
0.00181
0.00171
0.00161
0.00151
0.00142
0.00132
0.00123
0.00113
0.00104
0.00095
0.00087
0.00078
0.0007
0.00061
0.00054
0.00046
0.00039
0.00032
0.00024
0.00018
0.00012
5e-05
-0.0
-7e-05
-0.00012
-0.00018
-0.00023
-0.00029
-0.00034
-0.00039
-0.00043
-0.00048
-0.00053
-0.00057
-0.00061
-0.00065
-0.00068
-0.00071
-0.00073
-0.00077
-0.00078
-0.0008
-0.00081
-0.00083
-0.00083
-0.00084
-0.00083
-0.00083
-0.00082
-0.0008
-0.00079
-0.00077
-0.00074
-0.00071
-0.00067
-0.00065
-0.00061
-0.00057
-0.00052
-0.00049
-0.00044
-0.0004
-0.00034
-0.0003
-0.00025
-0.00021
-0.00016
-0.00012
-7e-05
-2e-05
3e-05
6e-05
0.00011
0.00015
0.00019
0.00023
0.00027
0.0003
0.00034
0.00038
0.00041
0.00045
0.00048
0.00052
0.00056
0.00059
0.00063
0.00066
0.0007
0.00073
0.00077
0.00081
0.00085
0.00088
0.00093
0.00096
0.001
0.00103
0.00106
0.0011
0.00114
0.00117
0.00121
0.00123
0.00126
0.00129
0.00132
0.00134
0.00137
0.00138
0.00141
0.00143
0.00145
0.00146
0.00147
0.00149
0.00151
0.00152
0.00154
0.00154
0.00156
0.00157
0.00159
0.0016
0.00163
0.00164
0.00167
0.00168
0.00171
0.00173
0.00175
0.00178
0.00181
0.00184
0.00187
0.0019
0.00194
0.00197
0.002
0.00203
0.00207
0.0021
0.00213
0.00216
0.00219
0.00222
0.00224
0.00226
0.00229
0.00231
0.00233
0.00233
0.00235
0.00236
0.00237
0.00237
0.00238
0.00237
0.00238
0.00237
0.00237
0.00236
0.00235
0.00235
0.00234
0.00233
0.00233
0.00232
0.00231
0.0023
0.0023
0.00229
0.00229
0.00228
0.00228
0.00227
0.00226
0.00226
0.00225
0.00225
0.00225
0.00224
0.00224
0.00222
0.00222
0.00221
0.0022
0.00218
0.00217
0.00214
0.00213
0.00211
0.00208
0.00205
0.00202
0.00199
0.00195
0.00192
0.00188
0.00183
0.00179
0.00174
0.0017
0.00164
0.0016
0.00154
0.0015
0.00144
0.00139
0.00134
0.00128
0.00123
0.00119
0.00114
0.00109
0.00104
0.001
0.00095
0.00091
0.00087
0.00083
0.00079
0.00076
0.00072
0.00069
0.00065
0.00062
0.00059
0.00057
0.00055
0.00052
0.00049
0.00048
0.00046
0.00045
0.00042
0.00041
0.00039
0.00039
0.00038
0.00037
0.00036
0.00035
0.00035
0.00035
0.00035
0.00036
0.00035
0.00036
0.00037
0.00038
0.00038
0.00039
0.0004
0.00042
0.00042
0.00043
0.00044
0.00045
0.00046
0.00047
0.00048
0.00049
0.00049
0.0005
0.00051
0.00051
0.00051
0.00052
0.00051
0.00052
0.00051
0.0005
0.0005
0.00049
0.00048
0.00048
0.00047
0.00046
0.00045
0.00044
0.00043
0.00043
0.00042
0.00041
0.00041
0.00041
0.0004
0.00041
0.00041
0.00041
0.00042
0.00043
0.00044
0.00045
0.00046
0.00048
0.00049
0.00052
0.00054
0.00056
0.00058
0.00061
0.00064
0.00067
0.00069
0.00072
0.00075
0.00078
0.00081
0.00085
0.00087
0.00091
0.00093
0.00097
0.001
0.00104
0.00106
0.0011
0.00114
0.00117
0.00121
0.00125
0.00129
0.00134
0.00138
0.00143
0.00147
0.00153
0.00158
0.00164
0.00169
0.00176
0.00182
0.00189
0.00195
0.00202
0.00209
0.00216
0.00223
0.00231
0.00238
0.00246
0.00253
0.00261
0.00268
0.00276
0.00283
0.0029
0.00296
0.00304
0.0031
0.00316
0.00321
0.00327
0.00332
0.00337
0.00342
0.00346
0.00349
0.00353
0.00356
0.00359
0.00361
0.00363
0.00364
0.00366
0.00366
0.00367
0.00367
0.00367
0.00367
0.00366
0.00366
0.00365
0.00363
0.00363
0.00361
0.0036
0.00358
0.00356
0.00354
0.00353
0.0035
0.00348
0.00346
0.00344
0.00342
0.00339
0.00337
0.00335
0.00332
0.0033
0.00327
0.00324
0.00321
0.00319
0.00315
0.00313
0.0031
0.00306
0.00303
0.00299
0.00296
0.00293
0.00289
0.00286
0.00281
0.00278
0.00273
0.0027
0.00265
0.00261
0.00256
0.00253
0.00248
0.00244
0.00239
0.00235
0.0023
0.00226
0.00221
0.00217
0.00212
0.00208
0.00203
0.00199
0.00194
0.00189
0.00184
0.0018
0.00175
0.0017
0.00164
0.00159
0.00154
0.00149
0.00143
0.00138
0.00131
0.00126
0.00119
0.00113
0.00106
0.001
0.00092
0.00086
0.00078
0.00071
0.00063
0.00055
0.00047
0.00039
0.00031
0.00023
0.00014
6e-05
-3e-05
-0.00012
-0.00021
-0.00029
-0.00038
-0.00046
-0.00055
-0.00063
-0.00072
-0.0008
-0.00088
-0.00096
-0.00104
-0.00111
-0.00119
-0.00126
-0.00133
-0.00139
-0.00146
-0.00152
-0.00158
-0.00163
-0.00169
-0.00174
-0.00178
-0.00183
-0.00187
-0.0019
-0.00193
-0.00195
-0.00199
-0.002
-0.00202
-0.00203
-0.00204
-0.00204
-0.00205
-0.00204
-0.00204
-0.00203
-0.00202
-0.00201
-0.00199
-0.00197
-0.00194
-0.00191
-0.00189
-0.00186
-0.00182
-0.00178
-0.00175
-0.0017
-0.00166
-0.00161
-0.00156
-0.00151
-0.00146
-0.0014
-0.00134
-0.00128
-0.00121
-0.00114
-0.00108
-0.001
-0.00092
-0.00084
-0.00076
-0.00067
-0.00058
-0.00049
-0.00039
-0.00029
-0.00019
-9e-05
2e-05
0.00013
0.00024
0.00035
0.00046
0.00058
0.00069
0.00081
0.00092
0.00104
0.00115
0.00127
0.00137
0.00148
0.00159
0.00169
0.00179
0.00188
0.00197
0.00206
0.00213
0.00221
0.00228
0.00235
0.00241
0.00246
0.00251
0.00256
0.00259
0.00263
0.00266
0.00268
0.0027
0.00272
0.00273
0.00274
0.00273
0.00274
0.00273
0.00273
0.00272
0.00271
0.00269
0.00268
0.00265
0.00263
0.0026
0.00257
0.00254
0.00251
0.00247
0.00244
0.00238
0.00235
0.00229
0.00225
0.00219
0.00213
0.00207
0.00201
0.00195
0.00188
0.0018
0.00173
0.00166
0.00158
0.0015
0.00142
0.00134
0.00126
0.00117
0.0011
0.00101
0.00093
0.00085
0.00077
0.0007
0.00062
0.00055
0.00048
0.00041
0.00035
0.00029
0.00024
0.00018
0.00013
8e-05
4e-05
-1e-05
-4e-05
-8e-05
-0.00011
-0.00014
-0.00017
-0.0002
-0.00023
-0.00025
-0.00028
-0.0003
-0.00032
-0.00036
-0.00038
-0.0004
-0.00042
-0.00046
-0.00048
-0.00052
-0.00054
-0.00057
-0.0006
-0.00063
-0.00067
-0.00069
-0.00072
-0.00076
-0.00078
-0.00082
-0.00084
-0.00088
-0.0009
-0.00093
-0.00095
-0.00099
-0.001
-0.00102
-0.00104
-0.00106
-0.00108
-0.0011
-0.00111
-0.00112
-0.00113
-0.00115
-0.00116
-0.00117
-0.00118
-0.00119
-0.0012
-0.00122
-0.00122
-0.00124
-0.00125
-0.00127
-0.00128
-0.00129
-0.00131
-0.00132
-0.00134
-0.00137
-0.00138
-0.0014
-0.00141
-0.00144
-0.00145
-0.00147
-0.00149
-0.0015
-0.00152
-0.00153
-0.00154
-0.00155
-0.00155
-0.00156
-0.00155
-0.00156
-0.00154
-0.00154
-0.00152
-0.00151
-0.00149
-0.00147
-0.00144
-0.00141
-0.00138
-0.00135
-0.00132
-0.00128
-0.00124
-0.00119
-0.00115
-0.00111
-0.00106
-0.00102
-0.00096
-0.00092
-0.00088
-0.00083
-0.00078
-0.00074
-0.00069
-0.00065
-0.00061
-0.00057
-0.00053
-0.00049
-0.00045
-0.00042
-0.00038
-0.00035
-0.00031
-0.00028
-0.00025
-0.00022
-0.00018
-0.00016
-0.00013
-0.00011
-8e-05
-6e-05
-3e-05
-1e-05
2e-05
3e-05
6e-05
7e-05
0.0001
0.00011
0.00013
0.00014
0.00016
0.00017
0.00018
0.00018
0.00018
0.00019
0.00019
0.00019
0.00019
0.00018
0.00018
0.00016
0.00016
0.00013
0.00012
0.0001
8e-05
6e-05
3e-05
0.0
-3e-05
-5e-05
-8e-05
-0.00011
-0.00013
-0.00017
-0.00019
-0.00022
-0.00024
-0.00027
-0.00029
-0.00031
-0.00032
-0.00034
-0.00036
-0.00037
-0.00037
-0.00038
-0.00037
-0.00037
-0.00036
-0.00035
-0.00033
-0.00031
-0.00028
-0.00026
-0.00022
-0.00019
-0.00014
-0.0001
-5e-05
-0.0
5e-05
0.00011
0.00018
0.00024
0.00032
0.00038
0.00046
0.00053
0.00061
0.00069
0.00077
0.00085
0.00094
0.00102
0.00111
0.00119
0.00128
0.00137
0.00146
0.00155
0.00164
0.00172
0.00181
0.00189
0.00198
0.00206
0.00215
0.00222
0.00231
0.00239
0.00247
0.00254
0.00261
0.00269
0.00276
0.00283
0.0029
0.00296
0.00303
0.00309
0.00315
0.0032
0.00326
0.00331
0.00336
0.0034
0.00345
0.00348
0.00351
0.00355
0.00358
0.0036
0.00363
0.00364
0.00366
0.00367
0.00368
0.00367
0.00367
0.00366
0.00366
0.00364
0.00362
0.0036
0.00358
0.00355
0.00352
0.00349
0.00346
0.00341
0.00338
0.00333
0.0033
0.00324
0.0032
0.00315
0.00311
0.00306
0.00301
0.00296
0.00292
0.00287
0.00283
0.00279
0.00274
0.0027
0.00266
0.00262
0.00259
0.00255
0.00252
0.00248
0.00246
0.00243
0.0024
0.00238
0.00235
0.00234
0.00232
0.00231
0.0023
0.00228
0.00227
0.00226
0.00226
0.00225
0.00226
0.00225
0.00226
0.00227
0.00228
0.00228
0.00229
0.00231
0.00233
0.00234
0.00237
0.00238
0.00241
0.00243
0.00246
0.00248
0.00251
0.00254
0.00258
0.0026
0.00263
0.00266
0.00269
0.00272
0.00275
0.00278
0.00281
0.00283
0.00286
0.00288
0.00291
0.00292
0.00294
0.00294
0.00296
0.00296
0.00297
0.00297
0.00296
0.00296
0.00295
0.00294
0.00293
0.00291
0.00289
0.00286
0.00284
0.00281
0.00279
0.00275
0.00272
0.00269
0.00265
0.00261
0.00257
0.00254
0.0025
0.00246
0.00243
0.00238
0.00235
0.00231
0.00228
0.00224
0.00221
0.00217
0.00215
0.00211
0.00208
0.00205
0.00202
0.00199
0.00197
0.00194
0.00192
0.00188
0.00186
0.00183
0.00181
0.00178
0.00176
0.00172
0.0017
0.00167
0.00164
0.00161
0.00158
0.00155
0.00152
0.00149
0.00146
0.00142
0.00139
0.00135
0.00132
0.00129
0.00125
0.00122
0.00119
0.00116
0.00113
0.0011
0.00107
0.00104
0.00102
0.001
0.00098
0.00095
0.00094
0.00092
0.00091
0.00088
0.00088
0.00086
0.00086
0.00084
0.00084
0.00083
0.00082
0.00081
0.00081
0.0008
0.0008
0.00079
0.00078
0.00077
0.00077
0.00076
0.00075
0.00074
0.00073
0.00072
0.00071
0.0007
0.00068
0.00067
0.00066
0.00065
0.00064
0.00062
0.00061
0.0006
0.00059
0.00058
0.00057
0.00056
0.00056
0.00055
0.00055
0.00054
0.00054
0.00054
0.00054
0.00054
0.00055
0.00054
0.00055
0.00056
0.00057
0.00057
0.00058
0.00059
0.00061
0.00061
0.00062
0.00063
0.00064
0.00066
0.00067
0.00069
0.0007
0.0007
0.00072
0.00073
0.00074
0.00075
0.00076
0.00076
0.00078
0.00078
0.00079
0.00079
0.00079
0.0008
0.0008
0.0008
0.0008
0.00079
0.0008
0.00079
0.00079
0.00078
0.00077
0.00076
0.00076
0.00075
0.00074
0.00073
0.00071
0.0007
0.00069
0.00068
0.00067
0.00065
0.00064
0.00063
0.00062
0.0006
0.0006
0.00058
0.00058
0.00056
0.00055
0.00054
0.00053
0.00052
0.00052
0.00051
0.00051
0.0005
0.0005
0.0005
0.0005
0.00049
0.0005
0.0005
0.00051
0.00051
0.00051
0.00052
0.00052
0.00053
0.00055
0.00056
0.00057
0.00058
0.0006
0.00061
0.00063
0.00064
0.00066
0.00067
0.0007
0.00072
0.00074
0.00076
0.00078
0.0008
0.00083
0.00085
0.00088
0.00089
0.00093
0.00095
0.00098
0.001
0.00103
0.00105
0.00108
0.0011
0.00112
0.00115
0.00117
0.0012
0.00122
0.00125
0.00128
0.00129
0.00132
0.00134
0.00137
0.00139
0.00142
0.00143
0.00146
0.00148
0.0015
0.00152
0.00154
0.00157
0.00159
0.0016
0.00163
0.00163
0.00166
0.00167
0.00168
0.00169
0.0017
0.0017
0.00171
0.00171
0.00171
0.00171
0.0017
0.0017
0.00169
0.00168
0.00167
0.00164
0.00163
0.00161
0.00159
0.00156
0.00154
0.00151
0.00149
0.00146
0.00143
0.0014
0.00137
0.00134
0.00132
0.00129
0.00127
0.00123
0.00121
0.00119
0.00117
0.00114
0.00112
0.0011
0.00109
0.00106
0.00105
0.00103
0.00101
0.00099
0.00098
0.00097
0.00096
0.00093
0.00092
0.00091
0.00089
0.00087
0.00086
0.00084
0.00083
0.00081
0.00079
0.00077
0.00075
0.00073
0.00072
0.0007
0.00069
0.00066
0.00065
0.00063
0.00062
0.00061
0.0006
0.00058
0.00058
0.00057
0.00057
0.00057
0.00057
0.00057
0.00058
0.00058
0.00059
0.0006
0.00061
0.00062
0.00064
0.00066
0.00068
0.00069
0.00071
0.00073
0.00075
0.00077
0.00078
0.0008
0.00082
0.00084
0.00086
0.00087
0.00088
0.00089
0.00091
0.00091
0.00092
0.00092
0.00092
0.00092
0.00092
0.00091
0.0009
0.0009
0.00089
0.00088
0.00087
0.00085
0.00084
0.00082
0.0008
0.00078
0.00076
0.00074
0.00073
0.0007
0.00068
0.00066
0.00064
0.00062
0.00061
0.00059
0.00058
0.00055
0.00054
0.00052
0.00052
0.0005
0.00049
0.00048
0.00048
0.00047
0.00046
0.00046
0.00045
0.00045
0.00045
0.00045
0.00046
0.00046
0.00047
0.00047
0.00048
0.00048
0.00049
0.0005
0.00052
0.00052
0.00054
0.00055
0.00056
0.00058
0.0006
0.00061
0.00063
0.00064
0.00067
0.00068
0.0007
0.00072
0.00074
0.00075
0.00078
0.0008
0.00082
0.00083
0.00085
0.00087
0.0009
0.00092
0.00094
0.00096
0.00099
0.001
0.00103
0.00105
0.00108
0.00109
0.00112
0.00114
0.00117
0.00119
0.00121
0.00123
0.00126
0.00128
0.00131
0.00133
0.00135
0.00137
0.0014
0.00142
0.00144
0.00146
0.00148
0.0015
0.00152
0.00153
0.00155
0.00157
0.00158
0.00159
0.00161
0.00162
0.00163
0.00164
0.00166
0.00166
0.00167
0.00167
0.00169
0.00169
0.0017
0.00171
0.00171
0.00172
0.00173
0.00174
0.00176
0.00176
0.00178
0.00179
0.00181
0.00182
0.00184
0.00185
0.00188
0.0019
0.00192
0.00195
0.00197
0.002
0.00203
0.00206
0.00209
0.00212
0.00215
0.00218
0.00222
0.00225
0.00228
0.00231
0.00235
0.00238
0.00241
0.00244
0.00246
0.00249
0.00252
0.00255
0.00258
0.00259
0.00262
0.00263
0.00266
0.00267
0.00269
0.0027
0.00272
0.00273
0.00274
0.00274
0.00275
0.00276
0.00277
0.00277
0.00278
0.00278
0.00279
0.00279
0.0028
0.0028
0.00281
0.00281
0.00282
0.00282
0.00283
0.00283
0.00284
0.00284
0.00285
0.00286
0.00288
0.00288
0.0029
0.00291
0.00292
0.00293
0.00295
0.00296
0.00298
0.00299
0.00301
0.00303
0.00305
0.00307
0.00309
0.00311
0.00314
0.00315
0.00318
0.0032
0.00323
0.00325
0.00329
0.00331
0.00335
0.00337
0.0034
0.00343
0.00346
0.0035
0.00354
0.00357
0.00361
0.00363
0.00368
0.00371
0.00375
0.00378
0.00381
0.00384
0.00387
0.0039
0.00392
0.00395
0.00397
0.00399
0.004
0.00401
0.00403
0.00402
0.00403
0.00402
0.00402
0.004
0.00399
0.00396
0.00394
0.00391
0.00387
0.00383
0.00378
0.00374
0.00368
0.00362
0.00357
0.00349
0.00343
0.00335
0.00328
0.00319
0.00311
0.00302
0.00294
0.00285
0.00275
0.00266
0.00256
0.00247
0.00237
0.00227
0.00217
0.00207
0.00197
0.00187
0.00177
0.00167
0.00157
0.00147
0.00137
0.00128
0.00118
0.00108
0.00099
0.0009
0.00082
0.00073
0.00065
0.00056
0.00049
0.00041
0.00035
0.00027
0.00021
0.00015
0.0001
4e-05
-1e-05
-5e-05
-9e-05
-0.00012
-0.00015
-0.00017
-0.00019
-0.00021
-0.00022
-0.00023
-0.00022
-0.00022
-0.00021
-0.0002
-0.00017
-0.00015
-0.00012
-9e-05
-5e-05
-0.0
5e-05
0.0001
0.00016
0.00021
0.00028
0.00035
0.00043
0.00049
0.00058
0.00066
0.00075
0.00083
0.00092
0.00101
0.0011
0.0012
0.00129
0.00139
0.00149
0.00158
0.00169
0.00178
0.00188
0.00197
0.00207
0.00216
0.00226
0.00235
0.00244
0.00253
0.00261
0.0027
0.00278
0.00286
0.00294
0.003
0.00308
0.00315
0.00322
0.00328
0.00334
0.00339
0.00346
0.00351
0.00356
0.0036
0.00365
0.00369
0.00374
0.00378
0.00382
0.00384
0.00388
0.00391
0.00394
0.00395
0.00398
0.00399
0.00401
0.00402
0.00403
0.00404
0.00404
0.00404
0.00404
0.00403
0.00402
0.004
0.00398
0.00395
0.00393
0.00389
0.00386
0.00382
0.00378
0.00373
0.00368
0.00362
0.00355
0.00349
0.00343
0.00335
0.00328
0.0032
0.00312
0.00303
0.00295
0.00285
0.00276
0.00267
0.00258
0.00248
0.00238
0.00228
0.00218
0.00208
0.00198
0.00188
0.00178
0.00168
0.00158
0.00148
0.00139
0.00129
0.0012
0.0011
0.00101
0.00092
0.00083
0.00074
0.00065
0.00057
0.00049
0.00041
0.00033
0.00024
0.00017
9e-05
2e-05
-6e-05
-0.00014
-0.00021
-0.00028
-0.00036
-0.00043
-0.00051
-0.00058
-0.00065
-0.00072
-0.00079
-0.00085
-0.00093
-0.00099
-0.00106
-0.00112
-0.00119
-0.00125
-0.00131
-0.00136
-0.00142
-0.00148
-0.00153
-0.00158
-0.00162
-0.00166
-0.0017
-0.00173
-0.00177
-0.00179
-0.00182
-0.00184
-0.00186
-0.00187
-0.00189
-0.00189
-0.0019
-0.0019
-0.0019
-0.0019
-0.00189
-0.00188
-0.00186
-0.00184
-0.00183
-0.00181
-0.00179
-0.00176
-0.00174
-0.00171
-0.00168
-0.00165
-0.00162
-0.00158
-0.00155
-0.00151
-0.00147
-0.00143
-0.00139
-0.00134
-0.0013
-0.00125
-0.00121
-0.00115
-0.00111
-0.00105
-0.00101
-0.00094
-0.00089
-0.00084
-0.00078
-0.00073
-0.00067
-0.00061
-0.00055
-0.00048
-0.00043
-0.00037
-0.00031
-0.00025
-0.00019
-0.00013
-8e-05
-2e-05
4e-05
9e-05
0.00014
0.00019
0.00024
0.0003
0.00034
0.00039
0.00043
0.00048
0.00052
0.00057
0.0006
0.00065
0.00068
0.00072
0.00075
0.00079
0.00082
0.00085
0.00088
0.00091
0.00094
0.00097
0.00098
0.00101
0.00103
0.00105
0.00106
0.00108
0.00108
0.0011
0.0011
0.00111
0.00111
0.00111
0.00111
0.00111
0.00111
0.00111
0.00109
0.00109
0.00107
0.00107
0.00105
0.00104
0.00102
0.00101
0.00099
0.00098
0.00096
0.00094
0.00093
0.00092
0.0009
0.00089
0.00087
0.00086
0.00084
0.00084
0.00082
0.00081
0.00079
0.00079
0.00077
0.00076
0.00074
0.00073
0.00072
0.00071
0.0007
0.00069
0.00067
0.00066
0.00065
0.00064
0.00062
0.00062
0.00061
0.00061
0.0006
0.00059
0.00059
0.00058
0.00059
0.00059
0.0006
0.00061
0.00061
0.00063
0.00064
0.00066
0.00068
0.0007
0.00072
0.00075
0.00077
0.0008
0.00082
0.00085
0.00088
0.00091
0.00094
0.00097
0.00098
0.00101
0.00103
0.00106
0.00107
0.00109
0.0011
0.00112
0.00112
0.00113
0.00114
0.00114
0.00114
0.00115
0.00115
0.00116
0.00115
0.00116
0.00116
0.00116
0.00116
0.00117
0.00118
0.00119
0.0012
0.00122
0.00123
0.00125
0.00128
0.00131
0.00134
0.00137
0.0014
0.00144
0.00148
0.00152
0.00156
0.0016
0.00163
0.00168
0.00171
0.00175
0.00178
0.00181
0.00184
0.00187
0.00189
0.00192
0.00192
0.00194
0.00194
0.00195
0.00194
0.00194
0.00193
0.00192
0.0019
0.00188
0.00185
0.00182
0.0018
0.00177
0.00173
0.0017
0.00166
0.00162
0.00158
0.00155
0.0015
0.00147
0.00142
0.00139
0.00135
0.00131
0.00127
0.00123
0.00119
0.00116
0.00112
0.00109
0.00104
0.00101
0.00098
0.00095
0.00091
0.00088
0.00085
0.00083
0.00079
0.00076
0.00074
0.00071
0.00069
0.00067
0.00064
0.00063
0.0006
0.00059
0.00057
0.00057
0.00055
0.00055
0.00054
0.00054
0.00053
0.00053
0.00053
0.00054
0.00054
0.00055
0.00056
0.00058
0.00058
0.0006
0.00061
0.00063
0.00065
0.00067
0.00068
0.00071
0.00073
0.00075
0.00077
0.00079
0.00081
0.00084
0.00086
0.00088
0.0009
0.00093
0.00095
0.00097
0.00099
0.00101
0.00103
0.00106
0.00107
0.00109
0.00111
0.00112
0.00114
0.00116
0.00117
0.00119
0.00119
0.0012
0.0012
0.00121
0.0012
0.0012
0.00119
0.00119
0.00117
0.00115
0.00112
0.0011
0.00107
0.00104
0.001
0.00096
0.00091
0.00087
0.00081
0.00076
0.0007
0.00064
0.00057
0.00051
0.00044
0.00036
0.00029
0.00022
0.00014
7e-05
-1e-05
-8e-05
-0.00016
-0.00023
-0.0003
-0.00037
-0.00045
-0.00051
-0.00058
-0.00064
-0.00071
-0.00077
-0.00083
-0.00089
-0.00094
-0.00099
-0.00104
-0.00108
-0.00114
-0.00117
-0.00122
-0.00125
-0.00129
-0.00132
-0.00135
-0.00137
-0.0014
-0.00143
-0.00145
-0.00147
-0.00149
-0.0015
-0.00151
-0.00152
-0.00154
-0.00154
-0.00155
-0.00155
-0.00156
-0.00155
-0.00156
-0.00155
-0.00155
-0.00154
-0.00153
-0.00153
-0.00151
-0.0015
-0.00149
-0.00147
-0.00146
-0.00144
-0.00142
-0.0014
-0.00138
-0.00136
-0.00134
-0.00131
-0.00129
-0.00127
-0.00125
-0.00123
-0.0012
-0.00118
-0.00116
-0.00113
-0.00112
-0.00109
-0.00108
-0.00105
-0.00104
-0.00102
-0.00101
-0.00099
-0.00098
-0.00097
-0.00096
-0.00095
-0.00094
-0.00093
-0.00092
-0.00091
-0.00091
-0.00089
-0.00089
-0.00088
-0.00088
-0.00087
-0.00087
-0.00085
-0.00085
-0.00084
-0.00083
-0.00083
-0.00081
-0.0008
-0.00079
-0.00077
-0.00076
-0.00073
-0.00071
-0.00069
-0.00067
-0.00064
-0.00061
-0.00057
-0.00054
-0.0005
-0.00046
-0.00042
-0.00038
-0.00033
-0.00028
-0.00022
-0.00017
-0.00011
-5e-05
2e-05
8e-05
0.00015
0.00022
0.0003
0.00037
0.00044
0.00051
0.00059
0.00067
0.00075
0.00083
0.00091
0.00098
0.00106
0.00113
0.00121
0.00128
0.00136
0.00142
0.0015
0.00156
0.00163
0.00169
0.00175
0.00181
0.00186
0.00191
0.00196
0.002
0.00205
0.00209
0.00213
0.00216
0.00219
0.00221
0.00225
0.00226
0.00229
0.0023
0.00232
0.00233
0.00234
0.00235
0.00236
0.00236
0.00237
0.00237
0.00238
0.00238
0.00238
0.00238
0.00239
0.00238
0.00238
0.00238
0.00238
0.00238
0.00239
0.00239
0.00239
0.00239
0.0024
0.0024
0.00241
0.00241
0.00242
0.00242
0.00243
0.00243
0.00244
0.00245
0.00246
0.00247
0.00248
0.00249
0.0025
0.0025
0.00252
0.00252
0.00254
0.00254
0.00255
0.00255
0.00257
0.00257
0.00257
0.00257
0.00257
0.00258
0.00258
0.00258
0.00258
0.00257
0.00257
0.00257
0.00257
0.00256
0.00256
0.00255
0.00255
0.00254
0.00253
0.00252
0.00251
0.0025
0.00249
0.00249
0.00248
0.00247
0.00246
0.00245
0.00245
0.00244
0.00243
0.00242
0.00242
0.00241
0.0024
0.00239
0.00238
0.00237
0.00236
0.00236
0.00235
0.00233
0.00233
0.00231
0.00231
0.00229
0.00228
0.00226
0.00225
0.00223
0.00221
0.00219
0.00217
0.00215
0.00213
0.00211
0.00209
0.00206
0.00204
0.002
0.00198
