7.5298533545200E+01

0.00164
0.0016
0.00157
0.00153
0.00151
0.00148
0.00145
0.00142
0.00139
0.00137
0.00136
0.00134
0.00133
0.00131
0.0013
0.00129
0.00129
0.00128
0.00128
0.00127
0.00128
0.00128
0.00129
0.00129
0.0013
0.00131
0.00132
0.00133
0.00134
0.00134
0.00136
0.00136
0.00137
0.00137
0.00138
0.00138
0.00138
0.00138
0.00137
0.00136
0.00135
0.00133
0.00131
0.00129
0.00127
0.00123
0.0012
0.00116
0.00113
0.00108
0.00104
0.00098
0.00094
0.00088
0.00083
0.00077
0.00071
0.00066
0.0006
0.00054
0.00048
0.00041
0.00035
0.00029
0.00023
0.00016
0.0001
4e-05
-2e-05
-9e-05
-0.00015
-0.00022
-0.00028
-0.00035
-0.00041
-0.00048
-0.00054
-0.00062
-0.00068
-0.00076
-0.00082
-0.0009
-0.00097
-0.00105
-0.00112
-0.0012
-0.00128
-0.00137
-0.00145
-0.00153
-0.0016
-0.00168
-0.00176
-0.00184
-0.00191
-0.00199
-0.00206
-0.00214
-0.0022
-0.00227
-0.00232
-0.00238
-0.00244
-0.00249
-0.00254
-0.00258
-0.00261
-0.00265
-0.00267
-0.0027
-0.00272
-0.00274
-0.00274
-0.00275
-0.00275
-0.00276
-0.00275
-0.00274
-0.00273
-0.00272
-0.0027
-0.00268
-0.00265
-0.00263
-0.0026
-0.00257
-0.00254
-0.00251
-0.00246
-0.00243
-0.00239
-0.00236
-0.0023
-0.00227
-0.00222
-0.00218
-0.00213
-0.00208
-0.00203
-0.00199
-0.00193
-0.00189
-0.00184
-0.00179
-0.00174
-0.00169
-0.00164
-0.0016
-0.00154
-0.0015
-0.00146
-0.00141
-0.00137
-0.00133
-0.00129
-0.00125
-0.00121
-0.00118
-0.00115
-0.00112
-0.00109
-0.00107
-0.00104
-0.00103
-0.001
-0.00099
-0.00097
-0.00096
-0.00095
-0.00094
-0.00093
-0.00092
-0.00092
-0.00092
-0.00091
-0.00091
-0.00091
-0.00091
-0.0009
-0.00091
-0.0009
-0.0009
-0.0009
-0.0009
-0.0009
-0.00089
-0.00088
-0.00088
-0.00086
-0.00086
-0.00084
-0.00083
-0.00081
-0.0008
-0.00077
-0.00076
-0.00072
-0.0007
-0.00067
-0.00064
-0.00061
-0.00057
-0.00053
-0.00049
-0.00045
-0.00041
-0.00036
-0.00031
-0.00026
-0.00021
-0.00015
-0.0001
-4e-05
1e-05
8e-05
0.00013
0.0002
0.00026
0.00033
0.00039
0.00046
0.00052
0.00059
0.00066
0.00073
0.00079
0.00086
0.00092
0.00099
0.00106
0.00112
0.00118
0.00124
0.00131
0.00137
0.00143
0.00149
0.00154
0.0016
0.00165
0.00171
0.00175
0.0018
0.00184
0.00189
0.00193
0.00197
0.00201
0.00204
0.00208
0.00211
0.00214
0.00217
0.00218
0.00221
0.00223
0.00225
0.00226
0.00228
0.00229
0.0023
0.00231
0.00231
0.00232
0.00232
0.00232
0.00233
0.00233
0.00233
0.00232
0.00232
0.00231
0.00231
0.0023
0.0023
0.00228
0.00228
0.00227
0.00226
0.00224
0.00223
0.00222
0.0022
0.00219
0.00217
0.00214
0.00213
0.0021
0.00208
0.00205
0.00203
0.00199
0.00197
0.00193
0.00189
0.00185
0.00181
0.00177
0.00173
0.00169
0.00164
0.00158
0.00154
0.00148
0.00143
0.00137
0.00131
0.00125
0.0012
0.00113
0.00107
0.001
0.00094
0.00088
0.00082
0.00075
0.00069
0.00062
0.00056
0.00049
0.00044
0.00037
0.00031
0.00024
0.00018
0.00011
5e-05
-2e-05
-9e-05
-0.00015
-0.00022
-0.00028
-0.00035
-0.00043
-0.00049
-0.00057
-0.00064
-0.00072
-0.00079
-0.00088
-0.00095
-0.00103
-0.00112
-0.0012
-0.00129
-0.00138
-0.00146
-0.00155
-0.00164
-0.00174
-0.00182
-0.00191
-0.002
-0.00209
-0.00218
-0.00228
-0.00236
-0.00244
-0.00253
-0.00262
-0.0027
-0.00277
-0.00285
-0.00292
-0.00299
-0.00306
-0.00312
-0.00319
-0.00324
-0.0033
-0.00335
-0.0034
-0.00344
-0.00349
-0.00353
-0.00356
-0.00359
-0.00362
-0.00364
-0.00367
-0.00368
-0.0037
-0.00371
-0.00372
-0.00372
-0.00373
-0.00372
-0.00372
-0.00371
-0.0037
-0.00368
-0.00367
-0.00365
-0.00362
-0.00359
-0.00356
-0.00352
-0.00348
-0.00343
-0.00339
-0.00333
-0.00328
-0.00321
-0.00316
-0.00308
-0.00301
-0.00293
-0.00286
-0.00277
-0.00268
-0.00259
-0.00249
-0.00239
-0.00229
-0.00218
-0.00207
-0.00195
-0.00184
-0.00171
-0.00159
-0.00146
-0.00134
-0.0012
-0.00107
-0.00094
-0.0008
-0.00066
-0.00052
-0.00038
-0.00024
-9e-05
5e-05
0.0002
0.00034
0.00048
0.00062
0.00077
0.0009
0.00104
0.00118
0.00131
0.00144
0.00158
0.0017
0.00183
0.00194
0.00207
0.00218
0.00229
0.00239
0.0025
0.00259
0.00269
0.00278
0.00286
0.00294
0.00301
0.00309
0.00316
0.00322
0.00329
0.00334
0.00339
0.00344
0.00349
0.00353
0.00358
0.00361
0.00365
0.00368
0.00371
0.00374
0.00376
0.00379
0.00381
0.00383
0.00385
0.00386
0.00388
0.00389
0.00391
0.00392
0.00393
0.00393
0.00394
0.00394
0.00394
0.00394
0.00393
0.00393
0.00392
0.00391
0.0039
0.00388
0.00387
0.00384
0.00383
0.00379
0.00377
0.00373
0.0037
0.00366
0.00362
0.00358
0.00353
0.00348
0.00343
0.00338
0.00333
0.00326
0.00321
0.00314
0.00308
0.00301
0.00294
0.00287
0.00281
0.00273
0.00266
0.00258
0.0025
0.00243
0.00235
0.00228
0.00221
0.00212
0.00206
0.00198
0.00191
0.00183
0.00177
0.00169
0.00163
0.00157
0.0015
0.00144
0.00138
0.00133
0.00128
0.00123
0.00119
0.00114
0.0011
0.00106
0.00103
0.001
0.00097
0.00095
0.00093
0.00091
0.0009
0.00088
0.00087
0.00087
0.00087
0.00087
0.00088
0.00088
0.0009
0.00091
0.00093
0.00094
0.00096
0.00098
0.00101
0.00104
0.00107
0.0011
0.00113
0.00117
0.00121
0.00125
0.0013
0.00134
0.00139
0.00144
0.0015
0.00154
0.0016
0.00165
0.00171
0.00177
0.00183
0.00188
0.00194
0.002
0.00206
0.00212
0.00218
0.00223
0.00229
0.00234
0.0024
0.00244
0.0025
0.00254
0.00259
0.00263
0.00267
0.0027
0.00273
0.00276
0.00279
0.00281
0.00283
0.00283
0.00285
0.00285
0.00285
0.00284
0.00284
0.00282
0.00281
0.00279
0.00276
0.00273
0.00269
0.00266
0.00262
0.00257
0.00252
0.00246
0.00241
0.00235
0.00229
0.00221
0.00214
0.00206
0.00199
0.00191
0.00182
0.00173
0.00164
0.00156
0.00147
0.00137
0.00128
0.00118
0.00109
0.00099
0.0009
0.0008
0.0007
0.0006
0.00051
0.00042
0.00033
0.00023
0.00014
6e-05
-2e-05
-0.0001
-0.00018
-0.00026
-0.00033
-0.0004
-0.00046
-0.00053
-0.00058
-0.00064
-0.00069
-0.00074
-0.00078
-0.00083
-0.00087
-0.0009
-0.00092
-0.00095
-0.00097
-0.001
-0.001
-0.00102
-0.00102
-0.00103
-0.00103
-0.00103
-0.00102
-0.00101
-0.001
-0.00098
-0.00096
-0.00093
-0.00091
-0.00088
-0.00084
-0.00081
-0.00076
-0.00072
-0.00068
-0.00063
-0.00058
-0.00054
-0.00047
-0.00042
-0.00037
-0.00031
-0.00025
-0.00019
-0.00013
-6e-05
0.0
6e-05
0.00013
0.00019
0.00026
0.00032
0.00039
0.00046
0.00053
0.00059
0.00066
0.00073
0.0008
0.00087
0.00094
0.00101
0.00109
0.00116
0.00124
0.00131
0.00139
0.00147
0.00155
0.00162
0.00171
0.00179
0.00187
0.00195
0.00203
0.00212
0.0022
0.00228
0.00237
0.00244
0.00253
0.0026
0.00268
0.00275
0.00283
0.00289
0.00297
0.00304
0.0031
0.00316
0.00321
0.00327
0.00332
0.00337
0.00343
0.00347
0.00351
0.00355
0.0036
0.00363
0.00368
0.00371
0.00375
0.00379
0.00382
0.00386
0.00389
0.00394
0.00398
0.00402
0.00407
0.00411
0.00416
0.00421
0.00427
0.00432
0.00438
0.00444
0.0045
0.00457
0.00463
0.0047
0.00477
0.00485
0.00493
0.005
0.00508
0.00516
0.00525
0.00533
0.00542
0.0055
0.00559
0.00567
0.00577
0.00586
0.00595
0.00604
0.00613
0.00623
0.00633
0.00642
0.00652
0.00662
0.00672
0.00682
0.00693
0.00702
0.00713
0.00723
0.00734
0.00745
0.00756
0.00767
0.00777
0.00789
0.008
0.00812
0.00824
0.00834
0.00847
0.00858
0.0087
0.00882
0.00894
0.00905
0.00918
0.00929
0.00941
0.00953
0.00965
0.00977
0.00989
0.01001
0.01013
0.01024
0.01037
0.01048
0.0106
0.01072
0.01083
0.01094
0.01107
0.01118
0.01129
0.0114
0.01151
0.01162
0.01173
0.01184
0.01195
0.01205
0.01216
0.01226
0.01236
0.01246
0.01256
0.01266
0.01276
0.01286
0.01295
0.01304
0.01313
0.01323
0.01332
0.01341
0.0135
0.01358
0.01367
0.01375
0.01383
0.01391
0.01399
0.01406
0.01414
0.0142
0.01427
0.01433
0.01439
0.01445
0.01451
0.01456
0.01461
0.01465
0.01469
0.01472
0.01476
0.01479
0.01481
0.01483
0.01485
0.01486
0.01487
0.01487
0.01487
0.01487
0.01487
0.01487
0.01486
0.01485
0.01484
0.01483
0.01483
0.01481
0.0148
0.01479
0.01479
0.01478
0.01477
0.01477
0.01476
0.01476
0.01477
0.01477
0.01478
0.01478
0.0148
0.01481
0.01482
0.01483
0.01485
0.01486
0.01489
0.01491
0.01492
0.01494
0.01496
0.01497
0.01499
0.01501
0.01503
0.01503
0.01505
0.01505
0.01506
0.01507
0.01507
0.01507
0.01508
0.01507
0.01507
0.01507
0.01506
0.01506
0.01506
0.01505
0.01504
0.01503
0.01503
0.01502
0.01501
0.015
0.015
0.01499
0.01498
0.01497
0.01497
0.01496
0.01495
0.01495
0.01494
0.01494
0.01493
0.01492
0.01491
0.0149
0.01489
0.01487
0.01486
0.01484
0.01483
0.01481
0.01479
0.01476
0.01474
0.01471
0.01469
0.01466
0.01463
0.01459
0.01456
0.01452
0.01448
0.01444
0.0144
0.01435
0.01432
0.01427
0.01422
0.01418
0.01413
0.01408
0.01403
0.01398
0.01394
0.01388
0.01384
0.01379
0.01374
0.01369
0.01364
0.01359
0.01355
0.01349
0.01344
0.01339
0.01334
0.01329
0.01325
0.0132
0.01315
0.0131
0.01306
0.01301
0.01296
0.01291
0.01287
0.01282
0.01278
0.01273
0.01269
0.01264
0.01259
0.01255
0.01251
0.01246
0.01242
0.01237
0.01233
0.01229
0.01224
0.0122
0.01215
0.0121
0.01206
0.01201
0.01197
0.01192
0.01187
0.01183
0.01178
0.01174
0.01169
0.01164
0.0116
0.01156
0.01152
0.01147
0.01143
0.01139
0.01136
0.01132
0.01129
0.01125
0.01122
0.0112
0.01118
0.01116
0.01114
0.01112
0.01111
0.01109
0.01109
0.01108
0.01108
0.01107
0.01108
0.01107
0.01108
0.01108
0.01108
0.01108
0.01109
0.01109
0.0111
0.01109
0.0111
0.01109
0.01109
0.01108
0.01108
0.01106
0.01106
0.01104
0.01102
0.01099
0.01097
0.01094
0.01091
0.01087
0.01084
0.01079
0.01075
0.0107
0.01065
0.01059
0.01054
0.01048
0.01042
0.01036
0.01029
0.01022
0.01015
0.01008
0.01001
0.00994
0.00987
0.00979
0.00972
0.00964
0.00957
0.00949
0.00942
0.00933
0.00926
0.00918
0.0091
0.00903
0.00895
0.00887
0.00879
0.00871
0.00864
0.00856
0.00848
0.0084
0.00833
0.00824
0.00817
0.00808
0.00801
0.00793
0.00785
0.00777
0.00769
0.00761
0.00753
0.00746
0.00738
0.0073
0.00722
0.00714
0.00707
0.00699
0.00692
0.00684
0.00677
0.0067
0.00662
0.00655
0.00648
0.00641
0.00634
0.00627
0.00621
0.00613
0.00607
0.006
0.00595
0.00588
0.00582
0.00575
0.0057
0.00563
0.00557
0.00551
0.00545
0.0054
0.00534
0.00529
0.00524
0.00518
0.00514
0.00509
0.00505
0.005
0.00496
0.00492
0.00488
0.00485
0.00482
0.00479
0.00476
0.00474
0.00472
0.0047
0.00469
0.00468
0.00467
0.00466
0.00467
0.00466
0.00467
0.00467
0.00468
0.00469
0.00469
0.0047
0.00471
0.00473
0.00474
0.00475
0.00477
0.00477
0.00479
0.0048
0.00481
0.00482
0.00483
0.00483
0.00484
0.00484
0.00484
0.00484
0.00484
0.00484
0.00484
0.00483
0.00483
0.00482
0.00482
0.00481
0.00481
0.0048
0.0048
0.00479
0.00479
0.00479
0.00479
0.00479
0.00479
0.00479
0.0048
0.00481
0.00482
0.00482
0.00484
0.00485
0.00486
0.00488
0.0049
0.00491
0.00494
0.00495
0.00497
0.00499
0.00501
0.00504
0.00506
0.00508
0.00511
0.00512
0.00515
0.00517
0.00519
0.00521
0.00523
0.00525
0.00528
0.00529
0.00531
0.00533
0.00534
0.00536
0.00538
0.0054
0.00542
0.00543
0.00545
0.00546
0.00548
0.00548
0.0055
0.0055
0.00552
0.00553
0.00554
0.00554
0.00554
0.00555
0.00555
0.00555
0.00555
0.00554
0.00554
0.00552
0.00551
0.00549
0.00548
0.00545
0.00544
0.00541
0.00538
0.00535
0.00532
0.00528
0.00525
0.00521
0.00518
0.00513
0.00509
0.00505
0.00501
0.00496
0.00492
0.00487
0.00484
0.0048
0.00476
0.00472
0.00468
0.00464
0.00461
0.00457
0.00455
0.00451
0.00448
0.00445
0.00443
0.00439
0.00437
0.00434
0.00432
0.00429
0.00426
0.00424
0.00421
0.00418
0.00416
0.00413
0.0041
0.00407
0.00404
0.004
0.00398
0.00394
0.00391
0.00387
0.00385
0.00381
0.00378
0.00374
0.00371
0.00369
0.00366
0.00364
0.00362
0.00359
0.00358
0.00357
0.00356
0.00356
0.00356
0.00356
0.00357
0.00358
0.0036
0.00362
0.00365
0.00368
0.00372
0.00375
0.0038
0.00384
0.00389
0.00394
0.00399
0.00405
0.0041
0.00416
0.00422
0.00428
0.00433
0.00439
0.00444
0.0045
0.00456
0.00461
0.00467
0.00471
0.00476
0.0048
0.00485
0.00488
0.00492
0.00495
0.00498
0.00501
0.00503
0.00505
0.00506
0.00508
0.00509
0.00509
0.0051
0.00509
0.00509
0.00508
0.00507
0.00505
0.00503
0.005
0.00498
0.00494
0.00491
0.00487
0.00482
0.00477
0.00473
0.00468
0.00462
0.00456
0.0045
0.00443
0.00437
0.0043
0.00423
0.00416
0.00409
0.00402
0.00395
0.00387
0.0038
0.00373
0.00366
0.00359
0.00352
0.00345
0.00338
0.00332
0.00326
0.0032
0.00314
0.00308
0.00304
0.00299
0.00294
0.00289
0.00285
0.00281
0.00278
0.00274
0.00271
0.00267
0.00265
0.00262
0.0026
0.00257
0.00255
0.00253
0.00251
0.00249
0.00248
0.00246
0.00245
0.00244
0.00243
0.00242
0.00242
0.0024
0.00241
0.0024
0.0024
0.00239
0.0024
0.00239
0.00241
0.00241
0.00241
0.00242
0.00243
0.00244
0.00246
0.00247
0.00249
0.0025
0.00253
0.00255
0.00258
0.0026
0.00262
0.00265
0.00268
0.00271
0.00273
0.00276
0.00279
0.00282
0.00285
0.00287
0.00291
0.00292
0.00295
0.00297
0.00299
0.00301
0.00302
0.00303
0.00305
0.00305
0.00305
0.00305
0.00304
0.00304
0.00302
0.00301
0.00299
0.00296
0.00293
0.0029
0.00287
0.00282
0.00278
0.00273
0.00269
0.00263
0.00258
0.00252
0.00246
0.0024
0.00234
0.00228
0.00222
0.00214
0.00209
0.00201
0.00195
0.00188
0.00182
0.00175
0.00169
0.00162
0.00155
0.00148
0.00141
0.00135
0.00129
0.00122
0.00116
0.00109
0.00103
0.00096
0.00089
0.00082
0.00076
0.00069
0.00063
0.00056
0.0005
0.00043
0.00036
0.0003
0.00023
0.00017
0.00011
4e-05
-1e-05
-7e-05
-0.00013
-0.00019
-0.00024
-0.00029
-0.00033
-0.00038
-0.00042
-0.00045
-0.00049
-0.00052
-0.00054
-0.00056
-0.00058
-0.0006
-0.0006
-0.00061
-0.00061
-0.00061
-0.0006
-0.0006
-0.00057
-0.00056
-0.00054
-0.00052
-0.0005
-0.00046
-0.00043
-0.00039
-0.00035
-0.00032
-0.00027
-0.00023
-0.00018
-0.00014
-8e-05
-4e-05
2e-05
7e-05
0.00012
0.00018
0.00023
0.00029
0.00035
0.00041
0.00047
0.00052
0.00059
0.00064
0.00071
0.00077
0.00084
0.00089
0.00096
0.00102
0.00109
0.00115
0.00121
0.00127
0.00134
0.0014
0.00146
0.00151
0.00158
0.00163
0.0017
0.00174
0.0018
0.00185
0.00191
0.00195
0.00199
0.00203
0.00207
0.00211
0.00215
0.00218
0.00221
0.00223
0.00226
0.00228
0.0023
0.0023
0.00232
0.00232
0.00233
0.00232
0.00232
0.00231
0.0023
0.00229
0.00228
0.00227
0.00225
0.00223
0.00221
0.00218
0.00217
0.00213
0.00211
0.00208
0.00206
0.00203
0.002
0.00197
0.00195
0.00192
0.0019
0.00187
0.00185
0.00182
0.00181
0.00178
0.00177
0.00174
0.00173
0.00171
0.0017
0.00168
0.00167
0.00165
0.00163
0.00162
0.00161
0.0016
0.00159
0.00158
0.00157
0.00156
0.00155
0.00154
0.00153
0.00151
0.00151
0.00149
0.00148
0.00147
0.00145
0.00145
0.00144
0.00143
0.00142
0.0014
0.0014
0.00138
0.00138
0.00137
0.00136
0.00135
0.00136
0.00135
0.00135
0.00135
0.00135
0.00135
0.00136
0.00137
0.00138
0.00139
0.00141
0.00143
0.00145
0.00147
0.0015
0.00153
0.00156
0.00159
0.00163
0.00167
0.00171
0.00175
0.0018
0.00185
0.00191
0.00195
0.00201
0.00206
0.00212
0.00217
0.00223
0.00228
0.00234
0.00239
0.00245
0.0025
0.00256
0.00261
0.00267
0.00272
0.00277
0.00281
0.00286
0.0029
0.00295
0.00298
0.00302
0.00305
0.00309
0.00312
0.00315
0.00317
0.00319
0.00322
0.00324
0.00326
0.00328
0.00328
0.0033
0.00331
0.00332
0.00332
0.00332
0.00332
0.00332
0.00331
0.0033
0.00328
0.00326
0.00325
0.00323
0.0032
0.00317
0.00313
0.0031
0.00305
0.00301
0.00296
0.00291
0.00284
0.00279
0.00272
0.00265
0.00258
0.0025
0.00242
0.00234
0.00225
0.00217
0.00208
0.00199
0.00189
0.00181
0.00171
0.00162
0.00152
0.00143
0.00133
0.00123
0.00114
0.00104
0.00095
0.00086
0.00077
0.00069
0.00059
0.00051
0.00043
0.00035
0.00026
0.00019
0.00011
4e-05
-4e-05
-0.00011
-0.00017
-0.00024
-0.0003
-0.00036
-0.00042
-0.00047
-0.00053
-0.00058
-0.00063
-0.00067
-0.00072
-0.00075
-0.00079
-0.00082
-0.00085
-0.00088
-0.0009
-0.00092
-0.00093
-0.00094
-0.00095
-0.00095
-0.00096
-0.00095
-0.00095
-0.00094
-0.00093
-0.00091
-0.0009
-0.00088
-0.00086
-0.00083
-0.00081
-0.00078
-0.00075
-0.00072
-0.00069
-0.00065
-0.00063
-0.00058
-0.00055
-0.00051
-0.00048
-0.00044
-0.0004
-0.00035
-0.00032
-0.00027
-0.00023
-0.00019
-0.00014
-0.0001
-5e-05
0.0
4e-05
0.0001
0.00015
0.00021
0.00025
0.00031
0.00036
0.00043
0.00048
0.00055
0.0006
0.00066
0.00073
0.00079
0.00085
0.00092
0.00097
0.00104
0.0011
0.00116
0.00122
0.00128
0.00133
0.00139
0.00144
0.00149
0.00154
0.00159
0.00163
0.00168
0.00172
0.00176
0.00179
0.00182
0.00185
0.00188
0.00189
0.00192
0.00193
0.00195
0.00196
0.00197
0.00197
0.00197
0.00197
0.00197
0.00197
0.00196
0.00194
0.00194
0.00192
0.0019
0.00188
0.00186
0.00183
0.00181
0.00178
0.00174
0.00171
0.00167
0.00164
0.0016
0.00156
0.00153
0.00148
0.00144
0.00139
0.00135
0.0013
0.00126
0.00121
0.00117
0.00112
0.00107
0.00102
0.00097
0.00093
0.00088
0.00084
0.0008
0.00075
0.00071
0.00067
0.00064
0.00059
0.00056
0.00052
0.0005
0.00046
0.00044
0.00041
0.00038
0.00036
0.00034
0.00032
0.0003
0.00028
0.00026
0.00025
0.00024
0.00022
0.00021
0.00019
0.00019
0.00018
0.00017
0.00016
0.00014
0.00013
0.00013
0.00011
0.00011
9e-05
8e-05
6e-05
5e-05
3e-05
2e-05
-0.0
-2e-05
-4e-05
-6e-05
-8e-05
-0.00011
-0.00013
-0.00016
-0.00018
-0.00021
-0.00024
-0.00027
-0.0003
-0.00032
-0.00036
-0.00039
-0.00043
-0.00045
-0.00049
-0.00053
-0.00056
-0.0006
-0.00063
-0.00067
-0.0007
-0.00074
-0.00078
-0.00082
-0.00086
-0.00089
-0.00094
-0.00098
-0.00103
-0.00106
-0.00111
-0.00115
-0.0012
-0.00124
-0.00129
-0.00133
-0.00137
-0.00142
-0.00147
-0.00151
-0.00156
-0.00159
-0.00165
-0.00168
-0.00173
-0.00177
-0.00181
-0.00185
-0.00189
-0.00192
-0.00195
-0.00198
-0.00201
-0.00203
-0.00206
-0.00208
-0.0021
-0.00211
-0.00213
-0.00214
-0.00215
-0.00214
-0.00215
-0.00215
-0.00214
-0.00214
-0.00212
-0.00211
-0.00209
-0.00207
-0.00205
-0.00202
-0.002
-0.00196
-0.00194
-0.0019
-0.00187
-0.00182
-0.00178
-0.00174
-0.0017
-0.00165
-0.00161
-0.00155
-0.0015
-0.00145
-0.0014
-0.00134
-0.00129
-0.00123
-0.00118
-0.00112
-0.00107
-0.00101
-0.00096
-0.0009
-0.00085
-0.00079
-0.00074
-0.00068
-0.00063
-0.00057
-0.00052
-0.00046
-0.00042
-0.00036
-0.00031
-0.00026
-0.00021
-0.00016
-0.00011
-6e-05
-1e-05
4e-05
8e-05
0.00013
0.00018
0.00024
0.00028
0.00033
0.00038
0.00043
0.00048
0.00053
0.00058
0.00063
0.00068
0.00073
0.00078
0.00082
0.00087
0.00093
0.00097
0.00103
0.00107
0.00112
0.00116
0.00121
0.00124
0.00129
0.00133
0.00137
0.00141
0.00144
0.00147
0.00151
0.00154
0.00157
0.0016
0.00163
0.00165
0.00168
0.0017
0.00173
0.00174
0.00176
0.00178
0.0018
0.00181
0.00183
0.00184
0.00185
0.00186
0.00187
0.00188
0.00189
0.00189
0.0019
0.0019
0.00191
0.0019
0.00191
0.0019
0.0019
0.00189
0.00189
0.00188
0.00187
0.00186
0.00185
0.00183
0.00182
0.0018
0.00179
0.00176
0.00175
0.00172
0.00171
0.00168
0.00166
0.00163
0.0016
0.00158
0.00155
0.00152
0.00149
0.00146
0.00143
0.00139
0.00136
0.00133
0.0013
0.00126
0.00122
0.00118
0.00115
0.00111
0.00107
0.00103
0.00098
0.00094
0.0009
0.00086
0.00082
0.00077
0.00073
0.00068
0.00064
0.00059
0.00055
0.0005
0.00046
0.00042
0.00037
0.00033
0.00028
0.00024
0.0002
0.00017
0.00013
8e-05
5e-05
1e-05
-1e-05
-5e-05
-8e-05
-0.00012
-0.00014
-0.00017
-0.0002
-0.00023
-0.00026
-0.00028
-0.00031
-0.00033
-0.00035
-0.00038
-0.0004
-0.00043
-0.00044
-0.00047
-0.00049
-0.00052
-0.00053
-0.00056
-0.00058
-0.0006
-0.00062
-0.00064
-0.00066
-0.00068
-0.00069
-0.00071
-0.00072
-0.00074
-0.00075
-0.00077
-0.00077
-0.00079
-0.00079
-0.0008
-0.0008
-0.00081
-0.00081
-0.00081
-0.00081
-0.00081
-0.0008
-0.0008
-0.00079
-0.00079
-0.00078
-0.00078
-0.00077
-0.00077
-0.00075
-0.00075
-0.00075
-0.00074
-0.00074
-0.00073
-0.00073
-0.00072
-0.00072
-0.00073
-0.00072
-0.00073
-0.00072
-0.00073
-0.00073
-0.00075
-0.00074
-0.00075
-0.00076
-0.00077
-0.00078
-0.00078
-0.00079
-0.0008
-0.0008
-0.00081
-0.00081
-0.00082
-0.00082
-0.00083
-0.00083
-0.00084
-0.00083
-0.00083
-0.00083
-0.00083
-0.00083
-0.00082
-0.00082
-0.00081
-0.0008
-0.00079
-0.00078
-0.00077
-0.00075
-0.00074
-0.00072
-0.00071
-0.00069
-0.00068
-0.00066
-0.00064
-0.00062
-0.0006
-0.00058
-0.00055
-0.00053
-0.00051
-0.00048
-0.00046
-0.00043
-0.00041
-0.00038
-0.00036
-0.00032
-0.0003
-0.00027
-0.00024
-0.00021
-0.00019
-0.00016
-0.00013
-0.0001
-8e-05
-5e-05
-2e-05
1e-05
3e-05
5e-05
7e-05
0.0001
0.00012
0.00014
0.00016
0.00017
0.00019
0.00021
0.00023
0.00025
0.00026
0.00028
0.00029
0.00031
0.00032
0.00034
0.00035
0.00038
0.00039
0.00041
0.00043
0.00045
0.00047
0.0005
0.00052
0.00055
0.00057
0.00061
0.00063
0.00067
0.0007
0.00074
0.00077
0.00081
0.00085
0.00088
0.00092
0.00096
0.001
0.00105
0.00109
0.00113
0.00117
0.00121
0.00125
0.0013
0.00133
0.00138
0.00141
0.00145
0.00149
0.00152
0.00156
0.00159
0.00162
0.00166
0.00169
0.00172
0.00174
0.00177
0.00179
0.00182
0.00184
0.00186
0.00187
0.0019
0.00192
0.00193
0.00194
0.00195
0.00197
0.00198
0.00199
0.002
0.002
0.00201
0.00201
0.00202
0.00202
0.00202
0.00201
0.00202
0.00201
0.002
0.002
0.00199
0.00198
0.00197
0.00196
0.00196
0.00194
0.00193
0.00192
0.00191
0.00189
0.00189
0.00187
0.00187
0.00185
0.00184
0.00183
0.00182
0.00181
0.00181
0.0018
0.0018
0.00179
0.00179
0.00178
0.00179
0.00178
0.00178
0.00177
0.00178
0.00177
0.00177
0.00177
0.00176
0.00176
0.00176
0.00176
0.00176
0.00174
0.00174
0.00173
0.00172
0.0017
0.00169
0.00167
0.00165
0.00163
0.0016
0.00157
0.00155
0.00152
0.00149
0.00145
0.00142
0.00138
0.00134
0.0013
0.00127
0.00122
0.00118
0.00113
0.0011
0.00105
0.00101
0.00097
0.00092
0.00088
0.00084
0.0008
0.00076
0.00071
0.00068
0.00063
0.0006
0.00055
0.00052
0.00047
0.00044
0.0004
0.00036
0.00032
0.00028
0.00025
0.00021
0.00017
0.00014
9e-05
6e-05
2e-05
-1e-05
-5e-05
-8e-05
-0.00012
-0.00014
-0.00017
-0.0002
-0.00023
-0.00026
-0.00027
-0.00029
-0.0003
-0.00031
-0.00033
-0.00033
-0.00033
-0.00032
-0.00032
-0.00031
-0.0003
-0.00027
-0.00026
-0.00023
-0.0002
-0.00017
-0.00013
-9e-05
-4e-05
1e-05
5e-05
0.0001
0.00016
0.00022
0.00027
0.00033
0.00038
0.00045
0.0005
0.00057
0.00062
0.00068
0.00074
0.0008
0.00086
0.00092
0.00097
0.00103
0.00108
0.00114
0.00119
0.00124
0.00129
0.00134
0.00138
0.00143
0.00147
0.00152
0.00156
0.00161
0.00165
0.00169
0.00172
0.00177
0.0018
0.00184
0.00187
0.00191
0.00194
0.00198
0.00201
0.00204
0.00207
0.0021
0.00213
0.00216
0.00219
0.00222
0.00224
0.00227
0.00229
0.00232
0.00234
0.00236
0.00238
0.00241
0.00242
0.00244
0.00246
0.00247
0.00249
0.0025
0.00251
0.00253
0.00254
0.00255
0.00256
0.00258
0.00258
0.00259
0.0026
0.00261
0.00262
0.00263
0.00264
0.00264
0.00266
0.00267
0.00268
0.0027
0.00271
0.00273
0.00274
0.00276
0.00278
0.0028
0.00281
0.00284
0.00286
0.00289
0.00291
0.00294
0.00297
0.003
0.00303
0.00307
0.00309
0.00313
0.00317
0.00321
0.00324
0.00328
0.00331
0.00335
0.00338
0.00342
0.00345
0.00349
0.00352
0.00356
0.00359
0.00363
0.00365
0.00369
0.00371
0.00375
0.00377
0.0038
0.00382
0.00384
0.00386
0.00388
0.00389
0.00391
0.00393
0.00394
0.00395
0.00396
0.00396
0.00397
0.00397
0.00398
0.00398
0.00398
0.00397
0.00397
0.00396
0.00396
0.00394
0.00393
0.00392
0.00391
0.00389
0.00388
0.00385
0.00383
0.00381
0.00379
0.00376
0.00374
0.0037
0.00368
0.00365
0.00362
0.00358
0.00355
0.00352
0.00348
0.00345
0.00342
0.00337
0.00334
0.0033
0.00327
0.00322
0.00319
0.00314
0.00311
0.00306
0.00302
0.00298
0.00294
0.00289
0.00285
0.00281
0.00278
0.00272
0.00269
0.00264
0.00261
0.00256
0.00252
0.00247
0.00244
0.00239
0.00236
0.00232
0.00228
0.00224
0.0022
0.00217
0.00214
0.0021
0.00207
0.00203
0.00201
0.00197
0.00195
0.00191
0.00189
0.00186
0.00184
0.00181
0.00179
0.00177
0.00175
0.00173
0.00171
0.00168
0.00167
0.00164
0.00163
0.0016
0.00159
0.00157
0.00156
0.00153
0.00151
0.00149
0.00147
0.00146
0.00144
0.00142
0.00141
0.00138
0.00137
0.00135
0.00134
0.00132
0.00131
0.0013
0.00129
0.00128
0.00126
0.00125
0.00125
0.00124
0.00124
0.00123
0.00124
0.00123
0.00123
0.00123
0.00124
0.00124
0.00125
0.00125
0.00126
0.00127
0.00128
0.00129
0.0013
0.00131
0.00132
0.00133
0.00135
0.00136
0.00138
0.00138
0.00141
0.00141
0.00143
0.00144
0.00146
0.00147
0.00149
0.0015
0.00151
0.00153
0.00155
0.00156
0.00158
0.00158
0.0016
0.00161
0.00163
0.00164
0.00166
0.00166
0.00168
0.00168
0.00169
0.00169
0.0017
0.0017
0.0017
0.0017
0.0017
0.00169
0.00168
0.00167
0.00166
0.00163
0.00161
0.00158
0.00156
0.00152
0.00148
0.00144
0.00139
0.00134
0.00129
0.00124
0.00118
0.00111
0.00105
0.00097
0.00091
0.00083
0.00075
0.00067
0.00059
0.0005
0.00042
0.00033
0.00023
0.00015
6e-05
-3e-05
-0.00012
-0.00022
-0.0003
-0.0004
-0.00048
-0.00057
-0.00066
-0.00075
-0.00083
-0.00091
-0.001
-0.00108
-0.00116
-0.00124
-0.00131
-0.00138
-0.00144
-0.00152
-0.00158
-0.00165
-0.0017
-0.00176
-0.00181
-0.00187
-0.00191
-0.00196
-0.002
-0.00204
-0.00208
-0.00211
-0.00213
-0.00216
-0.00218
-0.0022
-0.00221
-0.00222
-0.00223
-0.00224
-0.00224
-0.00224
-0.00223
-0.00223
-0.00222
-0.00221
-0.0022
-0.00218
-0.00216
-0.00213
-0.00211
-0.00209
-0.00205
-0.00203
-0.00199
-0.00196
-0.00193
-0.0019
-0.00185
-0.00182
-0.00178
-0.00174
-0.00169
-0.00165
-0.0016
-0.00156
-0.00151
-0.00146
-0.00141
-0.00136
-0.0013
-0.00126
-0.0012
-0.00115
-0.00109
-0.00104
-0.00098
-0.00093
-0.00087
-0.00081
-0.00075
-0.00069
-0.00062
-0.00057
-0.0005
-0.00045
-0.00038
-0.00032
-0.00026
-0.0002
-0.00013
-7e-05
-1e-05
5e-05
0.00012
0.00018
0.00025
0.00031
0.00038
0.00044
0.0005
0.00057
0.00063
0.0007
0.00076
0.00082
0.00089
0.00096
0.00102
0.00108
0.00114
0.00121
0.00128
0.00134
0.00141
0.00146
0.00153
0.00159
0.00166
0.00171
0.00178
0.00183
0.0019
0.00195
0.00201
0.00207
0.00212
0.00218
0.00223
0.00229
0.00235
0.00239
0.00245
0.0025
0.00256
0.0026
0.00266
0.0027
0.00276
0.0028
0.00285
0.0029
0.00294
0.00299
0.00304
0.00308
0.00313
0.00316
0.00321
0.00324
0.00329
0.00331
0.00335
0.00337
0.00341
0.00343
0.00345
0.00347
0.00349
0.0035
0.00352
0.00353
0.00354
0.00353
0.00354
0.00353
0.00352
0.00351
0.0035
0.00348
0.00346
0.00343
0.00341
0.00337
0.00334
0.00331
0.00327
0.00322
0.00318
0.00313
0.00308
0.00302
0.00297
0.0029
0.00284
0.00277
0.00271
0.00264
0.00256
0.00249
0.00241
0.00233
0.00225
0.00217
0.00209
0.00199
0.00191
0.00182
0.00174
0.00165
0.00156
0.00147
0.00139
0.00131
0.00122
0.00114
0.00106
0.00098
0.00091
0.00084
0.00077
0.0007
0.00065
0.00058
0.00054
0.00048
0.00043
0.00038
0.00035
0.0003
0.00027
0.00023
0.0002
0.00018
0.00015
0.00013
0.00011
8e-05
7e-05
5e-05
4e-05
2e-05
1e-05
-0.0
-1e-05
-2e-05
-2e-05
-3e-05
-4e-05
-4e-05
-3e-05
-3e-05
-2e-05
-3e-05
-1e-05
-0.0
2e-05
4e-05
6e-05
8e-05
0.00012
0.00015
0.00019
0.00023
0.00028
0.00033
0.00039
0.00045
0.00051
0.00057
0.00065
0.00072
0.0008
0.00088
0.00096
0.00104
0.00113
0.00122
0.00131
0.00139
0.00148
0.00157
0.00167
0.00176
0.00185
0.00193
0.00203
0.00211
0.00221
0.00229
0.00238
0.00246
0.00255
0.00263
0.00272
0.0028
0.00288
0.00296
0.00305
0.00313
0.00321
0.00329
0.00338
0.00346
0.00354
0.00362
0.00371
0.00378
0.00387
0.00395
0.00403
0.0041
0.00418
0.00426
0.00434
0.00441
0.00448
0.00454
0.00461
0.00467
0.00473
0.00478
0.00483
0.00487
0.00492
0.00494
0.00497
0.00499
0.00501
0.00502
0.00503
0.00503
0.00503
0.00501
0.005
0.00498
0.00495
0.00492
0.00489
0.00484
0.0048
0.00475
0.0047
0.00465
0.00459
0.00453
0.00447
0.00441
0.00435
0.00428
0.00422
0.00415
0.00409
0.00401
0.00395
0.00387
0.00381
0.00374
0.00367
0.0036
0.00352
0.00345
0.00338
0.00331
0.00324
0.00315
0.00308
0.003
0.00293
0.00284
0.00277
0.00268
0.0026
0.00252
0.00244
0.00235
0.00226
0.00218
0.0021
0.00202
0.00194
0.00186
0.00179
0.00171
0.00164
0.00157
0.0015
0.00144
0.00138
0.00133
0.00128
0.00123
0.00118
0.00114
0.00111
0.00108
0.00106
0.00104
0.00102
0.00101
0.001
0.00099
0.00099
0.00098
0.00099
0.00099
0.00099
0.001
0.001
0.00101
0.00102
0.00103
0.00104
0.00104
0.00105
0.00105
0.00106
0.00106
0.00106
0.00106
0.00107
0.00106
0.00106
0.00106
0.00106
0.00106
0.00106
0.00106
0.00106
0.00105
0.00105
0.00104
0.00105
0.00104
0.00104
0.00104
0.00104
0.00104
0.00104
0.00104
0.00104
0.00104
0.00105
0.00105
0.00105
0.00105
0.00106
0.00106
0.00106
0.00106
0.00107
0.00106
0.00108
0.00107
0.00108
0.00108
0.00108
0.00109
0.0011
0.0011
0.00111
0.00111
0.00113
0.00113
0.00115
0.00116
0.00117
0.00118
0.0012
0.00121
0.00123
0.00124
0.00126
0.00128
0.0013
0.00132
0.00134
0.00136
0.00138
0.0014
0.00142
0.00144
0.00146
0.00147
0.0015
0.00151
0.00153
0.00155
0.00156
0.00158
0.0016
0.00162
0.00164
0.00165
0.00168
0.0017
0.00172
0.00174
0.00177
0.00179
0.00182
0.00185
0.00188
0.00191
0.00194
0.00198
0.00201
0.00205
0.00209
0.00212
0.00217
0.0022
0.00224
0.00227
0.00231
0.00234
0.00238
0.0024
0.00243
0.00245
0.00247
0.00248
0.0025
0.00251
0.00252
0.00251
0.00251
0.0025
0.00249
0.00247
0.00246
0.00243
0.00241
0.00237
0.00234
0.00231
0.00226
0.00223
0.00219
0.00215
0.00211
0.00205
0.00201
0.00197
0.00193
0.00187
0.00183
0.00178
0.00174
0.0017
0.00165
0.0016
0.00156
0.00152
0.00148
0.00143
0.00139
0.00134
0.0013
0.00125
0.00122
0.00117
0.00112
0.00107
0.00103
0.00097
0.00093
0.00087
0.00082
0.00077
0.00072
0.00066
0.00061
0.00055
0.0005
0.00044
0.0004
0.00034
0.00029
0.00024
0.0002
0.00015
0.0001
6e-05
2e-05
-1e-05
-4e-05
-7e-05
-9e-05
-0.00012
-0.00013
-0.00015
-0.00015
-0.00016
-0.00016
-0.00016
-0.00015
-0.00014
-0.00012
-0.00011
-8e-05
-5e-05
-2e-05
1e-05
5e-05
9e-05
0.00013
0.00018
0.00023
0.00028
0.00033
0.00038
0.00044
0.00049
0.00056
0.00061
0.00067
0.00073
0.0008
0.00086
0.00093
0.00098
0.00105
0.00111
0.00118
0.00123
0.0013
0.00135
0.00142
0.00147
0.00153
0.00158
0.00163
0.00169
0.00174
0.00179
0.00184
0.00188
0.00193
0.00197
0.00202
0.00205
0.00209
0.00212
0.00216
0.00219
0.00222
0.00224
0.00226
0.00229
0.00231
0.00233
0.00235
0.00235
0.00237
0.00237
0.00238
0.00238
0.00239
0.00238
0.00238
0.00237
0.00237
0.00235
0.00234
0.00232
0.00231
0.00228
0.00226
0.00223
0.0022
0.00217
0.00214
0.0021
0.00206
0.00202
0.00198
0.00193
0.00188
0.00183
0.00178
0.00173
0.00167
0.00162
0.00156
0.0015
0.00144
0.00138
0.00132
0.00125
0.0012
0.00113
0.00107
0.001
0.00094
0.00088
0.00081
0.00075
0.00069
0.00063
0.00058
0.00051
0.00046
0.00041
0.00036
0.0003
0.00025
0.0002
0.00016
0.00011
6e-05
1e-05
-3e-05
-7e-05
-0.00011
-0.00014
-0.00018
-0.00022
-0.00025
-0.00029
-0.00032
-0.00036
-0.00039
-0.00043
-0.00045
-0.00049
-0.00053
-0.00056
-0.0006
-0.00063
-0.00066
-0.0007
-0.00073
-0.00078
-0.00081
-0.00085
-0.00088
-0.00092
-0.00096
-0.001
-0.00103
-0.00107
-0.00111
-0.00115
-0.00119
-0.00122
-0.00126
-0.00129
-0.00132
-0.00136
-0.00139
-0.00142
-0.00144
-0.00148
-0.0015
-0.00153
-0.00155
-0.00157
-0.00159
-0.00162
-0.00163
-0.00165
-0.00166
-0.00167
-0.00168
-0.00169
-0.00169
-0.0017
-0.0017
-0.0017
-0.0017
-0.0017
-0.00169
-0.00168
-0.00167
-0.00166
-0.00164
-0.00162
-0.00159
-0.00157
-0.00154
-0.00151
-0.00147
-0.00144
-0.00139
-0.00136
-0.0013
-0.00126
-0.0012
-0.00115
-0.00109
-0.00104
-0.00098
-0.00091
-0.00085
-0.00078
-0.00071
-0.00065
-0.00058
-0.00051
-0.00044
-0.00037
-0.0003
-0.00024
-0.00016
-0.0001
-3e-05
3e-05
9e-05
0.00016
0.00022
0.00028
0.00034
0.00039
0.00046
0.00051
0.00057
0.00062
0.00067
0.00072
0.00078
0.00082
0.00087
0.00092
0.00097
0.00102
0.00107
0.00112
0.00118
0.00122
0.00127
0.00132
0.00137
0.00142
0.00148
0.00152
0.00158
0.00163
0.00168
0.00173
0.00178
0.00184
0.00189
0.00195
0.002
0.00205
0.00211
0.00216
0.00221
0.00226
0.00232
0.00236
0.00242
0.00247
0.00252
0.00257
0.00261
0.00267
0.00272
0.00276
0.00282
0.00286
0.00291
0.00295
0.003
0.00304
0.00308
0.00312
0.00317
0.0032
0.00324
0.00327
0.00331
0.00334
0.00337
0.0034
0.00343
0.00344
0.00347
0.00348
0.0035
0.00351
0.00352
0.00353
0.00354
0.00354
0.00354
0.00353
0.00352
0.00352
0.00351
0.0035
0.00349
0.00346
0.00345
0.00343
0.00341
0.00338
0.00336
0.00333
0.00331
0.00328
0.00325
0.00322
0.00319
0.00316
0.00313
0.00309
0.00307
0.00302
0.003
0.00296
0.00293
0.00289
0.00285
0.00281
0.00278
0.00274
0.0027
0.00265
0.00261
0.00256
0.00252
0.00247
0.00242
0.00236
0.00232
0.00225
0.0022
0.00214
0.00208
0.00202
0.00196
0.00189
0.00183
0.00176
0.00169
0.00163
0.00157
0.0015
0.00144
0.00137
0.00131
0.00125
0.00119
0.00113
0.00108
0.00102
0.00098
0.00093
0.00089
0.00085
0.00081
0.00078
0.00075
0.00073
0.00071
0.00068
0.00067
0.00066
0.00065
0.00063
0.00063
0.00062
0.00063
0.00062
0.00062
0.00062
0.00062
0.00063
0.00063
0.00063
0.00064
0.00063
0.00064
0.00063
0.00063
0.00062
0.00062
0.00061
0.00061
0.0006
0.00059
0.00058
0.00056
0.00055
0.00054
0.00052
0.00051
0.00048
0.00047
0.00045
0.00044
0.00041
0.0004
0.00037
0.00036
0.00034
0.00033
0.00031
0.00029
0.00027
0.00025
0.00024
0.00022
0.0002
0.00018
0.00016
0.00015
0.00012
0.00011
8e-05
7e-05
5e-05
3e-05
0.0
-2e-05
-4e-05
-6e-05
-8e-05
-0.0001
-0.00013
-0.00015
-0.00017
-0.00019
-0.00021
-0.00023
-0.00026
-0.00027
-0.00029
-0.0003
-0.00032
-0.00034
-0.00035
-0.00036
-0.00037
-0.00038
-0.00039
-0.00039
-0.0004
-0.00041
-0.00042
-0.00042
-0.00043
-0.00042
-0.00043
-0.00043
-0.00044
-0.00044
-0.00044
-0.00044
-0.00045
-0.00045
-0.00046
-0.00045
-0.00046
-0.00046
-0.00047
-0.00047
-0.00048
-0.00047
-0.00048
-0.00048
-0.00048
-0.00048
-0.00048
-0.00047
-0.00047
-0.00046
-0.00046
-0.00044
-0.00043
-0.00042
-0.00041
-0.00039
-0.00037
-0.00034
-0.00033
-0.0003
-0.00028
-0.00026
-0.00023
-0.0002
-0.00017
-0.00013
-0.00011
-7e-05
-5e-05
-1e-05
1e-05
5e-05
7e-05
0.0001
0.00013
0.00015
0.00018
0.0002
0.00022
0.00024
0.00026
0.00029
0.0003
0.00032
0.00034
0.00036
0.00037
0.00039
0.0004
0.00042
0.00044
0.00045
0.00047
0.00048
0.0005
0.00052
0.00054
0.00057
0.00058
0.00061
0.00062
0.00065
0.00067
0.0007
0.00071
0.00074
0.00076
0.00078
0.0008
0.00082
0.00084
0.00086
0.00088
0.00089
0.0009
0.00091
0.00092
0.00093
0.00093
0.00093
0.00092
0.00092
0.00091
0.0009
0.00089
0.00087
0.00086
0.00085
0.00083
0.00081
0.00079
0.00077
0.00075
0.00073
0.00071
0.00069
0.00067
0.00066
0.00064
0.00062
0.00061
0.00059
0.00059
0.00058
0.00058
0.00058
0.00057
0.00057
0.00057
0.00058
0.00058
0.00059
0.00059
0.0006
0.0006
0.00061
0.00062
0.00062
0.00063
0.00064
0.00065
0.00066
0.00066
0.00067
0.00066
0.00067
0.00067
0.00067
0.00066
0.00067
0.00066
0.00066
0.00065
0.00064
0.00064
0.00063
0.00063
0.00062
0.00061
0.00061
0.0006
0.00059
0.00058
0.00058
0.00056
0.00056
0.00055
0.00055
0.00054
0.00053
0.00052
0.00052
0.00051
0.00051
0.0005
0.0005
0.00049
0.00049
