4.0568753558716E+01

-0.00321
-0.00315
-0.00307
-0.003
-0.00291
-0.00284
-0.00276
-0.00268
-0.0026
-0.00251
-0.00242
-0.00233
-0.00223
-0.00214
-0.00204
-0.00195
-0.00183
-0.00174
-0.00163
-0.00154
-0.00142
-0.00132
-0.00122
-0.00112
-0.00102
-0.0009
-0.0008
-0.00069
-0.00058
-0.00049
-0.00038
-0.00028
-0.00017
-8e-05
3e-05
0.00012
0.00024
0.00033
0.00043
0.00053
0.00063
0.00074
0.00085
0.00096
0.00107
0.00117
0.0013
0.0014
0.00153
0.00164
0.00177
0.00188
0.00202
0.00213
0.00226
0.00239
0.00251
0.00264
0.00277
0.0029
0.00303
0.00314
0.00327
0.00338
0.00351
0.00361
0.00373
0.00383
0.00394
0.00403
0.00412
0.0042
0.00428
0.00436
0.00444
0.00451
0.00457
0.00462
0.00468
0.00472
0.00478
0.0048
0.00485
0.00487
0.00492
0.00494
0.00496
0.00498
0.005
0.00502
0.00505
0.00506
0.00508
0.00507
0.0051
0.0051
0.00511
0.00511
0.00512
0.00511
0.00512
0.0051
0.0051
0.00508
0.00506
0.00505
0.00503
0.00501
0.00498
0.00494
0.00491
0.00487
0.00483
0.00478
0.00473
0.00467
0.00462
0.00456
0.0045
0.00443
0.00436
0.00429
0.00422
0.00415
0.00408
0.00399
0.00393
0.00384
0.00378
0.00369
0.00362
0.00353
0.00347
0.00338
0.00331
0.00323
0.00314
0.00307
0.003
0.00292
0.00285
0.00275
0.00268
0.0026
0.00253
0.00243
0.00236
0.00226
0.00219
0.0021
0.00201
0.00192
0.00183
0.00175
0.00166
0.00157
0.00149
0.00138
0.0013
0.00121
0.00113
0.00103
0.00095
0.00085
0.00078
0.00069
0.00061
0.00053
0.00044
0.00037
0.0003
0.00023
0.00017
9e-05
4e-05
-3e-05
-8e-05
-0.00014
-0.00018
-0.00025
-0.00027
-0.00032
-0.00036
-0.0004
-0.00044
-0.00046
-0.00048
-0.0005
-0.00051
-0.00054
-0.00054
-0.00055
-0.00054
-0.00054
-0.00053
-0.00052
-0.00049
-0.00048
-0.00045
-0.00042
-0.00039
-0.00034
-0.00029
-0.00024
-0.00018
-0.00013
-6e-05
1e-05
8e-05
0.00015
0.00024
0.00031
0.00041
0.00049
0.00059
0.00068
0.00077
0.00088
0.00098
0.00108
0.00119
0.00128
0.0014
0.0015
0.00162
0.00171
0.00182
0.00193
0.00204
0.00214
0.00225
0.00235
0.00245
0.00255
0.00266
0.00276
0.00286
0.00294
0.00304
0.00313
0.00323
0.0033
0.00339
0.00346
0.00355
0.00363
0.0037
0.00377
0.00383
0.0039
0.00397
0.00403
0.0041
0.00414
0.0042
0.00425
0.00431
0.00435
0.00441
0.00444
0.0045
0.00454
0.00457
0.00461
0.00465
0.00469
0.00473
0.00477
0.0048
0.00482
0.00487
0.00489
0.00493
0.00494
0.00497
0.00498
0.00502
0.00503
0.00505
0.00506
0.00507
0.00509
0.0051
0.0051
0.00511
0.0051
0.00511
0.0051
0.0051
0.00507
0.00507
0.00505
0.00504
0.00501
0.005
0.00497
0.00494
0.00492
0.00489
0.00486
0.00484
0.00479
0.00478
0.00474
0.00471
0.00468
0.00465
0.00461
0.0046
0.00456
0.00454
0.00451
0.00448
0.00446
0.00445
0.00442
0.00441
0.00438
0.00437
0.00434
0.00434
0.00431
0.0043
0.00427
0.00427
0.00424
0.00423
0.0042
0.00418
0.00416
0.00414
0.00411
0.00409
0.00405
0.00402
0.00399
0.00396
0.00391
0.00387
0.00381
0.00378
0.00372
0.00367
0.00361
0.00355
0.00349
0.00343
0.00337
0.00331
0.00323
0.00317
0.00309
0.00303
0.00295
0.00288
0.0028
0.00274
0.00266
0.00259
0.00251
0.00244
0.00238
0.00231
0.00225
0.00218
0.00211
0.00205
0.00198
0.00193
0.00185
0.0018
0.00172
0.00167
0.00161
0.00154
0.00148
0.00141
0.00135
0.00129
0.00122
0.00116
0.00108
0.00102
0.00094
0.00088
0.0008
0.00074
0.00065
0.00059
0.00051
0.00043
0.00035
0.00028
0.0002
0.00013
6e-05
-1e-05
-9e-05
-0.00015
-0.00023
-0.00029
-0.00036
-0.00041
-0.00048
-0.00052
-0.00058
-0.00062
-0.00067
-0.00072
-0.00075
-0.00079
-0.00082
-0.00084
-0.00088
-0.00089
-0.00092
-0.00093
-0.00095
-0.00096
-0.00098
-0.00098
-0.00099
-0.00099
-0.001
-0.001
-0.001
-0.001
-0.00099
-0.00098
-0.00099
-0.00098
-0.00098
-0.00095
-0.00096
-0.00094
-0.00094
-0.00091
-0.0009
-0.00088
-0.00087
-0.00085
-0.00082
-0.0008
-0.00077
-0.00075
-0.00073
-0.0007
-0.00067
-0.00063
-0.00061
-0.00057
-0.00056
-0.00051
-0.00048
-0.00045
-0.00043
-0.0004
-0.00036
-0.00033
-0.0003
-0.00027
-0.00025
-0.00022
-0.0002
-0.00017
-0.00016
-0.00013
-0.00012
-9e-05
-8e-05
-6e-05
-5e-05
-4e-05
-2e-05
-1e-05
1e-05
3e-05
2e-05
5e-05
6e-05
8e-05
8e-05
0.0001
0.00011
0.00014
0.00015
0.00016
0.00017
0.00019
0.00021
0.00024
0.00026
0.00029
0.0003
0.00033
0.00035
0.00038
0.00039
0.00042
0.00043
0.00047
0.00048
0.00051
0.00052
0.00054
0.00056
0.00058
0.0006
0.00062
0.00062
0.00065
0.00065
0.00067
0.00067
0.00069
0.00069
0.00071
0.00072
0.00072
0.00073
0.00074
0.00075
0.00076
0.00077
0.00079
0.00079
0.00081
0.00082
0.00084
0.00085
0.00087
0.00088
0.00091
0.00093
0.00095
0.00097
0.00099
0.00102
0.00104
0.00107
0.00111
0.00112
0.00116
0.00118
0.00122
0.00124
0.00128
0.0013
0.00134
0.00136
0.00139
0.00142
0.00145
0.00148
0.00152
0.00154
0.00158
0.00159
0.00163
0.00166
0.0017
0.00171
0.00175
0.00176
0.0018
0.00182
0.00185
0.00187
0.00189
0.00191
0.00194
0.00195
0.00198
0.00198
0.002
0.00201
0.00203
0.00202
0.00203
0.00202
0.00202
0.00201
0.00199
0.00198
0.00195
0.00193
0.00191
0.00187
0.00185
0.0018
0.00176
0.00171
0.00167
0.00161
0.00156
0.00149
0.00145
0.00138
0.00132
0.00125
0.00118
0.00113
0.00107
0.001
0.00094
0.00086
0.00081
0.00074
0.00069
0.00062
0.00056
0.00049
0.00045
0.00038
0.00033
0.00026
0.00021
0.00016
0.00011
5e-05
1e-05
-6e-05
-0.00011
-0.00016
-0.00021
-0.00027
-0.00031
-0.00038
-0.00041
-0.00047
-0.00052
-0.00057
-0.00062
-0.00067
-0.00071
-0.00075
-0.00079
-0.00084
-0.00087
-0.00091
-0.00093
-0.00098
-0.00099
-0.00103
-0.00104
-0.00106
-0.00108
-0.00109
-0.00111
-0.00111
-0.00111
-0.0011
-0.00109
-0.0011
-0.00108
-0.00107
-0.00105
-0.00104
-0.00102
-0.00101
-0.00098
-0.00096
-0.00094
-0.00091
-0.00089
-0.00086
-0.00083
-0.0008
-0.00077
-0.00075
-0.00071
-0.00069
-0.00065
-0.00063
-0.0006
-0.00058
-0.00054
-0.00053
-0.0005
-0.00048
-0.00046
-0.00044
-0.00041
-0.00039
-0.00037
-0.00037
-0.00035
-0.00034
-0.00032
-0.00032
-0.00032
-0.00032
-0.00031
-0.00032
-0.00033
-0.00034
-0.00035
-0.00036
-0.00037
-0.00039
-0.00039
-0.00043
-0.00043
-0.00045
-0.00047
-0.00049
-0.0005
-0.00053
-0.00053
-0.00055
-0.00057
-0.00058
-0.00059
-0.00059
-0.0006
-0.00061
-0.0006
-0.00062
-0.00061
-0.00062
-0.00061
-0.00061
-0.00061
-0.00062
-0.0006
-0.00061
-0.00061
-0.00061
-0.00062
-0.00062
-0.00063
-0.00063
-0.00064
-0.00067
-0.00067
-0.0007
-0.00071
-0.00074
-0.00075
-0.00079
-0.00079
-0.00082
-0.00085
-0.00087
-0.00089
-0.0009
-0.00091
-0.00093
-0.00093
-0.00094
-0.00093
-0.00093
-0.0009
-0.00089
-0.00086
-0.00084
-0.00079
-0.00075
-0.0007
-0.00065
-0.00059
-0.00052
-0.00045
-0.00037
-0.00029
-0.00021
-0.00011
-3e-05
8e-05
0.00016
0.00027
0.00036
0.00048
0.00057
0.00068
0.00078
0.00088
0.00099
0.00109
0.0012
0.00131
0.00141
0.00153
0.00162
0.00174
0.00184
0.00195
0.00205
0.00217
0.00227
0.00239
0.00249
0.0026
0.00271
0.00283
0.00294
0.00306
0.00317
0.00329
0.0034
0.00352
0.00362
0.00374
0.00384
0.00396
0.00406
0.00417
0.00427
0.00437
0.00447
0.00456
0.00465
0.00475
0.00482
0.00491
0.00497
0.00505
0.00511
0.00517
0.00522
0.00529
0.00533
0.00537
0.00541
0.00544
0.00547
0.00551
0.00553
0.00556
0.00556
0.00558
0.00559
0.00561
0.0056
0.00561
0.0056
0.00561
0.0056
0.0056
0.00558
0.00556
0.00556
0.00554
0.00552
0.00551
0.00547
0.00546
0.00543
0.00541
0.00537
0.00534
0.00529
0.00527
0.00522
0.00517
0.00512
0.00507
0.00502
0.00497
0.00491
0.00485
0.00477
0.00471
0.00462
0.00456
0.00446
0.00438
0.00428
0.00419
0.00409
0.00398
0.00387
0.00374
0.00363
0.00351
0.00338
0.00326
0.00311
0.00298
0.00283
0.0027
0.00254
0.0024
0.00225
0.00211
0.00196
0.00181
0.00166
0.00151
0.00137
0.00124
0.00109
0.00097
0.00083
0.00071
0.00058
0.00048
0.00037
0.00027
0.00016
9e-05
0.0
-8e-05
-0.00015
-0.00021
-0.00026
-0.00031
-0.00035
-0.00038
-0.00042
-0.00043
-0.00045
-0.00046
-0.00048
-0.00047
-0.00048
-0.00046
-0.00046
-0.00045
-0.00044
-0.00043
-0.0004
-0.00038
-0.00036
-0.00033
-0.00032
-0.00029
-0.00028
-0.00025
-0.00024
-0.00021
-0.00021
-0.00018
-0.00017
-0.00016
-0.00015
-0.00014
-0.00013
-0.00012
-0.00011
-9e-05
-0.00011
-9e-05
-0.0001
-9e-05
-0.0001
-9e-05
-0.00011
-0.0001
-0.00011
-0.00012
-0.00013
-0.00013
-0.00014
-0.00015
-0.00016
-0.00016
-0.00018
-0.00018
-0.0002
-0.00021
-0.00024
-0.00025
-0.00027
-0.00029
-0.00031
-0.00034
-0.00038
-0.00041
-0.00044
-0.00048
-0.00052
-0.00056
-0.00062
-0.00066
-0.00072
-0.00077
-0.00084
-0.0009
-0.00098
-0.00104
-0.00113
-0.00121
-0.00129
-0.00138
-0.00146
-0.00155
-0.00164
-0.00173
-0.00184
-0.00192
-0.00203
-0.00211
-0.00222
-0.0023
-0.00241
-0.00248
-0.00258
-0.00267
-0.00275
-0.00283
-0.00291
-0.00297
-0.00304
-0.0031
-0.00317
-0.00322
-0.00327
-0.00331
-0.00336
-0.00338
-0.00342
-0.00343
-0.00346
-0.00347
-0.00349
-0.0035
-0.0035
-0.00349
-0.00348
-0.00346
-0.00346
-0.00343
-0.00341
-0.00337
-0.00336
-0.00331
-0.00328
-0.00323
-0.00319
-0.00314
-0.00309
-0.00303
-0.00296
-0.0029
-0.00282
-0.00274
-0.00267
-0.00258
-0.00249
-0.00238
-0.00229
-0.00218
-0.00208
-0.00195
-0.00183
-0.0017
-0.00157
-0.00143
-0.00128
-0.00113
-0.00097
-0.00081
-0.00066
-0.00048
-0.00031
-0.00012
5e-05
0.00024
0.00041
0.00061
0.00079
0.00098
0.00117
0.00136
0.00156
0.00175
0.00194
0.00214
0.00232
0.00253
0.00272
0.00292
0.0031
0.00331
0.00349
0.0037
0.00389
0.00409
0.00428
0.00447
0.00468
0.00488
0.00509
0.0053
0.00549
0.00571
0.00591
0.00613
0.00634
0.00656
0.00676
0.00699
0.00721
0.00743
0.00765
0.00787
0.0081
0.00832
0.00855
0.00878
0.00899
0.00923
0.00945
0.00968
0.00989
0.01011
0.01033
0.01056
0.01077
0.01098
0.0112
0.01141
0.01162
0.01184
0.01205
0.01227
0.01247
0.01269
0.01289
0.01312
0.01332
0.01354
0.01374
0.01397
0.01418
0.0144
0.01461
0.01483
0.01506
0.01528
0.01551
0.01574
0.01595
0.01619
0.01641
0.01664
0.01686
0.01709
0.0173
0.01754
0.01775
0.01797
0.01818
0.0184
0.01861
0.01882
0.01903
0.01924
0.01942
0.01963
0.01982
0.02001
0.02019
0.02038
0.02055
0.02073
0.0209
0.02107
0.02123
0.02139
0.02155
0.0217
0.02185
0.02201
0.02214
0.02229
0.02242
0.02256
0.02268
0.02281
0.02292
0.02304
0.02315
0.02325
0.02335
0.02344
0.02353
0.02362
0.02369
0.02377
0.02382
0.02389
0.02393
0.02398
0.02402
0.02405
0.02407
0.0241
0.02411
0.02412
0.02413
0.02413
0.02413
0.02412
0.02412
0.02411
0.02409
0.02408
0.02406
0.02405
0.02403
0.02401
0.02398
0.02398
0.02395
0.02393
0.0239
0.02388
0.02386
0.02384
0.02381
0.02379
0.02375
0.02372
0.02368
0.02365
0.02359
0.02356
0.02349
0.02344
0.02337
0.0233
0.02321
0.02313
0.02304
0.02294
0.02284
0.02273
0.0226
0.02248
0.02234
0.02222
0.02207
0.02193
0.02176
0.02162
0.02146
0.0213
0.02114
0.02097
0.02082
0.02065
0.02049
0.02034
0.02017
0.02001
0.01986
0.01971
0.01955
0.01941
0.01926
0.01912
0.01898
0.01884
0.01871
0.01857
0.01844
0.01832
0.0182
0.01808
0.01794
0.01783
0.01771
0.01759
0.01747
0.01736
0.01724
0.01713
0.01701
0.01689
0.01678
0.01666
0.01655
0.01644
0.01633
0.01623
0.0161
0.016
0.01589
0.01579
0.01568
0.01559
0.01547
0.01539
0.01528
0.01519
0.01509
0.015
0.01491
0.01482
0.01473
0.01465
0.01456
0.01449
0.0144
0.01432
0.01423
0.01416
0.01408
0.01401
0.01392
0.01385
0.01376
0.01368
0.0136
0.01353
0.01345
0.01337
0.01328
0.01321
0.01312
0.01304
0.01295
0.01287
0.01277
0.0127
0.01261
0.01252
0.01243
0.01233
0.01224
0.01215
0.01206
0.01197
0.01186
0.01177
0.01166
0.01157
0.01146
0.01137
0.01125
0.01115
0.01104
0.01093
0.01082
0.0107
0.0106
0.01048
0.01037
0.01027
0.01014
0.01004
0.00991
0.00981
0.00968
0.00958
0.00945
0.00936
0.00924
0.00913
0.00902
0.00891
0.00881
0.00871
0.00861
0.00852
0.00841
0.00833
0.00823
0.00815
0.00805
0.00798
0.00789
0.00782
0.00774
0.00766
0.00759
0.00752
0.00745
0.00738
0.00731
0.00725
0.00717
0.00712
0.00705
0.00699
0.00692
0.00686
0.00679
0.00674
0.00667
0.0066
0.00653
0.00646
0.0064
0.00633
0.00626
0.0062
0.00612
0.00606
0.00598
0.00591
0.00583
0.00576
0.00567
0.00561
0.00553
0.00546
0.00538
0.0053
0.00523
0.00516
0.00509
0.00502
0.00494
0.00488
0.0048
0.00475
0.00467
0.00461
0.00454
0.00449
0.00443
0.00437
0.00431
0.00425
0.0042
0.00415
0.0041
0.00405
0.00399
0.00395
0.0039
0.00386
0.0038
0.00376
0.0037
0.00368
0.00363
0.00359
0.00354
0.0035
0.00346
0.00343
0.0034
0.00337
0.00333
0.00331
0.00328
0.00327
0.00323
0.00322
0.0032
0.00321
0.00319
0.00319
0.00318
0.00318
0.00319
0.00321
0.00322
0.00324
0.00324
0.00328
0.00329
0.00332
0.00334
0.00337
0.00339
0.00343
0.00345
0.00348
0.0035
0.00352
0.00355
0.00358
0.0036
0.00363
0.00363
0.00365
0.00366
0.00368
0.00368
0.00369
0.00369
0.0037
0.0037
0.0037
0.00369
0.00369
0.00369
0.00368
0.00368
0.00367
0.00365
0.00365
0.00363
0.00363
0.0036
0.00359
0.00356
0.00355
0.00352
0.0035
0.00347
0.00344
0.00342
0.00339
0.00336
0.00333
0.00328
0.00326
0.00321
0.00318
0.00312
0.00309
0.00303
0.003
0.00295
0.0029
0.00285
0.0028
0.00276
0.00271
0.00267
0.00263
0.00257
0.00254
0.00249
0.00246
0.00241
0.00237
0.00233
0.0023
0.00226
0.00222
0.00218
0.00214
0.00211
0.00208
0.00204
0.002
0.00195
0.00191
0.00186
0.00182
0.00176
0.00171
0.00164
0.00159
0.00152
0.00145
0.00138
0.0013
0.00122
0.00114
0.00105
0.00097
0.00086
0.00077
0.00067
0.00058
0.00047
0.00037
0.00026
0.00017
6e-05
-5e-05
-0.00016
-0.00027
-0.00036
-0.00047
-0.00057
-0.00066
-0.00077
-0.00086
-0.00096
-0.00104
-0.00114
-0.00122
-0.00131
-0.00139
-0.00147
-0.00155
-0.00163
-0.00171
-0.00177
-0.00184
-0.00191
-0.00196
-0.00204
-0.00209
-0.00216
-0.00221
-0.00227
-0.00232
-0.00238
-0.00242
-0.00247
-0.00252
-0.00256
-0.00261
-0.00264
-0.00268
-0.00271
-0.00274
-0.00278
-0.00279
-0.00282
-0.00283
-0.00286
-0.00287
-0.00288
-0.00288
-0.00289
-0.00288
-0.00288
-0.00288
-0.00286
-0.00284
-0.00282
-0.00278
-0.00277
-0.00273
-0.00269
-0.00264
-0.00261
-0.00255
-0.00251
-0.00245
-0.0024
-0.00233
-0.00228
-0.00222
-0.00215
-0.00208
-0.00202
-0.00195
-0.00189
-0.00181
-0.00176
-0.00168
-0.00163
-0.00155
-0.0015
-0.00143
-0.00138
-0.00132
-0.00127
-0.00122
-0.00117
-0.00111
-0.00106
-0.00101
-0.00098
-0.00093
-0.00089
-0.00084
-0.00081
-0.00077
-0.00075
-0.0007
-0.00067
-0.00064
-0.00061
-0.00058
-0.00056
-0.00052
-0.00049
-0.00047
-0.00045
-0.00042
-0.0004
-0.00037
-0.00036
-0.00034
-0.00033
-0.0003
-0.00029
-0.00027
-0.00026
-0.00025
-0.00023
-0.00021
-0.0002
-0.00017
-0.00017
-0.00014
-0.00013
-9e-05
-8e-05
-5e-05
-3e-05
1e-05
4e-05
7e-05
0.00011
0.00015
0.0002
0.00025
0.00031
0.00037
0.00042
0.00048
0.00054
0.00061
0.00067
0.00074
0.0008
0.00088
0.00094
0.001
0.00106
0.00112
0.00118
0.00124
0.00129
0.00134
0.00136
0.00141
0.00144
0.00148
0.00149
0.00151
0.00152
0.00153
0.00153
0.00153
0.00152
0.0015
0.00149
0.00147
0.00145
0.00143
0.00139
0.00138
0.00134
0.00133
0.00129
0.00127
0.00124
0.00122
0.0012
0.00118
0.00116
0.00114
0.00113
0.00113
0.00113
0.00113
0.00112
0.00114
0.00114
0.00116
0.00117
0.00119
0.0012
0.00123
0.00124
0.00126
0.00128
0.0013
0.00133
0.00135
0.00137
0.00139
0.0014
0.00143
0.00143
0.00145
0.00146
0.00148
0.00147
0.00149
0.00149
0.00149
0.00149
0.00149
0.00149
0.0015
0.0015
0.0015
0.00149
0.0015
0.00149
0.00151
0.0015
0.00152
0.00151
0.00153
0.00154
0.00155
0.00156
0.00157
0.00159
0.00162
0.00164
0.00167
0.00168
0.00172
0.00175
0.00179
0.00181
0.00185
0.00187
0.00193
0.00195
0.00199
0.00203
0.00206
0.0021
0.00214
0.00218
0.00222
0.00224
0.00229
0.00232
0.00236
0.00239
0.00243
0.00246
0.00251
0.00254
0.00257
0.0026
0.00264
0.00268
0.00272
0.00276
0.00281
0.00283
0.00289
0.00292
0.00298
0.00301
0.00306
0.0031
0.00316
0.00321
0.00325
0.0033
0.00335
0.0034
0.00346
0.00351
0.00356
0.0036
0.00367
0.00371
0.00377
0.00381
0.00386
0.0039
0.00395
0.00399
0.00403
0.00407
0.0041
0.00414
0.00418
0.0042
0.00424
0.00425
0.00428
0.0043
0.00433
0.00433
0.00436
0.00436
0.00438
0.00438
0.00439
0.00439
0.00438
0.00439
0.00439
0.00439
0.00439
0.00437
0.00438
0.00436
0.00436
0.00434
0.00433
0.00431
0.00431
0.00428
0.00425
0.00423
0.0042
0.00418
0.00415
0.00413
0.0041
0.00405
0.00402
0.00397
0.00394
0.00388
0.00384
0.00378
0.00375
0.00369
0.00363
0.00357
0.00351
0.00345
0.0034
0.00333
0.00327
0.0032
0.00314
0.00308
0.00302
0.00295
0.00289
0.00282
0.00277
0.0027
0.00264
0.00258
0.00252
0.00246
0.00241
0.00236
0.00231
0.00225
0.0022
0.00214
0.0021
0.00204
0.00199
0.00193
0.0019
0.00184
0.00179
0.00173
0.00167
0.00163
0.00158
0.00152
0.00148
0.00141
0.00136
0.00131
0.00126
0.0012
0.00116
0.00109
0.00106
0.00101
0.00095
0.00091
0.00086
0.00083
0.00079
0.00076
0.00073
0.00069
0.00067
0.00065
0.00063
0.00061
0.00061
0.00058
0.00059
0.00058
0.00058
0.00058
0.00058
0.0006
0.00061
0.00062
0.00064
0.00065
0.00067
0.00069
0.00071
0.00072
0.00075
0.00076
0.0008
0.00082
0.00084
0.00086
0.00088
0.00091
0.00093
0.00095
0.00098
0.00099
0.00102
0.00103
0.00107
0.00107
0.00109
0.0011
0.00113
0.00113
0.00115
0.00115
0.00116
0.00117
0.00118
0.00119
0.0012
0.00119
0.0012
0.0012
0.00121
0.0012
0.0012
0.00119
0.00121
0.0012
0.0012
0.00119
0.00119
0.0012
0.0012
0.0012
0.00121
0.00121
0.00122
0.00123
0.00125
0.00125
0.00127
0.00129
0.00132
0.00134
0.00136
0.00139
0.00141
0.00145
0.00148
0.00152
0.00156
0.00159
0.00164
0.00167
0.00172
0.00175
0.0018
0.00183
0.00189
0.00192
0.00196
0.002
0.00204
0.00208
0.00212
0.00216
0.00219
0.00222
0.00226
0.00228
0.00232
0.00234
0.00238
0.0024
0.00243
0.00245
0.00247
0.00249
0.0025
0.00253
0.00255
0.00257
0.00258
0.00258
0.0026
0.0026
0.00262
0.00261
0.00262
0.0026
0.00261
0.0026
0.00259
0.00257
0.00255
0.00253
0.00251
0.00248
0.00246
0.00241
0.00238
0.00234
0.0023
0.00224
0.00219
0.00213
0.00208
0.00202
0.00195
0.00188
0.00181
0.00174
0.00167
0.00159
0.00152
0.00143
0.00135
0.00126
0.00119
0.00109
0.00101
0.00092
0.00084
0.00074
0.00065
0.00056
0.00046
0.00037
0.00028
0.00019
0.00011
0.0
-8e-05
-0.00018
-0.00026
-0.00036
-0.00044
-0.00054
-0.00061
-0.0007
-0.00079
-0.00087
-0.00095
-0.00102
-0.00109
-0.00117
-0.00123
-0.00131
-0.00136
-0.00143
-0.00148
-0.00154
-0.00158
-0.00164
-0.00167
-0.00172
-0.00176
-0.0018
-0.00183
-0.00186
-0.00188
-0.0019
-0.00191
-0.00194
-0.00195
-0.00196
-0.00196
-0.00198
-0.00197
-0.00198
-0.00196
-0.00196
-0.00195
-0.00194
-0.00193
-0.00191
-0.00188
-0.00185
-0.00182
-0.0018
-0.00175
-0.00172
-0.00166
-0.00163
-0.00157
-0.00153
-0.00145
-0.0014
-0.00133
-0.00127
-0.0012
-0.00112
-0.00104
-0.00096
-0.00088
-0.0008
-0.00071
-0.00063
-0.00053
-0.00045
-0.00035
-0.00027
-0.00017
-9e-05
0.0
8e-05
0.00016
0.00025
0.00034
0.00042
0.00051
0.00057
0.00065
0.00071
0.00079
0.00085
0.00092
0.00097
0.00103
0.00108
0.00113
0.00118
0.00122
0.00127
0.00131
0.00135
0.0014
0.00142
0.00147
0.00149
0.00154
0.00156
0.00159
0.00161
0.00166
0.00167
0.0017
0.00172
0.00175
0.00177
0.0018
0.00182
0.00184
0.00185
0.00187
0.00188
0.00191
0.00191
0.00192
0.00191
0.00193
0.00193
0.00193
0.00191
0.0019
0.00189
0.00187
0.00186
0.00184
0.0018
0.00178
0.00174
0.00171
0.00166
0.00163
0.00157
0.00154
0.00148
0.00143
0.00137
0.00131
0.00126
0.00121
0.00115
0.00109
0.00102
0.00098
0.00091
0.00086
0.0008
0.00075
0.00069
0.00065
0.00058
0.00053
0.00048
0.00043
0.00038
0.00034
0.00029
0.00025
0.0002
0.00016
0.00011
8e-05
3e-05
-1e-05
-6e-05
-8e-05
-0.00013
-0.00017
-0.00021
-0.00025
-0.00029
-0.00032
-0.00035
-0.00038
-0.00042
-0.00044
-0.00047
-0.00048
-0.00052
-0.00053
-0.00055
-0.00055
-0.00056
-0.00057
-0.00057
-0.00057
-0.00057
-0.00055
-0.00054
-0.00052
-0.00051
-0.00048
-0.00045
-0.00041
-0.00039
-0.00035
-0.00032
-0.00027
-0.00024
-0.0002
-0.00016
-0.00012
-7e-05
-2e-05
3e-05
8e-05
0.00012
0.00017
0.00022
0.00028
0.00031
0.00038
0.00042
0.00048
0.00053
0.00058
0.00063
0.00069
0.00075
0.00081
0.00088
0.00095
0.001
0.00108
0.00114
0.00122
0.00129
0.00137
0.00144
0.00153
0.00161
0.00169
0.00177
0.00185
0.00194
0.00203
0.00212
0.00221
0.00228
0.00237
0.00245
0.00254
0.00262
0.00271
0.00277
0.00286
0.00293
0.003
0.00306
0.00313
0.0032
0.00326
0.00332
0.00338
0.00342
0.00349
0.00353
0.00359
0.00362
0.00367
0.0037
0.00375
0.00378
0.00381
0.00383
0.00385
0.00388
0.0039
0.00392
0.00394
0.00394
0.00396
0.00396
0.00397
0.00396
0.00396
0.00395
0.00396
0.00393
0.00392
0.00391
0.00388
0.00387
0.00385
0.00383
0.00381
0.00377
0.00376
0.00373
0.00371
0.00368
0.00366
0.00363
0.00362
0.00359
0.00358
0.00356
0.00354
0.00354
0.00353
0.00352
0.00353
0.00352
0.00353
0.00353
0.00355
0.00355
0.00356
0.00356
0.00359
0.0036
0.00362
0.00363
0.00365
0.00367
0.00369
0.00371
0.00374
0.00374
0.00377
0.00378
0.00381
0.00382
0.00384
0.00385
0.00388
0.00389
0.00391
0.00392
0.00393
0.00395
0.00397
0.00399
0.00401
0.00401
0.00404
0.00405
0.00407
0.00407
0.0041
0.0041
0.00412
0.00413
0.00413
0.00413
0.00413
0.00413
0.00412
0.00411
0.0041
0.00407
0.00406
0.00402
0.004
0.00395
0.00391
0.00384
0.00381
0.00374
0.00368
0.0036
0.00352
0.00345
0.00337
0.00329
0.00321
0.00311
0.00303
0.00293
0.00285
0.00275
0.00266
0.00256
0.00248
0.00239
0.0023
0.0022
0.00211
0.00203
0.00194
0.00185
0.00177
0.00167
0.00159
0.0015
0.00143
0.00133
0.00124
0.00113
0.00105
0.00095
0.00085
0.00074
0.00062
0.00052
0.00041
0.00029
0.00017
4e-05
-8e-05
-0.00021
-0.00033
-0.00047
-0.00059
-0.00073
-0.00085
-0.00099
-0.00112
-0.00125
-0.00137
-0.00149
-0.0016
-0.00172
-0.00182
-0.00193
-0.00201
-0.00212
-0.00219
-0.00228
-0.00234
-0.00242
-0.00246
-0.00252
-0.00258
-0.00263
-0.00267
-0.0027
-0.00273
-0.00276
-0.00278
-0.00282
-0.00283
-0.00286
-0.00286
-0.00289
-0.0029
-0.00293
-0.00293
-0.00296
-0.00297
-0.003
-0.00301
-0.00302
-0.00304
-0.00305
-0.00306
-0.00309
-0.00309
-0.0031
-0.0031
-0.00311
-0.00311
-0.00311
-0.0031
-0.0031
-0.00309
-0.00308
-0.00306
-0.00304
-0.00301
-0.00298
-0.00294
-0.00292
-0.00287
-0.00284
-0.00278
-0.00276
-0.0027
-0.00267
-0.0026
-0.00256
-0.00252
-0.00248
-0.00244
-0.00239
-0.00235
-0.00231
-0.00226
-0.00223
-0.00219
-0.00217
-0.00212
-0.0021
-0.00207
-0.00205
-0.00201
-0.002
-0.00198
-0.00196
-0.00194
-0.00192
-0.00189
-0.00187
-0.00184
-0.00183
-0.0018
-0.00178
-0.00174
-0.00172
-0.00168
-0.00166
-0.0016
-0.00158
-0.00153
-0.00149
-0.00145
-0.0014
-0.00135
-0.0013
-0.00124
-0.0012
-0.00114
-0.00109
-0.00102
-0.00098
-0.00091
-0.00086
-0.00079
-0.00074
-0.00068
-0.00063
-0.00057
-0.00051
-0.00045
-0.00039
-0.00033
-0.00029
-0.00022
-0.00018
-0.00011
-7e-05
-1e-05
3e-05
0.00011
0.00015
0.0002
0.00025
0.0003
0.00036
0.00042
0.00047
0.00053
0.00057
0.00063
0.00068
0.00074
0.00078
0.00084
0.00088
0.00094
0.00099
0.00103
0.00108
0.00112
0.00117
0.00121
0.00125
0.0013
0.00132
0.00136
0.00139
0.00143
0.00144
0.00147
0.00148
0.00152
0.00152
0.00153
0.00154
0.00154
0.00155
0.00156
0.00156
0.00156
0.00154
0.00154
0.00152
0.00152
0.00149
0.00148
0.00144
0.00143
0.0014
0.00138
0.00134
0.00131
0.00128
0.00125
0.00122
0.00119
0.00114
0.00111
0.00107
0.00104
0.00099
0.00095
0.0009
0.00087
0.00081
0.00077
0.00071
0.00066
0.00061
0.00056
0.00051
0.00046
0.00038
0.00033
0.00025
0.00019
0.00011
4e-05
-5e-05
-0.00012
-0.00021
-0.0003
-0.0004
-0.0005
-0.0006
-0.0007
-0.00081
-0.00091
-0.00104
-0.00114
-0.00126
-0.00137
-0.0015
-0.00161
-0.00174
-0.00184
-0.00197
-0.00209
-0.00221
-0.00232
-0.00243
-0.00254
-0.00264
-0.00274
-0.00285
-0.00293
-0.00304
-0.00311
-0.0032
-0.00328
-0.00336
-0.00342
-0.00349
-0.00356
-0.00362
-0.00368
-0.00372
-0.00377
-0.00381
-0.00384
-0.00389
-0.00392
-0.00396
-0.00398
-0.00402
-0.00404
-0.00407
-0.00409
-0.00411
-0.00413
-0.00415
-0.00416
-0.00417
-0.00417
-0.00418
-0.00417
-0.00419
-0.00417
-0.00417
-0.00414
-0.00413
-0.0041
-0.00408
-0.00403
-0.00399
-0.00394
-0.00389
-0.00383
-0.00375
-0.00367
-0.00359
-0.00349
-0.00341
-0.00329
-0.00319
-0.00306
-0.00295
-0.00281
-0.00269
-0.00254
-0.00241
-0.00227
-0.00213
-0.00198
-0.00183
-0.00168
-0.00154
-0.00138
-0.00125
-0.0011
-0.00097
-0.00082
-0.0007
-0.00057
-0.00045
-0.00032
-0.00022
-0.00011
-1e-05
8e-05
0.00018
0.00028
0.00035
0.00044
0.0005
0.00058
0.00064
0.00071
0.00076
0.00083
0.00087
0.00094
0.00098
0.00103
0.00108
0.00112
0.00117
0.00122
0.00126
0.00131
0.00134
0.00139
0.00143
0.00148
0.0015
0.00154
0.00157
0.00161
0.00163
0.00166
0.00167
0.00168
0.0017
0.0017
0.0017
0.0017
0.00167
0.00167
0.00163
0.00161
0.00157
0.00153
0.00147
0.00143
0.00136
0.0013
0.00123
0.00115
0.00108
0.00101
0.00093
0.00086
0.00076
0.0007
0.00061
0.00054
0.00046
0.00039
0.00031
0.00026
0.0002
0.00014
9e-05
4e-05
0.0
-3e-05
-6e-05
-8e-05
-0.00012
-0.00012
-0.00014
-0.00014
-0.00016
-0.00015
-0.00016
-0.00015
-0.00015
-0.00014
-0.00014
-0.00013
-0.00012
-0.00011
-0.00011
-9e-05
-0.0001
-8e-05
-9e-05
-8e-05
-8e-05
-8e-05
-9e-05
-8e-05
-8e-05
-9e-05
-9e-05
-0.0001
-0.0001
-9e-05
-9e-05
-8e-05
-9e-05
-8e-05
-8e-05
-6e-05
-6e-05
-3e-05
-3e-05
1e-05
2e-05
5e-05
8e-05
0.00011
0.00015
0.00019
0.00023
0.00028
0.00031
0.00037
0.00041
0.00047
0.00052
0.00058
0.00062
0.00069
0.00074
0.0008
0.00085
0.0009
0.00097
0.00103
0.00108
0.00115
0.00118
0.00125
0.0013
0.00136
0.0014
0.00146
0.0015
0.00156
0.00159
0.00164
0.00168
0.00171
0.00176
0.0018
0.00183
0.00187
0.00188
0.00192
0.00194
0.00196
0.00198
0.002
0.002
0.00202
0.00202
0.00203
0.00203
0.00202
0.00202
0.00201
0.002
0.00199
0.00196
0.00195
0.00192
0.00191
0.00187
0.00185
0.0018
0.00178
0.00173
0.0017
0.00165
0.00161
0.00156
0.00152
0.00147
0.00143
0.00136
0.00132
0.00126
0.00121
0.00115
0.00109
0.00102
0.00098
0.00091
0.00085
0.00078
0.00071
0.00065
0.00059
0.00053
0.00047
0.00039
0.00033
0.00025
0.0002
0.00012
6e-05
-2e-05
-7e-05
-0.00015
-0.00022
-0.00029
-0.00036
-0.00043
-0.00049
-0.00056
-0.00062
-0.0007
-0.00075
-0.00082
-0.00088
-0.00095
-0.00101
-0.00108
-0.00113
-0.00119
-0.00126
-0.00132
-0.00139
-0.00144
-0.00149
-0.00155
-0.00159
-0.00167
-0.00171
-0.00177
-0.00181
-0.00187
-0.00191
-0.00196
-0.002
-0.00205
-0.00209
-0.00213
-0.00217
-0.00221
-0.00223
-0.00227
-0.00229
-0.00233
-0.00234
-0.00237
-0.00237
-0.0024
-0.00241
-0.00242
-0.00242
-0.00242
-0.00242
-0.00242
-0.00242
-0.00241
-0.00239
-0.00237
-0.00234
-0.00233
-0.00229
-0.00227
-0.00223
-0.0022
-0.00215
-0.00212
-0.00205
-0.00201
-0.00195
-0.0019
-0.00184
-0.00177
-0.00169
-0.00162
-0.00154
-0.00147
-0.00137
-0.0013
-0.00119
-0.00111
-0.001
-0.0009
-0.00078
-0.00067
-0.00056
-0.00044
-0.00031
-0.00018
-4e-05
0.0001
0.00025
0.00038
0.00054
0.00069
0.00086
0.00101
0.00118
0.00134
0.00152
0.00168
0.00185
0.00203
0.00219
0.00237
0.00255
0.00273
0.00291
0.00308
0.00326
0.00342
0.0036
0.00376
0.00392
0.00407
0.00423
0.00438
0.00452
0.00465
0.00478
0.00491
0.00502
0.00513
0.00524
0.00532
0.00542
0.00549
0.00557
0.00562
0.00568
0.00571
0.00576
0.00579
0.00581
0.00582
0.00583
0.00583
0.00583
0.00582
0.00581
0.00578
0.00577
0.00573
0.00571
0.00567
0.00564
0.00558
0.00556
0.00551
0.00547
0.00542
0.00537
0.00532
0.00528
0.00523
0.00519
0.00512
0.00508
0.00502
0.00498
0.00492
0.00487
0.0048
0.00475
0.00468
0.00462
0.00455
0.00447
0.0044
0.00433
0.00425
0.00418
0.00407
0.004
0.0039
0.00382
0.0037
0.00361
0.0035
0.00341
0.0033
0.00319
0.00308
0.00297
0.00286
0.00276
0.00266
0.00255
0.00244
0.00234
0.00223
0.00215
0.00204
0.00195
0.00186
0.00179
0.00169
0.00161
0.00153
0.00145
0.00138
0.00131
0.00125
0.00119
0.00111
0.00106
0.00099
0.00094
0.00087
0.00082
0.00075
0.00071
0.00064
0.00058
0.00052
0.00046
0.0004
0.00035
0.00029
0.00024
0.00016
0.00011
5e-05
-1e-05
-7e-05
-0.00013
-0.0002
-0.00024
-0.0003
-0.00036
-0.00041
-0.00048
-0.00052
-0.00057
-0.00062
-0.00066
-0.00071
-0.00075
-0.00079
-0.00082
-0.00086
-0.00089
-0.00093
-0.00095
-0.00098
-0.001
-0.00103
-0.00105
-0.00107
-0.00108
-0.0011
-0.0011
-0.00113
-0.00112
-0.00113
-0.00112
-0.00113
-0.00112
-0.00113
-0.00111
-0.00111
-0.00109
-0.00108
-0.00107
-0.00104
-0.00102
-0.001
-0.00097
-0.00096
-0.00093
-0.00091
-0.00088
-0.00086
-0.00084
-0.00082
-0.0008
-0.00079
-0.00078
-0.00077
-0.00078
-0.00078
-0.00078
-0.00079
-0.0008
-0.00084
-0.00086
-0.0009
-0.00093
-0.00098
-0.00102
-0.00108
-0.00113
-0.00119
-0.00125
-0.00132
-0.00139
-0.00145
-0.00151
-0.00158
-0.00164
-0.00172
-0.00177
-0.00184
-0.00189
-0.00195
-0.00199
-0.00204
-0.00207
-0.00211
-0.00214
-0.00217
-0.0022
-0.00221
-0.00222
-0.00224
-0.00224
-0.00226
-0.00226
-0.00227
-0.00226
-0.00227
-0.00227
-0.00228
-0.00228
-0.00229
-0.00231
-0.00232
-0.00234
-0.00236
-0.00237
-0.0024
-0.00242
-0.00246
-0.00248
-0.00252
-0.00254
-0.00258
-0.00261
-0.00265
-0.00267
-0.0027
-0.00272
-0.00275
-0.00277
-0.00277
-0.00278
-0.00277
-0.00276
-0.00276
-0.00273
-0.0027
-0.00265
-0.00261
-0.00255
-0.0025
-0.00242
-0.00235
-0.00227
-0.00218
-0.00209
-0.00198
-0.00187
-0.00176
-0.00163
-0.00153
-0.00139
-0.00128
-0.00114
-0.00103
-0.00089
-0.00078
-0.00064
-0.00053
-0.0004
-0.00029
-0.00018
-7e-05
5e-05
0.00015
0.00026
0.00034
0.00044
0.00053
0.00062
0.00069
0.00077
0.00084
0.00092
0.00098
0.00104
0.00111
0.00116
0.00122
0.00128
0.00133
0.00139
0.00143
0.00148
0.00153
0.00158
0.00162
0.00168
0.00171
0.00177
0.00182
0.00186
0.00191
0.00195
0.00201
0.00206
0.00211
0.00217
0.0022
0.00226
0.0023
0.00236
0.0024
0.00245
0.00249
0.00254
0.00258
0.00263
0.00266
0.0027
0.00274
0.00278
0.00282
0.00286
0.00289
0.00293
0.00296
0.003
0.00303
0.00307
0.0031
0.00315
0.00318
0.00323
0.00327
0.00331
0.00336
0.00341
0.00347
0.00353
0.00358
0.00365
0.0037
0.00378
0.00384
0.00391
0.00397
0.00406
0.00412
0.00419
0.00426
0.00432
0.00439
0.00446
0.00451
0.00457
0.00461
0.00467
0.0047
0.00474
0.00476
0.00479
0.00479
0.00482
0.0048
0.0048
0.00479
0.00477
0.00474
0.00472
0.00469
0.00465
0.0046
0.00456
0.00451
0.00447
0.00441
0.00436
0.00429
0.00425
0.00419
0.00413
0.00407
0.00401
0.00396
0.00391
0.00385
0.00381
0.00373
0.00369
0.00362
0.00357
0.0035
0.00344
0.00336
0.00331
0.00323
0.00315
0.00307
0.00298
0.0029
0.00281
0.00271
0.00262
0.0025
0.00241
0.0023
0.00219
0.00207
0.00197
0.00185
0.00175
0.00163
0.00152
0.00141
0.0013
0.0012
0.00111
0.00101
0.00093
0.00083
0.00076
0.00069
0.00063
0.00056
0.00051
0.00044
0.00042
0.00037
0.00033
0.00029
0.00026
0.00024
0.00021
0.00019
0.00017
0.00014
0.00013
0.00011
0.0001
7e-05
5e-05
2e-05
1e-05
-2e-05
-4e-05
-7e-05
-9e-05
-0.00011
-0.00013
-0.00015
-0.00017
-0.0002
-0.0002
-0.00022
-0.00022
-0.00025
-0.00024
-0.00025
-0.00024
-0.00024
-0.00022
-0.00021
-0.00019
-0.00016
-0.00013
-9e-05
-6e-05
-3e-05
3e-05
7e-05
0.00012
0.00016
0.00022
0.00026
0.00033
0.00037
0.00042
0.00046
0.00051
0.00055
0.0006
0.00063
0.00067
0.00069
0.00073
0.00075
0.00078
0.00079
0.0008
0.0008
0.00082
0.00081
0.00081
0.00081
0.0008
0.00079
0.00078
0.00076
0.00075
0.00072
0.00071
0.00068
0.00066
0.00063
0.00061
0.00057
0.00055
0.00051
0.00048
0.00044
0.0004
0.00037
0.00033
0.00029
0.00026
0.0002
0.00016
0.00011
7e-05
1e-05
-4e-05
-0.00011
-0.00016
-0.00022
-0.00029
-0.00036
-0.00043
-0.0005
-0.00057
-0.00065
-0.00072
-0.00082
-0.0009
-0.00099
-0.00107
-0.00117
-0.00126
-0.00137
-0.00145
-0.00155
-0.00166
-0.00176
-0.00187
-0.00197
-0.00206
-0.00217
-0.00227
-0.00238
-0.00247
-0.00259
-0.00268
-0.00279
-0.00288
-0.00299
-0.00306
-0.00316
-0.00325
-0.00334
-0.00343
-0.00351
-0.00359
-0.00366
-0.00372
-0.0038
-0.00386
-0.00392
-0.00397
-0.00403
-0.00407
-0.00413
-0.00416
-0.00421
-0.00424
-0.00428
-0.00432
-0.00434
-0.00436
-0.00438
-0.0044
-0.00443
-0.00444
-0.00447
-0.00447
-0.00449
-0.00451
-0.00453
-0.00452
-0.00455
-0.00456
-0.00457
-0.00458
-0.00458
-0.00459
-0.0046
-0.00459
-0.00461
-0.0046
-0.00461
-0.0046
-0.0046
-0.00458
-0.00459
-0.00456
-0.00456
-0.00454
-0.00452
-0.00451
-0.00447
-0.00444
-0.00441
-0.00437
-0.00434
-0.00429
-0.00425
-0.00419
-0.00415
-0.0041
-0.00405
-0.00398
-0.00392
-0.00386
-0.0038
-0.00374
-0.00366
-0.00359
-0.00352
-0.00344
-0.00337
-0.00329
-0.00322
-0.00313
-0.00305
-0.00296
-0.00288
-0.00278
-0.0027
-0.0026
-0.00251
-0.00242
-0.00232
-0.00221
-0.00211
-0.00199
-0.0019
-0.00177
-0.00167
-0.00154
-0.00143
-0.0013
-0.00118
-0.00104
-0.00091
-0.00079
-0.00066
-0.00052
-0.00039
-0.00025
-0.00011
4e-05
0.00016
0.00031
0.00044
0.00058
0.0007
0.00084
0.00096
0.00109
0.00121
0.00133
0.00144
0.00154
0.00166
0.00176
0.00185
0.00195
0.00202
0.00212
0.00218
0.00226
0.00231
0.00238
0.00243
0.00249
0.00253
0.00257
0.0026
0.00263
0.00266
0.00268
0.00271
0.00273
0.00273
0.00276
0.00276
0.00278
0.00278
0.00279
0.00279
0.00281
0.00281
0.00281
0.00281
0.00282
0.00283
0.00283
0.00285
0.00286
0.00285
0.00287
0.00287
0.00289
0.00289
0.00291
0.00291
0.00293
0.00294
0.00294
0.00295
0.00295
0.00297
0.00298
0.00299
0.003
0.003
0.00301
0.00301
0.00304
0.00304
0.00305
0.00305
0.00308
0.00308
0.00309
0.0031
0.00312
0.00314
0.00317
0.00318
0.00322
0.00323
0.00327
0.00329
0.00333
0.00336
0.0034
0.00342
0.00348
0.00351
0.00355
0.00359
0.00363
0.00367
0.00371
0.00375
0.00379
0.00382
0.00386
0.00388
0.00392
0.00394
0.00397
0.00398
0.00401
0.00402
0.00403
0.00403
0.00403
0.00404
0.00404
0.00403
0.00403
0.00401
0.00401
0.00399
0.00398
0.00395
0.00394
0.00391
0.00391
0.00388
0.00386
0.00384
0.00382
0.00381
0.00379
0.00378
0.00377
0.00374
0.00373
0.00371
0.0037
0.00368
0.00367
0.00365
0.00365
0.00363
0.00361
0.00359
0.00356
0.00355
0.00353
0.00351
0.00349
0.00345
0.00343
0.0034
0.00337
0.00333
0.0033
0.00326
0.00323
0.00319
0.00315
0.0031
0.00306
0.00303
0.00299
0.00294
0.00291
0.00285
0.00282
0.00277
0.00274
0.00268
0.00265
0.0026
0.00257
0.00252
0.00248
0.00244
0.00239
0.00235
0.00231
0.00226
0.00222
0.00216
0.00212
0.00206
0.00202
0.00195
0.0019
0.00184
0.00179
0.00172
0.00166
0.00158
0.00151
0.00144
0.00137
0.0013
0.00122
0.00113
0.00106
0.00098
0.0009
0.00081
0.00072
0.00063
0.00056
0.00046
0.00037
0.00028
0.00019
0.0001
1e-05
-8e-05
-0.00016
-0.00026
-0.00035
-0.00044
-0.00052
-0.00062
-0.00071
-0.0008
-0.00088
-0.00097
-0.00105
-0.00114
-0.00123
-0.00131
-0.00139
-0.00146
-0.00153
-0.00162
-0.00168
-0.00176
-0.00181
-0.00188
-0.00193
-0.00199
-0.00203
-0.00208
-0.00212
-0.00216
-0.00219
-0.00221
-0.00223
-0.00224
-0.00224
-0.00226
-0.00224
-0.00224
-0.00222
-0.00221
-0.00218
-0.00216
-0.00212
-0.00208
-0.00204
-0.00199
-0.00195
-0.00189
-0.00182
-0.00176
-0.00169
-0.00163
-0.00155
-0.00149
-0.0014
-0.00134
-0.00125
-0.00118
-0.00108
-0.001
-0.00091
-0.00083
-0.00075
-0.00065
-0.00055
-0.00045
-0.00035
-0.00027
-0.00016
-7e-05
5e-05
0.00015
0.00026
0.00035
0.00048
0.00058
0.00069
0.0008
0.00091
0.00102
0.00114
0.00125
0.00137
0.00147
0.00158
0.00168
0.0018
