6.8924223092609E+01

0.00248
0.00237
0.00229
0.00219
0.00212
0.00203
0.00194
0.00185
0.00177
0.00169
0.00162
0.00154
0.00148
0.0014
0.00135
0.00129
0.00125
0.00119
0.00116
0.00111
0.00109
0.00105
0.00103
0.001
0.00098
0.00097
0.00096
0.00095
0.00095
0.00094
0.00094
0.00094
0.00095
0.00094
0.00095
0.00094
0.00095
0.00094
0.00094
0.00094
0.00094
0.00094
0.00094
0.00093
0.00094
0.00092
0.00092
0.00091
0.00092
0.0009
0.0009
0.00089
0.0009
0.0009
0.0009
0.0009
0.0009
0.00092
0.00094
0.00095
0.00098
0.00099
0.00103
0.00106
0.00111
0.00114
0.00119
0.00123
0.00129
0.00134
0.0014
0.00145
0.00151
0.00158
0.00164
0.00171
0.00179
0.00184
0.00191
0.00197
0.00204
0.00209
0.00216
0.00219
0.00226
0.0023
0.00234
0.00237
0.0024
0.00243
0.00245
0.00247
0.00249
0.00248
0.00248
0.00247
0.00246
0.00244
0.00242
0.00238
0.00236
0.00232
0.00228
0.00223
0.00219
0.00214
0.0021
0.00205
0.00201
0.00195
0.00191
0.00186
0.00182
0.00177
0.00174
0.00169
0.00167
0.00163
0.0016
0.00157
0.00154
0.00153
0.00151
0.00149
0.00149
0.00146
0.00145
0.00144
0.00144
0.00141
0.00141
0.00139
0.00139
0.00136
0.00135
0.00133
0.0013
0.00129
0.00126
0.00124
0.00121
0.00117
0.00114
0.00109
0.00107
0.00102
0.00098
0.00093
0.00089
0.00084
0.0008
0.00075
0.0007
0.00066
0.00061
0.00057
0.00053
0.00048
0.00045
0.0004
0.00038
0.00033
0.0003
0.00026
0.00024
0.0002
0.00017
0.00014
0.00011
8e-05
5e-05
2e-05
-1e-05
-5e-05
-7e-05
-0.00011
-0.00014
-0.00019
-0.00022
-0.00027
-0.0003
-0.00035
-0.00039
-0.00044
-0.00048
-0.00052
-0.00057
-0.00061
-0.00064
-0.0007
-0.00073
-0.00077
-0.0008
-0.00084
-0.00086
-0.0009
-0.00091
-0.00094
-0.00096
-0.00098
-0.00099
-0.00099
-0.00099
-0.00099
-0.00099
-0.00099
-0.00098
-0.00097
-0.00095
-0.00095
-0.00093
-0.00091
-0.00088
-0.00087
-0.00085
-0.00083
-0.00081
-0.00079
-0.00076
-0.00074
-0.00071
-0.0007
-0.00067
-0.00065
-0.00061
-0.0006
-0.00057
-0.00055
-0.0005
-0.00048
-0.00045
-0.00043
-0.00039
-0.00035
-0.00031
-0.00027
-0.00022
-0.0002
-0.00014
-0.0001
-4e-05
0.0
6e-05
0.0001
0.00016
0.00021
0.00026
0.0003
0.00035
0.0004
0.00045
0.00049
0.00054
0.00056
0.0006
0.00062
0.00065
0.00066
0.00068
0.00067
0.00069
0.00068
0.00067
0.00065
0.00062
0.0006
0.00057
0.00054
0.00051
0.00044
0.0004
0.00035
0.0003
0.00024
0.00019
0.00012
7e-05
1e-05
-6e-05
-0.00012
-0.00018
-0.00024
-0.00029
-0.00034
-0.00038
-0.00044
-0.00047
-0.00052
-0.00054
-0.00059
-0.00061
-0.00065
-0.00066
-0.00069
-0.00071
-0.00073
-0.00075
-0.00075
-0.00076
-0.00076
-0.00076
-0.00077
-0.00076
-0.00077
-0.00076
-0.00076
-0.00075
-0.00076
-0.00073
-0.00073
-0.00072
-0.00071
-0.0007
-0.00068
-0.00066
-0.00064
-0.00061
-0.0006
-0.00057
-0.00054
-0.0005
-0.00047
-0.00043
-0.0004
-0.00034
-0.0003
-0.00025
-0.0002
-0.00015
-8e-05
-2e-05
4e-05
0.00011
0.00017
0.00025
0.00031
0.00039
0.00046
0.00053
0.0006
0.00068
0.00075
0.00082
0.00089
0.00095
0.00103
0.00111
0.00117
0.00125
0.0013
0.00138
0.00144
0.00151
0.00157
0.00163
0.00169
0.00176
0.00182
0.00188
0.00194
0.002
0.00206
0.00213
0.00219
0.00226
0.0023
0.00237
0.00243
0.00249
0.00254
0.0026
0.00266
0.00272
0.00277
0.00282
0.00287
0.00291
0.00296
0.00301
0.00305
0.00309
0.00311
0.00315
0.00317
0.00321
0.00322
0.00324
0.00324
0.00327
0.00327
0.00327
0.00327
0.00327
0.00327
0.00326
0.00325
0.00324
0.00322
0.00321
0.00318
0.00317
0.00313
0.00312
0.00308
0.00306
0.00303
0.00299
0.00296
0.00292
0.00289
0.00285
0.00281
0.00278
0.00272
0.00269
0.00263
0.0026
0.00254
0.00249
0.00243
0.00239
0.00232
0.00227
0.00221
0.00214
0.00208
0.00202
0.00196
0.0019
0.00182
0.00176
0.00168
0.00162
0.00154
0.00148
0.0014
0.00134
0.00127
0.0012
0.00112
0.00105
0.00099
0.00092
0.00086
0.0008
0.00072
0.00066
0.0006
0.00054
0.00047
0.00042
0.00035
0.00031
0.00024
0.00019
0.00014
8e-05
3e-05
-2e-05
-7e-05
-0.00011
-0.00016
-0.0002
-0.00025
-0.00028
-0.00033
-0.00036
-0.00041
-0.00043
-0.00047
-0.0005
-0.00054
-0.00057
-0.00059
-0.00061
-0.00063
-0.00065
-0.00068
-0.00069
-0.00071
-0.00071
-0.00073
-0.00073
-0.00075
-0.00074
-0.00075
-0.00075
-0.00075
-0.00075
-0.00073
-0.00072
-0.0007
-0.00068
-0.00067
-0.00064
-0.00063
-0.00059
-0.00057
-0.00054
-0.00052
-0.00047
-0.00044
-0.0004
-0.00037
-0.00034
-0.0003
-0.00026
-0.00022
-0.00018
-0.00016
-0.00011
-9e-05
-5e-05
-3e-05
0.0
1e-05
5e-05
6e-05
7e-05
7e-05
8e-05
8e-05
9e-05
8e-05
8e-05
6e-05
6e-05
4e-05
3e-05
1e-05
-1e-05
-3e-05
-4e-05
-7e-05
-9e-05
-0.00011
-0.00013
-0.00015
-0.00016
-0.00018
-0.00018
-0.00021
-0.00021
-0.00023
-0.00022
-0.00024
-0.00024
-0.00025
-0.00024
-0.00025
-0.00026
-0.00026
-0.00027
-0.00027
-0.00027
-0.00028
-0.00028
-0.0003
-0.00031
-0.00033
-0.00034
-0.00038
-0.00039
-0.00043
-0.00045
-0.00049
-0.00053
-0.00057
-0.00061
-0.00065
-0.00069
-0.00073
-0.00077
-0.00083
-0.00087
-0.00092
-0.00095
-0.001
-0.00103
-0.00108
-0.0011
-0.00114
-0.00117
-0.00119
-0.00122
-0.00124
-0.00125
-0.00126
-0.00127
-0.00129
-0.00128
-0.0013
-0.00128
-0.0013
-0.00128
-0.0013
-0.00128
-0.00128
-0.00127
-0.00127
-0.00127
-0.00126
-0.00125
-0.00125
-0.00123
-0.00124
-0.00122
-0.00122
-0.00119
-0.00119
-0.00117
-0.00117
-0.00113
-0.00112
-0.0011
-0.00108
-0.00105
-0.00102
-0.00098
-0.00094
-0.00089
-0.00085
-0.0008
-0.00075
-0.00068
-0.00064
-0.00057
-0.00052
-0.00045
-0.00039
-0.00032
-0.00027
-0.00021
-0.00015
-8e-05
-2e-05
5e-05
8e-05
0.00015
0.00019
0.00025
0.00029
0.00034
0.00037
0.00043
0.00046
0.00049
0.00052
0.00055
0.00059
0.00062
0.00065
0.00069
0.00071
0.00075
0.00077
0.00081
0.00083
0.00086
0.00088
0.00092
0.00094
0.00097
0.00099
0.00101
0.00103
0.00105
0.00107
0.00108
0.00108
0.00109
0.00108
0.00109
0.00107
0.00106
0.00103
0.00102
0.00098
0.00095
0.0009
0.00086
0.00081
0.00077
0.00071
0.00066
0.0006
0.00054
0.00048
0.00043
0.00035
0.0003
0.00022
0.00019
0.00012
6e-05
1e-05
-4e-05
-9e-05
-0.00013
-0.00018
-0.00021
-0.00026
-0.00029
-0.00034
-0.00036
-0.0004
-0.00043
-0.00048
-0.00049
-0.00053
-0.00057
-0.00061
-0.00065
-0.00068
-0.00072
-0.00076
-0.0008
-0.00086
-0.00089
-0.00095
-0.00098
-0.00104
-0.00109
-0.00115
-0.00118
-0.00124
-0.00129
-0.00134
-0.00139
-0.00144
-0.00148
-0.00151
-0.00155
-0.0016
-0.00162
-0.00166
-0.00168
-0.00172
-0.00173
-0.00177
-0.00178
-0.0018
-0.00182
-0.00184
-0.00186
-0.00187
-0.00189
-0.00191
-0.00191
-0.00195
-0.00195
-0.00198
-0.00199
-0.00203
-0.00204
-0.00208
-0.00209
-0.00212
-0.00214
-0.00217
-0.00221
-0.00223
-0.00224
-0.00227
-0.00229
-0.00232
-0.00233
-0.00236
-0.00236
-0.00238
-0.00238
-0.0024
-0.00238
-0.0024
-0.00239
-0.00239
-0.00238
-0.00237
-0.00235
-0.00234
-0.00231
-0.00231
-0.00228
-0.00227
-0.00224
-0.00223
-0.00221
-0.0022
-0.00217
-0.00216
-0.00214
-0.00214
-0.00213
-0.00212
-0.00211
-0.0021
-0.00209
-0.0021
-0.00209
-0.0021
-0.00209
-0.0021
-0.0021
-0.00211
-0.00209
-0.0021
-0.0021
-0.0021
-0.0021
-0.00209
-0.00208
-0.00206
-0.00204
-0.00204
-0.00201
-0.00199
-0.00196
-0.00194
-0.0019
-0.00188
-0.00183
-0.0018
-0.00177
-0.00173
-0.00169
-0.00164
-0.0016
-0.00155
-0.0015
-0.00148
-0.00142
-0.00139
-0.00133
-0.0013
-0.00125
-0.00122
-0.00117
-0.00113
-0.00109
-0.00105
-0.00102
-0.00098
-0.00094
-0.0009
-0.00085
-0.00083
-0.00079
-0.00076
-0.00071
-0.00068
-0.00064
-0.00062
-0.00057
-0.00054
-0.0005
-0.00048
-0.00044
-0.00041
-0.00038
-0.00035
-0.00031
-0.0003
-0.00026
-0.00024
-0.00021
-0.0002
-0.00017
-0.00016
-0.00013
-0.00013
-0.00011
-0.00011
-0.0001
-8e-05
-7e-05
-7e-05
-6e-05
-6e-05
-4e-05
-4e-05
-3e-05
-3e-05
-2e-05
-3e-05
-1e-05
-1e-05
1e-05
1e-05
2e-05
3e-05
5e-05
7e-05
9e-05
9e-05
0.00012
0.00013
0.00016
0.00016
0.00019
0.0002
0.00023
0.00024
0.00026
0.00028
0.00029
0.0003
0.00032
0.00034
0.00035
0.00035
0.00037
0.00037
0.00039
0.00038
0.00039
0.00039
0.0004
0.0004
0.0004
0.0004
0.0004
0.00041
0.00042
0.00042
0.00044
0.00043
0.00046
0.00047
0.00049
0.0005
0.00053
0.00055
0.0006
0.00063
0.00067
0.00071
0.00076
0.00081
0.00088
0.00094
0.00102
0.00107
0.00116
0.00123
0.00133
0.0014
0.00149
0.00158
0.00168
0.00177
0.00186
0.00196
0.00205
0.00215
0.00225
0.00235
0.00245
0.00253
0.00263
0.00271
0.0028
0.00287
0.00296
0.00302
0.00311
0.00317
0.00323
0.00329
0.00335
0.0034
0.00346
0.00351
0.00356
0.00359
0.00364
0.00367
0.00372
0.00373
0.00377
0.00378
0.00382
0.00383
0.00385
0.00387
0.00388
0.00389
0.00391
0.00391
0.00392
0.00391
0.00392
0.00391
0.00392
0.0039
0.00389
0.00387
0.00386
0.00383
0.0038
0.00377
0.00373
0.0037
0.00366
0.00362
0.00358
0.00352
0.00347
0.00341
0.00337
0.00329
0.00323
0.00315
0.00309
0.003
0.00292
0.00284
0.00275
0.00266
0.00258
0.00249
0.0024
0.00229
0.00221
0.00209
0.00201
0.00189
0.00179
0.00167
0.00157
0.00147
0.00135
0.00124
0.00112
0.00102
0.00091
0.0008
0.00069
0.00057
0.00048
0.00036
0.00026
0.00014
3e-05
-8e-05
-0.00019
-0.0003
-0.00041
-0.00052
-0.00064
-0.00075
-0.00085
-0.00096
-0.00108
-0.00119
-0.00129
-0.00141
-0.00151
-0.00163
-0.00173
-0.00185
-0.00195
-0.00205
-0.00215
-0.00225
-0.00235
-0.00242
-0.00251
-0.00259
-0.00265
-0.00273
-0.00277
-0.00283
-0.00287
-0.00292
-0.00295
-0.00299
-0.00301
-0.00302
-0.00305
-0.00306
-0.00308
-0.00307
-0.00308
-0.00308
-0.00309
-0.0031
-0.0031
-0.00313
-0.00314
-0.00316
-0.00318
-0.00322
-0.00324
-0.00327
-0.00332
-0.00336
-0.0034
-0.00343
-0.00346
-0.0035
-0.00352
-0.00354
-0.00354
-0.00355
-0.00353
-0.0035
-0.00346
-0.00341
-0.00332
-0.00322
-0.00311
-0.00296
-0.00281
-0.00262
-0.00241
-0.00219
-0.00195
-0.00168
-0.0014
-0.00111
-0.00079
-0.00045
-0.00012
0.00024
0.00062
0.00102
0.0014
0.00183
0.00226
0.00272
0.00319
0.00368
0.00421
0.00477
0.00535
0.00598
0.00666
0.00739
0.00816
0.00899
0.00991
0.01089
0.01193
0.01308
0.0143
0.01562
0.01703
0.01854
0.02016
0.02188
0.02369
0.0256
0.02762
0.02975
0.03195
0.03426
0.03667
0.03916
0.04172
0.04437
0.0471
0.04989
0.05276
0.05569
0.05869
0.06175
0.06487
0.06804
0.07129
0.07462
0.07798
0.08144
0.08499
0.08862
0.09233
0.09615
0.10008
0.10414
0.10832
0.11262
0.11708
0.12169
0.12644
0.13135
0.13643
0.14168
0.14706
0.15261
0.15831
0.16415
0.17011
0.17619
0.18238
0.18863
0.19495
0.20129
0.20765
0.21402
0.22031
0.22653
0.23267
0.23869
0.24453
0.25019
0.25565
0.26088
0.26584
0.27053
0.27493
0.27901
0.28278
0.28621
0.28931
0.2921
0.29453
0.29662
0.29842
0.29936
0.29936
0.29936
0.29936
0.29936
0.29936
0.29936
0.29936
0.29936
0.29936
0.29936
0.29936
0.29936
0.29936
0.29936
0.29932
0.2988
0.2983
0.29787
0.2975
0.29721
0.29698
0.29683
0.29675
0.29674
0.29679
0.29689
0.29706
0.29728
0.29752
0.29778
0.29807
0.29837
0.29864
0.29894
0.29919
0.29936
0.29936
0.29936
0.29936
0.29936
0.29936
0.29936
0.29936
0.29936
0.29936
0.29936
0.29936
0.29936
0.29936
0.29934
0.29916
0.29899
0.29884
0.29869
0.29857
0.29844
0.29835
0.29827
0.29822
0.29821
0.2982
0.29823
0.29826
0.29834
0.2984
0.29852
0.29861
0.29872
0.29883
0.29895
0.29907
0.29916
0.29926
0.29933
0.29936
0.29936
0.29936
0.29936
0.29936
0.29936
0.29936
0.29936
0.29936
0.29936
0.29933
0.29926
0.2992
0.29912
0.29905
0.29896
0.2989
0.29885
0.29879
0.29875
0.2987
0.29869
0.29866
0.29868
0.29867
0.29869
0.29871
0.29875
0.29879
0.29882
0.29886
0.2989
0.29895
0.29901
0.29904
0.29909
0.29911
0.29917
0.29918
0.29923
0.29923
0.29925
0.29926
0.29926
0.29927
0.29925
0.29923
0.29921
0.29919
0.29918
0.29914
0.29913
0.29909
0.29909
0.29906
0.29907
0.29903
0.29903
0.29902
0.29902
0.29903
0.29902
0.29902
0.29903
0.29903
0.29905
0.29905
0.29908
0.29908
0.29911
0.29912
0.29916
0.29916
0.29919
0.29921
0.29923
0.29925
0.29926
0.29927
0.29928
0.29928
0.29931
0.2993
0.29932
0.29931
0.29933
0.29932
0.29935
0.29933
0.29934
0.29934
0.29935
0.29935
0.29934
0.29932
0.29931
0.2993
0.2993
0.29927
0.29927
0.29924
0.29924
0.29922
0.29922
0.29919
0.29918
0.29917
0.29917
0.29916
0.29915
0.29914
0.29914
0.29913
0.29915
0.29913
0.29916
0.29915
0.29918
0.29918
0.29922
0.29922
0.29925
0.29927
0.29929
0.29932
0.29933
0.29934
0.29935
0.29935
0.29936
0.29935
0.29936
0.29934
0.29934
0.29931
0.29931
0.29926
0.29925
0.29922
0.29918
0.29916
0.29912
0.29908
0.29905
0.29902
0.29901
0.29897
0.29897
0.29895
0.29896
0.29896
0.29899
0.299
0.29903
0.29908
0.29912
0.29917
0.29922
0.29926
0.29931
0.29936
0.29936
0.29936
0.29936
0.29936
0.29936
0.29936
0.29936
0.29936
0.29936
0.29936
0.29936
0.29936
0.29936
0.2993
0.29922
0.29913
0.29905
0.29895
0.29888
0.29879
0.29872
0.29866
0.29862
0.29857
0.29856
0.29857
0.29859
0.29864
0.2987
0.29879
0.2989
0.29902
0.29917
0.29931
0.29936
0.29936
0.29936
0.29936
0.29936
0.29936
0.29936
0.29936
0.29936
0.29936
0.29936
0.29936
0.29936
0.29936
0.29935
0.29889
0.29835
0.2977
0.29698
0.29614
0.29523
0.29418
0.29307
0.29187
0.29056
0.28918
0.28771
0.28617
0.28456
0.28289
0.28118
0.2794
0.27761
0.27576
0.27391
0.27204
0.27017
0.26827
0.2664
0.26453
0.26268
0.26085
0.25903
0.25723
0.25547
0.25373
0.25203
0.25034
0.2487
0.24706
0.24546
0.24389
0.24234
0.24078
0.23926
0.23776
0.23626
0.23477
0.23327
0.23179
0.23031
0.22882
0.22734
0.22585
0.22437
0.22286
0.22138
0.21988
0.21839
0.21687
0.21538
0.21389
0.2124
0.21092
0.20943
0.20796
0.2065
0.20504
0.20361
0.20218
0.20078
0.19938
0.198
0.19664
0.19531
0.19396
0.19265
0.19136
0.19007
0.1888
0.18753
0.18628
0.18505
0.18381
0.18259
0.18138
0.18018
0.17897
0.17777
0.17658
0.17541
0.17421
0.17304
0.17187
0.1707
0.16954
0.16837
0.16722
0.16608
0.16493
0.16381
0.16268
0.16158
0.16048
0.15939
0.15832
0.15726
0.15619
0.15516
0.15414
0.15313
0.15213
0.15114
0.15017
0.14921
0.14825
0.14732
0.14638
0.14547
0.14455
0.14365
0.14275
0.14186
0.14096
0.14007
0.13919
0.1383
0.13742
0.13654
0.13565
0.13478
0.13389
0.13301
0.13212
0.13124
0.13035
0.12946
0.12858
0.1277
0.12681
0.12592
0.12505
0.12417
0.12328
0.12241
0.12153
0.12068
0.11981
0.11895
0.11809
0.11725
0.1164
0.11557
0.11474
0.11391
0.11309
0.11227
0.11147
0.11066
0.10985
0.10906
0.10827
0.10748
0.10669
0.10591
0.10513
0.10437
0.10359
0.10281
0.10205
0.10128
0.1005
0.09974
0.09898
0.09822
0.09746
0.09671
0.09595
0.0952
0.09445
0.0937
0.09296
0.09223
0.0915
0.09077
0.09005
0.08934
0.08863
0.08793
0.08724
0.08656
0.08589
0.08523
0.08458
0.08394
0.08331
0.08269
0.08209
0.0815
0.08091
0.08033
0.07977
0.07922
0.07867
0.07814
0.07762
0.0771
0.0766
0.0761
0.07561
0.07513
0.07465
0.07418
0.07372
0.07326
0.07281
0.07235
0.07192
0.07147
0.07103
0.0706
0.07016
0.06974
0.06931
0.06889
0.06847
0.06806
0.06765
0.06724
0.06684
0.06644
0.06605
0.06566
0.06528
0.06489
0.06452
0.06415
0.06379
0.06343
0.06308
0.06273
0.06239
0.06206
0.06173
0.0614
0.06109
0.06078
0.06047
0.06016
0.05987
0.05957
0.05929
0.05901
0.05873
0.05845
0.05818
0.05791
0.05765
0.05739
0.05713
0.05688
0.05663
0.05639
0.05615
0.0559
0.05567
0.05543
0.0552
0.05497
0.05475
0.05453
0.05431
0.0541
0.05389
0.05369
0.05348
0.05327
0.05308
0.05288
0.05268
0.05248
0.0523
0.05209
0.05191
0.05172
0.05153
0.05134
0.05114
0.05096
0.05077
0.05058
0.05039
0.0502
0.05001
0.04981
0.04962
0.04943
0.04924
0.04904
0.04885
0.04865
0.04846
0.04827
0.04808
0.0479
0.0477
0.04752
0.04735
0.04716
0.04699
0.04681
0.04664
0.04647
0.04631
0.04614
0.04599
0.04584
0.04569
0.04554
0.0454
0.04527
0.04513
0.04501
0.04489
0.04476
0.04465
0.04453
0.04442
0.0443
0.0442
0.04408
0.04399
0.04389
0.04379
0.04369
0.04359
0.0435
0.04341
0.04332
0.04323
0.04312
0.04304
0.04295
0.04287
0.04277
0.04268
0.04259
0.0425
0.04241
0.04232
0.04222
0.04213
0.04204
0.04194
0.04185
0.04175
0.04164
0.04155
0.04145
0.04135
0.04124
0.04114
0.04103
0.04093
0.04081
0.04069
0.04058
0.04046
0.04035
0.04023
0.04011
0.03999
0.03985
0.03973
0.03959
0.03947
0.03933
0.0392
0.03905
0.03892
0.03877
0.03862
0.03847
0.03832
0.03817
0.03801
0.03786
0.03769
0.03751
0.03735
0.03717
0.037
0.03681
0.03663
0.03643
0.03624
0.03604
0.03583
0.03563
0.03541
0.0352
0.03498
0.03476
0.03454
0.0343
0.03408
0.03384
0.03362
0.03337
0.03314
0.03289
0.03266
0.03242
0.03218
0.03194
0.0317
0.03147
0.03123
0.031
0.03078
0.03054
0.03032
0.0301
0.02989
0.02967
0.02946
0.02925
0.02905
0.02884
0.02865
0.02845
0.02826
0.02808
0.0279
0.02772
0.02755
0.02737
0.0272
0.02703
0.02688
0.0267
0.02655
0.02639
0.02624
0.02609
0.02594
0.02579
0.02564
0.02549
0.02535
0.02521
0.02508
0.02492
0.0248
0.02465
0.02452
0.02437
0.02425
0.02411
0.02399
0.02385
0.02372
0.02359
0.02346
0.02334
0.02321
0.02309
0.02297
0.02284
0.02273
0.02261
0.0225
0.02238
0.02227
0.02215
0.02205
0.02194
0.02183
0.02173
0.02161
0.02151
0.02142
0.02132
0.02122
0.0211
0.02101
0.02091
0.02082
0.0207
0.02061
0.0205
0.02041
0.02029
0.02019
0.02008
0.01996
0.01986
0.01974
0.01963
0.01952
0.01939
0.01928
0.01916
0.01904
0.01891
0.01879
0.01866
0.01854
0.01841
0.01829
0.01816
0.01803
0.01791
0.01779
0.01767
0.01755
0.01743
0.01732
0.0172
0.0171
0.01699
0.01689
0.01679
0.0167
0.01661
0.01652
0.01643
0.01635
0.01628
0.01621
0.01615
0.01609
0.01602
0.01597
0.01591
0.01587
0.0158
0.01577
0.01571
0.01568
0.01563
0.01559
0.01555
0.01551
0.01547
0.01544
0.01541
0.01537
0.01533
0.0153
0.01525
0.01523
0.01518
0.01515
0.01511
0.01509
0.01505
0.01501
0.01497
0.01493
0.01491
0.01487
0.01484
0.01482
0.01478
0.01476
0.01473
0.01471
0.01468
0.01467
0.01464
0.01464
0.01461
0.01461
0.0146
0.01459
0.01459
0.01459
0.0146
0.01461
0.0146
0.01463
0.01463
0.01465
0.01467
0.01469
0.01469
0.01473
0.01474
0.01476
0.01477
0.01479
0.01481
0.01482
0.01484
0.01485
0.01484
0.01486
0.01485
0.01486
0.01483
0.01483
0.0148
0.01479
0.01476
0.01472
0.01468
0.01463
0.01459
0.01453
0.01447
0.01442
0.01434
0.01428
0.0142
0.01413
0.01404
0.01396
0.01387
0.0138
0.0137
0.01361
0.01351
0.01342
0.01333
0.01324
0.01315
0.01306
0.01295
0.01287
0.01277
0.01269
0.01258
0.01249
0.01239
0.01231
0.01221
0.01211
0.01201
0.0119
0.0118
0.0117
0.0116
0.01149
0.01137
0.01126
0.01114
0.01103
0.01091
0.01079
0.01065
0.01054
0.01041
0.01028
0.01014
0.01001
0.00987
0.00974
0.00961
0.00949
0.00933
0.00922
0.00908
0.00896
0.00882
0.0087
0.00856
0.00846
0.00833
0.00822
0.00811
0.008
0.0079
0.0078
0.00771
0.00762
0.00752
0.00744
0.00736
0.00729
0.00721
0.00714
0.00707
0.00702
0.00695
0.00689
0.00683
0.00677
0.00672
0.00668
0.00663
0.00659
0.00653
0.0065
0.00645
0.00642
0.00637
0.00634
0.00629
0.00626
0.00621
0.00617
0.00613
0.00608
0.00605
0.00601
0.00597
0.00594
0.00589
0.00587
0.00582
0.0058
0.00575
0.00573
0.00569
0.00567
0.00564
0.00562
0.0056
0.00558
0.00557
0.00557
0.00557
0.00557
0.00557
0.00558
0.0056
0.00562
0.00564
0.00567
0.0057
0.00575
0.00579
0.00584
0.00588
0.00593
0.00599
0.00606
0.00612
0.00619
0.00624
0.00632
0.00638
0.00646
0.00652
0.00659
0.00665
0.00674
0.00679
0.00686
0.00691
0.00698
0.00704
0.0071
0.00716
0.00722
0.00726
0.00732
0.00736
0.00743
0.00746
0.00752
0.00755
0.00762
0.00766
0.0077
0.00774
0.00778
0.00783
0.00787
0.00792
0.00797
0.008
0.00805
0.00808
0.00813
0.00816
0.00819
0.00822
0.00826
0.00828
0.0083
0.00832
0.00833
0.00835
0.00836
0.00836
0.00836
0.00834
0.00834
0.00831
0.0083
0.00826
0.00823
0.00818
0.00815
0.00809
0.00804
0.00797
0.0079
0.00784
0.00777
0.00769
0.00763
0.00753
0.00746
0.00737
0.00729
0.0072
0.00711
0.00702
0.00694
0.00684
0.00675
0.00666
0.00657
0.00648
0.0064
0.00631
0.00622
0.00613
0.00605
0.00596
0.00588
0.00578
0.0057
0.00561
0.00553
0.00543
0.00534
0.00525
0.00516
0.00507
0.00498
0.00488
0.00479
0.00468
0.00459
0.00448
0.00439
0.00427
0.00418
0.00406
0.00396
0.00384
0.00373
0.00361
0.0035
0.00339
0.00328
0.00317
0.00306
0.00294
0.00283
0.00272
0.00262
0.0025
0.0024
0.00229
0.00221
0.00211
0.00201
0.00191
0.00182
0.00175
0.00167
0.0016
0.00154
0.00146
0.00141
0.00135
0.00131
0.00125
0.00122
0.00117
0.00115
0.00112
0.00109
0.00108
0.00106
0.00106
0.00106
0.00106
0.00107
0.00106
0.00108
0.00108
0.00111
0.00112
0.00115
0.00117
0.00121
0.00123
0.00126
0.00129
0.00132
0.00135
0.00139
0.00143
0.00147
0.00149
0.00153
0.00156
0.0016
0.00162
0.00166
0.00168
0.00172
0.00173
0.00176
0.00178
0.0018
0.00182
0.00184
0.00186
0.00188
0.00188
0.0019
0.0019
0.00192
0.00192
0.00193
0.00193
0.00194
0.00194
0.00194
0.00194
0.00194
0.00195
0.00195
0.00195
0.00196
0.00195
0.00196
0.00196
0.00198
0.00197
0.00198
0.00198
0.002
0.002
0.00201
0.00202
0.00203
0.00204
0.00206
0.00207
0.00209
0.00209
0.00212
0.00213
0.00216
0.00217
0.0022
0.00221
0.00224
0.00226
0.00228
0.0023
0.00231
0.00234
0.00236
0.00237
0.0024
0.0024
0.00243
0.00244
0.00246
0.00246
0.00247
0.00247
0.00249
0.00248
0.00248
0.00246
0.00245
0.00245
0.00244
0.00241
0.0024
0.00236
0.00235
0.00231
0.00228
0.00223
0.0022
0.00215
0.00212
0.00207
0.00203
0.00198
0.00193
0.00188
0.00184
0.00179
0.00175
0.00169
0.00166
0.00161
0.00158
0.00154
0.00151
0.00147
0.00146
0.00143
0.00141
0.00139
0.00137
0.00136
0.00136
0.00135
0.00135
0.00134
0.00135
0.00134
0.00136
0.00135
0.00136
0.00135
0.00137
0.00137
0.00137
0.00137
0.00137
0.00138
0.00138
0.00138
0.00138
0.00136
0.00137
0.00135
0.00136
0.00134
0.00134
0.00133
0.00134
0.00133
0.00132
0.00131
0.00131
0.00132
0.00133
0.00134
0.00136
0.00136
0.00139
0.0014
0.00144
0.00146
0.0015
0.00153
0.00158
0.00162
0.00167
0.00172
0.00177
0.00182
0.00188
0.00194
0.002
0.00205
0.00212
0.00217
0.00223
0.00228
0.00234
0.00238
0.00244
0.00248
0.00253
0.00257
0.0026
0.00263
0.00267
0.0027
0.00273
0.00274
0.00277
0.00278
0.00281
0.00281
0.00282
0.00282
0.00285
0.00284
0.00285
0.00285
0.00285
0.00285
0.00286
0.00286
0.00287
0.00286
0.00287
0.00286
0.00287
0.00286
0.00286
0.00285
0.00286
0.00285
0.00283
0.00282
0.00281
0.0028
0.00279
0.00277
0.00276
0.00273
0.00272
0.00269
0.00267
0.00263
0.00262
0.00257
0.00255
0.00251
0.00249
0.00245
0.00241
0.00238
0.00235
0.00232
0.00229
0.00225
0.00222
0.00218
0.00217
0.00213
0.00211
0.00207
0.00205
0.00201
0.00198
0.00195
0.00191
0.00189
0.00186
0.00182
0.0018
0.00175
0.00172
0.00167
0.00163
0.00158
0.00154
0.00148
0.00144
0.00138
0.00131
0.00125
0.00119
0.00113
0.00108
0.00102
0.00096
0.00089
0.00084
0.00078
0.00074
0.00068
0.00064
0.00059
0.00057
0.00053
0.00051
0.00048
0.00046
0.00046
0.00046
0.00046
0.00047
0.00047
0.00049
0.00051
0.00054
0.00056
0.00059
0.00061
0.00066
0.0007
0.00073
0.00077
0.0008
0.00084
0.00089
0.00093
0.00097
0.00099
0.00103
0.00106
0.00111
0.00113
0.00116
0.00118
0.00122
0.00125
0.00128
0.0013
0.00133
0.00136
0.0014
0.00144
0.00148
0.0015
0.00155
0.00158
0.00163
0.00167
0.00172
0.00176
0.00182
0.00186
0.00192
0.00196
0.00202
0.00207
0.00212
0.00217
0.00222
0.00226
0.00231
0.00234
0.00239
0.00241
0.00244
0.00245
0.00249
0.0025
0.0025
0.00251
0.0025
0.0025
0.0025
0.00249
0.00248
0.00245
0.00244
0.0024
0.00239
0.00235
0.00232
0.00228
0.00226
0.00222
0.00218
0.00214
0.00211
0.00208
0.00205
0.00202
0.00199
0.00195
0.00193
0.0019
0.00188
0.00185
0.00183
0.00179
0.00179
0.00175
0.00173
0.00171
0.00168
0.00167
0.00165
0.00163
0.00162
0.00158
0.00157
0.00155
0.00154
0.00152
0.0015
0.00148
0.00148
0.00145
0.00144
0.00143
0.00141
0.00141
0.0014
0.0014
0.0014
0.00138
0.00139
0.00138
0.00138
0.00137
0.00138
0.00136
0.00138
0.00136
0.00136
0.00135
0.00134
0.00134
0.00133
0.00132
0.00131
0.00128
0.00127
0.00125
0.00124
0.0012
0.00118
0.00114
0.00112
0.00108
0.00104
0.00101
0.00097
0.00094
0.0009
0.00087
0.00084
0.0008
0.00078
0.00075
0.00073
0.0007
0.00069
0.00066
0.00066
0.00065
0.00065
0.00064
0.00064
0.00065
0.00066
0.00068
0.0007
0.0007
0.00073
0.00075
0.00078
0.00079
0.00082
0.00083
0.00086
0.00088
0.0009
0.00092
0.00093
0.00094
0.00095
0.00096
0.00097
0.00097
0.00098
0.00097
0.00097
0.00096
0.00096
0.00094
0.00095
0.00093
0.00093
0.00092
0.00091
0.00091
0.00092
0.00092
0.00093
0.00092
0.00094
0.00094
0.00097
0.00098
0.00101
0.00102
0.00107
0.00109
0.00112
0.00115
0.00118
0.00122
0.00126
0.0013
0.00135
0.00136
0.00141
0.00144
0.00148
0.0015
0.00153
0.00154
0.00158
0.00159
0.00161
0.00161
0.00162
0.00163
0.00164
0.00164
0.00164
0.00163
0.00164
0.00163
0.00163
0.00162
0.00162
0.00161
0.00162
0.00161
0.00161
0.00161
0.0016
0.00161
0.00161
0.00162
0.00163
0.00162
0.00163
0.00163
0.00165
0.00164
0.00166
0.00164
0.00166
0.00166
0.00165
0.00164
0.00163
0.00163
0.00162
0.0016
0.00159
0.00156
0.00154
0.0015
0.00148
0.00144
0.00141
0.00136
0.00133
0.00129
0.00124
0.00119
0.00114
0.0011
0.00106
0.00101
0.00097
0.00091
0.00088
0.00082
0.00079
0.00074
0.0007
0.00065
0.00062
0.00057
0.00053
0.00048
0.00044
0.00041
0.00037
0.00034
0.0003
0.00025
0.00023
0.00019
0.00016
0.00012
9e-05
5e-05
3e-05
-1e-05
-3e-05
-6e-05
-8e-05
-0.0001
-0.00011
-0.00013
-0.00013
-0.00015
-0.00014
-0.00015
-0.00012
-0.00012
-0.0001
-9e-05
-5e-05
-3e-05
1e-05
5e-05
8e-05
0.00013
0.00019
0.00024
0.0003
0.00034
0.00041
0.00047
0.00053
0.00059
0.00066
0.00071
0.00079
0.00084
0.0009
0.00095
0.00101
0.00107
0.00113
0.00119
0.00125
0.00129
0.00135
0.0014
0.00147
0.0015
0.00156
0.0016
0.00167
0.00171
0.00176
0.00181
0.00186
0.00191
0.00196
0.00202
0.00208
0.00212
0.00217
0.00222
0.00227
0.00231
0.00236
0.0024
0.00245
0.00249
0.00252
0.00255
0.00258
0.00261
0.00263
0.00265
0.00267
0.00267
0.00269
0.00268
0.00269
0.00268
0.00267
0.00265
0.00265
0.00263
0.0026
0.00258
0.00255
0.00253
0.00251
0.00249
0.00247
0.00243
0.00242
0.00239
0.00238
0.00235
0.00234
0.00232
0.00232
0.0023
0.0023
0.00228
0.00228
0.00228
0.00229
0.0023
0.00231
0.0023
0.00232
0.00232
0.00234
0.00234
0.00236
0.00236
0.00239
0.00239
0.0024
0.0024
0.00241
0.00243
0.00244
0.00244
0.00245
0.00245
0.00246
0.00246
0.00247
0.00246
0.00247
0.00246
0.00248
0.00248
0.00248
0.00248
0.00248
0.00248
0.00249
0.00249
0.0025
0.0025
0.00251
0.00251
0.00253
0.00253
0.00254
0.00254
0.00256
0.00256
0.00257
0.00257
0.00257
0.00258
0.00259
0.00259
0.0026
0.00259
0.0026
0.00259
0.0026
0.00258
0.00259
0.00257
0.00258
0.00256
0.00255
0.00253
0.00251
0.0025
0.00249
0.00248
0.00247
0.00244
0.00243
0.00241
0.0024
0.00237
0.00236
0.00234
0.00234
0.00231
0.0023
0.00227
0.00226
0.00225
0.00223
0.00222
0.00221
0.00218
0.00218
0.00216
0.00215
0.00212
0.00212
0.00209
0.00208
0.00205
0.00203
0.00201
0.00198
0.00196
0.00194
0.00191
0.00189
0.00184
0.00182
0.00179
0.00176
0.00171
0.00168
0.00164
0.00162
0.00158
0.00154
0.0015
0.00146
0.00143
0.00139
0.00136
0.00133
0.00128
0.00126
0.00122
0.0012
0.00115
0.00112
0.00108
0.00106
0.00102
0.00098
0.00095
0.0009
0.00087
0.00084
0.0008
0.00076
0.0007
0.00067
0.00061
0.00057
0.00051
0.00047
0.0004
0.00036
0.0003
0.00024
0.00018
0.00012
6e-05
1e-05
-5e-05
-0.0001
-0.00017
-0.00021
-0.00026
-0.0003
-0.00036
-0.0004
-0.00045
-0.00047
-0.00051
-0.00054
-0.00057
-0.0006
-0.00062
-0.00063
-0.00065
-0.00066
-0.00068
-0.00068
-0.00071
-0.0007
-0.00072
-0.00072
-0.00074
-0.00073
-0.00075
-0.00076
-0.00077
-0.00079
-0.00079
-0.0008
-0.00081
-0.00081
-0.00084
-0.00083
-0.00085
-0.00084
-0.00085
-0.00085
-0.00086
-0.00084
-0.00084
-0.00082
-0.00081
-0.0008
-0.00077
-0.00073
-0.0007
-0.00066
-0.00062
-0.00057
-0.00052
-0.00045
-0.0004
-0.00033
-0.00027
-0.00019
-0.00013
-6e-05
1e-05
8e-05
0.00015
0.00022
0.0003
0.00037
0.00042
0.00049
0.00054
0.00061
0.00064
0.0007
0.00072
0.00078
0.0008
0.00083
0.00085
0.00088
0.0009
0.00092
0.00093
0.00094
0.00094
0.00095
0.00095
0.00096
0.00095
0.00095
0.00094
0.00095
0.00094
0.00094
0.00093
0.00092
0.00092
0.00092
0.00091
0.00091
0.00089
0.00089
0.00087
0.00086
0.00084
0.00084
0.00081
0.0008
0.00077
0.00076
0.00073
0.0007
0.00067
0.00065
0.00061
0.00058
0.00053
0.00051
0.00046
0.00042
0.00037
0.00032
0.00026
0.00022
0.00016
0.0001
3e-05
-3e-05
-0.0001
-0.00016
-0.00024
-0.0003
-0.00039
-0.00046
-0.00054
-0.00062
-0.00071
-0.00079
-0.00089
-0.00096
-0.00106
-0.00115
-0.00125
-0.00134
-0.00143
-0.00152
-0.00161
-0.00169
-0.0018
-0.00187
-0.00196
-0.00203
-0.00212
-0.00219
-0.00227
-0.00233
-0.0024
-0.00246
-0.00252
-0.00258
-0.00263
-0.00268
-0.00272
-0.00275
-0.0028
-0.00282
-0.00286
-0.00288
-0.00291
-0.00292
-0.00296
-0.00296
-0.00298
-0.00299
-0.003
-0.00301
-0.00301
-0.00301
-0.00301
-0.003
-0.003
-0.00298
-0.00297
-0.00295
-0.00293
-0.0029
-0.00288
-0.00283
-0.00279
-0.00275
-0.0027
-0.00265
-0.00258
-0.00251
-0.00244
-0.00235
-0.00227
-0.00217
-0.00208
-0.00196
-0.00187
-0.00175
-0.00164
-0.00151
-0.0014
-0.00127
-0.00115
-0.00103
-0.00089
-0.00076
-0.00063
-0.0005
-0.00039
-0.00025
-0.00014
-1e-05
0.0001
0.00021
0.00031
0.00043
0.00052
0.00062
0.0007
0.00079
0.00088
0.00096
0.00103
0.00111
0.00117
0.00125
0.0013
0.00137
0.00142
0.00148
0.00152
0.00159
0.00163
0.00167
0.00172
0.00176
0.0018
0.00185
0.00188
0.00193
0.00195
0.00199
0.00202
0.00206
0.00208
0.00211
0.00212
0.00216
0.00217
0.00218
0.00219
0.0022
0.00222
0.00223
0.00223
0.00224
0.00223
0.00223
0.00222
0.00223
0.00221
0.00221
0.00218
0.00219
0.00217
0.00216
0.00214
0.00212
0.00211
0.00209
0.00208
0.00207
0.00204
0.00204
0.00202
0.00201
0.00198
0.00198
0.00195
0.00195
0.00193
0.00191
0.00189
0.00187
0.00186
0.00185
0.00183
0.00182
0.00179
0.00178
0.00175
0.00174
0.00171
0.0017
0.00166
0.00165
0.00162
0.00159
0.00157
0.00154
0.00152
0.00149
0.00147
0.00145
0.00141
0.0014
0.00136
0.00135
0.00133
0.00131
0.00128
0.00128
0.00126
0.00125
0.00124
0.00122
0.00122
0.00122
0.00122
0.00124
0.00122
0.00125
0.00125
0.00127
0.00128
0.00131
0.00133
0.00136
0.00139
0.00142
0.00145
0.00148
0.00152
0.00157
0.00161
0.00166
0.0017
0.00175
0.0018
0.00185
0.00189
0.00195
0.00199
0.00206
0.00211
0.00216
0.00221
0.00225
0.00231
0.00236
0.00241
0.00247
0.00251
0.00257
0.00261
0.00267
0.00271
0.00277
0.00281
0.00287
0.00291
0.00296
0.00301
0.00305
0.00311
0.00316
0.00321
0.00327
0.00331
0.00337
0.00341
0.00347
0.00351
0.00358
0.00361
0.00367
0.00372
0.00376
0.0038
0.00383
0.00387
0.00391
0.00395
0.00398
0.00399
0.00402
0.00403
0.00405
0.00404
0.00405
0.00404
0.00404
0.00402
0.004
0.00397
0.00393
0.0039
0.00386
0.00381
0.00377
0.0037
0.00365
0.00358
0.00351
0.00344
0.00336
0.00327
0.00321
0.00312
0.00303
0.00294
0.00284
0.00275
0.00266
0.00257
0.00248
0.00237
0.00228
0.00218
0.00209
0.00198
0.00189
0.00179
0.00171
0.0016
0.0015
0.00141
0.00131
0.00122
0.00113
0.00104
0.00097
0.00086
0.00079
0.0007
0.00063
0.00054
0.00047
0.00038
0.00032
0.00024
0.00017
0.00011
3e-05
-2e-05
-8e-05
-0.00013
-0.00018
-0.00025
-0.00029
-0.00035
-0.00038
-0.00044
-0.00048
-0.00053
-0.00055
-0.00059
-0.00063
-0.00067
-0.00071
-0.00073
-0.00076
-0.00079
-0.00081
-0.00085
-0.00086
-0.0009
-0.00091
-0.00094
-0.00095
-0.00098
-0.00099
-0.00101
-0.00102
-0.00104
-0.00105
-0.00107
-0.00107
-0.00108
-0.00108
-0.0011
-0.00109
-0.00111
-0.00109
-0.00111
-0.00109
-0.00111
-0.00108
-0.00108
-0.00108
-0.00107
-0.00107
-0.00105
-0.00103
-0.00102
-0.00099
-0.00099
-0.00096
-0.00094
-0.00091
-0.0009
-0.00086
-0.00085
-0.0008
-0.00078
-0.00075
-0.00072
-0.00069
-0.00066
-0.00062
-0.00058
-0.00054
-0.00052
-0.00047
-0.00044
-0.0004
-0.00038
-0.00034
-0.00031
-0.00027
-0.00025
-0.00022
-0.0002
-0.00017
-0.00015
-0.00012
-0.00011
-8e-05
-8e-05
-6e-05
-6e-05
-4e-05
-4e-05
-3e-05
-3e-05
-2e-05
-2e-05
-2e-05
-1e-05
-1e-05
-1e-05
0.0
1e-05
2e-05
2e-05
4e-05
5e-05
7e-05
8e-05
0.00011
0.00012
0.00016
0.00019
0.00021
0.00025
0.00028
0.00032
0.00037
0.0004
0.00046
0.00049
0.00054
0.00058
0.00065
0.00068
0.00074
0.00077
0.00084
0.00088
0.00093
0.00097
0.00102
0.00107
0.00111
0.00116
0.00121
0.00124
0.00129
0.00133
0.00138
0.0014
0.00145
0.00148
0.00154
0.00157
0.00162
0.00166
0.0017
0.00175
0.0018
0.00185
0.0019
0.00194
0.002
0.00205
0.00212
0.00217
0.00224
0.00229
0.00237
0.00243
0.0025
0.00257
0.00264
0.00271
0.00279
0.00287
0.00295
0.00301
0.0031
0.00317
0.00325
0.00332
0.0034
0.00346
0.00355
0.00361
0.00368
0.00374
0.0038
0.00386
0.00392
0.00398
0.00404
0.00407
0.00413
0.00416
0.00422
0.00424
0.00427
0.00429
0.00432
0.00433
0.00434
0.00435
0.00435
0.00436
0.00436
0.00435
0.00434
0.00432
0.00431
0.00428
0.00427
0.00424
0.00422
0.00418
0.00416
0.00413
0.0041
0.00406
0.00403
0.004
0.00398
0.00395
0.00393
0.0039
0.00389
0.00386
0.00386
0.00384
0.00383
0.00382
0.00383
0.00383
0.00383
0.00383
0.00384
0.00386
0.00388
0.0039
0.00392
0.00393
0.00397
0.00399
0.00403
0.00405
0.00409
0.00411
0.00415
0.00418
0.00422
0.00425
0.00428
0.00432
0.00437
0.00441
0.00446
0.00448
0.00454
0.00458
0.00464
0.00468
0.00474
0.00479
0.00487
0.00493
0.00501
0.00508
0.00516
0.00525
0.00535
0.00545
0.00556
0.00566
0.00579
0.00591
0.00606
0.00619
0.00634
0.00648
0.00665
0.00681
0.00698
0.00715
0.00732
0.00752
0.00771
0.0079
0.0081
0.00829
0.0085
0.0087
0.00892
0.00912
0.00933
0.00954
0.00976
0.00997
0.01018
0.01039
0.0106
0.01082
0.01103
0.01125
0.01147
0.01166
0.01188
0.01209
0.01231
0.0125
0.01272
0.01291
0.01314
0.01334
0.01354
0.01374
0.01395
0.01415
0.01436
0.01456
0.01477
0.01496
0.01518
0.01537
0.01558
0.01577
0.01597
0.01616
0.01637
0.01655
0.01674
0.01693
0.01711
0.0173
0.01748
0.01766
0.01783
0.01799
0.01816
0.01831
0.01848
0.01862
0.01877
0.0189
0.01905
0.01917
0.0193
0.01941
0.01952
0.01963
0.01974
0.01984
0.01994
0.02001
0.0201
0.02018
0.02026
0.02032
0.0204
0.02045
0.02052
0.02056
0.02061
0.02066
0.0207
0.02074
0.02078
0.02081
0.02084
0.02085
0.02088
0.02089
0.02091
0.02091
0.02091
0.0209
0.02091
0.02089
0.02087
0.02084
0.02082
0.02078
0.02075
0.02071
0.02066
0.0206
0.02056
0.02049
0.02043
0.02036
0.02029
0.02021
0.02015
0.02006
0.01999
0.0199
0.01982
0.01974
0.01967
0.01959
0.01951
0.01942
0.01936
0.01928
0.01922
0.01914
0.01909
0.01901
0.01897
0.01891
0.01885
0.0188
0.01875
0.01871
0.01867
0.01862
0.01859
0.01854
0.01851
0.01846
0.01844
0.01839
0.01836
0.01831
0.01829
0.01824
0.0182
0.01815
0.01811
0.01806
0.01802
0.01797
0.01793
0.01786
0.01782
0.01776
0.01772
