5.8150525125058E+01

-0.00236
-0.00236
-0.00234
-0.00234
-0.00231
-0.0023
-0.00229
-0.00228
-0.00227
-0.00226
-0.00224
-0.00224
-0.00223
-0.00223
-0.00222
-0.00223
-0.00222
-0.00223
-0.00223
-0.00225
-0.00224
-0.00226
-0.00227
-0.00228
-0.00229
-0.00229
-0.00229
-0.00229
-0.00228
-0.00229
-0.00228
-0.00227
-0.00224
-0.00223
-0.0022
-0.00218
-0.00213
-0.00209
-0.00204
-0.00199
-0.00193
-0.00186
-0.00179
-0.00171
-0.00163
-0.00156
-0.00146
-0.00137
-0.00127
-0.00119
-0.00108
-0.00099
-0.00088
-0.00079
-0.00068
-0.00058
-0.00048
-0.00037
-0.00026
-0.00016
-4e-05
5e-05
0.00016
0.00026
0.00038
0.00048
0.0006
0.0007
0.00083
0.00094
0.00105
0.00117
0.00128
0.00141
0.00153
0.00166
0.00179
0.0019
0.00204
0.00217
0.00231
0.00243
0.00257
0.00268
0.00282
0.00295
0.00307
0.00319
0.00331
0.00344
0.00355
0.00367
0.00378
0.00387
0.00399
0.00408
0.00419
0.00427
0.00436
0.00443
0.00453
0.0046
0.00468
0.00474
0.00481
0.00488
0.00494
0.00501
0.00507
0.00512
0.00518
0.00523
0.00529
0.00533
0.00539
0.00542
0.00548
0.00552
0.00556
0.0056
0.00563
0.00566
0.0057
0.00573
0.00576
0.00578
0.00581
0.00582
0.00585
0.00585
0.00587
0.00587
0.00589
0.00589
0.00589
0.00588
0.00588
0.00587
0.00587
0.00586
0.00586
0.00584
0.00584
0.00581
0.00581
0.00579
0.00579
0.00577
0.00578
0.00576
0.00575
0.00574
0.00573
0.00573
0.00573
0.00573
0.00573
0.00571
0.00572
0.00571
0.00572
0.00571
0.00571
0.0057
0.00571
0.0057
0.0057
0.00569
0.00568
0.00567
0.00567
0.00566
0.00565
0.00562
0.00562
0.0056
0.00559
0.00556
0.00555
0.00551
0.0055
0.00547
0.00545
0.00542
0.00539
0.00537
0.00534
0.00532
0.00529
0.00525
0.00524
0.0052
0.00518
0.00514
0.00512
0.00508
0.00506
0.00502
0.00499
0.00496
0.00492
0.00488
0.00484
0.0048
0.00477
0.00471
0.00467
0.00461
0.00457
0.0045
0.00445
0.00437
0.00432
0.00424
0.00416
0.00409
0.004
0.00392
0.00383
0.00374
0.00365
0.00354
0.00345
0.00334
0.00324
0.00313
0.00302
0.0029
0.0028
0.00268
0.00256
0.00244
0.00231
0.00219
0.00208
0.00196
0.00185
0.00171
0.0016
0.00147
0.00136
0.00123
0.00112
0.00098
0.00088
0.00075
0.00063
0.00052
0.0004
0.00029
0.00017
6e-05
-4e-05
-0.00016
-0.00026
-0.00038
-0.00047
-0.00058
-0.00067
-0.00077
-0.00085
-0.00095
-0.00104
-0.00112
-0.00121
-0.00128
-0.00135
-0.00141
-0.00146
-0.00154
-0.00158
-0.00163
-0.00166
-0.00171
-0.00172
-0.00176
-0.00176
-0.00178
-0.00179
-0.00179
-0.00179
-0.00178
-0.00176
-0.00174
-0.00171
-0.00169
-0.00165
-0.00162
-0.00157
-0.00154
-0.00149
-0.00145
-0.0014
-0.00135
-0.00131
-0.00126
-0.00122
-0.00116
-0.00111
-0.00107
-0.00102
-0.00099
-0.00094
-0.0009
-0.00086
-0.00083
-0.00079
-0.00077
-0.00073
-0.00071
-0.00068
-0.00067
-0.00064
-0.00062
-0.0006
-0.00058
-0.00056
-0.00055
-0.00052
-0.00051
-0.00048
-0.00048
-0.00045
-0.00044
-0.0004
-0.00039
-0.00036
-0.00034
-0.00031
-0.00029
-0.00025
-0.00022
-0.00018
-0.00016
-0.00012
-9e-05
-6e-05
-3e-05
1e-05
3e-05
7e-05
9e-05
0.00012
0.00014
0.00016
0.00019
0.0002
0.00022
0.00024
0.00024
0.00025
0.00025
0.00026
0.00025
0.00026
0.00024
0.00025
0.00023
0.00022
0.0002
0.00019
0.00017
0.00016
0.00014
0.00013
0.0001
8e-05
6e-05
5e-05
2e-05
2e-05
-1e-05
-1e-05
-3e-05
-4e-05
-6e-05
-7e-05
-8e-05
-8e-05
-9e-05
-9e-05
-0.00011
-0.00011
-0.00012
-0.00012
-0.00013
-0.00013
-0.00015
-0.00015
-0.00017
-0.00018
-0.0002
-0.00021
-0.00023
-0.00025
-0.00027
-0.00029
-0.00033
-0.00035
-0.00039
-0.00042
-0.00047
-0.0005
-0.00056
-0.00059
-0.00064
-0.0007
-0.00075
-0.0008
-0.00085
-0.0009
-0.00095
-0.001
-0.00107
-0.00111
-0.00116
-0.0012
-0.00125
-0.00129
-0.00134
-0.00136
-0.0014
-0.00143
-0.00146
-0.00148
-0.00149
-0.0015
-0.00151
-0.0015
-0.00152
-0.0015
-0.0015
-0.00148
-0.00148
-0.00145
-0.00144
-0.0014
-0.00138
-0.00135
-0.00132
-0.0013
-0.00126
-0.00123
-0.00119
-0.00116
-0.00113
-0.00109
-0.00107
-0.00103
-0.00101
-0.00098
-0.00096
-0.00093
-0.00091
-0.00089
-0.00088
-0.00086
-0.00085
-0.00084
-0.00082
-0.00081
-0.00082
-0.0008
-0.0008
-0.00079
-0.0008
-0.00079
-0.0008
-0.00079
-0.0008
-0.0008
-0.00081
-0.00082
-0.00082
-0.00082
-0.00082
-0.00082
-0.00084
-0.00084
-0.00085
-0.00084
-0.00086
-0.00086
-0.00088
-0.00086
-0.00088
-0.00088
-0.00089
-0.0009
-0.0009
-0.0009
-0.00091
-0.0009
-0.00093
-0.00091
-0.00093
-0.00092
-0.00093
-0.00093
-0.00094
-0.00093
-0.00094
-0.00094
-0.00094
-0.00094
-0.00093
-0.00093
-0.00093
-0.00091
-0.00092
-0.0009
-0.0009
-0.00089
-0.00089
-0.00088
-0.00088
-0.00086
-0.00085
-0.00084
-0.00084
-0.00083
-0.00082
-0.0008
-0.00079
-0.00077
-0.00077
-0.00075
-0.00075
-0.00072
-0.00072
-0.0007
-0.0007
-0.00067
-0.00066
-0.00064
-0.00062
-0.00061
-0.00058
-0.00056
-0.00054
-0.0005
-0.00049
-0.00045
-0.00044
-0.0004
-0.00038
-0.00034
-0.00031
-0.00026
-0.00024
-0.0002
-0.00017
-0.00013
-9e-05
-4e-05
-1e-05
4e-05
7e-05
0.00012
0.00015
0.0002
0.00023
0.00028
0.0003
0.00035
0.00039
0.00042
0.00046
0.00049
0.00053
0.00056
0.0006
0.00063
0.00065
0.00069
0.00071
0.00075
0.00076
0.00079
0.0008
0.00084
0.00086
0.00088
0.00089
0.00091
0.00093
0.00095
0.00097
0.00099
0.001
0.00102
0.00103
0.00106
0.00106
0.00108
0.00108
0.00111
0.00111
0.00112
0.00113
0.00114
0.00116
0.00117
0.00118
0.0012
0.00119
0.00121
0.00121
0.00122
0.00122
0.00124
0.00124
0.00126
0.00126
0.00126
0.00126
0.00127
0.00128
0.00129
0.0013
0.00131
0.00131
0.00133
0.00134
0.00136
0.00136
0.00138
0.00139
0.00143
0.00144
0.00147
0.00149
0.00152
0.00156
0.0016
0.00164
0.0017
0.00173
0.0018
0.00185
0.00192
0.00198
0.00205
0.00212
0.00221
0.00228
0.00237
0.00245
0.00254
0.00264
0.00274
0.00284
0.00295
0.00304
0.00315
0.00326
0.00337
0.00347
0.00359
0.00369
0.00381
0.00391
0.00402
0.00413
0.00424
0.00435
0.00447
0.00457
0.0047
0.00479
0.00492
0.00502
0.00515
0.00525
0.00538
0.00549
0.00562
0.00574
0.00587
0.00599
0.00611
0.00625
0.00638
0.00652
0.00666
0.00678
0.00693
0.00706
0.00721
0.00733
0.00748
0.0076
0.00775
0.00787
0.00799
0.00811
0.00823
0.00835
0.00846
0.00856
0.00867
0.00874
0.00885
0.00892
0.009
0.00906
0.00912
0.00917
0.00923
0.00926
0.00929
0.00932
0.00933
0.00935
0.00936
0.00937
0.00937
0.00934
0.00934
0.00932
0.0093
0.00926
0.00923
0.00918
0.00914
0.00908
0.00902
0.00895
0.00887
0.00879
0.00871
0.00861
0.00851
0.00838
0.00827
0.00813
0.008
0.00784
0.00769
0.00751
0.00735
0.00716
0.00697
0.00676
0.00655
0.00634
0.00613
0.0059
0.00568
0.00543
0.0052
0.00496
0.00472
0.00447
0.00423
0.00397
0.00374
0.00349
0.00325
0.00301
0.00277
0.00253
0.00231
0.00208
0.00185
0.00162
0.0014
0.00118
0.00097
0.00075
0.00054
0.00032
0.00012
-9e-05
-0.0003
-0.00051
-0.00072
-0.00092
-0.00112
-0.00132
-0.00151
-0.00173
-0.00192
-0.00213
-0.00231
-0.00251
-0.00269
-0.00289
-0.00306
-0.00324
-0.00341
-0.00358
-0.00374
-0.00388
-0.00402
-0.00415
-0.00427
-0.0044
-0.00449
-0.00459
-0.00466
-0.00474
-0.0048
-0.00486
-0.00488
-0.00492
-0.00494
-0.00496
-0.00496
-0.00494
-0.00493
-0.0049
-0.00487
-0.00484
-0.00479
-0.00475
-0.00469
-0.00464
-0.00457
-0.00451
-0.00443
-0.00437
-0.00429
-0.00423
-0.00415
-0.00407
-0.00398
-0.0039
-0.0038
-0.00374
-0.00364
-0.00355
-0.00345
-0.00336
-0.00326
-0.00317
-0.00305
-0.00296
-0.00285
-0.00274
-0.00263
-0.00251
-0.0024
-0.00228
-0.00215
-0.00204
-0.00191
-0.0018
-0.00166
-0.00155
-0.00141
-0.0013
-0.00117
-0.00105
-0.00094
-0.00082
-0.00071
-0.0006
-0.00049
-0.00038
-0.00027
-0.00019
-9e-05
-1e-05
8e-05
0.00015
0.00023
0.00029
0.00037
0.00042
0.00047
0.00051
0.00054
0.00059
0.00062
0.00065
0.00067
0.00067
0.00069
0.00069
0.0007
0.00067
0.00067
0.00063
0.00062
0.00059
0.00055
0.00051
0.00046
0.0004
0.00035
0.00029
0.00024
0.00015
9e-05
1e-05
-6e-05
-0.00015
-0.00023
-0.00032
-0.0004
-0.00049
-0.00057
-0.00066
-0.00075
-0.00083
-0.0009
-0.00098
-0.00105
-0.00114
-0.00119
-0.00127
-0.00132
-0.00139
-0.00143
-0.00149
-0.00152
-0.00157
-0.00161
-0.00164
-0.00168
-0.0017
-0.00172
-0.00174
-0.00176
-0.00178
-0.00179
-0.00181
-0.00181
-0.00183
-0.00183
-0.00186
-0.00185
-0.00186
-0.00187
-0.00189
-0.00189
-0.0019
-0.0019
-0.0019
-0.0019
-0.00191
-0.0019
-0.00191
-0.0019
-0.0019
-0.00189
-0.00189
-0.00186
-0.00185
-0.00183
-0.00182
-0.00179
-0.00176
-0.00172
-0.00168
-0.00163
-0.0016
-0.00154
-0.00149
-0.00143
-0.00137
-0.0013
-0.00125
-0.00116
-0.00109
-0.00102
-0.00094
-0.00086
-0.00077
-0.00068
-0.0006
-0.0005
-0.00043
-0.00032
-0.00025
-0.00015
-6e-05
3e-05
0.00011
0.00021
0.0003
0.00038
0.00047
0.00054
0.00063
0.00071
0.00079
0.00087
0.00093
0.00101
0.00107
0.00114
0.00118
0.00125
0.00129
0.00135
0.00139
0.00143
0.00146
0.00149
0.00152
0.00155
0.00157
0.00159
0.00159
0.00162
0.00162
0.00164
0.00164
0.00165
0.00164
0.00166
0.00166
0.00167
0.00167
0.00167
0.00169
0.0017
0.00172
0.00175
0.00175
0.00179
0.00181
0.00185
0.00188
0.00193
0.00196
0.00202
0.00207
0.00212
0.00218
0.00224
0.00231
0.00239
0.00245
0.00254
0.0026
0.00269
0.00276
0.00285
0.00292
0.00302
0.00309
0.00319
0.00328
0.00336
0.00345
0.00354
0.00364
0.00374
0.00384
0.00395
0.00404
0.00415
0.00425
0.00437
0.00448
0.00461
0.00472
0.00486
0.00498
0.00512
0.00525
0.00539
0.00555
0.0057
0.00585
0.00602
0.00617
0.00634
0.00649
0.00667
0.00683
0.007
0.00716
0.00734
0.0075
0.00767
0.00782
0.00799
0.00815
0.00831
0.00846
0.00862
0.00875
0.00891
0.00904
0.00919
0.00931
0.00945
0.00957
0.0097
0.00982
0.00995
0.01006
0.01018
0.01029
0.01041
0.01053
0.01065
0.01075
0.01088
0.01099
0.01112
0.01123
0.01135
0.01147
0.01161
0.01172
0.01185
0.01198
0.01211
0.01225
0.01239
0.01252
0.01267
0.0128
0.01295
0.01309
0.01324
0.01338
0.01353
0.01367
0.01383
0.01397
0.01412
0.01427
0.01441
0.01456
0.01472
0.01487
0.01502
0.01516
0.01532
0.01546
0.01561
0.01575
0.0159
0.01604
0.0162
0.01634
0.01648
0.01662
0.01677
0.01692
0.01707
0.01721
0.01736
0.01749
0.01765
0.01779
0.01794
0.01808
0.01822
0.01836
0.01852
0.01865
0.0188
0.01893
0.01907
0.01921
0.01935
0.01948
0.01962
0.01974
0.01988
0.02
0.02014
0.02025
0.02038
0.02049
0.02061
0.02072
0.02083
0.02094
0.02104
0.02115
0.02125
0.02136
0.02146
0.02155
0.02166
0.02175
0.02186
0.02195
0.02206
0.02215
0.02226
0.02235
0.02246
0.02256
0.02266
0.02278
0.02289
0.02299
0.02311
0.02321
0.02333
0.02343
0.02356
0.02366
0.02377
0.02386
0.02398
0.02408
0.02417
0.02426
0.02435
0.02443
0.02451
0.02459
0.02466
0.02471
0.02477
0.02481
0.02486
0.02489
0.02492
0.02494
0.02497
0.02498
0.02499
0.02499
0.02499
0.02499
0.02499
0.02498
0.02498
0.02496
0.02496
0.02495
0.02495
0.02493
0.02493
0.02492
0.02493
0.02492
0.02492
0.02492
0.02492
0.02493
0.02494
0.02495
0.02496
0.02496
0.02498
0.02498
0.02499
0.02498
0.02499
0.02498
0.02498
0.02497
0.02495
0.02493
0.02491
0.02489
0.02486
0.02482
0.02478
0.02472
0.02468
0.02462
0.02457
0.02449
0.02443
0.02435
0.02428
0.02419
0.02411
0.02402
0.02392
0.02383
0.02373
0.02363
0.02354
0.02342
0.02332
0.0232
0.0231
0.02297
0.02286
0.02273
0.02262
0.02249
0.02236
0.02223
0.02208
0.02195
0.02181
0.02166
0.02152
0.02135
0.0212
0.02104
0.02088
0.0207
0.02053
0.02034
0.02017
0.01998
0.01979
0.01959
0.01939
0.01919
0.01899
0.01878
0.01858
0.01835
0.01814
0.01791
0.0177
0.01747
0.01724
0.01701
0.01679
0.01655
0.01632
0.01609
0.01585
0.01562
0.01539
0.01516
0.01493
0.01469
0.01447
0.01425
0.01404
0.01381
0.0136
0.01339
0.01319
0.01298
0.01279
0.01259
0.0124
0.01222
0.01205
0.01188
0.01172
0.01155
0.01141
0.01125
0.01112
0.01097
0.01084
0.0107
0.01059
0.01046
0.01034
0.01023
0.01011
0.01
0.00989
0.00979
0.00969
0.00958
0.00948
0.00937
0.00928
0.00917
0.00908
0.00897
0.00888
0.00877
0.00868
0.00858
0.00848
0.00839
0.0083
0.00821
0.00813
0.00803
0.00795
0.00786
0.00779
0.00771
0.00764
0.00756
0.0075
0.00744
0.00738
0.00732
0.00726
0.00722
0.00718
0.00714
0.00711
0.00706
0.00703
0.007
0.00698
0.00695
0.00693
0.0069
0.00689
0.00687
0.00685
0.00683
0.00681
0.0068
0.00679
0.00678
0.00677
0.00675
0.00675
0.00673
0.00672
0.0067
0.0067
0.00667
0.00668
0.00666
0.00665
0.00663
0.00661
0.0066
0.00659
0.00657
0.00656
0.00653
0.00652
0.00649
0.00648
0.00644
0.00643
0.00639
0.00637
0.00633
0.00629
0.00625
0.00621
0.00617
0.00613
0.00608
0.00604
0.00597
0.00593
0.00587
0.00583
0.00576
0.00571
0.00564
0.0056
0.00553
0.00548
0.00542
0.00537
0.00532
0.00526
0.00522
0.00517
0.00512
0.00509
0.00503
0.00501
0.00496
0.00493
0.00488
0.00486
0.00482
0.00479
0.00475
0.00471
0.00468
0.00465
0.00461
0.00457
0.00452
0.00448
0.00443
0.00439
0.00433
0.00428
0.0042
0.00415
0.00407
0.00401
0.00393
0.00385
0.00377
0.0037
0.00361
0.00354
0.00344
0.00337
0.00328
0.00321
0.00312
0.00304
0.00296
0.0029
0.00282
0.00276
0.00269
0.00263
0.00258
0.00254
0.0025
0.00247
0.00243
0.00241
0.00239
0.00239
0.00236
0.00237
0.00236
0.00238
0.00239
0.0024
0.00241
0.00244
0.00246
0.00249
0.00253
0.00256
0.00258
0.00262
0.00265
0.00269
0.00272
0.00276
0.00278
0.00282
0.00285
0.00287
0.0029
0.00291
0.00294
0.00296
0.00297
0.00299
0.00298
0.00299
0.00299
0.00299
0.00298
0.00298
0.00295
0.00295
0.00292
0.0029
0.00286
0.00283
0.0028
0.00277
0.00273
0.00269
0.00263
0.0026
0.00254
0.0025
0.00244
0.00239
0.00232
0.00228
0.00222
0.00216
0.00209
0.00202
0.00195
0.00189
0.00182
0.00175
0.00167
0.0016
0.00152
0.00145
0.00135
0.00128
0.00118
0.00111
0.00101
0.00092
0.00082
0.00072
0.00063
0.00054
0.00044
0.00035
0.00023
0.00014
3e-05
-6e-05
-0.00016
-0.00026
-0.00036
-0.00045
-0.00055
-0.00064
-0.00073
-0.00082
-0.0009
-0.00098
-0.00106
-0.00113
-0.00122
-0.00127
-0.00135
-0.0014
-0.00146
-0.00151
-0.00158
-0.00161
-0.00166
-0.00171
-0.00174
-0.00178
-0.00182
-0.00185
-0.00187
-0.0019
-0.00194
-0.00195
-0.00198
-0.00199
-0.00203
-0.00204
-0.00206
-0.00207
-0.00209
-0.00211
-0.00213
-0.00215
-0.00215
-0.00217
-0.00218
-0.00219
-0.00221
-0.00221
-0.00223
-0.00223
-0.00225
-0.00225
-0.00227
-0.00226
-0.00227
-0.00228
-0.00229
-0.0023
-0.0023
-0.0023
-0.0023
-0.00229
-0.00231
-0.0023
-0.00231
-0.0023
-0.00231
-0.0023
-0.00231
-0.00228
-0.00229
-0.00228
-0.00228
-0.00227
-0.00226
-0.00224
-0.00222
-0.00219
-0.00219
-0.00215
-0.00214
-0.0021
-0.00208
-0.00204
-0.00201
-0.00195
-0.00191
-0.00187
-0.00182
-0.00177
-0.00171
-0.00164
-0.00158
-0.0015
-0.00145
-0.00136
-0.0013
-0.00121
-0.00113
-0.00104
-0.00097
-0.00087
-0.00079
-0.0007
-0.00062
-0.00053
-0.00043
-0.00034
-0.00024
-0.00014
-6e-05
4e-05
0.00012
0.00023
0.00031
0.00041
0.00049
0.0006
0.00068
0.00077
0.00086
0.00094
0.00103
0.00112
0.00121
0.00131
0.00138
0.00148
0.00156
0.00165
0.00172
0.00181
0.00189
0.00198
0.00205
0.00213
0.00221
0.00228
0.00236
0.00244
0.00251
0.00258
0.00264
0.00271
0.00277
0.00283
0.00288
0.00294
0.00298
0.00304
0.00308
0.00311
0.00314
0.00317
0.00319
0.00322
0.00324
0.00326
0.00325
0.00326
0.00326
0.00326
0.00324
0.00323
0.00321
0.0032
0.00317
0.00314
0.0031
0.00306
0.00303
0.003
0.00296
0.00292
0.00287
0.00284
0.00279
0.00276
0.00271
0.00267
0.00262
0.00259
0.00255
0.00252
0.00249
0.00245
0.00243
0.00241
0.00239
0.00238
0.00236
0.00236
0.00235
0.00235
0.00234
0.00235
0.00235
0.00237
0.00237
0.00239
0.0024
0.00241
0.00243
0.00245
0.00248
0.0025
0.00251
0.00254
0.00255
0.00258
0.00259
0.00262
0.00263
0.00266
0.00267
0.00268
0.00269
0.00271
0.00272
0.00274
0.00274
0.00277
0.00276
0.00278
0.00278
0.0028
0.0028
0.00282
0.00281
0.00284
0.00284
0.00285
0.00286
0.00287
0.00288
0.0029
0.00291
0.00293
0.00293
0.00295
0.00296
0.00299
0.00299
0.00301
0.00301
0.00304
0.00304
0.00305
0.00305
0.00305
0.00306
0.00307
0.00307
0.00308
0.00306
0.00307
0.00306
0.00306
0.00305
0.00304
0.00303
0.00303
0.00301
0.003
0.00299
0.00298
0.00297
0.00296
0.00296
0.00296
0.00295
0.00295
0.00295
0.00296
0.00296
0.00298
0.00299
0.00302
0.00303
0.00305
0.00308
0.0031
0.00314
0.00318
0.00322
0.00326
0.00329
0.00334
0.00337
0.00342
0.00345
0.0035
0.00352
0.00358
0.0036
0.00364
0.00366
0.00368
0.0037
0.00373
0.00374
0.00376
0.00375
0.00377
0.00376
0.00376
0.00374
0.00373
0.00371
0.0037
0.00368
0.00365
0.00363
0.0036
0.00358
0.00356
0.00354
0.00352
0.00349
0.00348
0.00346
0.00346
0.00344
0.00344
0.00342
0.00344
0.00344
0.00345
0.00345
0.00346
0.00349
0.00351
0.00354
0.00357
0.00359
0.00363
0.00365
0.0037
0.00372
0.00376
0.00379
0.00383
0.00386
0.00389
0.00391
0.00393
0.00396
0.00398
0.004
0.00401
0.00401
0.00402
0.00401
0.00402
0.004
0.00399
0.00396
0.00395
0.00391
0.00388
0.00383
0.00379
0.00374
0.00369
0.00363
0.00358
0.0035
0.00344
0.00335
0.00328
0.00319
0.00311
0.00301
0.00292
0.00282
0.00272
0.00262
0.0025
0.0024
0.00229
0.00218
0.00207
0.00194
0.00184
0.00171
0.00161
0.00148
0.00136
0.00124
0.00113
0.00101
0.00089
0.00077
0.00066
0.00054
0.00044
0.00033
0.00022
0.0001
-1e-05
-0.00012
-0.00022
-0.00034
-0.00045
-0.00057
-0.00067
-0.00079
-0.0009
-0.00102
-0.00114
-0.00125
-0.00136
-0.00148
-0.00159
-0.00173
-0.00184
-0.00197
-0.00208
-0.00222
-0.00233
-0.00246
-0.00256
-0.00268
-0.00279
-0.00291
-0.00302
-0.00311
-0.00321
-0.0033
-0.00337
-0.00347
-0.00353
-0.0036
-0.00365
-0.00371
-0.00374
-0.00379
-0.0038
-0.00383
-0.00385
-0.00386
-0.00387
-0.00386
-0.00384
-0.00383
-0.0038
-0.00379
-0.00376
-0.00374
-0.00369
-0.00367
-0.00363
-0.0036
-0.00354
-0.00351
-0.00347
-0.00343
-0.00339
-0.00334
-0.00329
-0.00324
-0.00319
-0.00315
-0.00309
-0.00304
-0.00297
-0.00293
-0.00286
-0.00281
-0.00272
-0.00265
-0.00258
-0.00251
-0.00243
-0.00234
-0.00224
-0.00215
-0.00205
-0.00197
-0.00186
-0.00176
-0.00165
-0.00155
-0.00144
-0.00135
-0.00123
-0.00113
-0.00104
-0.00094
-0.00085
-0.00075
-0.00066
-0.00057
-0.00048
-0.00042
-0.00034
-0.00027
-0.0002
-0.00015
-9e-05
-5e-05
1e-05
5e-05
9e-05
0.00012
0.00016
0.00019
0.00022
0.00025
0.00029
0.0003
0.00033
0.00035
0.00038
0.00039
0.00042
0.00043
0.00046
0.00047
0.00049
0.00051
0.00052
0.00053
0.00055
0.00057
0.00058
0.00058
0.0006
0.0006
0.00062
0.00061
0.00062
0.00061
0.00062
0.00061
0.0006
0.0006
0.00058
0.00058
0.00057
0.00056
0.00056
0.00053
0.00053
0.00051
0.00051
0.00049
0.00049
0.00047
0.00048
0.00046
0.00046
0.00045
0.00044
0.00045
0.00045
0.00046
0.00047
0.00046
0.00047
0.00047
0.00049
0.00048
0.0005
0.00049
0.00052
0.00052
0.00053
0.00053
0.00053
0.00054
0.00056
0.00056
0.00057
0.00057
0.00058
0.00058
0.0006
0.00058
0.0006
0.00059
0.00061
0.00061
0.00061
0.00061
0.00061
0.00062
0.00063
0.00064
0.00066
0.00065
0.00067
0.00068
0.0007
0.00071
0.00073
0.00074
0.00076
0.00077
0.0008
0.00081
0.00083
0.00086
0.00089
0.00092
0.00095
0.00097
0.00101
0.00103
0.00107
0.00109
0.00114
0.00117
0.00122
0.00126
0.0013
0.00135
0.00139
0.00144
0.0015
0.00156
0.00162
0.00167
0.00174
0.0018
0.00187
0.00193
0.00201
0.00208
0.00217
0.00223
0.00232
0.0024
0.00248
0.00257
0.00266
0.00274
0.00283
0.00291
0.003
0.00309
0.00318
0.00326
0.00335
0.00342
0.00351
0.00358
0.00365
0.00372
0.00378
0.00385
0.00391
0.00396
0.00402
0.00405
0.00409
0.00412
0.00416
0.00416
0.00419
0.00419
0.00421
0.0042
0.0042
0.00419
0.00417
0.00416
0.00414
0.00411
0.0041
0.00406
0.00404
0.004
0.00398
0.00393
0.00391
0.00386
0.00384
0.00381
0.00377
0.00374
0.0037
0.00368
0.00365
0.00362
0.0036
0.00356
0.00354
0.0035
0.00349
0.00344
0.00341
0.00337
0.00335
0.0033
0.00326
0.00321
0.00316
0.00311
0.00306
0.003
0.00295
0.00287
0.00282
0.00274
0.00268
0.00259
0.00253
0.00244
0.00238
0.0023
0.00222
0.00214
0.00206
0.00199
0.00193
0.00186
0.0018
0.00173
0.00168
0.00163
0.00159
0.00154
0.00151
0.00147
0.00145
0.00142
0.0014
0.00139
0.00138
0.00137
0.00137
0.00138
0.00139
0.00138
0.0014
0.00141
0.00143
0.00144
0.00147
0.00148
0.00152
0.00153
0.00156
0.00158
0.00161
0.00164
0.00167
0.00171
0.00175
0.00177
0.00182
0.00185
0.0019
0.00194
0.00199
0.00203
0.00208
0.00213
0.00217
0.00222
0.00226
0.00232
0.00237
0.00241
0.00247
0.0025
0.00255
0.00258
0.00263
0.00266
0.00269
0.00271
0.00274
0.00275
0.00277
0.00277
0.00277
0.00277
0.00277
0.00277
0.00276
0.00273
0.00272
0.00269
0.00268
0.00263
0.00261
0.00257
0.00255
0.0025
0.00246
0.00242
0.00237
0.00234
0.0023
0.00226
0.00222
0.00216
0.00213
0.00208
0.00204
0.00198
0.00194
0.00187
0.00184
0.00178
0.00172
0.00166
0.00159
0.00153
0.00147
0.0014
0.00133
0.00125
0.00118
0.00109
0.00102
0.00093
0.00085
0.00075
0.00067
0.00058
0.00048
0.00039
0.00029
0.00021
0.00012
3e-05
-6e-05
-0.00016
-0.00024
-0.00033
-0.00041
-0.0005
-0.00058
-0.00068
-0.00075
-0.00084
-0.00091
-0.001
-0.00108
-0.00116
-0.00123
-0.00131
-0.00138
-0.00147
-0.00153
-0.00162
-0.00168
-0.00176
-0.00183
-0.00191
-0.00196
-0.00204
-0.0021
-0.00216
-0.00222
-0.00228
-0.00232
-0.00237
-0.00241
-0.00246
-0.00248
-0.00251
-0.00253
-0.00256
-0.00256
-0.00258
-0.00256
-0.00257
-0.00256
-0.00255
-0.00254
-0.00251
-0.00248
-0.00245
-0.00241
-0.00238
-0.00233
-0.0023
-0.00224
-0.00221
-0.00215
-0.00212
-0.00206
-0.00201
-0.00197
-0.00192
-0.00188
-0.00183
-0.00178
-0.00174
-0.00169
-0.00166
-0.00161
-0.00158
-0.00153
-0.0015
-0.00146
-0.00144
-0.0014
-0.00137
-0.00135
-0.00132
-0.0013
-0.00128
-0.00125
-0.00123
-0.00121
-0.00121
-0.00119
-0.00118
-0.00117
-0.00117
-0.00116
-0.00117
-0.00116
-0.00117
-0.00118
-0.00119
-0.0012
-0.00121
-0.00122
-0.00124
-0.00125
-0.00128
-0.00129
-0.00132
-0.00133
-0.00136
-0.00137
-0.00141
-0.00141
-0.00145
-0.00146
-0.00149
-0.00151
-0.00153
-0.00155
-0.00157
-0.00158
-0.00161
-0.00162
-0.00164
-0.00164
-0.00167
-0.00168
-0.00171
-0.00171
-0.00173
-0.00175
-0.00177
-0.00179
-0.0018
-0.00181
-0.00182
-0.00182
-0.00185
-0.00185
-0.00186
-0.00185
-0.00186
-0.00185
-0.00186
-0.00183
-0.00182
-0.0018
-0.00178
-0.00174
-0.0017
-0.00166
-0.0016
-0.00153
-0.00148
-0.0014
-0.00132
-0.00123
-0.00114
-0.00104
-0.00095
-0.00082
-0.00072
-0.0006
-0.00048
-0.00036
-0.00024
-0.00011
2e-05
0.00016
0.00027
0.00041
0.00053
0.00066
0.00077
0.0009
0.001
0.00113
0.00123
0.00133
0.00143
0.00153
0.00162
0.00172
0.00181
0.0019
0.00197
0.00206
0.00213
0.00222
0.00228
0.00236
0.00243
0.0025
0.00257
0.00263
0.00269
0.00275
0.00282
0.00288
0.00294
0.00299
0.00303
0.00309
0.00312
0.00317
0.00319
0.00323
0.00324
0.00327
0.00327
0.00327
0.00327
0.00326
0.00324
0.00322
0.00319
0.00317
0.00311
0.00307
0.00301
0.00296
0.00289
0.00283
0.00275
0.00269
0.00262
0.00254
0.00246
0.00238
0.00231
0.00224
0.00217
0.00211
0.00203
0.00198
0.00191
0.00187
0.00181
0.00176
0.00171
0.00168
0.00164
0.0016
0.00157
0.00153
0.0015
0.00148
0.00145
0.00144
0.00139
0.00138
0.00134
0.00132
0.00127
0.00124
0.0012
0.00116
0.00111
0.00106
0.00101
0.00094
0.00089
0.00083
0.00076
0.0007
0.00061
0.00054
0.00047
0.0004
0.00031
0.00024
0.00015
8e-05
1e-05
-7e-05
-0.00015
-0.00022
-0.00029
-0.00035
-0.00041
-0.00047
-0.00054
-0.00059
-0.00064
-0.00068
-0.00074
-0.00078
-0.00083
-0.00086
-0.0009
-0.00094
-0.00097
-0.00101
-0.00104
-0.00107
-0.00109
-0.00112
-0.00116
-0.00118
-0.00121
-0.00123
-0.00127
-0.00129
-0.00133
-0.00134
-0.00137
-0.0014
-0.00143
-0.00145
-0.00148
-0.00149
-0.00151
-0.00152
-0.00155
-0.00155
-0.00157
-0.00157
-0.00158
-0.00157
-0.00158
-0.00155
-0.00155
-0.00153
-0.00151
-0.0015
-0.00147
-0.00144
-0.0014
-0.00136
-0.00133
-0.00127
-0.00123
-0.00118
-0.00113
-0.00107
-0.00103
-0.00095
-0.0009
-0.00084
-0.00078
-0.00072
-0.00065
-0.00058
-0.00051
-0.00043
-0.00038
-0.0003
-0.00023
-0.00015
-8e-05
-1e-05
6e-05
0.00015
0.00022
0.0003
0.00037
0.00044
0.00052
0.00061
0.00068
0.00076
0.00083
0.00091
0.00098
0.00106
0.00112
0.0012
0.00126
0.00134
0.0014
0.00146
0.00152
0.00157
0.00163
0.00168
0.00173
0.00179
0.00181
0.00186
0.00189
0.00193
0.00195
0.00199
0.002
0.00204
0.00205
0.00208
0.00209
0.00211
0.00213
0.00215
0.00217
0.00219
0.00219
0.00222
0.00224
0.00227
0.00228
0.00231
0.00232
0.00236
0.00239
0.00241
0.00244
0.00247
0.0025
0.00254
0.00258
0.00262
0.00263
0.00268
0.00271
0.00275
0.00277
0.00281
0.00283
0.00287
0.0029
0.00292
0.00295
0.00298
0.003
0.00303
0.00305
0.00308
0.00309
0.00313
0.00314
0.00317
0.00319
0.00322
0.00323
0.00327
0.00329
0.00331
0.00333
0.00336
0.0034
0.00343
0.00346
0.0035
0.00351
0.00355
0.00358
0.00362
0.00364
0.00367
0.00369
0.00372
0.00374
0.00376
0.00377
0.00377
0.00378
0.00379
0.00379
0.00379
0.00377
0.00377
0.00374
0.00373
0.00369
0.00367
0.00362
0.00359
0.00354
0.0035
0.00345
0.0034
0.00335
0.00329
0.00324
0.00319
0.00312
0.00308
0.00302
0.00298
0.00291
0.00287
0.00281
0.00278
0.00273
0.00268
0.00264
0.0026
0.00257
0.00254
0.00251
0.00249
0.00246
0.00245
0.00242
0.00241
0.00239
0.00239
0.00236
0.00237
0.00236
0.00235
0.00235
0.00235
0.00235
0.00236
0.00236
0.00238
0.00237
0.0024
0.0024
0.00243
0.00244
0.00246
0.00247
0.0025
0.00252
0.00254
0.00257
0.00259
0.00262
0.00265
0.00267
0.00271
0.00272
0.00275
0.00277
0.0028
0.00281
0.00283
0.00283
0.00285
0.00285
0.00285
0.00285
0.00283
0.00282
0.00281
0.00278
0.00277
0.00272
0.00269
0.00264
0.0026
0.00253
0.00248
0.00241
0.00235
0.00227
0.00219
0.00211
0.00202
0.00193
0.00184
0.00175
0.00166
0.00154
0.00145
0.00135
0.00125
0.00114
0.00104
0.00093
0.00084
0.00073
0.00063
0.00052
0.00042
0.00033
0.00024
0.00015
6e-05
-4e-05
-0.00012
-0.00021
-0.00027
-0.00036
-0.00043
-0.00051
-0.00057
-0.00064
-0.0007
-0.00076
-0.00082
-0.00088
-0.00092
-0.00097
-0.00101
-0.00107
-0.00109
-0.00114
-0.00117
-0.00122
-0.00125
-0.0013
-0.00131
-0.00136
-0.00139
-0.00143
-0.00146
-0.0015
-0.00153
-0.00157
-0.0016
-0.00166
-0.00169
-0.00174
-0.00177
-0.00183
-0.00187
-0.00194
-0.00198
-0.00204
-0.00209
-0.00215
-0.00222
-0.00228
-0.00234
-0.0024
-0.00246
-0.00255
-0.0026
-0.00268
-0.00274
-0.00282
-0.00288
-0.00296
-0.00301
-0.00309
-0.00316
-0.00323
-0.0033
-0.00336
-0.00342
-0.00348
-0.00354
-0.00361
-0.00366
-0.00373
-0.00377
-0.00384
-0.00388
-0.00394
-0.00398
-0.00403
-0.00408
-0.00412
-0.00417
-0.0042
-0.00424
-0.00428
-0.0043
-0.00435
-0.00437
-0.0044
-0.00441
-0.00444
-0.00446
-0.00448
-0.00448
-0.00449
-0.0045
-0.00451
-0.00451
-0.00451
-0.00449
-0.00448
-0.00446
-0.00446
-0.00443
-0.00441
-0.00437
-0.00434
-0.0043
-0.00427
-0.00421
-0.00417
-0.00412
-0.00407
-0.00402
-0.00396
-0.00389
-0.00383
-0.00376
-0.00371
-0.00363
-0.00357
-0.0035
-0.00343
-0.00336
-0.0033
-0.00322
-0.00315
-0.00308
-0.00302
-0.00295
-0.00288
-0.00281
-0.00273
-0.00265
-0.0026
-0.00251
-0.00245
-0.00237
-0.0023
-0.00222
-0.00215
-0.00205
-0.00198
-0.00189
-0.0018
-0.00172
-0.00162
-0.00151
-0.00141
-0.0013
-0.00121
-0.00109
-0.00098
-0.00086
-0.00075
-0.00062
-0.00051
-0.00037
-0.00025
-0.00013
-1e-05
0.00012
0.00025
0.00038
0.00051
0.00063
0.00075
0.00088
0.00099
0.00112
0.00123
0.00135
0.00146
0.00158
0.00168
0.0018
0.0019
0.002
0.00211
0.00221
0.00231
0.00242
0.0025
0.00261
0.0027
0.00281
0.0029
0.003
0.00308
0.00319
0.00327
0.00337
0.00346
0.00354
0.00363
0.00372
0.00381
0.0039
0.00396
0.00405
0.00412
0.0042
0.00426
0.00433
0.00438
0.00445
0.00448
0.00453
0.00457
0.0046
0.00463
0.00466
0.00468
0.0047
0.0047
0.00472
0.00471
0.00472
0.0047
0.0047
0.00468
0.00468
0.00465
0.00462
0.0046
0.00456
0.00454
0.00451
0.00447
0.00444
0.00438
0.00435
0.0043
0.00427
0.0042
0.00416
0.0041
0.00405
0.00399
0.00392
0.00386
0.00378
0.00372
0.00364
0.00356
0.00349
0.00339
0.00331
0.00321
0.00313
0.00301
0.00292
0.0028
0.00271
0.00258
0.00246
0.00234
0.00221
0.00209
0.00197
0.00184
0.00171
0.00156
0.00144
0.00129
0.00117
0.00102
0.00088
0.00073
0.0006
0.00046
0.00031
0.00017
2e-05
-0.00011
-0.00025
-0.00038
-0.00051
-0.00066
-0.00079
-0.00092
-0.00104
-0.00118
-0.00129
-0.00143
-0.00153
-0.00164
-0.00176
-0.00186
-0.00197
-0.00206
-0.00215
-0.00224
-0.00233
-0.00242
-0.00249
-0.00257
-0.00263
-0.0027
-0.00276
-0.00282
-0.00286
-0.00292
-0.00296
-0.00301
-0.00305
-0.00309
-0.00311
-0.00314
-0.00316
-0.0032
-0.00322
-0.00325
-0.00325
-0.00329
-0.00329
-0.00332
-0.00332
-0.00334
-0.00334
-0.00336
-0.00337
-0.00337
-0.00336
-0.00336
-0.00335
-0.00336
-0.00334
-0.00334
-0.00331
-0.00331
-0.00328
-0.00327
-0.00323
-0.0032
-0.00318
-0.00314
-0.00311
-0.00306
-0.00301
-0.00297
-0.00291
-0.00288
-0.00281
-0.00277
-0.0027
-0.00265
-0.00259
-0.00254
-0.00246
-0.00241
-0.00235
-0.00229
-0.00223
-0.00217
-0.0021
-0.00204
-0.00198
-0.00192
-0.00186
-0.00181
-0.00173
-0.00169
-0.00162
-0.00158
-0.0015
-0.00145
-0.00139
-0.00134
-0.00128
-0.00121
-0.00115
-0.00108
-0.00101
-0.00096
-0.00088
-0.00081
-0.00073
-0.00067
-0.00058
-0.00052
-0.00042
-0.00035
-0.00026
-0.00018
-9e-05
0.0
0.0001
0.00019
0.00029
0.00037
0.00048
0.00056
0.00067
0.00076
0.00086
0.00094
0.00106
0.00114
0.00124
0.00132
0.00141
0.0015
0.00159
0.00167
0.00176
0.00183
0.00192
0.00199
0.00207
0.00213
0.00221
0.00226
0.00234
0.00239
0.00244
0.00249
0.00254
0.00259
0.00264
0.00268
0.00272
0.00274
0.00279
0.00281
0.00285
0.00285
0.00288
0.00288
0.00291
0.0029
0.00291
0.0029
0.00289
0.00289
0.00288
0.00286
0.00285
0.00281
0.00278
0.00274
0.00272
0.00267
0.00263
0.00258
0.00254
0.00248
0.00243
0.00237
0.00231
0.00225
0.00219
0.00213
0.00208
0.002
0.00195
0.00188
0.00183
0.00176
0.00171
0.00164
0.00159
0.00154
0.00148
0.00143
0.00138
0.00134
0.00129
0.00125
0.00122
0.00116
0.00113
0.00109
0.00107
0.00103
0.00101
0.00096
0.00095
0.00092
0.00089
0.00086
0.00084
0.00081
0.0008
0.00078
0.00077
0.00074
0.00074
0.00071
0.00071
0.0007
0.0007
0.00068
0.00069
0.00069
0.00069
0.0007
0.0007
0.00072
0.00074
0.00075
0.00079
0.0008
0.00083
0.00086
0.0009
0.00093
0.00097
0.001
0.00106
0.00109
0.00113
0.00117
0.00121
0.00126
0.00131
0.00135
0.0014
0.00144
0.00149
0.00152
0.00157
0.00161
0.00165
0.00167
0.00172
0.00175
0.00179
0.00182
0.00185
0.00189
0.00192
0.00195
0.00199
0.00201
0.00205
0.00208
0.00212
0.00215
0.00219
0.00222
0.00227
0.0023
0.00234
0.00238
0.00242
0.00246
0.00251
0.00255
0.0026
0.00263
0.00269
0.00272
0.00277
0.00281
0.00285
0.00288
0.00293
0.00296
0.00299
0.00301
0.00303
0.00306
0.00308
0.00309
0.00312
0.0031
0.00312
0.00311
0.00312
0.00309
0.00309
0.00306
0.00305
0.00302
0.00299
0.00295
0.00291
0.00288
0.00284
0.0028
0.00276
0.00269
0.00266
0.00259
0.00255
0.00249
0.00244
0.00237
0.00233
0.00227
0.00221
0.00216
0.0021
0.00205
0.002
0.00195
0.00191
0.00184
0.00181
0.00176
0.00172
0.00167
0.00163
0.00158
0.00155
0.0015
0.00147
0.00142
0.00138
0.00134
0.00131
0.00127
0.00124
0.00118
0.00115
0.00109
0.00106
0.00101
0.00097
0.0009
0.00086
0.00081
0.00075
0.00069
0.00063
0.00057
0.00051
0.00045
0.00039
0.00031
0.00025
0.00017
0.00011
2e-05
-4e-05
-0.00013
-0.00019
-0.00028
-0.00036
-0.00044
-0.00053
-0.00061
-0.00069
-0.00077
-0.00085
-0.00095
-0.00103
-0.00113
-0.00121
-0.00131
-0.0014
-0.0015
-0.00158
-0.00168
-0.00178
-0.00188
-0.00198
-0.00208
-0.00217
-0.00227
-0.00236
-0.00248
-0.00256
-0.00267
-0.00276
-0.00286
-0.00295
-0.00305
-0.00312
-0.00322
-0.00329
-0.00338
-0.00346
-0.00352
-0.00359
-0.00365
-0.0037
-0.00377
-0.00381
-0.00387
-0.00389
-0.00394
-0.00397
-0.00401
-0.00401
-0.00404
-0.00406
-0.00407
-0.00409
-0.00409
-0.00409
-0.00409
-0.00408
-0.00409
-0.00407
-0.00407
-0.00405
-0.00405
-0.00403
-0.00403
-0.004
-0.00399
-0.00397
-0.00396
-0.00394
-0.00392
-0.0039
-0.00388
-0.00384
-0.00384
-0.0038
-0.00378
-0.00374
-0.00372
-0.00368
-0.00366
-0.00361
-0.00358
-0.00354
-0.0035
-0.00347
-0.00342
-0.00337
-0.00333
-0.00328
-0.00325
-0.00319
-0.00315
-0.0031
-0.00307
-0.00302
-0.00299
-0.00293
-0.00291
-0.00287
-0.00284
-0.00282
-0.00278
-0.00276
-0.00273
-0.0027
-0.0027
-0.00267
-0.00267
-0.00265
-0.00265
-0.00264
-0.00264
-0.00263
-0.00263
-0.00264
-0.00264
-0.00265
-0.00265
-0.00265
-0.00265
-0.00265
-0.00267
-0.00266
-0.00267
-0.00266
-0.00267
-0.00267
-0.00267
-0.00265
-0.00266
-0.00265
-0.00265
-0.00265
-0.00264
-0.00263
-0.00262
-0.0026
-0.0026
-0.00258
-0.00258
-0.00255
-0.00255
-0.00253
-0.00252
-0.0025
-0.00249
-0.00247
-0.00247
-0.00246
-0.00244
-0.00242
-0.00241
-0.0024
-0.0024
-0.00238
-0.00238
-0.00236
-0.00236
-0.00235
-0.00236
-0.00234
-0.00235
-0.00235
-0.00235
-0.00235
-0.00235
-0.00235
-0.00236
-0.00235
-0.00237
-0.00236
-0.00237
-0.00236
-0.00237
-0.00237
-0.00238
-0.00236
-0.00236
-0.00236
-0.00235
-0.00233
-0.00231
-0.00229
-0.00226
-0.00222
-0.0022
-0.00215
-0.00211
-0.00204
-0.002
-0.00192
-0.00187
-0.00178
-0.00171
-0.00163
-0.00154
-0.00145
-0.00135
-0.00125
-0.00114
-0.00103
-0.00093
-0.00081
-0.0007
-0.00057
-0.00047
-0.00034
-0.00024
-0.0001
1e-05
0.00013
0.00024
0.00035
0.00048
0.0006
0.00071
0.00083
0.00093
0.00105
0.00115
0.00127
0.00138
0.00149
0.00159
0.00171
0.00181
0.00192
0.00203
0.00213
0.00225
0.00236
0.00247
0.00259
0.00268
0.0028
0.0029
0.00303
0.00312
0.00323
0.00333
0.00345
0.00354
0.00364
0.00373
0.00382
0.00391
0.004
0.00407
0.00416
0.00422
0.00429
0.00434
0.00441
0.00445
0.0045
0.00452
0.00457
0.00459
0.0046
0.00461
0.00461
0.00461
0.00461
0.0046
0.00459
0.00455
0.00453
0.00448
0.00446
0.0044
0.00436
0.00429
0.00424
0.00417
0.0041
0.00403
0.00395
0.00387
0.00379
0.0037
0.00363
0.00352
0.00344
0.00333
0.00324
0.00313
0.00303
0.00292
0.00282
0.00271
0.0026
0.00249
0.00238
0.00227
0.00217
0.00206
0.00196
0.00184
0.00174
0.00163
0.00154
0.00143
0.00134
0.00122
0.00115
0.00104
0.00095
0.00086
0.00077
0.0007
0.00062
0.00054
0.00047
0.00039
0.00033
0.00025
0.0002
0.00013
8e-05
1e-05
-3e-05
-8e-05
-0.00013
-0.00018
-0.00022
-0.00026
-0.00029
-0.00032
-0.00034
-0.00038
-0.00039
-0.00041
-0.00042
-0.00044
-0.00044
-0.00045
-0.00044
-0.00045
-0.00044
-0.00044
-0.00043
-0.00041
-0.00039
-0.00037
-0.00034
-0.00034
-0.0003
-0.00028
-0.00025
-0.00023
-0.0002
-0.00018
-0.00015
-0.00013
-0.00011
-0.0001
-9e-05
-7e-05
-6e-05
-6e-05
-4e-05
-6e-05
-6e-05
-7e-05
-8e-05
-0.00011
-0.00012
-0.00015
-0.00017
-0.0002
-0.00024
-0.00027
-0.00032
-0.00035
-0.00039
-0.00044
-0.00047
-0.00053
-0.00057
-0.00062
-0.00066
-0.00071
-0.00075
-0.00081
-0.00084
-0.00089
-0.00093
-0.00098
-0.00103
-0.00107
-0.00111
-0.00114
-0.00118
-0.00124
-0.00127
-0.00132
-0.00135
-0.00141
-0.00144
-0.0015
-0.00153
-0.00158
-0.00163
-0.00168
-0.00173
-0.00177
-0.00182
-0.00186
-0.0019
-0.00196
-0.002
-0.00205
-0.00208
-0.00213
-0.00215
-0.0022
-0.00222
-0.00226
-0.00228
-0.00231
-0.00233
-0.00234
-0.00235
-0.00236
-0.00236
-0.00237
-0.00236
-0.00236
-0.00235
-0.00235
-0.00233
-0.00233
-0.0023
-0.00229
-0.00228
-0.00227
-0.00225
-0.00223
-0.00221
-0.00219
-0.00217
-0.00217
-0.00214
-0.00213
-0.0021
-0.0021
-0.00208
-0.00208
-0.00205
-0.00204
-0.00203
-0.00201
-0.002
-0.00198
-0.00196
-0.00194
-0.00191
-0.0019
-0.00186
-0.00183
-0.00179
-0.00177
-0.00172
-0.00169
-0.00164
-0.0016
-0.00155
-0.0015
-0.00145
-0.00139
-0.00133
-0.00127
-0.0012
-0.00114
-0.00107
-0.00101
-0.00093
