5.1418085116873E+01

0.00221
0.00222
0.00225
0.00226
0.0023
0.00232
0.00235
0.00237
0.00239
0.00242
0.00245
0.00247
0.0025
0.0025
0.00253
0.00254
0.00256
0.00256
0.00257
0.00257
0.00258
0.00256
0.00255
0.00253
0.00251
0.00249
0.00247
0.00244
0.00241
0.00236
0.00233
0.00228
0.00224
0.00218
0.00213
0.00207
0.00203
0.00196
0.0019
0.00183
0.00176
0.0017
0.00164
0.00157
0.00151
0.00143
0.00136
0.00129
0.00122
0.00114
0.00107
0.00099
0.00093
0.00085
0.00077
0.0007
0.00062
0.00055
0.00048
0.00041
0.00034
0.00026
0.0002
0.00013
7e-05
-1e-05
-6e-05
-0.00013
-0.00017
-0.00024
-0.00029
-0.00034
-0.00039
-0.00044
-0.00048
-0.00052
-0.00055
-0.00059
-0.00062
-0.00066
-0.00068
-0.00072
-0.00074
-0.00077
-0.00079
-0.00082
-0.00084
-0.00087
-0.0009
-0.00092
-0.00094
-0.00096
-0.00098
-0.00102
-0.00104
-0.00107
-0.00109
-0.00112
-0.00114
-0.00118
-0.00119
-0.00122
-0.00124
-0.00126
-0.00128
-0.0013
-0.00131
-0.00132
-0.00131
-0.00134
-0.00132
-0.00132
-0.00131
-0.0013
-0.00128
-0.00127
-0.00123
-0.00122
-0.00119
-0.00116
-0.00113
-0.00109
-0.00105
-0.00101
-0.00096
-0.00094
-0.00089
-0.00086
-0.00081
-0.00079
-0.00075
-0.00073
-0.00068
-0.00066
-0.00064
-0.00062
-0.00061
-0.00059
-0.00057
-0.00056
-0.00054
-0.00054
-0.00053
-0.00053
-0.00051
-0.00051
-0.00049
-0.0005
-0.00047
-0.00047
-0.00045
-0.00044
-0.00042
-0.00039
-0.00036
-0.00033
-0.00029
-0.00026
-0.00021
-0.00017
-0.00011
-7e-05
0.0
5e-05
0.00013
0.00019
0.00025
0.00033
0.00039
0.00047
0.00055
0.00063
0.00071
0.00077
0.00086
0.00094
0.00103
0.00109
0.00118
0.00125
0.00134
0.00141
0.00149
0.00156
0.00163
0.00171
0.00179
0.00186
0.00194
0.00199
0.00208
0.00214
0.00222
0.00227
0.00234
0.0024
0.00247
0.00252
0.00258
0.00263
0.00268
0.00273
0.00278
0.00282
0.00286
0.00289
0.00292
0.00295
0.00298
0.00299
0.003
0.003
0.00302
0.00301
0.00301
0.003
0.00298
0.00296
0.00294
0.00292
0.00289
0.00285
0.00281
0.00277
0.00273
0.00267
0.00262
0.00255
0.00251
0.00244
0.00237
0.0023
0.00223
0.00216
0.00209
0.00201
0.00194
0.00184
0.00177
0.00168
0.0016
0.0015
0.00141
0.00131
0.00124
0.00113
0.00103
0.00093
0.00083
0.00074
0.00065
0.00054
0.00046
0.00034
0.00026
0.00015
7e-05
-4e-05
-0.00012
-0.00023
-0.0003
-0.0004
-0.00049
-0.00058
-0.00066
-0.00074
-0.00081
-0.00089
-0.00096
-0.00104
-0.0011
-0.00117
-0.00123
-0.0013
-0.00135
-0.00141
-0.00145
-0.00151
-0.00156
-0.0016
-0.00165
-0.00169
-0.00172
-0.00176
-0.00178
-0.00182
-0.00184
-0.00187
-0.00189
-0.00191
-0.00192
-0.00195
-0.00195
-0.00197
-0.00198
-0.00199
-0.00199
-0.00199
-0.00199
-0.00199
-0.00198
-0.00199
-0.00197
-0.00197
-0.00195
-0.00195
-0.00192
-0.00192
-0.00189
-0.00187
-0.00185
-0.00183
-0.00181
-0.00177
-0.00174
-0.00171
-0.00166
-0.00164
-0.00159
-0.00155
-0.00149
-0.00146
-0.0014
-0.00136
-0.00129
-0.00124
-0.00118
-0.00112
-0.00106
-0.00099
-0.00092
-0.00085
-0.00078
-0.00072
-0.00064
-0.00058
-0.00049
-0.00043
-0.00035
-0.00029
-0.0002
-0.00013
-7e-05
1e-05
7e-05
0.00015
0.00022
0.00029
0.00037
0.00042
0.00049
0.00056
0.00063
0.00069
0.00076
0.00082
0.0009
0.00096
0.00103
0.00109
0.00115
0.00122
0.00129
0.00136
0.00143
0.00148
0.00156
0.00162
0.00169
0.00174
0.00181
0.00186
0.00194
0.00199
0.00204
0.00209
0.00214
0.00219
0.00224
0.00228
0.00234
0.00236
0.00241
0.00244
0.00248
0.0025
0.00253
0.00255
0.00259
0.0026
0.00263
0.00264
0.00266
0.00268
0.00271
0.00272
0.00275
0.00276
0.00278
0.0028
0.00283
0.00284
0.00287
0.00288
0.00292
0.00294
0.00296
0.00298
0.003
0.00304
0.00306
0.00309
0.00312
0.00313
0.00317
0.00319
0.00322
0.00323
0.00326
0.00327
0.0033
0.00331
0.00333
0.00334
0.00335
0.00337
0.00338
0.00339
0.00341
0.0034
0.00342
0.00342
0.00344
0.00342
0.00344
0.00343
0.00344
0.00344
0.00344
0.00343
0.00342
0.00342
0.00342
0.00342
0.00342
0.0034
0.0034
0.00338
0.00338
0.00336
0.00336
0.00333
0.00333
0.00331
0.00328
0.00326
0.00323
0.00321
0.00319
0.00317
0.00314
0.0031
0.00308
0.00303
0.00301
0.00296
0.00293
0.00288
0.00285
0.0028
0.00276
0.00271
0.00266
0.00261
0.00257
0.00251
0.00246
0.0024
0.00235
0.00228
0.00223
0.00216
0.0021
0.00203
0.00197
0.00189
0.00182
0.00175
0.00167
0.00161
0.00153
0.00146
0.00139
0.00131
0.00125
0.00117
0.00111
0.00103
0.00097
0.00089
0.00084
0.00077
0.00072
0.00066
0.00061
0.00056
0.00052
0.00047
0.00044
0.00038
0.00035
0.00031
0.00029
0.00025
0.00022
0.00019
0.00017
0.00014
0.00011
8e-05
5e-05
2e-05
0.0
-3e-05
-4e-05
-8e-05
-0.0001
-0.00014
-0.00015
-0.00019
-0.00021
-0.00025
-0.00026
-0.00029
-0.00031
-0.00033
-0.00035
-0.00036
-0.00038
-0.00039
-0.00039
-0.00041
-0.0004
-0.00041
-0.0004
-0.0004
-0.00039
-0.0004
-0.00038
-0.00038
-0.00037
-0.00036
-0.00036
-0.00035
-0.00034
-0.00034
-0.00033
-0.00035
-0.00034
-0.00035
-0.00035
-0.00038
-0.00039
-0.00042
-0.00043
-0.00047
-0.0005
-0.00053
-0.00057
-0.00061
-0.00064
-0.00068
-0.00071
-0.00077
-0.0008
-0.00084
-0.00087
-0.00091
-0.00094
-0.00098
-0.00099
-0.00102
-0.00104
-0.00106
-0.00108
-0.00108
-0.00108
-0.00108
-0.00107
-0.00108
-0.00105
-0.00105
-0.00102
-0.00102
-0.00099
-0.00098
-0.00094
-0.00093
-0.00091
-0.00089
-0.00088
-0.00086
-0.00084
-0.00082
-0.00081
-0.00081
-0.0008
-0.0008
-0.00079
-0.0008
-0.0008
-0.00082
-0.00082
-0.00084
-0.00086
-0.00088
-0.00091
-0.00093
-0.00095
-0.00097
-0.00099
-0.00103
-0.00105
-0.00109
-0.00111
-0.00114
-0.00117
-0.00121
-0.00122
-0.00126
-0.00128
-0.00131
-0.00134
-0.00136
-0.00138
-0.0014
-0.00141
-0.00145
-0.00145
-0.00148
-0.00148
-0.00151
-0.00151
-0.00154
-0.00154
-0.00155
-0.00157
-0.00158
-0.0016
-0.0016
-0.00161
-0.00162
-0.00163
-0.00166
-0.00166
-0.00167
-0.00168
-0.0017
-0.00171
-0.00174
-0.00174
-0.00177
-0.00178
-0.00181
-0.00183
-0.00185
-0.00187
-0.00189
-0.00191
-0.00194
-0.00195
-0.00199
-0.002
-0.00203
-0.00204
-0.00207
-0.00208
-0.0021
-0.00212
-0.00213
-0.00215
-0.00216
-0.00217
-0.00217
-0.00217
-0.00219
-0.00218
-0.00219
-0.00218
-0.00218
-0.00218
-0.00218
-0.00217
-0.00217
-0.00217
-0.00217
-0.00217
-0.00216
-0.00215
-0.00215
-0.00215
-0.00217
-0.00216
-0.00217
-0.00217
-0.00218
-0.00218
-0.00221
-0.0022
-0.00222
-0.00223
-0.00224
-0.00226
-0.00226
-0.00227
-0.00228
-0.00228
-0.00229
-0.00229
-0.0023
-0.00229
-0.0023
-0.00229
-0.00229
-0.00227
-0.00227
-0.00226
-0.00224
-0.00223
-0.00221
-0.00218
-0.00215
-0.00212
-0.00211
-0.00207
-0.00205
-0.002
-0.00198
-0.00194
-0.00192
-0.00187
-0.00183
-0.0018
-0.00176
-0.00172
-0.00167
-0.00162
-0.00158
-0.00151
-0.00148
-0.00141
-0.00136
-0.00129
-0.00123
-0.00116
-0.0011
-0.00101
-0.00094
-0.00086
-0.00078
-0.0007
-0.0006
-0.0005
-0.00041
-0.00031
-0.00022
-0.00011
-1e-05
0.0001
0.0002
0.00031
0.0004
0.00052
0.00062
0.00072
0.00083
0.00092
0.00102
0.00112
0.00122
0.00133
0.0014
0.0015
0.00158
0.00168
0.00176
0.00185
0.00192
0.00202
0.00208
0.00216
0.00223
0.00231
0.00238
0.00246
0.00253
0.0026
0.00266
0.00273
0.00278
0.00286
0.00291
0.00297
0.00301
0.00308
0.00312
0.00316
0.00319
0.00323
0.00326
0.00329
0.00331
0.00333
0.00333
0.00335
0.00334
0.00335
0.00333
0.00332
0.00329
0.00328
0.00325
0.00322
0.00318
0.00314
0.0031
0.00306
0.00302
0.00298
0.00291
0.00287
0.00281
0.00277
0.0027
0.00265
0.00258
0.00254
0.00248
0.00242
0.00236
0.0023
0.00224
0.00218
0.00213
0.00207
0.002
0.00195
0.00189
0.00184
0.00177
0.00172
0.00166
0.00162
0.00156
0.0015
0.00145
0.0014
0.00135
0.00131
0.00127
0.00124
0.00119
0.00117
0.00113
0.00112
0.00108
0.00107
0.00104
0.00104
0.00103
0.00103
0.00102
0.00102
0.00102
0.00103
0.00103
0.00105
0.00104
0.00106
0.00106
0.00108
0.00107
0.00108
0.00107
0.00108
0.00107
0.00107
0.00106
0.00103
0.00102
0.00101
0.00098
0.00096
0.00092
0.00089
0.00084
0.00081
0.00076
0.00072
0.00067
0.00063
0.00058
0.00053
0.00048
0.00043
0.00038
0.00034
0.00029
0.00025
0.00019
0.00015
0.0001
6e-05
0.0
-4e-05
-9e-05
-0.00013
-0.00018
-0.00023
-0.00029
-0.00034
-0.00039
-0.00044
-0.0005
-0.00056
-0.00063
-0.00069
-0.00077
-0.00083
-0.00092
-0.00099
-0.00108
-0.00115
-0.00124
-0.00133
-0.00143
-0.00151
-0.0016
-0.00169
-0.00178
-0.00187
-0.00198
-0.00205
-0.00215
-0.00223
-0.00232
-0.0024
-0.0025
-0.00256
-0.00265
-0.00272
-0.0028
-0.00287
-0.00294
-0.003
-0.00307
-0.00313
-0.0032
-0.00325
-0.00332
-0.00336
-0.00342
-0.00347
-0.00353
-0.00357
-0.00362
-0.00366
-0.00371
-0.00375
-0.00379
-0.00382
-0.00385
-0.00387
-0.00391
-0.00392
-0.00393
-0.00393
-0.00394
-0.00393
-0.00393
-0.0039
-0.00388
-0.00385
-0.00381
-0.00377
-0.0037
-0.00364
-0.00357
-0.00348
-0.00341
-0.0033
-0.00321
-0.00309
-0.00299
-0.00286
-0.00274
-0.0026
-0.00247
-0.00234
-0.00221
-0.00207
-0.00192
-0.00177
-0.00163
-0.00148
-0.00135
-0.00119
-0.00105
-0.0009
-0.00078
-0.00063
-0.00051
-0.00036
-0.00024
-0.00012
0.0
0.00012
0.00024
0.00036
0.00047
0.00058
0.00068
0.0008
0.00089
0.00101
0.00109
0.0012
0.00129
0.00139
0.00148
0.00158
0.00167
0.00176
0.00186
0.00195
0.00205
0.00215
0.00223
0.00234
0.00243
0.00253
0.00262
0.00272
0.0028
0.00291
0.003
0.0031
0.00319
0.00329
0.00339
0.00349
0.00358
0.00368
0.00377
0.00387
0.00395
0.00406
0.00414
0.00423
0.00431
0.00441
0.00448
0.00456
0.00464
0.00472
0.0048
0.00488
0.00496
0.00503
0.0051
0.00517
0.00524
0.00532
0.00538
0.00546
0.00552
0.0056
0.00567
0.00574
0.00581
0.00589
0.00597
0.00605
0.00613
0.00622
0.0063
0.0064
0.00649
0.00659
0.00668
0.0068
0.00689
0.00702
0.00713
0.00725
0.00737
0.0075
0.00764
0.00778
0.00792
0.00808
0.00822
0.00839
0.00854
0.00872
0.00888
0.00906
0.00924
0.00945
0.00964
0.00983
0.01004
0.01025
0.01047
0.0107
0.01093
0.01118
0.01141
0.01167
0.01192
0.0122
0.01245
0.01273
0.013
0.0133
0.01359
0.01389
0.01418
0.01449
0.01479
0.01511
0.01543
0.01576
0.01607
0.01641
0.01673
0.01708
0.01741
0.01775
0.01809
0.01845
0.01879
0.01914
0.0195
0.01986
0.02022
0.02059
0.02096
0.02135
0.02172
0.02211
0.0225
0.02291
0.0233
0.02372
0.02413
0.02456
0.02499
0.02542
0.02586
0.0263
0.02676
0.02722
0.02769
0.02816
0.02862
0.02911
0.02958
0.03008
0.03056
0.03105
0.03154
0.03204
0.03252
0.03301
0.0335
0.03398
0.03447
0.03495
0.03543
0.03591
0.03637
0.03684
0.03729
0.03776
0.0382
0.03865
0.03908
0.03953
0.03996
0.04039
0.04081
0.04122
0.04164
0.04205
0.04246
0.04287
0.04326
0.04366
0.04405
0.04446
0.04484
0.04523
0.04561
0.046
0.04638
0.04676
0.04713
0.0475
0.04787
0.04823
0.04859
0.04896
0.0493
0.04965
0.04998
0.05033
0.05065
0.05098
0.05129
0.05161
0.05191
0.05221
0.05249
0.05277
0.05305
0.05332
0.05357
0.05383
0.05407
0.05432
0.05455
0.05478
0.05499
0.05521
0.05542
0.05563
0.05583
0.05602
0.0562
0.05639
0.05657
0.05675
0.05691
0.05708
0.05723
0.0574
0.05754
0.05769
0.05783
0.05797
0.0581
0.05823
0.05835
0.05846
0.05857
0.05867
0.05877
0.05886
0.05894
0.05902
0.05909
0.05916
0.05921
0.05927
0.05931
0.05935
0.05938
0.05941
0.05943
0.05945
0.05946
0.05947
0.05947
0.05947
0.05947
0.05947
0.05945
0.05945
0.05942
0.05942
0.05939
0.05937
0.05935
0.05933
0.05931
0.05928
0.05925
0.05922
0.05919
0.05916
0.05913
0.0591
0.05906
0.05903
0.05899
0.05896
0.05891
0.05887
0.05882
0.05878
0.05873
0.05869
0.05863
0.05858
0.05853
0.05848
0.05842
0.05837
0.05831
0.05825
0.05819
0.05813
0.05806
0.05801
0.05794
0.05789
0.05782
0.05776
0.05768
0.05762
0.05755
0.05748
0.0574
0.05734
0.05725
0.05717
0.05708
0.057
0.05691
0.05682
0.05672
0.05663
0.05652
0.05641
0.0563
0.05618
0.05606
0.05594
0.05581
0.05569
0.05553
0.0554
0.05525
0.05511
0.05495
0.0548
0.05464
0.05448
0.05432
0.05415
0.05398
0.05381
0.05364
0.05346
0.05328
0.05311
0.05292
0.05274
0.05255
0.05237
0.05217
0.05199
0.05178
0.0516
0.0514
0.0512
0.05099
0.05078
0.05057
0.05036
0.05014
0.04993
0.04969
0.04947
0.04924
0.04901
0.04877
0.04854
0.04829
0.04806
0.04781
0.04755
0.0473
0.04705
0.0468
0.04654
0.04628
0.04603
0.04576
0.0455
0.04524
0.04498
0.0447
0.04444
0.04417
0.04392
0.04365
0.04338
0.04311
0.04283
0.04257
0.0423
0.04203
0.04176
0.04147
0.04121
0.04093
0.04066
0.04037
0.04009
0.0398
0.03953
0.03924
0.03896
0.03867
0.03838
0.0381
0.03782
0.03753
0.03725
0.03696
0.03668
0.0364
0.03612
0.03583
0.03556
0.03528
0.03502
0.03474
0.03447
0.03421
0.03394
0.03369
0.03343
0.03317
0.03293
0.03267
0.03243
0.03219
0.03195
0.0317
0.03147
0.03123
0.031
0.03076
0.03053
0.0303
0.03006
0.02984
0.02961
0.02937
0.02915
0.02891
0.02868
0.02845
0.02823
0.02799
0.02776
0.02753
0.0273
0.02707
0.02684
0.02661
0.02637
0.02615
0.02592
0.02569
0.02547
0.02523
0.02501
0.02478
0.02457
0.02434
0.02412
0.0239
0.02369
0.02347
0.02325
0.02303
0.02281
0.0226
0.02239
0.02219
0.02198
0.02176
0.02156
0.02136
0.02116
0.02095
0.02076
0.02055
0.02037
0.02018
0.01999
0.01979
0.01961
0.01943
0.01926
0.01908
0.01892
0.01874
0.01858
0.01842
0.01827
0.01811
0.01797
0.01781
0.01768
0.01753
0.01739
0.01726
0.01712
0.01699
0.01687
0.01674
0.01661
0.01647
0.01635
0.01621
0.0161
0.01595
0.01583
0.01568
0.01555
0.01541
0.01526
0.01511
0.01496
0.01481
0.01465
0.01449
0.01433
0.01415
0.014
0.01382
0.01366
0.01348
0.01331
0.01312
0.01296
0.01278
0.0126
0.01243
0.01225
0.01208
0.01192
0.01175
0.0116
0.01142
0.01128
0.01111
0.01097
0.01082
0.01068
0.01052
0.01039
0.01025
0.01012
0.00998
0.00985
0.00972
0.0096
0.00947
0.00934
0.0092
0.00909
0.00895
0.00883
0.00869
0.00856
0.00842
0.0083
0.00815
0.00801
0.00787
0.00773
0.00759
0.00745
0.00731
0.00717
0.00702
0.00689
0.00674
0.00661
0.00647
0.00634
0.0062
0.00609
0.00596
0.00584
0.00573
0.00561
0.00551
0.00541
0.0053
0.00522
0.00511
0.00504
0.00495
0.00488
0.00479
0.00473
0.00464
0.00459
0.00451
0.00445
0.00437
0.00431
0.00424
0.00418
0.00412
0.00406
0.00399
0.00393
0.00386
0.0038
0.00372
0.00367
0.00359
0.00354
0.00346
0.0034
0.00333
0.00327
0.00321
0.00315
0.00309
0.00305
0.00298
0.00294
0.00289
0.00285
0.0028
0.00277
0.00272
0.00271
0.00267
0.00264
0.00261
0.00258
0.00257
0.00255
0.00253
0.00252
0.00249
0.00248
0.00245
0.00245
0.00241
0.0024
0.00237
0.00236
0.00234
0.00231
0.00228
0.00225
0.00223
0.0022
0.00217
0.00215
0.00211
0.00209
0.00205
0.00204
0.002
0.00199
0.00195
0.00195
0.00192
0.00191
0.00189
0.00188
0.00187
0.00187
0.00187
0.00189
0.00188
0.0019
0.0019
0.00193
0.00193
0.00195
0.00196
0.00199
0.002
0.00203
0.00204
0.00205
0.00207
0.00209
0.00211
0.00212
0.00212
0.00213
0.00213
0.00213
0.00212
0.00212
0.0021
0.0021
0.00208
0.00206
0.00204
0.00201
0.00199
0.00197
0.00194
0.00192
0.00187
0.00186
0.00182
0.0018
0.00176
0.00173
0.0017
0.00168
0.00164
0.00162
0.00159
0.00156
0.00153
0.00151
0.00149
0.00147
0.00143
0.00142
0.00139
0.00138
0.00135
0.00133
0.0013
0.00129
0.00126
0.00123
0.00121
0.00118
0.00116
0.00114
0.00112
0.0011
0.00107
0.00106
0.00103
0.00102
0.00099
0.00098
0.00096
0.00096
0.00094
0.00094
0.00093
0.00093
0.00093
0.00094
0.00095
0.00097
0.00097
0.00099
0.001
0.00103
0.00104
0.00108
0.00109
0.00114
0.00117
0.0012
0.00124
0.00127
0.00131
0.00135
0.0014
0.00145
0.00148
0.00153
0.00157
0.00163
0.00167
0.00172
0.00176
0.00182
0.00187
0.00192
0.00197
0.00202
0.00208
0.00214
0.00219
0.00226
0.0023
0.00236
0.00241
0.00248
0.00253
0.00259
0.00264
0.00271
0.00275
0.0028
0.00285
0.0029
0.00295
0.00299
0.00304
0.00308
0.0031
0.00314
0.00317
0.00321
0.00322
0.00324
0.00324
0.00327
0.00327
0.00328
0.00328
0.00327
0.00327
0.00327
0.00326
0.00326
0.00323
0.00323
0.00321
0.0032
0.00317
0.00316
0.00313
0.00313
0.0031
0.00309
0.00307
0.00305
0.00304
0.00303
0.00301
0.00301
0.00299
0.00299
0.00298
0.00298
0.00296
0.00296
0.00295
0.00295
0.00294
0.00294
0.00292
0.00292
0.00291
0.00291
0.0029
0.0029
0.00288
0.00287
0.00286
0.00285
0.00283
0.00282
0.00279
0.00278
0.00276
0.00273
0.00271
0.00268
0.00266
0.00264
0.00262
0.00259
0.00256
0.00254
0.00251
0.0025
0.00248
0.00246
0.00244
0.00244
0.00243
0.00243
0.00242
0.00242
0.00243
0.00245
0.00247
0.0025
0.00251
0.00256
0.00259
0.00264
0.00268
0.00274
0.0028
0.00287
0.00294
0.00301
0.00308
0.00316
0.00324
0.00333
0.00342
0.00352
0.00359
0.00369
0.00378
0.00388
0.00396
0.00406
0.00414
0.00425
0.00433
0.00442
0.00451
0.00459
0.00468
0.00477
0.00484
0.00493
0.005
0.0051
0.00517
0.00526
0.00533
0.00542
0.00548
0.00558
0.00565
0.00573
0.0058
0.00588
0.00597
0.00604
0.00612
0.00621
0.00627
0.00635
0.00642
0.0065
0.00656
0.00662
0.00667
0.00675
0.00679
0.00684
0.00688
0.00691
0.00694
0.00697
0.00699
0.00701
0.00701
0.00702
0.00702
0.00702
0.007
0.00699
0.00697
0.00696
0.00693
0.0069
0.00688
0.00684
0.00682
0.00679
0.00676
0.00674
0.0067
0.00668
0.00665
0.00663
0.0066
0.00658
0.00655
0.00654
0.00651
0.00649
0.00647
0.00644
0.00642
0.00639
0.00636
0.00634
0.00629
0.00626
0.0062
0.00616
0.0061
0.00604
0.00597
0.00591
0.00583
0.00574
0.00565
0.00555
0.00544
0.00534
0.00523
0.00512
0.00498
0.00487
0.00473
0.00461
0.00446
0.00433
0.00418
0.00406
0.00391
0.00377
0.00362
0.00348
0.00334
0.00321
0.00306
0.00294
0.00278
0.00266
0.00251
0.0024
0.00225
0.00213
0.00199
0.00187
0.00175
0.00162
0.00149
0.00136
0.00125
0.00113
0.00101
0.0009
0.00077
0.00067
0.00055
0.00045
0.00033
0.00023
0.00012
3e-05
-7e-05
-0.00017
-0.00026
-0.00035
-0.00043
-0.0005
-0.00058
-0.00064
-0.00072
-0.00078
-0.00084
-0.00089
-0.00095
-0.00099
-0.00105
-0.00108
-0.00112
-0.00116
-0.0012
-0.00124
-0.00127
-0.0013
-0.00133
-0.00135
-0.0014
-0.00143
-0.00146
-0.00149
-0.00153
-0.00156
-0.00161
-0.00163
-0.00168
-0.00172
-0.00177
-0.00182
-0.00186
-0.0019
-0.00195
-0.00199
-0.00205
-0.00208
-0.00214
-0.00217
-0.00223
-0.00227
-0.00232
-0.00235
-0.0024
-0.00244
-0.00248
-0.00252
-0.00255
-0.00258
-0.00261
-0.00264
-0.00269
-0.00271
-0.00274
-0.00277
-0.00281
-0.00283
-0.00287
-0.00288
-0.00292
-0.00295
-0.00299
-0.00302
-0.00306
-0.00309
-0.00313
-0.00315
-0.0032
-0.00323
-0.00328
-0.00331
-0.00336
-0.00339
-0.00345
-0.00347
-0.00351
-0.00355
-0.00359
-0.00362
-0.00365
-0.00367
-0.00369
-0.0037
-0.00373
-0.00373
-0.00375
-0.00374
-0.00374
-0.00373
-0.00373
-0.00369
-0.00368
-0.00365
-0.00362
-0.00358
-0.00354
-0.00348
-0.00343
-0.00337
-0.00332
-0.00325
-0.00319
-0.00311
-0.00305
-0.00297
-0.00291
-0.00282
-0.00275
-0.00268
-0.0026
-0.00253
-0.00245
-0.00237
-0.0023
-0.00222
-0.00216
-0.00208
-0.00202
-0.00194
-0.00189
-0.00181
-0.00176
-0.00168
-0.00162
-0.00155
-0.0015
-0.00144
-0.00137
-0.0013
-0.00123
-0.00116
-0.00111
-0.00103
-0.00096
-0.00089
-0.00082
-0.00074
-0.00067
-0.00058
-0.00051
-0.00043
-0.00035
-0.00026
-0.00017
-8e-05
1e-05
0.0001
0.00018
0.00028
0.00037
0.00047
0.00055
0.00065
0.00072
0.00083
0.00091
0.00099
0.00107
0.00115
0.00122
0.0013
0.00137
0.00144
0.00149
0.00156
0.00161
0.00167
0.0017
0.00175
0.00177
0.00182
0.00184
0.00186
0.00187
0.00189
0.0019
0.00191
0.00191
0.00191
0.00189
0.00189
0.00187
0.00187
0.00184
0.00182
0.00179
0.00178
0.00175
0.00172
0.00168
0.00164
0.00162
0.00159
0.00156
0.00152
0.00147
0.00145
0.0014
0.00138
0.00133
0.0013
0.00125
0.00122
0.00117
0.00113
0.00109
0.00105
0.00102
0.00098
0.00094
0.00092
0.00086
0.00084
0.0008
0.00077
0.00073
0.00071
0.00067
0.00066
0.00062
0.0006
0.00058
0.00056
0.00055
0.00054
0.00053
0.00053
0.00052
0.00053
0.00053
0.00054
0.00054
0.00056
0.00057
0.0006
0.00061
0.00063
0.00066
0.00068
0.00071
0.00075
0.00077
0.00081
0.00083
0.00088
0.0009
0.00094
0.00097
0.00101
0.00103
0.00107
0.00109
0.00113
0.00116
0.00118
0.00122
0.00125
0.00128
0.00132
0.00134
0.00138
0.0014
0.00145
0.00148
0.00152
0.00155
0.00161
0.00164
0.00169
0.00173
0.00178
0.00183
0.00189
0.00194
0.002
0.00205
0.00212
0.00217
0.00225
0.0023
0.00236
0.00242
0.0025
0.00255
0.00262
0.00267
0.00273
0.0028
0.00286
0.00292
0.00299
0.00304
0.0031
0.00315
0.00322
0.00327
0.00333
0.00338
0.00345
0.0035
0.00356
0.00361
0.00367
0.00373
0.00379
0.00384
0.00391
0.00395
0.00402
0.00406
0.00413
0.00416
0.00422
0.00425
0.00431
0.00434
0.00437
0.0044
0.00442
0.00444
0.00446
0.00447
0.00447
0.00446
0.00445
0.00443
0.00441
0.00437
0.00434
0.00429
0.00425
0.00419
0.00413
0.00406
0.00399
0.00391
0.00384
0.00376
0.00369
0.00359
0.00352
0.00343
0.00336
0.00326
0.00319
0.0031
0.00303
0.00295
0.00288
0.0028
0.00273
0.00267
0.00261
0.00255
0.0025
0.00243
0.00239
0.00233
0.00229
0.00223
0.00219
0.00213
0.0021
0.00205
0.002
0.00195
0.00191
0.00186
0.00182
0.00177
0.00173
0.00167
0.00163
0.00158
0.00154
0.00148
0.00143
0.00137
0.00133
0.00127
0.00122
0.00117
0.00112
0.00107
0.00103
0.00098
0.00094
0.00088
0.00085
0.0008
0.00077
0.00072
0.00069
0.00064
0.00062
0.00058
0.00054
0.00051
0.00047
0.00045
0.00042
0.00039
0.00037
0.00033
0.00031
0.00028
0.00026
0.00022
0.0002
0.00016
0.00015
0.00012
0.0001
7e-05
4e-05
2e-05
0.0
-2e-05
-4e-05
-7e-05
-8e-05
-0.00011
-0.00012
-0.00015
-0.00016
-0.00018
-0.00018
-0.00021
-0.00022
-0.00024
-0.00025
-0.00026
-0.00027
-0.00029
-0.00029
-0.00032
-0.00032
-0.00034
-0.00035
-0.00038
-0.00039
-0.00041
-0.00042
-0.00045
-0.00048
-0.0005
-0.00054
-0.00056
-0.00059
-0.00063
-0.00066
-0.00071
-0.00073
-0.00079
-0.00082
-0.00088
-0.00092
-0.00098
-0.00102
-0.00108
-0.00113
-0.00119
-0.00125
-0.0013
-0.00136
-0.00141
-0.00147
-0.00154
-0.00159
-0.00166
-0.00171
-0.00178
-0.00184
-0.00191
-0.00196
-0.00204
-0.0021
-0.00217
-0.00224
-0.0023
-0.00237
-0.00243
-0.00249
-0.00257
-0.00263
-0.0027
-0.00276
-0.00283
-0.00288
-0.00296
-0.003
-0.00307
-0.00313
-0.00318
-0.00323
-0.00328
-0.00332
-0.00336
-0.00339
-0.00343
-0.00345
-0.00348
-0.00348
-0.00351
-0.00351
-0.00352
-0.0035
-0.0035
-0.00348
-0.00346
-0.00344
-0.00341
-0.00337
-0.00333
-0.00328
-0.00324
-0.00318
-0.00313
-0.00306
-0.00302
-0.00295
-0.0029
-0.00282
-0.00276
-0.00269
-0.00263
-0.00257
-0.0025
-0.00244
-0.00237
-0.0023
-0.00226
-0.00218
-0.00213
-0.00206
-0.00201
-0.00195
-0.0019
-0.00183
-0.00178
-0.00172
-0.00167
-0.00162
-0.00156
-0.0015
-0.00144
-0.00137
-0.00133
-0.00126
-0.0012
-0.00113
-0.00108
-0.001
-0.00095
-0.00086
-0.0008
-0.00073
-0.00067
-0.0006
-0.00053
-0.00045
-0.00038
-0.0003
-0.00024
-0.00015
-8e-05
0.0
6e-05
0.00014
0.0002
0.00029
0.00036
0.00043
0.0005
0.00057
0.00065
0.00072
0.00079
0.00087
0.00093
0.00101
0.00108
0.00116
0.00122
0.0013
0.00136
0.00145
0.00151
0.00158
0.00164
0.00171
0.00178
0.00185
0.00191
0.00198
0.00203
0.0021
0.00214
0.00221
0.00225
0.0023
0.00233
0.00238
0.00241
0.00244
0.00246
0.00248
0.0025
0.00251
0.00252
0.00253
0.00252
0.00253
0.00252
0.00252
0.0025
0.00249
0.00246
0.00246
0.00244
0.00241
0.00239
0.00236
0.00235
0.00232
0.0023
0.00228
0.00225
0.00223
0.00221
0.00219
0.00216
0.00214
0.00211
0.00209
0.00207
0.00204
0.002
0.00197
0.00194
0.00191
0.00187
0.00184
0.00178
0.00174
0.00168
0.00163
0.00156
0.0015
0.00143
0.00136
0.00128
0.0012
0.00111
0.00101
0.00092
0.00083
0.00073
0.00063
0.00052
0.00042
0.00031
0.00021
0.0001
-1e-05
-0.00012
-0.00021
-0.00032
-0.00042
-0.00052
-0.00062
-0.00071
-0.0008
-0.00089
-0.00096
-0.00107
-0.00113
-0.00122
-0.00128
-0.00136
-0.00143
-0.0015
-0.00155
-0.00163
-0.00169
-0.00176
-0.00182
-0.00187
-0.00192
-0.00198
-0.00203
-0.0021
-0.00214
-0.0022
-0.00224
-0.00229
-0.00233
-0.00238
-0.00241
-0.00245
-0.00249
-0.00251
-0.00254
-0.00255
-0.00256
-0.00257
-0.00256
-0.00256
-0.00254
-0.00252
-0.00249
-0.00246
-0.00241
-0.00237
-0.00229
-0.00223
-0.00215
-0.00208
-0.00199
-0.0019
-0.00179
-0.00168
-0.00157
-0.00147
-0.00134
-0.00122
-0.00109
-0.00097
-0.00084
-0.00072
-0.00058
-0.00045
-0.00032
-0.0002
-8e-05
5e-05
0.00018
0.0003
0.00043
0.00053
0.00065
0.00076
0.00088
0.00098
0.00108
0.00117
0.00129
0.00138
0.00147
0.00156
0.00164
0.00173
0.00182
0.0019
0.00199
0.00205
0.00214
0.00221
0.00228
0.00234
0.00241
0.00245
0.00253
0.00257
0.00262
0.00266
0.00269
0.00272
0.00276
0.00278
0.0028
0.0028
0.00282
0.00281
0.00282
0.0028
0.00278
0.00275
0.00273
0.00269
0.00266
0.00261
0.00255
0.0025
0.00245
0.00239
0.00233
0.00225
0.00218
0.00211
0.00204
0.00194
0.00187
0.00177
0.0017
0.00161
0.00152
0.00142
0.00133
0.00124
0.00114
0.00104
0.00095
0.00084
0.00075
0.00063
0.00054
0.00042
0.00032
0.0002
9e-05
-3e-05
-0.00016
-0.00028
-0.00041
-0.00054
-0.00067
-0.00081
-0.00094
-0.00109
-0.00123
-0.00138
-0.00152
-0.00168
-0.00182
-0.00199
-0.00213
-0.00229
-0.00244
-0.0026
-0.00275
-0.0029
-0.00304
-0.00318
-0.00331
-0.00346
-0.00358
-0.00371
-0.00383
-0.00396
-0.00406
-0.00417
-0.00425
-0.00435
-0.00444
-0.00452
-0.00459
-0.00465
-0.0047
-0.00475
-0.00479
-0.00483
-0.00485
-0.00487
-0.00487
-0.00489
-0.00488
-0.00488
-0.00484
-0.00482
-0.00479
-0.00475
-0.00471
-0.00465
-0.00458
-0.00452
-0.00443
-0.00436
-0.00426
-0.00417
-0.00406
-0.00396
-0.00384
-0.00373
-0.00359
-0.00346
-0.00332
-0.00319
-0.00304
-0.00289
-0.00273
-0.00258
-0.00241
-0.00227
-0.00209
-0.00194
-0.00177
-0.00162
-0.00145
-0.0013
-0.00113
-0.00099
-0.00084
-0.0007
-0.00056
-0.00041
-0.00027
-0.00015
-1e-05
0.0001
0.00022
0.00033
0.00044
0.00054
0.00065
0.00073
0.00084
0.00092
0.00101
0.00108
0.00116
0.00125
0.00133
0.0014
0.00149
0.00155
0.00163
0.0017
0.00178
0.00184
0.00192
0.00198
0.00207
0.00213
0.00219
0.00226
0.00231
0.00238
0.00244
0.0025
0.00257
0.0026
0.00266
0.0027
0.00275
0.00278
0.00282
0.00284
0.00288
0.0029
0.00292
0.00294
0.00295
0.00296
0.00297
0.00298
0.00299
0.00298
0.00299
0.00299
0.003
0.00299
0.003
0.00299
0.003
0.003
0.003
0.003
0.003
0.00301
0.00303
0.00303
0.00305
0.00305
0.00307
0.00308
0.0031
0.0031
0.00312
0.00312
0.00315
0.00315
0.00317
0.00318
0.00318
0.00319
0.00321
0.00321
0.00322
0.00321
0.00322
0.00322
0.00323
0.00322
0.00322
0.00321
0.00322
0.0032
0.00319
0.00318
0.00317
0.00317
0.00316
0.00314
0.00314
0.00311
0.00311
0.00309
0.00308
0.00305
0.00304
0.003
0.00299
0.00296
0.00293
0.0029
0.00286
0.00282
0.00279
0.00275
0.00271
0.00266
0.00262
0.00256
0.00251
0.00245
0.0024
0.00234
0.00229
0.00222
0.00216
0.0021
0.00203
0.00198
0.00191
0.00185
0.0018
0.00173
0.00168
0.00162
0.00157
0.0015
0.00145
0.00139
0.00135
0.0013
0.00125
0.00119
0.00114
0.00109
0.00105
0.001
0.00095
0.00089
0.00085
0.0008
0.00075
0.00069
0.00065
0.00058
0.00053
0.00047
0.00041
0.00034
0.00028
0.00021
0.00015
8e-05
2e-05
-7e-05
-0.00013
-0.00021
-0.00027
-0.00036
-0.00043
-0.00052
-0.00059
-0.00068
-0.00076
-0.00085
-0.00094
-0.00102
-0.00111
-0.00119
-0.00127
-0.00137
-0.00146
-0.00155
-0.00164
-0.00174
-0.00182
-0.00193
-0.00201
-0.00211
-0.00221
-0.0023
-0.0024
-0.00249
-0.00258
-0.00267
-0.00275
-0.00286
-0.00293
-0.00302
-0.0031
-0.0032
-0.00327
-0.00336
-0.00343
-0.00351
-0.00359
-0.00366
-0.00374
-0.00381
-0.00387
-0.00394
-0.004
-0.00408
-0.00413
-0.0042
-0.00425
-0.00432
-0.00437
-0.00444
-0.00448
-0.00455
-0.00461
-0.00466
-0.00473
-0.00478
-0.00482
-0.00488
-0.00492
-0.00498
-0.00502
-0.00507
-0.00511
-0.00516
-0.0052
-0.00525
-0.00528
-0.00531
-0.00535
-0.00538
-0.00542
-0.00544
-0.00546
-0.00548
-0.00549
-0.00552
-0.00553
-0.00555
-0.00555
-0.00557
-0.00557
-0.00559
-0.00558
-0.00559
-0.00559
-0.0056
-0.00561
-0.0056
-0.0056
-0.00559
-0.00559
-0.0056
-0.00558
-0.00558
-0.00557
-0.00557
-0.00555
-0.00554
-0.00552
-0.00551
-0.00548
-0.00546
-0.00544
-0.0054
-0.00536
-0.00533
-0.00528
-0.00525
-0.00519
-0.00514
-0.00507
-0.00502
-0.00496
-0.0049
-0.00481
-0.00475
-0.00468
-0.00461
-0.00453
-0.00445
-0.00437
-0.00429
-0.0042
-0.00413
-0.00404
-0.00397
-0.00388
-0.00382
-0.00373
-0.00366
-0.00358
-0.00351
-0.00344
-0.00337
-0.00331
-0.00324
-0.00316
-0.0031
-0.00302
-0.00296
-0.00288
-0.00282
-0.00273
-0.00267
-0.00259
-0.00252
-0.00242
-0.00235
-0.00226
-0.00217
-0.00208
-0.00197
-0.00187
-0.00176
-0.00164
-0.00154
-0.00142
-0.00131
-0.00117
-0.00106
-0.00093
-0.00081
-0.00067
-0.00055
-0.00042
-0.00029
-0.00017
-4e-05
0.0001
0.00022
0.00034
0.00045
0.00057
0.00068
0.0008
0.00089
0.00099
0.00108
0.00118
0.00126
0.00134
0.0014
0.00147
0.00154
0.0016
0.00165
0.00171
0.00174
0.00179
0.00182
0.00186
0.00187
0.00191
0.00192
0.00195
0.00196
0.00198
0.00199
0.002
0.00202
0.00203
0.00204
0.00205
0.00205
0.00207
0.00207
0.00209
0.00209
0.0021
0.00209
0.00212
0.00212
0.00212
0.00212
0.00212
0.00212
0.00212
0.00212
0.00212
0.00209
0.00209
0.00207
0.00207
0.00204
0.00202
0.00198
0.00197
0.00193
0.0019
0.00186
0.00182
0.00178
0.00175
0.0017
0.00167
0.00161
0.00157
0.00152
0.00149
0.00144
0.00141
0.00136
0.00134
0.00131
0.00128
0.00125
0.00123
0.00122
0.00121
0.00121
0.00122
0.00121
0.00123
0.00124
0.00126
0.00128
0.00131
0.00134
0.00139
0.00142
0.00146
0.0015
0.00155
0.0016
0.00166
0.00171
0.00177
0.00181
0.00188
0.00193
0.00199
0.00204
0.00211
0.00215
0.00222
0.00227
0.00232
0.00237
0.00242
0.00248
0.00254
0.00259
0.00266
0.00269
0.00276
0.00281
0.00288
0.00293
0.003
0.00305
0.00314
0.0032
0.00327
0.00334
0.00341
0.0035
0.00358
0.00367
0.00376
0.00383
0.00393
0.00401
0.00411
0.0042
0.0043
0.00438
0.00449
0.00457
0.00466
0.00475
0.00484
0.00493
0.00502
0.0051
0.00518
0.00524
0.00532
0.00538
0.00545
0.0055
0.00556
0.0056
0.00566
0.00569
0.00573
0.00575
0.00578
0.0058
0.00582
0.00584
0.00585
0.00585
0.00587
0.00587
0.00588
0.00587
0.00587
0.00586
0.00587
0.00586
0.00585
0.00585
0.00584
0.00583
0.00583
0.00582
0.00582
0.0058
0.0058
0.00578
0.00578
0.00575
0.00574
0.0057
0.00569
0.00566
0.00562
0.00558
0.00554
0.00549
0.00544
0.00539
0.00533
0.00525
0.00519
0.0051
0.00502
0.00492
0.00483
0.00471
0.00462
0.0045
0.00439
0.00427
0.00414
0.00402
0.0039
0.00377
0.00365
0.00351
0.0034
0.00327
0.00315
0.00303
0.00291
0.00279
0.00269
0.00258
0.00248
0.00237
0.00227
0.00218
0.0021
0.00202
0.00194
0.00185
0.00179
0.00171
0.00164
0.00157
0.0015
0.00143
0.00138
0.00131
0.00125
0.00118
0.00112
0.00106
0.001
0.00094
0.00088
0.00081
0.00076
0.00069
0.00063
0.00057
0.00051
0.00044
0.0004
0.00033
0.00028
0.00022
0.00016
0.00012
7e-05
3e-05
-1e-05
-7e-05
-9e-05
-0.00014
-0.00016
-0.00021
-0.00024
-0.00027
-0.00029
-0.00032
-0.00035
-0.00039
-0.00042
-0.00044
-0.00047
-0.0005
-0.00052
-0.00057
-0.00059
-0.00063
-0.00065
-0.00069
-0.00072
-0.00076
-0.00079
-0.00082
-0.00086
-0.0009
-0.00094
-0.00096
-0.00099
-0.00102
-0.00104
-0.00108
-0.00109
-0.00112
-0.00112
-0.00114
-0.00115
-0.00117
-0.00116
-0.00117
-0.00117
-0.00117
-0.00117
-0.00116
-0.00114
-0.00113
-0.00112
-0.00112
-0.0011
-0.0011
-0.00108
-0.00108
-0.00107
-0.00107
-0.00105
-0.00105
-0.00105
-0.00105
-0.00106
-0.00106
-0.00106
-0.00107
-0.00107
-0.00109
-0.00108
-0.0011
-0.00109
-0.00111
-0.00111
-0.00113
-0.00112
-0.00113
-0.00112
-0.00112
-0.00112
-0.00111
-0.00109
-0.00108
-0.00105
-0.00104
-0.001
-0.00098
-0.00093
-0.00091
-0.00086
-0.00082
-0.00076
-0.00071
-0.00066
-0.00061
-0.00054
-0.00048
-0.00041
-0.00034
-0.00026
-0.0002
-0.00011
-3e-05
6e-05
0.00014
0.00024
0.00031
0.00042
0.00051
0.00061
0.00071
0.00081
0.00092
0.00102
0.00113
0.00125
0.00135
0.00147
0.00158
0.0017
0.0018
0.00193
0.00203
0.00216
0.00226
0.00237
0.00248
0.00259
0.00269
0.0028
0.0029
0.00301
0.00309
0.00319
0.00328
0.00337
0.00345
0.00353
0.00359
0.00368
0.00374
0.00381
0.00386
0.00392
0.00397
0.00403
0.00407
0.00413
0.00415
0.0042
0.00423
0.00427
0.00429
0.00432
0.00433
0.00436
0.00437
0.00438
0.00438
0.00438
0.00438
0.00438
0.00437
0.00437
0.00434
0.00433
0.0043
0.00428
0.00424
0.00422
0.00417
0.00414
0.0041
0.00405
0.004
0.00395
0.0039
0.00386
0.0038
0.00376
0.00369
0.00364
0.00358
0.00354
0.00347
0.00343
0.00336
0.00333
0.00327
0.00322
0.00316
0.00311
0.00306
0.00302
0.00297
0.00292
0.00286
0.00282
0.00277
0.00272
0.00266
0.00262
0.00255
0.00251
0.00244
0.00239
0.00232
0.00226
0.00219
0.00213
0.00207
0.00201
0.00193
0.00187
0.00179
0.00173
0.00165
0.00159
0.00151
0.00146
0.00138
0.00132
0.00125
0.00118
0.00113
0.00107
0.00102
0.00097
0.0009
0.00086
0.0008
0.00076
0.00071
0.00067
0.00062
0.00059
0.00054
0.00051
0.00046
0.00042
0.00039
0.00035
0.00032
0.00029
0.00024
0.00021
0.00017
0.00015
0.00011
8e-05
4e-05
3e-05
-1e-05
-3e-05
-6e-05
-8e-05
-0.0001
-0.00011
-0.00012
-0.00012
-0.00013
-0.00012
-0.00012
-0.0001
-9e-05
-6e-05
-4e-05
1e-05
3e-05
8e-05
0.00013
0.00018
0.00024
0.00031
0.00038
0.00046
0.00051
0.0006
0.00067
0.00076
0.00083
0.00092
0.00099
0.00108
0.00115
0.00123
0.0013
0.00137
0.00145
0.00152
0.00158
0.00166
0.0017
0.00177
0.00181
0.00187
0.00191
0.00196
0.002
0.00205
0.00209
0.00213
0.00216
0.00219
0.00222
0.00226
0.0023
0.00233
0.00235
0.00239
0.00241
0.00245
0.00247
0.00251
0.00253
0.00257
0.00259
0.00261
0.00263
0.00265
0.00267
0.00269
0.00271
0.00273
0.00273
0.00274
0.00274
0.00275
0.00273
0.00273
0.00271
0.00271
0.00268
0.00266
0.00263
0.0026
0.00257
0.00254
0.0025
0.00247
0.00241
0.00239
0.00234
0.0023
0.00224
0.0022
0.00214
0.00211
0.00205
0.002
0.00195
0.0019
0.00185
0.00181
0.00176
0.00171
0.00165
0.00161
0.00155
0.0015
0.00144
0.00139
0.00133
0.00128
0.00121
0.00115
0.00108
0.00102
0.00095
0.00089
0.00082
0.00076
0.00067
0.00061
0.00053
0.00047
0.00038
0.00031
0.00023
0.00017
0.0001
3e-05
-3e-05
-0.0001
-0.00016
-0.00021
-0.00026
-0.00031
-0.00036
-0.0004
-0.00044
-0.00047
-0.00051
-0.00053
-0.00057
-0.00058
-0.00061
-0.00062
-0.00064
-0.00066
-0.00067
-0.00068
-0.0007
-0.00071
-0.00073
-0.00074
-0.00077
-0.00078
-0.00082
-0.00084
-0.00088
-0.0009
-0.00095
-0.00099
-0.00104
-0.0011
-0.00116
-0.00121
-0.00127
-0.00134
-0.00142
-0.00148
-0.00157
-0.00163
-0.00173
-0.0018
-0.0019
-0.00196
-0.00205
-0.00214
-0.00223
-0.00231
-0.00239
-0.00246
-0.00254
-0.0026
-0.00269
-0.00275
-0.00282
-0.00287
-0.00295
-0.003
-0.00306
-0.0031
-0.00316
-0.0032
-0.00325
-0.00331
-0.00334
-0.00338
-0.00342
-0.00346
-0.00351
-0.00355
-0.00359
-0.00363
-0.00368
-0.00372
-0.00378
-0.00381
-0.00387
-0.00392
-0.00397
-0.00403
-0.00409
-0.00414
-0.00419
-0.00424
-0.00431
-0.00435
-0.00442
-0.00446
-0.00452
-0.00456
-0.00461
-0.00464
-0.00469
-0.00472
-0.00475
-0.00478
-0.00479
-0.00479
-0.00479
-0.00478
-0.00479
-0.00476
-0.00474
-0.0047
-0.00467
-0.00462
-0.00458
-0.00451
-0.00444
-0.00438
-0.0043
-0.00423
-0.00414
-0.00405
-0.00396
-0.00385
-0.00377
-0.00365
-0.00356
-0.00345
-0.00335
-0.00323
-0.00314
-0.00301
-0.00291
-0.00281
-0.0027
-0.0026
-0.00249
-0.00237
-0.00227
-0.00215
-0.00205
-0.00194
-0.00183
-0.00172
-0.00162
-0.0015
-0.0014
-0.00127
-0.00116
-0.00105
-0.00093
-0.00081
-0.00069
-0.00057
-0.00044
-0.00031
-0.00019
-6e-05
7e-05
0.00021
0.00033
0.00047
0.0006
0.00074
0.00087
0.001
0.00113
0.00126
0.00139
0.00152
0.00164
0.00177
0.00187
0.002
0.00211
0.00223
