5.1488272209727E+01

0.00305
0.00313
0.00323
0.0033
0.0034
0.00347
0.00354
0.00361
0.00368
0.00376
0.00382
0.00388
0.00395
0.00399
0.00405
0.00409
0.00414
0.00417
0.00421
0.00423
0.00427
0.00429
0.00431
0.00432
0.00433
0.00434
0.00435
0.00436
0.00436
0.00434
0.00435
0.00434
0.00434
0.00432
0.00432
0.00429
0.00429
0.00428
0.00426
0.00424
0.00423
0.00422
0.00421
0.0042
0.00419
0.00417
0.00418
0.00416
0.00416
0.00415
0.00416
0.00415
0.00416
0.00416
0.00417
0.00417
0.00418
0.00419
0.0042
0.00421
0.00423
0.00422
0.00424
0.00424
0.00425
0.00425
0.00426
0.00425
0.00427
0.00425
0.00425
0.00424
0.00423
0.00423
0.00422
0.0042
0.00419
0.00416
0.00415
0.00413
0.00412
0.00409
0.00407
0.00404
0.00404
0.00401
0.00399
0.00396
0.00394
0.00392
0.00391
0.0039
0.00388
0.00385
0.00384
0.00382
0.00382
0.00379
0.00378
0.00375
0.00374
0.00371
0.00368
0.00365
0.00361
0.00358
0.00354
0.0035
0.00345
0.00338
0.00333
0.00326
0.00321
0.00312
0.00304
0.00295
0.00287
0.00277
0.00267
0.00257
0.00246
0.00236
0.00226
0.00214
0.00204
0.00192
0.00182
0.00171
0.00161
0.0015
0.0014
0.0013
0.00122
0.00112
0.00103
0.00095
0.00087
0.0008
0.00074
0.00067
0.00062
0.00056
0.00052
0.00046
0.00043
0.00038
0.00035
0.0003
0.00028
0.00024
0.00021
0.00017
0.00014
0.00011
8e-05
5e-05
2e-05
-3e-05
-5e-05
-9e-05
-0.00012
-0.00017
-0.00021
-0.00026
-0.00029
-0.00034
-0.00039
-0.00044
-0.00049
-0.00053
-0.00057
-0.00062
-0.00066
-0.00072
-0.00076
-0.00081
-0.00084
-0.00089
-0.00093
-0.00098
-0.001
-0.00104
-0.00108
-0.00112
-0.00116
-0.00118
-0.00121
-0.00124
-0.00126
-0.0013
-0.00132
-0.00135
-0.00137
-0.00141
-0.00143
-0.00146
-0.00148
-0.0015
-0.00153
-0.00156
-0.00159
-0.0016
-0.00163
-0.00165
-0.00167
-0.0017
-0.00171
-0.00173
-0.00174
-0.00177
-0.00178
-0.0018
-0.0018
-0.00182
-0.00182
-0.00183
-0.00184
-0.00184
-0.00183
-0.00183
-0.00182
-0.00183
-0.00182
-0.00182
-0.0018
-0.0018
-0.00178
-0.00178
-0.00176
-0.00175
-0.00174
-0.00173
-0.00172
-0.00171
-0.0017
-0.00169
-0.00168
-0.00168
-0.00167
-0.00167
-0.00166
-0.00166
-0.00166
-0.00166
-0.00165
-0.00166
-0.00166
-0.00166
-0.00166
-0.00166
-0.00165
-0.00165
-0.00164
-0.00165
-0.00163
-0.00163
-0.00162
-0.00162
-0.0016
-0.00159
-0.00157
-0.00156
-0.00154
-0.00153
-0.00151
-0.00149
-0.00146
-0.00144
-0.00141
-0.0014
-0.00136
-0.00134
-0.00131
-0.0013
-0.00126
-0.00125
-0.00121
-0.0012
-0.00118
-0.00116
-0.00115
-0.00113
-0.00111
-0.00109
-0.00108
-0.00108
-0.00106
-0.00105
-0.00104
-0.00104
-0.00103
-0.00104
-0.00103
-0.00103
-0.00103
-0.00103
-0.00104
-0.00103
-0.00103
-0.00103
-0.00103
-0.00104
-0.00103
-0.00104
-0.00103
-0.00104
-0.00103
-0.00104
-0.00103
-0.00103
-0.00103
-0.00103
-0.00103
-0.00102
-0.001
-0.00099
-0.00098
-0.00098
-0.00096
-0.00096
-0.00093
-0.00093
-0.00091
-0.00091
-0.00088
-0.00087
-0.00085
-0.00084
-0.00082
-0.0008
-0.00078
-0.00076
-0.00073
-0.00072
-0.0007
-0.00068
-0.00064
-0.00063
-0.00061
-0.00059
-0.00056
-0.00054
-0.00052
-0.0005
-0.00048
-0.00045
-0.00042
-0.0004
-0.00036
-0.00035
-0.00032
-0.0003
-0.00027
-0.00026
-0.00022
-0.00021
-0.00017
-0.00016
-0.00014
-0.00012
-0.00011
-8e-05
-7e-05
-5e-05
-3e-05
-3e-05
-1e-05
-1e-05
1e-05
1e-05
1e-05
1e-05
2e-05
1e-05
0.0
-1e-05
-2e-05
-3e-05
-4e-05
-6e-05
-7e-05
-0.0001
-0.00011
-0.00014
-0.00015
-0.00018
-0.00021
-0.00024
-0.00026
-0.00029
-0.00032
-0.00035
-0.00039
-0.00041
-0.00044
-0.00048
-0.0005
-0.00055
-0.00057
-0.00061
-0.00063
-0.00067
-0.0007
-0.00075
-0.00076
-0.0008
-0.00084
-0.00087
-0.00091
-0.00094
-0.00096
-0.00099
-0.00102
-0.00107
-0.00108
-0.00112
-0.00113
-0.00117
-0.00119
-0.00122
-0.00123
-0.00125
-0.00127
-0.00128
-0.0013
-0.0013
-0.0013
-0.0013
-0.00129
-0.0013
-0.00127
-0.00126
-0.00123
-0.00122
-0.00118
-0.00116
-0.0011
-0.00107
-0.00102
-0.00097
-0.00092
-0.00086
-0.0008
-0.00073
-0.00066
-0.0006
-0.00052
-0.00045
-0.00036
-0.0003
-0.00021
-0.00015
-6e-05
1e-05
9e-05
0.00016
0.00023
0.0003
0.00038
0.00044
0.00052
0.00056
0.00063
0.00068
0.00074
0.00078
0.00083
0.00086
0.00092
0.00094
0.00097
0.00099
0.00101
0.00103
0.00104
0.00105
0.00106
0.00105
0.00106
0.00104
0.00104
0.00101
0.001
0.00097
0.00095
0.00091
0.00088
0.00084
0.00079
0.00075
0.0007
0.00065
0.0006
0.00052
0.00047
0.0004
0.00034
0.00025
0.00019
0.0001
3e-05
-6e-05
-0.00015
-0.00024
-0.00034
-0.00043
-0.00052
-0.00062
-0.00072
-0.00084
-0.00093
-0.00105
-0.00114
-0.00127
-0.00137
-0.0015
-0.0016
-0.00173
-0.00184
-0.00196
-0.00209
-0.0022
-0.00231
-0.00243
-0.00254
-0.00267
-0.00277
-0.00288
-0.00299
-0.0031
-0.0032
-0.00331
-0.00339
-0.0035
-0.00359
-0.00368
-0.00377
-0.00384
-0.00391
-0.00398
-0.00404
-0.00411
-0.00416
-0.00422
-0.00426
-0.00432
-0.00434
-0.00439
-0.00441
-0.00444
-0.00446
-0.00448
-0.0045
-0.00451
-0.00451
-0.00451
-0.0045
-0.00451
-0.00449
-0.00449
-0.00446
-0.00445
-0.00442
-0.00441
-0.00437
-0.00434
-0.0043
-0.00426
-0.00423
-0.00417
-0.00412
-0.00406
-0.004
-0.00395
-0.00388
-0.00382
-0.00373
-0.00366
-0.00358
-0.00351
-0.00341
-0.00333
-0.00323
-0.00314
-0.00305
-0.00295
-0.00284
-0.00274
-0.00263
-0.00253
-0.00241
-0.00231
-0.00218
-0.00208
-0.00196
-0.00186
-0.00172
-0.00162
-0.0015
-0.00138
-0.00127
-0.00114
-0.00102
-0.0009
-0.00077
-0.00066
-0.00053
-0.00041
-0.00028
-0.00017
-4e-05
8e-05
0.00022
0.00034
0.00046
0.00058
0.0007
0.00083
0.00096
0.00108
0.00121
0.00133
0.00145
0.00157
0.0017
0.0018
0.00192
0.00202
0.00214
0.00223
0.00234
0.00243
0.00251
0.00261
0.0027
0.00278
0.00286
0.00292
0.003
0.00306
0.00313
0.00318
0.00324
0.00328
0.00334
0.00338
0.00342
0.00345
0.00348
0.00351
0.00355
0.00357
0.0036
0.0036
0.00363
0.00364
0.00366
0.00366
0.00367
0.00367
0.00368
0.00367
0.00366
0.00365
0.00363
0.00361
0.0036
0.00357
0.00355
0.0035
0.00347
0.00342
0.00338
0.00332
0.00327
0.00319
0.00314
0.00306
0.00299
0.00291
0.00282
0.00274
0.00266
0.00257
0.00248
0.00237
0.00229
0.00218
0.00209
0.00199
0.00189
0.00179
0.0017
0.00159
0.00149
0.00139
0.00129
0.0012
0.00111
0.00101
0.00093
0.00081
0.00074
0.00063
0.00056
0.00045
0.00037
0.00026
0.00019
9e-05
-1e-05
-0.0001
-0.0002
-0.00029
-0.00038
-0.00047
-0.00056
-0.00066
-0.00075
-0.00085
-0.00093
-0.00103
-0.00112
-0.00121
-0.00128
-0.00138
-0.00146
-0.00154
-0.00162
-0.00169
-0.00175
-0.00181
-0.00186
-0.00193
-0.00196
-0.00201
-0.00204
-0.00208
-0.0021
-0.00213
-0.00212
-0.00214
-0.00214
-0.00214
-0.00213
-0.00212
-0.00209
-0.00206
-0.00203
-0.00201
-0.00198
-0.00194
-0.0019
-0.00186
-0.00181
-0.00178
-0.00172
-0.00169
-0.00164
-0.0016
-0.00156
-0.00151
-0.00146
-0.00142
-0.00137
-0.00135
-0.0013
-0.00126
-0.00121
-0.00118
-0.00113
-0.00111
-0.00105
-0.00102
-0.00098
-0.00094
-0.0009
-0.00086
-0.00081
-0.00076
-0.00071
-0.00067
-0.00061
-0.00057
-0.0005
-0.00045
-0.00039
-0.00034
-0.00026
-0.0002
-0.00013
-7e-05
0.0
7e-05
0.00015
0.00022
0.00031
0.00037
0.00046
0.00052
0.00061
0.00067
0.00075
0.00081
0.00089
0.00096
0.00103
0.00109
0.00115
0.00121
0.00127
0.00133
0.00139
0.00143
0.00149
0.00153
0.00158
0.00161
0.00166
0.00168
0.00172
0.00175
0.00177
0.0018
0.00182
0.00184
0.00186
0.00188
0.0019
0.0019
0.00191
0.00191
0.00193
0.00191
0.00192
0.0019
0.0019
0.00189
0.00187
0.00185
0.00182
0.0018
0.00177
0.00173
0.00171
0.00164
0.00161
0.00155
0.0015
0.00144
0.00138
0.0013
0.00124
0.00116
0.00108
0.00099
0.0009
0.00081
0.00072
0.00063
0.00053
0.00042
0.00033
0.00021
0.00012
-1e-05
-0.00011
-0.00023
-0.00032
-0.00044
-0.00056
-0.00067
-0.00079
-0.00089
-0.001
-0.00111
-0.00121
-0.00132
-0.00142
-0.00153
-0.00162
-0.00172
-0.00181
-0.00191
-0.00198
-0.00208
-0.00215
-0.00224
-0.00231
-0.00238
-0.00244
-0.0025
-0.00255
-0.00262
-0.00266
-0.00271
-0.00274
-0.00278
-0.00281
-0.00285
-0.00286
-0.00288
-0.0029
-0.00291
-0.00292
-0.00292
-0.00292
-0.00292
-0.00291
-0.00292
-0.0029
-0.00289
-0.00287
-0.00286
-0.00284
-0.00283
-0.00279
-0.00278
-0.00276
-0.00273
-0.00271
-0.00268
-0.00265
-0.00261
-0.00258
-0.00256
-0.00251
-0.00248
-0.00243
-0.0024
-0.00235
-0.00231
-0.00224
-0.00219
-0.00214
-0.00208
-0.00203
-0.00195
-0.00188
-0.00181
-0.00172
-0.00166
-0.00156
-0.00148
-0.00138
-0.0013
-0.00119
-0.00111
-0.001
-0.0009
-0.0008
-0.0007
-0.00061
-0.00049
-0.00039
-0.00028
-0.00017
-8e-05
3e-05
0.00013
0.00024
0.00033
0.00043
0.00052
0.00062
0.00071
0.00079
0.00088
0.00095
0.00104
0.00112
0.0012
0.00127
0.00133
0.0014
0.00145
0.00153
0.00157
0.00163
0.00166
0.00172
0.00175
0.00178
0.00181
0.00182
0.00185
0.00186
0.00187
0.00189
0.00187
0.00187
0.00186
0.00185
0.00182
0.0018
0.00176
0.00173
0.00169
0.00164
0.00159
0.00154
0.00149
0.00144
0.00138
0.00133
0.00126
0.00121
0.00115
0.00109
0.00103
0.00098
0.00092
0.00088
0.00082
0.00077
0.00072
0.00068
0.00065
0.00062
0.00059
0.00057
0.00054
0.00053
0.00051
0.00051
0.00049
0.00049
0.00047
0.00048
0.00048
0.00048
0.00048
0.00047
0.00048
0.00048
0.00048
0.00049
0.00047
0.00048
0.00047
0.00048
0.00046
0.00046
0.00043
0.00043
0.00041
0.00039
0.00037
0.00035
0.00033
0.00031
0.00029
0.00028
0.00024
0.00023
0.0002
0.00019
0.00016
0.00015
0.00012
0.00011
0.0001
8e-05
7e-05
5e-05
5e-05
5e-05
5e-05
5e-05
4e-05
5e-05
5e-05
6e-05
6e-05
7e-05
8e-05
0.0001
0.00011
0.00012
0.00014
0.00016
0.00019
0.00021
0.00024
0.00028
0.0003
0.00034
0.00038
0.00043
0.00047
0.00052
0.00057
0.00065
0.00071
0.00079
0.00087
0.00095
0.00106
0.00117
0.00128
0.00141
0.00153
0.00168
0.00182
0.00199
0.00215
0.00234
0.00251
0.00272
0.00293
0.00314
0.00337
0.00361
0.00387
0.00413
0.0044
0.00469
0.00497
0.00529
0.00559
0.00593
0.00626
0.00661
0.00695
0.00734
0.00771
0.0081
0.0085
0.00891
0.00934
0.00978
0.01023
0.0107
0.01116
0.01165
0.01213
0.01265
0.01316
0.01369
0.01422
0.01479
0.01534
0.01592
0.01649
0.01709
0.0177
0.01831
0.01894
0.01958
0.02021
0.02087
0.02152
0.0222
0.02287
0.02356
0.02424
0.02495
0.02565
0.02636
0.02707
0.0278
0.02853
0.02927
0.03001
0.03076
0.0315
0.03226
0.03301
0.03378
0.03454
0.03531
0.03608
0.03686
0.03763
0.03841
0.03918
0.03996
0.04074
0.04153
0.0423
0.04309
0.04385
0.04464
0.0454
0.04619
0.04695
0.04772
0.04848
0.04925
0.05
0.05075
0.0515
0.05224
0.05298
0.05372
0.05444
0.05517
0.05589
0.05661
0.05731
0.05802
0.05872
0.05941
0.0601
0.06079
0.06147
0.06214
0.06281
0.06348
0.06414
0.06479
0.06544
0.0661
0.06673
0.06737
0.06799
0.06862
0.06924
0.06985
0.07045
0.07106
0.07165
0.07224
0.07281
0.07338
0.07394
0.0745
0.07504
0.07558
0.0761
0.07662
0.07712
0.07762
0.0781
0.07858
0.07904
0.0795
0.07994
0.08037
0.08079
0.0812
0.08161
0.082
0.08238
0.08276
0.08311
0.08347
0.0838
0.08414
0.08446
0.08478
0.08508
0.08539
0.08568
0.08596
0.08623
0.08649
0.08674
0.087
0.08723
0.08747
0.08768
0.08789
0.0881
0.08829
0.08847
0.08865
0.08881
0.08898
0.08912
0.08926
0.08939
0.0895
0.08961
0.08971
0.0898
0.08988
0.08994
0.09
0.09005
0.09009
0.09012
0.09014
0.09015
0.09016
0.09015
0.09014
0.09011
0.09008
0.09003
0.08999
0.08992
0.08986
0.08977
0.0897
0.08959
0.0895
0.08938
0.08926
0.08913
0.089
0.08884
0.08869
0.08852
0.08834
0.08815
0.08796
0.08775
0.08754
0.0873
0.08707
0.08682
0.08657
0.0863
0.08603
0.08574
0.08546
0.08515
0.08484
0.08453
0.0842
0.08387
0.08354
0.0832
0.08285
0.08249
0.08214
0.08178
0.08142
0.08106
0.08069
0.08032
0.07996
0.07959
0.07922
0.07885
0.07848
0.07811
0.07774
0.07738
0.07701
0.07664
0.07627
0.0759
0.07554
0.07517
0.07481
0.07444
0.07408
0.07371
0.07334
0.07298
0.07261
0.07224
0.07187
0.0715
0.07114
0.07075
0.07038
0.07001
0.06964
0.06926
0.06889
0.0685
0.06813
0.06775
0.06738
0.06699
0.06662
0.06624
0.06587
0.06549
0.06511
0.06473
0.06436
0.06399
0.06362
0.06323
0.06287
0.06249
0.06213
0.06176
0.06139
0.06102
0.06065
0.06029
0.05993
0.05956
0.0592
0.05883
0.05847
0.05811
0.05775
0.05739
0.05703
0.05667
0.05631
0.05595
0.0556
0.05524
0.05488
0.05452
0.05417
0.05382
0.05347
0.05312
0.05278
0.05244
0.0521
0.05176
0.05143
0.05109
0.05077
0.05045
0.05013
0.04981
0.0495
0.0492
0.04889
0.0486
0.04831
0.04801
0.04773
0.04745
0.04717
0.04689
0.04663
0.04635
0.04609
0.04582
0.04557
0.0453
0.04504
0.04479
0.04453
0.04428
0.04403
0.04377
0.04352
0.04327
0.04302
0.04275
0.04251
0.04224
0.042
0.04174
0.04148
0.04122
0.04096
0.04071
0.04045
0.04019
0.03993
0.03966
0.0394
0.03914
0.03889
0.03862
0.03837
0.0381
0.03784
0.03758
0.03732
0.03706
0.03681
0.03655
0.03629
0.03605
0.0358
0.03554
0.03529
0.03504
0.0348
0.03454
0.0343
0.03405
0.03381
0.03357
0.03333
0.03308
0.03284
0.03261
0.03237
0.03214
0.03191
0.03166
0.03143
0.0312
0.03097
0.03074
0.03051
0.03027
0.03005
0.02982
0.02959
0.02936
0.02913
0.02891
0.02868
0.02845
0.02823
0.02799
0.02778
0.02754
0.02732
0.02708
0.02686
0.02661
0.02639
0.02615
0.02592
0.02569
0.02545
0.02522
0.02499
0.02476
0.02453
0.02428
0.02405
0.02382
0.02359
0.02336
0.02313
0.0229
0.02268
0.02245
0.02223
0.02201
0.02179
0.02158
0.02137
0.02116
0.02096
0.02075
0.02056
0.02036
0.02018
0.01998
0.0198
0.01962
0.01945
0.01927
0.01909
0.01893
0.01876
0.0186
0.01844
0.01829
0.01814
0.01798
0.01784
0.0177
0.01757
0.01742
0.01729
0.01715
0.01703
0.0169
0.01678
0.01665
0.01653
0.01642
0.0163
0.0162
0.0161
0.01598
0.01589
0.01578
0.0157
0.01559
0.01551
0.01541
0.01533
0.01524
0.01516
0.01508
0.015
0.01493
0.01486
0.01478
0.01472
0.01464
0.01458
0.0145
0.01445
0.01437
0.01431
0.01424
0.01419
0.01412
0.01406
0.01399
0.01392
0.01387
0.01381
0.01374
0.01369
0.01362
0.01356
0.01349
0.01343
0.01336
0.0133
0.01322
0.01316
0.01308
0.013
0.01293
0.01285
0.01277
0.01269
0.01261
0.01252
0.01241
0.01233
0.01223
0.01214
0.01203
0.01193
0.01181
0.01171
0.01159
0.01148
0.01136
0.01124
0.01112
0.011
0.01088
0.01076
0.01063
0.01052
0.01039
0.01029
0.01016
0.01005
0.00993
0.00983
0.00972
0.00961
0.00951
0.00941
0.00932
0.00923
0.00914
0.00906
0.00897
0.00891
0.00882
0.00876
0.00868
0.00863
0.00855
0.00851
0.00844
0.00839
0.00833
0.00828
0.00823
0.00819
0.00814
0.0081
0.00805
0.00801
0.00797
0.00795
0.0079
0.00787
0.00784
0.00782
0.00778
0.00776
0.00774
0.00772
0.00771
0.00771
0.0077
0.00771
0.00769
0.00771
0.00771
0.00773
0.00773
0.00776
0.00777
0.00781
0.00783
0.00786
0.00789
0.00792
0.00796
0.008
0.00804
0.00809
0.00812
0.00817
0.0082
0.00825
0.00828
0.00833
0.00836
0.00841
0.00844
0.00847
0.0085
0.00853
0.00856
0.00859
0.00862
0.00865
0.00865
0.00868
0.00869
0.00871
0.00871
0.00872
0.00871
0.00872
0.00871
0.00869
0.00867
0.00864
0.00862
0.00859
0.00856
0.00852
0.00846
0.00842
0.00835
0.0083
0.00822
0.00816
0.00807
0.00799
0.0079
0.0078
0.0077
0.0076
0.0075
0.00739
0.00728
0.00717
0.00704
0.00694
0.00681
0.00671
0.00658
0.00646
0.00633
0.00622
0.0061
0.00598
0.00585
0.00574
0.00562
0.00551
0.00539
0.00528
0.00515
0.00504
0.00492
0.0048
0.00468
0.00456
0.00443
0.00432
0.00419
0.00406
0.00393
0.0038
0.00368
0.00355
0.00341
0.00329
0.00314
0.00302
0.00288
0.00276
0.00262
0.00249
0.00235
0.00225
0.00212
0.002
0.00189
0.00178
0.00168
0.00159
0.00151
0.00144
0.00136
0.0013
0.00125
0.00121
0.00116
0.00114
0.00111
0.00111
0.0011
0.0011
0.00111
0.00112
0.00115
0.00117
0.00121
0.00125
0.00127
0.00132
0.00136
0.00141
0.00144
0.0015
0.00153
0.00159
0.00162
0.00166
0.0017
0.00173
0.00177
0.0018
0.00183
0.00186
0.00187
0.00191
0.00193
0.00196
0.00196
0.00199
0.002
0.00204
0.00205
0.00207
0.00209
0.00211
0.00214
0.00218
0.00221
0.00225
0.00227
0.00233
0.00236
0.00243
0.00246
0.00253
0.00257
0.00265
0.0027
0.00277
0.00283
0.00289
0.00296
0.00303
0.0031
0.00318
0.00323
0.0033
0.00336
0.00343
0.00348
0.00354
0.00358
0.00365
0.00369
0.00373
0.00377
0.0038
0.00384
0.00388
0.00391
0.00394
0.00395
0.00399
0.004
0.00403
0.00404
0.00407
0.00408
0.00411
0.00413
0.00415
0.00417
0.00419
0.00423
0.00425
0.00429
0.00433
0.00434
0.00439
0.00442
0.00447
0.00449
0.00454
0.00456
0.00461
0.00465
0.00468
0.00471
0.00474
0.00477
0.0048
0.00482
0.00485
0.00486
0.00487
0.00487
0.00489
0.00488
0.00488
0.00486
0.00486
0.00483
0.0048
0.00478
0.00474
0.00471
0.00468
0.00464
0.0046
0.00455
0.00451
0.00446
0.00442
0.00436
0.00432
0.00426
0.00423
0.00418
0.00413
0.00408
0.00404
0.004
0.00396
0.00392
0.00388
0.00384
0.00381
0.00377
0.00375
0.00371
0.00369
0.00365
0.00364
0.00361
0.00359
0.00356
0.00354
0.00352
0.00351
0.0035
0.0035
0.00347
0.00348
0.00347
0.00348
0.00347
0.00349
0.00349
0.00351
0.00352
0.00354
0.00356
0.00358
0.00361
0.00365
0.00369
0.00374
0.00378
0.00383
0.00388
0.00395
0.004
0.00406
0.00412
0.0042
0.00425
0.00433
0.00439
0.00446
0.00454
0.00461
0.00468
0.00476
0.00482
0.0049
0.00496
0.00504
0.0051
0.00517
0.00522
0.0053
0.00535
0.00541
0.00546
0.00552
0.00557
0.00563
0.00568
0.00574
0.00577
0.00583
0.00587
0.00592
0.00595
0.00599
0.00602
0.00607
0.00611
0.00614
0.00617
0.0062
0.00623
0.00626
0.00629
0.00631
0.00632
0.00635
0.00636
0.00638
0.00638
0.0064
0.00639
0.00641
0.0064
0.00639
0.00638
0.00636
0.00635
0.00633
0.00631
0.00629
0.00624
0.00622
0.00617
0.00613
0.00608
0.00603
0.00597
0.00593
0.00586
0.0058
0.00573
0.00565
0.00558
0.00551
0.00543
0.00537
0.00527
0.0052
0.00511
0.00503
0.00493
0.00486
0.00475
0.00468
0.00459
0.0045
0.00441
0.00432
0.00423
0.00415
0.00406
0.00399
0.00388
0.00381
0.00373
0.00365
0.00357
0.0035
0.00341
0.00336
0.00328
0.00321
0.00314
0.00308
0.00301
0.00296
0.0029
0.00286
0.00279
0.00275
0.00269
0.00266
0.0026
0.00257
0.00252
0.0025
0.00245
0.00242
0.00239
0.00235
0.00232
0.0023
0.00227
0.00225
0.00221
0.00219
0.00216
0.00214
0.00211
0.00209
0.00205
0.00204
0.002
0.00197
0.00194
0.0019
0.00187
0.00184
0.0018
0.00176
0.00171
0.00167
0.00161
0.00157
0.0015
0.00145
0.00138
0.00133
0.00125
0.00118
0.0011
0.00102
0.00094
0.00085
0.00076
0.00067
0.00056
0.00047
0.00035
0.00025
0.00013
2e-05
-0.00011
-0.00022
-0.00035
-0.00048
-0.00061
-0.00074
-0.00087
-0.00099
-0.00113
-0.00125
-0.0014
-0.00151
-0.00165
-0.00177
-0.00191
-0.00202
-0.00215
-0.00226
-0.00238
-0.00249
-0.0026
-0.0027
-0.00281
-0.0029
-0.00299
-0.00306
-0.00316
-0.00323
-0.00331
-0.00337
-0.00345
-0.00351
-0.00357
-0.00362
-0.00368
-0.00373
-0.00378
-0.00383
-0.00387
-0.00391
-0.00394
-0.00398
-0.00403
-0.00405
-0.0041
-0.00412
-0.00416
-0.00419
-0.00423
-0.00425
-0.00428
-0.00431
-0.00434
-0.00437
-0.00439
-0.00441
-0.00443
-0.00444
-0.00447
-0.00447
-0.00449
-0.00448
-0.00449
-0.00449
-0.0045
-0.00448
-0.00447
-0.00446
-0.00444
-0.00443
-0.0044
-0.00437
-0.00433
-0.00429
-0.00426
-0.00421
-0.00417
-0.00411
-0.00407
-0.00401
-0.00397
-0.00389
-0.00384
-0.00378
-0.00373
-0.00366
-0.00359
-0.00352
-0.00346
-0.00338
-0.00333
-0.00324
-0.00318
-0.0031
-0.00304
-0.00295
-0.00289
-0.00279
-0.00273
-0.00264
-0.00256
-0.00249
-0.0024
-0.0023
-0.00221
-0.00211
-0.00203
-0.00192
-0.00183
-0.00172
-0.00162
-0.00151
-0.00141
-0.00128
-0.00118
-0.00107
-0.00095
-0.00084
-0.00072
-0.00059
-0.00048
-0.00035
-0.00024
-0.00011
0.0
0.00014
0.00024
0.00037
0.00048
0.00061
0.00072
0.00084
0.00095
0.00107
0.00119
0.00131
0.00143
0.00155
0.00165
0.00178
0.00189
0.00202
0.00213
0.00225
0.00236
0.0025
0.00262
0.00274
0.00286
0.00299
0.00312
0.00325
0.00338
0.00352
0.00364
0.00379
0.00392
0.00407
0.0042
0.00435
0.00448
0.00464
0.00477
0.00492
0.00505
0.00519
0.00534
0.00548
0.00562
0.00577
0.00589
0.00604
0.00617
0.00631
0.00644
0.00658
0.0067
0.00684
0.00695
0.00708
0.0072
0.00731
0.00743
0.00755
0.00766
0.00777
0.00786
0.00798
0.00807
0.00817
0.00825
0.00835
0.00842
0.00851
0.00859
0.00866
0.00872
0.00878
0.00885
0.0089
0.00895
0.009
0.00903
0.00907
0.00909
0.00913
0.00913
0.00915
0.00914
0.00915
0.00914
0.00913
0.00911
0.00908
0.00905
0.00902
0.00897
0.00894
0.00887
0.00882
0.00874
0.00869
0.0086
0.00853
0.00843
0.00836
0.00825
0.00816
0.00805
0.00794
0.00783
0.00772
0.0076
0.00749
0.00735
0.00723
0.0071
0.00698
0.00684
0.00671
0.00657
0.00645
0.00631
0.00617
0.00604
0.0059
0.00578
0.00565
0.00552
0.00539
0.00525
0.00514
0.00501
0.00491
0.00478
0.00467
0.00455
0.00445
0.00433
0.00423
0.00412
0.00402
0.00392
0.00383
0.00373
0.00364
0.00354
0.00345
0.00336
0.00327
0.00317
0.00309
0.00299
0.00291
0.00282
0.00273
0.00264
0.00255
0.00246
0.00237
0.00228
0.00221
0.00211
0.00203
0.00194
0.00186
0.00176
0.00169
0.0016
0.00153
0.00145
0.00137
0.00129
0.00121
0.00115
0.00108
0.00101
0.00095
0.00088
0.00083
0.00075
0.0007
0.00063
0.00058
0.00051
0.00047
0.0004
0.00034
0.00027
0.0002
0.00014
8e-05
1e-05
-5e-05
-0.00014
-0.0002
-0.00029
-0.00036
-0.00045
-0.00053
-0.00062
-0.0007
-0.0008
-0.00089
-0.00099
-0.00109
-0.00118
-0.00127
-0.00137
-0.00146
-0.00158
-0.00166
-0.00177
-0.00185
-0.00196
-0.00204
-0.00215
-0.00223
-0.00232
-0.00241
-0.0025
-0.00259
-0.00267
-0.00274
-0.00282
-0.00289
-0.00298
-0.00305
-0.00313
-0.00319
-0.00327
-0.00333
-0.00341
-0.00346
-0.00354
-0.0036
-0.00367
-0.00374
-0.0038
-0.00386
-0.00392
-0.00397
-0.00404
-0.00408
-0.00414
-0.00418
-0.00424
-0.00428
-0.00433
-0.00435
-0.00439
-0.00442
-0.00445
-0.00448
-0.00449
-0.0045
-0.00451
-0.00451
-0.00452
-0.00451
-0.0045
-0.00447
-0.00447
-0.00443
-0.00442
-0.00437
-0.00434
-0.0043
-0.00425
-0.00421
-0.00416
-0.0041
-0.00404
-0.00397
-0.00392
-0.00385
-0.00379
-0.00371
-0.00365
-0.00357
-0.00352
-0.00343
-0.00337
-0.00329
-0.00323
-0.00316
-0.00309
-0.00301
-0.00295
-0.00287
-0.00282
-0.00274
-0.00268
-0.00261
-0.00256
-0.0025
-0.00245
-0.00238
-0.00233
-0.00228
-0.00224
-0.00219
-0.00214
-0.00209
-0.00205
-0.002
-0.00198
-0.00192
-0.0019
-0.00185
-0.00182
-0.00178
-0.00175
-0.00171
-0.00168
-0.00164
-0.0016
-0.00158
-0.00153
-0.00149
-0.00145
-0.00141
-0.00138
-0.00133
-0.00129
-0.00123
-0.0012
-0.00115
-0.00111
-0.00105
-0.001
-0.00095
-0.0009
-0.00085
-0.0008
-0.00074
-0.00068
-0.00062
-0.00058
-0.00051
-0.00046
-0.00039
-0.00035
-0.00029
-0.00024
-0.00017
-0.00012
-6e-05
-1e-05
5e-05
0.00011
0.00016
0.00022
0.00028
0.00031
0.00038
0.00043
0.00049
0.00053
0.00058
0.00062
0.00069
0.00072
0.00077
0.00082
0.00086
0.00091
0.00096
0.00101
0.00106
0.00109
0.00115
0.00118
0.00124
0.00128
0.00133
0.00137
0.00143
0.00148
0.00153
0.00157
0.00162
0.00168
0.00173
0.00179
0.00185
0.0019
0.00197
0.00202
0.00209
0.00214
0.00221
0.00226
0.00234
0.0024
0.00246
0.00252
0.00258
0.00264
0.00271
0.00277
0.00283
0.00288
0.00295
0.003
0.00306
0.00311
0.00317
0.00321
0.00327
0.00332
0.00336
0.00341
0.00345
0.0035
0.00355
0.00359
0.00364
0.00367
0.00373
0.00376
0.00382
0.00385
0.0039
0.00393
0.00399
0.00402
0.00407
0.00411
0.00415
0.00419
0.00424
0.00428
0.00433
0.00435
0.0044
0.00443
0.00448
0.0045
0.00454
0.00456
0.0046
0.00462
0.00465
0.00466
0.00468
0.0047
0.00472
0.00474
0.00475
0.00475
0.00477
0.00476
0.00478
0.00477
0.00477
0.00476
0.00477
0.00476
0.00475
0.00474
0.00473
0.00472
0.00471
0.0047
0.00469
0.00466
0.00466
0.00463
0.00462
0.00459
0.00458
0.00454
0.00453
0.0045
0.00447
0.00443
0.00439
0.00436
0.00433
0.00428
0.00425
0.00419
0.00416
0.0041
0.00407
0.00401
0.00396
0.00391
0.00387
0.00381
0.00376
0.0037
0.00365
0.0036
0.00355
0.0035
0.00346
0.0034
0.00336
0.0033
0.00327
0.00321
0.00317
0.00311
0.00308
0.00303
0.00298
0.00292
0.00287
0.00282
0.00277
0.00272
0.00267
0.0026
0.00255
0.00248
0.00243
0.00235
0.00228
0.00221
0.00215
0.00207
0.00199
0.00192
0.00184
0.00177
0.0017
0.00163
0.00156
0.00148
0.00143
0.00135
0.0013
0.00124
0.00119
0.00113
0.0011
0.00106
0.00102
0.00098
0.00095
0.00093
0.00092
0.0009
0.0009
0.00088
0.00088
0.00087
0.00088
0.00086
0.00088
0.00086
0.00088
0.00087
0.00087
0.00086
0.00086
0.00086
0.00085
0.00084
0.00084
0.00081
0.00081
0.00078
0.00077
0.00074
0.00072
0.00069
0.00068
0.00065
0.00062
0.0006
0.00057
0.00055
0.00053
0.00052
0.00051
0.00048
0.00048
0.00046
0.00047
0.00046
0.00046
0.00045
0.00047
0.00047
0.00047
0.00048
0.00048
0.00049
0.00051
0.00052
0.00053
0.00052
0.00053
0.00053
0.00053
0.00052
0.00052
0.00049
0.00048
0.00046
0.00043
0.00039
0.00035
0.00031
0.00028
0.00022
0.00019
0.00011
7e-05
1e-05
-4e-05
-0.00012
-0.00017
-0.00024
-0.00029
-0.00035
-0.00041
-0.00047
-0.00053
-0.00057
-0.00062
-0.00066
-0.00069
-0.00074
-0.00076
-0.0008
-0.00082
-0.00085
-0.00086
-0.00089
-0.0009
-0.00091
-0.00093
-0.00094
-0.00096
-0.00096
-0.00097
-0.00098
-0.00099
-0.00102
-0.00102
-0.00104
-0.00105
-0.00108
-0.00109
-0.00112
-0.00113
-0.00117
-0.0012
-0.00123
-0.00127
-0.0013
-0.00133
-0.00136
-0.00139
-0.00144
-0.00146
-0.0015
-0.00153
-0.00157
-0.00159
-0.00163
-0.00164
-0.00168
-0.0017
-0.00172
-0.00174
-0.00174
-0.00176
-0.00176
-0.00176
-0.00177
-0.00176
-0.00176
-0.00174
-0.00174
-0.00172
-0.00171
-0.00168
-0.00166
-0.00164
-0.00161
-0.00159
-0.00155
-0.00151
-0.00148
-0.00143
-0.0014
-0.00135
-0.00131
-0.00125
-0.00121
-0.00115
-0.00111
-0.00103
-0.00098
-0.00091
-0.00085
-0.00078
-0.00071
-0.00062
-0.00055
-0.00046
-0.00039
-0.00029
-0.00021
-0.00011
-2e-05
8e-05
0.00016
0.00028
0.00037
0.00047
0.00057
0.00067
0.00077
0.00088
0.00098
0.00108
0.00117
0.00127
0.00136
0.00147
0.00154
0.00164
0.00171
0.00181
0.00188
0.00195
0.00202
0.00209
0.00216
0.00222
0.00228
0.00235
0.00239
0.00245
0.00249
0.00255
0.00259
0.00264
0.00267
0.00273
0.00276
0.0028
0.00283
0.00287
0.00292
0.00296
0.003
0.00305
0.00308
0.00313
0.00317
0.00322
0.00325
0.0033
0.00333
0.00339
0.00342
0.00347
0.0035
0.00354
0.00358
0.00362
0.00365
0.00369
0.0037
0.00373
0.00374
0.00377
0.00377
0.00378
0.00378
0.00379
0.00378
0.00377
0.00374
0.00372
0.0037
0.00368
0.00365
0.00362
0.00357
0.00354
0.00349
0.00346
0.00341
0.00337
0.00331
0.00328
0.00323
0.00319
0.00314
0.0031
0.00307
0.00304
0.00301
0.00299
0.00295
0.00294
0.00291
0.0029
0.00288
0.00288
0.00286
0.00287
0.00286
0.00286
0.00286
0.00286
0.00287
0.00289
0.00289
0.00291
0.0029
0.00292
0.00292
0.00294
0.00294
0.00295
0.00295
0.00297
0.00296
0.00296
0.00296
0.00296
0.00296
0.00297
0.00296
0.00297
0.00295
0.00296
0.00295
0.00296
0.00295
0.00295
0.00294
0.00296
0.00295
0.00295
0.00295
0.00295
0.00296
0.00297
0.00298
0.00299
0.00299
0.003
0.003
0.00303
0.00302
0.00304
0.00303
0.00305
0.00305
0.00305
0.00305
0.00305
0.00306
0.00306
0.00306
0.00306
0.00304
0.00305
0.00303
0.00303
0.00301
0.003
0.00298
0.00298
0.00295
0.00294
0.00291
0.0029
0.00288
0.00286
0.00284
0.00282
0.00279
0.00278
0.00274
0.00273
0.00269
0.00267
0.00263
0.00262
0.00258
0.00254
0.0025
0.00245
0.00241
0.00237
0.00232
0.00227
0.00219
0.00214
0.00207
0.002
0.00191
0.00184
0.00174
0.00167
0.00157
0.00147
0.00136
0.00125
0.00115
0.00104
0.00093
0.00082
0.00069
0.00058
0.00046
0.00035
0.00022
0.00011
-2e-05
-0.00012
-0.00024
-0.00034
-0.00045
-0.00056
-0.00066
-0.00076
-0.00085
-0.00094
-0.00104
-0.00112
-0.00121
-0.00128
-0.00138
-0.00145
-0.00154
-0.0016
-0.00168
-0.00176
-0.00184
-0.00192
-0.00199
-0.00206
-0.00214
-0.00221
-0.00231
-0.00237
-0.00246
-0.00253
-0.00263
-0.0027
-0.0028
-0.00287
-0.00297
-0.00305
-0.00314
-0.00323
-0.00331
-0.00339
-0.00347
-0.00355
-0.00364
-0.0037
-0.00378
-0.00383
-0.00391
-0.00396
-0.00402
-0.00405
-0.0041
-0.00413
-0.00416
-0.00419
-0.00421
-0.00422
-0.00423
-0.00422
-0.00423
-0.00421
-0.00421
-0.00418
-0.00417
-0.00414
-0.00412
-0.00408
-0.00406
-0.00402
-0.004
-0.00396
-0.00392
-0.00388
-0.00385
-0.00381
-0.00379
-0.00375
-0.00373
-0.00369
-0.00368
-0.00364
-0.00363
-0.0036
-0.00359
-0.00357
-0.00356
-0.00355
-0.00353
-0.00352
-0.00351
-0.00349
-0.0035
-0.00347
-0.00347
-0.00345
-0.00345
-0.00343
-0.00343
-0.00341
-0.0034
-0.00338
-0.00337
-0.00336
-0.00334
-0.00332
-0.0033
-0.00327
-0.00327
-0.00324
-0.00323
-0.0032
-0.00319
-0.00316
-0.00316
-0.00314
-0.00313
-0.00312
-0.00311
-0.00311
-0.0031
-0.0031
-0.0031
-0.00309
-0.0031
-0.0031
-0.00311
-0.0031
-0.00312
-0.00312
-0.00314
-0.00313
-0.00314
-0.00314
-0.00314
-0.00315
-0.00314
-0.00313
-0.00311
-0.00309
-0.00308
-0.00305
-0.00302
-0.00297
-0.00295
-0.00289
-0.00285
-0.00278
-0.00272
-0.00265
-0.00258
-0.00251
-0.00242
-0.00233
-0.00223
-0.00213
-0.00204
-0.00193
-0.00183
-0.00171
-0.00161
-0.00149
-0.00139
-0.00125
-0.00114
-0.00102
-0.0009
-0.00079
-0.00066
-0.00053
-0.00041
-0.00028
-0.00017
-3e-05
8e-05
0.00022
0.00034
0.00047
0.00059
0.00073
0.00085
0.00098
0.00111
0.00124
0.00138
0.00151
0.00164
0.00179
0.00191
0.00206
0.00219
0.00234
0.00246
0.00261
0.00274
0.00289
0.00303
0.00316
0.00329
0.00343
0.00356
0.0037
0.00383
0.00397
0.00408
0.00422
0.00433
0.00447
0.00457
0.0047
0.0048
0.00492
0.00502
0.00513
0.00523
0.00532
0.00542
0.00552
0.00561
0.0057
0.00577
0.00586
0.00593
0.00601
0.00607
0.00614
0.00619
0.00625
0.00629
0.00634
0.00637
0.00639
0.00642
0.00644
0.00645
0.00645
0.00643
0.00642
0.00639
0.00636
0.00631
0.00626
0.00619
0.00613
0.00604
0.00594
0.00584
0.00573
0.00561
0.00549
0.00535
0.00522
0.00506
0.00492
0.00475
0.0046
0.00442
0.00425
0.00407
0.00391
0.00373
0.00355
0.00337
0.00319
0.00302
0.00285
0.00268
0.00252
0.00234
0.00218
0.00202
0.00187
0.00171
0.00157
0.00141
0.00128
0.00113
0.001
0.00086
0.00073
0.0006
0.00048
0.00036
0.00024
0.00011
1e-05
-0.00012
-0.00022
-0.00034
-0.00044
-0.00056
-0.00065
-0.00076
-0.00086
-0.00096
-0.00106
-0.00114
-0.00123
-0.00131
-0.00139
-0.00148
-0.00154
-0.00161
-0.00166
-0.00173
-0.00177
-0.00183
-0.00186
-0.0019
-0.00193
-0.00196
-0.00199
-0.002
-0.00201
-0.00203
-0.00203
-0.00204
-0.00204
-0.00204
-0.00203
-0.00204
-0.00203
-0.00204
-0.00203
-0.00203
-0.00203
-0.00203
-0.00204
-0.00204
-0.00204
-0.00205
-0.00205
-0.00208
-0.00208
-0.0021
-0.00212
-0.00214
-0.00215
-0.00219
-0.00219
-0.00223
-0.00225
-0.00227
-0.0023
-0.00232
-0.00233
-0.00235
-0.00236
-0.0024
-0.0024
-0.00242
-0.00241
-0.00244
-0.00243
-0.00245
-0.00244
-0.00244
-0.00244
-0.00245
-0.00245
-0.00244
-0.00244
-0.00243
-0.00242
-0.00244
-0.00242
-0.00243
-0.00242
-0.00244
-0.00244
-0.00246
-0.00246
-0.00248
-0.0025
-0.00252
-0.00255
-0.00256
-0.00259
-0.00261
-0.00264
-0.00268
-0.0027
-0.00274
-0.00276
-0.0028
-0.00282
-0.00286
-0.00287
-0.0029
-0.00292
-0.00294
-0.00296
-0.00296
-0.00296
-0.00297
-0.00296
-0.00296
-0.00295
-0.00293
-0.00291
-0.0029
-0.00286
-0.00284
-0.0028
-0.00277
-0.00273
-0.0027
-0.00266
-0.00261
-0.00256
-0.00252
-0.00246
-0.00243
-0.00237
-0.00233
-0.00228
-0.00224
-0.00219
-0.00215
-0.00209
-0.00205
-0.00201
-0.00197
-0.00193
-0.00189
-0.00184
-0.0018
-0.00174
-0.00172
-0.00166
-0.00163
-0.00157
-0.00154
-0.00149
-0.00145
-0.00139
-0.00135
-0.0013
-0.00126
-0.00121
-0.00116
-0.0011
-0.00105
-0.00099
-0.00095
-0.00088
-0.00084
-0.00077
-0.00072
-0.00066
-0.00062
-0.00055
-0.0005
-0.00044
-0.00039
-0.00034
-0.00028
-0.00022
-0.00016
-0.0001
-6e-05
1e-05
6e-05
0.00012
0.00016
0.00022
0.00026
0.00033
0.00038
0.00043
0.00047
0.00052
0.00057
0.00062
0.00066
0.00071
0.00075
0.0008
0.00084
0.00089
0.00092
0.00097
0.001
0.00106
0.00109
0.00113
0.00117
0.00121
0.00126
0.00131
0.00136
0.00143
0.00147
0.00153
0.00158
0.00166
0.00171
0.00179
0.00185
0.00194
0.00201
0.00209
0.00217
0.00225
0.00234
0.00244
0.00253
0.00263
0.00271
0.00281
0.0029
0.003
0.00308
0.00318
0.00326
0.00336
0.00345
0.00353
0.00361
0.00369
0.00377
0.00384
0.00392
0.004
0.00405
0.00413
0.00418
0.00425
0.0043
0.00436
0.00441
0.00447
0.00451
0.00456
0.00461
0.00465
0.0047
0.00475
0.00479
0.00484
0.00487
0.00493
0.00496
0.00501
0.00504
0.00508
0.00511
0.00516
0.00518
0.00521
0.00524
0.00526
0.00528
0.00531
0.00533
0.00535
0.00534
0.00537
0.00536
0.00538
0.00537
0.00537
0.00535
0.00535
0.00533
0.00532
0.00529
0.00527
0.00525
0.00523
0.0052
0.00517
0.00513
0.00511
0.00506
0.00503
0.00498
0.00495
0.0049
0.00487
0.00482
0.00478
0.00473
0.00468
0.00463
0.00459
0.00454
0.0045
0.00443
0.00439
0.00434
0.00431
0.00425
0.00421
0.00415
0.00413
0.00407
0.00404
0.00399
0.00395
0.00392
0.00389
0.00386
0.00383
0.00379
0.00378
0.00375
0.00374
0.00371
0.0037
0.00367
0.00367
0.00364
0.00363
0.00361
0.00359
0.00358
0.00356
0.00354
0.00352
0.00349
0.00347
0.00343
0.00341
0.00336
0.00332
0.00327
0.00323
0.00317
0.0031
0.00304
0.00296
0.0029
0.00282
0.00274
0.00267
0.00257
0.00249
0.00239
0.0023
0.00219
0.00211
0.00199
0.00191
0.0018
0.0017
0.00159
0.00149
0.0014
0.0013
0.00121
0.00112
0.00101
0.00093
0.00083
0.00075
0.00065
0.00057
0.00048
0.0004
0.00031
0.00023
0.00015
6e-05
-2e-05
-9e-05
-0.00017
-0.00024
-0.00034
-0.00041
-0.00049
-0.00056
-0.00065
-0.00072
-0.00081
-0.00088
-0.00096
-0.00105
-0.00113
-0.00121
-0.00128
-0.00136
-0.00143
-0.0015
-0.00159
-0.00165
-0.00172
-0.00178
-0.00186
-0.00191
-0.00199
-0.00203
-0.0021
-0.00215
-0.00221
-0.00226
-0.00231
-0.00235
-0.00239
-0.00242
-0.00247
-0.0025
-0.00254
-0.00256
-0.0026
-0.00262
-0.00266
-0.00267
-0.0027
-0.00272
-0.00274
-0.00276
-0.00277
-0.00278
-0.00279
-0.00279
-0.00281
-0.00281
-0.00282
-0.00281
-0.00282
-0.00281
-0.00282
-0.0028
-0.00281
-0.0028
-0.00279
-0.00279
-0.00277
-0.00276
-0.00275
-0.00273
-0.00273
-0.0027
-0.00269
-0.00267
-0.00267
-0.00264
-0.00264
-0.00261
-0.0026
-0.00259
-0.00258
-0.00258
-0.00256
-0.00255
-0.00254
-0.00252
-0.00252
-0.00251
-0.00251
-0.0025
-0.0025
-0.00249
-0.0025
-0.00249
-0.00249
-0.00249
-0.0025
-0.0025
-0.0025
-0.0025
-0.0025
-0.0025
-0.00251
-0.00251
-0.00251
-0.00251
-0.00252
-0.00252
-0.00253
-0.00252
-0.00254
-0.00254
-0.00255
-0.00255
-0.00255
-0.00256
-0.00256
-0.00256
-0.00258
-0.00258
-0.00259
-0.00259
-0.0026
-0.0026
-0.00263
-0.00262
-0.00264
-0.00265
-0.00266
-0.00267
-0.00268
-0.00268
-0.00269
-0.0027
-0.00272
-0.00272
-0.00273
-0.00273
-0.00275
-0.00275
-0.00277
-0.00276
-0.00277
-0.00277
-0.00278
-0.00279
-0.00278
-0.00278
-0.00278
-0.00277
-0.00278
-0.00277
-0.00277
-0.00276
-0.00276
-0.00274
-0.00274
-0.00272
-0.00271
-0.0027
-0.00269
-0.00268
-0.00265
-0.00263
-0.00261
-0.00258
-0.00258
-0.00254
-0.00252
-0.00248
-0.00246
-0.00243
-0.00241
-0.00236
-0.00233
-0.0023
-0.00227
-0.00224
-0.00219
-0.00215
-0.00212
-0.00208
-0.00205
-0.002
-0.00198
-0.00192
-0.0019
-0.00186
-0.00183
-0.00179
-0.00176
-0.00173
-0.00171
-0.00168
-0.00165
-0.00162
-0.0016
-0.00157
-0.00155
-0.00152
-0.00151
-0.00148
-0.00146
-0.00144
-0.00143
-0.00139
-0.00137
-0.00135
-0.00132
-0.0013
-0.00127
-0.00123
-0.0012
-0.00116
-0.00113
-0.00108
-0.00105
-0.00099
-0.00095
-0.0009
-0.00085
-0.00078
-0.00072
-0.00066
-0.0006
-0.00053
-0.00046
-0.00038
-0.00031
-0.00022
-0.00016
-6e-05
2e-05
0.00011
0.00019
0.00029
0.00037
0.00047
0.00056
0.00065
0.00074
0.00083
0.00093
0.00103
0.00113
0.00124
0.00132
0.00143
0.00153
0.00164
