2.3170487851825E+01

0.00334
0.00336
0.00338
0.00339
0.00342
0.00343
0.00344
0.00345
0.00345
0.00345
0.00346
0.00346
0.00346
0.00345
0.00345
0.00344
0.00345
0.00343
0.00343
0.00341
0.00342
0.00341
0.0034
0.0034
0.00338
0.00338
0.00338
0.00338
0.00339
0.00337
0.00338
0.00337
0.00338
0.00337
0.00337
0.00336
0.00336
0.00335
0.00335
0.00333
0.00332
0.00331
0.00331
0.00329
0.00328
0.00325
0.00324
0.00322
0.00321
0.00317
0.00316
0.00313
0.00312
0.00308
0.00306
0.00304
0.00301
0.00299
0.00298
0.00296
0.00295
0.00292
0.00292
0.0029
0.0029
0.00289
0.00289
0.00288
0.0029
0.0029
0.0029
0.00291
0.00292
0.00294
0.00296
0.00298
0.003
0.00301
0.00305
0.00306
0.0031
0.00311
0.00314
0.00315
0.00319
0.0032
0.00322
0.00324
0.00325
0.00327
0.00329
0.0033
0.00332
0.00331
0.00332
0.00332
0.00333
0.00332
0.00332
0.00331
0.00332
0.0033
0.00329
0.00327
0.00325
0.00324
0.00322
0.0032
0.00318
0.00314
0.00312
0.00309
0.00306
0.00301
0.00298
0.00292
0.00289
0.00283
0.00278
0.00272
0.00266
0.00259
0.00253
0.00245
0.00238
0.00228
0.00221
0.00211
0.00203
0.00191
0.00182
0.00171
0.00161
0.00149
0.00138
0.00126
0.00114
0.00103
0.00092
0.0008
0.00069
0.00056
0.00045
0.00033
0.00022
0.0001
0.0
-0.00011
-0.0002
-0.00031
-0.00041
-0.0005
-0.00061
-0.00069
-0.00077
-0.00085
-0.00093
-0.00102
-0.00109
-0.00117
-0.00123
-0.00131
-0.00137
-0.00145
-0.0015
-0.00157
-0.00163
-0.0017
-0.00176
-0.00182
-0.00187
-0.00192
-0.00197
-0.00204
-0.00208
-0.00213
-0.00217
-0.00222
-0.00225
-0.0023
-0.00232
-0.00236
-0.00238
-0.00241
-0.00244
-0.00245
-0.00246
-0.00247
-0.00247
-0.00249
-0.00248
-0.00249
-0.00247
-0.00248
-0.00246
-0.00246
-0.00244
-0.00244
-0.00242
-0.00241
-0.0024
-0.00238
-0.00237
-0.00236
-0.00233
-0.00234
-0.00232
-0.00231
-0.00229
-0.00229
-0.00227
-0.00227
-0.00224
-0.00224
-0.00222
-0.00221
-0.0022
-0.00218
-0.00215
-0.00213
-0.0021
-0.00209
-0.00204
-0.00201
-0.00196
-0.00193
-0.00187
-0.00183
-0.00176
-0.00171
-0.00164
-0.00158
-0.0015
-0.00143
-0.00134
-0.00126
-0.00116
-0.00109
-0.00098
-0.0009
-0.00079
-0.00071
-0.0006
-0.00052
-0.0004
-0.00031
-0.00021
-0.00012
-3e-05
7e-05
0.00017
0.00026
0.00036
0.00043
0.00053
0.00061
0.0007
0.00077
0.00086
0.00093
0.00102
0.00108
0.00116
0.00122
0.00129
0.00136
0.00143
0.0015
0.00157
0.00162
0.0017
0.00175
0.00182
0.00187
0.00194
0.00198
0.00205
0.0021
0.00216
0.00221
0.00225
0.0023
0.00235
0.0024
0.00245
0.00248
0.00252
0.00255
0.0026
0.00262
0.00266
0.00267
0.00271
0.00273
0.00275
0.00277
0.00278
0.0028
0.00282
0.00283
0.00285
0.00284
0.00286
0.00286
0.00288
0.00287
0.00289
0.00289
0.0029
0.0029
0.00291
0.00291
0.00291
0.00292
0.00294
0.00294
0.00296
0.00295
0.00297
0.00298
0.00299
0.00299
0.00301
0.00301
0.00303
0.00303
0.00304
0.00305
0.00305
0.00306
0.00306
0.00307
0.00308
0.00306
0.00307
0.00306
0.00306
0.00305
0.00305
0.00303
0.00303
0.003
0.00299
0.00297
0.00295
0.00293
0.00291
0.00289
0.00287
0.00284
0.00283
0.0028
0.0028
0.00277
0.00276
0.00273
0.00273
0.00271
0.00271
0.00269
0.00269
0.00269
0.00269
0.0027
0.00272
0.00271
0.00273
0.00274
0.00277
0.00277
0.0028
0.00281
0.00285
0.00286
0.00288
0.0029
0.00291
0.00294
0.00295
0.00297
0.00299
0.00299
0.003
0.003
0.00301
0.00299
0.00299
0.00296
0.00296
0.00294
0.00291
0.00287
0.00283
0.0028
0.00276
0.00271
0.00266
0.00259
0.00254
0.00248
0.00242
0.00234
0.00228
0.00219
0.00214
0.00206
0.00198
0.00191
0.00183
0.00176
0.00169
0.00162
0.00156
0.00148
0.00142
0.00135
0.0013
0.00124
0.00118
0.00112
0.00109
0.00103
0.00099
0.00094
0.0009
0.00086
0.00083
0.00079
0.00076
0.00072
0.0007
0.00066
0.00063
0.00058
0.00056
0.00051
0.00049
0.00044
0.0004
0.00035
0.0003
0.00026
0.00021
0.00016
0.00011
4e-05
-1e-05
-8e-05
-0.00013
-0.00021
-0.00026
-0.00034
-0.0004
-0.00047
-0.00054
-0.00061
-0.00068
-0.00075
-0.00081
-0.00088
-0.00093
-0.001
-0.00105
-0.00111
-0.00115
-0.00121
-0.00125
-0.0013
-0.00132
-0.00137
-0.0014
-0.00144
-0.00146
-0.00149
-0.0015
-0.00152
-0.00153
-0.00155
-0.00155
-0.00157
-0.00156
-0.00158
-0.00157
-0.00158
-0.00156
-0.00157
-0.00155
-0.00155
-0.00154
-0.00153
-0.00151
-0.00149
-0.00147
-0.00146
-0.00143
-0.00141
-0.00138
-0.00136
-0.00133
-0.00131
-0.00126
-0.00123
-0.0012
-0.00117
-0.00113
-0.00109
-0.00104
-0.001
-0.00095
-0.00092
-0.00086
-0.00083
-0.00077
-0.00074
-0.00069
-0.00065
-0.00059
-0.00056
-0.00052
-0.00047
-0.00043
-0.00039
-0.00034
-0.0003
-0.00025
-0.00023
-0.00018
-0.00015
-0.0001
-7e-05
-3e-05
-1e-05
5e-05
7e-05
0.00011
0.00014
0.00017
0.00021
0.00024
0.00028
0.00031
0.00033
0.00037
0.00039
0.00042
0.00044
0.00047
0.00048
0.00051
0.00052
0.00053
0.00054
0.00055
0.00056
0.00057
0.00057
0.00058
0.00056
0.00057
0.00056
0.00056
0.00053
0.00052
0.00049
0.00049
0.00046
0.00043
0.0004
0.00037
0.00034
0.0003
0.00026
0.00024
0.00018
0.00015
0.0001
6e-05
0.0
-4e-05
-0.0001
-0.00014
-0.0002
-0.00025
-0.00031
-0.00036
-0.00042
-0.00047
-0.00053
-0.00057
-0.00064
-0.00068
-0.00075
-0.00079
-0.00085
-0.00089
-0.00095
-0.00099
-0.00104
-0.00108
-0.00113
-0.00117
-0.0012
-0.00123
-0.00126
-0.00129
-0.00133
-0.00135
-0.00137
-0.00139
-0.00142
-0.00143
-0.00146
-0.00146
-0.00148
-0.00149
-0.00151
-0.00152
-0.00153
-0.00153
-0.00154
-0.00154
-0.00157
-0.00156
-0.00158
-0.00157
-0.00159
-0.00158
-0.0016
-0.00158
-0.00159
-0.00159
-0.00159
-0.00159
-0.00159
-0.00158
-0.00157
-0.00155
-0.00155
-0.00152
-0.00151
-0.00148
-0.00146
-0.00143
-0.00141
-0.00136
-0.00133
-0.0013
-0.00126
-0.00122
-0.00117
-0.00112
-0.00107
-0.00102
-0.00098
-0.00092
-0.00088
-0.00081
-0.00076
-0.0007
-0.00066
-0.00059
-0.00054
-0.00048
-0.00043
-0.00038
-0.00031
-0.00025
-0.0002
-0.00013
-8e-05
-1e-05
5e-05
0.00012
0.00018
0.00026
0.00031
0.0004
0.00047
0.00054
0.00062
0.00069
0.00077
0.00086
0.00094
0.00104
0.00111
0.00121
0.00129
0.00138
0.00146
0.00155
0.00163
0.00172
0.0018
0.00188
0.00196
0.00203
0.00211
0.00218
0.00226
0.00233
0.00237
0.00245
0.0025
0.00256
0.0026
0.00266
0.00269
0.00274
0.00277
0.00281
0.00284
0.00286
0.0029
0.00292
0.00295
0.00298
0.00298
0.00301
0.00302
0.00304
0.00305
0.00306
0.00306
0.00309
0.00309
0.0031
0.0031
0.00311
0.00312
0.00313
0.00313
0.00314
0.00313
0.00314
0.00313
0.00314
0.00312
0.00313
0.00311
0.00312
0.0031
0.00309
0.00308
0.00306
0.00306
0.00305
0.00303
0.00303
0.00299
0.00299
0.00296
0.00295
0.00292
0.00291
0.00287
0.00287
0.00284
0.00281
0.00279
0.00276
0.00274
0.00272
0.00269
0.00268
0.00264
0.00263
0.00259
0.00258
0.00255
0.00254
0.0025
0.0025
0.00247
0.00245
0.00243
0.00241
0.0024
0.00239
0.00237
0.00237
0.00234
0.00234
0.00232
0.00232
0.0023
0.0023
0.00227
0.00227
0.00226
0.00225
0.00223
0.00221
0.00221
0.00219
0.00218
0.00217
0.00214
0.00213
0.00211
0.0021
0.00207
0.00205
0.00202
0.00202
0.00198
0.00196
0.00193
0.0019
0.00187
0.00185
0.00181
0.00179
0.00174
0.00172
0.00167
0.00164
0.00159
0.00156
0.0015
0.00147
0.00141
0.00136
0.0013
0.00124
0.00118
0.00112
0.00105
0.00098
0.00089
0.00082
0.00073
0.00065
0.00054
0.00046
0.00035
0.00026
0.00015
4e-05
-8e-05
-0.0002
-0.0003
-0.00042
-0.00054
-0.00065
-0.00078
-0.00089
-0.00102
-0.00113
-0.00126
-0.00136
-0.00149
-0.00159
-0.00172
-0.00183
-0.00194
-0.00205
-0.00215
-0.00226
-0.00236
-0.00246
-0.00257
-0.00266
-0.00277
-0.00285
-0.00296
-0.00304
-0.00314
-0.00322
-0.00332
-0.0034
-0.00349
-0.00358
-0.00366
-0.00374
-0.00382
-0.00388
-0.00397
-0.00403
-0.00411
-0.00416
-0.00423
-0.00428
-0.00435
-0.00438
-0.00443
-0.00448
-0.00452
-0.00455
-0.00458
-0.0046
-0.00462
-0.00463
-0.00466
-0.00466
-0.00467
-0.00466
-0.00468
-0.00467
-0.00468
-0.00467
-0.00467
-0.00467
-0.00467
-0.00467
-0.00466
-0.00466
-0.00466
-0.00465
-0.00466
-0.00466
-0.00466
-0.00466
-0.00467
-0.00467
-0.00468
-0.00467
-0.00468
-0.00469
-0.00469
-0.00469
-0.00468
-0.00467
-0.00467
-0.00465
-0.00465
-0.00462
-0.00461
-0.00458
-0.00457
-0.00454
-0.00452
-0.00448
-0.00445
-0.00442
-0.00438
-0.00435
-0.00432
-0.00427
-0.00424
-0.00419
-0.00417
-0.00412
-0.0041
-0.00406
-0.00403
-0.004
-0.00398
-0.00394
-0.00393
-0.0039
-0.00388
-0.00386
-0.00384
-0.00381
-0.00379
-0.00375
-0.00374
-0.0037
-0.00368
-0.00364
-0.00361
-0.00357
-0.00354
-0.00347
-0.00343
-0.00338
-0.00332
-0.00327
-0.00319
-0.00312
-0.00305
-0.00296
-0.0029
-0.00281
-0.00273
-0.00264
-0.00256
-0.00247
-0.00239
-0.00229
-0.00222
-0.00213
-0.00205
-0.00198
-0.00189
-0.00181
-0.00174
-0.00166
-0.0016
-0.00153
-0.00147
-0.00139
-0.00135
-0.00128
-0.00123
-0.00116
-0.00111
-0.00105
-0.001
-0.00095
-0.00089
-0.00083
-0.00077
-0.00071
-0.00066
-0.00058
-0.00052
-0.00044
-0.00039
-0.00031
-0.00024
-0.00015
-8e-05
0.0
8e-05
0.00016
0.00024
0.00033
0.00042
0.00051
0.00058
0.00067
0.00074
0.00083
0.0009
0.00098
0.00104
0.00112
0.00117
0.00124
0.00129
0.00134
0.00139
0.00143
0.00147
0.0015
0.00152
0.00155
0.00156
0.00158
0.00157
0.00158
0.00157
0.00157
0.00155
0.00153
0.0015
0.00148
0.00145
0.00143
0.00139
0.00136
0.00131
0.00129
0.00124
0.00121
0.00116
0.00112
0.00108
0.00105
0.00101
0.00097
0.00094
0.0009
0.00088
0.00086
0.00084
0.00083
0.00081
0.00081
0.0008
0.00081
0.0008
0.00082
0.00083
0.00086
0.00088
0.00092
0.00095
0.00099
0.00104
0.00109
0.00116
0.00123
0.00129
0.00138
0.00145
0.00156
0.00164
0.00176
0.00186
0.00199
0.00211
0.00224
0.00237
0.00252
0.00268
0.00284
0.00301
0.00319
0.00337
0.00357
0.00376
0.00398
0.00418
0.00441
0.00462
0.00487
0.00511
0.00535
0.0056
0.00586
0.00612
0.0064
0.00667
0.00695
0.00722
0.00752
0.0078
0.0081
0.0084
0.0087
0.00899
0.00931
0.00961
0.00992
0.01024
0.01055
0.01087
0.01119
0.01152
0.01185
0.01216
0.0125
0.01283
0.01317
0.0135
0.01385
0.01418
0.01454
0.01489
0.01524
0.01559
0.01595
0.01631
0.01668
0.01704
0.01742
0.01778
0.01816
0.01853
0.01892
0.01929
0.01968
0.02005
0.02045
0.02083
0.02121
0.0216
0.02198
0.02237
0.02276
0.02314
0.02353
0.02391
0.0243
0.02467
0.02506
0.02544
0.02582
0.02618
0.02657
0.02693
0.0273
0.02766
0.02802
0.02838
0.02874
0.02908
0.02944
0.02977
0.03012
0.03044
0.03078
0.03109
0.03141
0.03172
0.03204
0.03233
0.03262
0.0329
0.03317
0.03345
0.03372
0.03397
0.03422
0.03445
0.0347
0.03491
0.03513
0.03533
0.03553
0.03571
0.0359
0.03606
0.03622
0.03637
0.03651
0.03665
0.03677
0.03689
0.03701
0.0371
0.0372
0.03728
0.03736
0.03743
0.0375
0.03755
0.03761
0.03766
0.0377
0.03774
0.03777
0.0378
0.03783
0.03784
0.03787
0.03787
0.03788
0.03788
0.03789
0.03788
0.03788
0.03787
0.03787
0.03784
0.03783
0.0378
0.03777
0.03774
0.03771
0.03767
0.03763
0.03757
0.03753
0.03747
0.03742
0.03735
0.03729
0.03721
0.03715
0.03706
0.03699
0.0369
0.03682
0.03673
0.03665
0.03656
0.03648
0.03637
0.03629
0.0362
0.03612
0.03601
0.03593
0.03583
0.03576
0.03566
0.03558
0.03549
0.0354
0.03532
0.03524
0.03515
0.03508
0.03498
0.0349
0.03482
0.03474
0.03464
0.03457
0.03447
0.0344
0.0343
0.03421
0.03411
0.03402
0.03393
0.03383
0.03374
0.03364
0.03353
0.03344
0.03333
0.03324
0.03314
0.03304
0.03293
0.03285
0.03274
0.03265
0.03256
0.03247
0.03238
0.0323
0.03221
0.03214
0.03206
0.03199
0.03192
0.03186
0.03179
0.03173
0.03166
0.03162
0.03156
0.03151
0.03146
0.03141
0.03136
0.03132
0.03127
0.03123
0.03118
0.03114
0.0311
0.03106
0.03101
0.03097
0.03092
0.03089
0.03084
0.0308
0.03075
0.03071
0.03066
0.03062
0.03057
0.03053
0.03047
0.03043
0.03037
0.03033
0.03027
0.03022
0.03016
0.0301
0.03004
0.02997
0.0299
0.02982
0.02974
0.02966
0.02957
0.02948
0.02936
0.02926
0.02914
0.02902
0.02889
0.02875
0.0286
0.02846
0.0283
0.02813
0.02796
0.02777
0.02759
0.0274
0.0272
0.027
0.02678
0.02657
0.02634
0.02613
0.02589
0.02567
0.02542
0.02519
0.02495
0.0247
0.02445
0.02419
0.02395
0.0237
0.02344
0.02318
0.02291
0.02265
0.02238
0.02212
0.02184
0.02157
0.02129
0.02102
0.02074
0.02046
0.02017
0.01988
0.0196
0.01932
0.01903
0.01875
0.01846
0.01818
0.0179
0.01763
0.01734
0.01708
0.0168
0.01655
0.01629
0.01605
0.0158
0.01556
0.01534
0.01513
0.01492
0.01472
0.01452
0.01435
0.01418
0.01403
0.01386
0.01373
0.01359
0.01348
0.01336
0.01325
0.01315
0.01306
0.01298
0.0129
0.01284
0.01278
0.01271
0.01266
0.01261
0.01257
0.01252
0.01248
0.01243
0.01241
0.01237
0.01234
0.0123
0.01226
0.01224
0.01221
0.01218
0.01216
0.01212
0.01209
0.01206
0.01204
0.012
0.01197
0.01193
0.01191
0.01187
0.01184
0.0118
0.01175
0.01172
0.01168
0.01164
0.0116
0.01154
0.0115
0.01144
0.0114
0.01134
0.01129
0.01121
0.01116
0.01109
0.01102
0.01095
0.01087
0.0108
0.01072
0.01064
0.01056
0.01046
0.01038
0.01028
0.01019
0.01009
0.00999
0.00987
0.00978
0.00966
0.00955
0.00943
0.00932
0.0092
0.00909
0.00896
0.00885
0.00871
0.0086
0.00846
0.00835
0.00821
0.00809
0.00795
0.00784
0.0077
0.00758
0.00745
0.00732
0.0072
0.00708
0.00696
0.00685
0.00672
0.00662
0.00651
0.0064
0.00629
0.00619
0.00608
0.006
0.00589
0.0058
0.00571
0.00561
0.00553
0.00544
0.00535
0.00528
0.00517
0.0051
0.00501
0.00493
0.00483
0.00475
0.00465
0.00457
0.00448
0.00439
0.00429
0.0042
0.00411
0.00402
0.00392
0.00384
0.00373
0.00365
0.00355
0.00347
0.00338
0.00331
0.00322
0.00315
0.00307
0.003
0.00294
0.00288
0.00283
0.00278
0.00274
0.00272
0.00268
0.00267
0.00264
0.00264
0.00263
0.00263
0.00263
0.00265
0.00266
0.00268
0.0027
0.00272
0.00276
0.0028
0.00283
0.00287
0.0029
0.00294
0.00298
0.00303
0.00305
0.0031
0.00313
0.00318
0.00321
0.00323
0.00326
0.00329
0.00332
0.00335
0.00337
0.0034
0.0034
0.00342
0.00343
0.00345
0.00345
0.00346
0.00345
0.00347
0.00346
0.00346
0.00345
0.00345
0.00345
0.00344
0.00344
0.00344
0.00341
0.00342
0.0034
0.00341
0.00339
0.0034
0.00338
0.00339
0.00338
0.00338
0.00338
0.00338
0.0034
0.00341
0.00342
0.00344
0.00344
0.00346
0.00347
0.00349
0.0035
0.00352
0.00353
0.00356
0.00357
0.00358
0.00359
0.0036
0.00361
0.00362
0.00363
0.00363
0.00361
0.00362
0.0036
0.0036
0.00358
0.00356
0.00352
0.00351
0.00348
0.00345
0.00341
0.00337
0.00333
0.00329
0.00326
0.00322
0.00317
0.00314
0.00309
0.00306
0.00302
0.003
0.00296
0.00295
0.00291
0.0029
0.00288
0.00286
0.00286
0.00286
0.00286
0.00287
0.00286
0.00287
0.00288
0.0029
0.0029
0.00292
0.00292
0.00295
0.00296
0.00297
0.00298
0.00298
0.00299
0.003
0.003
0.00301
0.00299
0.00299
0.00298
0.00298
0.00295
0.00294
0.00291
0.00291
0.00289
0.00286
0.00284
0.00281
0.0028
0.00278
0.00276
0.00275
0.00272
0.00271
0.00269
0.00269
0.00267
0.00267
0.00264
0.00266
0.00264
0.00263
0.00262
0.00262
0.00261
0.0026
0.0026
0.00259
0.00257
0.00256
0.00253
0.00252
0.00249
0.00246
0.00242
0.0024
0.00235
0.00231
0.00226
0.00221
0.00217
0.00212
0.00207
0.00202
0.00195
0.00191
0.00185
0.00181
0.00175
0.00171
0.00166
0.00164
0.0016
0.00157
0.00154
0.00152
0.00152
0.00151
0.00151
0.00152
0.00152
0.00154
0.00156
0.00159
0.00161
0.00165
0.00167
0.00173
0.00176
0.0018
0.00184
0.00188
0.00193
0.00198
0.00202
0.00207
0.0021
0.00215
0.00218
0.00223
0.00226
0.0023
0.00233
0.00238
0.00241
0.00245
0.00248
0.00251
0.00255
0.00259
0.00263
0.00268
0.00271
0.00276
0.0028
0.00286
0.0029
0.00296
0.003
0.00308
0.00313
0.00319
0.00325
0.00331
0.00338
0.00345
0.00352
0.0036
0.00365
0.00373
0.00379
0.00388
0.00393
0.00401
0.00406
0.00414
0.0042
0.00426
0.00431
0.00437
0.00442
0.00448
0.00454
0.00459
0.00462
0.00468
0.00471
0.00477
0.00479
0.00484
0.00487
0.00491
0.00493
0.00497
0.00499
0.00501
0.00504
0.00507
0.00509
0.00511
0.00512
0.00514
0.00515
0.00517
0.00517
0.00519
0.00518
0.0052
0.00519
0.00519
0.00519
0.00519
0.00519
0.00518
0.00517
0.00517
0.00515
0.00516
0.00514
0.00514
0.00512
0.00511
0.0051
0.0051
0.00507
0.00506
0.00505
0.00503
0.00502
0.00501
0.005
0.00498
0.00496
0.00494
0.00492
0.00491
0.00488
0.00487
0.00483
0.00483
0.00479
0.00477
0.00474
0.0047
0.00468
0.00465
0.00462
0.0046
0.00455
0.00453
0.00449
0.00447
0.00442
0.0044
0.00436
0.00434
0.0043
0.00427
0.00424
0.0042
0.00418
0.00415
0.00413
0.0041
0.00406
0.00405
0.00401
0.00399
0.00395
0.00393
0.00389
0.00387
0.00383
0.00381
0.00377
0.00373
0.00369
0.00366
0.00362
0.00359
0.00354
0.0035
0.00345
0.00342
0.00336
0.00333
0.00327
0.00324
0.00319
0.00314
0.00309
0.00304
0.003
0.00296
0.00292
0.00289
0.00283
0.0028
0.00275
0.00272
0.00267
0.00263
0.00258
0.00255
0.0025
0.00246
0.00241
0.00236
0.00231
0.00227
0.00222
0.00217
0.0021
0.00205
0.00198
0.00193
0.00185
0.00179
0.00171
0.00164
0.00156
0.00148
0.0014
0.00131
0.00123
0.00115
0.00106
0.00098
0.00088
0.0008
0.00071
0.00063
0.00053
0.00046
0.00036
0.00029
0.00019
0.00011
2e-05
-6e-05
-0.00014
-0.00022
-0.0003
-0.00037
-0.00046
-0.00052
-0.00061
-0.00067
-0.00075
-0.00081
-0.00089
-0.00094
-0.00101
-0.00107
-0.00113
-0.00119
-0.00125
-0.00129
-0.00134
-0.00137
-0.00143
-0.00146
-0.0015
-0.00151
-0.00155
-0.00157
-0.00159
-0.00159
-0.00161
-0.00162
-0.00162
-0.00163
-0.00162
-0.00161
-0.0016
-0.00158
-0.00158
-0.00156
-0.00155
-0.00153
-0.00151
-0.00149
-0.00149
-0.00145
-0.00145
-0.00143
-0.00142
-0.00141
-0.0014
-0.00138
-0.00137
-0.00136
-0.00137
-0.00136
-0.00136
-0.00135
-0.00136
-0.00136
-0.00137
-0.00137
-0.00139
-0.00139
-0.00141
-0.00143
-0.00143
-0.00144
-0.00145
-0.00146
-0.00149
-0.0015
-0.00153
-0.00153
-0.00157
-0.00158
-0.00161
-0.00162
-0.00165
-0.00167
-0.0017
-0.00173
-0.00175
-0.00177
-0.0018
-0.00181
-0.00186
-0.00187
-0.0019
-0.00192
-0.00196
-0.00198
-0.00201
-0.00202
-0.00205
-0.00207
-0.0021
-0.00212
-0.00214
-0.00215
-0.00217
-0.00218
-0.00221
-0.00222
-0.00224
-0.00224
-0.00227
-0.00227
-0.00229
-0.00229
-0.00232
-0.00233
-0.00235
-0.00236
-0.00237
-0.00238
-0.00239
-0.0024
-0.00242
-0.00243
-0.00245
-0.00245
-0.00247
-0.00247
-0.0025
-0.00249
-0.00251
-0.00251
-0.00252
-0.00253
-0.00252
-0.00252
-0.00252
-0.00251
-0.00252
-0.00251
-0.00251
-0.00249
-0.00249
-0.00247
-0.00247
-0.00245
-0.00245
-0.00244
-0.00243
-0.00242
-0.00241
-0.0024
-0.0024
-0.00238
-0.0024
-0.00238
-0.00239
-0.00238
-0.0024
-0.0024
-0.00241
-0.00241
-0.00242
-0.00244
-0.00245
-0.00246
-0.00247
-0.00248
-0.00249
-0.00249
-0.00251
-0.00251
-0.00252
-0.00251
-0.00252
-0.00251
-0.00252
-0.0025
-0.0025
-0.00249
-0.00249
-0.00248
-0.00246
-0.00244
-0.00243
-0.00241
-0.00241
-0.00238
-0.00237
-0.00235
-0.00235
-0.00233
-0.00234
-0.00232
-0.00232
-0.00232
-0.00232
-0.00233
-0.00232
-0.00233
-0.00233
-0.00233
-0.00236
-0.00235
-0.00237
-0.00236
-0.00238
-0.00238
-0.00239
-0.00238
-0.00238
-0.00237
-0.00237
-0.00236
-0.00234
-0.00232
-0.00229
-0.00226
-0.00223
-0.00218
-0.00215
-0.00209
-0.00205
-0.00198
-0.00193
-0.00185
-0.0018
-0.00172
-0.00166
-0.00158
-0.0015
-0.00142
-0.00134
-0.00126
-0.00119
-0.0011
-0.00103
-0.00094
-0.00088
-0.0008
-0.00073
-0.00064
-0.00058
-0.00052
-0.00046
-0.0004
-0.00034
-0.00028
-0.00023
-0.00017
-0.00013
-8e-05
-4e-05
1e-05
3e-05
8e-05
0.00011
0.00015
0.00018
0.00021
0.00024
0.00027
0.0003
0.00034
0.00037
0.00041
0.00043
0.00047
0.0005
0.00055
0.00058
0.00062
0.00066
0.00071
0.00075
0.0008
0.00085
0.0009
0.00095
0.00101
0.00107
0.00113
0.00118
0.00125
0.0013
0.00137
0.00142
0.00149
0.00153
0.00161
0.00166
0.00171
0.00176
0.00181
0.00186
0.00191
0.00195
0.002
0.00203
0.00208
0.00211
0.00215
0.00217
0.0022
0.00221
0.00225
0.00227
0.00228
0.0023
0.00231
0.00234
0.00235
0.00237
0.00239
0.00239
0.00242
0.00243
0.00245
0.00246
0.00249
0.0025
0.00253
0.00254
0.00257
0.00258
0.0026
0.00263
0.00266
0.00268
0.00272
0.00273
0.00276
0.00278
0.00281
0.00283
0.00286
0.00287
0.0029
0.00291
0.00293
0.00294
0.00295
0.00297
0.00298
0.00299
0.003
0.00298
0.00299
0.00298
0.00298
0.00296
0.00295
0.00292
0.00292
0.00289
0.00286
0.00282
0.00278
0.00275
0.00272
0.00267
0.00263
0.00257
0.00253
0.00247
0.00243
0.00236
0.00231
0.00223
0.00218
0.00212
0.00205
0.00199
0.00192
0.00186
0.0018
0.00174
0.00169
0.00162
0.00157
0.0015
0.00146
0.0014
0.00135
0.0013
0.00126
0.00121
0.00117
0.00112
0.00108
0.00104
0.00101
0.00097
0.00094
0.00089
0.00087
0.00083
0.00081
0.00077
0.00075
0.00071
0.00069
0.00066
0.00063
0.0006
0.00057
0.00055
0.00053
0.00052
0.00051
0.00048
0.00048
0.00047
0.00048
0.00047
0.00048
0.00048
0.00051
0.00052
0.00054
0.00056
0.00059
0.00063
0.00067
0.00072
0.00077
0.00081
0.00088
0.00093
0.00099
0.00104
0.00111
0.00116
0.00124
0.00129
0.00134
0.00139
0.00144
0.0015
0.00155
0.00159
0.00164
0.00167
0.00171
0.00173
0.00177
0.00179
0.00182
0.00183
0.00186
0.00187
0.00189
0.0019
0.0019
0.00193
0.00194
0.00195
0.00198
0.00198
0.00201
0.00202
0.00205
0.00207
0.00209
0.00211
0.00214
0.00217
0.00219
0.00221
0.00223
0.00226
0.00229
0.00231
0.00234
0.00234
0.00235
0.00235
0.00237
0.00235
0.00235
0.00233
0.00232
0.0023
0.00227
0.00223
0.00219
0.00215
0.00211
0.00205
0.002
0.00194
0.00189
0.00182
0.00177
0.0017
0.00164
0.00157
0.00152
0.00146
0.0014
0.00134
0.00129
0.00124
0.0012
0.00115
0.00111
0.00106
0.00103
0.00099
0.00096
0.00092
0.00089
0.00085
0.00084
0.0008
0.00077
0.00074
0.0007
0.00067
0.00065
0.00062
0.0006
0.00054
0.00053
0.00049
0.00047
0.00043
0.0004
0.00037
0.00035
0.00032
0.0003
0.00028
0.00026
0.00025
0.00024
0.00024
0.00024
0.00023
0.00025
0.00025
0.00028
0.00028
0.00031
0.00032
0.00036
0.00038
0.00041
0.00043
0.00046
0.00049
0.00052
0.00055
0.00058
0.00059
0.00062
0.00063
0.00066
0.00066
0.00067
0.00067
0.00069
0.00068
0.00067
0.00067
0.00066
0.00065
0.00065
0.00064
0.00064
0.00062
0.00062
0.00061
0.00062
0.00061
0.00061
0.00061
0.00063
0.00063
0.00065
0.00066
0.00067
0.0007
0.00073
0.00076
0.0008
0.00081
0.00086
0.00088
0.00093
0.00095
0.00099
0.00102
0.00106
0.00108
0.00111
0.00113
0.00116
0.00118
0.00121
0.00122
0.00125
0.00125
0.00127
0.00128
0.0013
0.0013
0.00133
0.00133
0.00135
0.00136
0.00138
0.00139
0.00141
0.00144
0.00147
0.00149
0.00153
0.00155
0.0016
0.00163
0.00168
0.00172
0.00177
0.00181
0.00187
0.00191
0.00196
0.00201
0.00205
0.00211
0.00216
0.00221
0.00226
0.00228
0.00234
0.00236
0.0024
0.00243
0.00246
0.00247
0.0025
0.00251
0.00253
0.00253
0.00254
0.00255
0.00255
0.00255
0.00257
0.00255
0.00255
0.00254
0.00255
0.00254
0.00254
0.00252
0.00253
0.00252
0.00251
0.0025
0.00249
0.00249
0.00249
0.00249
0.00249
0.00246
0.00247
0.00245
0.00245
0.00244
0.00243
0.00241
0.00241
0.00239
0.00237
0.00235
0.00233
0.00231
0.00229
0.00227
0.00225
0.00221
0.0022
0.00216
0.00214
0.00211
0.00208
0.00204
0.00203
0.00199
0.00196
0.00193
0.00189
0.00186
0.00184
0.00181
0.00179
0.00175
0.00173
0.0017
0.00168
0.00164
0.00163
0.00159
0.00159
0.00156
0.00153
0.00151
0.00148
0.00147
0.00145
0.00143
0.00141
0.00138
0.00136
0.00133
0.00132
0.00129
0.00127
0.00123
0.00122
0.00118
0.00115
0.00112
0.00108
0.00105
0.00102
0.00098
0.00094
0.00089
0.00085
0.0008
0.00076
0.0007
0.00066
0.0006
0.00056
0.00049
0.00043
0.00037
0.0003
0.00025
0.00019
0.00012
7e-05
-1e-05
-6e-05
-0.00013
-0.00018
-0.00026
-0.00031
-0.00039
-0.00043
-0.0005
-0.00056
-0.00062
-0.00068
-0.00074
-0.00079
-0.00085
-0.0009
-0.00096
-0.00101
-0.00107
-0.00111
-0.00118
-0.00122
-0.00128
-0.00132
-0.00139
-0.00144
-0.00149
-0.00155
-0.00159
-0.00164
-0.00169
-0.00173
-0.0018
-0.00183
-0.00189
-0.00192
-0.00197
-0.002
-0.00205
-0.00207
-0.00211
-0.00214
-0.00217
-0.00219
-0.0022
-0.00221
-0.00222
-0.00222
-0.00223
-0.00221
-0.00221
-0.00218
-0.00218
-0.00215
-0.00214
-0.00209
-0.00207
-0.00204
-0.002
-0.00197
-0.00192
-0.00189
-0.00184
-0.0018
-0.00177
-0.00172
-0.00169
-0.00164
-0.00162
-0.00157
-0.00155
-0.00151
-0.00149
-0.00146
-0.00145
-0.00143
-0.00141
-0.00139
-0.00138
-0.00137
-0.00137
-0.00136
-0.00136
-0.00135
-0.00136
-0.00136
-0.00137
-0.00136
-0.00137
-0.00137
-0.00139
-0.00139
-0.0014
-0.0014
-0.0014
-0.0014
-0.00142
-0.00141
-0.00143
-0.00142
-0.00144
-0.00144
-0.00145
-0.00145
-0.00146
-0.00147
-0.00149
-0.0015
-0.00151
-0.00153
-0.00154
-0.00155
-0.00159
-0.0016
-0.00164
-0.00166
-0.00169
-0.00172
-0.00176
-0.00177
-0.00182
-0.00185
-0.00189
-0.00192
-0.00195
-0.00198
-0.002
-0.00203
-0.00206
-0.00208
-0.0021
-0.0021
-0.00213
-0.00213
-0.00214
-0.00213
-0.00213
-0.00212
-0.0021
-0.00208
-0.00205
-0.00201
-0.00198
-0.00192
-0.00189
-0.00182
-0.00177
-0.0017
-0.00164
-0.00156
-0.0015
-0.0014
-0.00132
-0.00123
-0.00115
-0.00105
-0.00095
-0.00085
-0.00075
-0.00063
-0.00054
-0.00042
-0.00031
-0.00019
-8e-05
4e-05
0.00015
0.00029
0.0004
0.00053
0.00065
0.00077
0.00091
0.00104
0.00117
0.00132
0.00144
0.00159
0.00172
0.00187
0.002
0.00214
0.00227
0.00243
0.00257
0.0027
0.00284
0.00298
0.00312
0.00325
0.00338
0.00352
0.00364
0.00377
0.00389
0.00402
0.00412
0.00424
0.00433
0.00445
0.00454
0.00463
0.00471
0.00479
0.00487
0.00494
0.005
0.00506
0.0051
0.00516
0.00519
0.00524
0.00525
0.00528
0.00529
0.00532
0.00532
0.00532
0.00532
0.00531
0.0053
0.0053
0.00528
0.00527
0.00523
0.00521
0.00518
0.00516
0.00512
0.00509
0.00504
0.00501
0.00497
0.00492
0.00487
0.00483
0.00478
0.00473
0.00468
0.00464
0.00457
0.00452
0.00446
0.00442
0.00435
0.00429
0.00423
0.00418
0.00411
0.00405
0.00399
0.00392
0.00386
0.00379
0.00373
0.00368
0.0036
0.00354
0.00347
0.00342
0.00334
0.00328
0.00321
0.00316
0.00309
0.00303
0.00296
0.00289
0.00283
0.00277
0.00271
0.00266
0.00258
0.00253
0.00246
0.0024
0.00233
0.00227
0.0022
0.00216
0.00208
0.00202
0.00195
0.00189
0.00182
0.00176
0.0017
0.00164
0.00157
0.00152
0.00144
0.00139
0.00132
0.00127
0.0012
0.00115
0.00108
0.00102
0.00096
0.0009
0.00085
0.0008
0.00074
0.0007
0.00063
0.00059
0.00053
0.00049
0.00043
0.00039
0.00033
0.0003
0.00025
0.0002
0.00015
0.00011
7e-05
3e-05
-1e-05
-4e-05
-9e-05
-0.00012
-0.00016
-0.00018
-0.00023
-0.00025
-0.00029
-0.0003
-0.00034
-0.00036
-0.00038
-0.0004
-0.00041
-0.00043
-0.00044
-0.00044
-0.00046
-0.00045
-0.00047
-0.00045
-0.00046
-0.00045
-0.00045
-0.00043
-0.00043
-0.00041
-0.0004
-0.0004
-0.00038
-0.00036
-0.00034
-0.00032
-0.00031
-0.00029
-0.00028
-0.00025
-0.00025
-0.00022
-0.00022
-0.00019
-0.00018
-0.00017
-0.00017
-0.00016
-0.00015
-0.00015
-0.00014
-0.00013
-0.00015
-0.00013
-0.00015
-0.00014
-0.00016
-0.00016
-0.00018
-0.00017
-0.0002
-0.00021
-0.00022
-0.00025
-0.00026
-0.00027
-0.0003
-0.00031
-0.00035
-0.00036
-0.00039
-0.00041
-0.00044
-0.00046
-0.0005
-0.00052
-0.00055
-0.00058
-0.00061
-0.00064
-0.00067
-0.0007
-0.00072
-0.00075
-0.00079
-0.00081
-0.00085
-0.00087
-0.00091
-0.00093
-0.00097
-0.00099
-0.00103
-0.00105
-0.00109
-0.00113
-0.00115
-0.00118
-0.00121
-0.00123
-0.00128
-0.0013
-0.00134
-0.00136
-0.0014
-0.00142
-0.00146
-0.00148
-0.00151
-0.00154
-0.00157
-0.0016
-0.00162
-0.00164
-0.00167
-0.00168
-0.00172
-0.00172
-0.00174
-0.00175
-0.00178
-0.00178
-0.0018
-0.0018
-0.00181
-0.00181
-0.00182
-0.00182
-0.00181
-0.0018
-0.0018
-0.00178
-0.00178
-0.00176
-0.00174
-0.00172
-0.00171
-0.00168
-0.00167
-0.00163
-0.0016
-0.00158
-0.00155
-0.00153
-0.0015
-0.00146
-0.00143
-0.00139
-0.00137
-0.00134
-0.00131
-0.00127
-0.00125
-0.00122
-0.0012
-0.00116
-0.00114
-0.00112
-0.00109
-0.00108
-0.00105
-0.00103
-0.001
-0.00098
-0.00098
-0.00095
-0.00094
-0.00091
-0.00091
-0.00088
-0.00088
-0.00084
-0.00083
-0.00081
-0.00079
-0.00077
-0.00074
-0.00071
-0.00067
-0.00063
-0.00061
-0.00056
-0.00052
-0.00046
-0.00042
-0.00036
-0.00031
-0.00024
-0.00018
-0.00011
-4e-05
2e-05
0.0001
0.00017
0.00025
0.00034
0.0004
0.00048
0.00055
0.00063
0.0007
0.00077
0.00083
0.00091
0.00097
0.00102
0.00107
0.00112
0.00117
0.00121
0.00125
0.00129
0.0013
0.00133
0.00134
0.00136
0.00136
0.00138
0.00138
0.00139
0.00138
0.00138
0.00137
0.00136
0.00135
0.00135
0.00134
0.00133
0.0013
0.0013
0.00129
0.00128
0.00126
0.00125
0.00123
0.00123
0.00121
0.0012
0.00117
0.00116
0.00114
0.00112
0.0011
0.00108
0.00104
0.00102
0.00098
0.00096
0.00091
0.00087
0.00081
0.00078
0.00072
0.00067
0.00061
0.00054
0.00048
0.00042
0.00035
0.00029
0.0002
0.00015
7e-05
1e-05
-8e-05
-0.00014
-0.00022
-0.00027
-0.00034
-0.0004
-0.00047
-0.00053
-0.00058
-0.00063
-0.00067
-0.00071
-0.00077
-0.0008
-0.00084
-0.00086
-0.0009
-0.00091
-0.00095
-0.00095
-0.00098
-0.00099
-0.00101
-0.00102
-0.00103
-0.00103
-0.00103
-0.00103
-0.00104
-0.00103
-0.00103
-0.00101
-0.00101
-0.00099
-0.00099
-0.00096
-0.00095
-0.00093
-0.00091
-0.00089
-0.00086
-0.00082
-0.00079
-0.00075
-0.00072
-0.00067
-0.00063
-0.00057
-0.00053
-0.00047
-0.00043
-0.00035
-0.0003
-0.00024
-0.00018
-0.00012
-5e-05
2e-05
8e-05
0.00016
0.00021
0.00029
0.00035
0.00043
0.00048
0.00054
0.0006
0.00067
0.00072
0.00077
0.00083
0.00087
0.00092
0.00097
0.00101
0.00106
0.00108
0.00112
0.00115
0.00118
0.0012
0.00124
0.00125
0.00128
0.00129
0.00131
0.00133
0.00134
0.00135
0.00136
0.00138
0.0014
0.00139
0.00141
0.00142
0.00144
0.00144
0.00146
0.00146
0.00149
0.00149
0.0015
0.00152
0.00153
0.00154
0.00156
0.00157
0.00159
0.00159
0.00162
0.00163
0.00166
0.00166
0.00168
0.00168
0.00171
0.00172
0.00173
0.00175
0.00175
0.00177
0.00179
0.00181
0.00183
0.00184
0.00186
0.00187
0.0019
0.00191
0.00195
0.00196
0.002
0.00203
0.00205
0.00208
0.00212
0.00216
0.00219
0.00223
0.00228
0.00231
0.00236
0.00239
0.00244
0.00247
0.00251
0.00254
0.00259
0.00262
0.00264
0.00267
0.00268
0.00271
0.00272
0.00273
0.00274
0.00272
0.00273
0.00271
0.0027
0.00267
0.00264
0.0026
0.00258
0.00253
0.00248
0.00243
0.00237
0.00232
0.00227
0.00221
0.00216
0.00209
0.00204
0.00197
0.00193
0.00185
0.0018
0.00173
0.00169
0.00163
0.00157
0.00152
0.00146
0.00141
0.00136
0.0013
0.00126
0.00119
0.00115
0.00108
0.00103
0.00096
0.0009
0.00083
0.00078
0.00071
0.00063
0.00056
0.00048
0.00041
0.00034
0.00026
0.00019
0.0001
2e-05
-6e-05
-0.00013
-0.00021
-0.00028
-0.00036
-0.00042
-0.00049
-0.00056
-0.00062
-0.00068
-0.00073
-0.00078
-0.00083
-0.00086
-0.00092
-0.00094
-0.00099
-0.001
-0.00104
-0.00106
-0.0011
-0.00111
-0.00114
-0.00116
-0.00118
-0.00121
-0.00122
-0.00125
-0.00127
-0.00128
-0.00132
-0.00133
-0.00136
-0.00137
-0.00141
-0.00143
-0.00146
-0.00146
-0.00149
-0.00151
-0.00153
-0.00154
-0.00155
-0.00155
-0.00155
-0.00153
-0.00154
-0.00151
-0.00149
-0.00145
-0.00143
-0.00138
-0.00135
-0.00128
-0.00123
-0.00116
-0.0011
-0.00103
-0.00095
-0.00086
-0.00077
-0.00068
-0.0006
-0.00049
-0.0004
-0.0003
-0.00021
-0.0001
-1e-05
0.0001
0.00019
0.00029
0.00038
0.00048
0.00058
0.00067
0.00077
0.00087
0.00095
0.00105
0.00113
0.00124
0.00131
0.00141
0.00148
0.00158
0.00166
0.00175
0.00183
0.00191
0.00199
0.00208
0.00216
0.00224
0.0023
0.00238
0.00244
0.00252
0.00257
0.00263
0.00268
0.00274
0.00277
0.00281
0.00284
0.00286
0.00289
0.00291
0.00291
0.00292
0.00291
0.00291
0.00289
0.00288
0.00285
0.00282
0.00278
0.00276
0.00271
0.00266
0.00261
0.00256
0.00251
0.00246
0.00241
0.00236
0.00229
0.00224
0.00218
0.00213
0.00207
0.00202
0.00195
0.0019
0.00184
0.00179
0.00172
0.00167
0.00161
0.00156
0.0015
0.00145
0.00138
0.00133
0.00127
0.00122
0.00115
0.00109
0.00102
0.00097
0.0009
0.00083
0.00076
0.00069
0.00063
0.00057
0.0005
0.00044
0.00035
0.0003
0.00022
0.00017
9e-05
3e-05
-4e-05
-9e-05
-0.00016
-0.00022
-0.00029
-0.00035
-0.0004
-0.00045
-0.0005
-0.00055
-0.00062
-0.00065
-0.00071
-0.00074
-0.00079
-0.00082
-0.00087
-0.00089
-0.00093
-0.00095
-0.00098
-0.001
-0.00101
-0.00102
-0.00103
-0.00102
-0.00103
-0.00102
-0.00101
-0.00099
-0.00098
-0.00094
-0.00093
-0.00088
-0.00084
-0.0008
-0.00075
-0.0007
-0.00064
-0.00057
-0.00051
-0.00043
-0.00038
-0.00029
-0.00022
-0.00013
-6e-05
3e-05
0.00011
0.00021
0.00029
0.00038
0.00047
0.00056
0.00066
0.00075
0.00085
0.00095
0.00104
0.00115
0.00124
0.00135
0.00144
0.00156
0.00165
0.00177
0.00187
0.00199
0.00209
0.0022
0.00232
0.00244
0.00255
0.00268
0.00278
0.00291
0.00302
0.00314
0.00325
0.00337
0.00347
0.00359
0.00369
0.00379
0.00388
0.00397
0.00406
0.00415
0.00423
0.00432
0.00437
0.00444
0.00449
0.00455
0.00459
0.00464
0.00466
0.0047
0.00471
0.00474
0.00474
0.00475
0.00476
0.00477
0.00476
0.00476
0.00474
0.00473
0.00471
0.0047
0.00467
0.00465
0.00461
0.0046
0.00456
0.00453
0.00449
0.00445
0.00442
0.00438
0.00433
0.00429
0.00423
0.00419
0.00413
0.00408
0.00401
0.00396
0.00388
0.00382
0.00374
0.00367
0.00359
0.0035
0.00342
0.00335
0.00326
0.00317
0.00306
0.00298
0.00287
0.00278
0.00267
0.00257
0.00245
0.00236
0.00225
0.00213
0.00202
0.0019
0.00179
0.00168
0.00157
0.00145
0.00132
0.00121
0.00109
0.00098
0.00085
0.00073
0.0006
0.00049
0.00037
0.00024
0.00012
-1e-05
-0.00012
-0.00024
-0.00036
-0.00047
-0.00059
-0.0007
-0.00081
-0.0009
-0.00102
-0.00111
-0.00122
-0.0013
-0.00139
-0.00148
-0.00156
-0.00164
-0.00171
-0.00177
-0.00183
-0.00188
-0.00195
-0.00198
-0.00203
-0.00206
-0.0021
-0.00213
-0.00217
-0.00217
-0.0022
-0.00222
-0.00223
-0.00224
-0.00224
-0.00224
-0.00224
-0.00224
-0.00225
-0.00223
-0.00223
-0.00222
-0.00222
-0.00219
-0.00219
-0.00216
-0.00215
-0.00213
-0.00211
-0.00209
-0.00205
-0.00202
-0.00199
-0.00195
-0.00192
-0.00187
-0.00183
-0.00178
-0.00174
-0.00168
-0.00164
-0.00157
-0.00151
-0.00146
-0.0014
-0.00134
-0.00126
-0.00119
-0.00112
-0.00104
-0.00099
-0.0009
-0.00084
-0.00075
-0.00069
-0.00061
-0.00054
-0.00045
-0.00039
-0.00032
-0.00025
-0.00018
-0.00011
-4e-05
3e-05
0.0001
0.00015
0.00022
0.00028
0.00034
0.00039
0.00046
0.00049
0.00056
0.0006
0.00065
0.00069
0.00073
0.00077
0.00082
0.00085
0.0009
0.00092
0.00095
0.00098
0.00101
0.00102
0.00105
0.00106
0.00108
0.00109
0.0011
0.00111
0.00111
0.00111
0.00112
0.00112
0.00112
0.0011
0.0011
0.00109
0.00109
0.00106
0.00106
0.00103
0.00103
0.00101
0.00099
0.00096
0.00094
0.00092
0.0009
0.00088
0.00086
0.00081
0.0008
0.00076
0.00074
0.0007
0.00067
0.00063
0.00061
0.00056
0.00052
0.00047
0.00042
0.00038
0.00034
0.00029
0.00024
0.00017
0.00012
6e-05
1e-05
-6e-05
-0.00012
-0.00019
-0.00024
-0.00031
-0.00038
-0.00045
-0.00052
-0.00059
-0.00065
-0.00072
-0.00079
-0.00087
-0.00093
-0.001
-0.00106
-0.00114
-0.00121
-0.00129
-0.00135
-0.00143
-0.0015
-0.00158
-0.00166
-0.00173
-0.00181
-0.00189
-0.00196
-0.00206
-0.00214
-0.00223
-0.00231
-0.00241
-0.0025
-0.0026
-0.00268
-0.00278
-0.00288
-0.00297
-0.00308
-0.00316
-0.00325
-0.00335
-0.00343
-0.00354
-0.00361
-0.0037
-0.00377
-0.00385
-0.00392
-0.00399
-0.00403
-0.0041
-0.00415
-0.00419
-0.00423
-0.00426
-0.00428
-0.0043
-0.00431
-0.00433
-0.00432
-0.00433
-0.00431
-0.00431
-0.00429
-0.00428
-0.00424
-0.00421
-0.00419
-0.00415
-0.00412
-0.00407
-0.00403
-0.00398
-0.00392
-0.00388
-0.00382
-0.00377
-0.0037
-0.00365
-0.00357
-0.00351
-0.00342
-0.00336
-0.00328
-0.00319
-0.00311
-0.00301
-0.00291
-0.00281
-0.0027
-0.00261
-0.00249
-0.00237
-0.00224
