1.7880788499777E+01

0.00225
0.00225
0.00227
0.00227
0.0023
0.00231
0.00231
0.00232
0.00232
0.00234
0.00235
0.00235
0.00236
0.00235
0.00237
0.00236
0.00237
0.00237
0.00238
0.00237
0.00239
0.00239
0.00239
0.00239
0.0024
0.00241
0.00242
0.00243
0.00244
0.00244
0.00246
0.00247
0.00249
0.00249
0.00251
0.00252
0.00255
0.00255
0.00257
0.00258
0.00259
0.0026
0.00262
0.00262
0.00264
0.00263
0.00264
0.00263
0.00264
0.00263
0.00263
0.00261
0.00261
0.00259
0.00257
0.00255
0.00252
0.0025
0.00248
0.00245
0.00243
0.00238
0.00235
0.00231
0.00228
0.00223
0.00221
0.00216
0.00213
0.00208
0.00204
0.002
0.00195
0.00191
0.00187
0.00184
0.0018
0.00175
0.00172
0.00167
0.00164
0.00159
0.00156
0.00151
0.00149
0.00144
0.0014
0.00135
0.0013
0.00126
0.00122
0.00117
0.00113
0.00107
0.00103
0.00097
0.00092
0.00085
0.0008
0.00072
0.00067
0.0006
0.00053
0.00046
0.00038
0.00031
0.00024
0.00017
0.0001
0.0
-7e-05
-0.00015
-0.00022
-0.00031
-0.00039
-0.00048
-0.00054
-0.00062
-0.0007
-0.00079
-0.00086
-0.00093
-0.001
-0.00107
-0.00114
-0.00122
-0.00128
-0.00135
-0.0014
-0.00148
-0.00153
-0.0016
-0.00165
-0.00171
-0.00177
-0.00183
-0.00189
-0.00194
-0.00199
-0.00204
-0.00208
-0.00214
-0.00218
-0.00223
-0.00227
-0.00232
-0.00236
-0.00241
-0.00244
-0.00248
-0.00251
-0.00255
-0.00259
-0.00261
-0.00264
-0.00267
-0.00268
-0.00271
-0.00272
-0.00274
-0.00274
-0.00276
-0.00276
-0.00277
-0.00276
-0.00276
-0.00276
-0.00275
-0.00274
-0.00273
-0.00271
-0.00269
-0.00267
-0.00267
-0.00264
-0.00263
-0.0026
-0.0026
-0.00258
-0.00257
-0.00254
-0.00254
-0.00252
-0.00252
-0.00251
-0.0025
-0.00249
-0.00249
-0.00249
-0.0025
-0.0025
-0.00251
-0.00251
-0.00252
-0.00253
-0.00255
-0.00255
-0.00258
-0.0026
-0.00261
-0.00264
-0.00265
-0.00267
-0.00268
-0.00269
-0.00272
-0.00273
-0.00275
-0.00275
-0.00277
-0.00278
-0.00279
-0.00278
-0.00279
-0.0028
-0.0028
-0.00281
-0.0028
-0.00279
-0.00278
-0.00277
-0.00278
-0.00276
-0.00275
-0.00273
-0.00273
-0.00271
-0.00271
-0.00268
-0.00268
-0.00266
-0.00265
-0.00264
-0.00263
-0.00261
-0.00259
-0.00257
-0.00257
-0.00254
-0.00253
-0.0025
-0.00249
-0.00246
-0.00244
-0.0024
-0.00237
-0.00233
-0.0023
-0.00226
-0.00221
-0.00215
-0.00209
-0.00202
-0.00196
-0.00187
-0.0018
-0.00171
-0.00162
-0.00152
-0.00143
-0.00131
-0.00121
-0.00109
-0.00097
-0.00085
-0.00072
-0.00059
-0.00046
-0.00032
-0.0002
-6e-05
7e-05
0.00022
0.00035
0.00049
0.00061
0.00076
0.00089
0.00102
0.00115
0.00127
0.0014
0.00153
0.00166
0.00179
0.0019
0.00203
0.00214
0.00227
0.00239
0.00251
0.00262
0.00276
0.00287
0.00299
0.0031
0.00322
0.00335
0.00346
0.00359
0.00371
0.00382
0.00395
0.00405
0.00418
0.00428
0.0044
0.0045
0.00461
0.00471
0.00481
0.00491
0.005
0.00509
0.00517
0.00525
0.00534
0.0054
0.00548
0.00553
0.00561
0.00566
0.00572
0.00576
0.00583
0.00588
0.00592
0.00597
0.00601
0.00606
0.00611
0.00616
0.00622
0.00625
0.00631
0.00636
0.00643
0.00647
0.00654
0.00659
0.00666
0.00672
0.00678
0.00684
0.0069
0.00697
0.00704
0.00711
0.00717
0.00722
0.00729
0.00734
0.0074
0.00744
0.00749
0.00752
0.00757
0.00759
0.00762
0.00763
0.00764
0.00765
0.00766
0.00765
0.00764
0.00762
0.00761
0.00757
0.00755
0.0075
0.00746
0.00741
0.00737
0.00731
0.00726
0.00719
0.00713
0.00707
0.007
0.00693
0.00687
0.00679
0.00672
0.00665
0.00658
0.00649
0.00643
0.00634
0.00628
0.00619
0.00611
0.00603
0.00594
0.00587
0.00578
0.0057
0.00562
0.00552
0.00544
0.00534
0.00526
0.00516
0.00507
0.00497
0.00488
0.00478
0.00469
0.00459
0.00448
0.00439
0.0043
0.0042
0.00412
0.00402
0.00394
0.00384
0.00378
0.00369
0.00361
0.00354
0.00348
0.00341
0.00335
0.00329
0.00324
0.00319
0.00315
0.00312
0.00309
0.00304
0.00302
0.00299
0.00298
0.00294
0.00292
0.00289
0.00289
0.00286
0.00283
0.00281
0.00278
0.00276
0.00274
0.00271
0.00269
0.00264
0.00262
0.00258
0.00255
0.0025
0.00248
0.00243
0.0024
0.00235
0.00232
0.00228
0.00224
0.00221
0.00218
0.00215
0.00213
0.00209
0.00208
0.00206
0.00206
0.00204
0.00204
0.00203
0.00204
0.00204
0.00204
0.00205
0.00205
0.00207
0.00208
0.00209
0.00211
0.0021
0.00212
0.00211
0.00212
0.00211
0.00211
0.00209
0.00209
0.00207
0.00205
0.00203
0.00199
0.00197
0.00194
0.0019
0.00187
0.00182
0.00179
0.00175
0.00172
0.00167
0.00164
0.00159
0.00157
0.00154
0.00152
0.00149
0.00147
0.00146
0.00146
0.00146
0.00147
0.00146
0.00148
0.00149
0.00153
0.00154
0.00157
0.00159
0.00163
0.00166
0.0017
0.00172
0.00175
0.00179
0.00182
0.00185
0.00187
0.00189
0.00191
0.00192
0.00194
0.00193
0.00194
0.00193
0.00193
0.00191
0.0019
0.00187
0.00185
0.00182
0.0018
0.00177
0.00174
0.0017
0.00167
0.00162
0.0016
0.00155
0.00152
0.00147
0.00145
0.00141
0.00137
0.00133
0.0013
0.00126
0.00124
0.0012
0.00118
0.00113
0.00111
0.00107
0.00104
0.00101
0.00098
0.00093
0.00091
0.00086
0.00083
0.00079
0.00074
0.0007
0.00066
0.00062
0.00058
0.00052
0.00049
0.00043
0.00039
0.00034
0.00029
0.00023
0.0002
0.00014
9e-05
3e-05
-2e-05
-7e-05
-0.00011
-0.00016
-0.00021
-0.00027
-0.00031
-0.00036
-0.0004
-0.00046
-0.0005
-0.00056
-0.0006
-0.00066
-0.0007
-0.00076
-0.00081
-0.00085
-0.0009
-0.00095
-0.00099
-0.00105
-0.00109
-0.00116
-0.00119
-0.00126
-0.0013
-0.00136
-0.0014
-0.00145
-0.0015
-0.00155
-0.00161
-0.00166
-0.0017
-0.00175
-0.0018
-0.00186
-0.0019
-0.00195
-0.00199
-0.00205
-0.00209
-0.00215
-0.00218
-0.00224
-0.00229
-0.00234
-0.00239
-0.00244
-0.00248
-0.00253
-0.00257
-0.00263
-0.00267
-0.00272
-0.00276
-0.00281
-0.00285
-0.0029
-0.00292
-0.00297
-0.003
-0.00304
-0.00308
-0.0031
-0.00312
-0.00314
-0.00315
-0.00318
-0.00318
-0.00319
-0.00318
-0.00319
-0.00318
-0.00318
-0.00315
-0.00315
-0.00313
-0.0031
-0.00308
-0.00305
-0.00301
-0.00297
-0.00292
-0.0029
-0.00284
-0.0028
-0.00274
-0.00269
-0.00263
-0.00258
-0.00251
-0.00246
-0.00239
-0.00233
-0.00227
-0.0022
-0.00213
-0.00205
-0.00198
-0.00192
-0.00183
-0.00177
-0.00168
-0.00162
-0.00153
-0.00146
-0.00137
-0.0013
-0.00122
-0.00114
-0.00107
-0.00098
-0.0009
-0.00082
-0.00074
-0.00067
-0.00059
-0.00052
-0.00044
-0.00038
-0.0003
-0.00024
-0.00016
-0.00011
-4e-05
1e-05
6e-05
0.00012
0.00017
0.00022
0.00028
0.00031
0.00036
0.00039
0.00044
0.00047
0.00051
0.00053
0.00057
0.00059
0.00061
0.00063
0.00065
0.00068
0.0007
0.00072
0.00074
0.00074
0.00077
0.00077
0.0008
0.0008
0.00081
0.00081
0.00084
0.00084
0.00084
0.00084
0.00085
0.00085
0.00086
0.00086
0.00087
0.00085
0.00086
0.00085
0.00086
0.00085
0.00085
0.00084
0.00084
0.00083
0.00082
0.00081
0.0008
0.00079
0.00079
0.00077
0.00077
0.00074
0.00074
0.00072
0.00071
0.00069
0.00067
0.00065
0.00064
0.00061
0.00058
0.00056
0.00053
0.00051
0.00048
0.00044
0.00042
0.00037
0.00034
0.00029
0.00026
0.00021
0.00017
0.00011
7e-05
2e-05
-3e-05
-9e-05
-0.00015
-0.0002
-0.00024
-0.0003
-0.00034
-0.0004
-0.00044
-0.00049
-0.00053
-0.00058
-0.00061
-0.00066
-0.00068
-0.00071
-0.00074
-0.00077
-0.00079
-0.0008
-0.00081
-0.00082
-0.00082
-0.00085
-0.00084
-0.00084
-0.00083
-0.00084
-0.00083
-0.00083
-0.00081
-0.00081
-0.00081
-0.00081
-0.0008
-0.0008
-0.00079
-0.00079
-0.00078
-0.0008
-0.00079
-0.0008
-0.00079
-0.0008
-0.0008
-0.00082
-0.00081
-0.00082
-0.00083
-0.00084
-0.00085
-0.00085
-0.00085
-0.00085
-0.00084
-0.00085
-0.00083
-0.00083
-0.00081
-0.00081
-0.00079
-0.00078
-0.00075
-0.00073
-0.00071
-0.00068
-0.00066
-0.00062
-0.00058
-0.00055
-0.0005
-0.00048
-0.00044
-0.0004
-0.00035
-0.00032
-0.00027
-0.00025
-0.0002
-0.00016
-0.00012
-8e-05
-5e-05
-1e-05
3e-05
7e-05
0.00012
0.00014
0.00019
0.00021
0.00026
0.00029
0.00033
0.00035
0.00039
0.00042
0.00044
0.00047
0.00049
0.00052
0.00054
0.00056
0.00059
0.00059
0.00061
0.00061
0.00063
0.00062
0.00062
0.00061
0.00061
0.0006
0.00058
0.00056
0.00053
0.00051
0.00048
0.00045
0.00043
0.00038
0.00035
0.0003
0.00027
0.00021
0.00018
0.00012
0.0001
5e-05
0.0
-4e-05
-9e-05
-0.00012
-0.00016
-0.0002
-0.00023
-0.00028
-0.00031
-0.00035
-0.00037
-0.00041
-0.00044
-0.00049
-0.0005
-0.00054
-0.00058
-0.00062
-0.00066
-0.00069
-0.00072
-0.00076
-0.0008
-0.00085
-0.00089
-0.00094
-0.00098
-0.00104
-0.00108
-0.00114
-0.00118
-0.00125
-0.00131
-0.00136
-0.00143
-0.00148
-0.00154
-0.00159
-0.00164
-0.00171
-0.00176
-0.00181
-0.00185
-0.00191
-0.00195
-0.00201
-0.00204
-0.00208
-0.00212
-0.00215
-0.00219
-0.00222
-0.00224
-0.00226
-0.00227
-0.00231
-0.00231
-0.00233
-0.00233
-0.00235
-0.00235
-0.00237
-0.00236
-0.00237
-0.00237
-0.00237
-0.00238
-0.00238
-0.00237
-0.00237
-0.00237
-0.00238
-0.00237
-0.00237
-0.00236
-0.00237
-0.00236
-0.00237
-0.00236
-0.00236
-0.00236
-0.00237
-0.00237
-0.00236
-0.00235
-0.00235
-0.00234
-0.00235
-0.00232
-0.00232
-0.00229
-0.00229
-0.00227
-0.00227
-0.00224
-0.00222
-0.00221
-0.00218
-0.00216
-0.00213
-0.00209
-0.00205
-0.00201
-0.00199
-0.00194
-0.0019
-0.00184
-0.0018
-0.00174
-0.00171
-0.00164
-0.00159
-0.00154
-0.00148
-0.00142
-0.00135
-0.00128
-0.00122
-0.00114
-0.00109
-0.001
-0.00094
-0.00085
-0.00079
-0.00071
-0.00064
-0.00055
-0.00047
-0.0004
-0.00031
-0.00024
-0.00015
-6e-05
3e-05
0.00013
0.00021
0.00031
0.00039
0.0005
0.00058
0.00068
0.00076
0.00087
0.00096
0.00105
0.00115
0.00124
0.00133
0.00143
0.00152
0.00162
0.00171
0.00181
0.00189
0.002
0.00208
0.00218
0.00226
0.00236
0.00245
0.00253
0.00262
0.00271
0.00281
0.0029
0.00299
0.00309
0.00318
0.00328
0.00337
0.00347
0.00356
0.00367
0.00376
0.00387
0.00397
0.00407
0.00418
0.00428
0.0044
0.00452
0.00464
0.00476
0.00488
0.00501
0.00514
0.00528
0.00542
0.00557
0.00572
0.00589
0.00606
0.00623
0.00643
0.00662
0.00684
0.00707
0.0073
0.00756
0.00782
0.00812
0.00841
0.00874
0.00909
0.00945
0.00983
0.01025
0.01069
0.01115
0.01163
0.01215
0.0127
0.01327
0.01386
0.0145
0.01515
0.01585
0.01656
0.01732
0.01811
0.01891
0.01976
0.02064
0.02155
0.02248
0.02346
0.02446
0.0255
0.02656
0.02765
0.02878
0.02994
0.03113
0.03233
0.03358
0.03485
0.03615
0.03747
0.03884
0.04022
0.04163
0.04307
0.04453
0.04603
0.04755
0.04909
0.05066
0.05225
0.05387
0.0555
0.05717
0.05886
0.06056
0.06229
0.06405
0.06582
0.06761
0.06942
0.07126
0.07312
0.07499
0.07687
0.07878
0.0807
0.08265
0.08459
0.08657
0.08856
0.09055
0.09255
0.09458
0.09662
0.09866
0.10071
0.10278
0.10484
0.10693
0.109
0.11109
0.11318
0.11526
0.11735
0.11945
0.12154
0.12362
0.1257
0.12779
0.12986
0.13192
0.13397
0.13601
0.13804
0.14007
0.14206
0.14406
0.14604
0.14799
0.14992
0.15185
0.15376
0.15564
0.1575
0.15935
0.16118
0.16298
0.16476
0.16653
0.16827
0.16998
0.17167
0.17335
0.17501
0.17663
0.17823
0.17982
0.18139
0.18292
0.18444
0.18593
0.1874
0.18885
0.19027
0.19167
0.19304
0.19439
0.1957
0.19699
0.19826
0.1995
0.20071
0.20189
0.20305
0.20416
0.20526
0.20633
0.20736
0.20837
0.20934
0.21029
0.2112
0.21208
0.21292
0.21375
0.21455
0.2153
0.21602
0.21672
0.2174
0.21803
0.21865
0.21923
0.21979
0.22031
0.22081
0.22129
0.22173
0.22215
0.22254
0.2229
0.22324
0.22355
0.22384
0.2241
0.22434
0.22455
0.22474
0.22489
0.22502
0.22514
0.22521
0.22528
0.2253
0.22531
0.22528
0.22524
0.22517
0.22507
0.22495
0.2248
0.22463
0.22443
0.22422
0.22398
0.22371
0.22342
0.22312
0.22279
0.22243
0.22205
0.22166
0.22124
0.22081
0.22035
0.21988
0.21939
0.21889
0.21836
0.21783
0.21727
0.2167
0.21612
0.21552
0.21492
0.21428
0.21365
0.21299
0.21233
0.21165
0.21095
0.21026
0.20954
0.20883
0.2081
0.20737
0.20661
0.20585
0.20509
0.20431
0.20353
0.20274
0.20194
0.20113
0.20032
0.1995
0.19867
0.19785
0.19701
0.19618
0.19533
0.19449
0.19363
0.19277
0.19192
0.19105
0.19018
0.1893
0.18843
0.18754
0.18666
0.18577
0.18488
0.184
0.18309
0.1822
0.1813
0.18041
0.1795
0.1786
0.1777
0.1768
0.17589
0.17498
0.17408
0.17317
0.17227
0.17136
0.17046
0.16957
0.16867
0.16778
0.16689
0.16601
0.16512
0.16424
0.16336
0.16249
0.16162
0.16075
0.15988
0.15902
0.15816
0.1573
0.15644
0.1556
0.15474
0.15389
0.15304
0.1522
0.15135
0.1505
0.14965
0.1488
0.14795
0.1471
0.14624
0.14539
0.14453
0.14367
0.14281
0.14196
0.14109
0.14022
0.13936
0.13851
0.13764
0.13677
0.13591
0.13504
0.13418
0.13332
0.13246
0.13161
0.13075
0.1299
0.12905
0.12821
0.12736
0.12652
0.1257
0.12487
0.12404
0.12322
0.1224
0.12158
0.12077
0.11996
0.11915
0.11835
0.11754
0.11674
0.11593
0.11514
0.11433
0.11353
0.11274
0.11194
0.11113
0.11033
0.10953
0.10874
0.10794
0.10713
0.10634
0.10554
0.10474
0.10394
0.10315
0.10236
0.10157
0.10078
0.1
0.09922
0.09844
0.09766
0.0969
0.09614
0.09538
0.09462
0.09387
0.09314
0.09239
0.09165
0.09092
0.09021
0.08948
0.08876
0.08805
0.08733
0.08663
0.08592
0.08522
0.08452
0.08382
0.08312
0.08243
0.08174
0.08105
0.08036
0.07967
0.07899
0.07831
0.07763
0.07696
0.07628
0.07561
0.07495
0.07429
0.07364
0.07299
0.07235
0.07171
0.07109
0.07046
0.06984
0.06924
0.06864
0.06805
0.06747
0.0669
0.06633
0.06578
0.06523
0.06469
0.06415
0.06363
0.06312
0.0626
0.0621
0.0616
0.06111
0.06062
0.06014
0.05966
0.05918
0.05872
0.05825
0.05779
0.05733
0.05688
0.05643
0.05597
0.05553
0.05509
0.05466
0.05422
0.05379
0.05337
0.05295
0.05254
0.05212
0.05172
0.05131
0.05093
0.05054
0.05016
0.04979
0.04942
0.04906
0.04871
0.04837
0.04804
0.0477
0.04738
0.04707
0.04676
0.04645
0.04617
0.04587
0.04559
0.04531
0.04504
0.04477
0.0445
0.04424
0.04399
0.04374
0.04349
0.04324
0.043
0.04275
0.04252
0.04227
0.04204
0.0418
0.04158
0.04134
0.04112
0.04089
0.04066
0.04044
0.04022
0.04
0.03979
0.03957
0.03936
0.03916
0.03896
0.03875
0.03856
0.03835
0.03817
0.03797
0.03779
0.0376
0.03742
0.03725
0.03708
0.03691
0.03675
0.03658
0.03642
0.03626
0.03611
0.03595
0.0358
0.03564
0.0355
0.03535
0.03521
0.03506
0.03491
0.03478
0.03463
0.0345
0.03436
0.03421
0.03408
0.03394
0.0338
0.03365
0.03352
0.03337
0.03323
0.03308
0.03294
0.03279
0.03264
0.0325
0.03235
0.0322
0.03205
0.03188
0.03173
0.03157
0.03141
0.03124
0.03108
0.0309
0.03074
0.03056
0.03039
0.03021
0.03003
0.02986
0.02968
0.0295
0.02932
0.02913
0.02895
0.02877
0.02859
0.0284
0.02822
0.02803
0.02785
0.02767
0.02749
0.02731
0.02712
0.02695
0.02678
0.0266
0.02643
0.02625
0.02609
0.02591
0.02574
0.02556
0.0254
0.02522
0.02505
0.02487
0.0247
0.02453
0.02435
0.02417
0.024
0.02382
0.02364
0.02345
0.02327
0.02308
0.0229
0.02271
0.02252
0.02233
0.02214
0.02194
0.02175
0.02155
0.02136
0.02116
0.02097
0.02077
0.02058
0.02037
0.02019
0.01999
0.01979
0.01959
0.0194
0.0192
0.01902
0.01882
0.01863
0.01843
0.01824
0.01805
0.01786
0.01767
0.01749
0.01729
0.01711
0.01692
0.01674
0.01655
0.01637
0.01617
0.01601
0.01582
0.01564
0.01546
0.01528
0.01511
0.01495
0.01478
0.01461
0.01444
0.01429
0.01413
0.01398
0.01382
0.01367
0.01351
0.01338
0.01323
0.01309
0.01295
0.01281
0.01268
0.01254
0.01241
0.01229
0.01215
0.01203
0.01189
0.01178
0.01163
0.01152
0.01138
0.01126
0.01113
0.011
0.01087
0.01074
0.01061
0.01049
0.01036
0.01024
0.0101
0.00998
0.00986
0.00974
0.00961
0.0095
0.00936
0.00926
0.00914
0.00902
0.00891
0.00879
0.00869
0.00858
0.00848
0.00839
0.00827
0.00819
0.00809
0.00801
0.00791
0.00784
0.00775
0.00768
0.00761
0.00753
0.00746
0.0074
0.00734
0.00729
0.00724
0.0072
0.00714
0.00712
0.00708
0.00706
0.00702
0.007
0.00698
0.00698
0.00696
0.00695
0.00694
0.00694
0.00694
0.00694
0.00695
0.00696
0.00695
0.00697
0.00697
0.00698
0.00698
0.00699
0.00698
0.00699
0.00699
0.00698
0.00698
0.00697
0.00696
0.00695
0.00694
0.00693
0.0069
0.00689
0.00686
0.00685
0.00681
0.0068
0.00676
0.00675
0.00672
0.0067
0.00667
0.00665
0.00663
0.00662
0.00661
0.00659
0.00657
0.00657
0.00655
0.00655
0.00653
0.00653
0.00652
0.00653
0.00652
0.00651
0.00651
0.0065
0.0065
0.0065
0.00649
0.00649
0.00648
0.00648
0.00647
0.00647
0.00645
0.00644
0.00643
0.00643
0.00641
0.0064
0.00639
0.00637
0.00636
0.00636
0.00636
0.00636
0.00634
0.00635
0.00635
0.00636
0.00636
0.00639
0.00639
0.00642
0.00644
0.00646
0.00649
0.00652
0.00655
0.00659
0.00663
0.00668
0.00671
0.00677
0.00681
0.00686
0.0069
0.00697
0.007
0.00707
0.00711
0.00717
0.00721
0.00726
0.00731
0.00736
0.00741
0.00746
0.0075
0.00755
0.00759
0.00764
0.00768
0.00772
0.00776
0.00781
0.00784
0.00788
0.00792
0.00795
0.008
0.00804
0.00808
0.00813
0.00816
0.00821
0.00824
0.00829
0.00832
0.00837
0.00841
0.00846
0.0085
0.00854
0.00858
0.00862
0.00867
0.00872
0.00876
0.0088
0.00883
0.00888
0.00891
0.00895
0.00897
0.00901
0.00903
0.00906
0.00908
0.00909
0.0091
0.00911
0.00912
0.00913
0.00913
0.00913
0.00911
0.00911
0.00908
0.00907
0.00904
0.00901
0.00897
0.00895
0.0089
0.00885
0.00879
0.00874
0.00869
0.00863
0.00856
0.0085
0.00842
0.00836
0.00827
0.00821
0.00811
0.00804
0.00794
0.00786
0.00776
0.00767
0.00757
0.00747
0.00737
0.00728
0.00718
0.00708
0.00697
0.00687
0.00676
0.00666
0.00654
0.00645
0.00633
0.00624
0.00613
0.00602
0.00592
0.00581
0.00571
0.00561
0.00551
0.00542
0.00531
0.00522
0.00512
0.00504
0.00494
0.00486
0.00477
0.00469
0.0046
0.00452
0.00444
0.00436
0.00429
0.00422
0.00414
0.00408
0.004
0.00393
0.00386
0.00381
0.00373
0.00367
0.0036
0.00355
0.00349
0.00342
0.00336
0.0033
0.00324
0.00319
0.00314
0.00309
0.00303
0.00299
0.00294
0.0029
0.00284
0.00281
0.00276
0.00273
0.00269
0.00265
0.00262
0.00258
0.00255
0.00253
0.00251
0.00249
0.00245
0.00244
0.00241
0.0024
0.00237
0.00236
0.00234
0.00233
0.0023
0.00228
0.00225
0.00222
0.00221
0.00218
0.00215
0.00213
0.00208
0.00205
0.00201
0.00198
0.00193
0.00189
0.00184
0.00181
0.00175
0.0017
0.00164
0.00159
0.00154
0.00149
0.00143
0.00139
0.00132
0.00128
0.00122
0.00118
0.00112
0.00108
0.00103
0.00101
0.00095
0.00092
0.00088
0.00085
0.00083
0.0008
0.00078
0.00076
0.00074
0.00073
0.00071
0.00071
0.00069
0.00069
0.00066
0.00067
0.00066
0.00065
0.00064
0.00063
0.00062
0.00062
0.00061
0.0006
0.00057
0.00057
0.00054
0.00053
0.00051
0.00049
0.00046
0.00044
0.00041
0.00038
0.00035
0.00032
0.0003
0.00028
0.00025
0.00022
0.00019
0.00017
0.00014
0.00013
0.0001
9e-05
6e-05
6e-05
5e-05
3e-05
2e-05
1e-05
1e-05
1e-05
1e-05
1e-05
-1e-05
0.0
-1e-05
-1e-05
-3e-05
-3e-05
-5e-05
-5e-05
-7e-05
-9e-05
-0.00012
-0.00015
-0.00017
-0.0002
-0.00024
-0.00026
-0.00032
-0.00035
-0.0004
-0.00044
-0.0005
-0.00055
-0.00061
-0.00065
-0.00071
-0.00076
-0.00082
-0.00088
-0.00092
-0.00096
-0.00101
-0.00104
-0.0011
-0.00113
-0.00117
-0.00119
-0.00123
-0.00126
-0.00129
-0.0013
-0.00133
-0.00135
-0.00137
-0.0014
-0.00141
-0.00142
-0.00144
-0.00145
-0.00148
-0.00149
-0.00151
-0.00153
-0.00155
-0.00158
-0.00161
-0.00163
-0.00166
-0.00169
-0.00173
-0.00177
-0.00181
-0.00185
-0.00189
-0.00192
-0.00199
-0.00202
-0.00208
-0.00212
-0.00218
-0.00222
-0.00228
-0.00232
-0.00238
-0.00243
-0.00249
-0.00254
-0.00259
-0.00264
-0.00269
-0.00273
-0.00279
-0.00283
-0.00289
-0.00293
-0.00299
-0.00302
-0.00308
-0.00311
-0.00316
-0.0032
-0.00325
-0.00329
-0.00333
-0.00336
-0.00339
-0.00342
-0.00346
-0.00348
-0.00351
-0.00352
-0.00355
-0.00356
-0.00359
-0.00358
-0.00359
-0.00359
-0.0036
-0.00359
-0.00358
-0.00356
-0.00354
-0.00351
-0.0035
-0.00346
-0.00343
-0.00338
-0.00334
-0.00329
-0.00325
-0.00318
-0.00313
-0.00306
-0.003
-0.00293
-0.00286
-0.00277
-0.00269
-0.0026
-0.00252
-0.00242
-0.00234
-0.00223
-0.00214
-0.00204
-0.00194
-0.00182
-0.00172
-0.00161
-0.0015
-0.00139
-0.00127
-0.00115
-0.00103
-0.0009
-0.0008
-0.00067
-0.00056
-0.00043
-0.00032
-0.00019
-8e-05
5e-05
0.00016
0.00028
0.00038
0.00049
0.00061
0.00072
0.00083
0.00094
0.00104
0.00115
0.00125
0.00136
0.00145
0.00155
0.00163
0.00175
0.00184
0.00193
0.00202
0.0021
0.00219
0.00229
0.00237
0.00247
0.00254
0.00264
0.00271
0.00281
0.00288
0.00296
0.00303
0.00312
0.00319
0.00326
0.00332
0.00338
0.00345
0.00352
0.00358
0.00363
0.00367
0.00372
0.00376
0.00381
0.00382
0.00386
0.00387
0.0039
0.00391
0.00392
0.00392
0.00391
0.00391
0.0039
0.00388
0.00387
0.00384
0.00382
0.00378
0.00376
0.00371
0.00368
0.00362
0.00359
0.00352
0.00347
0.00341
0.00335
0.00329
0.00323
0.00317
0.00311
0.00303
0.00296
0.00288
0.00282
0.00273
0.00266
0.00257
0.0025
0.00241
0.00233
0.00224
0.00216
0.00207
0.00199
0.0019
0.00182
0.00173
0.00165
0.00156
0.00149
0.0014
0.00133
0.00124
0.00118
0.0011
0.00103
0.00097
0.0009
0.00085
0.0008
0.00075
0.00071
0.00066
0.00063
0.00059
0.00058
0.00054
0.00054
0.00052
0.00053
0.00052
0.00053
0.00054
0.00056
0.00058
0.00061
0.00064
0.00069
0.00071
0.00077
0.00081
0.00088
0.00093
0.001
0.00106
0.00114
0.0012
0.00128
0.00136
0.00144
0.00152
0.00162
0.00171
0.0018
0.00188
0.00199
0.00208
0.00218
0.00227
0.00237
0.00246
0.00258
0.00267
0.00277
0.00286
0.00295
0.00305
0.00315
0.00324
0.00335
0.00342
0.00352
0.0036
0.00369
0.00376
0.00385
0.00392
0.00401
0.00407
0.00415
0.00422
0.00428
0.00435
0.00442
0.00448
0.00456
0.0046
0.00468
0.00473
0.0048
0.00485
0.00492
0.00497
0.00504
0.00509
0.00515
0.00521
0.00526
0.00533
0.00539
0.00545
0.00551
0.00556
0.00563
0.00568
0.00575
0.00579
0.00585
0.0059
0.00597
0.00601
0.00606
0.00611
0.00615
0.0062
0.00624
0.00628
0.00633
0.00635
0.00639
0.00641
0.00645
0.00646
0.00649
0.0065
0.00653
0.00653
0.00654
0.00654
0.00654
0.00654
0.00654
0.00653
0.00652
0.00649
0.00648
0.00644
0.00643
0.00638
0.00635
0.00629
0.00625
0.00619
0.00613
0.00606
0.00599
0.00592
0.00584
0.00575
0.00567
0.00556
0.00547
0.00536
0.00526
0.00514
0.00503
0.00489
0.00479
0.00465
0.00452
0.00438
0.00425
0.00411
0.00398
0.00384
0.0037
0.00354
0.00341
0.00326
0.00312
0.00296
0.00282
0.00266
0.00253
0.00237
0.00222
0.00206
0.0019
0.00175
0.0016
0.00144
0.00129
0.00111
0.00096
0.00079
0.00064
0.00046
0.0003
0.00012
-3e-05
-0.00021
-0.00038
-0.00056
-0.00073
-0.0009
-0.00107
-0.00123
-0.0014
-0.00158
-0.00173
-0.0019
-0.00205
-0.00222
-0.00236
-0.00252
-0.00265
-0.00281
-0.00294
-0.00308
-0.00321
-0.00333
-0.00344
-0.00356
-0.00365
-0.00377
-0.00386
-0.00396
-0.00403
-0.00413
-0.0042
-0.00428
-0.00434
-0.00441
-0.00447
-0.00453
-0.00458
-0.00462
-0.00467
-0.00471
-0.00474
-0.00479
-0.00481
-0.00485
-0.00487
-0.0049
-0.00492
-0.00495
-0.00496
-0.00498
-0.00499
-0.00501
-0.00502
-0.00503
-0.00503
-0.00503
-0.00503
-0.00504
-0.00504
-0.00504
-0.00503
-0.00503
-0.00502
-0.00502
-0.00499
-0.00498
-0.00497
-0.00496
-0.00494
-0.00491
-0.00488
-0.00485
-0.00481
-0.00479
-0.00474
-0.00471
-0.00466
-0.00462
-0.00457
-0.00452
-0.00446
-0.00441
-0.00434
-0.00428
-0.00422
-0.00415
-0.00407
-0.004
-0.00391
-0.00384
-0.00375
-0.00368
-0.00358
-0.0035
-0.00341
-0.00332
-0.00322
-0.00313
-0.00304
-0.00294
-0.00285
-0.00274
-0.00264
-0.00254
-0.00244
-0.00235
-0.00223
-0.00214
-0.00203
-0.00193
-0.00182
-0.00172
-0.0016
-0.0015
-0.00139
-0.00128
-0.00118
-0.00106
-0.00094
-0.00083
-0.00071
-0.00061
-0.00048
-0.00037
-0.00024
-0.00013
-1e-05
0.0001
0.00024
0.00035
0.00047
0.00058
0.0007
0.00082
0.00094
0.00106
0.00118
0.00128
0.0014
0.0015
0.00163
0.00172
0.00183
0.00192
0.00203
0.00212
0.00221
0.0023
0.00238
0.00246
0.00254
0.00262
0.00269
0.00274
0.00281
0.00286
0.00293
0.00296
0.00302
0.00305
0.0031
0.00313
0.00315
0.00318
0.0032
0.00322
0.00324
0.00326
0.00328
0.00327
0.00329
0.00329
0.0033
0.00329
0.0033
0.00329
0.00331
0.0033
0.0033
0.00329
0.00329
0.0033
0.00331
0.00331
0.00332
0.00332
0.00333
0.00333
0.00336
0.00336
0.00338
0.00339
0.00342
0.00344
0.00346
0.00348
0.0035
0.00353
0.00356
0.00359
0.00362
0.00364
0.00367
0.00369
0.00373
0.00374
0.00377
0.00378
0.00382
0.00383
0.00385
0.00386
0.00387
0.00388
0.00389
0.0039
0.0039
0.00388
0.0039
0.00388
0.00388
0.00386
0.00386
0.00384
0.00384
0.00382
0.0038
0.00378
0.00376
0.00375
0.00374
0.00372
0.00372
0.00369
0.00369
0.00367
0.00368
0.00366
0.00367
0.00365
0.00367
0.00367
0.00367
0.00367
0.00368
0.00369
0.0037
0.00372
0.00373
0.00373
0.00376
0.00376
0.00378
0.00379
0.00381
0.00381
0.00383
0.00383
0.00383
0.00383
0.00383
0.00383
0.00384
0.00383
0.00384
0.00382
0.00382
0.0038
0.0038
0.00378
0.00377
0.00375
0.00376
0.00373
0.00372
0.0037
0.00369
0.00369
0.00368
0.00367
0.00368
0.00365
0.00367
0.00365
0.00367
0.00365
0.00367
0.00366
0.00368
0.00367
0.00368
0.00368
0.00368
0.00368
0.00368
0.00368
0.00369
0.00367
0.00367
0.00365
0.00364
0.00361
0.0036
0.00356
0.00354
0.0035
0.00346
0.00341
0.00336
0.00332
0.00327
0.00321
0.00315
0.00308
0.00301
0.00294
0.00287
0.00279
0.00272
0.00263
0.00257
0.00248
0.0024
0.00231
0.00223
0.00215
0.00207
0.00199
0.00192
0.00182
0.00176
0.00167
0.00161
0.00152
0.00145
0.00137
0.00131
0.00124
0.00117
0.00109
0.00103
0.00097
0.00092
0.00085
0.00081
0.00074
0.0007
0.00065
0.00061
0.00056
0.00053
0.00048
0.00047
0.00043
0.0004
0.00037
0.00035
0.00033
0.00032
0.0003
0.0003
0.00028
0.00028
0.00026
0.00026
0.00024
0.00024
0.00022
0.00023
0.00021
0.00021
0.00019
0.00017
0.00016
0.00015
0.00013
0.00012
8e-05
7e-05
3e-05
1e-05
-3e-05
-6e-05
-0.0001
-0.00012
-0.00017
-0.00021
-0.00025
-0.00029
-0.00032
-0.00036
-0.0004
-0.00043
-0.00048
-0.0005
-0.00054
-0.00056
-0.00059
-0.00061
-0.00064
-0.00065
-0.00068
-0.00069
-0.00071
-0.00072
-0.00073
-0.00073
-0.00073
-0.00073
-0.00075
-0.00073
-0.00074
-0.00072
-0.00073
-0.00072
-0.00072
-0.0007
-0.0007
-0.00069
-0.00068
-0.00068
-0.00066
-0.00064
-0.00063
-0.00062
-0.00062
-0.00059
-0.00058
-0.00056
-0.00056
-0.00053
-0.00053
-0.0005
-0.00049
-0.00047
-0.00046
-0.00045
-0.00043
-0.00041
-0.0004
-0.00039
-0.00039
-0.00038
-0.00038
-0.00037
-0.00039
-0.00039
-0.00041
-0.00041
-0.00044
-0.00046
-0.00049
-0.00053
-0.00057
-0.00061
-0.00066
-0.00071
-0.00078
-0.00083
-0.0009
-0.00096
-0.00105
-0.00112
-0.00121
-0.00128
-0.00137
-0.00145
-0.00154
-0.00163
-0.00172
-0.0018
-0.00189
-0.00197
-0.00206
-0.00214
-0.00223
-0.0023
-0.00238
-0.00246
-0.00254
-0.0026
-0.00268
-0.00274
-0.00281
-0.00288
-0.00293
-0.00299
-0.00305
-0.0031
-0.00317
-0.00321
-0.00327
-0.00331
-0.00337
-0.00341
-0.00346
-0.00348
-0.00354
-0.00357
-0.00361
-0.00365
-0.00368
-0.00371
-0.00373
-0.00375
-0.00379
-0.00379
-0.00382
-0.00382
-0.00384
-0.00384
-0.00386
-0.00384
-0.00385
-0.00384
-0.00384
-0.00384
-0.00383
-0.00381
-0.0038
-0.00378
-0.00378
-0.00375
-0.00375
-0.00373
-0.00373
-0.00371
-0.00371
-0.00369
-0.00369
-0.00368
-0.00368
-0.00368
-0.00368
-0.00367
-0.00367
-0.00366
-0.00368
-0.00368
-0.00369
-0.00368
-0.00369
-0.00369
-0.0037
-0.00368
-0.00369
-0.00368
-0.00368
-0.00367
-0.00366
-0.00364
-0.00363
-0.0036
-0.00359
-0.00356
-0.00354
-0.00351
-0.00349
-0.00346
-0.00344
-0.00339
-0.00337
-0.00335
-0.00333
-0.00331
-0.00328
-0.00325
-0.00324
-0.00322
-0.00322
-0.00319
-0.00319
-0.00318
-0.00319
-0.00318
-0.00319
-0.00318
-0.00319
-0.0032
-0.00322
-0.00323
-0.00323
-0.00324
-0.00324
-0.00324
-0.00325
-0.00325
-0.00325
-0.00323
-0.00324
-0.00322
-0.00321
-0.00318
-0.00315
-0.00313
-0.0031
-0.00306
-0.00302
-0.00297
-0.00292
-0.00286
-0.00282
-0.00276
-0.0027
-0.00264
-0.00259
-0.00252
-0.00247
-0.00239
-0.00234
-0.00228
-0.00222
-0.00217
-0.0021
-0.00204
-0.00199
-0.00192
-0.00189
-0.00182
-0.00177
-0.00171
-0.00167
-0.0016
-0.00156
-0.00149
-0.00144
-0.00137
-0.00132
-0.00126
-0.00119
-0.00112
-0.00104
-0.00096
-0.0009
-0.00081
-0.00073
-0.00063
-0.00056
-0.00045
-0.00038
-0.00026
-0.00018
-8e-05
1e-05
0.00011
0.00021
0.00031
0.0004
0.00051
0.00058
0.00069
0.00076
0.00086
0.00093
0.00102
0.00109
0.00118
0.00124
0.00131
0.00138
0.00145
0.00152
0.00159
0.00166
0.00173
0.00179
0.00187
0.00194
0.00203
0.0021
0.00219
0.00227
0.00238
0.00247
0.00258
0.00268
0.0028
0.00292
0.00305
0.00318
0.00333
0.00345
0.00361
0.00376
0.00392
0.00407
0.00424
0.00439
0.00457
0.00473
0.0049
0.00506
0.00523
0.00539
0.00556
0.00573
0.00589
0.00603
0.00619
0.00634
0.00649
0.00662
0.00676
0.00689
0.00703
0.00714
0.00726
0.00737
0.00748
0.00759
0.0077
0.0078
0.0079
0.00798
0.00808
0.00815
0.00824
0.00831
0.00838
0.00844
0.00851
0.00856
0.00862
0.00867
0.00871
0.00875
0.00879
0.00882
0.00885
0.00885
0.00887
0.00887
0.00888
0.00887
0.00887
0.00884
0.00883
0.00879
0.00876
0.00872
0.00868
0.00863
0.00858
0.00853
0.00847
0.00839
0.00833
0.00826
0.00819
0.0081
0.00803
0.00794
0.00786
0.00777
0.00768
0.00759
0.00749
0.0074
0.0073
0.0072
0.00711
0.00699
0.00689
0.00677
0.00667
0.00654
0.00643
0.00629
0.00618
0.00604
0.00591
0.00577
0.00562
0.00548
0.00534
0.0052
0.00505
0.00489
0.00474
0.00459
0.00444
0.00427
0.00412
0.00395
0.00381
0.00365
0.00349
0.00333
0.00318
0.00303
0.00289
0.00273
0.0026
0.00244
0.00231
0.00217
0.00204
0.00189
0.00177
0.00163
0.00152
0.00138
0.00126
0.00113
0.00101
0.00089
0.00077
0.00066
0.00055
0.00043
0.00033
0.00021
0.00011
0.0
-9e-05
-0.0002
-0.00028
-0.00038
-0.00047
-0.00056
-0.00064
-0.00071
-0.00077
-0.00084
-0.00089
-0.00095
-0.00099
-0.00104
-0.00107
-0.00111
-0.00112
-0.00114
-0.00114
-0.00115
-0.00114
-0.00114
-0.00113
-0.00111
-0.00108
-0.00104
-0.001
-0.00097
-0.00091
-0.00087
-0.0008
-0.00075
-0.00068
-0.00062
-0.00054
-0.00047
-0.00039
-0.00031
-0.00023
-0.00014
-5e-05
5e-05
0.00015
0.00022
0.00034
0.00043
0.00054
0.00063
0.00075
0.00085
0.00097
0.00107
0.00118
0.00129
0.00139
0.0015
0.00162
0.00172
0.00184
0.00193
0.00204
0.00213
0.00225
0.00233
0.00243
0.0025
0.0026
0.00268
0.00275
0.00282
0.00288
0.00294
0.003
0.00305
0.0031
0.00312
0.00317
0.00318
0.00321
0.00321
0.00323
0.00322
0.00323
0.00321
0.00319
0.00317
0.00313
0.0031
0.00307
0.00303
0.00299
0.00292
0.00288
0.00282
0.00277
0.00269
0.00263
0.00255
0.00249
0.00241
0.00234
0.00226
0.00217
0.0021
0.00202
0.00194
0.00186
0.00177
0.0017
0.00161
0.00153
0.00144
0.00136
0.00127
0.0012
0.00111
0.00103
0.00094
0.00086
0.00078
0.0007
0.00062
0.00055
0.00046
0.00039
0.0003
0.00024
0.00015
8e-05
-1e-05
-7e-05
-0.00015
-0.00022
-0.00029
-0.00036
-0.00043
-0.00049
-0.00056
-0.00062
-0.0007
-0.00075
-0.00081
-0.00086
-0.00093
-0.00098
-0.00104
-0.00108
-0.00113
-0.00117
-0.00122
-0.00127
-0.0013
-0.00134
-0.00137
-0.00139
-0.00144
-0.00145
-0.00148
-0.00149
-0.00153
-0.00153
-0.00156
-0.00155
-0.00157
-0.00158
-0.00159
-0.00159
-0.00158
-0.00158
-0.00157
-0.00155
-0.00155
-0.00152
-0.00151
-0.00147
-0.00145
-0.00142
-0.00139
-0.00134
-0.00131
-0.00126
-0.00122
-0.00117
-0.00111
-0.00104
-0.00098
-0.0009
-0.00085
-0.00076
-0.0007
-0.00061
-0.00053
-0.00044
-0.00036
-0.00026
-0.00017
-7e-05
2e-05
0.00012
0.00022
0.00033
0.00044
0.00055
0.00065
0.00076
0.00087
0.00099
0.00109
0.00121
0.00131
0.00143
0.00154
0.00164
0.00175
0.00186
0.00197
0.00208
0.00218
0.0023
0.00239
0.0025
0.00259
0.00269
0.00278
0.00288
0.00296
0.00306
0.00314
0.00322
0.0033
0.00337
0.00346
0.00354
0.00361
0.00369
0.00374
0.00382
0.00388
0.00395
0.00401
0.00407
0.00413
0.0042
0.00425
0.00431
0.00436
0.00441
0.00447
0.00452
0.00457
0.00463
0.00466
0.00472
0.00475
0.0048
0.00483
0.00487
0.00489
0.00493
0.00495
0.00497
0.00498
0.00498
0.005
0.005
0.00499
0.00498
0.00496
0.00494
0.00491
0.00489
0.00485
0.00482
0.00476
0.00472
0.00466
0.00461
0.00455
0.00448
0.00442
0.00436
0.00429
0.00423
0.00415
0.00409
0.00401
0.00396
0.00388
0.00382
0.00375
0.0037
0.00364
0.00358
0.00352
0.00347
0.00342
0.00338
0.00334
0.00331
0.00326
0.00323
0.00319
0.00317
0.00313
0.00311
0.00307
0.00306
0.00303
0.00301
0.00299
0.00297
0.00295
0.00294
0.00292
0.00292
0.00289
0.00289
0.00287
0.00287
0.00286
0.00286
0.00284
0.00285
0.00284
0.00283
0.00283
0.00283
0.00284
0.00285
0.00286
0.00287
0.00287
0.0029
0.00291
0.00294
0.00296
0.00299
0.00301
0.00305
0.00309
0.00312
0.00316
0.00321
0.00326
0.00331
0.00337
0.00344
0.00349
0.00356
0.00362
0.0037
0.00377
0.00386
0.00393
0.00403
0.00411
0.0042
0.00429
0.00438
0.00448
0.00457
0.00468
0.00478
0.00486
0.00497
0.00505
0.00516
0.00524
0.00533
0.00541
0.00551
0.00558
0.00565
0.00572
0.00578
0.00584
0.0059
0.00595
0.006
0.00602
0.00606
0.00608
0.00611
0.00612
0.00613
0.00613
0.00614
0.00613
0.00612
0.0061
0.00608
0.00607
0.00604
0.00602
0.00599
0.00595
0.00593
0.00588
0.00585
0.00581
0.00578
0.00573
0.0057
0.00565
0.0056
0.00556
0.00551
0.00547
0.00542
0.00538
0.00533
0.00527
0.00523
0.00517
0.00513
0.00507
0.00502
0.00495
0.00491
0.00484
0.00479
0.00472
0.00466
0.0046
0.00454
0.00448
0.00442
0.00434
0.00429
0.00423
0.00417
0.0041
0.00405
0.00398
0.00393
0.00387
0.00381
0.00376
0.0037
0.00365
0.0036
0.00356
0.00352
0.00346
0.00342
0.00338
0.00335
0.00329
0.00327
0.00322
0.00319
0.00315
0.00312
0.00307
0.00303
0.003
0.00297
0.00293
0.0029
0.00285
0.00282
0.00277
0.00274
0.00269
0.00266
0.0026
0.00258
0.00253
0.00249
0.00244
0.00239
0.00235
0.00231
0.00227
0.00223
0.00217
0.00214
0.00209
0.00207
0.00202
0.00199
0.00194
0.00191
0.00187
0.00184
0.00181
0.00177
0.00175
0.00172
0.0017
0.00168
0.00164
0.00163
0.0016
0.00159
0.00156
0.00154
0.00152
0.00151
0.00148
0.00146
0.00144
0.00141
0.0014
0.00138
0.00136
0.00134
0.00131
0.00129
0.00126
0.00125
0.00121
0.00119
0.00115
0.00113
0.00109
0.00107
0.00103
0.00099
0.00096
0.00093
0.00089
0.00086
0.00081
0.00079
0.00074
0.00071
0.00066
0.00063
0.00058
0.00055
0.0005
0.00046
0.00041
0.00036
0.00032
0.00028
0.00024
0.0002
0.00014
0.0001
5e-05
1e-05
-6e-05
-9e-05
-0.00016
-0.0002
-0.00025
-0.00031
-0.00036
-0.00042
-0.00047
-0.00052
-0.00058
-0.00062
-0.0007
-0.00074
-0.0008
-0.00085
-0.00091
-0.00096
-0.00103
-0.00107
-0.00112
-0.00118
-0.00123
-0.00128
-0.00133
-0.00137
-0.00142
-0.00146
-0.00152
-0.00155
-0.0016
-0.00163
-0.00167
-0.0017
-0.00174
-0.00176
-0.0018
-0.00182
-0.00185
-0.00188
-0.0019
-0.00191
-0.00192
-0.00193
-0.00196
-0.00196
-0.00197
-0.00196
-0.00198
-0.00197
-0.00198
-0.00195
-0.00195
-0.00194
-0.00193
-0.00192
-0.00189
-0.00187
-0.00184
-0.0018
-0.00178
-0.00174
-0.00171
-0.00165
-0.00162
-0.00156
-0.00151
-0.00144
-0.00139
-0.00132
-0.00126
-0.00119
-0.00112
-0.00104
-0.00096
-0.00087
-0.0008
-0.0007
-0.00062
-0.00051
-0.00043
-0.00032
-0.00024
-0.00012
-3e-05
7e-05
0.00017
0.00027
0.00038
0.00048
0.00058
0.0007
0.00078
0.00089
0.00099
0.0011
0.00118
0.00129
0.00138
0.00149
0.00157
0.00167
0.00175
0.00184
0.00193
0.00202
0.0021
0.00219
0.00226
0.00234
0.00241
0.00249
0.00255
0.00263
0.00268
0.00276
0.00281
0.00287
0.00292
0.00296
0.00302
0.00306
0.00311
0.00316
0.00318
0.00323
0.00325
0.00329
0.00331
0.00335
0.00336
0.0034
0.00341
0.00343
0.00344
0.00346
0.00348
0.0035
0.00351
0.00354
0.00354
0.00356
0.00358
0.0036
0.00361
0.00364
0.00364
0.00367
0.00368
0.0037
0.00372
0.00373
0.00375
0.00377
0.00378
0.0038
0.0038
0.00382
0.00382
0.00384
